/*--------------------------------*- C++ -*----------------------------------*\
| =========                 |                                                 |
| \\      /  F ield         | OpenFOAM: The Open Source CFD Toolbox           |
|  \\    /   O peration     | Version:  2406                                  |
|   \\  /    A nd           | Website:  www.openfoam.com                      |
|    \\/     M anipulation  |                                                 |
\*---------------------------------------------------------------------------*/
FoamFile
{
    version     2.0;
    format      ascii;
    arch        "LSB;label=32;scalar=64";
    class       surfaceScalarField;
    location    "0.7";
    object      phi;
}
// * * * * * * * * * * * * * * * * * * * * * * * * * * * * * * * * * * * * * //

dimensions      [0 3 -1 0 0 0 0];

oriented        oriented;

internalField   nonuniform List<scalar> 
4640
(
3.71736e-05
-4.55953e-05
0.000105587
-9.71655e-05
3.33127e-05
0.000109028
-0.000105167
2.92548e-05
0.000116796
-0.000112738
2.34553e-05
0.00011782
-0.00011202
1.6458e-05
0.000118694
-0.000111696
2.01483e-06
6.20984e-06
0.000119797
-0.000111564
8.50311e-08
5.9021e-05
-5.70912e-05
5.17487e-05
-5.91253e-07
4.18296e-07
-5.15757e-05
-2.18199e-06
6.5658e-07
5.32741e-05
5.85534e-05
-5.90597e-05
-4.57665e-06
6.09481e-05
6.06542e-05
1.85223e-07
9.23827e-06
-9.0052e-06
4.95087e-06
-4.76565e-06
2.70689e-07
9.62416e-06
5.22156e-06
1.8515e-05
-5.66479e-06
1.92268e-05
1.91235e-05
-5.12005e-05
2.96457e-05
1.90087e-05
2.11373e-05
-5.12768e-05
3.88677e-05
2.33378e-05
2.6158e-05
-5.87179e-05
4.33924e-05
3.27921e-05
3.18506e-05
-6.91673e-05
4.55953e-05
4.07234e-05
-7.99768e-05
3.70504e-05
-2.06822e-05
1.9211e-05
7.73237e-05
-7.58525e-05
-2.07379e-05
6.82965e-05
-6.82408e-05
-1.45715e-05
2.69641e-05
2.76679e-05
-6.07984e-05
-5.75027e-06
2.34899e-05
2.0869e-05
-5.31801e-05
2.00803e-05
1.9553e-05
-5.10483e-05
1.10186e-06
-1.25972e-06
4.58503e-05
-4.56925e-05
1.02565e-06
-8.14869e-07
4.52405e-05
-4.54512e-05
8.9193e-05
2.05762e-06
5.19366e-06
-8.66054e-05
-9.83883e-06
1.4121e-06
-4.70164e-05
-1.65839e-06
4.72627e-05
-4.63506e-05
1.67878e-06
-1.97057e-06
4.66424e-05
-1.22545e-05
9.03383e-05
3.39274e-06
7.71645e-06
-1.83045e-05
9.2702e-05
-8.6652e-05
8.40442e-05
-8.31378e-05
1.60326e-06
-4.89199e-05
-2.4307e-06
4.97473e-05
-4.85789e-05
2.79429e-06
-3.14273e-06
4.89273e-05
-2.07436e-05
9.57611e-05
5.59016e-06
9.73065e-06
-2.36253e-05
9.55836e-05
-2.96836e-05
9.01026e-05
-3.14027e-05
7.90428e-05
-1.55888e-05
3.27391e-05
-1.70383e-05
3.67818e-05
-1.51532e-05
2.65286e-05
1.25625e-05
-1.05384e-05
2.14658e-05
6.93109e-06
-2.22131e-06
1.53705e-05
-2.3272e-06
7.92389e-06
1.36301e-05
-1.11475e-05
1.58204e-05
1.43358e-05
-1.92903e-05
2.13748e-05
2.12534e-05
-2.34497e-05
2.38845e-05
3.23573e-05
-2.29187e-05
2.65255e-05
4.19885e-05
9.58084e-05
-2.71764e-05
-2.37706e-05
-9.04567e-05
1.88751e-06
-5.14208e-05
-2.7662e-06
5.22995e-05
-5.15607e-05
2.73986e-06
-2.4938e-06
5.13146e-05
-2.28418e-05
0.000104368
4.70734e-06
9.5271e-06
-3.08377e-05
0.00010358
-3.309e-05
9.23548e-05
-2.24787e-05
4.19357e-05
-1.95003e-05
4.59961e-05
-2.41482e-05
3.44086e-05
-2.17601e-05
2.51392e-05
-2.70605e-05
2.36814e-05
1.91864e-05
-2.43713e-05
2.35709e-05
-1.8386e-05
1.41252e-05
-6.58076e-06
-1.045e-05
2.90557e-06
-1.55131e-07
6.61796e-06
-9.65818e-06
3.19535e-06
-1.34496e-05
1.86453e-05
-7.34066e-06
2.14495e-06
-2.82387e-05
4.20092e-05
-1.68474e-05
3.07684e-06
-2.93917e-05
3.21472e-05
2.94613e-05
-3.22168e-05
-3.27133e-05
-4.30178e-05
3.2968e-05
4.27631e-05
5.04945e-05
5.63295e-05
-3.18898e-05
-3.05702e-05
5.14444e-05
4.36039e-05
0.000112478
3.18482e-05
0.000120784
2.3093e-05
0.000125551
1.41464e-05
0.000126766
1.05616e-05
0.000122278
1.97778e-06
0.000122812
5.56858e-06
1.10185e-06
6.15301e-05
5.40827e-05
-1.26975e-06
4.61152e-07
2.45673e-06
-5.40444e-05
-3.93355e-06
5.55212e-05
-5.40029e-05
4.92352e-06
-5.62296e-06
5.47024e-05
-2.65079e-05
0.000111296
8.61571e-06
1.09644e-05
-3.16897e-05
0.000108761
-2.51447e-05
5.50454e-05
-2.19807e-05
5.27451e-05
-2.84255e-05
4.52164e-05
-2.90879e-05
3.7106e-05
-3.52033e-05
2.71852e-05
-4.28435e-05
4.0884e-05
1.95953e-06
-5.53031e-05
3.81766e-05
6.17812e-05
-4.46547e-05
-3.53865e-05
3.64293e-05
5.52867e-05
4.90898e-05
6.21087e-05
-3.32719e-05
-3.13991e-05
6.59503e-05
3.82501e-05
0.000131623
3.2484e-05
0.000131318
2.54323e-05
0.000133818
1.72645e-05
0.000130446
3.34513e-06
0.000130775
5.95639e-06
-6.25297e-05
2.0692e-06
6.38056e-05
-5.57607e-05
5.69532e-05
-1.71836e-06
5.25794e-07
2.12314e-06
-5.75274e-05
-3.49708e-06
5.89014e-05
-5.76455e-05
4.75443e-06
-5.64382e-06
5.85349e-05
-2.10592e-05
0.000115255
7.97921e-06
9.1212e-06
-1.9196e-05
6.38538e-05
-2.16041e-05
6.46484e-05
-2.27636e-05
5.86129e-05
-3.54752e-05
5.44341e-05
-4.83591e-05
2.94002e-05
-5.19307e-05
5.07815e-05
1.14921e-06
-6.52756e-05
4.60807e-05
7.80886e-05
-5.88937e-05
-3.85596e-05
2.93762e-05
7.12921e-05
3.59012e-05
7.49925e-05
-2.49597e-05
-3.02263e-05
7.59155e-05
2.57144e-05
0.000141504
1.81368e-05
0.000141395
1.23622e-05
0.000136221
3.76657e-06
0.000134417
4.95324e-06
-6.54765e-05
2.37854e-06
6.68645e-05
-5.84666e-05
5.96246e-05
-1.59021e-06
4.32234e-07
2.06675e-06
-6.05876e-05
-3.74856e-06
6.22694e-05
-6.10181e-05
5.25e-06
-6.5617e-06
6.23298e-05
-1.35464e-05
0.000123372
9.8628e-06
8.31568e-06
-1.27491e-05
-1.59888e-05
6.62963e-05
-6.20748e-05
1.77168e-05
-2.37412e-05
6.80992e-05
-8.59724e-05
5.70399e-05
2.82385e-05
6.93927e-07
-3.55711e-05
-7.46535e-05
2.98765e-05
8.03481e-05
-2.30973e-05
2.11023e-05
7.69874e-05
2.87533e-05
0.000149447
-2.00846e-05
-1.66111e-05
2.19578e-05
0.000148191
1.40539e-05
0.000144125
3.08137e-06
0.000141355
4.03465e-06
-6.82712e-05
1.73571e-06
6.96169e-05
-6.09177e-05
6.18276e-05
-1.15173e-06
2.41787e-07
1.55783e-06
-6.37391e-05
-3.04826e-06
6.52295e-05
-6.43002e-05
4.58498e-06
-6.32193e-06
6.60371e-05
-8.74091e-06
0.000126924
8.87473e-06
4.73245e-06
-8.41811e-06
-6.77542e-05
-1.16028e-05
7.06161e-05
-1.71445e-05
7.65216e-05
-7.34441e-05
1.40669e-05
2.16069e-05
9.61985e-05
-0.000116517
-1.28841e-06
-1.81753e-05
-8.29603e-05
1.5695e-05
8.54406e-05
1.51334e-05
0.000156775
-1.25733e-05
-9.88839e-06
1.1625e-05
0.000151699
9.03028e-06
0.000146719
2.83539e-06
0.000144451
3.09967e-06
-7.07262e-05
1.62906e-06
7.19326e-05
-6.29962e-05
6.38569e-05
-9.4273e-07
8.20179e-08
1.0292e-06
-6.64096e-05
-2.24736e-06
6.76277e-05
-6.71054e-05
3.50784e-06
-5.27384e-06
6.88714e-05
-5.35383e-06
0.000128722
8.23689e-06
2.49695e-06
-7.17806e-06
-7.1216e-05
-6.80927e-06
7.26714e-05
-7.66846e-05
-4.13705e-06
7.38648e-05
6.95682e-06
-8.44808e-05
4.41459e-06
8.28426e-05
-2.77638e-06
-7.16314e-06
-8.66758e-05
8.83913e-06
8.49998e-05
1.61335e-05
0.000155907
-7.70626e-06
-7.55894e-06
1.31395e-05
0.000154693
7.79746e-06
0.000152061
2.06729e-06
0.000148903
1.27767e-06
-7.29129e-05
1.25557e-06
7.37247e-05
-6.47572e-05
6.54647e-05
-5.67744e-07
-1.39769e-07
3.16237e-07
-6.83539e-05
-1.36453e-06
6.94021e-05
-6.9566e-05
2.26841e-06
-3.40387e-06
7.07015e-05
-3.76072e-06
0.000133124
5.868e-06
3.25666e-07
-6.83499e-06
-7.09136e-05
-5.57722e-06
7.27301e-05
-7.35677e-05
-6.63404e-06
7.40868e-05
6.11499e-06
-7.92263e-05
5.84401e-06
7.84779e-05
-5.09565e-06
-5.76776e-06
-8.52927e-05
5.62164e-06
8.54388e-05
7.76483e-06
0.00015928
-4.74599e-06
-6.39224e-06
4.64559e-06
0.000157813
3.8533e-06
0.000152854
1.54962e-06
0.000150958
2.48718e-07
-7.4253e-05
7.11367e-07
7.50912e-05
-6.59368e-05
6.63181e-05
7.7173e-08
-4.58523e-07
-5.31204e-07
-6.98306e-05
4.60041e-08
7.03158e-05
-7.10027e-05
3.17026e-07
-1.03926e-06
7.17249e-05
-2.01531e-06
0.00013861
2.71973e-06
-2.70342e-06
-3.48665e-06
-7.32638e-05
-4.77449e-06
7.6023e-05
-7.57275e-05
-9.39424e-06
7.76324e-05
7.48926e-06
-7.61622e-05
9.43464e-06
7.59958e-05
-9.26826e-06
-7.04264e-06
-8.70896e-05
5.07412e-06
8.90581e-05
2.5584e-06
0.000162965
-3.03438e-06
-3.20945e-06
-7.2427e-07
0.000161095
-2.05112e-06
0.000154181
-2.71653e-07
0.000150578
-1.39938e-06
-7.56483e-05
-2.24691e-07
7.56014e-05
-6.64482e-05
6.65208e-05
6.65052e-07
-7.37643e-07
-1.27857e-06
-7.04379e-05
1.1115e-06
7.0605e-05
-7.10939e-05
-7.76959e-07
-2.11058e-07
7.20819e-05
6.6708e-08
0.000140103
1.04674e-06
-4.04185e-06
1.43479e-06
-7.65175e-05
-5.94751e-07
7.71789e-05
-8.05593e-05
6.36489e-07
2.20736e-07
7.97021e-05
-7.97626e-05
7.77223e-08
8.70256e-05
-7.34076e-06
-9.12472e-05
2.89394e-07
-6.50183e-08
9.10228e-05
-2.53535e-06
0.000162143
5.36616e-07
2.8216e-06
-3.55374e-06
0.000162114
-3.64518e-06
0.000154272
-9.10252e-07
0.0001506
-2.75676e-06
-7.54438e-05
-1.17065e-06
7.57042e-05
-6.63577e-05
6.60089e-05
1.45355e-06
-1.10478e-06
-1.81538e-06
-7.04885e-05
2.08275e-06
7.02211e-05
-7.10938e-05
-2.31986e-06
2.12408e-06
7.12896e-05
6.23596e-06
0.000141105
-2.14839e-06
-5.08963e-06
7.72417e-06
0.00014354
-7.84352e-05
-7.58569e-05
9.2641e-06
-7.48002e-05
1.0997e-05
7.15274e-05
-2.38965e-05
3.12689e-05
-1.1669e-05
4.29656e-06
1.31927e-05
-7.39085e-05
-1.25171e-05
7.3233e-05
-8.95444e-05
8.81711e-06
-6.57776e-06
8.7305e-05
-9.54437e-06
0.00015934
5.59704e-06
6.74983e-06
-8.99756e-06
0.000161567
-7.11139e-06
0.000152386
-1.94893e-06
0.000149501
-4.06392e-06
-7.52401e-05
-2.11334e-06
7.54045e-05
-6.54187e-05
6.44251e-05
2.21489e-06
-1.22128e-06
-2.07794e-06
-6.98103e-05
2.61578e-06
6.92725e-05
-7.02923e-05
-3.07711e-06
3.38226e-06
6.99871e-05
1.12529e-05
0.000138894
-3.70533e-06
-5.33672e-06
6.8138e-06
0.000140239
7.73994e-06
-7.10923e-05
8.03425e-06
6.98719e-05
-2.02514e-05
-8.48957e-06
8.32325e-06
2.04178e-05
9.47532e-06
-1.23738e-05
2.89851e-06
-1.31431e-05
9.05948e-06
-5.92162e-06
1.00053e-05
-7.3895e-05
1.29774e-05
-1.41381e-05
7.50557e-05
-1.66649e-05
0.000157862
-8.25283e-05
-8.54177e-05
1.27791e-05
1.39704e-05
-1.53467e-05
0.000158022
-1.06646e-05
0.000156885
-8.10433e-06
0.000149826
-2.5296e-06
0.00014837
-4.44389e-06
-7.46518e-05
-2.60297e-06
7.47252e-05
-6.34971e-05
6.21599e-05
2.64916e-06
-1.31198e-06
-2.15205e-06
-6.86646e-05
2.65424e-06
6.81624e-05
-6.91274e-05
-3.07308e-06
3.38011e-06
6.88204e-05
1.17231e-05
0.000134227
-3.61551e-06
-3.44022e-06
1.03192e-05
0.000141643
7.44339e-06
0.000121038
-5.64243e-05
-6.86516e-05
6.91394e-06
-2.37294e-05
3.18647e-06
2.79863e-05
-5.66031e-06
-4.18948e-06
7.24554e-06
2.60425e-06
9.87867e-06
2.46029e-06
-1.315e-05
8.11012e-07
3.70132e-06
-3.35698e-06
-3.4434e-07
1.58515e-07
-2.9853e-06
2.06076e-06
7.66024e-07
-1.5601e-05
5.00211e-07
-5.82351e-06
2.09243e-05
-2.47039e-05
0.000152212
-8.02539e-05
-7.56072e-05
1.31989e-05
1.51535e-05
-2.21533e-05
0.000155311
-1.99138e-05
0.000155782
-1.32667e-05
0.000150238
-1.07732e-05
0.000147332
-3.1573e-06
0.000145994
-5.24005e-06
-7.39009e-05
-3.10163e-06
7.38452e-05
-6.11097e-05
5.94768e-05
3.1739e-06
-1.54106e-06
-1.94381e-06
-6.78598e-05
2.09706e-06
6.77065e-05
-6.85865e-05
-2.42973e-06
2.99894e-06
6.80173e-05
1.02426e-05
0.000131811
-3.51117e-06
-4.31559e-06
1.23233e-05
0.000139562
1.03935e-05
0.000122968
7.2279e-06
3.29734e-05
-7.49437e-06
-2.81267e-05
5.81331e-06
-6.5598e-07
6.69122e-06
1.19266e-06
-7.05428e-07
-7.66187e-06
8.00377e-06
3.63522e-07
-2.00006e-06
-1.14737e-05
1.31899e-05
2.83791e-07
-1.08371e-05
-1.57501e-05
2.2266e-05
4.32119e-06
-2.26922e-05
2.10706e-05
1.41758e-06
2.04057e-07
-2.28894e-05
2.63654e-05
-2.43142e-06
-1.04458e-06
4.18756e-07
-1.80406e-05
1.63782e-05
1.2437e-06
-1.85552e-06
-1.3081e-05
9.32501e-06
5.61153e-06
-3.35842e-06
-5.22947e-06
2.80263e-06
5.78526e-06
-2.78613e-05
0.000112712
-6.08353e-05
-3.04094e-05
2.32269e-06
4.07105e-06
-2.62357e-05
0.000150587
-2.4029e-05
0.000153104
-2.17005e-05
0.000153454
-1.68774e-05
0.000145415
-1.28612e-05
0.000143316
-3.6627e-06
0.000142904
-6.10771e-06
-7.28876e-05
-3.54322e-06
7.27681e-05
-5.80087e-05
5.60168e-05
3.38787e-06
-1.39599e-06
-1.95527e-06
-6.71543e-05
2.30501e-06
6.68045e-05
-6.74861e-05
-2.51867e-06
2.71341e-06
6.72914e-05
8.59509e-06
-2.98237e-06
-3.59258e-06
0.000129791
1.07674e-05
0.00013739
9.50102e-06
0.000124234
1.28134e-05
2.9661e-05
1.36915e-05
-4.97876e-07
1.1231e-06
-1.50327e-06
1.02186e-05
-1.19255e-05
4.20664e-06
9.86966e-07
1.02047e-05
1.42603e-06
1.14186e-05
-2.62604e-06
-1.26573e-06
-1.48429e-05
1.75591e-05
-1.45041e-06
2.03213e-05
-5.63321e-06
1.87277e-06
-1.26369e-07
-1.89302e-05
-1.75237e-05
2.00194e-05
9.84806e-07
1.86789e-05
6.57591e-07
-3.72589e-06
-1.68463e-05
1.47571e-05
5.81509e-06
7.70493e-06
3.4152e-05
-1.01405e-05
-8.86662e-06
-1.20496e-05
-1.08003e-05
-1.79189e-05
5.70133e-05
-2.078e-05
-1.06096e-05
-3.23407e-05
0.000127134
-2.86222e-05
0.000146868
-2.63197e-05
0.000150802
-2.19212e-05
0.000149055
-1.79706e-05
0.000141464
-1.44278e-05
0.000139773
-4.43813e-06
0.000139353
-6.43901e-06
-7.14208e-05
-4.04972e-06
7.10324e-05
-5.41994e-05
5.18378e-05
3.58388e-06
-1.2223e-06
1.28488e-05
2.56119e-05
-8.79981e-06
1.34023e-05
-1.05139e-06
1.84738e-05
-1.6997e-05
2.57186e-05
-2.10938e-05
8.99609e-06
4.85291e-06
3.19448e-05
-1.65909e-05
6.87503e-06
3.48973e-06
3.26734e-05
-6.36187e-06
2.72573e-05
1.09346e-05
-3.32505e-06
-2.19343e-06
1.85884e-05
3.09694e-05
-1.30784e-05
-9.2221e-06
2.29878e-06
5.04416e-05
-2.47304e-05
8.40425e-05
-3.29409e-05
0.000135345
-3.15208e-05
0.000145448
-2.63232e-05
0.000145604
-1.94284e-05
0.00014216
-1.74526e-05
0.000139488
-1.42617e-05
0.000136582
-4.60826e-06
0.00013586
-6.16014e-06
-6.96045e-05
-4.06398e-06
6.90602e-05
-4.96478e-05
4.71846e-05
3.3684e-06
-9.05128e-07
9.50378e-06
-6.47084e-06
2.2579e-05
9.27461e-06
-8.22222e-07
1.41315e-05
-2.18539e-05
1.79773e-05
-2.49396e-05
2.10211e-05
-1.96346e-05
2.1607e-05
-6.94785e-06
1.6677e-05
1.58646e-05
5.42984e-06
4.22166e-05
-1.35742e-05
6.94457e-05
-3.63646e-05
0.000106833
-3.78724e-05
0.000136853
-3.38056e-05
0.000141381
-2.67644e-05
0.000138563
-2.09607e-05
0.000136357
-1.69086e-05
0.000135436
-1.37322e-05
0.000133406
-4.31378e-06
-5.85107e-06
0.000132292
-6.77054e-05
-3.74557e-06
6.71372e-05
-4.50089e-05
4.26547e-05
2.91746e-06
-5.63239e-07
3.95286e-05
4.5832e-07
-3.8885e-05
4.03302e-05
-1.39944e-06
5.97753e-07
4.10944e-05
6.47982e-07
4.26026e-05
-2.19642e-06
6.88177e-07
4.35948e-05
6.11083e-07
4.50627e-05
-2.27415e-06
8.0629e-07
4.62876e-05
6.62539e-07
4.77496e-05
-2.17933e-06
7.17389e-07
2.12302e-05
-2.38039e-05
3.86114e-05
-2.07463e-05
3.36509e-06
2.09071e-05
-1.26127e-05
2.36653e-06
2.82465e-06
-9.60627e-06
2.87039e-06
-1.05557e-05
3.72409e-06
-1.28067e-05
3.21329e-06
3.51934e-05
-2.25759e-05
3.30702e-05
2.12313e-06
3.26921e-05
-3.32583e-05
-5.88511e-05
5.82268e-05
3.33164e-05
3.6805e-06
-2.23716e-06
5.5919e-07
4.94198e-05
7.86501e-07
5.10514e-05
-2.22663e-06
5.95045e-07
4.87232e-05
-3.69271e-05
4.30774e-05
5.64577e-06
2.82527e-05
2.92374e-06
4.85299e-05
-4.57398e-05
-5.75219e-05
6.68918e-05
3.91599e-05
4.25927e-06
-1.89674e-06
3.8339e-07
5.24407e-05
7.33841e-07
5.40434e-05
-2.15502e-06
5.52307e-07
6.31915e-05
-4.78851e-05
5.99195e-05
3.27201e-06
2.83812e-05
1.61627e-06
6.62768e-05
-5.87556e-05
-7.52752e-05
0.000104632
3.69198e-05
2.81343e-06
-1.55838e-06
2.65285e-07
5.55692e-05
5.40971e-07
5.70257e-05
-1.85235e-06
3.95776e-07
5.51641e-05
1.87581e-06
6.85024e-05
5.58694e-07
6.6468e-05
2.03435e-06
-1.28855e-06
1.19971e-07
5.83027e-05
2.80848e-07
5.94577e-05
-1.25705e-06
1.02107e-07
8.02902e-05
-9.85242e-05
1.08956e-06
9.71913e-06
7.33587e-05
-2.78769e-06
9.55613e-06
8.99097e-05
-8.64781e-05
-1.14822e-05
8.95356e-05
1.18564e-05
2.35435e-07
-8.89223e-07
-1.10715e-08
6.04378e-05
4.90389e-08
6.11279e-05
-4.95078e-07
-1.95039e-07
6.9201e-05
2.06174e-08
4.23603e-06
6.81916e-05
-3.22654e-06
4.53317e-06
8.6787e-05
-5.64995e-06
8.56215e-05
6.81545e-06
-2.03362e-06
-1.66699e-07
-3.05361e-07
6.1817e-05
-3.72808e-07
6.21641e-05
1.82111e-07
-5.29256e-07
6.73153e-05
-5.75775e-06
1.04624e-05
6.50998e-05
-8.24694e-06
8.82168e-06
8.56978e-05
-1.04838e-05
8.75047e-05
8.67683e-06
-8.16805e-06
4.3199e-07
-5.62087e-07
6.24447e-05
-8.11788e-07
6.23121e-05
1.14877e-06
-1.0161e-06
6.62846e-05
-1.0579e-05
9.41875e-06
6.639e-05
-9.52413e-06
6.49188e-06
8.98967e-05
-8.1123e-06
5.83228e-06
9.21767e-05
-1.18791e-05
1.12124e-06
-9.58149e-07
6.21249e-05
-1.09147e-06
6.17416e-05
1.51251e-06
-1.12916e-06
-2.55838e-05
1.68729e-06
2.52263e-05
-2.21133e-05
-3.11295e-06
1.83353e-06
-1.24331e-06
6.10886e-05
-1.16244e-06
6.03969e-05
1.87867e-06
-1.18688e-06
-1.94398e-05
1.32209e-05
6.21889e-06
-8.42233e-06
3.65136e-05
1.9054e-06
1.85107e-05
-1.28821e-05
3.0885e-05
5.36752e-06
2.14945e-06
-1.22146e-06
5.95011e-05
-1.18215e-06
5.8557e-05
2.13965e-06
-1.19558e-06
-9.2917e-06
8.36111e-06
9.30584e-07
-5.47668e-06
6.03759e-06
3.02189e-06
1.91212e-06
-2.424e-07
4.36787e-06
2.07064e-06
2.56893e-06
-1.51865e-06
5.7581e-05
-1.17602e-06
5.66299e-05
2.08488e-06
-1.13384e-06
7.92035e-06
1.95832e-06
-1.15397e-05
1.75848e-05
1.87526e-06
-9.78483e-06
-1.48056e-05
1.2668e-05
1.25791e-06
8.79729e-07
7.79094e-07
1.83094e-06
1.2534e-05
-1.01898e-05
-2.34418e-06
-1.41292e-05
1.36845e-05
1.17881e-06
-7.34173e-07
-1.17646e-06
2.48589e-07
4.67427e-07
-8.47203e-06
6.55792e-06
2.1627e-06
2.94374e-06
-1.47559e-06
5.5762e-05
-1.07585e-06
5.46977e-05
2.0315e-06
-9.67205e-07
3.21445e-06
-1.39705e-06
5.36367e-05
-8.94309e-07
1.89989e-06
-8.39935e-07
5.25768e-05
3.2131e-06
-1.02311e-06
2.92417e-06
-7.48508e-07
2.43939e-06
-4.04826e-07
4.06201e-05
4.57006e-05
-4.59347e-05
2.56548e-06
-3.75747e-06
4.68926e-05
4.53635e-05
-4.41207e-05
4.86761e-06
4.56895e-05
4.6913e-05
3.85359e-06
-5.9067e-06
4.89661e-05
4.71117e-05
7.84319e-06
4.6985e-05
4.93297e-05
3.94763e-06
-6.34209e-06
5.17241e-05
4.94324e-05
8.97549e-06
5.01876e-05
2.50772e-05
1.75703e-05
-1.6297e-05
1.72617e-05
1.32172e-05
-8.56816e-06
1.50045e-05
3.64771e-06
1.75053e-06
1.58999e-05
-5.72241e-06
1.10666e-05
1.76674e-05
-1.80618e-05
2.29225e-05
2.40831e-05
-2.73284e-05
2.88357e-05
3.28164e-05
-2.89763e-05
2.85344e-05
4.00724e-05
-2.75051e-05
4.3807e-05
5.16978e-05
3.92425e-06
-6.35486e-06
5.41284e-05
5.24011e-05
9.04316e-06
5.28851e-05
3.6315e-05
2.0295e-05
4.48851e-05
-3.14249e-05
6.07802e-05
-4.56903e-06
6.31121e-05
5.51184e-05
4.23287e-06
-6.69648e-06
5.7582e-05
5.58778e-05
9.63957e-06
5.72027e-05
4.47557e-05
2.51233e-05
5.46018e-05
-3.55529e-05
6.34629e-05
-4.28551e-06
6.58517e-05
5.88393e-05
3.84119e-06
-5.85999e-06
6.08581e-05
5.9538e-05
8.34324e-06
6.0316e-05
5.93817e-05
2.5066e-05
6.2697e-05
7.03668e-05
-3.35584e-05
7.36989e-05
6.664e-05
-3.5465e-06
6.86281e-05
6.23596e-05
3.32204e-06
-4.87635e-06
6.39139e-05
6.36171e-05
6.8467e-06
6.50861e-05
6.63764e-05
1.4207e-05
-1.84894e-05
7.06587e-05
6.71944e-05
2.38342e-05
8.04781e-05
-3.02992e-05
2.42991e-05
7.69333e-05
-1.83263e-05
7.86484e-05
6.92121e-05
-2.9253e-06
7.08489e-05
6.54506e-05
2.43713e-06
-3.61536e-06
6.66288e-05
6.76389e-05
4.68363e-06
6.76877e-05
7.31229e-05
9.01798e-06
7.3661e-05
8.17701e-05
-1.06212e-05
8.25029e-05
7.15352e-05
-2.1193e-06
7.27653e-05
6.78893e-05
1.2212e-06
-2.07259e-06
6.87407e-05
7.06508e-05
2.76721e-06
7.03805e-05
7.38086e-05
5.4202e-06
7.29215e-05
8.36358e-05
-6.52257e-06
8.25994e-05
7.34531e-05
-7.49359e-07
7.40357e-05
6.96446e-05
2.46303e-07
-1.07498e-06
7.04732e-05
7.28446e-05
1.37619e-06
7.17941e-05
7.34593e-05
7.36874e-06
7.49122e-05
8.34751e-05
-7.02605e-06
8.41089e-05
7.48243e-05
3.08393e-07
7.49479e-05
7.08363e-05
-1.02664e-06
1.01668e-06
7.08462e-05
7.34746e-05
-1.64769e-06
7.24188e-05
7.7627e-05
3.98116e-06
8.01377e-05
8.61486e-05
-3.64321e-06
8.65824e-05
7.53882e-05
1.2418e-06
7.52677e-05
7.11808e-05
-1.62896e-06
1.90417e-06
7.09055e-05
7.32545e-05
-2.89228e-06
7.21049e-05
8.01795e-05
-2.75685e-06
4.50108e-06
7.04557e-05
-3.84506e-06
-9.40291e-06
5.42748e-05
9.25439e-05
8.9962e-06
-5.74729e-06
8.92949e-05
8.7054e-05
4.26888e-06
8.56067e-05
7.55506e-05
2.29272e-06
7.50914e-05
7.06684e-05
-2.28952e-06
2.81436e-06
7.01436e-05
7.20806e-05
-3.81168e-06
7.08027e-05
5.36029e-05
-9.69911e-06
5.48797e-05
8.55949e-05
1.35441e-05
-1.07348e-05
8.27856e-05
8.4626e-05
8.84751e-06
7.51929e-05
3.3112e-06
7.40312e-05
6.96823e-05
-2.74748e-06
3.35509e-06
6.90746e-05
7.04796e-05
-4.21484e-06
6.93577e-05
5.44244e-05
-8.96026e-06
6.96031e-06
9.17036e-06
-3.64869e-06
7.34236e-06
3.79409e-05
5.83815e-06
-1.45915e-05
4.66942e-05
8.14265e-05
1.5143e-05
7.40774e-05
3.61959e-06
7.30267e-05
6.86558e-05
-2.38751e-06
2.59588e-06
6.84474e-05
6.91223e-05
-2.82978e-06
6.85119e-05
6.33935e-06
-6.77357e-06
5.61855e-06
2.45668e-06
-7.56682e-06
2.38658e-07
6.92884e-06
-3.96552e-06
1.09722e-06
9.79715e-06
5.40696e-05
8.38782e-06
7.3099e-05
4.28239e-06
7.17603e-05
6.81148e-05
-2.58379e-06
3.04369e-06
6.76549e-05
6.79996e-05
-3.5748e-06
6.72589e-05
-7.31993e-07
-5.5027e-06
5.89381e-06
-1.59464e-06
-7.2443e-06
9.8563e-06
-1.3023e-06
-1.15661e-05
1.40852e-05
-3.82141e-06
-9.13159e-07
4.86966e-07
-1.71407e-05
2.0429e-05
-4.20149e-06
-9.39933e-07
-8.7886e-07
-2.17202e-05
2.26531e-05
-1.86503e-06
-2.12065e-05
1.89302e-05
4.11244e-07
4.47595e-06
-1.6448e-05
1.37481e-05
7.17584e-06
6.25824e-06
-1.0493e-05
6.61077e-06
1.49225e-05
-1.78647e-06
7.1605e-05
4.76043e-06
7.0059e-05
6.74412e-05
-2.33966e-06
2.68412e-06
6.70968e-05
6.63648e-05
6.69899e-05
-3.0775e-06
6.64748e-05
6.6898e-05
-7.2457e-06
-1.24316e-05
1.4182e-05
-5.57265e-06
-1.62213e-05
2.24387e-06
-1.84835e-05
1.74024e-05
9.88334e-06
-1.39954e-05
6.95932e-05
5.01115e-06
6.77951e-05
6.70995e-05
4.8053e-06
6.52184e-05
6.43903e-05
4.46376e-06
6.23659e-05
6.57499e-05
1.22063e-07
-1.50957e-05
1.56675e-05
-1.16819e-05
1.18039e-05
1.99533e-06
5.20317e-06
-2.90194e-06
6.61914e-06
-4.62381e-06
5.24096e-07
1.28978e-05
-1.22727e-05
1.06077e-05
-1.00836e-05
1.56025e-06
1.29972e-06
3.85337e-08
2.91937e-07
1.26832e-06
1.04895e-06
8.97272e-06
-8.06214e-06
7.73786e-06
-6.68891e-06
4.29049e-07
-1.60852e-06
1.99048e-06
-9.13725e-07
1.34277e-06
1.46582e-06
3.29491e-06
-1.85517e-06
2.89986e-06
-1.43404e-06
1.40723e-06
1.9053e-07
1.59759e-06
2.28287e-07
1.17894e-06
-7.95752e-08
-5.31467e-06
5.5983e-06
-3.95363e-06
3.87406e-06
1.06449e-06
-3.48997e-06
4.57043e-06
-3.01066e-06
4.07515e-06
-5.22952e-07
-5.2669e-06
4.74527e-06
-3.3266e-06
2.80365e-06
1.33041e-06
-6.24245e-06
7.98888e-06
-5.61642e-06
6.94683e-06
1.70165e-07
-2.20112e-06
1.68662e-06
-1.09299e-06
1.26315e-06
-6.09103e-07
-2.0116e-05
1.94367e-05
-1.4829e-05
1.42199e-05
-1.85501e-06
1.90068e-05
-1.99281e-05
1.2109e-05
-1.3964e-05
-3.22327e-06
-1.83335e-05
1.64611e-05
-1.07486e-05
7.52534e-06
-2.43969e-06
-1.28127e-05
5.98418e-06
-3.00568e-06
5.65983e-07
-3.49786e-06
3.7468e-06
-7.5897e-06
1.58213e-06
-5.07998e-06
1.8318e-07
9.90214e-06
5.40474e-06
1.98593e-07
-1.02607e-05
1.0588e-05
-5.60532e-06
5.80391e-06
1.58783e-07
-1.08272e-05
1.11006e-05
-5.94809e-06
6.10687e-06
4.07795e-08
-1.13006e-05
1.15016e-05
-6.17221e-06
6.21299e-06
-2.52107e-08
-1.16258e-05
1.1733e-05
-6.20873e-06
6.18352e-06
-1.26351e-07
-1.17818e-05
1.17684e-05
-6.12364e-06
5.99728e-06
-3.06594e-07
-1.16998e-05
1.15478e-05
-5.76059e-06
5.454e-06
-4.15155e-07
-1.13303e-05
1.10079e-05
-5.10939e-06
4.69424e-06
-5.32098e-07
-1.05524e-05
9.97974e-06
-4.19152e-06
3.65942e-06
-4.93286e-07
-9.26758e-06
8.53959e-06
-3.12827e-06
2.63498e-06
-4.11836e-07
-7.75468e-06
6.85454e-06
-2.19843e-06
1.7866e-06
-4.62383e-07
-5.79137e-06
4.7127e-06
-1.33112e-06
8.68733e-07
-4.20847e-07
-3.67148e-06
2.69633e-06
-4.3436e-07
1.35132e-08
-4.26572e-07
-1.8238e-06
1.02807e-06
5.11009e-07
-9.37581e-07
-2.40092e-07
-2.46227e-07
-4.18809e-07
1.17884e-06
-1.41894e-06
-1.67206e-07
9.5424e-07
-1.35027e-06
1.63201e-06
-1.79922e-06
-1.89582e-06
-1.74516e-05
1.65597e-05
-1.29853e-05
1.10895e-05
-2.23416e-06
-1.67697e-05
1.57774e-05
-1.09e-05
8.66588e-06
-3.28728e-06
-1.37151e-05
8.75548e-06
-4.97037e-06
1.68308e-06
-3.73701e-06
-1.38206e-06
-4.40506e-06
1.52248e-06
-5.25948e-06
1.07417e-06
2.34575e-06
6.21788e-07
1.44482e-06
-6.14187e-06
-5.24409e-06
1.23812e-06
-4.55533e-06
-4.00597e-06
1.10611e-06
1.20575e-06
7.58168e-07
-3.89803e-06
4.9708e-06
-3.05237e-06
3.81053e-06
1.83172e-06
1.54127e-06
8.7855e-07
9.23346e-06
7.82538e-06
-1.36034e-06
-4.51966e-06
2.00577e-07
1.44176e-07
6.5344e-08
-4.26412e-09
-5.98837e-08
-2.36693e-07
-3.44604e-07
-5.02721e-07
-5.31152e-07
-4.36547e-07
-4.55484e-07
-4.34372e-07
-5.24522e-07
-2.41263e-07
-2.13076e-07
-1.18167e-07
-1.63693e-06
-1.91739e-06
1.91233e-07
6.36586e-06
-6.09877e-06
3.06064e-06
-2.86941e-06
2.78756e-07
-6.72253e-06
7.09176e-06
-3.30172e-06
3.58048e-06
2.56828e-07
-7.47435e-06
7.8286e-06
-3.88607e-06
4.14289e-06
2.92264e-07
-8.28385e-06
8.65413e-06
-4.49393e-06
4.7862e-06
3.31934e-07
-9.0664e-06
9.52097e-06
-5.09131e-06
5.42325e-06
3.02083e-07
-9.87776e-06
1.03095e-05
-5.6615e-06
5.96359e-06
1.84396e-07
-1.06534e-05
1.101e-05
-6.17199e-06
6.35639e-06
4.46081e-08
-1.13025e-05
1.15387e-05
-6.45967e-06
6.50428e-06
-6.31902e-08
-1.16788e-05
1.1791e-05
-6.46635e-06
6.40316e-06
-2.94269e-07
-1.17847e-05
1.17061e-05
-6.21444e-06
5.92017e-06
-5.14949e-07
-1.15601e-05
1.12633e-05
-5.53696e-06
5.02201e-06
-5.67031e-07
-1.08229e-05
1.02985e-05
-4.44621e-06
3.87918e-06
-4.99791e-07
-9.6999e-06
9.03726e-06
-3.34863e-06
2.84884e-06
-4.26692e-07
-8.32105e-06
7.56559e-06
-2.37818e-06
1.95149e-06
-3.60377e-07
-6.7705e-06
5.95485e-06
-1.551e-06
1.19062e-06
-2.94783e-07
-5.14846e-06
4.3674e-06
-8.63169e-07
5.68386e-07
-2.26207e-07
-3.65078e-06
2.98268e-06
-3.17801e-07
9.15939e-08
3.31957e-07
-1.6694e-05
-1.26533e-05
8.494e-07
-1.89429e-07
-3.69552e-06
-3.20556e-06
6.8567e-07
6.20479e-06
7.30481e-06
-2.04533e-06
3.6548e-07
-2.987e-06
3.40061e-06
-2.30458e-06
2.67006e-06
-4.49761e-07
-3.48986e-06
2.76316e-06
-1.71489e-06
1.26512e-06
1.53652e-06
1.13774e-05
9.36189e-06
1.55608e-06
1.27451e-05
1.0918e-05
1.6037e-06
1.54007e-05
1.25217e-05
6.80504e-07
1.63364e-05
1.32022e-05
1.99928e-06
-2.58312e-06
3.60573e-06
-2.90472e-06
4.904e-06
8.74428e-07
1.82754e-05
1.40766e-05
9.80009e-08
1.87361e-05
1.41746e-05
7.20194e-07
-6.08272e-06
7.26792e-06
-7.79452e-06
8.51472e-06
2.4108e-07
3.05587e-07
3.5104e-07
3.05116e-07
2.38254e-07
2.08407e-07
1.03283e-07
-3.79305e-08
-1.88716e-07
-3.83216e-07
-5.75799e-07
-5.30544e-07
-4.70665e-07
-4.00489e-07
-3.27451e-07
-2.50585e-07
-1.7816e-07
2.3209e-06
-8.65661e-08
3.35549e-06
9.61804e-07
3.82308e-07
1.43099e-07
-5.47459e-07
-1.08876e-06
-1.72135e-07
4.16905e-07
1.73714e-06
1.68006e-06
1.22466e-06
2.89053e-06
6.54442e-07
-2.55981e-07
-2.14811e-06
-3.43473e-06
-1.82175e-06
2.08203e-06
6.61045e-05
-2.19675e-06
2.28406e-06
6.68107e-05
1.39825e-06
0.000131968
-2.14397e-06
-1.4313e-06
4.86808e-06
0.00013392
0.000120302
-1.70728e-06
-6.60559e-05
1.58927e-06
6.61739e-05
-6.69067e-05
-1.29662e-06
9.36818e-07
6.72665e-05
-2.80111e-07
-5.48079e-07
-5.06188e-07
0.000133302
8.1416e-07
0.000132826
0.000114646
5.15558e-05
-8.00758e-07
5.05793e-05
1.76418e-06
-7.87712e-07
4.96278e-05
-7.5583e-07
1.63865e-06
-7.31231e-07
4.87204e-05
6.6982e-05
-1.81278e-06
1.66434e-06
6.71305e-05
6.66149e-05
-1.5683e-06
6.67519e-05
6.74231e-05
-1.44003e-06
1.04475e-06
6.78184e-05
6.63725e-05
6.71407e-05
-7.09711e-07
6.73442e-05
6.76016e-05
-1.48082e-07
1.66823e-06
-2.34648e-07
-1.96425e-07
-1.06214e-06
5.02738e-07
4.16277e-07
-6.12702e-07
-1.81629e-07
-2.23097e-07
-5.39596e-09
-8.35799e-07
5.69829e-06
1.83496e-06
5.85073e-05
-6.60406e-05
1.26313e-05
5.90197e-05
-6.59528e-05
1.82598e-05
6.15046e-05
-6.7133e-05
2.34521e-05
6.61149e-05
-7.13072e-05
2.6849e-05
7.15613e-05
-7.49581e-05
8.04773e-05
-7.85093e-05
2.4881e-05
1.3219e-05
-5.39973e-06
2.34467e-05
3.08438e-05
3.32377e-05
3.37383e-05
-8.65988e-06
8.58957e-06
7.9206e-05
-7.91357e-05
-9.85997e-06
7.52276e-05
-7.40275e-05
-7.89589e-06
6.94346e-05
-7.13987e-05
-4.93878e-06
6.53487e-05
-6.83058e-05
6.24789e-05
-6.55827e-05
-1.71022e-05
1.64773e-05
-1.59084e-05
-1.13581e-05
-2.05928e-06
1.15623e-07
3.33902e-07
4.28523e-05
-4.33018e-05
-4.09115e-07
1.32736e-07
4.30222e-05
-4.27458e-05
8.42198e-05
3.48464e-07
2.538e-06
-8.30763e-05
-4.02991e-06
3.92256e-07
-4.38991e-05
-9.61075e-08
4.36029e-05
-4.31359e-05
-1.20844e-07
1.77486e-08
4.3239e-05
8.56383e-05
1.36254e-06
4.40434e-06
-7.18543e-06
5.7244e-07
-4.4556e-05
-3.76892e-07
4.43604e-05
-4.41252e-05
3.82216e-07
-8.74144e-07
4.46172e-05
-7.26736e-06
1.85924e-06
4.44102e-06
8.39452e-05
-8.2623e-05
-1.25456e-05
3.59544e-05
2.07135e-07
-3.60459e-05
3.67413e-05
-1.2146e-06
4.27664e-07
3.68106e-05
3.22959e-07
3.76453e-05
-1.35924e-06
5.24539e-07
3.78482e-05
3.69604e-07
-1.5728e-06
5.3595e-07
4.30876e-05
-4.31628e-05
2.26138e-06
-2.94458e-06
4.37708e-05
4.27432e-05
-4.2262e-05
3.05832e-06
4.22229e-05
4.35538e-05
2.31227e-06
-3.25741e-06
4.4499e-05
4.36032e-05
4.14363e-06
4.38639e-05
4.45043e-05
2.90485e-06
-4.33522e-06
4.4849e-05
5.1693e-06
7.70837e-08
4.78641e-06
-4.65636e-06
2.00105e-06
-1.92397e-06
1.20978e-07
-5.04842e-06
5.2504e-06
-2.16671e-06
2.28769e-06
1.5129e-07
-5.56057e-06
5.77888e-06
-2.50206e-06
2.65335e-06
1.65657e-07
2.14371e-07
2.16061e-07
-4.12052e-05
1.95885e-06
-1.23682e-06
4.04832e-05
-4.14986e-05
5.62956e-07
-2.39835e-07
4.11755e-05
-4.13337e-05
1.19996e-07
-8.32206e-08
4.12969e-05
-4.13162e-05
3.82512e-08
6.31739e-09
4.12717e-05
-4.13009e-05
-1.94122e-08
2.79244e-08
4.12924e-05
-4.12981e-05
-3.92269e-08
5.39361e-08
4.12834e-05
-4.13048e-05
-4.85771e-08
4.88208e-08
4.13045e-05
-4.12974e-05
-6.05666e-08
6.59021e-08
4.12921e-05
-4.12994e-05
-6.41519e-08
5.87624e-08
4.13048e-05
-4.13016e-05
-5.8281e-08
6.10738e-08
4.12988e-05
-4.13018e-05
-5.94902e-08
7.0501e-08
4.12908e-05
-4.12996e-05
-7.31986e-08
6.96293e-08
4.13032e-05
-4.13013e-05
-6.52205e-08
5.7906e-08
4.13087e-05
-4.13029e-05
-6.38537e-08
7.13513e-08
4.12954e-05
-4.13012e-05
-7.50564e-08
7.45536e-08
4.13017e-05
-4.13006e-05
-7.30099e-08
6.66425e-08
4.13069e-05
-4.13067e-05
-6.35081e-08
6.78211e-08
4.13024e-05
-4.13098e-05
-6.61078e-08
7.39287e-08
4.1302e-05
-4.13139e-05
-9.91778e-08
1.26733e-07
4.12864e-05
-4.13096e-05
-1.56928e-07
1.71916e-07
4.12946e-05
-4.13196e-05
-1.91237e-07
2.18568e-07
4.12923e-05
-4.1402e-05
-2.3834e-07
3.08451e-07
4.13319e-05
-4.15021e-05
-4.22601e-07
9.93955e-07
4.09308e-05
-3.36091e-05
3.66013e-05
-1.86438e-06
-1.12779e-06
-6.60877e-07
-4.10122e-05
1.83264e-07
4.14898e-05
-4.09876e-05
1.33472e-07
-1.79268e-07
4.10334e-05
-4.1148e-05
1.23375e-07
-5.28792e-08
4.10775e-05
-4.12501e-05
3.78604e-09
5.64181e-08
4.11899e-05
-4.12747e-05
-6.09074e-08
9.16928e-08
4.12439e-05
-4.12916e-05
-8.51882e-08
1.14342e-07
4.12625e-05
-4.12824e-05
-1.19227e-07
1.22342e-07
4.12793e-05
-4.12938e-05
-1.1562e-07
1.32701e-07
4.12767e-05
-4.12869e-05
-1.40915e-07
1.48337e-07
4.12795e-05
-4.12983e-05
-1.54798e-07
1.66394e-07
4.12867e-05
-4.1298e-05
-1.65697e-07
1.76753e-07
4.12869e-05
-4.12954e-05
-1.85349e-07
1.87231e-07
4.12935e-05
-4.12958e-05
-1.89761e-07
1.92304e-07
4.12932e-05
-4.12937e-05
-1.8913e-07
1.77365e-07
4.13054e-05
-4.13063e-05
-1.68912e-07
1.7653e-07
4.12987e-05
-4.13043e-05
-1.61423e-07
1.59286e-07
4.13064e-05
-4.13081e-05
-1.54641e-07
1.6236e-07
4.13004e-05
-4.13102e-05
-1.45185e-07
1.46902e-07
4.13085e-05
-4.13248e-05
-1.72712e-07
2.07632e-07
4.12899e-05
-4.13101e-05
-2.0779e-07
2.12512e-07
4.13054e-05
-4.12779e-05
-2.78252e-07
3.25342e-07
4.12308e-05
-4.11377e-05
-3.27598e-07
3.42358e-07
4.1123e-05
-4.08013e-05
3.21206e-08
-4.69863e-07
4.1239e-05
-3.78749e-05
3.83112e-05
7.09928e-07
-1.14624e-06
-9.65328e-07
-4.18871e-05
6.54497e-07
4.21979e-05
-4.12771e-05
-4.18419e-07
2.12001e-07
4.14835e-05
-1.72431e-09
8.23909e-05
-4.12873e-05
-4.08741e-05
7.4097e-08
-3.01845e-07
1.16241e-07
8.23074e-05
-4.13348e-05
-4.10906e-05
1.91408e-07
8.24173e-05
-4.13225e-05
-4.117e-05
2.78793e-07
8.24434e-05
-4.13219e-05
-4.12089e-05
4.00131e-07
8.24341e-05
-4.13144e-05
-4.1241e-05
4.58321e-07
8.24815e-05
-4.12983e-05
-4.12414e-05
5.1362e-07
8.24941e-05
-4.12954e-05
-4.1254e-05
5.54655e-07
8.2524e-05
-4.12954e-05
-4.12696e-05
5.84498e-07
8.25329e-05
-4.12894e-05
-4.12734e-05
6.27757e-07
8.25441e-05
-4.12968e-05
-4.12906e-05
6.5059e-07
8.25698e-05
-4.12963e-05
-4.12963e-05
6.82579e-07
8.25796e-05
-4.13064e-05
-4.13051e-05
6.97793e-07
8.26121e-05
-4.1309e-05
-4.13184e-05
6.79285e-07
8.26509e-05
-4.13048e-05
-4.13276e-05
6.80935e-07
8.2638e-05
-4.13015e-05
-4.13382e-05
7.78467e-07
8.25776e-05
-4.13087e-05
-4.13664e-05
1.02857e-06
8.24554e-05
-4.13025e-05
-4.1403e-05
1.30083e-06
8.2383e-05
-4.12295e-05
-4.14258e-05
9.12195e-07
8.27843e-05
-4.10277e-05
-4.1368e-05
-4.67933e-07
8.34512e-05
-4.09239e-05
-4.11863e-05
3.91391e-08
-4.14477e-05
-8.84137e-07
4.18639e-05
-3.86723e-05
3.87783e-05
9.62333e-07
-1.06833e-06
-8.52823e-07
-4.23951e-05
7.28493e-07
4.25194e-05
-4.16411e-05
-5.91963e-07
4.48314e-07
4.17848e-05
4.57884e-07
8.27432e-05
-2.85016e-07
-5.25197e-07
3.24849e-07
8.24404e-05
4.23208e-07
8.23189e-05
5.17432e-07
8.23492e-05
6.40018e-07
8.23115e-05
7.33446e-07
8.23881e-05
7.85212e-07
8.24423e-05
8.54456e-07
8.24547e-05
8.81476e-07
8.25059e-05
9.15449e-07
8.25101e-05
9.82478e-07
8.25028e-05
9.78803e-07
8.25833e-05
9.53296e-07
8.26377e-05
9.73181e-07
8.2631e-05
9.44677e-07
8.26665e-05
7.94634e-07
8.27276e-05
2.80913e-07
8.29691e-05
-4.62549e-07
8.31265e-05
-7.95909e-07
8.31176e-05
-7.59279e-07
8.35524e-05
-1.37817e-07
-4.21719e-05
-8.89073e-07
4.23017e-05
-3.88463e-05
3.87803e-05
7.94566e-07
-7.28557e-07
-7.10135e-07
-4.25833e-05
6.59817e-07
4.26336e-05
-4.18804e-05
-6.09364e-07
5.26788e-07
4.19629e-05
7.378e-07
8.29419e-05
-3.86454e-07
-5.50048e-07
6.00998e-07
8.25772e-05
5.81469e-07
8.23384e-05
6.6226e-07
8.22684e-05
6.64888e-07
8.23089e-05
7.98237e-07
8.22547e-05
9.45308e-07
8.22953e-05
1.00568e-06
8.23944e-05
1.13173e-06
8.23799e-05
1.15983e-06
8.2482e-05
1.14003e-06
8.25226e-05
1.18502e-06
8.25383e-05
1.22565e-06
8.2597e-05
1.18111e-06
8.26756e-05
1.0441e-06
8.28035e-05
9.41052e-07
8.28307e-05
1.14221e-06
8.2768e-05
1.26215e-06
8.30065e-05
5.51132e-07
8.38286e-05
-6.23925e-07
8.4641e-05
8.64049e-08
-4.2392e-05
-7.96177e-07
4.25643e-05
-3.87252e-05
3.85953e-05
6.09989e-07
-4.80147e-07
-6.37848e-07
-4.26541e-05
6.36286e-07
4.26557e-05
-4.20041e-05
-5.75011e-07
5.27242e-07
4.20519e-05
9.09364e-07
8.30534e-05
-4.43705e-07
-5.77102e-07
8.40838e-07
8.26458e-05
7.81196e-07
8.23981e-05
8.29016e-07
8.22206e-05
1.0225e-06
8.21154e-05
1.01241e-06
8.22648e-05
1.09769e-06
8.221e-05
1.3206e-06
8.21715e-05
1.37485e-06
8.23256e-05
1.50972e-06
8.23472e-05
1.58383e-06
8.24485e-05
1.60179e-06
8.25203e-05
1.53743e-06
8.26614e-05
1.42177e-06
8.27913e-05
1.36127e-06
8.2864e-05
1.22548e-06
8.29665e-05
4.15927e-07
8.35775e-05
-4.9928e-07
8.39217e-05
-5.35687e-07
8.38651e-05
-6.13551e-07
8.45936e-05
1.25276e-07
-4.27497e-05
-6.85985e-07
4.28221e-05
-3.85143e-05
3.83953e-05
4.86258e-07
-3.67269e-07
-5.60484e-07
-4.26499e-05
5.68152e-07
4.26423e-05
-4.20693e-05
-5.5235e-07
5.33098e-07
4.20885e-05
9.67577e-07
8.31229e-05
-4.7327e-07
-5.63806e-07
9.14359e-07
8.2699e-05
9.29579e-07
8.23828e-05
1.03197e-06
8.21182e-05
1.02733e-06
8.212e-05
1.35003e-06
8.19421e-05
1.50411e-06
8.20559e-05
1.52352e-06
8.21521e-05
1.75315e-06
8.2096e-05
1.79006e-06
8.23103e-05
1.89903e-06
8.23395e-05
1.89909e-06
8.25202e-05
1.87677e-06
8.26837e-05
1.90232e-06
8.27657e-05
1.75817e-06
8.30081e-05
1.36781e-06
8.33568e-05
1.63085e-06
8.33145e-05
1.77001e-06
8.37826e-05
7.675e-07
8.48676e-05
-5.93203e-07
8.55111e-05
4.43243e-07
-4.29161e-05
-7.04471e-07
4.30274e-05
-3.83267e-05
3.82008e-05
4.22303e-07
-2.96394e-07
-5.14631e-07
-4.26305e-05
5.24675e-07
4.26205e-05
-4.20962e-05
-5.14921e-07
5.0176e-07
4.21094e-05
1.04332e-06
8.31113e-05
-4.67283e-07
-5.64492e-07
1.12119e-06
8.26211e-05
1.20009e-06
8.23039e-05
1.18644e-06
8.21318e-05
1.43199e-06
8.18745e-05
1.37998e-06
8.19941e-05
1.57183e-06
8.18641e-05
1.86935e-06
8.18545e-05
1.88607e-06
8.20793e-05
2.11547e-06
8.20809e-05
2.08891e-06
8.23661e-05
2.09547e-06
8.25137e-05
2.12299e-06
8.26562e-05
1.91299e-06
8.29757e-05
1.69365e-06
8.32275e-05
1.54947e-06
8.3501e-05
6.38094e-07
8.42259e-05
-1.49488e-07
8.45702e-05
-1.72488e-08
8.47353e-05
-6.35052e-07
8.56602e-05
4.68641e-07
-4.32343e-05
-6.69748e-07
4.3269e-05
-3.81696e-05
3.80499e-05
3.5035e-07
-2.30574e-07
-4.5632e-07
-4.25994e-05
4.77534e-07
4.25782e-05
-4.20922e-05
-4.72601e-07
4.57241e-07
4.21076e-05
9.38384e-07
8.31173e-05
-4.21986e-07
-5.22393e-07
9.38549e-07
8.26209e-05
9.95636e-07
8.22469e-05
1.19817e-06
8.19293e-05
1.18777e-06
8.18849e-05
1.70682e-06
8.14751e-05
1.94872e-06
8.16222e-05
2.00533e-06
8.17979e-05
2.36453e-06
8.17201e-05
2.48651e-06
8.19589e-05
2.70795e-06
8.21446e-05
2.7245e-06
8.24971e-05
2.68871e-06
8.2692e-05
2.71875e-06
8.29457e-05
2.58804e-06
8.33582e-05
2.31498e-06
8.37741e-05
2.55709e-06
8.39838e-05
2.34237e-06
8.47849e-05
1.25487e-06
8.58228e-05
-5.72647e-07
8.65696e-05
9.18119e-07
-4.3404e-05
-6.40619e-07
4.3472e-05
-3.80279e-05
3.79365e-05
2.52568e-07
-1.61183e-07
-3.59999e-07
-4.25484e-05
3.89833e-07
4.25186e-05
-4.2083e-05
-3.99902e-07
4.01278e-07
4.20816e-05
9.27729e-07
8.30373e-05
-3.90598e-07
-4.57112e-07
1.01009e-06
8.25386e-05
1.20026e-06
8.20567e-05
1.38402e-06
8.17455e-05
1.89117e-06
8.13777e-05
1.81378e-06
8.15525e-05
2.004e-06
8.14319e-05
2.49473e-06
8.13072e-05
2.56885e-06
8.16459e-05
2.73429e-06
8.17934e-05
2.85684e-06
8.20221e-05
3.05497e-06
8.2299e-05
3.01072e-06
8.27362e-05
2.69386e-06
8.32625e-05
2.50057e-06
8.35515e-05
2.10683e-06
8.41678e-05
1.10363e-06
8.4987e-05
4.87304e-07
8.54012e-05
4.88164e-07
8.5822e-05
-6.9035e-07
8.66203e-05
1.12787e-06
-4.37708e-05
-6.60757e-07
4.37412e-05
-3.7969e-05
3.79394e-05
1.5199e-07
-1.22434e-07
-2.86483e-07
-4.24882e-05
3.19893e-07
4.24548e-05
-4.20407e-05
-3.26585e-07
3.18406e-07
4.20489e-05
7.74538e-07
8.29022e-05
-2.9208e-07
-3.4736e-07
1.07384e-06
8.22393e-05
1.2768e-06
8.18537e-05
1.48456e-06
8.15378e-05
1.41672e-06
8.14456e-05
1.95816e-06
8.1011e-05
2.38969e-06
8.10004e-05
2.50019e-06
8.11967e-05
2.95716e-06
8.1189e-05
3.20099e-06
8.15496e-05
3.44738e-06
8.17757e-05
3.54194e-06
8.22044e-05
3.61397e-06
8.26642e-05
3.79767e-06
8.30788e-05
3.45325e-06
8.38959e-05
3.09318e-06
8.45279e-05
3.22537e-06
8.48548e-05
2.80238e-06
8.58242e-05
1.88967e-06
8.67347e-05
-3.60215e-07
8.7645e-05
1.22511e-06
-4.40252e-05
-4.22544e-07
4.40876e-05
-3.80121e-05
3.79879e-05
5.83257e-08
-3.41735e-08
-1.95205e-07
-4.24234e-05
2.1992e-07
4.23987e-05
-4.20147e-05
-2.24651e-07
2.26695e-07
4.20126e-05
7.61395e-07
8.27018e-05
-2.4709e-07
-3.13889e-07
7.67672e-07
8.2233e-05
9.89068e-07
8.16323e-05
1.26223e-06
8.12646e-05
1.90775e-06
8.08e-05
2.08834e-06
8.08305e-05
2.37258e-06
8.07162e-05
3.08079e-06
8.04885e-05
3.4908e-06
8.0779e-05
3.77062e-06
8.12698e-05
4.02384e-06
8.15225e-05
4.16859e-06
8.20597e-05
4.19269e-06
8.26401e-05
3.78079e-06
8.34907e-05
3.64153e-06
8.40351e-05
3.52575e-06
8.46437e-05
2.31401e-06
8.60665e-05
1.58982e-06
8.65484e-05
1.32266e-06
8.70018e-05
-6.53978e-07
8.81781e-05
1.44358e-06
-4.44354e-05
-5.15963e-07
4.42974e-05
-3.81045e-05
3.80939e-05
-5.84128e-08
6.8977e-08
-7.37743e-08
-4.238e-05
1.24959e-07
4.23288e-05
-4.19549e-05
-1.47113e-07
1.39781e-07
4.19622e-05
2.20019e-07
8.26411e-05
-7.72971e-08
-8.20372e-08
5.20719e-07
8.19323e-05
7.71337e-07
8.13817e-05
1.34908e-06
8.06869e-05
1.64011e-06
8.0509e-05
2.49889e-06
7.99717e-05
3.20555e-06
8.00095e-05
3.45719e-06
8.02369e-05
3.98615e-06
8.025e-05
3.92799e-06
8.1328e-05
4.4341e-06
8.10164e-05
4.84862e-06
8.16452e-05
5.03994e-06
8.24488e-05
5.32513e-06
8.32055e-05
4.93635e-06
8.44239e-05
4.21326e-06
8.53668e-05
4.70298e-06
8.55768e-05
4.44359e-06
8.68078e-05
2.99603e-06
8.84494e-05
-1.15367e-07
8.93191e-05
1.97045e-06
-4.46504e-05
-1.9996e-07
4.4735e-05
-3.82683e-05
3.82858e-05
-1.47239e-07
1.29718e-07
4.45157e-08
-4.23359e-05
-1.11607e-08
4.23025e-05
-4.19241e-05
8.93489e-09
-1.4144e-08
4.19293e-05
2.62793e-07
8.24739e-05
-1.75269e-08
-7.8085e-08
5.03328e-07
8.16918e-05
1.02564e-06
8.08594e-05
1.1223e-06
8.05902e-05
1.88376e-06
7.97475e-05
2.03109e-06
7.98243e-05
2.44457e-06
7.9596e-05
3.63292e-06
7.90485e-05
4.16196e-06
7.9721e-05
5.20381e-06
8.02861e-05
5.4994e-06
8.07208e-05
5.79503e-06
8.13495e-05
5.66006e-06
8.25837e-05
4.90844e-06
8.39571e-05
4.85647e-06
8.44759e-05
4.93558e-06
8.52876e-05
3.18872e-06
8.73237e-05
1.86748e-06
8.8129e-05
1.64388e-06
8.8673e-05
-6.83567e-07
8.98083e-05
1.83818e-06
-4.52826e-05
-4.81831e-07
4.50809e-05
-3.85055e-05
3.85257e-05
-1.98686e-07
1.78535e-07
1.55474e-07
-4.22566e-05
-1.1762e-07
4.22187e-05
-4.19528e-05
7.97443e-08
-6.69357e-08
4.194e-05
-4.91805e-07
8.2626e-05
2.2977e-07
1.09933e-07
-3.08593e-07
8.15085e-05
-3.28044e-07
8.08789e-05
4.63481e-07
7.97987e-05
6.00417e-07
7.96106e-05
1.85314e-06
7.85716e-05
3.4476e-06
7.80016e-05
3.82057e-06
7.86755e-05
4.60229e-06
7.89392e-05
5.43747e-06
7.94509e-05
6.03813e-06
8.01201e-05
6.6852e-06
8.07025e-05
7.34781e-06
8.19211e-05
8.20179e-06
8.31032e-05
7.72577e-06
8.49519e-05
6.37638e-06
8.6637e-05
6.65495e-06
8.70451e-05
6.1275e-06
8.86565e-05
4.37036e-06
9.04301e-05
1.41936e-07
9.12021e-05
2.8346e-06
-4.54254e-05
-7.06572e-08
4.5638e-05
-3.88502e-05
3.89281e-05
-2.38433e-07
1.60632e-07
-9.54877e-09
-4.22495e-05
1.64152e-07
4.20949e-05
-4.1869e-05
-1.26785e-07
-1.90875e-08
4.20148e-05
-4.90691e-07
8.26441e-05
2.23736e-07
2.48927e-07
-8.5746e-07
8.18753e-05
-5.11794e-07
8.05332e-05
-2.96179e-07
7.95831e-05
1.2174e-06
7.8097e-05
2.29995e-06
7.74891e-05
2.97516e-06
7.73264e-05
4.63401e-06
7.70167e-05
5.57196e-06
7.80013e-05
6.33445e-06
7.86884e-05
6.95451e-06
7.95e-05
7.23487e-06
8.04221e-05
7.40245e-06
8.17536e-05
6.87498e-06
8.36306e-05
7.06058e-06
8.47663e-05
7.20381e-06
8.64938e-05
4.60169e-06
8.96472e-05
2.50551e-06
9.07526e-05
1.93091e-06
9.10047e-05
-7.21159e-07
9.19277e-05
1.92651e-06
-4.64e-05
-4.88052e-07
4.61669e-05
-3.93305e-05
3.93663e-05
-2.1229e-07
1.76416e-07
7.81386e-10
-4.23632e-05
1.87569e-07
4.21748e-05
-4.18004e-05
-6.98109e-08
-2.92359e-07
4.21626e-05
-1.51838e-06
8.28362e-05
5.56537e-07
7.69697e-07
-7.48042e-07
8.1105e-05
-4.95747e-07
8.02809e-05
3.91534e-07
7.86958e-05
9.80755e-07
7.75078e-05
2.37629e-06
7.60935e-05
4.26133e-06
7.54413e-05
5.01884e-06
7.62592e-05
5.8858e-06
7.71343e-05
6.65555e-06
7.79187e-05
7.44777e-06
7.87078e-05
8.35159e-06
7.95183e-05
9.78435e-06
8.03208e-05
1.11196e-05
8.22954e-05
9.60589e-06
8.628e-05
7.40595e-06
8.86938e-05
7.86752e-06
8.91856e-05
8.02951e-06
9.05907e-05
6.31899e-06
9.27153e-05
1.57513e-07
9.42739e-05
3.81533e-06
-4.64991e-05
-2.03445e-07
4.686e-05
-3.9848e-05
3.99255e-05
-2.24222e-07
1.46665e-07
3.04695e-08
-4.25543e-05
2.74396e-07
4.22494e-05
-4.19638e-05
4.77524e-08
-5.38296e-07
4.24543e-05
-1.33767e-06
8.30226e-05
6.14045e-07
5.37256e-07
-2.28912e-06
8.20564e-05
-1.85055e-06
7.98423e-05
-1.70487e-06
7.85501e-05
-1.44848e-07
7.59478e-05
1.69129e-06
7.42574e-05
2.86171e-06
7.42709e-05
4.90995e-06
7.42109e-05
6.88871e-06
7.51556e-05
8.30133e-06
7.65061e-05
9.33676e-06
7.76724e-05
9.76489e-06
7.90902e-05
9.69567e-06
8.039e-05
8.87891e-06
8.31122e-05
9.93287e-06
8.5226e-05
1.04375e-05
8.81891e-05
7.37696e-06
9.22462e-05
3.81056e-06
9.41571e-05
2.14947e-06
9.43763e-05
-9.24181e-07
9.47495e-05
2.59798e-06
-4.78587e-05
-7.41872e-07
4.76764e-05
-4.0665e-05
4.06388e-05
-1.66766e-07
1.92939e-07
-8.70737e-09
-4.29069e-05
4.44076e-07
4.24715e-05
-4.2008e-05
-2.13551e-07
-4.38948e-07
4.26605e-05
-3.49137e-06
1.11495e-06
2.32265e-06
-2.62266e-06
8.11877e-05
-2.6696e-06
7.98893e-05
-8.63053e-07
7.67436e-05
6.8541e-07
7.43993e-05
2.05515e-06
7.28877e-05
4.58466e-06
7.17414e-05
6.05195e-06
7.27436e-05
7.46871e-06
7.37388e-05
9.25392e-06
7.47209e-05
1.06275e-05
7.62988e-05
1.20492e-05
7.76685e-05
1.31237e-05
7.93155e-05
1.38088e-05
8.24271e-05
1.19048e-05
8.713e-05
9.71506e-06
9.03789e-05
1.03007e-05
9.16606e-05
1.09649e-05
9.34929e-05
9.3383e-06
9.60029e-05
5.3616e-07
9.83054e-05
5.24629e-06
-4.79043e-05
-1.79812e-07
4.86203e-05
-4.14494e-05
4.15296e-05
-2.44194e-07
1.63944e-07
1.77224e-06
7.10033e-05
-1.03412e-06
5.1809e-06
6.9335e-05
9.13425e-06
6.97855e-05
1.23224e-05
7.15327e-05
1.5044e-05
7.35771e-05
1.58897e-05
7.68228e-05
1.44453e-05
8.07599e-05
1.29389e-05
8.39335e-05
1.36812e-05
8.63877e-05
1.4101e-05
8.99591e-05
1.03318e-05
9.54298e-05
5.44611e-06
9.83785e-05
2.79107e-06
9.86579e-05
-9.30294e-07
9.84923e-05
3.53441e-06
-4.98543e-05
-8.64097e-07
4.97881e-05
-4.27708e-05
4.26747e-05
-1.01938e-07
1.98071e-07
2.78787e-06
2.63269e-06
6.08225e-06
9.91495e-06
1.43147e-05
1.65846e-05
1.84493e-05
2.06998e-05
2.08185e-05
8.38148e-05
1.76711e-05
8.95351e-05
1.44968e-05
9.31334e-05
1.37973e-05
9.61293e-05
1.35192e-05
9.86566e-05
1.12685e-05
0.000100909
8.03897e-07
0.0001028
6.15707e-06
-4.99396e-05
-2.69268e-07
5.10127e-05
-4.38857e-05
4.39031e-05
-2.37425e-07
2.20023e-07
2.29763e-05
8.57195e-05
2.18296e-05
9.06818e-05
1.85487e-05
9.64143e-05
1.32104e-05
0.000101468
8.05369e-06
0.000103813
5.5362e-06
0.000103426
-6.26591e-07
0.000104365
4.59789e-06
-5.22878e-05
-9.59223e-07
5.26204e-05
-4.54316e-05
4.52434e-05
-7.37962e-08
2.61963e-07
3.12853e-05
8.81725e-05
2.6904e-05
9.5063e-05
2.34405e-05
9.98779e-05
1.97665e-05
0.000105142
1.92259e-05
0.000104354
1.46716e-05
0.00010798
9.23246e-07
0.000110498
7.61498e-06
-5.30242e-05
-5.12009e-07
5.44595e-05
-4.68115e-05
4.68874e-05
-3.53639e-07
2.77728e-07
3.47662e-05
3.26638e-05
2.73748e-05
1.9778e-05
1.21118e-05
8.39595e-06
1.37392e-06
5.95661e-06
-5.58023e-05
6.60801e-07
5.65155e-05
-4.92457e-05
4.97135e-05
-7.30474e-07
2.62664e-07
2.46216e-06
3.35702e-05
-6.6283e-07
1.26279e-07
-1.60458e-07
4.15428e-05
3.59856e-08
3.46236e-09
4.14002e-05
-2.29946e-08
1.44166e-08
4.13277e-05
-6.1168e-09
1.05878e-08
4.13001e-05
-1.28329e-08
1.4443e-08
4.13007e-05
-1.81129e-08
2.41745e-08
4.12955e-05
-2.07999e-08
1.78229e-08
4.13044e-05
-2.17892e-08
2.49144e-08
4.12983e-05
-2.69255e-08
2.63004e-08
4.1302e-05
-2.60969e-08
2.86336e-08
4.12989e-05
-2.82519e-08
2.92025e-08
4.13004e-05
-3.10344e-08
3.1369e-08
4.13011e-05
-3.14116e-08
2.71359e-08
4.13057e-05
-2.5581e-08
2.69635e-08
4.13e-05
-2.71444e-08
2.67399e-08
4.13018e-05
-2.75581e-08
2.41711e-08
4.13048e-05
-1.88536e-08
1.51806e-08
4.13051e-05
-6.88061e-09
-7.50556e-09
4.13162e-05
1.91319e-08
-3.21135e-08
4.13161e-05
3.71961e-08
-3.9147e-08
4.13099e-05
3.96343e-08
-2.68579e-08
4.13405e-05
-1.07813e-08
2.06976e-07
4.14269e-05
-2.13437e-07
-2.4084e-06
4.12386e-05
-6.47965e-07
3.66426e-05
-1.11361e-06
3.77916e-05
-1.01907e-08
-1.13877e-06
-1.61372e-07
-1.11229e-06
3.82869e-05
-1.15613e-06
3.85465e-05
9.16356e-07
-1.17597e-06
7.51126e-07
-1.1122e-06
3.86557e-05
-1.07454e-06
3.86338e-05
9.45579e-07
-9.23708e-07
7.95024e-07
-8.63009e-07
3.85346e-05
-7.53592e-07
3.83629e-05
7.91563e-07
-6.19853e-07
6.14784e-07
-5.5966e-07
3.81885e-05
-5.3577e-07
3.80006e-05
6.61176e-07
-4.73242e-07
4.90571e-07
-4.09544e-07
3.77967e-05
-4.33931e-07
3.75845e-05
6.05963e-07
-3.93781e-07
3.97755e-07
-3.29179e-07
3.73805e-05
-3.56509e-07
3.71588e-05
5.48725e-07
-3.2707e-07
2.78299e-07
-2.47105e-07
3.69405e-05
-2.96325e-07
3.67294e-05
4.71417e-07
-2.60288e-07
2.0923e-07
-1.87279e-07
3.65076e-05
-2.34516e-07
3.62998e-05
4.12018e-07
-2.0424e-07
7.84919e-08
-1.10929e-07
3.61051e-05
-1.65238e-07
3.59243e-05
3.18088e-07
-1.37351e-07
-2.64667e-08
-4.62204e-08
3.57462e-05
-1.08336e-07
3.56045e-05
2.14963e-07
-7.33241e-08
-1.42208e-07
2.56796e-08
3.5466e-05
-5.66183e-08
3.53429e-05
1.2822e-07
-5.1904e-09
-3.33887e-07
1.595e-07
3.52284e-05
4.07355e-08
3.51311e-05
5.84941e-09
9.1507e-08
-4.65773e-07
2.46086e-07
3.5031e-05
1.4457e-07
3.49201e-05
-6.26717e-08
1.73571e-07
-6.39414e-07
3.14815e-07
3.48705e-05
2.05033e-07
3.48948e-05
-2.47687e-07
2.23394e-07
-7.05122e-07
3.02719e-07
3.47732e-05
1.12122e-07
3.49923e-05
-4.45767e-07
2.26683e-07
-8.18287e-07
3.36664e-07
3.48663e-05
1.26734e-07
3.52039e-05
-5.56179e-07
2.18592e-07
-1.10439e-06
3.64895e-07
3.50748e-05
1.59578e-07
3.55421e-05
-7.74306e-07
3.06974e-07
-1.26016e-06
4.49617e-07
3.53493e-05
1.84131e-07
-1.1105e-06
4.1387e-07
-1.72765e-06
4.86466e-07
-1.79702e-06
5.85988e-07
-2.16184e-06
6.33332e-07
-2.32563e-06
7.57589e-07
-3.09553e-06
7.37213e-07
-2.54912e-06
6.86911e-07
-5.3498e-06
8.25076e-05
-3.71796e-06
7.82574e-05
-2.50946e-06
7.55351e-05
-7.75234e-07
7.26651e-05
7.10783e-05
-7.30082e-06
-8.17913e-06
-6.67161e-06
-5.40519e-06
4.08689e-05
5.39261e-07
-5.24564e-07
4.08542e-05
4.12804e-05
3.36651e-07
-1.79224e-07
4.1123e-05
4.12827e-05
3.031e-08
-6.2801e-09
4.12587e-05
4.1287e-05
-1.52992e-08
3.22093e-08
4.127e-05
4.12894e-05
-4.99199e-08
5.68233e-08
4.12825e-05
4.13008e-05
-4.86309e-08
5.42292e-08
4.12952e-05
4.12926e-05
-7.63462e-08
8.35028e-08
4.12855e-05
4.13e-05
-8.18232e-08
8.74454e-08
4.12944e-05
4.13025e-05
-1.05297e-07
1.11385e-07
4.12964e-05
4.13004e-05
-1.11868e-07
1.18143e-07
4.12942e-05
4.12977e-05
-1.10892e-07
1.08006e-07
4.13006e-05
4.13055e-05
-1.15781e-07
1.26397e-07
4.12949e-05
4.12997e-05
-1.39268e-07
1.39928e-07
4.12991e-05
4.12963e-05
-1.41711e-07
1.31564e-07
4.13064e-05
4.13033e-05
-1.26997e-07
1.23414e-07
4.13069e-05
4.13079e-05
-1.26039e-07
1.16193e-07
4.13177e-05
4.13068e-05
-1.10464e-07
1.07058e-07
4.13102e-05
4.12909e-05
-9.88467e-08
5.64415e-08
4.13333e-05
4.12859e-05
-1.80375e-08
-1.53596e-08
4.13193e-05
4.12906e-05
3.08186e-08
-4.25844e-08
4.13023e-05
4.13207e-05
2.82061e-08
9.26944e-08
4.11998e-05
4.13127e-05
-2.86895e-07
8.2224e-07
4.07774e-05
4.03682e-05
-9.51752e-07
4.11585e-05
4.11709e-05
-5.19134e-07
2.06087e-07
4.1484e-05
4.10671e-05
3.76739e-08
-7.25227e-08
4.11019e-05
4.12096e-05
-1.30876e-07
5.31654e-08
4.12656e-05
-1.52469e-07
8.32604e-08
4.1289e-05
-1.57193e-07
1.2372e-07
4.12903e-05
-1.77308e-07
1.45737e-07
4.12922e-05
-1.8403e-07
1.61815e-07
4.12862e-05
-1.97075e-07
1.84956e-07
4.12899e-05
-2.10406e-07
2.04979e-07
4.12949e-05
-2.22094e-07
2.21538e-07
4.1292e-05
-2.35092e-07
2.37696e-07
4.12923e-05
-2.40639e-07
2.36165e-07
4.13022e-05
-2.33105e-07
2.38993e-07
4.13149e-05
-2.39291e-07
2.47757e-07
4.1322e-05
-2.28037e-07
2.41079e-07
4.13224e-05
-2.19916e-07
2.37488e-07
4.13274e-05
-1.99728e-07
2.25651e-07
4.13075e-05
-1.67731e-07
1.66534e-07
4.13192e-05
-5.33755e-08
7.00284e-08
4.12366e-05
5.04325e-08
-4.32908e-08
4.11975e-05
1.80447e-07
-1.05869e-08
4.11519e-05
7.39141e-08
1.54044e-07
4.13986e-05
5.46465e-08
4.20951e-05
4.17201e-05
-7.48392e-07
5.42381e-07
4.19261e-05
4.1388e-05
-3.84769e-07
4.14709e-05
4.21733e-05
2.68894e-07
4.26994e-05
4.20626e-05
-7.27669e-07
6.15961e-07
4.21743e-05
4.16342e-05
-5.20394e-07
4.16294e-05
4.26049e-05
2.28085e-07
4.29916e-05
4.22248e-05
-6.40667e-07
6.00265e-07
4.22652e-05
4.17698e-05
-5.59115e-07
4.17788e-05
4.28054e-05
9.90111e-08
4.3197e-05
4.23264e-05
-6.11733e-07
5.68941e-07
4.23692e-05
4.18624e-05
-5.51534e-07
4.18368e-05
4.29972e-05
-3.12583e-08
4.34262e-05
4.2385e-05
-5.60472e-07
5.42511e-07
4.2403e-05
4.18966e-05
-5.3478e-07
4.18676e-05
4.31441e-05
-2.36357e-07
4.36587e-05
4.24128e-05
-4.92507e-07
5.03075e-07
4.24022e-05
4.19021e-05
-5.20252e-07
4.18578e-05
4.33393e-05
-3.33577e-07
4.38821e-05
4.24071e-05
-4.41788e-07
4.50201e-07
4.23987e-05
4.18931e-05
-4.74784e-07
4.18455e-05
4.34941e-05
-6.19301e-07
4.41919e-05
4.23886e-05
-3.48441e-07
3.65695e-07
4.23714e-05
4.18562e-05
-4.06636e-07
4.18057e-05
4.36831e-05
-8.43874e-07
4.45005e-05
4.23647e-05
-2.46386e-07
2.67221e-07
4.23439e-05
4.1832e-05
-3.01398e-07
4.1786e-05
4.41363e-05
-8.77303e-07
4.48714e-05
4.23391e-05
-1.46896e-07
1.70891e-07
4.23151e-05
4.17657e-05
-2.28642e-07
4.16804e-05
4.4297e-05
-1.09052e-06
4.50537e-05
4.2293e-05
1.22372e-09
1.74987e-08
4.22743e-05
4.17429e-05
-5.56165e-08
4.17165e-05
4.47065e-05
-1.42286e-06
4.56636e-05
4.2272e-05
1.675e-08
-5.1124e-09
4.22604e-05
4.16848e-05
2.8628e-08
4.15781e-05
4.4983e-05
-1.49363e-06
4.58372e-05
4.22225e-05
2.78449e-07
-2.42849e-07
4.21869e-05
4.17409e-05
1.718e-07
4.16791e-05
4.55282e-05
-2.07261e-06
4.68956e-05
4.22243e-05
7.14035e-07
-7.34143e-07
4.22444e-05
4.18837e-05
5.19696e-07
4.16129e-05
4.61953e-05
-1.59432e-06
4.69713e-05
4.23621e-05
9.3568e-07
-8.99803e-07
4.23263e-05
4.18771e-05
7.01e-07
4.19458e-05
4.65437e-05
-2.81669e-06
4.8256e-05
4.26484e-05
1.43172e-06
-1.28243e-06
4.24991e-05
4.20216e-05
8.36118e-07
4.17227e-05
4.73473e-05
-2.37004e-06
4.84572e-05
4.27297e-05
1.94085e-06
-2.37401e-06
4.23987e-05
2.45931e-06
4.80332e-05
-4.01226e-06
5.03178e-05
4.93518e-05
-3.38295e-06
5.09377e-05
5.0431e-05
-4.88198e-06
5.31512e-05
5.21182e-05
-4.19408e-06
5.39866e-05
5.3121e-05
-6.27214e-06
5.62976e-05
5.62279e-05
-5.38089e-06
-1.0097e-06
-8.39777e-06
8.27968e-06
-7.58784e-06
6.57814e-06
-8.88509e-07
-8.10567e-06
7.84793e-06
-5.63986e-06
4.75135e-06
-6.8358e-07
-7.53381e-06
7.14906e-06
-3.95327e-06
3.26969e-06
-3.31071e-07
-6.76762e-06
6.37013e-06
-2.78813e-06
2.45706e-06
-1.59399e-07
-6.0303e-06
5.70955e-06
-2.23723e-06
2.07783e-06
-9.76928e-08
-5.42231e-06
5.15273e-06
-1.95553e-06
1.85783e-06
-7.33118e-08
-4.90764e-06
4.68456e-06
-1.77375e-06
1.70044e-06
-5.70668e-08
-4.49331e-06
4.3198e-06
-1.64458e-06
1.58751e-06
-3.77159e-08
-4.17444e-06
4.05097e-06
-1.5456e-06
1.50788e-06
-3.03606e-08
-3.95946e-06
3.86739e-06
-1.48847e-06
1.45811e-06
-3.08815e-09
-3.82557e-06
3.79448e-06
-1.4537e-06
1.45062e-06
1.19246e-08
-3.81254e-06
3.8696e-06
-1.45823e-06
1.47016e-06
3.13188e-08
-3.97906e-06
4.07746e-06
-1.52019e-06
1.55151e-06
5.43072e-08
-4.24521e-06
4.36944e-06
-1.62985e-06
1.68416e-06
6.09985e-08
-4.56394e-06
4.66358e-06
-1.80446e-06
1.86546e-06
6.29619e-08
-4.84762e-06
4.96108e-06
-1.98414e-06
2.0471e-06
5.27037e-08
-5.15779e-06
5.25175e-06
-2.18706e-06
2.23976e-06
6.20551e-08
-5.47374e-06
5.60462e-06
-2.38266e-06
2.44472e-06
5.92397e-08
-5.86619e-06
5.9709e-06
-2.63276e-06
2.692e-06
5.98473e-08
-6.25961e-06
6.39783e-06
-2.88976e-06
2.94961e-06
8.06483e-08
-6.7407e-06
6.88008e-06
-3.19272e-06
3.27337e-06
9.55294e-08
-7.25046e-06
7.41689e-06
-3.53632e-06
3.63185e-06
1.0631e-07
-7.84804e-06
8.01945e-06
-3.9583e-06
4.06461e-06
9.86323e-08
-8.4465e-06
8.61053e-06
-4.37478e-06
4.47341e-06
-7.28945e-07
-9.38283e-07
-7.9808e-07
-4.81559e-07
-2.19828e-07
-1.22306e-07
-8.40837e-08
-5.58592e-08
-4.19162e-08
-1.94139e-08
-4.40134e-09
7.61659e-09
5.00329e-08
7.83395e-08
1.20308e-07
1.18676e-07
1.39955e-07
1.42902e-07
1.88046e-07
1.97756e-07
2.43116e-07
2.6295e-07
3.26448e-07
3.10172e-07
2.9224e-07
-1.00125e-06
-8.39018e-06
8.27781e-06
-7.58056e-06
6.57932e-06
-8.91718e-07
-8.09596e-06
7.83155e-06
-5.6224e-06
4.73069e-06
-6.90083e-07
-7.48685e-06
7.10239e-06
-3.89941e-06
3.20933e-06
-3.3872e-07
-6.67984e-06
6.26496e-06
-2.70818e-06
2.36946e-06
-1.79813e-07
-5.88471e-06
5.52875e-06
-2.12986e-06
1.95004e-06
-1.1949e-07
-5.19658e-06
4.88214e-06
-1.80898e-06
1.68949e-06
-9.07589e-08
-4.59258e-06
4.32683e-06
-1.58526e-06
1.4945e-06
-7.72075e-08
-4.08399e-06
3.86487e-06
-1.41027e-06
1.33306e-06
-6.30391e-08
-3.67173e-06
3.50025e-06
-1.26592e-06
1.20288e-06
-4.55567e-08
-3.35278e-06
3.2331e-06
-1.14611e-06
1.10056e-06
-3.11449e-08
-3.13301e-06
3.05582e-06
-1.0633e-06
1.03215e-06
-1.50947e-08
-3.00173e-06
2.96021e-06
-1.01291e-06
9.97816e-07
3.81636e-09
-2.95726e-06
2.99417e-06
-9.95579e-07
9.99395e-07
3.12611e-08
-3.0692e-06
3.18251e-06
-1.01588e-06
1.04714e-06
6.58113e-08
-3.31159e-06
3.45081e-06
-1.09163e-06
1.15744e-06
4.90528e-08
-3.58591e-06
3.64898e-06
-1.24574e-06
1.29479e-06
5.01761e-08
-3.77648e-06
3.85304e-06
-1.39397e-06
1.44415e-06
5.01112e-08
-3.98658e-06
4.09605e-06
-1.5292e-06
1.57931e-06
6.11412e-08
-4.28659e-06
4.40958e-06
-1.69574e-06
1.75688e-06
-7.36222e-07
-9.56912e-07
-8.31272e-07
-5.01156e-07
-2.396e-07
-1.41064e-07
-1.04226e-07
-8.42294e-08
-6.71469e-08
-5.67665e-08
-3.726e-08
-1.92401e-08
-2.23704e-09
1.64855e-08
4.44847e-08
8.82988e-08
9.91794e-08
8.50509e-08
1.16428e-07
1.67092e-07
2.69247e-06
-3.94321e-06
2.38298e-05
-1.6851e-06
3.55534e-06
-7.43649e-07
-2.27953e-05
1.86963e-06
-2.75529e-05
3.74189e-06
-2.15069e-05
2.73437e-06
-5.94032e-06
-4.27952e-06
2.28785e-05
-1.54214e-05
5.33585e-05
-3.38329e-05
8.78572e-05
-4.69301e-05
0.00011993
-4.2723e-05
0.000132645
-3.57857e-05
0.000134444
-2.8939e-05
0.000131716
-2.2193e-05
0.000129611
-1.71437e-05
0.000130387
-1.34784e-05
0.000129741
-4.08787e-06
0.000128521
-5.61918e-06
-3.33568e-06
6.49977e-05
3.84682e-05
2.4009e-06
-2.48986e-07
-1.36274e-05
1.20411e-05
5.1417e-06
-1.7424e-05
-1.89987e-05
-1.84788e-05
-2.64982e-05
-2.0077e-05
-1.99087e-05
-2.48256e-05
-1.19171e-06
-3.39827e-05
3.20356e-05
-4.75909e-05
6.69668e-05
-5.89669e-05
9.92332e-05
-5.63022e-05
0.000117265
-4.80701e-05
0.000124413
-3.92734e-05
0.000125647
-3.17205e-05
0.000124163
-2.57071e-05
0.000123597
-1.95521e-05
0.000124232
-1.42164e-05
0.000124405
-3.97627e-06
0.000123608
-5.3272e-06
-6.34927e-05
-3.02963e-06
6.25461e-05
-3.65855e-05
3.46515e-05
1.9729e-06
-3.88885e-08
-3.36975e-05
4.32807e-05
-2.67988e-05
-2.02442e-05
-1.40391e-05
-3.74506e-06
-6.09487e-05
-2.69507e-06
-3.29419e-05
1.53656e-06
1.72755e-07
2.01938e-06
-1.36682e-07
1.65969e-06
4.98978e-08
6.14312e-05
4.11423e-06
5.93363e-05
5.82796e-05
3.72981e-06
5.62095e-05
-2.78357e-05
1.81428e-05
-3.81226e-05
-4.2771e-05
-5.03102e-05
-6.05673e-05
-7.01141e-05
-7.57108e-05
-7.0838e-05
-6.12815e-05
-5.24317e-05
-6.63048e-08
-1.81961e-06
-1.98369e-06
-1.22915e-08
1.92214e-06
-1.94874e-06
2.01785e-06
-2.03014e-06
4.24513e-08
1.90258e-06
2.02639e-06
-3.41556e-08
3.74495e-09
-7.12264e-08
-8.96251e-08
-6.72697e-05
4.27578e-07
-7.79347e-07
-6.9257e-05
-5.68726e-06
1.36416e-06
-0.000137226
-9.82261e-06
-0.000134019
-8.03885e-06
-0.000103565
-2.91872e-05
-4.61651e-05
2.99786e-07
-6.93995e-05
-6.88821e-05
-1.40604e-06
1.1923e-06
6.65863e-05
-8.15628e-07
4.15993e-07
6.80012e-05
-1.77527e-06
0.000135143
-2.01791e-08
-4.55548e-08
-1.88395e-06
0.000132934
0.000108818
-8.60949e-07
-6.68236e-05
6.64772e-07
6.70198e-05
-6.8347e-05
-1.41428e-07
-2.2321e-07
6.87116e-05
-3.95241e-06
6.97807e-07
1.1722e-06
-5.03736e-06
2.15756e-07
4.79473e-05
-6.32935e-07
4.7223e-05
1.18123e-06
-4.56882e-07
4.66161e-05
-2.54077e-07
4.19158e-07
3.1864e-08
6.81951e-05
-9.43856e-07
5.53778e-07
6.85852e-05
6.774e-05
-2.08031e-07
6.79025e-05
6.91085e-05
-1.69264e-07
-1.21783e-07
6.83771e-05
6.67154e-07
8.35479e-08
6.06634e-07
-1.46304e-06
1.54659e-06
-2.52966e-07
-3.85365e-07
-1.08876e-06
-1.72829e-07
6.21796e-07
-7.03044e-07
1.30922e-06
-1.48204e-06
-2.20451e-07
-6.45462e-08
)
;

boundaryField
{
    inlet
    {
        type            calculated;
        value           nonuniform List<scalar> 
52
(
-3.53695e-05
-4.15086e-05
-3.86167e-05
-4.14397e-05
-4.16231e-05
-4.13191e-05
-4.13532e-05
-4.13045e-05
-4.13079e-05
-4.13023e-05
-4.13031e-05
-4.13015e-05
-4.13018e-05
-4.13014e-05
-4.13014e-05
-4.13014e-05
-4.13014e-05
-4.13014e-05
-4.13014e-05
-4.13014e-05
-4.13014e-05
-4.13014e-05
-4.13014e-05
-4.13014e-05
-4.13014e-05
-4.13014e-05
-4.13014e-05
-4.13014e-05
-4.13014e-05
-4.13014e-05
-4.13014e-05
-4.13014e-05
-4.13014e-05
-4.13014e-05
-4.13014e-05
-4.13018e-05
-4.13015e-05
-4.13031e-05
-4.13023e-05
-4.13079e-05
-4.13045e-05
-4.13532e-05
-4.13191e-05
-4.16231e-05
-4.14397e-05
-3.86167e-05
-4.15086e-05
-3.53695e-05
-8.31679e-06
-8.31679e-06
-8.31679e-06
-8.31679e-06
)
;
    }
    outlet
    {
        type            calculated;
        value           nonuniform List<scalar> 0();
    }
    wall
    {
        type            calculated;
        value           uniform 0;
    }
    empty_zmin
    {
        type            empty;
    }
    empty_zmax
    {
        type            empty;
    }
    procBoundary0to1
    {
        type            processor;
        value           nonuniform List<scalar> 
35
(
0.00011458
0.000116699
0.000117677
0.0001182
-4.99158e-06
0.000118306
5.98987e-05
3.12326e-05
5.5051e-05
2.1734e-05
-8.71175e-06
-2.18498e-05
-1.23694e-05
9.0654e-06
4.15824e-05
7.25634e-05
9.43604e-05
0.000107709
0.000115563
0.000116497
-1.77228e-06
-1.98394e-06
6.74306e-05
6.96087e-05
0.000139838
1.711e-06
0.000138155
0.000101781
3.92911e-05
4.57941e-05
6.97375e-05
6.94669e-05
-3.90396e-07
-1.26442e-06
-1.98619e-07
)
;
    }
}


// ************************************************************************* //
