/*--------------------------------*- C++ -*----------------------------------*\
| =========                 |                                                 |
| \\      /  F ield         | OpenFOAM: The Open Source CFD Toolbox           |
|  \\    /   O peration     | Version:  2406                                  |
|   \\  /    A nd           | Website:  www.openfoam.com                      |
|    \\/     M anipulation  |                                                 |
\*---------------------------------------------------------------------------*/
FoamFile
{
    version     2.0;
    format      ascii;
    arch        "LSB;label=32;scalar=64";
    class       volScalarField;
    location    "2.29";
    object      Co;
}
// * * * * * * * * * * * * * * * * * * * * * * * * * * * * * * * * * * * * * //

dimensions      [0 0 0 0 0 0 0];

internalField   nonuniform List<scalar> 
2367
(
0.0664735
0.091531
0.0884576
0.0833308
0.0757126
0.0853366
0.128431
0.14031
0.0172629
0.021687
0.072178
0.169261
0.191263
0.0994509
0.100813
0.0869394
0.0575736
0.0553664
0.0519338
0.0451797
0.0524798
0.0576612
0.0521848
0.0655872
0.0826062
0.0845712
0.0832775
0.0818923
0.0788925
0.0760789
0.0739798
0.0713958
0.0687592
0.133591
0.0821858
0.166328
0.196907
0.102582
0.104069
0.0929945
0.0644583
0.0607993
0.0563139
0.0513975
0.0481444
0.0551292
0.0530413
0.0606103
0.0697613
0.0767778
0.075277
0.0742275
0.071372
0.0685599
0.0673958
0.0656907
0.064063
0.125461
0.0774402
0.155534
0.203161
0.106257
0.108713
0.102326
0.0756017
0.0641631
0.0591569
0.0521815
0.0468061
0.0468829
0.0501505
0.0518016
0.0554755
0.0676618
0.0671312
0.0662258
0.0642792
0.0622371
0.0628178
0.0620268
0.0609937
0.119055
0.0758536
0.113325
0.107093
0.0991014
0.079517
0.0882478
0.0753683
0.0763661
0.0630136
0.0510478
0.0756021
0.13175
0.207622
0.110712
0.116262
0.114526
0.0907494
0.0667922
0.0569736
0.0484458
0.0430258
0.0373617
0.0386117
0.040867
0.0443371
0.0551137
0.0553655
0.0556978
0.0570911
0.0585963
0.0604499
0.0596545
0.0580653
0.113169
0.0756505
0.0973111
0.206795
0.112221
0.118482
0.120921
0.110001
0.0846569
0.0596419
0.0434563
0.0362304
0.0294351
0.024854
0.0269427
0.0317138
0.0402323
0.0438883
0.0477631
0.0510149
0.0545461
0.0557194
0.0551838
0.0544074
0.108301
0.0765004
0.0677126
0.199471
0.113013
0.118017
0.122159
0.119942
0.106101
0.0831144
0.0600862
0.0397809
0.0228152
0.0140443
0.014033
0.0190428
0.0263231
0.0335863
0.042964
0.0468348
0.049148
0.049913
0.0518927
0.0537358
0.107622
0.0788721
0.0524332
0.181556
0.111684
0.115816
0.120504
0.121458
0.116967
0.102478
0.0845353
0.0645276
0.0457032
0.0290269
0.0181178
0.0141066
0.0173712
0.025707
0.0380694
0.0440192
0.047709
0.0509867
0.0535114
0.0547561
0.108427
0.0822775
0.0394483
0.156571
0.106354
0.110355
0.115485
0.118353
0.117967
0.109489
0.0981934
0.0818359
0.0672394
0.0510146
0.0387263
0.0310372
0.0270672
0.0273581
0.037475
0.0465519
0.0503456
0.0532262
0.0551808
0.0560813
0.110553
0.0862131
0.020887
0.128739
0.0944641
0.100191
0.105461
0.109878
0.112583
0.109206
0.102773
0.0898466
0.0792465
0.066639
0.0559676
0.0484508
0.0433538
0.0391089
0.0417547
0.048519
0.0531793
0.0554671
0.0564276
0.0569312
0.112514
0.0900813
0.0242696
0.111767
0.0801418
0.0890401
0.0947624
0.099505
0.102827
0.103049
0.100746
0.0924788
0.085121
0.0760682
0.067372
0.060938
0.0564818
0.0519889
0.049565
0.0515531
0.0567778
0.0596849
0.059151
0.0583621
0.114936
0.0943774
0.0395406
0.111382
0.0695632
0.0781754
0.0846788
0.0891656
0.0921641
0.0938871
0.0949558
0.0915162
0.0866998
0.080335
0.0746149
0.0697501
0.0665335
0.0639034
0.0602676
0.0582039
0.0609906
0.0651412
0.0645009
0.0619936
0.118732
0.0993232
0.0506825
0.099788
0.0605229
0.0681184
0.0754373
0.0803828
0.083933
0.0851467
0.0871742
0.0859827
0.0850338
0.081353
0.0796271
0.0768763
0.0754903
0.0741735
0.0716296
0.0686698
0.068255
0.0717324
0.0720653
0.0680659
0.125677
0.104935
0.0566321
0.0872496
0.053374
0.0606285
0.0675396
0.0726318
0.0760499
0.0770274
0.0807761
0.0802171
0.0829464
0.08201
0.0842485
0.0836996
0.0847113
0.0844462
0.0839054
0.0801664
0.0769485
0.0773112
0.0781313
0.0735798
0.133826
0.108795
0.0596021
0.0787376
0.0471203
0.0547486
0.0603954
0.065583
0.0689544
0.0714441
0.0766673
0.0771902
0.0822724
0.0832511
0.0874827
0.0889982
0.0918889
0.0923895
0.0930632
0.0883655
0.0836633
0.0808013
0.0805359
0.0751081
0.139514
0.108848
0.061044
0.0732115
0.0422223
0.0486786
0.053502
0.0583253
0.0615368
0.0653466
0.0712405
0.0739827
0.0799331
0.0828995
0.0881367
0.091018
0.0946631
0.097056
0.099022
0.094244
0.0879424
0.0832045
0.0815937
0.0776205
0.149539
0.103562
0.0612743
0.068809
0.0386393
0.0431695
0.0475511
0.05222
0.0559578
0.0601403
0.0650295
0.0684909
0.0742593
0.0795663
0.0860664
0.0905239
0.0937295
0.0971414
0.100684
0.0987726
0.0920649
0.086889
0.085606
0.0845333
0.164795
0.0827128
0.0608756
0.0662797
0.0362
0.0386725
0.0414868
0.0447639
0.0475945
0.0509788
0.0550976
0.05919
0.0645258
0.0704396
0.0772859
0.084024
0.0896686
0.0949864
0.0999674
0.101853
0.096788
0.0914187
0.091651
0.0931832
0.172333
0.0643974
0.0608889
0.0653928
0.0342616
0.0350325
0.0361439
0.0380363
0.0398571
0.0420691
0.044505
0.0477411
0.052719
0.0587192
0.0653287
0.0713312
0.0781779
0.0855455
0.0932052
0.0991914
0.0981528
0.0985608
0.103086
0.10161
0.170116
0.054566
0.0610268
0.0645555
0.0321213
0.0316722
0.0312307
0.0310412
0.0311474
0.0322295
0.0338122
0.0366355
0.0409714
0.0470513
0.0548932
0.061244
0.0680096
0.0757752
0.0844435
0.092511
0.101155
0.110075
0.112986
0.105484
0.149693
0.0426414
0.0611088
0.0630788
0.0297634
0.0284818
0.0271285
0.025295
0.0238969
0.0237039
0.0240962
0.0265596
0.0312836
0.0383494
0.0470697
0.0554008
0.0635199
0.0733549
0.087223
0.103276
0.113907
0.117678
0.115601
0.103692
0.126131
0.0301297
0.0610538
0.0609832
0.0275628
0.0263055
0.0251361
0.0232537
0.0222782
0.0227996
0.0240983
0.0275147
0.0333094
0.041801
0.0512885
0.0614409
0.0731591
0.0867889
0.101941
0.114096
0.118178
0.117956
0.112923
0.0966008
0.105912
0.0129614
0.0611194
0.0611883
0.0280045
0.0286134
0.0303113
0.0302856
0.0305606
0.0325173
0.0351479
0.0397917
0.0465467
0.0559776
0.0661849
0.0776711
0.0897158
0.101715
0.111749
0.117026
0.117201
0.114827
0.106218
0.0859619
0.0858193
0.00295268
0.0638315
0.0631659
0.0303992
0.0326577
0.0349043
0.0353605
0.0367353
0.0401351
0.0440687
0.050564
0.0585239
0.0687737
0.0788356
0.0894428
0.0989908
0.107552
0.113686
0.115672
0.113212
0.107901
0.0956742
0.0787067
0.0921195
0.0149172
0.0661102
0.0657633
0.0313492
0.0353699
0.0385335
0.0402398
0.0431582
0.0479357
0.0523326
0.059145
0.0664435
0.075668
0.0847775
0.0938551
0.101892
0.108557
0.111814
0.110892
0.106506
0.0987897
0.0867188
0.0677736
0.0669541
0.0326355
0.0385328
0.0427333
0.0454799
0.048908
0.0534019
0.0571633
0.0636565
0.071021
0.0790246
0.0870506
0.0944226
0.101114
0.105093
0.105657
0.103161
0.0983902
0.0896841
0.0792156
0.0692793
0.0682047
0.0360764
0.0427059
0.0469954
0.0498453
0.0527935
0.0571086
0.0616186
0.0679548
0.0746536
0.080681
0.0873041
0.0930294
0.0975917
0.0990332
0.0984779
0.09546
0.0904752
0.0820728
0.0701021
0.0701769
0.0407537
0.0465356
0.0501717
0.0532836
0.056037
0.0603798
0.0649491
0.0698914
0.0755348
0.0807688
0.0861533
0.0896093
0.0920238
0.0925634
0.0405191
0.0319845
0.0759165
0.0257165
0.0212256
0.077429
0.0179571
0.0147864
0.08062
0.0101093
0.00977733
0.0844612
0.0147352
0.018119
0.088306
0.0181714
0.0175188
0.0924739
0.0162607
0.0115514
0.0969344
0.0112431
0.017967
0.102147
0.0251814
0.0308763
0.107601
0.0353896
0.0390032
0.109328
0.0418361
0.044008
0.107929
0.0456012
0.0468262
0.0941259
0.0477416
0.0484888
0.0721759
0.0488634
0.0490024
0.0595645
0.0490856
0.0488294
0.0485781
0.0482254
0.0472149
0.03701
0.0456551
0.0437089
0.021969
0.041639
0.0399438
0.00615237
0.03901
0.0393089
0.00773407
0.0401413
0.0412008
0.02262
0.0420022
0.0426035
0.0432511
0.0440406
0.0448171
0.0456515
0.0468439
0.0484526
0.185563
0.171101
0.189187
0.188959
0.186387
0.18836
0.16796
0.194333
0.196853
0.193741
0.12338
0.120512
0.132074
0.190606
0.192238
0.162541
0.199978
0.203272
0.199983
0.115784
0.113562
0.123694
0.192699
0.191612
0.145386
0.206517
0.210448
0.205778
0.110504
0.10886
0.117511
0.18849
0.183365
0.115379
0.214875
0.215649
0.207192
0.106416
0.10515
0.111197
0.174569
0.16123
0.0808199
0.216908
0.218962
0.203853
0.104143
0.103586
0.107105
0.145964
0.12942
0.0587758
0.218304
0.218262
0.192392
0.104004
0.104486
0.107955
0.113918
0.101081
0.04653
0.213374
0.210617
0.169807
0.104838
0.106321
0.10976
0.0906991
0.0797821
0.0304937
0.200331
0.191787
0.143727
0.10704
0.108874
0.112376
0.0682016
0.0574539
0.017606
0.174145
0.160762
0.113701
0.109478
0.111791
0.114949
0.0635493
0.0692168
0.0317829
0.14535
0.136983
0.112735
0.112403
0.114807
0.117271
0.0738965
0.075623
0.0458648
0.129747
0.119957
0.106332
0.116091
0.119232
0.122751
0.0756035
0.0745867
0.0541359
0.111334
0.103433
0.0932707
0.121666
0.124959
0.130903
0.0731879
0.0716926
0.0584078
0.096635
0.0916998
0.0825718
0.12665
0.130323
0.139756
0.0702186
0.0690643
0.0605576
0.086537
0.0823379
0.0759076
0.132279
0.135312
0.140445
0.0678798
0.0669221
0.0612928
0.078989
0.0758509
0.0708471
0.142792
0.145668
0.157515
0.0661749
0.0653862
0.0612202
0.0729727
0.0709961
0.0673937
0.144201
0.138242
0.169859
0.0644671
0.0641758
0.0606438
0.0693964
0.0682399
0.0660074
0.127283
0.115439
0.172388
0.0640105
0.06401
0.0610139
0.0670042
0.0661082
0.0652126
0.1039
0.0929389
0.160653
0.0638117
0.0637496
0.0610895
0.0648408
0.0640002
0.0643143
0.0841418
0.077561
0.137705
0.0631529
0.0629534
0.0612354
0.061849
0.0604602
0.0625225
0.0698122
0.0611833
0.118578
0.0622495
0.061787
0.0606454
0.0578717
0.056619
0.0600937
0.0491513
0.0398434
0.0981826
0.0631733
0.0643423
0.0624316
0.0573774
0.0579706
0.0616477
0.0332371
0.0387382
0.0862975
0.065635
0.0668075
0.0651602
0.0604925
0.0616784
0.0643308
0.0461381
0.0530166
0.0940105
0.0678773
0.0687515
0.0669202
0.0628304
0.0624574
0.0662113
0.0699809
0.0712856
0.0686595
0.0630853
0.0634431
0.0674853
0.072461
0.0734268
0.0696742
0.0652998
0.0671851
0.0690182
0.0744492
0.0755964
0.0705752
0.0701662
0.0744285
0.0723343
0.0165227
0.02141
0.0123688
0.0188557
0.00700088
0.0152742
0.0146716
0.0203577
0.00983361
0.0171527
0.0052829
0.0133146
0.00670643
0.0113014
0.0134033
0.00736358
0.0189903
0.0036246
0.0245096
0.00149562
0.029945
0.00400776
0.0357543
0.00697373
0.0418726
0.0104643
0.0475927
0.0142605
0.0527039
0.0182778
0.0562259
0.0226346
0.0596582
0.0278221
0.0580131
0.0316406
0.0553237
0.0313657
0.0435151
0.0277251
0.0365739
0.0249531
0.0251466
0.0175303
0.0157712
0.00759813
0.022752
0.0158929
0.0197856
0.0214203
0.0192796
0.0201431
0.0100971
0.00933351
0.016307
0.00540602
0.0218308
0.00204691
0.0274575
0.00258499
0.0328614
0.00547993
0.039082
0.00873828
0.0449927
0.0123735
0.0502578
0.0162047
0.0549471
0.0205421
0.0578729
0.0250064
0.0599817
0.0302977
0.0569451
0.0316406
0.0491295
0.0293225
0.0405213
0.0268781
0.031144
0.0216887
0.0195291
0.0125928
0.018996
0.00948424
0.023681
0.020298
0.0199405
0.0214203
0.0156198
0.0168749
0.0106503
0.0115043
0.0151277
0.00536353
0.0101904
0.00641705
0.0110681
0.0144855
0.00654728
0.0108079
0.00641705
0.00868461
0.005981
0.00651786
0.00529604
0.00400886
0.00484632
0.00451522
0.00394507
0.0181062
0.00505193
0.0326746
0.0185344
0.0343852
0.0276657
0.031308
0.0280393
0.0239107
0.0209216
0.0106693
0.0102407
0.0123347
0.00277333
0.0158872
0.00389882
0.0171481
0.00536305
0.01732
0.00573997
0.0173562
0.00577832
0.0170111
0.00546534
0.0159849
0.00496083
0.0152189
0.00458316
0.0136046
0.00351542
0.0124139
0.0025729
0.0136331
0.00258266
0.0157123
0.00339597
0.016966
0.00390521
0.0187499
0.00457658
0.0207858
0.00537035
0.00494038
0.00496377
0.0028557
0.00452138
0.0104848
0.00291806
0.0266643
0.0116612
0.035312
0.0241886
0.0309081
0.0280393
0.0287274
0.0254915
0.0173143
0.0153746
0.00921618
0.00588006
0.0144711
0.00247615
0.0167527
0.00483199
0.0173047
0.00563387
0.0173148
0.00577832
0.0173366
0.00569851
0.0164433
0.00516169
0.0157041
0.00484473
0.0144752
0.00411717
0.0128035
0.00293611
0.0128154
0.00243273
0.0147815
0.00297271
0.0162994
0.00366947
0.0178686
0.00422784
0.0196343
0.00491858
0.0222681
0.00600369
0.0591446
0.0943032
0.0493466
0.0523422
0.0718028
0.0965755
0.030142
0.0648434
0.0958019
0.0414721
0.0363182
0.0457805
0.0721309
0.0739536
0.0939288
0.0596938
0.0641213
0.0963658
0.0675002
0.0701937
0.0955248
0.0179672
0.00278794
0.0196074
0.00431286
0.0104517
0.0127518
0.0131161
0.00472477
0.00947498
0.00843643
0.0159154
0.00250855
0.0553988
0.092479
0.0547298
0.0766577
0.0697125
0.0615615
0.0524438
0.0898256
0.0578471
0.0817949
0.0819502
0.0807675
0.0781305
0.0752881
0.0704064
0.0640876
0.0572659
0.0502462
0.0870139
0.0591406
0.0787948
0.0779862
0.0761478
0.072647
0.0698011
0.0649992
0.0593999
0.0539497
0.048875
0.0855882
0.0592423
0.0565842
0.0586862
0.059299
0.0591612
0.0855043
0.087238
0.0869417
0.0848881
0.081804
0.0752623
0.0765614
0.091782
0.0771578
0.0776938
0.0886582
0.0777639
0.0778874
0.0862075
0.0777247
0.0779385
0.0852354
0.0710515
0.0748409
0.0447274
0.0491105
0.0522165
0.0564899
0.0595648
0.0636476
0.0674906
0.071284
0.0756025
0.0796279
0.0833343
0.0727246
0.0822621
0.0477609
0.0517832
0.055131
0.0603473
0.0634701
0.0671127
0.0698116
0.0728573
0.0760476
0.0786836
0.0742681
0.0900904
0.0515094
0.0563017
0.0604888
0.0650553
0.0677867
0.0709305
0.0749013
0.0982326
0.0557251
0.0609286
0.0503203
0.0523847
0.054525
0.056561
0.0583596
0.0599053
0.0610944
0.0618635
0.0809152
0.0728786
0.07523
0.0773203
0.0784987
0.0792686
0.0656602
0.0689959
0.0713056
0.0731001
0.0747369
0.0767285
0.0781624
0.0780563
0.0779988
0.0765955
0.0747758
0.071935
0.068097
0.0655255
0.0612922
0.0565649
0.0521314
0.0477862
0.0855937
0.0588694
0.0752229
0.104124
0.0585169
0.0630736
0.0674446
0.0703334
0.0737768
0.0763413
0.0790876
0.0804819
0.0803062
0.0782683
0.0772734
0.0756853
0.0732897
0.0702459
0.0662794
0.0635534
0.0597771
0.0554565
0.0512191
0.0464351
0.0850343
0.0577405
0.0769467
0.104718
0.0594119
0.0625814
0.0659162
0.0698691
0.074376
0.0777168
0.0807353
0.0817738
0.0803822
0.078324
0.0769647
0.0750455
0.0714648
0.0682199
0.0642975
0.0614856
0.0583032
0.0541332
0.049658
0.0445259
0.0828338
0.0565002
0.0798933
0.103819
0.0594711
0.0611959
0.0647722
0.0700528
0.0742908
0.0773684
0.0789147
0.079637
0.078485
0.0777062
0.0760395
0.0734933
0.0697208
0.0661437
0.0621141
0.0587384
0.0556063
0.0513624
0.0468287
0.0419649
0.0785086
0.0553872
0.0813296
0.10079
0.0624227
0.0657454
0.0662681
0.0694052
0.0738533
0.0766059
0.0778752
0.0790829
0.079513
0.0796029
0.075953
0.0710315
0.0670696
0.0623876
0.057757
0.0541796
0.0512628
0.047562
0.0434419
0.0389528
0.0727768
0.0536274
0.0808807
0.0997336
0.0618795
0.0715275
0.0763731
0.0734974
0.0717136
0.0737993
0.075737
0.0766921
0.0761272
0.0742278
0.070046
0.0661892
0.0621512
0.0567115
0.0519449
0.0488022
0.0463831
0.0435069
0.039886
0.0357449
0.067065
0.050512
0.07882
0.0981793
0.059683
0.0729174
0.0852475
0.089832
0.0833396
0.075513
0.0729966
0.0736009
0.0725199
0.0699252
0.0657444
0.0610686
0.055235
0.0505547
0.0467112
0.0440682
0.0418628
0.039534
0.0363623
0.032712
0.062241
0.0469384
0.0764264
0.0942842
0.0566428
0.0712025
0.0887944
0.102123
0.101071
0.0916881
0.0796943
0.0720321
0.0691351
0.0657716
0.0612466
0.054884
0.0481005
0.0443832
0.0404636
0.0379768
0.0363933
0.03504
0.0327972
0.0301125
0.058459
0.0443104
0.073003
0.0869606
0.051309
0.0658881
0.0872978
0.10777
0.113268
0.108017
0.0973636
0.0833028
0.0704506
0.0616435
0.0553814
0.0483852
0.0419398
0.0373338
0.032618
0.0311172
0.0309441
0.0315477
0.0310691
0.0293565
0.0573213
0.0440469
0.0682656
0.0777332
0.0439794
0.056892
0.0800319
0.106387
0.115978
0.114673
0.109374
0.0983475
0.0836414
0.0704142
0.0593474
0.0495688
0.0418682
0.0365063
0.032596
0.0321001
0.0325296
0.0335283
0.0330126
0.0309326
0.0592323
0.045413
0.0633397
0.0677843
0.0359755
0.0452472
0.0684503
0.101175
0.114765
0.115571
0.113969
0.108656
0.0977622
0.0851481
0.0727778
0.0606864
0.0509837
0.0442886
0.0401244
0.0388915
0.0381866
0.0381064
0.0366461
0.0335374
0.0618097
0.0474834
0.059551
0.0596041
0.0289323
0.0331771
0.0521873
0.0890207
0.108274
0.112387
0.112971
0.111067
0.104954
0.0960258
0.0863017
0.0751474
0.0647492
0.056146
0.0505342
0.0474476
0.0454756
0.0442111
0.0416693
0.0373082
0.0654528
0.050428
0.0572567
0.0554138
0.0260378
0.0286382
0.0395457
0.0719203
0.0956238
0.105174
0.109509
0.110144
0.106899
0.10057
0.0934112
0.0844263
0.0748098
0.0658137
0.0589154
0.0534282
0.050445
0.0486612
0.0460588
0.0414438
0.0706471
0.0544627
0.056292
0.0571335
0.0294627
0.0339418
0.043306
0.063374
0.0789367
0.0917813
0.100665
0.104538
0.105053
0.101435
0.0958392
0.0892134
0.0810083
0.0732285
0.0672414
0.0612251
0.0572705
0.0539602
0.0512811
0.046607
0.0780029
0.0596648
0.056683
0.0598499
0.0318253
0.0374744
0.0458638
0.0602417
0.0692167
0.0783197
0.0897957
0.0958823
0.0987541
0.0985969
0.095321
0.0908587
0.0849033
0.0788719
0.0737786
0.0682909
0.0642975
0.0594774
0.0566166
0.0519085
0.0876229
0.0660947
0.0569013
0.0613162
0.0332792
0.0387819
0.0454644
0.0553982
0.0607324
0.0671877
0.0781302
0.0860785
0.0908466
0.0927558
0.0923289
0.0905775
0.0867995
0.082241
0.0783648
0.0742537
0.0704636
0.0647218
0.0610841
0.0563397
0.0982207
0.0729619
0.0569034
0.0613367
0.0340359
0.0384803
0.0432033
0.0491532
0.0540389
0.0614243
0.0702514
0.0777401
0.0834478
0.0867552
0.0877335
0.0876173
0.0861897
0.0833572
0.0809337
0.0784538
0.0757329
0.0708977
0.0659253
0.0604991
0.107378
0.0784085
0.0569585
0.0612629
0.0345769
0.0380074
0.0415653
0.0457099
0.0498654
0.0566347
0.0640401
0.0712082
0.077509
0.0818118
0.0842317
0.0859571
0.0869802
0.0854136
0.0833112
0.0809182
0.0782282
0.0740329
0.0681808
0.0631967
0.113944
0.0807084
0.057259
0.0619037
0.0346412
0.0369315
0.0395417
0.0435708
0.0479822
0.0537876
0.0603197
0.0666691
0.0732682
0.0792139
0.0829482
0.0856936
0.0872584
0.0867831
0.085463
0.0827403
0.0796583
0.0758974
0.0702129
0.0653409
0.11723
0.0800304
0.0569935
0.0620656
0.0349732
0.0365571
0.0381324
0.0403976
0.0433442
0.0480922
0.0543901
0.0612611
0.0677274
0.0744797
0.0789024
0.0827045
0.0845391
0.0841475
0.0841776
0.0830289
0.08083
0.0769215
0.0707235
0.0662793
0.118719
0.0768277
0.0556793
0.0639453
0.072688
0.075355
0.0757431
0.0750671
0.0776721
0.0833811
0.0917012
0.104758
0.11855
0.131422
0.143648
0.154181
0.165536
0.167676
0.166972
0.166638
0.163347
0.157533
0.148227
0.142308
0.115995
0.0722144
0.0729895
0.0771374
0.0831612
0.0845548
0.0841764
0.0814303
0.0749448
0.0735579
0.0791267
0.0903389
0.106419
0.119003
0.136582
0.148523
0.162818
0.173808
0.179404
0.179715
0.177863
0.172785
0.177425
0.163442
0.122905
0.0829313
0.0583363
0.0621522
0.0620307
0.0571
0.0618785
0.0614249
0.0559515
0.0606642
0.0598271
0.0547129
0.0590842
0.0584541
0.0522499
0.0578994
0.0574321
0.0487399
0.0568695
0.0560898
0.0454313
0.0550243
0.0536286
0.0438144
0.0519067
0.049946
0.0445195
0.047848
0.0457573
0.0462857
0.0437811
0.0420328
0.04885
0.0405719
0.0394598
0.0524092
0.0387007
0.0382739
0.0570374
0.0385011
0.0391518
0.0629408
0.0399038
0.0407683
0.0697114
0.0416538
0.0426241
0.076131
0.0434262
0.0443073
0.0801116
0.0452179
0.0461548
0.0806777
0.0470901
0.0477204
0.0788745
0.0481847
0.0482379
0.0741241
0.0482784
0.0509435
0.073983
0.0630554
0.0731118
0.0811243
0.0840857
0.0843406
0.0832003
0.079616
0.0742407
0.0763225
0.0831374
0.0964386
0.110453
0.124488
0.139542
0.151292
0.166492
0.17606
0.178257
0.177471
0.175114
0.171627
0.178679
0.153123
0.111923
0.0770835
0.0792834
0.0717985
0.0783597
0.0833916
0.0786884
0.0819834
0.0850033
0.0736261
0.086901
0.0905731
0.0864198
0.0880507
0.0910062
0.0747296
0.093636
0.0977959
0.0944842
0.0931829
0.094371
0.0750279
0.100691
0.105482
0.102125
0.0782424
0.0779604
0.0850442
0.0943775
0.093488
0.0756986
0.106986
0.110551
0.104982
0.0775042
0.0764718
0.0838729
0.092483
0.0914237
0.0785829
0.111026
0.113778
0.104859
0.0751178
0.0732147
0.0808792
0.0902363
0.089549
0.0807618
0.115986
0.115452
0.102101
0.0709782
0.0688881
0.0759383
0.0893162
0.0898962
0.0813966
0.115828
0.111715
0.0997174
0.066769
0.0652412
0.0701825
0.0899639
0.0898947
0.0799054
0.110632
0.105539
0.0984816
0.0635999
0.0624532
0.0649887
0.0891959
0.0882273
0.0776684
0.106155
0.10198
0.0960575
0.060942
0.0597504
0.0608301
0.0864705
0.0842648
0.0749031
0.10232
0.0968228
0.0904784
0.0581492
0.0573454
0.0577863
0.0812475
0.0779481
0.0707675
0.0936444
0.08699
0.0822566
0.0570754
0.0570041
0.0573218
0.074227
0.070548
0.0657388
0.0811238
0.075247
0.072874
0.0579331
0.0582285
0.059549
0.0669578
0.0639393
0.0612722
0.0681535
0.0634474
0.0635817
0.0595028
0.0607788
0.0631676
0.0614238
0.0597561
0.0582364
0.0575055
0.0548217
0.057048
0.0622718
0.0647192
0.0684327
0.0588131
0.0583911
0.056512
0.0519592
0.0525834
0.0553353
0.0664839
0.0699426
0.0749756
0.0590279
0.059965
0.0565355
0.0557234
0.0574884
0.0586451
0.0724058
0.0771603
0.0841154
0.0606007
0.0610202
0.0568075
0.0593133
0.0605364
0.060756
0.0803886
0.0859547
0.0947373
0.0611909
0.0611161
0.0569849
0.0616983
0.0622816
0.0615303
0.0896931
0.09482
0.104571
0.0607716
0.0603642
0.0569122
0.0628225
0.0632471
0.0612504
0.0974084
0.10008
0.112273
0.059994
0.0600454
0.0571745
0.064317
0.0648802
0.0618173
0.100146
0.0998595
0.116414
0.05985
0.0597763
0.0572188
0.0656106
0.065335
0.0621253
0.0992833
0.0987532
0.117351
0.0594441
0.0591306
0.0565188
0.0659886
0.0665059
0.0623084
0.0979538
0.0961255
0.116475
0.0592311
0.0612395
0.0566454
0.0691797
0.0713433
0.0666823
0.0740954
0.0752178
0.0739187
0.0751969
0.0762154
0.0762269
0.0746722
0.0742751
0.0759988
0.0767966
0.0737695
0.0727295
0.0801494
0.0778926
0.0747493
0.0865749
0.0838289
0.0800585
0.0962135
0.0927053
0.0882132
0.10994
0.1045
0.0999891
0.12234
0.115937
0.112332
0.135218
0.128446
0.124505
0.14516
0.139954
0.137956
0.156364
0.152352
0.149153
0.165332
0.162693
0.161691
0.166847
0.1677
0.166993
0.167218
0.166966
0.168654
0.165768
0.165158
0.167218
0.160937
0.162401
0.164735
0.152464
0.15467
0.159974
0.147464
0.155414
0.152711
0.140418
0.140829
0.147382
0.0953641
0.0963995
0.113897
0.0208042
0.00548704
0.0221292
0.00701279
0.0224753
0.00774774
0.0222623
0.00803894
0.02167
0.00638636
0.0223965
0.0074506
0.0224351
0.00793771
0.0221611
0.00811453
0.0220122
0.00813131
0.0215702
0.00809014
0.0208564
0.00790181
0.0199996
0.00754369
0.0186612
0.00679468
0.0169096
0.00567449
0.0151572
0.0043593
0.0140468
0.00327269
0.014607
0.00278825
0.016117
0.002839
0.0183381
0.00338584
0.021472
0.00454148
0.0254644
0.00640771
0.0301709
0.00898153
0.0353533
0.0122968
0.0401853
0.015969
0.0437999
0.0193838
0.0458508
0.0220146
0.0464987
0.0236856
0.0453517
0.024144
0.0438677
0.0241111
0.0481644
0.0266499
0.021826
0.00813131
0.0211991
0.00799549
0.0204689
0.00776349
0.019394
0.00722051
0.0178015
0.00627065
0.0159707
0.0050126
0.0144725
0.00374736
0.014104
0.00297394
0.0152055
0.00272421
0.0171192
0.00305251
0.0198526
0.00389881
0.0235193
0.00543112
0.0279
0.00764897
0.0329661
0.0106255
0.0380555
0.0141765
0.0423609
0.0178045
0.0451799
0.0208551
0.0463246
0.0229462
0.0462309
0.0241139
0.0447742
0.0241563
0.0455158
0.0253418
0.023882
0.00679251
0.0270437
0.00856183
0.0298178
0.0103967
0.0316677
0.0120387
0.0254566
0.0076497
0.0285405
0.00949478
0.0308761
0.0112542
0.0322047
0.0127319
0.0324795
0.0133057
0.032724
0.0142416
0.0326075
0.0150166
0.0321643
0.0156178
0.0316002
0.0161239
0.0307845
0.0162544
0.0294047
0.0158793
0.026928
0.0144475
0.0235303
0.0120891
0.0198851
0.00937445
0.0167705
0.00697537
0.0147853
0.00534867
0.0142641
0.00462989
0.0158002
0.00516517
0.0175936
0.00612807
0.0196364
0.00729889
0.0220123
0.00855254
0.0246336
0.0098701
0.0270616
0.0110909
0.0297001
0.0123641
0.0374125
0.0158993
0.0325947
0.0137799
0.0327609
0.0146719
0.0324319
0.0153351
0.0318817
0.0158813
0.03125
0.0162544
0.0302173
0.0161859
0.0283082
0.0152991
0.0253135
0.0133571
0.0216886
0.0107319
0.0182179
0.00809953
0.0156219
0.00605202
0.0142672
0.00487674
0.0149852
0.00481622
0.0167015
0.00562358
0.0186892
0.00672524
0.0208052
0.00789696
0.0232261
0.00918914
0.0257358
0.0104652
0.0280511
0.0116137
0.0331204
0.0138904
)
;

boundaryField
{
    inlet
    {
        type            zeroGradient;
    }
    outlet
    {
        type            zeroGradient;
    }
    wall
    {
        type            zeroGradient;
    }
    empty_zmin
    {
        type            empty;
    }
    empty_zmax
    {
        type            empty;
    }
    procBoundary1to0
    {
        type            processor;
        value           nonuniform List<scalar> 
35
(
0.0839244
0.0803846
0.0779687
0.075204
0.0729123
0.0729123
0.141788
0.0889506
0.131536
0.0491218
0.0461169
0.0414817
0.0540079
0.055124
0.0489309
0.0651524
0.0903888
0.0938086
0.0923044
0.0889622
0.0173917
0.021687
0.172498
0.185762
0.0940983
0.0940983
0.0957162
0.0830953
0.0533898
0.118509
0.184211
0.185069
0.0142077
0.0159966
0.0159966
)
;
    }
}


// ************************************************************************* //
