/*--------------------------------*- C++ -*----------------------------------*\
| =========                 |                                                 |
| \\      /  F ield         | OpenFOAM: The Open Source CFD Toolbox           |
|  \\    /   O peration     | Version:  2406                                  |
|   \\  /    A nd           | Website:  www.openfoam.com                      |
|    \\/     M anipulation  |                                                 |
\*---------------------------------------------------------------------------*/
FoamFile
{
    version     2.0;
    format      ascii;
    arch        "LSB;label=32;scalar=64";
    class       volScalarField;
    location    "2.84";
    object      Co;
}
// * * * * * * * * * * * * * * * * * * * * * * * * * * * * * * * * * * * * * //

dimensions      [0 0 0 0 0 0 0];

internalField   nonuniform List<scalar> 
2367
(
0.075363
0.0748347
0.0750767
0.0752336
0.0725248
0.0703044
0.131218
0.124821
0.129642
0.129701
0.138376
0.143124
0.0963973
0.0483534
0.101081
0.0508751
0.0295523
0.0333599
0.0428906
0.0519204
0.0621482
0.0682381
0.0641411
0.0550023
0.0433958
0.0339792
0.124625
0.123205
0.0664358
0.131879
0.132752
0.0694752
0.0689158
0.0687466
0.13995
0.140745
0.080256
0.0809076
0.0803243
0.076543
0.0698292
0.116631
0.0942179
0.0710022
0.0493219
0.0505967
0.0790752
0.107549
0.137626
0.0738361
0.149444
0.151425
0.0838788
0.0855618
0.0875199
0.0865438
0.161299
0.137693
0.101921
0.0626401
0.0281851
0.0355497
0.0761125
0.117403
0.154498
0.0837182
0.0849235
0.0837831
0.0799821
0.077311
0.0747287
0.0728599
0.138087
0.131823
0.160876
0.166934
0.0948638
0.0970337
0.0990954
0.198004
0.189236
0.17682
0.179122
0.19591
0.0934199
0.0901588
0.0884416
0.0842309
0.0794929
0.0759101
0.143403
0.138117
0.1695
0.177388
0.0961948
0.104599
0.214361
0.232469
0.225211
0.226975
0.210562
0.097134
0.091019
0.0868094
0.0835705
0.0796019
0.150715
0.143588
0.179277
0.189798
0.106796
0.221767
0.232637
0.258378
0.232116
0.208071
0.09825
0.0908898
0.0859041
0.0819029
0.156939
0.149375
0.186893
0.198496
0.107838
0.220647
0.245695
0.231514
0.213506
0.0972882
0.092527
0.0891447
0.0846013
0.162221
0.154408
0.192651
0.203533
0.110797
0.220082
0.229525
0.204616
0.207636
0.0980363
0.0927105
0.0888168
0.0857446
0.166745
0.158564
0.194646
0.203621
0.109255
0.217924
0.234603
0.211789
0.209208
0.0967288
0.092912
0.0896066
0.0866026
0.168982
0.161519
0.198633
0.200079
0.107842
0.220951
0.240541
0.206749
0.212424
0.0951215
0.0899882
0.0867605
0.0853496
0.169174
0.16366
0.200504
0.202591
0.105084
0.212141
0.216553
0.156064
0.195102
0.0905866
0.088
0.0859868
0.0853484
0.17011
0.165315
0.200802
0.204827
0.105299
0.109516
0.22765
0.104362
0.143976
0.193635
0.0904768
0.0886625
0.0874876
0.0862549
0.17123
0.164775
0.199556
0.20502
0.107686
0.110443
0.222555
0.101141
0.0336253
0.0430543
0.137664
0.0919217
0.0904214
0.0894596
0.0865415
0.0858162
0.17138
0.162821
0.197619
0.204033
0.104368
0.105376
0.102664
0.1288
0.0154748
0.0112554
0.042916
0.0292933
0.0238919
0.0790347
0.0893275
0.0881608
0.0872929
0.0859493
0.0854629
0.170139
0.159836
0.193591
0.201586
0.104328
0.105536
0.103965
0.0627926
0.031944
0.039071
0.0486259
0.0610951
0.0597192
0.0554479
0.0422329
0.0287874
0.0208374
0.0256737
0.0794699
0.0882499
0.086594
0.0864708
0.0858078
0.0850009
0.168887
0.156706
0.187842
0.199451
0.103299
0.107766
0.108284
0.0782551
0.0295185
0.0282962
0.0549729
0.0482533
0.0264435
0.0573055
0.0499031
0.0166801
0.0111325
0.0256284
0.0788501
0.0876251
0.0869747
0.085371
0.08492
0.0845522
0.168647
0.153485
0.0890029
0.0446392
0.0335479
0.0306866
0.0235858
0.0247482
0.0274439
0.0259157
0.0199172
0.011403
0.0236532
0.0758515
0.0815451
0.0800472
0.0809627
0.0826086
0.0834574
0.16782
0.149637
0.0991195
0.0625801
0.0366283
0.0271966
0.0186808
0.0182731
0.0242355
0.0249811
0.0202612
0.00881401
0.020215
0.0710373
0.0782582
0.078122
0.0801377
0.081393
0.0827924
0.166915
0.145587
0.117704
0.122007
0.124657
0.130686
0.133079
0.138884
0.142687
0.14845
0.122803
0.133539
0.147175
0.077652
0.128614
0.0328576
0.0275199
0.0591234
0.097375
0.122593
0.128615
0.140808
0.129003
0.136223
0.153235
0.158555
0.193525
0.210522
0.206598
0.166354
0.179409
0.196728
0.194851
0.141517
0.162948
0.168202
0.241362
0.250814
0.250137
0.213149
0.21699
0.232587
0.233566
0.146813
0.17253
0.176802
0.282768
0.238532
0.25583
0.152265
0.180398
0.183835
0.257757
0.24359
0.240602
0.224176
0.216384
0.218938
0.156693
0.186508
0.188711
0.230724
0.228902
0.229947
0.206392
0.205601
0.204047
0.160116
0.190308
0.192335
0.235258
0.240346
0.242409
0.214229
0.217803
0.209066
0.16246
0.194143
0.194526
0.234099
0.230442
0.236257
0.216817
0.211597
0.190868
0.164665
0.193723
0.192132
0.114046
0.109503
0.165401
0.19005
0.187004
0.066527
0.0950759
0.0890916
0.0708776
0.0648217
0.164169
0.183669
0.179209
0.00514353
0.0129661
0.0446706
0.0313041
0.0329627
0.161533
0.173914
0.166632
0.0183015
0.0318493
0.0253836
0.0518581
0.0419156
0.0693264
0.0658817
0.0431509
0.0480654
0.034463
0.0288443
0.0380226
0.158347
0.158018
0.148926
0.155129
0.139371
0.128849
0.151745
0.147595
0.143666
0.124445
0.133753
0.130736
0.124027
0.139036
0.136432
0.132453
0.146303
0.140792
0.134413
0.150511
0.150564
0.141109
0.152165
0.147309
0.143489
0.164206
0.157899
0.109895
0.11867
0.128619
0.0791413
0.0796427
0.102001
0.0533884
0.0427394
0.0687581
0.0425876
0.0359311
0.0392568
0.0671135
0.0627473
0.0419428
0.0922192
0.0960303
0.0772378
0.111532
0.12181
0.113064
0.138127
0.138247
0.142104
0.15121
0.16292
0.157315
0.153457
0.171192
0.168636
0.168318
0.163763
0.161929
0.158775
0.158969
0.154172
0.13692
0.144092
0.147703
0.164715
0.172478
0.166996
0.17121
0.184571
0.177867
0.207691
0.212866
0.203733
0.185178
0.191475
0.203137
0.142914
0.148752
0.151982
0.17359
0.181543
0.176053
0.182537
0.18877
0.18619
0.22404
0.238246
0.23209
0.20461
0.210764
0.219351
0.149142
0.153729
0.157263
0.184094
0.189328
0.18424
0.197478
0.200097
0.19413
0.226024
0.230319
0.221054
0.248178
0.267426
0.248079
0.220313
0.224816
0.240089
0.204142
0.204195
0.213122
0.154827
0.158398
0.161667
0.19181
0.195551
0.190739
0.207623
0.200457
0.198559
0.235565
0.233543
0.223576
0.202619
0.203567
0.212462
0.159772
0.162226
0.165035
0.197181
0.197979
0.194186
0.213815
0.204049
0.200895
0.228695
0.229799
0.227021
0.201636
0.203812
0.205908
0.16407
0.165213
0.167482
0.197903
0.197442
0.195797
0.21302
0.203496
0.199119
0.228626
0.23458
0.225744
0.200224
0.203771
0.211905
0.166462
0.167123
0.169275
0.19897
0.202115
0.200383
0.205666
0.208704
0.204437
0.232952
0.230215
0.219209
0.202976
0.198103
0.208297
0.167818
0.168663
0.169004
0.201579
0.203022
0.200973
0.202529
0.210757
0.205507
0.217884
0.222286
0.212877
0.203782
0.18322
0.22448
0.190539
0.195524
0.144204
0.189714
0.185185
0.194746
0.170155
0.171078
0.171104
0.203519
0.203141
0.200162
0.205248
0.211513
0.206367
0.205698
0.201465
0.22447
0.191512
0.18579
0.136417
0.186787
0.186911
0.191929
0.171194
0.171912
0.172393
0.203177
0.202746
0.198607
0.206302
0.210142
0.205826
0.203054
0.206359
0.2194
0.0392913
0.0345424
0.117623
0.0626196
0.0595453
0.0296208
0.182644
0.183587
0.141649
0.171231
0.17112
0.171402
0.202139
0.200526
0.195915
0.204751
0.20392
0.201932
0.0410761
0.0609761
0.147396
0.00648117
0.0222662
0.0278488
0.0219827
0.0174493
0.0225177
0.0660381
0.0729594
0.0283708
0.169997
0.169722
0.170303
0.199614
0.199853
0.191733
0.202806
0.205238
0.202352
0.0311941
0.040404
0.0405531
0.0462151
0.0534579
0.0505247
0.0499179
0.0511839
0.0545049
0.0645125
0.0598279
0.0556059
0.0583693
0.0526329
0.0579679
0.0554051
0.0470411
0.0516336
0.0346398
0.0300135
0.0419188
0.0215392
0.0195359
0.0294378
0.0178278
0.0146064
0.0199776
0.168651
0.168324
0.169122
0.197544
0.195573
0.183534
0.199906
0.202103
0.198718
0.04984
0.0556124
0.0589904
0.0513435
0.0514909
0.0513283
0.0451621
0.0459177
0.0581337
0.0340918
0.0396068
0.0559093
0.167855
0.16754
0.168578
0.166956
0.166376
0.167486
0.165883
0.165689
0.16714
0.257007
0.200759
0.113548
0.121365
0.126378
0.102646
0.0425892
0.0355913
0.098519
0.0784531
0.0243611
0.0158219
0.0791815
0.0534543
0.0468204
0.0223852
0.0758908
0.049441
0.043693
0.0317633
0.0760724
0.0556446
0.0946887
0.0709337
0.0316344
0.0184044
0.235474
0.177373
0.201236
0.126563
0.219623
0.0889943
0.124535
0.0221351
0.127428
0.103961
0.103393
0.0527358
0.109512
0.0568954
0.114343
0.0598425
0.11927
0.0620295
0.121291
0.062541
0.123342
0.0620115
0.124323
0.0594307
0.123051
0.0543751
0.118239
0.0474821
0.109506
0.0396131
0.0993456
0.032457
0.0881052
0.0259279
0.0756293
0.0199256
0.0627904
0.0146933
0.050274
0.0100612
0.0389094
0.00618556
0.246667
0.184751
0.226381
0.145946
0.251988
0.101067
0.150215
0.0259419
0.149781
0.112149
0.133786
0.0971243
0.0235074
0.0174092
0.161561
0.121179
0.0756563
0.0561555
0.0941328
0.0737205
0.0386254
0.0293016
0.0501645
0.0239387
0.0465563
0.0224282
0.0716158
0.0504363
0.0697784
0.0516716
0.214415
0.116357
0.171321
0.0427208
0.107636
0.0551809
0.112804
0.0587793
0.117258
0.0611001
0.12081
0.062541
0.122285
0.0623473
0.123904
0.0609546
0.1241
0.0571977
0.121129
0.0511003
0.114471
0.0436189
0.104698
0.0359884
0.0940736
0.0291756
0.0820784
0.0228503
0.0692626
0.0172339
0.0565486
0.0123235
0.0446059
0.00808033
0.033302
0.00436176
0.0884403
0.0445467
0.100251
0.0523575
0.109344
0.0598127
0.122228
0.069069
0.133164
0.0772766
0.143177
0.0847239
0.151346
0.0900354
0.156077
0.091656
0.159299
0.0913177
0.16313
0.0870409
0.163748
0.0762841
0.152201
0.0576286
0.132061
0.0391195
0.103538
0.0217357
0.0665143
0.00873914
0.0247449
0.0154014
0.0393529
0.0245938
0.268528
0.203603
0.157227
0.116852
0.249868
0.168001
0.252067
0.137578
0.196058
0.0465791
0.0866638
0.0652814
0.14226
0.0594886
0.0433761
0.0146283
0.0582325
0.04113
0.152325
0.112238
0.0972657
0.0748016
0.120351
0.0881272
0.11887
0.092776
0.022839
0.0121671
0.134376
0.0989338
0.234098
0.176435
0.0982108
0.0930863
0.0953587
0.0483312
0.106861
0.0568983
0.117
0.0645936
0.127197
0.0729943
0.138218
0.081175
0.147196
0.0875773
0.153954
0.0913926
0.157926
0.091656
0.162424
0.0901664
0.164161
0.0827313
0.159655
0.0675106
0.142812
0.0481264
0.119109
0.0302872
0.0849934
0.0137265
0.0463903
0.0102841
0.0234949
0.0197125
0.0494867
0.0306025
0.0753318
0.0621333
0.0170077
0.00645872
0.0578828
0.0228366
0.0818112
0.0482089
0.0703734
0.0505777
0.0455809
0.030945
0.0507806
0.0361997
0.034995
0.0195512
0.0188791
0.00772801
0.0496737
0.0363343
0.142437
0.104398
0.237121
0.157257
0.117427
0.0546433
0.059196
0.0600442
0.177358
0.195139
0.0980773
0.100399
0.103312
0.164089
0.188108
0.0964754
0.100856
0.105426
0.117827
0.10696
0.0968548
0.0878207
0.192021
0.187612
0.170979
0.196275
0.194892
0.191682
0.183383
0.178687
0.157421
0.189708
0.189291
0.184915
0.0518457
0.0357762
0.0478146
0.0388905
0.0499377
0.0381049
0.0479513
0.0388905
0.0404503
0.037775
0.0401805
0.0446407
0.0491514
0.0530036
0.0343754
0.037512
0.0441058
0.0515112
0.059287
0.0592337
0.0573919
0.0542894
0.0491845
0.0452121
0.0615088
0.0566352
0.0512044
0.0442557
0.0371818
0.110965
0.109551
0.056739
0.114858
0.113906
0.0601392
0.118725
0.118294
0.0614843
0.0605484
0.0657507
0.0640429
0.103044
0.106847
0.106969
0.110092
0.111362
0.117003
0.11077
0.120018
0.117197
0.108741
0.12187
0.122167
0.11465
0.120996
0.119501
0.113492
0.123784
0.122001
0.118461
0.131483
0.127424
0.11961
0.132198
0.133662
0.0666888
0.0294462
0.0723955
0.0334296
0.081565
0.0388698
0.071779
0.0321923
0.0781541
0.0362468
0.0881014
0.0428103
0.0934548
0.094587
0.0950129
0.0954694
0.0957135
0.0958446
0.0959357
0.0959932
0.0960356
0.096067
0.096084
0.096094
0.0961015
0.0961041
0.0960949
0.0960671
0.0960286
0.0959899
0.0958668
0.0958047
0.0954648
0.0950075
0.0943099
0.0955376
0.0937483
0.0929203
0.0940346
0.0948814
0.0952934
0.0955264
0.0956796
0.0957764
0.0958554
0.0959091
0.0959485
0.0959755
0.0959908
0.0959955
0.0959879
0.0959502
0.095894
0.0958293
0.0956033
0.0955202
0.0949777
0.094146
0.0930118
0.0953285
0.0985892
0.0952933
0.0469871
0.0470946
0.047312
0.0474627
0.0475625
0.0476267
0.0476596
0.0476818
0.047711
0.0477463
0.0477705
0.0477799
0.0477698
0.0477411
0.0477086
0.0476425
0.0475132
0.0474339
0.0473047
0.0476335
0.095661
0.100138
0.100565
0.0976238
0.0478701
0.0474459
0.0474434
0.047528
0.0475916
0.0476301
0.0476514
0.0476558
0.0476742
0.0477054
0.0477301
0.047745
0.0477415
0.0476974
0.047581
0.0474957
0.0475008
0.047764
0.0482541
0.0489874
0.0988505
0.100795
0.101005
0.0988175
0.0484108
0.0478597
0.0476555
0.0476309
0.0476433
0.0476474
0.0476391
0.047626
0.0476203
0.0476366
0.0476724
0.0476976
0.0477135
0.0477477
0.0478136
0.0478445
0.0479161
0.0481746
0.0484218
0.049052
0.0994754
0.0999295
0.101176
0.0994092
0.0487679
0.0482291
0.047887
0.0477609
0.0477234
0.0476814
0.0476507
0.0476153
0.0475845
0.0476198
0.0476789
0.0477233
0.0477534
0.0477506
0.0477025
0.0477136
0.0480239
0.0485722
0.049107
0.0496147
0.100167
0.0988216
0.101301
0.0997399
0.0488603
0.0483932
0.0481691
0.047991
0.0478357
0.0477301
0.0476551
0.0476004
0.0476005
0.0475766
0.047582
0.0477019
0.0478098
0.0478997
0.0480695
0.0482354
0.0484817
0.0487945
0.048981
0.0494417
0.100154
0.0979872
0.101496
0.100059
0.049119
0.048628
0.0483103
0.0481323
0.0479741
0.0478936
0.0478206
0.0476767
0.0476103
0.0476991
0.0477471
0.0477226
0.047802
0.047954
0.0480768
0.0482222
0.048379
0.0487251
0.049318
0.0498614
0.100731
0.0970912
0.101643
0.100191
0.0492671
0.0488495
0.0486104
0.0484154
0.0482473
0.0479997
0.0476981
0.0475758
0.0476186
0.04763
0.0476418
0.0478545
0.047992
0.0480812
0.0482823
0.0484735
0.0487521
0.049112
0.0494959
0.049795
0.100372
0.0962428
0.101741
0.100381
0.0494713
0.0490501
0.0488203
0.0485241
0.0481604
0.0479477
0.0478628
0.0476728
0.0476339
0.0478701
0.0478397
0.0477607
0.0480416
0.0483322
0.0485266
0.0486717
0.0488021
0.0490538
0.0495335
0.0499853
0.100958
0.0955628
0.101727
0.100607
0.0497529
0.0492464
0.0489571
0.0487167
0.0485665
0.04837
0.0479508
0.0476485
0.0476125
0.0475703
0.0477703
0.0481614
0.0482431
0.0484421
0.0487681
0.0490839
0.049394
0.0499045
0.0504867
0.0506388
0.100976
0.0950357
0.101571
0.100656
0.0499911
0.0497751
0.0494546
0.0490665
0.04863
0.0481746
0.0479233
0.0477219
0.0476286
0.0477211
0.0476452
0.0478811
0.0483262
0.0486618
0.0489051
0.0492221
0.0494393
0.0494771
0.049779
0.0503481
0.101606
0.0948324
0.101873
0.101107
0.0505141
0.0498466
0.0494271
0.0490955
0.0486753
0.0483044
0.0478937
0.0475718
0.0474246
0.0474925
0.0479411
0.0483966
0.0485662
0.0488985
0.0493014
0.0496955
0.0502466
0.0509863
0.0513474
0.0512186
0.101801
0.0949451
0.102512
0.101432
0.0505331
0.050414
0.0500913
0.0495233
0.0490114
0.0485784
0.048196
0.0477847
0.0474593
0.0476983
0.0479691
0.0483869
0.0490258
0.0494531
0.0496495
0.04996
0.0501158
0.0500992
0.0504766
0.0511106
0.102901
0.0951663
0.103005
0.10201
0.0516068
0.0511132
0.0505848
0.0501179
0.0496213
0.0490773
0.0483205
0.0475358
0.0472639
0.0478659
0.0484706
0.0490116
0.0494302
0.0499561
0.0505208
0.0509691
0.0515686
0.0519803
0.0521875
0.0523386
0.102769
0.0957028
0.103756
0.102912
0.0517261
0.0514677
0.0510159
0.0503608
0.0496162
0.0487896
0.0479833
0.047191
0.0469533
0.0472793
0.0478921
0.0487923
0.0497959
0.0506144
0.0511145
0.0513689
0.0513213
0.0511383
0.0513802
0.0522531
0.104335
0.0965864
0.105007
0.103537
0.0528306
0.0520701
0.0516617
0.0511868
0.0505461
0.0494673
0.0478939
0.0466693
0.046364
0.047093
0.0478829
0.049016
0.0502691
0.0512844
0.0522246
0.052586
0.0529236
0.0536041
0.0536859
0.0535196
0.104757
0.0980597
0.106142
0.104809
0.0540029
0.0536684
0.0529352
0.0521245
0.0509086
0.049003
0.0473546
0.045844
0.0452542
0.0460902
0.0471737
0.0485241
0.0501313
0.0511747
0.0520045
0.052969
0.0533836
0.0532572
0.053579
0.0542252
0.106583
0.0993653
0.108724
0.10753
0.0553872
0.0546594
0.0538096
0.0523033
0.0499975
0.0483151
0.0465668
0.0449341
0.0444284
0.0454476
0.0470127
0.0486385
0.0500856
0.0521708
0.0538955
0.05441
0.0548799
0.0556171
0.0555503
0.0557893
0.10913
0.101041
0.0460961
0.043686
0.0426645
0.0441287
0.0461303
0.0483165
0.0500675
0.051771
0.0537573
0.0558785
0.0568044
0.0567362
0.0572557
0.057429
0.110091
0.103609
0.045028
0.0419754
0.0406927
0.0424085
0.0456386
0.0492929
0.0528889
0.0559924
0.0576352
0.0581533
0.0589701
0.0593339
0.0589703
0.0588071
0.113252
0.107501
0.0554989
0.0577305
0.0593893
0.0598114
0.0600113
0.060595
0.0601579
0.116108
0.110773
0.0633859
0.0648132
0.0642768
0.0645952
0.0655332
0.0651075
0.063786
0.11928
0.114399
0.0652855
0.0693445
0.0719244
0.071046
0.0696304
0.0687697
0.0673239
0.125422
0.119903
0.109255
0.1057
0.111262
0.105033
0.10515
0.105166
0.10506
0.105308
0.105241
0.105401
0.105362
0.105449
0.105428
0.105478
0.105466
0.105497
0.105488
0.105502
0.1055
0.10551
0.105507
0.105521
0.105515
0.105517
0.105519
0.105518
0.105518
0.105515
0.105516
0.105511
0.105514
0.105503
0.105508
0.105481
0.105493
0.105433
0.105462
0.105416
0.105404
0.105297
0.105383
0.105101
0.105208
0.10507
0.105003
0.111354
0.105778
0.109253
0.095539
0.0920757
0.0920548
0.0953704
0.0983338
0.0984098
0.100098
0.100727
0.100857
0.100688
0.100233
0.100463
0.0997601
0.0992114
0.0993798
0.0987883
0.0982201
0.0983667
0.0978322
0.0972392
0.097559
0.0969164
0.0962637
0.0966524
0.0960205
0.0954082
0.0958673
0.0952056
0.0946439
0.095207
0.0945269
0.0940921
0.0948095
0.0939151
0.093768
0.0949789
0.0939017
0.0942455
0.0955743
0.0940573
0.0947131
0.0958673
0.0944424
0.0952377
0.0967078
0.095162
0.096479
0.0979593
0.096182
0.0977315
0.0995196
0.0979726
0.0999849
0.101435
0.100121
0.102392
0.10407
0.107172
0.110948
0.113951
0.11968
0.124311
0.0562585
0.0551735
0.0531509
0.0508881
0.0486113
0.0597351
0.0585883
0.0565584
0.0533191
0.0493761
0.0944831
0.0925932
0.0912545
0.0947198
0.0942222
0.0935411
0.0953017
0.0948777
0.09456
0.0956095
0.0953122
0.0951063
0.0957897
0.0955756
0.095452
0.0958924
0.095739
0.0956621
0.0959698
0.0958412
0.0957916
0.0960156
0.0959224
0.0958838
0.0960535
0.0959644
0.0959419
0.0960774
0.0960009
0.0959832
0.0960875
0.0960267
0.0960152
0.0960997
0.0960435
0.0960365
0.0961035
0.0960424
0.096044
0.0961011
0.0960237
0.0960337
0.0960842
0.0959955
0.0960086
0.0960498
0.095955
0.0959758
0.0960067
0.0958595
0.0959154
0.0959567
0.0957126
0.0957777
0.0958206
0.0955487
0.0956437
0.095683
0.0951725
0.0954541
0.0952232
0.0944593
0.0948319
0.0946286
0.0934199
0.0940659
0.0932691
0.0913105
0.0928183
0.092872
0.0948581
0.0965402
0.0934356
0.0937447
0.0938689
0.0946155
0.0946237
0.0941389
0.0951425
0.0951498
0.0948733
0.0954455
0.0954258
0.0952494
0.0956168
0.095589
0.0954699
0.0957397
0.0956874
0.0956176
0.0958254
0.0957592
0.0957143
0.0958899
0.095813
0.0957719
0.0959328
0.0958634
0.0958275
0.0959649
0.0959046
0.0958783
0.0959869
0.0959266
0.0959151
0.0959992
0.0959396
0.0959277
0.0959978
0.0959243
0.0959314
0.0959818
0.0958864
0.0959008
0.0959248
0.0958205
0.0958655
0.0958605
0.0956643
0.0957718
0.0957563
0.0955641
0.0956104
0.0954864
0.0953054
0.0955337
0.0953153
0.0952627
0.0954416
0.0945203
0.0944496
0.0949949
0.0933065
0.0943989
0.0943227
0.0937099
0.0964153
0.0947535
0.0967053
0.0979378
0.0998361
0.0938565
0.0956212
0.0964807
0.0984471
0.0999499
0.0983084
0.0989323
0.0993213
0.100772
0.0962979
0.0973691
0.0980877
0.100582
0.100999
0.0999178
0.0998513
0.0997592
0.100923
0.0976625
0.0980887
0.0987287
0.101083
0.101162
0.100313
0.100298
0.09998
0.100972
0.0984863
0.0983978
0.0989993
0.101108
0.101093
0.100397
0.100618
0.100071
0.100972
0.0988044
0.0986152
0.0991746
0.101231
0.101264
0.10065
0.101032
0.10005
0.100864
0.0992142
0.0988932
0.0993082
0.101295
0.101263
0.100702
0.10129
0.100358
0.100978
0.0991725
0.0993076
0.0996369
0.101285
0.101269
0.100717
0.101411
0.100946
0.101193
0.0997266
0.0998931
0.100393
0.101337
0.101257
0.100758
0.101431
0.101383
0.101438
0.0998774
0.101194
0.101152
0.101355
0.101518
0.101686
0.101272
0.10193
0.101873
0.100297
0.10086
0.101316
0.101709
0.101991
0.101695
0.101633
0.103295
0.103055
0.100934
0.102387
0.102488
0.101843
0.103608
0.103956
0.102206
0.104173
0.103831
0.101166
0.102538
0.103447
0.102867
0.10415
0.104087
0.102688
0.105117
0.104735
0.101962
0.104686
0.104542
0.103303
0.105403
0.106787
0.103538
0.107478
0.106472
0.102406
0.106196
0.107077
0.104294
0.106522
0.1073
0.104607
0.108457
0.10756
0.103198
0.109074
0.10857
0.105229
0.108564
0.109985
0.105792
0.112003
0.11024
0.104521
0.112933
0.11314
0.107108
0.110533
0.111634
0.108294
0.112955
0.112138
0.10669
0.114784
0.113545
0.108553
0.113138
0.115167
0.110349
0.115973
0.118634
0.113395
0.120861
0.123123
0.117479
0.122866
0.124193
0.119703
0.12923
0.132781
0.124909
0.133134
0.137021
0.105471
0.0852001
0.0983509
0.0616156
0.0934457
0.0448414
0.0815209
0.0318073
0.0709822
0.0253057
0.0625984
0.0218148
0.0562544
0.0197074
0.050732
0.0178968
0.0466128
0.0166388
0.0435948
0.0156819
0.0415495
0.0151118
0.0411998
0.0150729
0.0432211
0.0154632
0.0467139
0.0167872
0.0498722
0.0187714
0.0515371
0.0201912
0.0548248
0.0218752
0.0583081
0.0237766
0.0621831
0.0263394
0.0660844
0.0287244
0.0722487
0.0322222
0.0769626
0.0354942
0.0834588
0.0394135
0.089519
0.0437318
0.106994
0.0982877
0.0989583
0.0705313
0.0973087
0.0533388
0.08777
0.0373653
0.0759322
0.0280119
0.0665629
0.0233118
0.0592293
0.020669
0.0534982
0.0187973
0.0484408
0.0171817
0.045034
0.0161346
0.0422672
0.0152927
0.0408777
0.0149755
0.0420216
0.0152789
0.0457519
0.0162707
0.0491386
0.0178929
0.0513003
0.0198065
0.0539265
0.0212063
0.0575599
0.0231411
0.0619624
0.0255442
0.0659746
0.0282042
0.0711772
0.0309023
0.0764545
0.0345109
0.0818522
0.0378536
0.0889235
0.0423436
0.0950973
0.0466688
0.105502
0.0851903
0.0983578
0.0615788
0.0933999
0.0447469
0.081424
0.0316921
0.0708402
0.0252334
0.0626853
0.0217225
0.0558134
0.0193107
0.0501697
0.0174828
0.0456137
0.0160278
0.0420792
0.014875
0.0395106
0.0140821
0.0379225
0.0137087
0.039261
0.013916
0.042259
0.0149029
0.0457793
0.01664
0.0491854
0.0186153
0.0523213
0.0207266
0.0566451
0.0232946
0.060618
0.0259485
0.107004
0.0982877
0.0989068
0.0704841
0.0972112
0.0532304
0.0876186
0.0372417
0.0756223
0.0278589
0.0664764
0.0232458
0.0589513
0.0203805
0.0526451
0.0182847
0.0475118
0.0166425
0.0435387
0.0153674
0.0405223
0.0143929
0.0386145
0.0138347
0.0381146
0.0137183
0.0409533
0.0144445
0.0446662
0.0158847
0.0479557
0.017737
0.051733
0.0200161
0.0552524
0.0221418
0.0596756
0.0250192
0.0647375
0.0279116
0.105578
0.0847818
0.0540046
0.0299048
0.0122582
0.00786147
0.0161655
0.018328
0.0154394
0.00344327
0.0166979
0.0657216
0.0775788
0.0790978
0.08108
0.0815374
0.0825888
0.16661
0.141625
0.100462
0.0797995
0.0544668
0.0313658
0.01509
0.0228106
0.0255029
0.0213229
0.00785409
0.0164761
0.0614953
0.0801035
0.08161
0.0825359
0.0826168
0.0830707
0.166887
0.137574
0.0843801
0.0860015
0.0854878
0.0844904
0.0838436
0.16744
0.133697
0.139683
0.135593
0.165345
0.165493
0.167202
0.165368
0.165422
0.167558
0.165451
0.104564
0.0967824
0.0805144
0.0588141
0.0360938
0.0369083
0.0373606
0.0289123
0.022324
0.0268263
0.0612573
0.0276466
0.00253879
0.0179194
0.00316147
0.00984827
0.00643984
0.0225706
0.00192744
0.0137515
0.00494283
0.120187
0.166616
0.087966
0.0930144
0.100509
0.104958
0.0485975
0.155123
0.171558
0.150485
0.181657
0.0944381
0.100363
0.106088
0.136227
0.175361
0.0916806
0.0974497
0.104223
0.107546
0.0791547
0.0707253
0.0628755
0.0553949
0.174667
0.169772
0.14362
0.183751
0.184258
0.178748
0.165595
0.160087
0.128517
0.179394
0.178414
0.171352
0.0380984
0.030017
0.0283449
0.0466701
0.0379682
0.0422793
0.0336831
0.0445985
0.0358982
0.0402402
0.0318044
)
;

boundaryField
{
    inlet
    {
        type            zeroGradient;
    }
    outlet
    {
        type            zeroGradient;
    }
    wall
    {
        type            zeroGradient;
    }
    empty_zmin
    {
        type            empty;
    }
    empty_zmax
    {
        type            empty;
    }
    procBoundary0to1
    {
        type            processor;
        value           nonuniform List<scalar> 
35
(
0.0886909
0.0902953
0.0881426
0.0861216
0.168182
0.0845527
0.168182
0.131807
0.165567
0.10072
0.0985283
0.0895947
0.0744345
0.0530658
0.0448113
0.0451573
0.0334055
0.037719
0.0408019
0.0644372
0.00692242
0.00785838
0.111966
0.161928
0.0824643
0.1691
0.0861415
0.0928734
0.0979648
0.0424221
0.148826
0.1691
0.0359273
0.0270163
0.0359273
)
;
    }
}


// ************************************************************************* //
