/*--------------------------------*- C++ -*----------------------------------*\
| =========                 |                                                 |
| \\      /  F ield         | OpenFOAM: The Open Source CFD Toolbox           |
|  \\    /   O peration     | Version:  2406                                  |
|   \\  /    A nd           | Website:  www.openfoam.com                      |
|    \\/     M anipulation  |                                                 |
\*---------------------------------------------------------------------------*/
FoamFile
{
    version     2.0;
    format      ascii;
    arch        "LSB;label=32;scalar=64";
    class       volVectorField;
    location    "2.72";
    object      U;
}
// * * * * * * * * * * * * * * * * * * * * * * * * * * * * * * * * * * * * * //

dimensions      [0 1 -1 0 0 0 0];

internalField   nonuniform List<vector> 
2285
(
(2.40722 0.188089 -4.8607e-21)
(2.35788 0.149198 1.28558e-21)
(2.43526 0.0657287 2.34649e-21)
(2.38666 0.0537938 5.2932e-21)
(2.28781 -0.0307798 -8.96563e-22)
(2.2857 -0.0338971 -8.28468e-22)
(2.31813 0.0957452 -5.4792e-21)
(2.28918 0.0789767 -9.50496e-22)
(2.27554 0.0611639 -3.05648e-23)
(2.27151 0.0444971 2.09511e-22)
(2.2707 0.0290399 3.73641e-23)
(2.27399 0.0202963 9.3137e-24)
(2.27405 0.00345059 -3.50789e-23)
(1.84179 -0.00120313 -1.73778e-23)
(1.84351 -0.00238646 9.19387e-24)
(2.23091 0.00420916 0)
(2.23531 0.00271901 0)
(2.28007 0.0144931 3.69687e-23)
(2.34316 0.0811894 -2.8605e-22)
(2.31479 0.0659227 -3.49555e-22)
(2.29983 0.0416734 7.99462e-22)
(2.28767 0.0294389 -6.9796e-22)
(2.28189 0.020726 -1.883e-22)
(2.28653 0.00950017 1.89933e-22)
(2.28843 0.00199815 3.55907e-24)
(1.84649 -0.00252358 -5.47576e-24)
(2.31025 0.0167648 -5.84418e-22)
(2.29477 0.0218653 0)
(2.29137 0.0126582 -1.6451e-24)
(2.29522 0.00693202 0)
(2.29688 -0.00093472 1.12459e-22)
(1.84654 -0.00608878 5.15242e-23)
(2.30837 0.0046995 -1.7407e-22)
(2.30152 -0.00102818 -6.54579e-23)
(2.29929 -0.00278085 0)
(2.3031 -0.00539005 -2.60742e-23)
(2.30331 -0.00422568 2.25028e-24)
(1.84276 -0.00733934 -6.69056e-24)
(2.30527 -0.013997 -1.47002e-22)
(2.30183 -0.0126197 -1.8084e-22)
(2.29954 -0.00956254 1.315e-22)
(2.30542 -0.00834298 7.40473e-23)
(2.3096 -0.0101076 2.38768e-23)
(1.83294 -0.0104778 -7.02219e-24)
(2.30233 -0.0246719 -1.05948e-21)
(2.2995 -0.0154526 1.0313e-21)
(2.29811 -0.0146342 0)
(2.30584 -0.0164063 1.014e-24)
(2.30957 -0.0140259 9.54147e-23)
(1.81963 -0.0118439 -7.09697e-24)
(2.29544 -0.0276264 -2.12369e-21)
(2.29261 -0.0211915 -2.84114e-23)
(2.29669 -0.0217611 0)
(2.30554 -0.0186375 1.02852e-22)
(2.30964 -0.0161685 -2.88984e-22)
(1.80106 -0.0124618 -5.68136e-23)
(2.2896 -0.0273237 9.28135e-22)
(2.29536 -0.0249959 0)
(2.30439 -0.0209375 0)
(2.30814 -0.0127269 -3.81924e-23)
(1.77993 -0.0141262 5.51716e-23)
(2.28814 -0.0309261 0)
(2.29253 -0.0280689 0)
(2.30194 -0.0243899 -2.49549e-23)
(2.3053 -0.0138365 1.92558e-22)
(1.75657 -0.0134702 5.62351e-23)
(2.29807 -0.0256182 -3.85768e-22)
(2.30165 -0.0148472 -1.69249e-22)
(1.73025 -0.0133903 4.97128e-23)
(2.29371 -0.0277851 1.10325e-23)
(2.2969 -0.0159883 -1.7787e-22)
(1.70279 -0.01307 1.46898e-24)
(2.28956 -0.0319954 3.3177e-22)
(2.29103 -0.0176451 0)
(1.67335 -0.0128178 6.4603e-25)
(1.84704 -0.00530327 5.24186e-24)
(1.84484 -0.00716674 -6.06954e-24)
(1.83825 -0.00908911 6.6904e-24)
(1.82635 -0.0117668 7.09969e-24)
(1.8104 -0.0125418 0)
(1.79056 -0.0134083 3.47424e-24)
(1.7682 -0.0144046 4.74377e-23)
(1.74353 -0.013793 0)
(1.71689 -0.0130638 -1.47027e-24)
(1.68857 -0.0132807 0)
(1.65854 -0.0121958 -6.45539e-25)
(2.24245 0.00218847 0)
(2.24585 -0.00206673 0)
(2.29309 0.00582903 -8.77419e-23)
(2.2497 -0.00364539 -1.58257e-22)
(2.25199 -0.00503021 1.10533e-23)
(2.29977 -0.0021605 8.45688e-23)
(2.25439 -0.00602762 2.48629e-23)
(2.2562 -0.00974719 -2.35851e-23)
(2.30749 -0.007799 -9.99251e-27)
(2.25597 -0.0115241 5.89984e-24)
(2.25531 -0.0126214 1.26656e-23)
(2.3096 -0.0129089 -2.39312e-23)
(2.25427 -0.0145116 -1.18714e-22)
(2.25249 -0.0147728 1.05433e-22)
(2.30977 -0.0161385 -9.52078e-23)
(2.25085 -0.0163314 1.42655e-22)
(2.24752 -0.0168362 2.54798e-23)
(2.30894 -0.024831 2.47309e-23)
(2.24506 -0.0184114 -5.66969e-23)
(2.24037 -0.0184017 -5.55212e-23)
(2.30621 -0.0282215 1.25284e-23)
(2.23748 -0.019064 -4.21564e-23)
(2.23182 -0.0188453 -5.91599e-24)
(2.30293 -0.0307578 -1.15148e-23)
(2.22834 -0.0199122 1.36089e-22)
(2.22152 -0.0196166 5.34819e-24)
(2.29844 -0.0320623 1.07069e-23)
(2.21744 -0.0206253 -5.35225e-24)
(2.21009 -0.0206221 -2.46421e-24)
(2.29312 -0.0342763 1.62698e-22)
(2.20461 -0.0217629 2.46222e-24)
(2.19648 -0.0217822 0)
(2.28624 -0.0344805 -1.48402e-22)
(0.823489 -0.0015546 0)
(0.317187 -0.000184882 0)
(0.817572 -0.0016525 0)
(0.312829 -0.000230464 0)
(0.81326 -0.00161844 0)
(0.309131 -0.000245549 0)
(0.795252 -0.00291686 0)
(0.296837 -0.000406574 0)
(0.770767 -0.00311956 0)
(0.280935 -0.000419393 0)
(0.739367 -0.00379518 0)
(0.26305 -0.000523834 0)
(0.70473 -0.00376541 0)
(0.242733 -0.000575477 0)
(0.668985 -0.00361563 0)
(0.223531 -0.000424456 0)
(0.631771 -0.00342678 0)
(0.204599 -0.000575413 0)
(0.598598 -0.00256168 0)
(0.187613 -0.000447819 0)
(0.569774 -0.0020963 0)
(0.174242 -0.000367867 0)
(0.543851 -0.0016742 0)
(0.162676 -0.000356129 0)
(0.520685 -0.0012258 0)
(0.1526 -0.00040745 0)
(0.80521 -0.00246261 0)
(0.303635 -0.000437848 0)
(0.781695 -0.00323477 0)
(0.288608 -0.000484486 0)
(0.755208 -0.0035336 0)
(0.27205 -0.000418243 0)
(0.72167 -0.00390158 0)
(0.252776 -0.000621085 0)
(0.686684 -0.00360539 0)
(0.232805 -0.00049845 0)
(0.649984 -0.00364962 0)
(0.213979 -0.000493265 0)
(0.614143 -0.0030454 0)
(0.195471 -0.000553408 0)
(0.583511 -0.00227175 0)
(0.180576 -0.000404989 0)
(0.556307 -0.00188691 0)
(0.168178 -0.00033208 0)
(0.531779 -0.00144554 0)
(0.157388 -0.000393294 0)
(0.510337 -0.00101507 0)
(0.148225 -0.000413067 0)
(1.97945 0.00144199 2.3332e-24)
(1.89696 0.0115296 0)
(1.87272 0.100654 -2.48028e-23)
(1.82933 0.206453 9.22692e-26)
(1.74521 0.269731 3.2754e-26)
(2.04097 -0.0278688 -7.71423e-27)
(1.97884 -0.0244769 -1.5699e-23)
(1.87154 -0.0323397 0)
(1.78046 -0.0220103 3.59738e-23)
(1.75661 0.0984938 9.57289e-24)
(1.72106 0.0896896 -1.23469e-25)
(1.7189 0.147251 1.04276e-23)
(1.7897 0.0274436 1.41845e-24)
(2.00832 -0.13071 -3.75533e-24)
(2.17875 -0.20596 2.98614e-24)
(2.28366 -0.185529 0)
(2.28356 -0.135298 8.4793e-24)
(2.25368 -0.104077 0)
(2.23226 -0.0652314 0)
(2.22169 -0.0534446 0)
(2.21431 -0.035524 0)
(2.21327 -0.0308285 2.76694e-25)
(2.04791 -0.0698732 1.04338e-24)
(1.98258 -0.0936805 1.22763e-25)
(1.87772 -0.0675212 -1.17315e-24)
(1.75272 -0.114249 -2.37447e-23)
(1.71346 -0.0734437 -9.55541e-24)
(1.70628 -0.0614071 3.07293e-23)
(1.78072 -0.0318914 -1.1139e-24)
(1.938 -0.225025 -5.74514e-25)
(2.07823 -0.274917 -6.94035e-25)
(2.17692 -0.268529 -7.96505e-24)
(2.23689 -0.251097 0)
(2.22906 -0.175639 -8.58644e-24)
(2.21691 -0.13752 0)
(2.2084 -0.0986883 0)
(2.20427 -0.0789903 1.40153e-25)
(2.19983 -0.0575269 4.90192e-26)
(2.20393 -0.0428288 4.36538e-24)
(2.02969 0.0221237 4.78064e-25)
(2.25836 0.0377917 5.02498e-25)
(2.25275 0.0560143 6.3983e-25)
(2.00221 0.00983621 1.59919e-26)
(2.23643 0.0354848 0)
(2.22897 0.0674805 4.2288e-25)
(1.97458 0.00321601 -1.32188e-25)
(2.20496 0.0339053 6.91322e-25)
(2.1873 0.076416 0)
(2.18032 0.124621 5.83394e-25)
(2.16464 0.172722 0)
(2.16513 0.235609 1.24066e-24)
(2.15494 0.301207 -3.3408e-24)
(1.95156 -0.00474105 -1.11402e-25)
(2.1718 0.026637 -1.57419e-24)
(2.13702 0.0692792 3.66649e-24)
(2.12652 0.122446 -4.69173e-24)
(2.10799 0.162853 -4.31076e-24)
(2.09862 0.239407 -8.42975e-24)
(2.07826 0.294538 -6.26087e-25)
(2.05581 0.363128 -5.06504e-25)
(1.93569 -0.00953781 0)
(2.14162 0.0187034 2.59038e-24)
(2.09814 0.0422181 -5.92562e-24)
(2.07982 0.0894787 1.71567e-23)
(2.04955 0.116866 4.13985e-24)
(2.03413 0.194992 1.86893e-23)
(2.02536 0.257369 -3.53685e-25)
(2.00532 0.288144 6.30714e-24)
(1.93069 -0.00821687 3.04218e-24)
(2.11203 0.00449614 5.69205e-26)
(2.08177 0.0103144 5.94999e-24)
(2.04956 0.0356819 -1.24644e-23)
(2.00118 0.0534712 1.44215e-23)
(1.96332 0.102284 -1.13496e-23)
(1.96961 0.198112 1.2952e-23)
(1.9225 0.242615 -6.23139e-24)
(1.93406 -0.00721477 1.01659e-24)
(2.10026 -0.00693656 -3.65929e-24)
(2.08014 -0.00598354 1.64339e-23)
(2.04004 -0.00772398 0)
(1.31383 -0.0023939 -1.9242e-25)
(1.30603 -0.00637149 -8.02429e-26)
(1.30327 -0.00926732 1.02984e-25)
(1.30329 -0.0101106 -1.09746e-26)
(1.30502 -0.010839 1.51711e-26)
(1.3103 -0.0116316 -7.01705e-26)
(1.31738 -0.0114015 -1.68264e-25)
(1.32514 -0.00967309 2.78632e-25)
(1.33297 -0.00710103 -2.78632e-25)
(1.33924 -0.0041811 4.11514e-25)
(1.34368 -0.00136179 -8.75177e-25)
(1.34622 0.00146144 1.4606e-24)
(1.34717 0.00381991 -4.9297e-25)
(1.34695 0.00504472 0)
(2.22313 0.024915 -8.05574e-25)
(2.21183 0.0214815 5.07398e-26)
(2.01659 0.0157748 -1.634e-25)
(2.25742 0.0425527 0)
(2.24736 0.0492525 -6.32399e-25)
(2.24866 0.0360058 8.18215e-25)
(2.19848 0.0188637 0)
(2.18377 0.0160083 -9.87057e-26)
(1.98773 0.00619291 -9.455e-26)
(2.23712 0.0435289 0)
(2.22356 0.0498787 1.03117e-25)
(2.22171 0.0353128 -2.49451e-25)
(2.16904 0.0121187 9.87056e-26)
(2.15427 0.00822021 -5.55239e-25)
(1.96239 -0.000588401 4.39575e-25)
(2.20944 0.0429404 -5.44884e-25)
(2.19118 0.0434786 1.04343e-24)
(2.18773 0.0305748 -1.04455e-24)
(2.13888 0.00544201 1.2674e-24)
(2.12275 0.00372844 4.69176e-25)
(1.94242 -0.00804978 -4.69032e-25)
(2.17225 0.0362203 -4.72889e-24)
(2.15172 0.0383099 -9.8904e-24)
(2.15688 0.0233001 8.61239e-25)
(2.10704 0.00223144 0)
(2.09367 0.000632554 -1.57606e-24)
(1.93177 -0.00910081 -1.49863e-24)
(2.1339 0.0355481 2.76997e-24)
(2.11882 0.0338021 3.52942e-24)
(2.1259 0.012713 -3.98409e-24)
(2.0848 -0.000980718 2.96988e-24)
(2.081 -0.00281152 8.75975e-25)
(1.93112 -0.00769516 -1.07767e-24)
(2.10804 0.0228248 -1.65466e-23)
(2.10157 0.00958466 3.22603e-24)
(2.10311 -0.00252018 2.02165e-25)
(2.08055 -0.00408908 -8.9833e-25)
(2.08114 -0.00489173 -3.73644e-24)
(1.93932 -0.00559297 -3.98299e-24)
(2.09862 -0.00243638 3.4579e-24)
(2.09842 -0.00738837 1.14186e-23)
(2.10042 -0.00816948 3.54844e-24)
(0.420239 0.000615455 0)
(0.12513 -0.000186748 0)
(0.425918 -2.84408e-07 0)
(0.126366 -0.000590686 0)
(0.436817 -0.000121781 0)
(0.131502 -0.000683128 0)
(0.449897 -0.000778041 0)
(0.138216 -0.000527077 0)
(0.46394 -0.00132487 0)
(0.14721 -0.000266139 0)
(0.474609 -0.00153291 0)
(0.155177 5.14112e-05 0)
(0.481078 -0.00184786 0)
(0.161707 0.000396664 0)
(0.42187 0.000336491 0)
(0.124997 -0.000448103 0)
(0.431057 -0.000162272 0)
(0.128781 -0.000665701 0)
(0.443037 -0.000290413 0)
(0.134491 -0.000631429 0)
(0.457089 -0.0011599 0)
(0.142648 -0.000406041 0)
(0.469804 -0.00139365 0)
(0.151409 -0.000116248 0)
(0.478335 -0.0017149 0)
(0.158581 0.000249865 0)
(0.48295 -0.00196833 0)
(0.164749 0.000479871 0)
(1.94453 -0.00206967 2.03373e-24)
(2.10189 -0.0101568 3.9257e-24)
(2.08322 -0.0185337 -2.08836e-23)
(2.21688 -0.0196943 0)
(2.22328 -0.0185248 -3.61304e-26)
(2.19591 -0.00926614 1.31143e-25)
(1.3165 0.00103165 1.75817e-26)
(1.96006 0.00986632 -4.14788e-24)
(2.11425 -0.0177067 1.16397e-23)
(2.09548 -0.0516581 -4.0942e-24)
(2.2074 -0.0282599 0)
(2.21545 -0.0207132 -1.76626e-25)
(2.18676 -0.00811447 5.63343e-25)
(1.31072 0.00230185 8.59914e-27)
(1.9827 0.0212877 3.85939e-24)
(2.14867 -0.0217994 -1.44933e-23)
(2.1315 -0.0917519 0)
(2.07282 -0.134697 0)
(1.99327 -0.197693 2.93988e-23)
(1.87491 -0.198881 -2.01352e-24)
(1.75226 -0.17445 -6.65316e-24)
(1.70431 -0.178747 9.78607e-25)
(1.72208 -0.1948 -1.23283e-23)
(1.89532 -0.283579 0)
(1.99527 -0.35706 -2.43684e-25)
(2.0829 -0.339 -1.0418e-24)
(2.1535 -0.316915 1.33951e-23)
(2.17226 -0.286404 2.09741e-24)
(2.17104 -0.195399 -1.43855e-24)
(2.17972 -0.171122 5.25712e-24)
(2.17732 -0.125308 -3.40825e-25)
(2.17889 -0.0993457 0)
(2.17831 -0.0716325 0)
(2.18529 -0.0523459 -1.15897e-23)
(2.19231 -0.0329609 -3.85529e-25)
(2.19961 -0.0216548 3.14708e-24)
(2.17587 -0.00650856 2.72543e-24)
(1.30765 0.00255135 0)
(2.00592 0.0242516 -1.88127e-24)
(2.19397 -0.0243004 -9.14285e-24)
(2.21038 -0.0996304 0)
(2.14849 -0.165706 0)
(2.03181 -0.262052 -2.75746e-23)
(1.86331 -0.281587 4.61712e-25)
(1.75599 -0.284278 6.24896e-24)
(1.73078 -0.307892 1.94872e-23)
(1.79872 -0.407514 -3.26989e-24)
(1.9169 -0.42785 1.88739e-23)
(1.99297 -0.405006 0)
(2.06609 -0.363479 9.0789e-25)
(2.10222 -0.33282 -4.53031e-24)
(2.11261 -0.26006 2.0208e-24)
(2.12149 -0.219715 1.71482e-24)
(2.13873 -0.170761 -3.86999e-24)
(2.13907 -0.122498 -2.15015e-24)
(2.14732 -0.0937065 2.23975e-24)
(2.15324 -0.0638856 -1.13396e-24)
(2.16429 -0.0460385 7.40857e-24)
(2.17569 -0.0275501 9.57739e-24)
(2.18351 -0.0180537 -3.52661e-24)
(2.16392 -0.00586922 0)
(1.30602 0.00127333 -5.65444e-25)
(2.02039 0.0190952 7.81103e-26)
(2.24125 -0.020028 -7.5394e-24)
(2.26835 -0.0573704 4.32814e-25)
(2.23836 -0.115705 -5.3126e-24)
(2.12517 -0.213592 0)
(1.88533 -0.314453 -1.26113e-25)
(1.79687 -0.366839 -2.83373e-23)
(1.79972 -0.424241 -5.94757e-23)
(1.84732 -0.45306 3.19643e-23)
(1.89789 -0.464691 -2.10115e-23)
(1.95268 -0.438978 2.42662e-24)
(2.00912 -0.374125 -2.85799e-25)
(2.0353 -0.291376 -4.56562e-24)
(2.06027 -0.220398 -1.78124e-23)
(2.0798 -0.184402 -1.48656e-23)
(2.08472 -0.128468 3.3219e-23)
(2.10065 -0.0869072 -3.25768e-23)
(2.11668 -0.0622025 -2.9089e-23)
(2.13105 -0.0377596 1.52792e-24)
(2.14767 -0.0267164 -2.37397e-23)
(2.16407 -0.0148524 -9.57806e-24)
(2.17464 -0.0110366 1.1124e-23)
(2.15207 -0.00701046 2.57497e-24)
(1.30416 -0.000974075 0)
(2.02274 0.0162193 9.54227e-25)
(2.28187 0.00218273 -2.15479e-25)
(2.28844 -0.0053062 3.31065e-25)
(2.29626 -0.0334215 -3.04302e-24)
(2.24423 -0.0816265 1.94764e-23)
(2.00733 -0.228872 0)
(1.86005 -0.335269 2.8577e-23)
(1.83467 -0.392204 -1.95153e-23)
(1.86745 -0.39643 2.39235e-24)
(1.889 -0.415903 -1.30168e-23)
(1.88504 -0.433002 -3.28334e-25)
(1.92092 -0.357355 -5.4628e-25)
(1.94595 -0.255717 3.0796e-24)
(1.9908 -0.177886 -2.7886e-24)
(2.03125 -0.109745 1.48704e-23)
(2.03637 -0.0696285 6.05905e-24)
(2.07102 -0.0365598 2.93488e-23)
(2.09607 -0.023037 -4.70449e-24)
(2.11887 -0.00949984 -1.62274e-24)
(2.14097 -0.00835888 2.6256e-23)
(2.16073 -0.00435517 -1.53164e-24)
(2.17327 -0.00645296 -1.08418e-23)
(2.1459 -0.00555453 2.91657e-24)
(1.29872 -0.00263302 -2.03155e-25)
(2.00866 0.0110302 -9.72565e-25)
(2.29174 0.0167813 -7.14728e-25)
(2.28926 0.0182423 -7.24591e-24)
(2.31032 0.0160201 9.95925e-24)
(2.31209 0.0195464 -2.25244e-23)
(2.16375 -0.0652307 -8.16207e-24)
(1.96277 -0.211342 -8.57373e-24)
(1.87185 -0.294592 1.5879e-22)
(1.88325 -0.317207 -5.37494e-23)
(1.90842 -0.346665 3.05104e-24)
(1.87079 -0.363295 2.57718e-24)
(1.84122 -0.301802 -9.79946e-25)
(1.84887 -0.211942 8.42297e-24)
(1.89742 -0.127658 -1.56452e-23)
(1.9741 -0.0460208 0)
(2.00557 -0.016816 -3.60213e-23)
(2.05611 0.0044381 -8.60777e-24)
(2.0906 0.00155426 3.98513e-23)
(2.11745 0.00368647 3.37063e-23)
(2.14106 -0.00178002 -1.7267e-24)
(2.16122 -0.000546471 1.73763e-24)
(2.17413 -0.00448695 0)
(2.1459 -0.00512729 0)
(1.28852 -0.00402819 1.66485e-24)
(1.98434 0.00206794 0)
(2.28638 0.0235686 0)
(2.28576 0.0344147 5.53889e-24)
(2.30542 0.0417652 -3.8882e-23)
(2.32143 0.0576764 -1.04541e-22)
(2.24494 0.0529642 -8.7945e-23)
(2.0938 -0.042855 2.83736e-24)
(1.93658 -0.168783 -6.9577e-23)
(1.89878 -0.214647 -3.31551e-23)
(1.93405 -0.202692 1.50158e-23)
(1.86704 -0.225412 2.88354e-23)
(1.7736 -0.177095 -2.92303e-26)
(1.76955 -0.121077 -7.41209e-24)
(1.81303 -0.0576201 2.5722e-23)
(1.92049 0.00977046 1.65801e-23)
(1.99241 0.0331603 -8.42553e-24)
(2.05559 0.0238667 1.12036e-23)
(2.09254 0.016181 6.48997e-23)
(2.11992 0.0155391 -3.34097e-23)
(2.14374 0.008444 0)
(2.16369 0.00605741 -1.46517e-24)
(2.17716 -0.00101532 2.14346e-23)
(2.14898 -0.00506058 1.07114e-23)
(1.2754 -0.00501014 0)
(1.95394 0.000764698 0)
(2.27253 0.0304676 3.76642e-24)
(2.27489 0.0511668 -1.64034e-24)
(2.28539 0.0652711 3.70956e-23)
(2.30721 0.0936323 7.95232e-23)
(2.26092 0.119906 1.12147e-22)
(2.17498 0.105969 1.24021e-22)
(2.05282 0.0355497 0)
(1.92788 -0.0706929 -1.82467e-23)
(1.92913 -0.0793977 -8.13974e-23)
(1.84273 -0.029443 -2.8844e-23)
(1.73949 -0.00819052 0)
(1.73169 -0.00265477 -5.81895e-25)
(1.7609 0.0360473 5.8168e-25)
(1.8858 0.0758473 8.81787e-23)
(1.9924 0.0682711 6.53656e-23)
(2.06093 0.0680427 9.89224e-23)
(2.09927 0.0538913 -1.40822e-22)
(2.12737 0.0428493 0)
(2.15093 0.0265879 0)
(2.17018 0.0160704 0)
(2.18493 0.00317979 -2.0254e-23)
(2.15612 -0.00319967 -6.76783e-24)
(1.26018 -0.00461411 -1.20253e-24)
(1.92362 0.0031641 4.16227e-24)
(2.25113 0.0348555 6.07794e-24)
(2.25837 0.063078 -1.82357e-23)
(2.26035 0.0915479 1.95988e-23)
(2.26353 0.122438 0)
(2.24741 0.151233 0)
(2.18512 0.183808 2.73412e-23)
(2.10847 0.184249 -2.96451e-23)
(1.99706 0.134322 -4.78382e-23)
(1.91896 0.0716301 3.2443e-22)
(1.82106 0.127478 9.36765e-23)
(1.73521 0.0881166 -7.43337e-24)
(1.716 0.116454 8.52148e-25)
(1.73532 0.134603 7.84757e-24)
(1.86932 0.150491 -8.79831e-23)
(1.99864 0.145194 -8.98466e-23)
(2.07288 0.134593 -7.70843e-23)
(2.11773 0.0945373 1.25231e-22)
(2.14775 0.067952 -5.79947e-23)
(2.16983 0.0418265 -3.36805e-23)
(2.18595 0.0241794 4.80454e-24)
(2.19947 0.00671993 2.69063e-23)
(2.16638 -0.00226097 -1.9384e-24)
(1.24635 -0.00287232 2.76344e-24)
(1.89217 0.0034982 -4.52616e-24)
(2.22287 0.0376127 2.97416e-23)
(2.22901 0.0754726 -1.1322e-23)
(2.22719 0.115347 0)
(2.22594 0.179461 -3.51233e-24)
(2.20577 0.215908 3.48806e-24)
(2.17098 0.232322 -2.4514e-22)
(2.10892 0.249311 0)
(2.04015 0.271976 0)
(1.93702 0.18886 -2.1646e-22)
(1.82342 0.205616 -4.62472e-23)
(1.73444 0.168434 4.86395e-24)
(1.7007 0.205718 3.55619e-23)
(1.72487 0.202048 1.79198e-24)
(1.85908 0.207691 -6.55384e-24)
(2.01727 0.218654 -9.52299e-25)
(2.11066 0.156961 -1.10833e-23)
(2.16483 0.10832 -3.98992e-23)
(2.18379 0.0690448 3.80815e-23)
(2.19582 0.040521 7.16289e-23)
(2.20491 0.0234251 0)
(2.21457 0.00580411 -2.60461e-23)
(2.17739 -0.000586014 -1.49911e-24)
(1.23624 -0.000691038 -1.53001e-24)
(1.86656 0.00424552 0)
(2.19269 0.0372164 1.7893e-23)
(2.18568 0.078071 2.67111e-23)
(2.17194 0.119732 0)
(2.1704 0.168533 0)
(2.16771 0.232609 -5.3498e-23)
(2.13829 0.285309 1.20586e-22)
(2.09066 0.308223 0)
(2.04141 0.329949 -2.50881e-23)
(1.9561 0.365968 1.35067e-26)
(1.86074 0.313683 2.5331e-23)
(1.74989 0.294943 1.98918e-24)
(1.69816 0.26715 -5.47669e-23)
(1.72558 0.252336 2.82848e-24)
(1.85905 0.231816 3.59648e-23)
(2.06431 0.206495 -5.33097e-23)
(2.17905 0.120365 -1.9317e-23)
(2.21241 0.0749455 4.89465e-26)
(2.21673 0.0437538 0)
(2.21682 0.0233898 -4.41403e-23)
(2.22013 0.0141139 2.59954e-23)
(2.22535 0.000128605 4.76589e-25)
(2.18706 0.000443747 -4.06569e-24)
(1.22938 0.000726341 0)
(1.85107 0.00530201 1.4492e-25)
(2.16437 0.0315335 1.93315e-23)
(2.14492 0.0639892 1.00934e-22)
(2.12929 0.121473 0)
(2.10664 0.134267 0)
(2.09948 0.224362 3.78858e-23)
(2.08559 0.288056 9.93212e-23)
(2.05574 0.345362 -1.62396e-24)
(2.01878 0.370193 0)
(1.94758 0.427997 0)
(1.89309 0.379738 5.90897e-24)
(1.77635 0.403423 -5.90892e-24)
(1.72691 0.348716 1.26373e-23)
(1.75484 0.306908 4.88549e-24)
(1.89836 0.2341 -6.39831e-24)
(2.15188 0.126191 7.00621e-23)
(2.24148 0.0566262 1.63647e-23)
(2.24504 0.0265773 2.87058e-24)
(2.23628 0.0131817 0)
(2.22726 0.0029826 2.65157e-24)
(2.22788 0.00160677 -1.88934e-23)
(2.22986 -0.00643696 7.68435e-25)
(2.19207 -0.00313506 -6.72653e-25)
(1.224 0.00134906 4.63879e-25)
(1.84726 0.00367268 -1.48804e-23)
(2.13867 0.0190223 -4.92474e-24)
(2.10958 0.0430047 -9.27452e-23)
(2.10233 0.0948702 0)
(2.06323 0.116328 1.30567e-22)
(2.01377 0.156402 5.08041e-23)
(2.00833 0.244124 -1.25155e-22)
(1.98903 0.31762 1.62905e-24)
(1.96196 0.372833 1.71449e-23)
(1.93802 0.429766 0)
(1.89938 0.385657 0)
(1.79604 0.403056 0)
(1.78531 0.343665 2.27598e-23)
(1.85451 0.256242 -1.10138e-23)
(2.04116 0.124092 -6.73151e-24)
(2.24017 0.0186274 7.03412e-23)
(2.27388 0.000732378 1.23625e-22)
(2.25542 -0.00995232 -7.47426e-23)
(2.24056 -0.00561605 9.30833e-24)
(2.22905 -0.00917865 -8.03054e-25)
(2.22948 -0.00608709 -8.3917e-24)
(2.23034 -0.00970028 2.83513e-24)
(2.19231 -0.00586387 7.07194e-24)
(1.21968 0.0013493 0)
(1.85174 -0.000515743 -1.37408e-23)
(2.11161 0.00176913 0)
(2.08504 0.0145401 -3.53818e-23)
(2.06648 0.0428268 -2.66145e-22)
(2.03175 0.0827902 1.43815e-24)
(1.95938 0.116654 -6.78454e-23)
(1.93185 0.173792 0)
(1.915 0.233121 2.30627e-23)
(1.90435 0.284086 -3.62547e-24)
(1.92769 0.327421 1.06571e-23)
(1.90024 0.333934 -2.1906e-23)
(1.83657 0.303708 1.34188e-24)
(1.87011 0.237301 2.58358e-23)
(1.98509 0.123866 -2.07596e-23)
(2.15885 0.0093559 0)
(2.27342 -0.0396291 -9.75181e-23)
(2.27525 -0.0178168 -1.13778e-22)
(2.25335 -0.0176112 1.12574e-23)
(2.23892 -0.00731694 0)
(2.22866 -0.0122914 0)
(2.22923 -0.00790721 0)
(2.22982 -0.0107095 -1.50565e-24)
(2.18891 -0.00836961 -5.18946e-24)
(1.21622 0.000697338 -1.56233e-24)
(1.86324 -0.00592448 -3.70081e-23)
(2.09713 -0.0137102 7.63968e-23)
(2.07747 -0.0118105 6.06002e-23)
(2.03742 -0.0102227 2.29431e-22)
(1.99081 0.0202023 -5.94889e-23)
(1.91943 0.0562821 0)
(1.88538 0.0852116 -8.08965e-23)
(1.87677 0.128882 -2.03259e-23)
(1.87015 0.117662 -5.20484e-24)
(1.91281 0.16183 -1.11228e-23)
(1.9042 0.157478 1.61924e-23)
(1.88662 0.143168 -1.2996e-23)
(1.96655 0.0785089 6.73849e-24)
(2.08759 -0.0143872 -5.68142e-23)
(2.20657 -0.0750558 4.91748e-23)
(2.27052 -0.0596069 1.84769e-22)
(2.26318 -0.0405653 -7.60244e-23)
(2.24505 -0.0354122 2.20182e-23)
(2.23431 -0.0217858 -2.21409e-23)
(2.2274 -0.022815 0)
(2.22816 -0.0132357 -2.46385e-23)
(2.22851 -0.0172966 -1.47988e-24)
(2.18333 -0.0114523 -7.23513e-24)
(1.21206 -0.000219084 1.49524e-24)
(1.8836 -0.0105287 -8.97072e-23)
(2.09765 -0.023336 1.01622e-22)
(2.07828 -0.0273886 1.03416e-22)
(2.03239 -0.032526 1.455e-22)
(1.96983 -0.0354585 -1.84197e-22)
(1.89352 -0.0251385 -5.32806e-23)
(1.86027 -0.00490684 8.0836e-23)
(1.86411 0.0152448 0)
(1.86705 0.0321852 -1.72728e-23)
(1.8908 -0.00113947 1.76688e-23)
(1.90863 0.081081 0)
(1.94765 -0.031017 -5.38471e-25)
(2.03642 -0.0608377 0)
(2.13616 -0.130225 0)
(2.21022 -0.123058 -4.61463e-23)
(2.24803 -0.105529 -8.40311e-23)
(2.23951 -0.0739309 2.62509e-23)
(2.23105 -0.0547761 1.74312e-23)
(2.226 -0.038727 9.83377e-24)
(2.22345 -0.030358 -2.67375e-23)
(2.22474 -0.0204532 4.5543e-23)
(2.22541 -0.0198384 -5.61726e-25)
(2.17578 -0.0131079 -2.35551e-25)
(1.20559 -0.00109803 0)
(1.91315 -0.0105526 2.06478e-22)
(2.10274 -0.0330687 2.01525e-22)
(2.08457 -0.0578289 -2.48631e-22)
(2.03623 -0.0681965 0)
(1.96905 -0.0761746 6.45399e-23)
(1.88888 -0.0640393 2.25413e-22)
(1.85364 -0.0636843 0)
(1.84769 -0.0867892 6.55341e-24)
(1.8699 -0.0203272 -1.14042e-23)
(1.88043 -0.0850636 0)
(1.92912 -0.0218315 4.62646e-25)
(2.01734 -0.147127 -2.61486e-24)
(2.07013 -0.145577 0)
(2.1432 -0.176659 -8.58265e-24)
(2.19405 -0.14177 5.92645e-23)
(2.20904 -0.130732 0)
(2.21558 -0.100726 -2.61955e-23)
(2.21039 -0.0807362 -1.39388e-23)
(2.21092 -0.0590544 -2.11017e-23)
(2.21145 -0.0456621 2.78263e-23)
(2.2157 -0.0300066 -3.45959e-23)
(2.21732 -0.0239208 2.56285e-23)
(2.16645 -0.0128022 -1.66013e-24)
(1.19723 -0.00155298 0)
(1.94559 -0.00625396 2.53602e-23)
(2.12729 -0.0368914 -3.75966e-22)
(2.1082 -0.101746 1.2675e-22)
(2.04724 -0.133966 -2.00611e-22)
(1.96119 -0.11714 1.31154e-22)
(1.88385 -0.131185 -9.05009e-23)
(1.85543 -0.115921 5.13574e-25)
(1.84557 -0.13733 4.84227e-24)
(1.8726 -0.154117 2.10906e-24)
(1.89815 -0.149681 0)
(1.96973 -0.204348 5.03825e-24)
(2.04725 -0.215662 5.61374e-25)
(2.07848 -0.212303 3.0449e-24)
(2.13847 -0.20554 8.50709e-24)
(2.1685 -0.180916 -1.4652e-23)
(2.18884 -0.168292 2.77454e-24)
(2.19257 -0.116994 -1.43763e-24)
(2.18716 -0.0991217 1.66302e-23)
(2.18995 -0.0631756 2.25117e-23)
(2.19323 -0.04796 -2.06186e-23)
(2.20154 -0.0290405 1.82333e-23)
(2.19977 -0.0172329 -4.02642e-23)
(2.15446 -0.0125745 -1.14943e-24)
(1.18842 -0.00185431 1.87978e-25)
(1.97305 0.00850919 0)
(2.17046 -0.0353476 -1.3357e-22)
(2.16594 -0.0834334 0)
(2.07526 -0.131616 6.6101e-23)
(1.96751 -0.138303 2.75606e-23)
(1.8902 -0.136334 -5.31111e-23)
(1.87041 -0.139277 9.87797e-25)
(1.85609 -0.154626 1.71312e-24)
(1.88165 -0.186459 0)
(1.9166 -0.186891 0)
(1.97565 -0.253641 0)
(2.04338 -0.217417 -9.98784e-24)
(2.06394 -0.228985 -1.25533e-23)
(2.11326 -0.21054 -2.24976e-24)
(2.14244 -0.186972 0)
(2.16095 -0.147032 0)
(2.16022 -0.100642 6.36146e-24)
(2.16137 -0.0806423 2.2154e-24)
(2.16992 -0.0514193 5.54441e-24)
(2.17824 -0.0365807 0)
(2.18932 -0.0203506 -1.89165e-25)
(2.19651 -0.0147927 2.8149e-24)
(2.1384 -0.00864578 0)
(1.17782 -0.000166944 -5.32613e-24)
(1.96297 0.0121709 -4.04737e-23)
(2.2218 -0.0304184 8.48398e-24)
(2.22005 -0.0837469 4.64257e-24)
(2.12517 -0.143361 -3.16994e-24)
(1.99627 -0.180575 -1.79041e-24)
(1.91216 -0.212031 0)
(1.89358 -0.250239 0)
(1.90317 -0.284602 -1.52355e-25)
(1.91898 -0.31782 2.0917e-26)
(1.92766 -0.325089 -1.6508e-25)
(1.95492 -0.312364 0)
(1.99254 -0.280486 0)
(2.04111 -0.239608 1.13529e-26)
(2.07607 -0.197032 -3.70696e-27)
(2.10102 -0.163771 0)
(2.11395 -0.123854 -5.76631e-26)
(2.11845 -0.0899777 -1.78227e-25)
(2.13575 -0.0629822 -3.78496e-26)
(2.14281 -0.038503 -1.38573e-25)
(2.16032 -0.0237748 1.15084e-25)
(2.17616 -0.0125497 5.8569e-26)
(2.186 -0.00755303 0)
(2.11654 -0.000423566 3.28561e-24)
(1.15582 -0.00157435 0)
(1.34492 0.00673048 0)
(1.33827 0.00962362 -5.84452e-25)
(1.31321 0.00179871 -3.47476e-26)
(1.3268 0.0129764 -1.15161e-24)
(1.31132 0.0149906 1.07844e-25)
(1.30887 0.00269714 0)
(1.29274 0.0150553 1.04372e-24)
(1.27307 0.0130611 0)
(1.30672 0.00224508 4.39142e-25)
(1.25485 0.00937644 0)
(1.23977 0.00477748 0)
(1.30531 0.000262395 0)
(1.2287 0.000446311 -6.89795e-25)
(1.22104 -0.00290029 4.74536e-25)
(1.30214 -0.00174452 1.91688e-25)
(1.21582 -0.00545443 0)
(1.2124 -0.00779929 -5.0026e-26)
(1.29426 -0.00320045 0)
(1.21124 -0.00927477 0)
(1.21205 -0.00970922 3.52671e-25)
(1.28261 -0.00438478 -1.66485e-24)
(1.21618 -0.00943517 -3.62779e-25)
(1.22055 -0.00753328 1.00902e-25)
(1.26826 -0.00484209 1.77608e-25)
(1.22362 -0.00449195 0)
(1.22467 -0.00214563 8.87331e-25)
(1.25318 -0.00366811 1.63286e-25)
(1.22453 -0.00134587 -9.96884e-25)
(1.22334 -0.000614127 0)
(1.24079 -0.0016344 -3.5414e-25)
(1.22125 0.000775596 0)
(1.21875 0.00254525 -2.82322e-24)
(1.23212 0.000196824 0)
(1.21489 0.00441508 2.65994e-24)
(1.20946 0.00622851 0)
(1.22604 0.00103383 7.97173e-25)
(1.20255 0.00782157 -5.16486e-24)
(1.19516 0.00911579 9.6495e-24)
(1.22126 0.00142457 -1.26108e-24)
(1.18766 0.00865374 -4.31186e-25)
(1.18198 0.00570156 -4.21278e-24)
(1.21743 0.00110216 -1.12921e-28)
(1.17917 0.00201764 0)
(1.17907 0.000612769 5.03556e-28)
(1.21381 0.000318507 2.18591e-25)
(1.18015 -0.000767329 0)
(1.18434 -0.00247097 -2.20157e-23)
(1.20819 -0.000652204 -1.27406e-25)
(1.18918 -0.00339669 -3.12975e-23)
(1.19481 -0.00278849 1.07295e-22)
(1.20017 -0.00142086 0)
(1.19979 -0.00168176 -2.97184e-22)
(1.20213 -0.000879229 2.40694e-22)
(1.19035 -0.00176179 1.32981e-25)
(1.20489 -0.000465081 -2.70059e-23)
(1.20187 -0.000570773 2.90627e-24)
(1.17789 -0.00129509 2.50112e-23)
(1.20122 -0.00242911 8.61173e-23)
(1.14449 0.00266862 -2.49697e-22)
(1.1289 -0.00462446 -3.90824e-22)
(1.17129 0.00198032 1.87837e-22)
(2.19171 -0.011543 -2.84175e-23)
(2.22978 -0.0594404 -3.23783e-24)
(2.2061 -0.0998662 1.819e-24)
(2.08409 -0.159153 4.44621e-24)
(1.9624 -0.188973 7.95939e-25)
(1.89957 -0.211801 -2.98099e-25)
(1.89472 -0.257197 2.13827e-26)
(1.9109 -0.293812 1.29683e-25)
(1.91917 -0.317683 7.7044e-26)
(1.93689 -0.31541 0)
(1.9629 -0.302749 0)
(2.0186 -0.269138 -4.58814e-26)
(2.05505 -0.247363 -1.70379e-25)
(2.08937 -0.205111 -3.12666e-27)
(2.10809 -0.165526 0)
(2.11467 -0.123462 0)
(2.12423 -0.0877457 1.15421e-25)
(2.1354 -0.0619326 0)
(2.14352 -0.0367455 -9.18e-26)
(2.16201 -0.0237421 -1.17757e-25)
(2.17667 -0.0108584 6.12535e-25)
(2.18081 -0.00397407 0)
(1.86487 -0.00103242 -3.34361e-24)
(2.0833 -0.0047109 -8.51748e-26)
(2.08866 -0.00368997 4.04867e-24)
(1.95117 0.00354891 4.68693e-24)
(2.09907 -0.00812386 -1.9143e-23)
(2.10133 -0.0169909 2.04597e-23)
(2.10567 -0.0140233 -1.19546e-23)
(2.01358 -0.00851271 0)
(2.00772 -0.00738524 1.8391e-25)
(2.1914 -0.0105411 -4.80375e-25)
(2.09966 -0.00227035 0)
(2.11458 -0.00198514 0)
(1.97068 0.0160421 0)
(2.10735 -0.0214805 2.86483e-23)
(2.1188 -0.0362563 -1.494e-23)
(2.12926 -0.0204745 -5.23924e-25)
(2.00171 -0.00646495 -1.09319e-26)
(1.99563 -0.00528872 2.20106e-25)
(2.18135 -0.0086022 -1.2808e-24)
(2.13313 -0.00277165 1.58909e-26)
(2.15429 -0.00367672 -2.23078e-24)
(1.99491 0.0242427 -2.29492e-24)
(2.13954 -0.0394349 8.25524e-24)
(2.16455 -0.0480517 6.68764e-24)
(2.171 -0.0235139 7.96097e-24)
(1.98985 -0.00438907 -2.99652e-25)
(1.98466 -0.0031348 -3.84358e-25)
(2.16988 -0.00670217 5.3486e-25)
(2.17679 -0.0046204 0)
(2.19927 -0.00554584 -4.61272e-24)
(2.01449 0.0220399 1.88128e-24)
(2.19555 -0.046898 -9.29548e-24)
(2.22555 -0.0535138 9.30421e-24)
(2.21752 -0.0250838 1.729e-23)
(1.98012 -0.00194431 1.1515e-25)
(1.97612 -0.000880686 -2.9374e-24)
(2.15764 -0.00690346 5.51348e-25)
(2.21999 -0.00609434 3.9906e-24)
(2.23634 -0.00444921 5.82045e-25)
(2.02295 0.0169813 1.1268e-25)
(2.25179 -0.0512234 0)
(2.27183 -0.0455694 0)
(2.26414 -0.0110328 -5.81776e-25)
(1.9725 -0.000866364 -2.63646e-25)
(1.96962 -0.00201613 2.475e-24)
(2.14792 -0.00673711 -2.57437e-24)
(2.24564 0.000377535 3.32122e-24)
(2.24797 0.00546195 -3.24043e-24)
(2.019 0.0150906 -9.4635e-25)
(2.28552 -0.0247246 -1.32227e-24)
(2.29271 -0.00225436 0)
(2.29063 0.0121947 3.09688e-25)
(1.96778 -0.00404722 1.85222e-25)
(1.96711 -0.00570636 0)
(2.14562 -0.00453552 -2.77282e-24)
(2.24738 0.00834655 0)
(2.24429 0.0110442 0)
(1.99742 0.00605534 9.81762e-25)
(2.29481 0.0116902 5.94974e-25)
(2.29414 0.0173415 -5.8287e-25)
(2.29029 0.0185897 7.07216e-25)
(1.96703 -0.00662021 0)
(1.96721 -0.00722794 5.33734e-24)
(2.14695 -0.00364993 -1.11382e-23)
(2.2364 0.0136727 0)
(2.22509 0.0180585 0)
(1.96922 0.000471596 -9.19932e-26)
(2.29203 0.0216266 0)
(2.28682 0.0342362 0)
(2.28029 0.0270942 -3.76598e-24)
(1.96785 -0.00831834 -4.84805e-24)
(1.96957 -0.00936999 -4.85742e-24)
(2.15199 -0.00218649 2.70221e-24)
(2.21258 0.0223501 -5.90115e-24)
(2.19868 0.0257702 6.81816e-24)
(1.93896 0.00202804 -1.01143e-25)
(2.27978 0.0364513 -2.54577e-24)
(2.27115 0.0485363 1.32555e-23)
(2.2635 0.0336057 -6.94622e-25)
(1.97174 -0.00972982 4.46275e-24)
(1.97398 -0.00950986 0)
(2.16103 -0.00117976 4.63877e-24)
(2.18431 0.0276563 0)
(2.16982 0.027653 -8.65303e-25)
(1.90762 0.00361861 2.31459e-25)
(2.26188 0.0486929 -8.66475e-24)
(2.25099 0.0540031 1.14183e-23)
(2.2378 0.0368346 -1.90735e-23)
(1.97574 -0.00882603 5.36613e-26)
(1.97712 -0.00812642 9.21638e-26)
(2.17197 -0.000388573 0)
(2.1544 0.0274673 -1.05625e-25)
(2.13926 0.0255791 1.04327e-24)
(1.8782 0.00328886 1.48888e-25)
(2.24027 0.0534942 -1.13686e-23)
(2.22551 0.0529325 0)
(2.20603 0.036625 -1.67313e-23)
(1.97807 -0.00748598 4.74908e-24)
(1.97873 -0.00711223 -4.74865e-24)
(2.1826 0.00123329 0)
(2.12489 0.0239627 5.5199e-25)
(2.10894 0.0221728 -5.79396e-25)
(1.8574 0.00531274 5.79296e-25)
(2.20938 0.0483378 0)
(2.19213 0.0522606 9.31419e-24)
(2.17988 0.0368515 -3.78585e-23)
(1.97899 -0.00694157 0)
(1.97876 -0.00684518 4.11802e-25)
(2.19033 -0.000130999 1.71612e-24)
(2.0931 0.0191273 -1.19503e-24)
(2.0803 0.0160484 2.04568e-23)
(1.84788 0.00441075 1.55402e-23)
(2.1755 0.0497101 1.28648e-24)
(2.15834 0.0460476 -1.14062e-23)
(2.14989 0.0248627 -2.3973e-24)
(1.9775 -0.00675294 -2.11706e-26)
(1.97369 -0.0063102 0)
(2.19249 -0.00447758 -9.59643e-24)
(2.07031 0.0116601 -5.14257e-23)
(2.06268 0.00375829 7.59839e-23)
(1.84807 0.00249982 1.13064e-23)
(2.14295 0.038667 5.48166e-24)
(2.12763 0.0351162 -1.32648e-23)
(2.12577 0.0120587 -1.07143e-23)
(1.96988 -0.00568842 2.84668e-26)
(1.96519 -0.00478807 0)
(2.19082 -0.00593155 4.99014e-24)
(2.05869 -0.00441937 -3.83067e-23)
(2.05763 -0.00947291 -1.01832e-23)
(1.8566 -0.00463245 0)
(2.11386 0.0202666 0)
(2.10359 0.00853648 3.92663e-23)
(2.10109 -0.00651042 -9.37571e-23)
(1.96092 -0.00444516 3.12594e-24)
(1.95521 -0.00448595 1.70111e-24)
(2.18544 -0.00878357 6.94296e-24)
(2.05811 -0.0125177 1.11841e-23)
(2.06062 -0.0195307 1.06397e-22)
(1.87195 -0.00998186 3.69924e-23)
(2.09777 -0.00816777 -7.30101e-24)
(2.0963 -0.0193319 -2.71043e-23)
(2.09707 -0.0169935 1.1385e-22)
(1.94997 -0.0056762 -5.36215e-24)
(1.94214 -0.00608289 1.16418e-25)
(2.17894 -0.0118213 2.34695e-25)
(2.06381 -0.0259472 -9.6346e-23)
(2.0699 -0.0308711 2.62532e-23)
(1.89632 -0.0121925 9.22277e-23)
(2.09624 -0.0257146 1.11699e-22)
(2.09633 -0.0341082 -1.64962e-22)
(2.09891 -0.0293621 -1.79877e-22)
(1.93686 -0.00737874 0)
(1.92754 -0.00734075 0)
(2.17024 -0.0115438 2.25415e-24)
(2.07949 -0.0301187 2.09087e-22)
(2.08835 -0.0342313 -2.59314e-22)
(1.92884 -0.00728153 -1.52973e-22)
(2.09777 -0.0368633 0)
(2.10239 -0.0518595 -1.02252e-22)
(2.11054 -0.0380576 8.29091e-23)
(1.9239 -0.00767665 -1.04341e-23)
(1.91418 -0.0069007 -1.09835e-23)
(2.15895 -0.0103534 3.76701e-24)
(2.10601 -0.0273544 0)
(2.11878 -0.0312137 4.52238e-22)
(1.96 0.000566931 -1.65984e-22)
(2.11928 -0.0518259 1.10358e-23)
(2.13848 -0.0723211 2.2462e-23)
(2.14023 -0.0453717 0)
(1.91249 -0.00582969 2.84444e-23)
(1.89898 -0.00448885 3.34115e-23)
(2.14479 -0.00817753 0)
(2.14723 -0.0196055 -6.29412e-23)
(2.15756 -0.0253477 -5.16779e-23)
(1.93823 0.00974733 5.10906e-23)
(2.17566 -0.0650795 -9.09843e-23)
(2.19161 -0.0711101 1.69256e-23)
(2.18522 -0.0394619 5.187e-23)
(2.14243 -0.0955266 1.74673e-23)
(2.16134 -0.111436 -8.42592e-24)
(2.18215 -0.0968688 -8.68267e-24)
(2.05048 -0.142792 0)
(2.05536 -0.161003 -2.53206e-24)
(2.08598 -0.150278 0)
(1.95182 -0.154234 1.33797e-23)
(1.94948 -0.174589 3.57686e-24)
(1.97152 -0.171578 1.93292e-23)
(1.8828 -0.145475 7.34164e-25)
(1.87982 -0.179986 -2.92584e-24)
(1.89011 -0.188798 4.43389e-24)
(1.86176 -0.132842 -3.74891e-24)
(1.86645 -0.207069 1.28052e-24)
(1.86822 -0.215614 -4.04006e-24)
(1.8615 -0.152617 0)
(1.88209 -0.237802 7.40741e-25)
(1.87412 -0.229994 0)
(1.89501 -0.224673 -8.60613e-24)
(1.90632 -0.293632 0)
(1.89409 -0.274406 -6.75104e-25)
(1.92736 -0.236865 -2.09688e-25)
(1.94022 -0.295949 1.97473e-25)
(1.92876 -0.280218 0)
(1.98449 -0.25817 -7.23866e-24)
(1.98021 -0.280798 -6.5456e-25)
(1.97203 -0.288289 0)
(2.04653 -0.222762 8.44197e-24)
(2.04022 -0.252107 -5.39671e-25)
(2.02814 -0.256802 -1.28967e-24)
(2.07692 -0.219671 2.08701e-24)
(2.07307 -0.240831 7.70848e-26)
(2.05832 -0.240111 -1.21079e-25)
(2.1313 -0.211485 0)
(2.12017 -0.219698 1.28579e-24)
(2.10385 -0.210372 0)
(2.14883 -0.181108 4.80529e-24)
(2.13842 -0.182794 1.19931e-24)
(2.13109 -0.187146 -1.20376e-24)
(2.16577 -0.140102 -1.43189e-23)
(2.15087 -0.143858 -2.82803e-24)
(2.14819 -0.148454 -1.14347e-24)
(2.16058 -0.09905 5.87081e-24)
(2.14958 -0.107756 1.21826e-25)
(2.14644 -0.112372 -3.27531e-25)
(2.16484 -0.079446 -1.72645e-23)
(2.15635 -0.0844158 0)
(2.15354 -0.0826316 -2.08414e-25)
(2.17033 -0.0520084 -5.21899e-24)
(2.15988 -0.0572796 0)
(2.16184 -0.0577359 -6.62037e-25)
(2.17868 -0.0369052 0)
(2.17308 -0.039217 -5.64945e-25)
(2.17102 -0.0392863 0)
(2.19006 -0.0211177 2.81106e-24)
(2.18346 -0.0202603 -5.01141e-25)
(2.18533 -0.0213802 9.93362e-25)
(2.19065 -0.0118842 8.18475e-24)
(2.1871 -0.00909924 -2.96476e-23)
(2.19256 -0.0147231 0)
(1.90018 -0.00507824 5.25605e-23)
(1.85362 -0.00165781 2.24654e-22)
(2.12457 -0.00158332 2.14967e-23)
(0.454375 -0.000165276 0)
(0.146577 0.000168807 0)
(0.455329 -0.000103706 0)
(0.147146 0.000230033 0)
(0.457372 5.4383e-05 0)
(0.148592 0.000178989 0)
(0.459806 0.000393006 0)
(0.150729 3.46586e-05 0)
(0.462022 0.000666825 0)
(0.153465 -6.48106e-05 0)
(0.462534 0.000593425 0)
(0.155619 -0.000249817 0)
(0.460489 0.000429776 0)
(0.156408 -0.000346318 0)
(0.456698 0.000195758 0)
(0.156147 -0.000308345 0)
(0.451472 -0.000155535 0)
(0.154281 -0.000207133 0)
(0.446515 -0.000292813 0)
(0.151887 -6.24147e-05 0)
(0.443117 -0.000336574 0)
(0.150109 7.17193e-05 0)
(0.44118 -0.000390809 0)
(0.149127 0.000194128 0)
(0.439911 -0.000432647 0)
(0.148427 0.000257879 0)
(0.439352 -0.000272354 0)
(0.148205 0.000254093 0)
(0.439221 -7.59413e-05 -2.37403e-28)
(0.148622 0.000131275 2.37825e-28)
(0.438819 -2.68925e-05 0)
(0.149033 4.20628e-05 0)
(0.43712 -9.9132e-05 0)
(0.148809 -6.54598e-05 0)
(0.434686 -0.000104709 1.03594e-27)
(0.147834 -0.000134952 1.04007e-27)
(0.433225 0.000352885 -7.54309e-25)
(0.146949 -0.0003605 3.60307e-26)
(0.44402 0.00214345 -4.05842e-24)
(0.154349 9.27696e-05 0)
(0.422553 -0.000583117 3.05152e-25)
(0.135576 -9.84401e-05 0)
(0.454713 -0.000147151 0)
(0.146776 0.000212926 0)
(0.456359 -2.12162e-05 0)
(0.147815 0.000227972 0)
(0.458675 0.000217448 0)
(0.149616 0.00010457 0)
(0.461093 0.000588952 0)
(0.152101 1.28601e-05 0)
(0.462622 0.000677245 0)
(0.154753 -0.000133185 0)
(0.461881 0.000512159 0)
(0.156181 -0.000278413 0)
(0.45895 0.000378249 0)
(0.156473 -0.000344272 0)
(0.454347 4.98752e-06 0)
(0.155415 -0.000252724 0)
(0.448987 -0.000248417 0)
(0.153092 -0.000130723 0)
(0.444684 -0.000333806 0)
(0.150918 1.24896e-05 0)
(0.442014 -0.000354627 0)
(0.149565 0.000139311 0)
(0.440443 -0.000415386 0)
(0.148757 0.0002238 0)
(0.439496 -0.00035883 -4.17041e-29)
(0.148215 0.000276727 4.11721e-29)
(0.439243 -0.000149182 5.07293e-28)
(0.148336 0.000184764 0)
(0.439086 -2.99929e-05 0)
(0.148842 9.8061e-05 0)
(0.438052 -4.41758e-05 0)
(0.149015 -4.58079e-06 0)
(0.435764 -9.79752e-05 -1.03959e-27)
(0.148352 -0.000106257 -1.04348e-27)
(0.433416 -7.85578e-06 -6.22008e-25)
(0.147235 -0.000216095 3.20487e-25)
(0.43365 0.00111785 5.59258e-27)
(0.146982 -0.000247596 -2.08372e-24)
(0.435511 -0.00618646 -2.899e-25)
(0.149391 -0.000975121 0)
(0.483872 -0.00210627 0)
(0.16778 0.000684046 0)
(0.480047 -0.00136535 0)
(0.171212 0.00108064 0)
(0.466219 0.000392999 0)
(0.167352 0.000689356 0)
(0.448794 0.00163799 0)
(0.157539 0.000236324 0)
(0.43572 0.00185084 0)
(0.148284 -0.000291857 0)
(0.429118 0.00216384 0)
(0.142159 -0.000877137 0)
(0.427671 0.0017497 0)
(0.13878 -0.001325 0)
(0.431809 0.000555944 0)
(0.140244 -0.000925282 0)
(0.436403 0.000137347 0)
(0.143666 -0.00044507 0)
(0.437554 9.3784e-05 0)
(0.144778 -0.00014055 0)
(0.437917 -0.000461326 0)
(0.146114 0.00018226 0)
(0.436959 -0.000631518 0)
(0.147223 0.000524207 0)
(0.43249 -0.000620649 0)
(0.146421 0.00086774 0)
(0.426668 -0.000467397 1.13974e-27)
(0.14323 0.000971063 0)
(0.42467 -0.000538286 1.00973e-27)
(0.140834 0.000419153 -2.02337e-27)
(0.428966 -0.000669154 0)
(0.142749 -8.71608e-06 0)
(0.437101 -0.00111747 -3.16966e-30)
(0.147411 -0.000314915 3.13979e-30)
(0.447279 -0.00141535 0)
(0.154925 -0.000365845 -1.94798e-25)
(0.455924 -0.00149724 7.77833e-24)
(0.162578 -0.000389585 -7.706e-24)
(0.470564 -0.00200409 -1.8513e-23)
(0.175356 -0.000644043 -4.08718e-25)
(0.444852 0.00216584 3.3667e-25)
(0.157022 -2.83494e-05 -7.08859e-23)
(0.483322 -0.00204228 0)
(0.170196 0.000998565 0)
(0.47401 -0.000499408 0)
(0.170385 0.00089285 0)
(0.457428 0.00115703 0)
(0.162799 0.000461413 0)
(0.441362 0.00181638 0)
(0.15249 3.66967e-06 0)
(0.431798 0.00196224 0)
(0.144964 -0.000603364 0)
(0.427664 0.00214881 0)
(0.139931 -0.00116901 0)
(0.429253 0.00107172 0)
(0.138951 -0.00112834 0)
(0.434483 0.000206472 0)
(0.142105 -0.000688384 0)
(0.437272 0.000227888 0)
(0.144438 -0.000280468 0)
(0.437778 -0.000206518 0)
(0.145323 1.88877e-05 0)
(0.437811 -0.000610525 0)
(0.146845 0.000346561 0)
(0.435018 -0.000604377 0)
(0.147126 0.000684254 0)
(0.429552 -0.000585202 -3.16687e-28)
(0.145082 0.00100741 1.56473e-28)
(0.42488 -0.000364998 0)
(0.141519 0.000745874 1.02663e-27)
(0.426257 -0.000806187 -2.30284e-27)
(0.14152 0.000180978 1.14913e-27)
(0.432685 -0.000870997 1.39491e-30)
(0.144626 -0.000192673 0)
(0.442035 -0.00135401 -2.86773e-29)
(0.150937 -0.000324428 -6.07796e-26)
(0.450995 -0.00126858 -1.24309e-23)
(0.158455 -0.00035156 4.34593e-24)
(0.459667 -0.00175145 -1.39424e-23)
(0.166327 -0.000403645 0)
(0.463269 0.00658326 1.55467e-23)
(0.172043 0.000436379 -1.5715e-23)
(2.36099 -0.0748792 -7.62459e-22)
(2.37882 -0.0978 3.6966e-21)
(2.40512 -0.129698 -8.4318e-21)
(2.45308 -0.157892 6.2903e-21)
(2.50941 -0.148731 -7.52618e-21)
(2.49777 -0.229016 -1.25565e-20)
(1.38429 -0.271869 0)
(-0.266899 -0.0990474 -9.17786e-20)
(-0.0178315 0.346249 -3.17098e-20)
(1.69544 0.261983 1.48499e-20)
(2.54725 0.195552 -3.55103e-21)
(2.48141 0.21243 2.37485e-21)
(1.97902 0.00152748 2.20152e-24)
(-0.142016 0.326207 -1.69264e-20)
(-0.387677 0.286904 2.52275e-20)
(-0.318482 -0.230371 -2.15591e-20)
(2.35345 -0.0264482 5.40888e-23)
(2.31295 -0.0129602 -6.30977e-23)
(2.35734 -0.0588046 3.68611e-22)
(2.35777 -0.0420019 1.42535e-22)
(2.35433 -0.162204 0)
(2.19864 -0.115346 -2.69093e-20)
(2.54712 -0.215652 1.35939e-20)
(-0.151075 0.188545 -5.02211e-20)
(-0.154675 0.0811508 0)
(1.30279 -0.0849244 2.72592e-20)
(-0.168465 -0.00220881 -2.76105e-20)
(0.245907 0.221678 3.48098e-20)
(-0.065284 0.383374 1.52343e-20)
(2.40595 0.265034 0)
(2.56599 0.239593 1.37445e-20)
(1.21671 0.209921 0)
(2.23095 -0.00041029 0)
(2.22114 -0.00984017 0)
(1.7099 0.345789 0)
(2.10916 0.130538 0)
(2.31892 0.0134156 5.60938e-24)
(2.31043 -0.0199032 0)
(2.27774 -0.0140241 0)
(2.24726 -0.0239859 0)
(2.23288 -0.0139923 9.46791e-26)
(2.222 -0.0188024 -9.46317e-26)
(1.80519 0.378506 0)
(1.70125 0.404256 -4.65078e-25)
(1.60487 0.425245 4.50513e-25)
(1.6676 0.334973 2.77844e-24)
(1.94377 0.131358 -1.10801e-23)
(2.2571 -0.0533169 -2.6849e-24)
(2.3469 -0.0592132 -2.84153e-24)
(2.3097 -0.053784 1.18384e-23)
(2.2743 -0.0298948 -5.97535e-24)
(2.24434 -0.0335079 -1.83018e-25)
(2.2302 -0.0176587 1.77541e-24)
(2.22058 -0.0216978 -4.47341e-25)
(1.70353 0.259162 -1.05556e-23)
(1.66625 0.270567 -1.49682e-24)
(1.84687 0.0945979 1.93172e-24)
(2.11589 -0.0653636 1.07559e-23)
(2.29289 -0.146691 -3.17376e-24)
(2.33427 -0.0859781 0)
(2.28997 -0.0801418 -1.31679e-23)
(2.25613 -0.0428112 7.15432e-24)
(2.23434 -0.0397997 0)
(2.22293 -0.0218367 -1.59877e-24)
(2.21749 -0.02409 1.4182e-25)
(2.32442 -0.00251253 4.05748e-23)
(2.37138 -0.0193516 -2.50346e-22)
(2.38468 -0.0329325 1.55597e-21)
(2.40508 -0.0457257 3.05759e-21)
(2.43194 -0.0535841 1.21586e-20)
(2.46641 -0.0798072 3.30878e-22)
(2.50792 -0.095982 -6.1282e-21)
(2.34323 -0.16664 -3.46812e-21)
(1.13057 -0.0709764 1.47917e-20)
(-0.436336 -0.0856363 1.88562e-20)
(-0.0191971 0.0834664 2.35167e-20)
(1.99288 0.128641 -1.76006e-20)
(2.54449 0.121606 1.67254e-21)
(2.51063 0.0688029 1.28691e-20)
(2.34189 0.0092307 0)
(2.38893 -0.00110133 2.81534e-22)
(2.40013 -0.0319236 -3.60048e-21)
(2.4197 -0.0519195 -1.99503e-21)
(2.44644 -0.0708625 2.81579e-21)
(2.48262 -0.11394 -2.57155e-21)
(2.5082 -0.0799128 0)
(2.25443 -0.118008 -7.60913e-21)
(0.788031 -0.0081051 7.32051e-21)
(-0.70267 -0.209151 -9.51626e-21)
(-0.217661 -0.0522653 -5.63157e-21)
(1.99355 0.00446973 5.09185e-20)
(2.5297 -0.0324555 -7.98355e-21)
(2.51138 -0.00195605 -1.35484e-21)
(2.4311 0.0178402 -1.20125e-20)
(2.38461 0.0219601 4.12506e-21)
(2.34876 0.0121784 -1.35915e-21)
(2.32969 0.0138125 -5.53593e-23)
(2.35054 0.0156722 2.31305e-23)
(2.40238 0.00535407 1.17877e-22)
(2.41327 0.0203508 1.56635e-21)
(2.43189 0.016697 0)
(2.46077 0.0171863 -2.69218e-22)
(2.49988 0.00235426 5.73587e-22)
(2.51684 -0.0273219 -5.74336e-21)
(2.19775 0.00841583 -7.41697e-21)
(0.607707 0.0154974 2.42403e-22)
(-0.596924 -0.0292938 -3.95327e-21)
(-0.219923 -0.241903 5.02505e-21)
(2.00221 -0.0975995 -1.83266e-20)
(2.48803 -0.213734 -4.57507e-21)
(2.49334 -0.0447355 0)
(2.41432 -0.0496031 4.38094e-21)
(2.37651 -0.0142282 3.31675e-21)
(2.34558 -0.0112452 2.43968e-22)
(2.3269 -0.000605451 4.93521e-22)
(2.34998 0.0290813 1.13473e-23)
(2.40632 0.0317533 9.53367e-23)
(2.41105 0.0416718 1.29603e-21)
(2.43046 0.0473632 8.35239e-21)
(2.45995 0.0573499 -1.76171e-20)
(2.5024 0.0769033 1.46868e-20)
(2.51836 0.0813102 6.49687e-21)
(2.19247 0.0699275 7.45558e-21)
(0.656668 0.0138858 6.89959e-22)
(-0.522047 -0.149086 2.91721e-21)
(-0.160828 -0.364865 1.52266e-22)
(2.0149 -0.259246 -7.37628e-21)
(2.42126 -0.306284 5.49787e-21)
(2.44044 -0.12024 -2.428e-21)
(2.37818 -0.103158 -6.79005e-21)
(2.35854 -0.0488397 -5.33244e-21)
(2.33566 -0.0313277 0)
(2.31576 -0.0149636 6.23623e-22)
(2.3415 0.0335626 -1.20109e-23)
(2.40027 0.0425512 0)
(2.40228 0.060588 3.75186e-22)
(2.4223 0.0667398 0)
(2.44981 0.0885753 -5.23895e-21)
(2.49343 0.091082 9.25663e-21)
(2.51746 0.135663 0)
(2.21416 0.0968376 6.35674e-21)
(0.76761 -0.0279151 -3.16274e-21)
(-0.340937 -0.25974 -3.29127e-21)
(-0.036255 -0.509336 -1.42742e-21)
(1.97662 -0.305165 6.03346e-21)
(2.29334 -0.373035 -4.1569e-21)
(2.34131 -0.143524 2.93306e-21)
(2.32544 -0.132174 5.01804e-21)
(2.33025 -0.0621131 -1.16935e-21)
(2.31115 -0.0491132 1.25807e-21)
(2.30508 -0.0313849 -6.3051e-22)
(2.32479 0.0386256 1.12717e-21)
(2.39147 0.053553 -2.45505e-23)
(2.38829 0.0710863 -8.48858e-22)
(2.40511 0.0916868 -8.56544e-22)
(2.43204 0.118107 -4.21178e-21)
(2.4615 0.166921 0)
(2.50644 0.16381 4.95866e-21)
(2.27525 0.301812 0)
(1.05962 0.029285 6.37226e-21)
(-0.16124 -0.232584 -8.63087e-21)
(-0.0199939 -0.509318 -4.9916e-22)
(1.88304 -0.29875 0)
(2.18889 -0.301299 1.15899e-21)
(2.2099 -0.107766 0)
(2.27801 -0.136072 -5.48464e-21)
(2.27923 -0.0608937 4.04978e-22)
(2.2947 -0.0519658 1.20528e-21)
(2.29633 -0.0316768 2.12339e-21)
(2.30186 0.041451 -1.82415e-22)
(2.37614 0.0618749 0)
(2.37171 0.0936678 7.36887e-22)
(2.37911 0.12568 4.26532e-21)
(2.39354 0.162555 -3.41158e-21)
(2.42522 0.245515 4.40904e-21)
(2.45694 0.238215 5.00346e-21)
(2.26412 0.429336 -1.86335e-20)
(1.37527 0.183489 6.59052e-22)
(0.0909164 -0.00173776 6.09001e-21)
(0.0963715 -0.350416 1.44957e-22)
(1.63465 -0.224837 1.37192e-22)
(2.13375 -0.045827 -1.35476e-21)
(2.15673 -0.0652726 1.8299e-21)
(2.26447 -0.0440244 -1.45011e-21)
(2.25249 -0.0507395 2.62532e-22)
(2.28328 -0.0401556 0)
(2.2839 -0.0369323 4.47885e-22)
(2.27419 0.0421982 0)
(2.35515 0.0688385 6.59878e-22)
(2.33536 0.106998 0)
(2.33184 0.144592 1.28637e-21)
(2.33436 0.187951 -1.44518e-21)
(2.3626 0.249293 0)
(2.35686 0.33671 2.92032e-21)
(2.23098 0.469544 1.92466e-22)
(1.5796 0.326995 -5.61736e-21)
(0.307153 0.213142 4.96865e-21)
(0.25514 -0.114323 -1.13879e-21)
(1.43526 -0.111271 3.46609e-23)
(2.11401 0.125489 0)
(2.16869 -0.0585783 0)
(2.26496 0.00190775 0)
(2.25518 -0.0466858 1.10962e-21)
(2.28118 -0.0277692 -7.73295e-22)
(2.28127 -0.0398609 3.69089e-22)
(2.24086 0.0400721 -1.47087e-22)
(2.32906 0.0681772 0)
(2.30154 0.0982771 -1.34279e-22)
(2.28972 0.134493 1.58334e-22)
(2.29199 0.170894 -1.20641e-21)
(2.26594 0.245384 1.21307e-21)
(2.26148 0.297392 -3.23433e-21)
(2.16113 0.487622 -3.29232e-21)
(1.65897 0.407686 1.17223e-21)
(0.490941 0.422365 1.37884e-21)
(0.435229 0.147486 -4.03883e-23)
(1.3296 0.0528777 3.99575e-23)
(2.12231 0.176469 0)
(2.21454 0.0236637 0)
(2.27149 0.0291658 0)
(2.26875 -0.0240694 1.95762e-21)
(2.28357 -0.0230587 -7.20296e-22)
(2.28345 -0.0389882 7.08695e-22)
(2.28507 -0.0356116 0)
(2.20702 0.0347455 9.26832e-25)
(2.30169 0.0639995 -2.42407e-22)
(2.27319 0.100162 3.0407e-24)
(2.25159 0.133447 4.36061e-22)
(2.23401 0.171892 -4.37147e-22)
(2.19791 0.270198 0)
(2.15684 0.247461 0)
(2.04329 0.461383 0)
(1.64244 0.434232 0)
(0.589105 0.546316 1.378e-22)
(0.616236 0.411814 -5.22146e-23)
(1.32511 0.158213 2.28143e-25)
(2.15383 0.269853 1.21136e-24)
(2.30271 0.067285 -1.20008e-22)
(2.30576 0.0460472 1.1747e-22)
(2.30756 -0.0303148 -3.07449e-22)
(2.29797 -0.0318159 0)
(2.28824 -0.0495436 -1.97983e-23)
(2.28363 -0.0376984 0)
(2.17539 0.0278335 -4.21747e-25)
(2.27135 0.0571536 3.82841e-22)
(2.22862 0.0985077 -3.0399e-24)
(2.20359 0.130794 -3.68667e-23)
(2.16335 0.172738 3.51146e-23)
(2.15874 0.239633 6.54781e-23)
(2.06765 0.286155 -1.02584e-22)
(1.97846 0.326177 7.6589e-23)
(1.51118 0.448694 -2.84513e-23)
(0.620963 0.587667 3.36896e-22)
(0.750079 0.499948 -4.06563e-22)
(1.4388 0.190271 9.44671e-23)
(2.29151 0.135836 0)
(2.42193 -0.050162 -1.66256e-22)
(2.36376 -0.0412333 -3.39023e-22)
(2.33131 -0.0814588 -1.31304e-22)
(2.30326 -0.0547623 0)
(2.28718 -0.0577441 5.73665e-23)
(2.27982 -0.0471228 -1.16239e-22)
(2.14686 0.0202216 -4.1191e-23)
(2.24529 0.041144 -1.42274e-22)
(2.19443 0.0570622 -7.21716e-24)
(2.16342 0.0839686 -2.20944e-23)
(2.12102 0.109902 2.38663e-23)
(2.08969 0.136144 -2.90224e-23)
(2.02876 0.277959 1.83697e-23)
(1.9575 0.171282 0)
(1.22535 0.420937 0)
(0.66105 0.506512 -3.19336e-22)
(0.96271 0.365701 -4.35297e-22)
(1.79198 -0.0160607 6.22053e-22)
(2.39788 -0.149997 6.63307e-23)
(2.44972 -0.156882 1.60565e-22)
(2.36434 -0.100616 3.28643e-22)
(2.32694 -0.110725 -1.33533e-22)
(2.2956 -0.0748009 2.44606e-24)
(2.28033 -0.0734509 -1.79962e-23)
(2.27217 -0.0611925 -7.89577e-24)
(2.12785 0.012315 0)
(2.22923 0.0252395 -1.29758e-23)
(2.18895 0.0238872 -4.88264e-24)
(2.15029 0.0288323 -1.26105e-25)
(2.11021 0.0316173 5.90322e-24)
(2.01493 0.0406406 -5.72382e-24)
(2.01189 0.133486 -3.3356e-25)
(1.9122 0.111032 0)
(1.02876 0.339148 0)
(0.755861 0.340595 1.48203e-22)
(1.26705 0.0949901 0)
(2.04312 -0.257157 1.4712e-24)
(2.39534 -0.241989 -9.60741e-23)
(2.42792 -0.204319 -1.79182e-23)
(2.33936 -0.147964 4.98968e-23)
(2.30334 -0.13644 1.60249e-23)
(2.27091 -0.0985678 -2.0482e-23)
(2.26223 -0.0927029 0)
(2.25738 -0.0690055 1.1526e-23)
(2.11632 0.00570914 4.65308e-26)
(2.22139 0.00916676 -2.53263e-24)
(2.19091 0.0105315 7.21288e-26)
(2.15215 0.0100896 1.24095e-25)
(2.1117 -0.00738136 0)
(2.00227 0.00217861 -4.51003e-25)
(1.97392 -0.0661979 -9.48324e-25)
(1.7795 0.095034 -2.43299e-24)
(0.955564 0.216175 -1.4161e-23)
(0.931142 0.106784 1.46706e-23)
(1.59792 -0.185174 0)
(2.10916 -0.410359 0)
(2.34337 -0.289038 4.74842e-23)
(2.34871 -0.250789 -6.39731e-23)
(2.28457 -0.167416 1.08269e-23)
(2.26441 -0.14156 -1.40811e-23)
(2.25351 -0.0981485 -1.46435e-23)
(2.24275 -0.0917775 1.19088e-23)
(2.24206 -0.0658115 2.67284e-24)
(2.1119 0.00522077 1.33347e-24)
(2.22234 0.00307042 0)
(2.19633 -0.013906 -7.32466e-26)
(2.16213 -0.0196308 0)
(2.12161 -0.0617026 -1.8376e-23)
(2.02547 -0.0446008 1.83051e-23)
(1.95499 -0.179477 1.25277e-24)
(1.57143 -0.0176167 3.37014e-23)
(1.00007 0.0690884 -3.1824e-23)
(1.18902 -0.213847 0)
(1.81473 -0.358072 -4.95328e-23)
(2.10134 -0.462855 4.8161e-23)
(2.24373 -0.331479 -3.02153e-23)
(2.25946 -0.288394 4.61242e-23)
(2.23503 -0.188978 3.74477e-24)
(2.23292 -0.159295 0)
(2.22832 -0.114692 2.71376e-24)
(2.22618 -0.0931149 4.64914e-24)
(2.22723 -0.0692225 -8.36412e-24)
(2.23089 -0.0532828 0)
(2.11113 0.00693743 0)
(2.22989 -0.00304127 -9.99114e-25)
(2.21378 -0.0341775 2.6351e-26)
(2.18819 -0.0588993 -2.64696e-26)
(2.15116 -0.118589 0)
(2.08555 -0.181087 0)
(1.95811 -0.256492 0)
(1.48144 -0.187164 -2.0944e-23)
(1.14218 -0.212236 1.34471e-23)
(1.37926 -0.444091 8.57362e-24)
(1.88318 -0.458063 0)
(2.06623 -0.514138 -1.15367e-24)
(2.16524 -0.376139 -1.56954e-23)
(2.18861 -0.328998 1.56738e-23)
(2.17246 -0.237566 -5.20249e-25)
(2.19131 -0.191228 -6.06948e-24)
(2.18595 -0.146212 9.3048e-24)
(2.20127 -0.109391 -3.16676e-24)
(2.20383 -0.0834029 1.03645e-24)
(2.21413 -0.0584627 3.99463e-25)
(2.11208 0.0159977 3.0317e-25)
(2.24675 0.000196326 8.04327e-25)
(2.25479 -0.0273413 -4.04434e-25)
(2.24744 -0.0579323 -2.71069e-25)
(2.23812 -0.124346 3.49633e-24)
(2.18269 -0.212293 -2.72388e-24)
(1.97463 -0.351935 0)
(1.48449 -0.302729 -1.04875e-25)
(1.27615 -0.446769 0)
(1.46377 -0.539336 0)
(1.88227 -0.493377 1.17915e-23)
(2.00213 -0.527029 -1.03332e-23)
(2.06942 -0.417754 1.56887e-24)
(2.10124 -0.325553 -2.77514e-24)
(2.10565 -0.249713 1.00114e-24)
(2.13467 -0.185635 -2.35227e-24)
(2.14153 -0.14734 2.4408e-24)
(2.16651 -0.108674 1.9222e-24)
(2.17473 -0.0819336 -3.31223e-24)
(2.19176 -0.0619088 8.33257e-25)
(2.11019 0.0244831 -7.628e-26)
(2.26723 0.0147524 0)
(2.27479 0.00541926 0)
(2.28839 -0.00421286 -4.94747e-26)
(2.31553 -0.0486672 -2.43976e-24)
(2.31661 -0.0952639 1.93357e-24)
(2.08266 -0.291745 -4.62458e-24)
(1.55305 -0.385619 2.01132e-24)
(1.36075 -0.550576 0)
(1.46134 -0.574016 -8.91256e-24)
(1.85316 -0.500231 8.05391e-24)
(1.96051 -0.42291 -1.89615e-25)
(1.98227 -0.355247 5.71054e-25)
(1.99333 -0.245909 -2.89893e-24)
(2.04635 -0.182365 3.12081e-24)
(2.0757 -0.127624 7.31571e-25)
(2.10808 -0.0968355 -4.46475e-25)
(2.13461 -0.0701296 -2.90842e-25)
(2.15388 -0.0518593 1.14725e-24)
(2.17482 -0.0424511 -6.99428e-25)
(2.09742 0.0325836 0)
(2.2762 0.0299148 -1.46737e-24)
(2.27667 0.0262885 1.8106e-24)
(2.29678 0.0391855 6.79146e-25)
(2.33458 0.0244493 2.29149e-24)
(2.39441 0.0431654 8.56203e-24)
(2.28646 -0.0519788 -2.08408e-23)
(1.77992 -0.243129 3.10414e-24)
(1.45439 -0.497363 1.42777e-23)
(1.44626 -0.526915 3.79105e-25)
(1.70297 -0.482711 3.26496e-24)
(1.86367 -0.308789 -3.64855e-24)
(1.90396 -0.205528 -1.46564e-24)
(1.90432 -0.124432 -5.96659e-24)
(2.00153 -0.0750601 7.43818e-24)
(2.03765 -0.0481366 -7.31599e-25)
(2.09032 -0.0300389 -4.049e-25)
(2.12018 -0.0228245 2.39083e-25)
(2.14728 -0.0183033 7.84611e-26)
(2.16953 -0.0158999 2.09426e-25)
(2.07849 0.0338881 -3.5893e-25)
(2.27554 0.0338012 -3.45648e-25)
(2.27346 0.0368716 -1.75004e-24)
(2.29153 0.0550577 -2.57647e-24)
(2.3276 0.0556022 3.40782e-24)
(2.39572 0.0914882 0)
(2.3602 0.113275 6.80521e-24)
(2.04938 0.00968107 -3.91088e-23)
(1.62509 -0.285372 3.89157e-23)
(1.47744 -0.411394 -1.35326e-23)
(1.55318 -0.359486 0)
(1.70268 -0.246097 1.67269e-25)
(1.79849 -0.0737901 1.87347e-24)
(1.85262 -0.0225468 7.42745e-24)
(1.98176 0.00165052 -8.68006e-24)
(2.02883 0.000533558 2.71213e-24)
(2.08829 -0.000235592 -2.70838e-24)
(2.11975 -0.00474323 4.44207e-25)
(2.14759 -0.00678149 -7.69692e-26)
(2.16967 -0.00715609 -2.05043e-25)
(2.05431 0.0295313 -1.86262e-25)
(2.27106 0.0385402 0)
(2.26445 0.0486524 -2.76617e-25)
(2.27319 0.068985 1.26854e-24)
(2.2987 0.0766304 2.8474e-24)
(2.36016 0.129971 -4.0758e-24)
(2.35595 0.163079 4.35071e-25)
(2.18211 0.191088 -1.00333e-23)
(1.87524 0.0371335 -2.13388e-23)
(1.55061 -0.224157 2.40881e-23)
(1.49704 -0.154821 -7.2069e-24)
(1.577 -0.137558 -8.01939e-25)
(1.68047 0.0144906 -7.37971e-24)
(1.83365 0.0571011 6.60285e-24)
(1.98275 0.0368783 -1.47165e-23)
(2.03258 0.0298217 4.59836e-24)
(2.09241 0.0223625 0)
(2.12371 0.0138332 0)
(2.15054 0.0071203 -1.00172e-24)
(2.17162 0.00169632 -4.23351e-25)
(2.2554 0.0834721 -1.81803e-24)
(2.26417 0.0999901 -2.24616e-24)
(2.28643 0.172803 0)
(2.30572 0.217258 7.43996e-24)
(2.19651 0.277031 9.76867e-24)
(2.01807 0.267653 8.12694e-24)
(1.70821 0.077742 -7.9895e-24)
(1.48872 0.0102153 7.93218e-24)
(1.50806 0.0596652 -5.18708e-26)
(1.60224 0.13103 2.08043e-24)
(1.8295 0.133177 2.59328e-24)
(1.99271 0.135955 8.17881e-25)
(2.04669 0.10093 7.62522e-24)
(2.10521 0.0744789 -1.14887e-24)
(2.1354 0.0487788 1.14946e-24)
(2.15949 0.0270625 1.0135e-24)
(2.17801 0.0136582 -3.57753e-26)
(2.22685 0.105629 -4.84914e-26)
(2.21923 0.142106 0)
(2.22979 0.205144 0)
(2.22681 0.276991 -1.2219e-24)
(2.17355 0.321485 4.76546e-24)
(2.0401 0.374832 -7.92532e-24)
(1.84455 0.306777 0)
(1.51838 0.191415 3.06761e-24)
(1.47298 0.228903 0)
(1.56846 0.261971 0)
(1.82448 0.263821 -3.83875e-24)
(2.01448 0.259081 3.9067e-24)
(2.09146 0.175271 -6.52831e-24)
(2.14346 0.115833 0)
(2.16951 0.0723172 0)
(2.18566 0.0385449 1.46222e-25)
(2.19545 0.0192783 3.23901e-25)
(2.10618 0.384618 0)
(2.02865 0.407809 0)
(1.88058 0.404572 -5.928e-24)
(1.56568 0.425571 -8.3114e-24)
(1.47072 0.350447 1.7601e-24)
(1.55856 0.344425 -2.7232e-24)
(1.83387 0.350104 0)
(2.08915 0.273496 -9.43244e-25)
(2.19162 0.165873 3.22007e-24)
(2.2143 0.0963756 2.72398e-25)
(2.21479 0.0521833 -7.10025e-25)
(2.21564 0.0248136 0)
(2.21285 0.00817545 0)
(2.00514 0.407297 3.64578e-24)
(1.8561 0.447949 5.8378e-24)
(1.56984 0.521097 9.92501e-24)
(1.51239 0.474574 -1.98463e-25)
(1.58292 0.413001 8.88896e-25)
(1.90597 0.321597 0)
(2.21346 0.156774 1.23725e-24)
(2.27474 0.0726352 -1.24446e-25)
(2.26369 0.0338017 0)
(2.24173 0.00602989 4.38167e-25)
(1.92992 0.398352 -2.88723e-24)
(1.75228 0.484789 1.4562e-24)
(1.57807 0.497445 -3.4849e-24)
(1.56667 0.469412 -1.96155e-24)
(1.98702 0.00179075 4.11711e-23)
(1.99289 0.00995812 3.70003e-23)
(1.99268 0.0127242 5.20936e-24)
(1.99054 0.0154324 0)
(1.9858 0.0177201 -6.33762e-24)
(1.97715 0.0215564 -9.81873e-23)
(1.96469 0.025244 0)
(1.94875 0.027498 0)
(1.93068 0.0283651 0)
(1.91023 0.0288352 -4.19053e-22)
(1.88832 0.0288983 -4.11157e-22)
(1.86427 0.0294398 0)
(1.83909 0.0290923 1.92819e-22)
(1.81285 0.0284394 1.4874e-24)
(1.78494 0.027804 1.36151e-24)
(1.75758 0.0260524 -1.35945e-24)
(1.73015 0.0239482 1.58346e-22)
(1.70387 0.0214056 3.21916e-25)
(1.67904 0.0187052 2.79746e-25)
(1.656 0.0166891 0)
(1.63451 0.0143639 0)
(1.61545 0.0109075 0)
(1.59873 0.00732213 4.50372e-23)
(1.58509 0.00450363 0)
(1.57415 0.00301593 0)
(1.56524 0.00233242 0)
(1.55819 0.00182981 0)
(1.55211 0.0018755 1.76637e-26)
(1.54558 0.00229927 -5.17569e-25)
(1.53829 0.00299682 2.20654e-26)
(1.53018 0.00428261 -5.34829e-27)
(1.5198 0.00592195 -3.85426e-27)
(1.50653 0.00767942 -1.28623e-26)
(1.48986 0.0090916 -1.71079e-26)
(1.4705 0.00949279 1.71077e-26)
(1.44875 0.00904394 7.55925e-26)
(1.42595 0.00827256 0)
(1.40284 0.00709372 -8.99959e-26)
(1.38061 0.00547773 4.74019e-26)
(1.36003 0.00377501 5.32939e-26)
(1.34184 0.00236748 1.53455e-25)
(1.32613 0.000603835 5.0838e-26)
(2.36763 -0.010326 -7.8241e-23)
(2.37728 -0.0080525 4.41775e-23)
(2.33463 -0.00259389 -4.05261e-23)
(2.37531 -0.0301951 4.19875e-22)
(2.38349 -0.0353819 1.86655e-22)
(2.37987 -0.0184356 -9.90146e-23)
(0.0606995 -0.0500072 -2.26115e-20)
(-0.219829 -0.282021 9.42275e-21)
(1.13648 0.038783 0)
(-0.526114 0.0597634 -1.34535e-20)
(-0.645507 -0.138577 0)
(-0.584634 -0.271279 -3.83913e-21)
(0.0458999 0.230907 -1.97454e-20)
(-0.00607982 0.0522178 -5.0174e-21)
(-0.137587 -0.00359545 4.96754e-21)
(2.38645 0.000102339 -2.29262e-22)
(2.39083 0.0108567 -1.41019e-22)
(2.34564 0.0105903 6.95346e-23)
(2.38763 -0.0072338 2.02113e-22)
(2.39399 -0.0082168 -2.01617e-22)
(2.39302 7.62226e-05 9.87701e-23)
(2.39806 0.00862288 1.99683e-22)
(2.40291 0.0244672 -6.03218e-23)
(2.35127 0.0261466 -2.81089e-22)
(2.40619 -0.00116464 -5.2582e-22)
(2.40838 0.0231723 1.15048e-21)
(2.40687 0.0256685 2.86813e-22)
(2.40259 0.03004 0)
(2.40076 0.0341288 0)
(2.34705 0.0310169 -1.18976e-23)
(2.40759 0.0231004 -2.01802e-22)
(2.40474 0.0519919 -1.71354e-21)
(2.40404 0.0365449 0)
(2.3977 0.0388276 0)
(2.39466 0.0426899 -1.54346e-23)
(2.33382 0.0364251 -3.79513e-22)
(2.39981 0.0305937 -1.69294e-21)
(2.39143 0.0688818 1.60617e-21)
(2.39553 0.0486606 -8e-22)
(2.39016 0.0448233 -7.57596e-22)
(2.38238 0.0501405 7.50425e-22)
(2.31407 0.0407888 5.78722e-24)
(2.38756 0.043149 0)
(2.38058 0.0798117 0)
(2.38555 0.0582909 -7.48369e-22)
(2.37285 0.0519812 1.09605e-23)
(2.36337 0.0544888 -3.52706e-22)
(2.28887 0.0419128 3.47604e-22)
(2.3737 0.0547947 -1.49493e-21)
(2.36444 0.0879055 -1.45096e-21)
(2.36739 0.0654465 -1.05795e-23)
(2.35272 0.0557634 -6.61025e-22)
(2.34001 0.0553199 4.95276e-24)
(2.25761 0.0414942 2.32961e-24)
(2.35219 0.0643441 1.01031e-23)
(2.33534 0.0930774 5.97894e-22)
(2.34154 0.0703917 -6.13573e-22)
(2.327 0.0537757 0)
(2.31288 0.0523944 0)
(2.22351 0.0379779 0)
(2.32059 0.0694528 9.30157e-24)
(2.30426 0.091333 5.3516e-22)
(2.31573 0.0665992 -1.97624e-24)
(2.29841 0.0494088 2.44095e-22)
(2.28455 0.0470042 -9.109e-25)
(2.19112 0.0309974 -5.03695e-25)
(2.29224 0.068229 -1.77236e-24)
(2.27873 0.0811468 4.3656e-22)
(2.28744 0.0604667 -4.31797e-22)
(2.2714 0.042856 -3.69288e-25)
(2.25824 0.0368378 3.68643e-25)
(2.16006 0.0245305 1.68689e-25)
(2.26278 0.0606407 -3.84369e-22)
(2.24504 0.0669405 -3.43576e-25)
(2.2563 0.0513607 3.07766e-25)
(2.24581 0.0304579 1.41868e-25)
(2.23593 0.0240395 -1.41874e-25)
(2.13591 0.0160928 0)
(2.23012 0.0478302 1.41995e-22)
(2.21871 0.0476694 8.98852e-23)
(2.23706 0.0319834 -6.06926e-23)
(2.22792 0.0192562 0)
(2.22117 0.0147924 3.93649e-25)
(2.12106 0.00830086 -4.39953e-25)
(2.21343 0.0305428 1.28208e-23)
(2.21297 0.0228782 1.68073e-23)
(2.22375 0.0176278 2.78894e-24)
(2.21797 0.00915231 2.46531e-24)
(2.21767 0.006306 5.12731e-25)
(2.11366 0.00488038 -5.39888e-25)
(2.21207 0.0114046 3.669e-26)
(2.21026 0.00520016 8.79003e-26)
(2.22127 0.00571934 6.37647e-26)
(2.21804 0.00542766 -8.16116e-25)
(2.21929 0.00532943 -5.63142e-25)
(2.11103 0.00584148 0)
(2.21091 0.0013911 -8.56078e-26)
(2.21407 0.000341999 0)
(2.22565 -0.000700179 7.13227e-25)
(2.22212 0.00561404 1.0227e-24)
(2.22786 0.006944 3.92027e-26)
(2.11156 0.0105018 0)
(2.22148 -0.00481384 0)
(2.23285 -0.0106302 1.70297e-25)
(2.23677 -0.00333042 -1.15846e-25)
(2.23544 0.00986291 -1.26572e-24)
(2.24301 0.0146868 2.50487e-25)
(2.11188 0.0195127 -3.75395e-26)
(2.24634 -0.0114513 -8.38169e-26)
(2.25986 -0.00677146 -8.64541e-26)
(2.25781 0.00576363 -8.638e-26)
(2.24864 0.0209458 -1.66744e-25)
(2.25155 0.0263251 -3.4036e-25)
(2.10497 0.0296 9.26987e-26)
(2.26965 0.00401441 0)
(2.27516 0.01799 0)
(2.27372 0.0235949 3.44101e-25)
(2.25212 0.0291688 0)
(2.25173 0.0302678 0)
(2.08843 0.0337445 8.20533e-26)
(2.27753 0.0288123 1.74889e-24)
(2.27762 0.0342378 -2.07737e-24)
(2.27622 0.0315738 1.44392e-24)
(2.25027 0.0312231 1.81575e-25)
(2.24679 0.0314735 1.70676e-25)
(2.06683 0.0323338 -9.18086e-26)
(2.27707 0.0341223 6.47644e-24)
(2.27462 0.0426143 -7.41439e-24)
(2.27402 0.0365244 1.76915e-24)
(2.24097 0.0306311 0)
(2.23272 0.0286281 2.97078e-25)
(2.04171 0.0264852 0)
(2.27088 0.0392784 2.88333e-25)
(2.26401 0.0494414 -2.88274e-25)
(2.26587 0.0389882 -2.9684e-25)
(1.01924 0.00310378 0)
(0.419327 0.000560739 0)
(1.01125 0.00437049 0)
(0.410643 0.000724899 0)
(0.970264 0.00756934 0)
(0.379563 0.00115905 0)
(0.910025 0.00860747 0)
(0.339313 0.000800323 0)
(0.825572 0.0103243 0)
(0.291936 0.000996474 0)
(0.737764 0.00865912 0)
(0.243721 0.00112925 0)
(0.656401 0.00748585 0)
(0.201195 0.00113852 0)
(0.580933 0.00641899 0)
(0.162773 0.00115284 0)
(0.515613 0.00481275 0)
(0.130538 0.000891579 0)
(0.464049 0.00292508 0)
(0.106218 0.000690352 0)
(0.427817 0.00124494 0)
(0.0905413 0.000691801 0)
(0.405833 -0.000307128 0)
(0.0824686 0.000899417 0)
(0.397031 -0.00166764 0)
(0.0821283 0.000642704 0)
(0.399661 -0.00204363 0)
(0.0884639 0.000177958 0)
(0.407276 -0.00239865 0)
(0.097296 0.000156331 0)
(0.417455 -0.00272235 0)
(0.107448 0.00029987 0)
(0.42747 -0.00292469 0)
(0.11794 0.000491373 0)
(0.434354 -0.00263379 0)
(0.126761 0.000921121 0)
(0.435739 -0.00215812 0)
(0.131818 0.00123459 0)
(0.432638 -0.000859 0)
(0.132818 0.00085612 0)
(0.42725 -3.28287e-05 0)
(0.131253 0.000350666 0)
(0.422296 0.000441678 0)
(0.12832 0.000174059 0)
(0.9958 0.00588611 0)
(0.397031 0.0010198 0)
(0.943566 0.0079579 0)
(0.360259 0.00116241 0)
(0.870845 0.0101088 0)
(0.316929 0.000859748 0)
(0.780725 0.00953823 0)
(0.267102 0.00110742 0)
(0.696431 0.00803454 0)
(0.221863 0.00114076 0)
(0.617633 0.00703822 0)
(0.181486 0.00119162 0)
(0.546787 0.00563613 0)
(0.145719 0.00102045 0)
(0.488028 0.00387143 0)
(0.117296 0.000744009 0)
(0.444126 0.00207187 0)
(0.0973629 0.000679293 0)
(0.415111 0.000447124 0)
(0.0856764 0.000800668 0)
(0.400052 -0.000970915 0)
(0.081359 0.000914168 0)
(0.397706 -0.00193833 0)
(0.0848508 0.000283219 0)
(0.403107 -0.00225056 0)
(0.0926745 0.000164644 0)
(0.412171 -0.0025635 0)
(0.102275 0.000228008 0)
(0.422693 -0.00282981 0)
(0.112725 0.000373633 0)
(0.431569 -0.00285796 0)
(0.122797 0.000690383 0)
(0.435605 -0.00249752 0)
(0.129743 0.00108601 0)
(0.434794 -0.00147631 0)
(0.132779 0.0011253 0)
(0.43001 -0.000431059 0)
(0.132279 0.000580868 0)
(0.424624 0.000248951 0)
(0.129926 0.000226736 0)
(0.420594 0.00060371 0)
(0.126517 7.61061e-05 0)
(2.28512 -0.0340196 -3.66297e-22)
(2.28906 -0.0319141 7.07752e-22)
(2.28114 -0.040683 0)
(2.2859 -0.0322946 4.19282e-23)
(2.27767 -0.0433766 4.0121e-22)
(2.2805 -0.0350984 -6.29934e-22)
(2.27088 -0.048178 -1.01885e-23)
(2.27396 -0.0414931 -1.35502e-22)
(2.28367 -0.0334016 1.35523e-22)
(2.28288 -0.0206686 -6.75293e-23)
(1.64238 -0.0118084 -5.83337e-25)
(2.25582 -0.0599141 -1.15068e-23)
(2.26292 -0.0458529 9.18806e-25)
(2.27302 -0.0344545 -9.18128e-25)
(2.27312 -0.0222487 0)
(1.61068 -0.0102587 0)
(2.24215 -0.0600512 0)
(2.24837 -0.044147 0)
(2.26005 -0.0355989 1.75608e-25)
(2.26209 -0.0219356 -1.13974e-23)
(1.5799 -0.00842942 6.89876e-25)
(1.62719 -0.0108041 5.8294e-25)
(1.59564 -0.00919875 2.41973e-25)
(1.56538 -0.00724068 -2.07872e-25)
(2.18981 -0.0226315 6.96904e-23)
(2.18072 -0.0221852 1.99886e-24)
(2.27731 -0.0339392 -2.11343e-24)
(2.17353 -0.0221434 -1.9976e-24)
(2.16396 -0.0212766 0)
(2.26726 -0.0326231 -1.73997e-24)
(2.15609 -0.0207602 -1.66607e-24)
(2.14612 -0.019707 6.25853e-26)
(2.25528 -0.03077 1.24407e-23)
(0.500808 -0.000846729 0)
(0.144294 -0.000457761 0)
(0.484974 -0.000326739 0)
(0.138017 -0.00049247 0)
(0.473758 0.000166681 0)
(0.134116 -0.000542358 0)
(0.492456 -0.000570794 0)
(0.140854 -0.000454145 0)
(0.478938 -7.57586e-05 0)
(0.135795 -0.000505172 0)
(0.470009 0.000358641 0)
(0.133048 -0.000550104 0)
(2.20662 0.00483124 -1.12526e-25)
(2.21593 -0.0038481 6.35175e-26)
(2.20007 -0.00778622 0)
(1.42621 -0.00445148 0)
(2.21824 -0.00136938 0)
(2.22436 -0.00881679 0)
(2.20594 -0.0112493 9.28082e-27)
(1.40527 -0.00498166 -5.07704e-27)
(2.22378 -0.0103379 -2.96861e-25)
(2.22853 -0.014581 0)
(2.20944 -0.0139135 -3.13713e-26)
(1.38203 -0.00442279 0)
(2.22442 -0.0143637 2.76789e-25)
(2.22915 -0.0171049 9.24927e-26)
(2.20997 -0.0140297 -2.97999e-25)
(1.35955 -0.00313799 2.92372e-26)
(2.22362 -0.0150172 9.38126e-27)
(2.22864 -0.017536 -1.68966e-25)
(2.20782 -0.0126094 0)
(1.34053 -0.00153125 6.92089e-26)
(2.22137 -0.0151665 7.84675e-27)
(2.22695 -0.0173725 2.60965e-25)
(2.20304 -0.0102819 1.88941e-25)
(1.32617 -0.000223486 7.76598e-27)
(1.4165 -0.00477118 0)
(1.39393 -0.00476638 2.43888e-27)
(1.37065 -0.00377595 2.00413e-26)
(1.3496 -0.00235086 -3.42158e-26)
(1.33283 -0.000852751 -6.67449e-26)
(1.32085 0.00040173 1.54082e-28)
(2.06285 -0.0119247 0)
(2.06168 -0.0138936 -1.0174e-26)
(2.20311 -0.00973469 7.37718e-26)
(2.0602 -0.0156587 -7.73992e-27)
(2.05727 -0.01661 1.01451e-26)
(2.20813 -0.0131756 2.209e-26)
(2.05408 -0.0174581 3.50099e-26)
(2.04972 -0.0174089 -1.18509e-25)
(2.20994 -0.0145012 6.19504e-26)
(2.04534 -0.0169877 -1.48681e-25)
(2.03993 -0.0158694 2.51342e-25)
(2.2094 -0.0151802 0)
(2.03475 -0.0146515 -1.29319e-25)
(2.02919 -0.0130453 0)
(2.20535 -0.0137466 0)
(2.02416 -0.0113892 7.81406e-26)
(2.01898 -0.00963165 -7.81399e-26)
(2.19962 -0.0115737 -1.00413e-25)
(2.23741 -0.041528 -6.42995e-25)
(2.24988 -0.0324224 1.8255e-24)
(2.249 -0.0208121 6.74907e-25)
(1.55144 -0.00599773 1.12647e-25)
(2.2262 -0.0431538 5.11512e-25)
(2.23906 -0.0294828 -1.69413e-24)
(2.23594 -0.0191989 -2.63229e-24)
(1.5264 -0.00403125 -8.66521e-26)
(2.20882 -0.0421522 -3.88225e-25)
(2.22356 -0.0287857 -1.22358e-24)
(2.22365 -0.0159433 0)
(1.50532 -0.00253882 -5.53453e-25)
(2.19317 -0.0298276 -2.70534e-25)
(2.20983 -0.0225765 4.27422e-25)
(2.211 -0.0133468 -6.61367e-24)
(1.48838 -0.00104598 0)
(2.18773 -0.0136818 -1.57103e-25)
(2.20448 -0.0120153 1.02518e-24)
(2.20075 -0.00905494 -3.34578e-24)
(1.47622 -0.00063749 0)
(2.18772 -0.00843464 0)
(2.20409 -0.00763385 -3.48387e-25)
(2.19606 -0.00674563 -6.06861e-25)
(1.46663 -0.00145046 -2.47098e-26)
(2.18908 -0.00323512 0)
(2.20475 -0.00568033 2.72556e-25)
(2.19471 -0.0070239 1.13279e-24)
(1.45563 -0.00251797 2.73735e-26)
(2.19398 0.00287842 1.09316e-25)
(2.20763 -0.00323897 -7.62863e-26)
(2.19553 -0.00678435 0)
(1.44247 -0.00347254 -4.84343e-27)
(1.5383 -0.00509479 1.81879e-25)
(1.51558 -0.00327516 -5.57058e-25)
(1.49661 -0.00176575 -7.75764e-27)
(1.48197 -0.000660826 0)
(1.47163 -0.000829898 2.47099e-26)
(1.46171 -0.00193824 -2.73736e-26)
(1.44957 -0.00293112 0)
(1.43523 -0.00385996 -8.13645e-27)
(2.13771 -0.0184648 7.53959e-25)
(2.12854 -0.0171801 3.14961e-25)
(2.24211 -0.0274933 -6.74897e-25)
(2.12021 -0.0160086 2.04192e-24)
(2.11158 -0.0144875 -1.64399e-24)
(2.22958 -0.023291 2.39553e-24)
(2.10388 -0.0138245 5.43324e-25)
(2.09641 -0.0122434 0)
(2.21726 -0.0187971 6.43845e-24)
(2.08994 -0.0104714 1.41064e-24)
(2.08321 -0.00859482 0)
(2.20495 -0.0143071 4.57718e-24)
(2.07868 -0.00682467 -1.13444e-25)
(2.07467 -0.00563621 9.83526e-25)
(2.19797 -0.00883324 -8.85591e-25)
(2.07207 -0.00568741 5.17045e-25)
(2.06962 -0.00637291 0)
(2.1949 -0.00754834 0)
(2.06786 -0.00708383 0)
(2.06573 -0.00736807 1.77148e-25)
(2.19485 -0.00754659 -1.03711e-24)
(2.06468 -0.0081778 7.13763e-26)
(2.06348 -0.00953956 -1.35925e-26)
(2.19731 -0.00740046 0)
(0.475087 0.000686209 0)
(0.153616 -0.000411262 0)
(0.471491 0.000283732 0)
(0.153672 -0.000344367 0)
(0.466657 -3.87131e-05 0)
(0.152373 -0.000214931 0)
(0.461683 -0.000242139 0)
(0.150378 -0.000119955 0)
(0.457591 -0.000278941 0)
(0.148409 -5.92364e-05 0)
(0.455021 -0.000235183 0)
(0.146978 2.78636e-05 0)
(0.473598 0.000458319 0)
(0.153858 -0.000394714 0)
(0.469221 0.000124041 0)
(0.153165 -0.000277528 0)
(0.464167 -0.000153426 0)
(0.151433 -0.000161676 0)
(0.459507 -0.000266976 0)
(0.149362 -8.90039e-05 0)
(0.456104 -0.0002758 0)
(0.147607 -2.63205e-05 0)
(0.454495 -0.000187501 0)
(0.146656 0.000104408 0)
(0.467188 0.000561451 0)
(0.132596 -0.000536818 0)
(0.463974 0.000779292 0)
(0.133101 -0.000441648 0)
(0.463852 0.000803091 0)
(0.134877 -0.000226793 0)
(0.465771 0.000905602 0)
(0.137674 -7.49836e-05 0)
(0.469283 0.00098259 0)
(0.141455 -5.0963e-05 0)
(0.472906 0.00104181 0)
(0.145609 -0.000131646 0)
(0.475245 0.000984881 0)
(0.149072 -0.000245309 0)
(0.476162 0.000971308 0)
(0.151889 -0.000349274 0)
(0.465212 0.000684893 0)
(0.132681 -0.000488037 0)
(0.463753 0.000845709 0)
(0.133901 -0.000330071 0)
(0.464496 0.000819291 0)
(0.136152 -0.000142135 0)
(0.467518 0.000920903 0)
(0.139515 -5.09397e-05 0)
(0.471239 0.00104342 0)
(0.143571 -6.50111e-05 0)
(0.47433 0.000999142 0)
(0.147468 -0.000185254 0)
(0.475929 0.000997519 0)
(0.150575 -0.00028323 0)
(0.476019 0.000890875 0)
(0.15297 -0.000403306 0)
)
;

boundaryField
{
    inlet
    {
        type            fixedValue;
        value           nonuniform List<vector> 0();
    }
    outlet
    {
        type            zeroGradient;
    }
    wall
    {
        type            noSlip;
    }
    empty_zmin
    {
        type            empty;
    }
    empty_zmax
    {
        type            empty;
    }
    procBoundary1to0
    {
        type            processor;
        value           nonuniform List<vector> 
39
(
(2.35104 0.18541 -1.44828e-21)
(2.3066 0.138178 1.2791e-21)
(2.293 0.115897 -1.164e-21)
(2.2753 0.096182 0)
(2.2598 0.0734375 -6.22525e-24)
(2.25297 0.059597 -1.25936e-22)
(2.25057 0.0415015 -5.79263e-23)
(2.25795 0.0233369 -8.7403e-24)
(2.2674 0.0209502 4.22445e-23)
(1.83704 -0.00085032 -1.10125e-24)
(2.22351 0.00547677 -2.7791e-23)
(0.827235 -0.00161079 0)
(0.321066 -0.000261106 0)
(2.30755 -0.0940693 1.32024e-22)
(2.32178 -0.143673 8.08986e-22)
(2.35056 -0.184896 0)
(2.41069 -0.250603 -3.86674e-21)
(2.47528 -0.237029 -1.26226e-20)
(2.41449 0.213331 -3.75031e-21)
(2.29946 -0.0150564 -6.32284e-23)
(2.33952 -0.0380072 -7.31341e-23)
(2.33514 -0.0476276 0)
(2.52024 -0.235408 2.36802e-20)
(1.83792 -0.256612 -6.76878e-20)
(-0.175419 -0.0876435 -1.21966e-18)
(-0.196741 0.358119 0)
(1.8328 0.389207 3.51122e-20)
(2.50077 0.319433 -2.55156e-22)
(2.52716 0.293312 0)
(0.0364315 0.176033 -7.99742e-20)
(0.0936354 -0.118683 0)
(1.96906 -0.00371219 2.20204e-24)
(-0.0767605 0.367514 -9.83228e-21)
(2.4262 -0.101978 0)
(2.47165 0.304555 -4.36987e-20)
(2.34037 -0.0241917 4.69086e-23)
(2.33514 -0.0476276 0)
(1.025 0.00283337 0)
(0.426667 -6.9006e-05 0)
)
;
    }
}


// ************************************************************************* //
