/*--------------------------------*- C++ -*----------------------------------*\
| =========                 |                                                 |
| \\      /  F ield         | OpenFOAM: The Open Source CFD Toolbox           |
|  \\    /   O peration     | Version:  2406                                  |
|   \\  /    A nd           | Website:  www.openfoam.com                      |
|    \\/     M anipulation  |                                                 |
\*---------------------------------------------------------------------------*/
FoamFile
{
    version     2.0;
    format      ascii;
    arch        "LSB;label=32;scalar=64";
    class       volScalarField;
    location    "2.87";
    object      initialResidual:p;
}
// * * * * * * * * * * * * * * * * * * * * * * * * * * * * * * * * * * * * * //

dimensions      [0 0 0 0 0 0 0];

internalField   nonuniform List<scalar> 
2284
(
2.14458e-10
-2.31196e-10
1.11599e-09
2.39913e-11
2.40855e-10
-1.46515e-09
-2.29166e-10
9.32767e-11
-7.06037e-10
1.45906e-10
6.5194e-10
-4.83565e-10
1.22538e-10
4.2887e-11
1.11048e-10
-1.59995e-10
-9.40839e-11
-7.62558e-10
-9.255e-11
-1.814e-10
3.44221e-11
7.10503e-12
1.01122e-11
-2.45454e-12
1.18608e-12
6.22751e-12
4.59998e-12
-1.44666e-11
-2.7178e-12
-1.20211e-11
3.30882e-11
3.57188e-12
4.63703e-11
2.47619e-11
-1.04391e-11
-2.98383e-11
-1.04056e-10
-1.6298e-11
-2.29898e-11
-4.5179e-12
-7.48379e-12
4.80966e-12
1.75524e-11
2.42777e-11
-1.00495e-11
6.28407e-12
-4.23969e-12
-9.23772e-11
2.72588e-13
8.78653e-11
3.21622e-11
-4.1743e-12
4.4013e-11
3.82093e-12
2.04803e-11
3.84805e-11
-2.1293e-11
-4.61705e-11
-3.23942e-11
2.94404e-11
1.30804e-11
1.5696e-11
1.01711e-11
-1.66681e-10
1.30238e-10
3.25418e-11
-1.37413e-11
-1.00268e-12
-9.44928e-12
1.80887e-11
-1.02277e-10
3.77966e-11
9.25081e-12
5.26155e-11
-6.95629e-12
2.4757e-11
-4.26408e-11
1.19685e-11
-3.46692e-11
6.92555e-12
-7.82082e-13
-3.49376e-12
3.15366e-12
2.58635e-12
1.40287e-13
1.74137e-11
-4.09151e-11
1.72083e-11
-3.80754e-12
1.08961e-12
3.6654e-12
7.3002e-13
2.85619e-13
-6.37768e-12
-4.58159e-12
-1.36832e-11
2.2771e-12
1.11921e-11
4.5504e-12
-4.11428e-12
-2.40675e-12
-1.54247e-12
1.62223e-11
1.17497e-12
-1.65076e-11
-2.51782e-11
1.84869e-11
5.56894e-11
-5.10366e-12
1.45132e-11
-2.92647e-12
-2.94894e-11
-2.36376e-11
3.60241e-11
2.8932e-11
-4.07736e-12
-2.52844e-11
-6.25353e-11
-9.95867e-12
2.3189e-11
5.43333e-11
-2.59934e-11
-1.28202e-11
4.83211e-11
1.90796e-11
7.21043e-11
-1.33846e-10
-4.24576e-11
1.63289e-11
3.93708e-11
6.25743e-11
-6.82435e-11
-2.8262e-12
-2.28821e-11
5.47846e-12
-2.1438e-10
-5.25844e-11
2.41172e-10
8.46557e-11
-3.06872e-11
4.46743e-12
3.29265e-12
-4.54427e-11
4.06821e-11
-8.84429e-12
-3.14584e-11
7.82637e-11
-3.94635e-11
-6.13364e-11
4.45213e-11
-2.14489e-10
2.01569e-11
-8.6261e-11
-4.21368e-11
-1.95038e-11
3.54831e-11
2.33118e-11
6.12271e-12
-1.01577e-11
3.42331e-10
5.74245e-11
-2.87677e-10
-9.49361e-11
6.7631e-11
1.69696e-11
-1.09984e-13
9.41912e-11
-4.60409e-11
-5.36864e-11
1.16278e-10
-6.58908e-11
-3.85813e-11
9.48509e-11
-7.75058e-11
2.03364e-10
-1.18873e-10
1.02399e-10
-5.8513e-11
7.10081e-11
-1.19413e-10
-1.38115e-11
2.83452e-11
-1.50925e-11
-1.46374e-11
2.11737e-11
-1.0479e-10
2.60344e-11
4.28158e-11
-1.93147e-11
-8.50292e-11
-2.7434e-11
-1.98231e-12
4.65826e-11
-1.00107e-11
-6.04013e-11
-8.51148e-12
-2.0195e-11
5.70234e-11
6.89369e-10
2.13283e-11
-1.063e-11
3.6686e-11
-3.03529e-11
2.16775e-10
2.49492e-11
-6.86421e-11
-3.39915e-11
-2.26312e-10
-6.55063e-12
1.8171e-10
-8.16407e-11
-5.97181e-11
1.41967e-10
9.32796e-11
-3.13855e-11
1.08593e-11
1.40144e-11
-1.51793e-10
-4.96719e-12
4.61813e-11
2.2117e-11
-5.50705e-12
-5.46216e-10
1.42764e-10
-1.0184e-11
4.11994e-11
6.86742e-11
-4.60957e-10
-2.20558e-11
3.5475e-11
3.9796e-11
2.72934e-10
-3.13712e-11
-2.46892e-10
3.72173e-11
-1.16436e-10
-1.7796e-10
2.8226e-10
1.32999e-10
1.37825e-11
-1.59488e-10
8.50491e-11
1.5752e-10
4.54773e-11
-1.58786e-11
-8.24054e-13
-1.7601e-10
7.79156e-11
3.34524e-11
5.09987e-13
-1.35837e-10
4.65522e-10
1.00421e-11
5.66912e-11
1.49396e-11
-1.43086e-10
8.51853e-11
4.6224e-11
6.72135e-11
-1.55283e-10
-1.27027e-10
-1.85451e-11
-1.47226e-10
2.89574e-11
2.21345e-10
4.16184e-11
-1.60291e-10
-7.77192e-11
-9.67174e-12
-1.74771e-13
-6.05352e-11
9.46349e-12
-8.05638e-11
1.15413e-11
4.14099e-10
-2.43306e-10
7.64574e-11
-1.57374e-10
-9.38725e-11
4.30236e-12
7.53521e-11
2.87651e-10
-1.81004e-10
3.77629e-10
2.81499e-10
-1.28149e-10
-4.81607e-11
-1.18398e-10
-2.38658e-11
-2.20908e-10
1.93951e-11
9.62062e-11
-6.6883e-11
1.43063e-11
1.8636e-10
-7.92935e-12
1.00562e-10
-4.41904e-11
4.23777e-11
-2.07464e-10
-1.08798e-10
2.60397e-11
2.01146e-10
1.14635e-10
-1.68194e-10
-2.50006e-10
1.10926e-10
-2.79309e-10
-2.58702e-10
8.3021e-11
1.09277e-10
3.28798e-11
-2.13181e-10
3.15605e-10
2.36664e-10
3.30326e-12
4.20044e-11
-1.41584e-11
-3.5494e-10
-5.24698e-11
-3.46073e-14
6.2882e-11
-5.53289e-10
5.40834e-10
3.42661e-10
2.44587e-10
-2.01338e-10
-4.27164e-10
-2.70233e-10
4.90597e-10
1.56003e-10
1.98872e-10
8.17312e-12
-4.00269e-10
-2.43339e-11
1.48004e-10
2.0642e-10
1.38133e-11
-3.00749e-10
-1.19634e-10
4.86814e-11
2.97437e-11
3.93641e-10
1.21882e-10
-4.20272e-12
5.26574e-11
4.62076e-10
-1.00221e-09
4.95394e-11
-4.69778e-10
-9.00708e-11
3.85606e-10
6.61967e-10
-8.89063e-11
-3.62265e-10
3.33782e-10
3.80774e-10
-9.00941e-12
-1.07741e-10
-1.55811e-10
1.21034e-10
-1.91598e-10
-2.64951e-11
-4.52037e-11
-6.05832e-11
4.93689e-12
-1.58729e-10
-1.43391e-10
1.27575e-11
-5.95175e-11
-2.20171e-10
-1.61959e-09
-2.77903e-10
3.50894e-10
3.10041e-10
8.97572e-10
-1.82502e-10
-1.00645e-09
-1.39823e-10
-9.22717e-10
-2.31526e-10
1.03096e-09
5.73042e-11
1.31792e-10
-2.35908e-10
-2.10285e-12
2.04831e-10
1.60162e-10
1.24891e-10
5.29471e-11
-1.52545e-10
1.28467e-11
2.0079e-11
-2.21272e-10
-6.91253e-10
3.03241e-09
1.48315e-10
1.77386e-10
-9.54956e-11
-1.88435e-09
-9.98225e-10
9.06912e-10
4.21773e-10
6.38088e-10
-4.42742e-10
-1.4179e-09
1.43019e-10
-1.18565e-10
-3.22513e-10
3.98891e-10
-1.56407e-10
-1.69123e-10
2.31966e-11
5.99682e-11
2.09881e-10
6.34235e-11
-4.17931e-12
1.67865e-10
6.66791e-10
-2.16973e-09
5.85458e-10
-1.6806e-10
-1.75509e-09
1.2377e-09
2.36968e-09
1.26822e-10
-6.71229e-10
5.41934e-10
2.21456e-09
-1.80209e-09
-1.87612e-09
-1.63809e-09
1.17287e-09
1.04822e-11
-1.83022e-10
8.51352e-11
-1.62502e-10
-1.60684e-10
-1.3756e-10
-3.46918e-11
2.08801e-11
1.76828e-11
-2.18901e-10
-1.13989e-10
-4.63707e-10
-1.11094e-09
2.42932e-09
3.60955e-10
-2.06051e-09
-4.35331e-11
2.38583e-10
-8.54127e-10
-1.86703e-08
9.14397e-09
1.86955e-08
1.7082e-09
-2.04876e-10
-8.91104e-10
2.71803e-10
1.30924e-10
2.71697e-11
1.45938e-10
1.49949e-10
-6.03705e-11
-4.08668e-11
-1.03359e-10
-7.3154e-10
9.02605e-10
2.54944e-10
8.72261e-10
-1.16962e-10
-1.17777e-09
4.10024e-11
6.45966e-10
6.60059e-10
-1.15403e-10
1.8611e-08
-1.62827e-08
-1.54772e-08
-1.74399e-10
-1.33381e-09
5.00553e-10
4.88601e-11
-2.05142e-10
4.69346e-11
-5.97039e-11
2.93137e-11
1.65177e-10
4.35479e-11
9.57051e-11
1.67034e-10
7.79453e-11
1.28243e-10
3.95547e-10
-1.16462e-09
1.52186e-10
2.14554e-09
-8.68507e-10
-2.83425e-10
5.36646e-10
5.38801e-10
6.67024e-09
-8.52464e-10
-7.44487e-10
1.02645e-09
2.11023e-10
-1.63042e-10
7.94365e-11
3.00269e-11
-4.66685e-11
-2.70607e-10
-2.5519e-10
4.31129e-11
-2.52546e-11
-2.53588e-10
6.38314e-10
-2.82162e-10
-1.34733e-10
3.11984e-10
-9.05507e-10
5.33357e-10
-6.85456e-10
4.98395e-11
8.55018e-13
-4.03684e-11
7.96629e-11
1.43696e-10
1.5307e-10
-1.03337e-10
-8.8281e-10
3.44865e-10
2.46101e-10
6.03215e-11
3.19779e-11
-4.4983e-11
4.6352e-11
3.72395e-11
3.23453e-11
1.23716e-10
5.67284e-11
-2.89015e-10
-1.33748e-10
-8.62134e-11
3.91951e-11
-4.84793e-11
-4.20124e-11
2.21084e-11
3.0839e-10
2.35279e-10
1.01401e-10
1.24565e-10
9.34585e-11
-9.77277e-12
2.69829e-11
5.31589e-11
-4.69659e-11
-3.02772e-10
1.19864e-10
-5.01028e-11
-4.49432e-11
3.96428e-11
3.8412e-11
-1.12616e-10
7.26723e-11
-3.8099e-12
-2.79778e-12
7.41455e-12
-4.39624e-12
-2.96595e-13
-3.23782e-12
-2.44528e-11
6.37966e-12
4.35582e-12
5.69718e-11
-8.86829e-12
-5.96764e-12
-3.63172e-11
-1.27459e-11
-1.29331e-11
1.43641e-11
2.15945e-11
-1.11509e-11
3.80721e-11
6.96574e-12
-3.14118e-12
3.63516e-11
-8.07504e-12
5.4541e-12
3.60552e-11
6.8351e-12
1.78548e-11
-5.19599e-11
-3.92469e-11
5.53543e-11
1.45884e-12
-1.70444e-11
-7.11188e-11
1.67747e-11
1.07315e-11
-3.11414e-11
-2.93858e-11
4.637e-12
3.77029e-12
1.30679e-11
2.00195e-11
4.5473e-11
-4.13218e-11
4.80068e-11
-7.68962e-11
9.24575e-11
-7.108e-11
6.61002e-11
-9.53722e-11
2.62612e-11
-7.44031e-11
6.58423e-11
5.67058e-11
9.49155e-13
-4.1921e-11
-1.22701e-11
-5.98159e-11
2.38126e-11
6.13573e-11
-1.51758e-10
3.60884e-11
1.25817e-11
4.96386e-12
3.1875e-12
-1.28999e-11
-6.08733e-12
3.57505e-12
1.64725e-11
-4.5513e-12
5.19439e-12
2.35453e-11
-1.77389e-12
7.51178e-12
-9.53943e-12
-1.18581e-12
-1.50673e-11
7.01312e-12
-5.46096e-12
-1.02988e-11
-4.16785e-11
9.41897e-11
-1.58727e-10
-4.97094e-11
1.58678e-11
1.89413e-12
-4.92167e-11
1.16216e-11
-1.46482e-11
-1.17239e-11
1.77929e-10
1.1936e-10
1.13962e-10
-3.73157e-12
-7.00954e-12
1.29098e-10
-1.9888e-11
2.12411e-11
-7.04102e-11
-4.36554e-10
2.4785e-10
-4.02791e-11
-2.49362e-12
1.48013e-11
-1.63738e-11
2.39371e-11
5.40336e-12
4.60085e-12
-1.93664e-10
-8.90755e-11
-1.87309e-11
1.17901e-12
3.10667e-12
-3.52608e-11
-3.43278e-11
-1.26358e-11
-1.00569e-11
3.10271e-10
-2.48901e-10
-4.03099e-11
-3.35384e-11
-1.26584e-11
-2.85693e-11
3.44605e-11
1.97431e-10
9.09735e-11
5.68479e-10
-4.54955e-10
-9.80569e-11
2.9634e-11
9.29312e-12
-1.76e-11
-3.01662e-11
-3.53973e-11
-1.08889e-10
-6.63253e-11
2.124e-10
4.239e-11
-2.1272e-11
-3.87072e-11
3.25749e-11
6.97883e-11
-3.5286e-12
-4.19786e-10
-1.20697e-10
-1.01117e-10
-3.80547e-11
1.44192e-11
1.50057e-10
-5.74826e-11
-6.0416e-12
-3.70108e-12
1.59319e-10
-8.15799e-11
3.07016e-10
5.40243e-11
-4.24596e-11
-3.29928e-10
1.99607e-10
-1.06478e-10
1.29312e-10
4.85565e-10
-2.60646e-10
1.06084e-12
1.04566e-11
-3.05149e-10
3.7877e-10
-5.03448e-11
3.29034e-10
-3.97637e-10
-7.35369e-10
5.16666e-11
1.52448e-10
-1.22591e-11
2.40244e-10
-1.48319e-10
1.05625e-10
2.14291e-10
5.44122e-10
1.28399e-09
-2.36122e-10
6.41454e-11
2.89177e-11
9.65616e-11
1.09958e-10
-1.26142e-11
-5.12233e-10
-3.03092e-10
-4.28993e-10
4.3033e-11
1.07807e-12
9.4181e-12
-4.37715e-10
1.15775e-10
-3.39866e-11
2.02574e-10
-1.21138e-11
-3.81754e-10
-5.3152e-11
-6.27262e-12
-1.18747e-10
-1.46085e-10
4.6532e-11
1.02188e-10
3.4619e-10
3.93206e-10
1.28293e-09
2.12768e-11
5.13562e-11
1.48333e-10
1.90502e-10
-1.19883e-11
-1.1795e-10
-8.09514e-10
3.10871e-12
-5.23851e-10
-9.20761e-11
-1.10224e-10
-5.51867e-11
-3.45864e-11
1.57689e-11
-5.05072e-12
-1.82878e-11
1.21079e-10
1.31213e-10
1.37714e-10
6.91965e-11
-2.78587e-11
-8.57765e-12
1.02796e-10
7.41029e-11
4.45409e-10
-1.03674e-10
-5.31477e-11
-4.87222e-11
1.19165e-11
4.9349e-11
-2.94132e-11
-9.62518e-12
-1.79789e-10
2.9779e-11
1.5361e-11
1.27078e-10
-2.96389e-11
-4.39181e-12
3.57571e-12
6.95146e-12
-7.71042e-12
-6.90968e-11
2.60859e-11
-3.45721e-12
6.89585e-12
-1.40563e-12
-1.26715e-11
1.30126e-12
-7.90374e-12
-5.44981e-13
-1.68689e-11
5.95872e-12
1.9142e-11
-6.84539e-12
2.52228e-11
-5.03094e-12
-6.02981e-12
-1.61546e-12
-2.08113e-11
2.10824e-12
-6.39937e-12
-1.31815e-12
-6.61143e-11
-1.131e-11
1.05639e-10
-3.26755e-11
-8.97295e-11
4.68699e-12
9.0667e-11
-1.84808e-11
-2.63193e-11
3.26252e-12
-1.24198e-11
3.33092e-12
3.99028e-11
-8.0831e-12
-3.11514e-11
3.06367e-12
2.44971e-11
-3.68747e-12
-7.64244e-12
2.12158e-12
-9.36467e-13
-5.48599e-12
-1.13666e-11
6.7513e-12
1.99074e-11
3.45323e-12
-2.74565e-11
-7.40121e-12
1.33615e-11
2.72966e-13
1.6751e-11
-9.80795e-13
-3.03324e-11
1.19372e-12
2.94543e-11
-7.96812e-12
-2.51308e-11
4.8029e-12
2.88295e-11
-5.68153e-12
-3.73457e-11
5.9066e-12
2.07319e-11
-1.21596e-12
-1.76741e-11
1.69764e-13
6.41496e-12
2.00217e-13
4.23388e-11
-1.02157e-11
-2.33489e-11
-7.8099e-13
2.08634e-11
1.1278e-13
-2.90371e-11
7.8626e-12
2.81791e-11
-7.06771e-12
-2.158e-11
3.49646e-12
1.31963e-11
-1.41668e-12
6.90036e-12
1.00065e-12
-1.65604e-11
-1.75963e-12
1.931e-11
3.74299e-13
-3.55853e-12
-5.31315e-12
-2.13898e-11
6.86422e-12
3.27462e-11
4.11038e-13
3.05076e-11
-1.19663e-11
-2.80093e-12
7.78078e-12
-6.45497e-12
5.28355e-12
-8.99542e-13
-4.06103e-13
-3.23395e-12
1.03073e-12
2.15467e-12
-8.99863e-13
4.66579e-12
9.04466e-15
-2.70248e-12
2.21676e-13
9.16838e-12
-7.74702e-12
2.47631e-12
-1.40068e-12
2.64962e-13
9.79987e-14
-3.32516e-12
1.39554e-12
2.20089e-11
-5.32778e-12
-3.90946e-11
9.59995e-12
1.70357e-11
-5.04872e-12
1.28702e-11
-1.20986e-12
-9.78276e-12
2.44103e-12
-7.46244e-12
8.45747e-13
-6.45252e-12
-1.36244e-12
1.29134e-12
-1.3627e-12
7.66912e-12
-3.52484e-12
1.97875e-11
5.33973e-13
-2.34112e-11
4.72347e-12
2.97311e-13
-1.01197e-13
1.08634e-12
-1.98536e-13
-1.52654e-12
1.4548e-13
-1.13768e-11
2.69625e-12
3.25808e-11
-9.92745e-12
-1.05275e-12
-7.95839e-13
5.46119e-13
-3.49436e-13
7.35884e-12
-2.31146e-12
-1.62605e-11
3.86802e-12
3.28981e-13
-7.49809e-13
1.33226e-11
-1.47728e-12
-5.2627e-12
1.16823e-12
2.12492e-12
-3.41312e-12
5.78305e-12
1.62434e-12
5.43611e-12
-3.30492e-13
-7.72204e-12
9.16809e-13
1.30626e-11
4.94539e-12
-1.95541e-11
-3.41906e-12
-1.77829e-12
4.14487e-13
-6.60342e-12
-3.71525e-12
2.9219e-12
1.27513e-12
5.64068e-11
3.26458e-13
-1.43937e-11
-4.39148e-11
-8.5454e-11
8.05756e-11
5.52828e-11
-7.6917e-11
-2.59123e-11
-1.71241e-12
9.80096e-12
-3.52874e-12
-3.19897e-11
-4.36819e-11
8.19187e-12
9.51579e-11
6.43896e-11
-8.90672e-11
-7.32302e-11
9.70601e-11
-4.54222e-12
-1.95376e-11
1.27535e-11
-1.84099e-11
5.47109e-11
-5.31961e-12
-1.41605e-12
-5.93782e-11
3.87384e-11
5.28384e-11
-1.06856e-11
4.90301e-11
-5.92061e-11
-2.65446e-12
7.50595e-12
-9.26633e-12
-8.97081e-12
1.13925e-11
9.05266e-12
1.167e-12
2.8785e-12
-1.74211e-11
1.40184e-11
8.0383e-12
-5.20574e-12
-1.21335e-11
8.6202e-12
4.05986e-11
-1.26702e-11
8.70636e-13
-2.70393e-13
1.31714e-12
1.81437e-14
-1.10248e-12
1.71224e-12
-5.03386e-12
-3.5855e-13
4.85036e-13
-3.70952e-13
6.3908e-14
3.84697e-15
-2.25308e-14
-1.77531e-13
8.32342e-13
-5.01573e-13
-7.84035e-13
1.1457e-12
7.82904e-13
-3.76096e-13
7.78e-13
3.54633e-13
1.9707e-12
6.57318e-12
-2.74062e-13
-2.00593e-12
-4.58174e-12
2.6022e-12
1.24714e-12
-4.02246e-13
6.42479e-13
-3.6435e-13
-4.67981e-13
2.47541e-13
-6.69427e-14
-3.06399e-13
1.07142e-13
-4.35919e-14
4.52489e-15
-3.36767e-13
1.12668e-12
-4.79223e-13
1.86299e-12
1.40577e-12
2.44349e-13
5.19826e-13
5.8782e-12
1.28974e-11
-3.67632e-12
-1.23005e-13
3.18135e-12
-7.55011e-13
-6.38026e-13
6.26452e-13
-5.19008e-12
1.98962e-12
1.01135e-12
-8.67451e-13
1.08935e-12
1.38658e-13
-7.96409e-13
1.58831e-13
-1.772e-12
-1.37715e-12
-1.66645e-12
1.0637e-12
2.79848e-12
5.79812e-12
4.95316e-13
-6.39159e-12
1.07446e-12
1.46978e-11
-4.02212e-12
-2.06658e-11
2.80365e-12
1.73726e-12
-4.21067e-13
-1.53229e-12
6.27643e-13
1.83058e-12
-4.61994e-12
1.87028e-12
-2.21835e-13
-1.00982e-12
-9.95493e-13
-7.32263e-13
2.1078e-12
2.24943e-12
3.81826e-12
5.71826e-13
-8.01885e-13
2.31638e-12
-3.30126e-12
-6.62417e-11
6.29139e-11
-6.60208e-12
1.70442e-11
1.38864e-12
-7.57899e-12
-1.22364e-12
-8.36622e-14
-2.67825e-12
3.37396e-12
-3.47464e-12
4.95079e-13
5.83401e-13
-1.71547e-12
1.23209e-12
2.94173e-12
4.15785e-13
1.73985e-12
-1.13755e-13
-3.39597e-12
-6.94173e-12
-6.69282e-12
-4.53073e-12
-7.64144e-12
7.6681e-12
-1.84579e-12
-2.97097e-11
2.60793e-12
3.03453e-11
1.42556e-11
-1.72278e-12
3.61413e-13
-1.45255e-12
-1.94895e-12
2.6887e-12
2.58265e-12
2.94548e-13
1.33745e-12
1.30623e-12
1.01218e-14
-5.38795e-13
-4.25271e-12
-2.71508e-12
-6.70966e-13
1.47994e-12
1.11237e-11
-6.23415e-13
6.13765e-12
-1.12065e-11
1.45433e-11
2.07925e-11
-8.72191e-12
-2.31529e-11
-1.33702e-11
7.44876e-12
1.35921e-12
-1.4973e-12
3.20403e-12
7.17606e-13
-1.64904e-12
-5.40929e-13
-1.76947e-12
-2.53975e-12
-2.60503e-12
9.94222e-14
3.37699e-12
2.37139e-12
2.08577e-12
-1.58455e-12
1.13943e-10
-1.15736e-10
2.01542e-12
7.36982e-12
-5.31218e-12
-3.8817e-12
5.0714e-12
1.84651e-11
2.37455e-12
4.3778e-12
1.86988e-13
2.35003e-12
-3.41746e-13
-6.69453e-13
3.4479e-13
-7.99691e-13
1.07389e-12
1.55938e-12
1.54512e-12
9.11921e-13
-1.11081e-12
-6.66889e-13
6.13137e-13
1.06766e-12
-5.99719e-11
6.78381e-11
4.66671e-12
-3.69949e-12
4.84922e-13
3.4219e-12
-1.30433e-11
-1.62653e-11
5.58588e-12
-4.31118e-12
-2.15914e-13
3.9359e-12
-8.98025e-13
-1.24287e-12
-1.09135e-12
2.45931e-12
1.65411e-12
1.10411e-12
4.80364e-13
-1.45668e-12
-9.01194e-13
5.41396e-13
-2.43523e-13
-4.95153e-13
-3.30169e-12
-8.46486e-12
-5.0556e-12
-4.28372e-12
-9.56761e-12
-3.94507e-12
1.94127e-11
-5.07949e-12
3.68474e-11
-2.26354e-11
-7.91594e-13
1.55103e-12
1.54102e-12
1.38937e-12
1.05479e-12
-2.05993e-12
-3.12514e-12
-2.78078e-12
-1.45327e-12
1.10104e-12
3.12727e-12
-2.82067e-13
-1.11262e-12
-2.20453e-12
-3.9743e-12
3.26469e-12
1.43454e-12
1.00951e-11
7.40947e-12
-2.47572e-12
-1.07784e-11
-9.99524e-12
6.52897e-10
-1.34012e-09
5.214e-14
-1.23082e-12
2.53157e-12
-1.30868e-12
-1.1485e-12
8.0064e-15
6.23301e-13
1.70407e-12
2.03348e-12
-8.12657e-14
-2.63059e-12
-5.08602e-13
-1.04123e-13
1.17681e-11
-4.61341e-12
3.01414e-12
7.90739e-13
-1.07067e-11
3.29267e-12
1.36057e-11
6.07247e-12
-2.84377e-11
-5.86887e-11
-1.71673e-11
4.04686e-13
2.89068e-12
-3.19558e-12
-1.26954e-12
7.00401e-13
1.11444e-12
1.2945e-12
3.16736e-13
-1.29017e-12
-1.0051e-12
3.34913e-13
-1.74886e-13
-2.22172e-14
-1.84838e-12
-1.49756e-13
-3.17e-12
5.82331e-13
9.3481e-12
-1.16428e-11
-3.47977e-11
1.92358e-12
4.20742e-11
1.49819e-11
5.3223e-13
-7.98385e-13
1.77174e-12
-6.22968e-12
2.98327e-12
7.36757e-13
-4.14938e-13
-1.17113e-12
-1.33021e-12
-1.63117e-12
-1.71161e-13
3.73665e-13
1.10447e-12
2.80486e-12
2.79611e-12
1.35163e-12
6.56856e-12
-1.86987e-12
-9.53563e-12
3.26008e-12
4.05884e-11
-1.33188e-12
-3.38878e-12
-2.00273e-12
3.50015e-12
-2.71316e-12
-5.55381e-12
7.23252e-13
-3.68582e-12
-2.22474e-12
-8.29776e-13
-3.4571e-13
9.8399e-13
3.0158e-12
2.20468e-12
1.19797e-12
1.50376e-12
-3.04745e-12
-3.12524e-12
-2.26414e-12
-6.62449e-12
2.55099e-12
6.30601e-12
5.52598e-12
-2.69576e-11
6.45052e-12
-4.4541e-12
-1.11418e-11
5.88196e-12
4.02831e-13
-8.62788e-12
-1.88704e-12
3.19202e-12
1.43385e-12
1.66689e-13
8.15805e-13
-3.28065e-13
-8.75114e-13
8.39216e-14
1.65351e-13
-2.84714e-12
4.0072e-13
-4.88242e-12
1.29754e-12
5.81167e-13
-5.38251e-12
-6.01306e-12
-5.09961e-13
8.4682e-12
-2.96649e-12
-1.41718e-11
-1.84775e-11
-2.19512e-12
1.66574e-12
-8.10371e-12
6.67296e-12
-9.49825e-14
-1.53831e-13
6.23752e-13
-1.9351e-13
3.06611e-13
-1.27245e-12
-2.34594e-12
-2.97131e-12
1.83528e-13
-1.07008e-12
3.13071e-12
-1.41747e-11
4.7726e-12
-5.14124e-12
6.3403e-12
1.91579e-12
2.77744e-12
1.81303e-11
-8.06937e-12
3.72788e-11
-1.08053e-11
1.05585e-12
9.34077e-12
-1.69676e-11
-2.69098e-12
-6.50145e-13
-1.16342e-12
-4.58138e-13
-7.52072e-13
5.60007e-13
1.10059e-13
1.73447e-12
1.77053e-12
4.92817e-13
4.13284e-14
1.51031e-11
6.93556e-12
2.83914e-11
3.35365e-12
2.27217e-12
4.04166e-11
-3.88949e-11
4.25124e-11
-2.14207e-11
7.17939e-12
-3.49255e-12
1.16684e-11
4.17087e-11
5.17158e-12
5.92032e-14
1.243e-12
2.37906e-13
-8.23974e-15
2.90499e-13
2.20033e-12
1.27971e-12
-1.25444e-12
5.25496e-12
5.79954e-13
6.64172e-12
-1.67881e-11
-2.43524e-11
-3.22435e-10
3.04867e-10
-9.23417e-11
7.39915e-12
-2.09283e-11
3.93017e-12
-3.71902e-12
1.56732e-12
1.06866e-11
-1.16857e-12
8.44644e-13
-1.39682e-15
-1.70866e-12
7.51448e-14
1.41988e-12
1.35473e-12
-4.74039e-13
-1.06738e-12
2.30113e-12
-9.34442e-12
-1.81904e-12
-2.33072e-11
2.24203e-11
8.72487e-12
8.42011e-11
-1.57864e-11
-2.79715e-11
1.23246e-11
6.16455e-11
1.36453e-11
1.32129e-11
-3.23127e-12
-1.06367e-12
-7.11061e-13
-3.70042e-12
2.70992e-12
-1.13581e-12
-1.75894e-12
1.15431e-13
1.62268e-12
-4.83693e-13
1.40679e-14
-4.16504e-13
-7.15877e-13
-1.15319e-12
2.01134e-12
-4.9999e-13
1.2787e-13
4.28874e-13
-1.38619e-13
-1.85276e-13
1.0051e-13
5.08953e-17
-1.4369e-13
1.82615e-14
-1.02181e-13
1.32996e-13
1.73965e-13
-3.6072e-13
1.11291e-13
3.61985e-13
1.64383e-13
-2.64454e-13
-1.49025e-13
2.38591e-13
2.44557e-13
-4.19082e-13
2.43217e-13
-3.17539e-13
-5.84927e-13
6.70218e-13
-4.29428e-13
-8.19054e-13
4.49658e-13
3.59311e-13
-1.63341e-12
-1.9582e-12
2.29651e-12
1.31098e-12
-2.74365e-12
1.78203e-13
-1.63544e-13
-2.35423e-12
1.63539e-12
2.08496e-12
2.9131e-12
-3.06667e-12
-1.70097e-12
-5.81191e-13
7.73016e-13
7.37175e-14
3.10817e-13
4.47025e-13
1.09686e-14
-1.18729e-12
-4.4932e-13
3.33132e-12
9.11786e-14
-1.3772e-12
-6.10278e-12
3.38861e-12
-1.10964e-12
1.08023e-12
-2.41421e-12
-4.51872e-12
3.26356e-12
-3.09482e-12
-2.29716e-12
-1.06966e-13
1.49587e-12
1.81595e-12
-2.73426e-12
2.29454e-12
5.62162e-11
-7.18057e-13
-3.64999e-13
3.56169e-10
1.08238e-12
-8.0226e-13
-2.21374e-11
8.64469e-13
-9.3473e-13
-4.89852e-12
-1.10481e-12
2.40828e-12
1.67717e-12
-6.40702e-13
-8.49947e-13
1.67743e-13
7.33995e-13
-2.02806e-12
2.38752e-12
-4.79339e-13
1.88333e-12
3.97757e-12
5.077e-13
-9.66718e-13
-4.73235e-12
2.08808e-13
-1.57355e-12
-2.2961e-12
1.94959e-12
-8.85932e-13
2.32336e-11
-3.37844e-13
4.82962e-13
9.44132e-13
1.65487e-12
8.92344e-14
-1.01528e-12
3.23342e-13
9.19914e-13
1.20057e-12
4.95605e-13
-3.41993e-13
1.08103e-13
1.84443e-13
-3.20349e-13
-6.14857e-13
-9.73599e-14
4.0034e-13
-5.57459e-13
-6.92542e-14
1.59476e-13
-1.06394e-13
1.88233e-13
-1.69466e-13
-3.90841e-14
-1.54102e-13
1.78945e-13
-4.54279e-13
6.52726e-13
-3.35156e-13
2.90798e-13
-5.61092e-13
4.57684e-13
-6.08002e-13
1.32001e-12
-2.24799e-13
1.06694e-12
-5.5048e-14
5.42525e-15
5.1616e-13
1.48348e-12
-3.73325e-13
-1.77745e-12
4.19481e-13
-3.21082e-13
-7.97435e-13
-8.37998e-14
-1.6801e-12
4.91846e-13
1.053e-12
3.00426e-12
-2.38098e-12
-3.15831e-12
-4.98473e-12
7.64693e-13
-1.46067e-12
-6.14276e-12
5.98947e-12
-3.0613e-12
-4.65103e-12
6.22658e-12
-2.1092e-12
2.72108e-12
1.69217e-12
1.24324e-13
1.64097e-12
2.64513e-13
-1.05901e-12
-1.50643e-12
8.52867e-13
1.08563e-12
-1.59625e-12
-1.08547e-12
-1.17994e-12
-1.33945e-13
-1.03251e-12
8.4765e-14
-8.7367e-13
1.16793e-12
-4.85329e-13
-3.24245e-13
1.13658e-12
3.74184e-13
7.88579e-13
-1.12053e-15
2.27545e-14
-1.2534e-13
-4.73404e-13
-1.41301e-13
3.2893e-14
-3.05957e-13
-1.35684e-13
4.2678e-14
2.08985e-13
-1.06556e-13
1.08425e-13
-1.47637e-13
-6.20749e-14
3.57703e-13
-9.61142e-14
-7.86444e-14
2.71292e-13
-4.22401e-13
-6.50345e-13
1.25411e-13
-2.82537e-14
9.68132e-13
-2.08637e-13
-4.09747e-13
-1.75938e-12
7.7673e-13
5.26234e-13
-1.2785e-12
-3.00192e-13
-5.31031e-14
1.21722e-12
-2.02883e-12
-5.95797e-13
-1.25805e-12
4.63979e-12
-2.21781e-12
-1.5227e-12
-3.71743e-12
-1.15262e-12
-1.26355e-11
-3.56023e-12
5.74615e-12
-5.07817e-12
1.02675e-12
1.19881e-12
4.30691e-13
-6.2999e-13
-2.32325e-12
-2.8464e-12
8.95154e-13
2.67562e-12
6.28431e-14
-3.61424e-12
-1.82449e-12
-8.83565e-13
1.64289e-12
-6.21001e-14
-5.09463e-13
1.11833e-13
1.32678e-12
4.45498e-12
-1.15829e-12
-1.44592e-12
-9.53871e-13
1.73288e-13
4.76529e-13
-1.27311e-12
5.10776e-14
1.52744e-12
-4.64337e-12
5.52778e-12
-1.18584e-12
-6.18032e-13
7.21799e-13
-3.83055e-13
2.32324e-12
9.71816e-13
2.01331e-12
-1.66885e-12
1.31009e-12
6.51698e-12
5.20896e-13
-6.37791e-13
-1.0589e-12
-2.22123e-12
-1.52459e-12
1.65536e-12
1.27767e-13
-2.2989e-12
-8.43601e-12
8.53267e-13
-1.49744e-12
-1.35115e-12
1.59343e-12
2.70775e-12
-6.41772e-13
-5.23046e-12
-7.6071e-12
1.25173e-11
9.81629e-13
5.32362e-14
7.44425e-13
-2.949e-13
-9.62959e-13
-3.50052e-12
1.57705e-11
4.19896e-13
-9.82559e-12
3.3733e-13
4.42718e-13
7.40981e-13
-1.13253e-12
-1.97242e-12
-3.13768e-12
5.55796e-11
1.38489e-09
-1.54908e-09
-3.22353e-12
2.85255e-12
3.21764e-13
4.1662e-12
-9.1497e-13
5.56195e-13
7.37862e-10
-2.98762e-10
-3.41174e-11
-1.28344e-13
-1.88393e-12
-7.41223e-13
-1.55407e-12
3.94882e-13
-1.02266e-12
5.15633e-11
2.44424e-11
-8.88614e-12
3.45327e-12
-2.67118e-12
6.47136e-13
-2.89423e-12
3.75697e-12
-3.99198e-12
-9.91432e-12
-8.30818e-12
1.81392e-11
-1.19581e-12
2.74866e-12
-1.14735e-12
-7.27455e-14
-3.77277e-12
1.17122e-12
1.51403e-11
-6.46592e-12
-1.85782e-11
2.77198e-12
1.614e-12
6.07853e-13
2.71075e-12
1.69957e-12
5.36614e-12
-1.25853e-11
2.50842e-11
7.79745e-12
-7.568e-15
-3.40971e-12
-1.83795e-12
-3.37874e-12
1.45922e-12
8.5239e-12
3.94847e-12
-1.22882e-11
-2.05397e-12
6.21894e-12
-3.81366e-12
-1.52075e-12
-1.40414e-13
-4.36385e-12
1.45628e-11
2.15598e-12
-1.72148e-11
1.25754e-11
-1.41965e-11
1.73204e-12
-1.77206e-12
3.01728e-12
2.08872e-13
-2.49041e-13
1.52343e-11
-1.13881e-11
-1.6219e-11
1.37142e-11
-4.51659e-12
5.93675e-12
-8.66468e-12
-1.90412e-11
-1.34234e-11
-3.56041e-12
7.504e-12
3.14337e-12
-1.04116e-11
4.64369e-12
-5.33607e-12
3.24106e-12
-7.07218e-12
-1.09286e-11
-1.70902e-11
-3.43622e-11
-7.87727e-12
4.61023e-12
1.6855e-11
-1.76212e-11
1.03143e-12
1.35533e-12
7.52823e-13
6.78554e-13
-1.80217e-12
-7.92813e-12
-2.79286e-12
1.97293e-11
4.24248e-12
-1.44198e-12
2.2198e-12
-2.48291e-12
8.12678e-13
-3.56477e-12
2.92017e-12
1.1847e-12
-2.93714e-12
-6.49149e-13
-1.09872e-12
-3.23095e-12
-7.05606e-12
-5.05741e-12
3.7765e-12
1.39144e-12
6.24773e-12
3.55686e-12
3.29501e-12
2.17682e-12
-2.42462e-11
-2.0875e-13
-1.46276e-13
-3.5906e-14
8.31709e-14
-1.27825e-13
1.75362e-13
-6.50541e-13
-2.972e-13
-1.07141e-12
-5.33833e-14
-8.16912e-13
5.13769e-13
8.2324e-13
2.0668e-13
3.39379e-13
-4.40593e-13
2.21782e-12
-8.94479e-14
-5.53472e-12
8.33008e-14
-1.79484e-12
9.66495e-14
-6.23287e-13
-2.06084e-13
1.89162e-12
-5.14458e-14
-6.49074e-13
6.38659e-13
8.55381e-13
-4.44019e-13
-1.23448e-12
-6.63215e-13
9.47934e-13
1.24071e-13
1.51542e-12
-5.56671e-13
1.90269e-12
-2.17036e-14
5.57292e-13
-1.20705e-13
1.09227e-14
2.42644e-13
-6.4892e-13
-4.80325e-13
7.86291e-13
3.20401e-13
1.9405e-13
-2.32415e-13
-2.27526e-13
-1.5373e-13
4.94843e-13
-8.96148e-14
-6.63081e-13
-5.50975e-13
-2.36968e-12
8.91957e-13
-1.34951e-12
-8.24007e-13
4.82224e-13
5.79328e-13
3.26983e-12
-1.90423e-13
-3.66898e-13
-3.34737e-13
-4.18228e-12
1.139e-12
1.03881e-12
-2.72555e-13
4.96128e-12
-1.05175e-12
-2.21793e-12
8.83988e-13
-1.01834e-12
7.73595e-14
-1.28376e-12
2.01518e-13
-3.7077e-11
1.40676e-11
6.81161e-14
9.1851e-14
1.37027e-13
-1.21738e-13
3.69339e-13
3.95673e-13
-4.58191e-13
-1.19073e-13
-1.17334e-12
-2.496e-13
2.01082e-13
7.52702e-14
9.77291e-13
9.33725e-14
3.16592e-14
-5.53096e-14
-2.52213e-13
-4.72246e-14
1.17317e-13
-6.69362e-14
-3.15092e-14
3.88423e-14
-2.36634e-13
1.13013e-13
-2.16885e-13
-4.60184e-14
-5.37414e-13
-6.7273e-14
1.61966e-12
-4.82715e-13
-9.85348e-13
2.56673e-13
1.16722e-13
-2.86234e-14
-6.54606e-13
7.69864e-14
1.08679e-12
-5.04519e-14
-2.37747e-13
4.74423e-14
-2.35617e-13
-7.54064e-14
-2.80919e-13
7.37952e-14
-4.25702e-13
-5.7718e-13
9.42527e-13
6.70916e-13
-9.46659e-13
6.10157e-14
2.87014e-13
-1.18991e-13
-3.25427e-13
-2.17131e-13
2.34468e-14
5.06152e-14
1.62357e-13
1.00679e-13
-1.0044e-13
-9.4873e-15
3.38292e-13
-9.50829e-14
-2.12217e-13
-4.04986e-14
4.15199e-13
6.12392e-14
-3.71461e-13
3.98004e-14
-1.47179e-13
-2.43474e-13
-3.25515e-13
2.73882e-13
1.09423e-12
-4.20583e-13
-5.93692e-13
1.83722e-13
7.61332e-13
-5.06209e-13
-1.47533e-13
-5.91042e-14
1.08576e-12
-2.53412e-13
-1.19256e-12
4.28421e-13
-6.19513e-13
-1.82261e-13
-1.47998e-09
-1.50957e-11
-4.75064e-10
-2.05325e-10
-5.21511e-10
-2.31664e-10
7.0828e-10
1.33806e-09
1.45846e-10
1.7421e-10
4.69707e-11
6.7418e-11
6.30494e-10
-8.15431e-10
2.58262e-10
-1.00793e-10
1.30559e-10
2.80185e-10
5.09208e-10
1.79921e-10
-9.55166e-10
3.91381e-11
3.81603e-11
6.18977e-11
-3.17282e-10
-2.65602e-10
-5.73675e-10
8.20538e-10
7.22404e-10
1.3301e-12
-7.20837e-11
7.25852e-10
-1.88973e-10
-2.22473e-11
2.30798e-10
-3.5147e-10
-3.35836e-10
-1.92436e-09
-1.73225e-09
5.71469e-10
-6.73772e-10
-4.87741e-11
-1.24337e-10
-7.5029e-10
-1.90517e-10
-1.43617e-10
5.98865e-10
9.33469e-10
4.26612e-10
-5.12881e-10
1.21405e-09
9.95699e-10
-2.19587e-10
1.10766e-10
-2.51207e-10
-1.54256e-10
9.43403e-11
-3.29532e-10
6.97291e-11
1.14889e-10
-2.29597e-10
5.74459e-10
-1.08979e-10
4.5293e-11
4.81549e-10
8.7035e-10
-9.26106e-11
-7.592e-10
8.63141e-11
-2.16396e-11
1.59545e-09
-2.90662e-09
4.3164e-10
4.84948e-11
-3.21861e-10
2.01551e-10
3.35921e-11
-1.01665e-10
1.39824e-11
1.11606e-10
4.98151e-11
-4.51738e-11
1.92658e-11
-9.58669e-12
2.15085e-10
1.7871e-10
2.46598e-10
-4.49596e-11
-7.61591e-12
-6.8806e-11
4.31204e-12
1.72433e-10
4.07146e-10
4.61614e-10
9.18134e-11
1.10558e-10
-1.82149e-10
-3.26197e-10
2.47005e-10
1.3599e-10
3.9305e-10
4.4051e-10
-4.8483e-10
-3.12517e-10
4.17554e-11
1.31834e-10
6.45819e-11
5.5093e-10
-5.93825e-10
-2.40146e-10
4.64409e-10
2.07059e-10
-1.04673e-10
-1.04376e-09
-3.8289e-10
-4.13398e-10
3.19315e-11
-1.45003e-10
-1.69344e-10
-8.23853e-10
1.31125e-10
2.95973e-10
2.39295e-10
7.67807e-10
-5.79813e-11
-1.52189e-10
1.83618e-10
-1.08039e-10
3.03971e-10
5.03732e-10
-9.83341e-10
9.19223e-11
4.3541e-10
1.21443e-09
6.52539e-10
-1.29047e-10
1.37879e-11
3.96436e-11
2.64671e-11
-5.13389e-12
4.4017e-10
4.23807e-10
-4.1547e-10
-9.56574e-12
-3.32745e-10
1.10133e-09
6.48494e-11
3.41869e-10
-1.22667e-10
5.29119e-10
-1.18104e-10
1.61568e-10
3.60371e-11
-2.41919e-10
-2.03592e-10
2.04119e-11
2.1976e-10
-4.75414e-11
-6.0679e-12
-1.57986e-11
-7.56162e-13
1.03378e-10
-1.02096e-11
7.02797e-12
-9.05882e-12
4.69508e-12
7.58245e-12
-8.0487e-12
1.14881e-11
-1.21644e-10
3.69043e-11
-1.60187e-09
5.7827e-10
-3.49768e-10
1.84913e-10
2.88809e-10
-1.23749e-09
8.58895e-10
-2.23599e-10
1.09122e-09
-7.61335e-10
)
;

boundaryField
{
    inlet
    {
        type            zeroGradient;
    }
    outlet
    {
        type            zeroGradient;
    }
    wall
    {
        type            zeroGradient;
    }
    empty_zmin
    {
        type            empty;
    }
    empty_zmax
    {
        type            empty;
    }
    procBoundary0to1
    {
        type            processor;
        value           nonuniform List<scalar> 
39
(
-1.34619e-09
3.85511e-10
3.01263e-10
-2.84945e-10
-9.74523e-11
-1.31932e-11
-1.5415e-11
-4.34455e-11
1.34277e-10
-6.60762e-11
3.42876e-11
2.12106e-11
-6.817e-12
1.05477e-09
2.39315e-10
-5.57445e-11
-1.08803e-09
-6.12167e-10
6.33511e-10
1.03402e-11
1.17398e-10
1.05477e-09
-9.61057e-10
-7.34713e-10
1.13297e-09
-6.25591e-10
-1.45238e-09
1.03315e-09
1.03315e-09
-1.18687e-09
-5.28027e-10
-1.16268e-10
-9.55821e-10
3.20607e-10
-3.59235e-10
3.22821e-11
5.50741e-10
-2.7342e-11
7.45422e-13
)
;
    }
}


// ************************************************************************* //
