/*--------------------------------*- C++ -*----------------------------------*\
| =========                 |                                                 |
| \\      /  F ield         | OpenFOAM: The Open Source CFD Toolbox           |
|  \\    /   O peration     | Version:  2406                                  |
|   \\  /    A nd           | Website:  www.openfoam.com                      |
|    \\/     M anipulation  |                                                 |
\*---------------------------------------------------------------------------*/
FoamFile
{
    version     2.0;
    format      ascii;
    arch        "LSB;label=32;scalar=64";
    class       volVectorField;
    location    "0.42";
    object      U;
}
// * * * * * * * * * * * * * * * * * * * * * * * * * * * * * * * * * * * * * //

dimensions      [0 1 -1 0 0 0 0];

internalField   nonuniform List<vector> 
2367
(
(2.32137 0.861136 0)
(2.4818 0.702795 -4.62803e-21)
(2.58865 0.625434 8.87517e-22)
(2.6409 0.510497 1.69494e-21)
(2.66367 0.334063 -1.47325e-22)
(2.6841 0.217563 0)
(2.70293 -0.0272225 2.20875e-22)
(2.61236 0.021544 0)
(2.66224 0.0502791 0)
(2.73395 0.0591516 0)
(2.76788 0.125743 -4.38691e-22)
(2.73334 0.282244 4.24995e-22)
(1.95068 0.0152782 0)
(0.998479 0.00176302 0)
(2.04151 0.0220465 0)
(1.06468 0.00314797 0)
(1.09187 0.0981397 3.5223e-21)
(1.13731 0.351443 -1.61056e-20)
(1.30473 0.611112 0)
(1.49649 0.821713 -2.05732e-20)
(1.8712 0.842257 -1.4658e-20)
(2.12868 -0.612051 1.51655e-20)
(1.72993 -1.01892 -2.1027e-20)
(1.57253 -0.663356 -1.68452e-21)
(1.30611 -0.552521 -2.50665e-20)
(1.15184 -0.249371 -1.28349e-20)
(2.49112 -0.0620078 -4.60865e-21)
(2.46587 -0.0649413 1.27132e-20)
(2.39335 -0.49179 3.30228e-21)
(2.61449 -0.108468 7.14697e-22)
(2.61955 -0.17367 0)
(2.53672 -0.286933 -2.62284e-21)
(2.42777 -0.555572 6.32641e-21)
(2.29012 -0.657384 -1.48585e-20)
(2.75799 -0.101479 1.27188e-22)
(2.71171 -0.146086 1.08431e-23)
(2.65898 -0.637669 8.53403e-22)
(2.56225 -0.655703 0)
(2.41007 -0.823557 -8.42023e-21)
(2.10112 -1.15321 -3.15129e-20)
(2.08367 -0.778396 3.56343e-20)
(1.56656 -0.934344 1.14084e-20)
(1.14183 -0.797919 -6.27206e-21)
(1.01991 -0.299428 -5.6885e-20)
(0.821434 -0.0412367 6.22995e-20)
(0.773817 0.468143 3.74762e-21)
(0.911142 0.924792 4.97292e-20)
(1.29702 1.07728 -1.96213e-20)
(1.9241 0.815013 7.67649e-21)
(2.06151 1.15348 -1.74323e-20)
(2.92238 -0.127778 4.93329e-22)
(2.91816 -0.266541 -3.20516e-21)
(2.87397 -0.449622 0)
(2.77167 -0.849852 0)
(2.58489 -1.10566 -6.16304e-21)
(2.48304 -1.04526 1.409e-20)
(1.73855 -1.74129 -9.14026e-21)
(1.60596 -1.3964 -1.7357e-20)
(0.98731 -1.07203 -2.44817e-21)
(0.614527 -0.618703 -4.08771e-21)
(0.357156 -0.0672278 -6.2814e-20)
(0.268419 0.647291 0)
(0.514967 1.26262 -2.2676e-19)
(1.17448 1.34989 1.64137e-20)
(1.74956 1.45382 2.03456e-20)
(2.35253 1.1625 -7.30647e-21)
(2.48192 1.18277 8.90959e-21)
(2.66332 0.914953 -1.52835e-21)
(2.73138 0.667738 3.58132e-21)
(2.77148 0.49346 -1.12136e-21)
(2.8145 0.384178 -5.87064e-22)
(2.8074 0.249379 0)
(2.80973 0.00215309 0)
(2.70536 0.0359439 2.0552e-23)
(3.11113 -0.162813 1.62639e-23)
(3.10043 -0.328958 -7.84407e-23)
(3.09064 -0.795881 -6.49913e-21)
(3.03413 -0.940473 -4.89842e-21)
(2.95171 -1.13835 4.90408e-21)
(2.44687 -1.83906 9.65814e-21)
(2.08519 -1.90274 4.34773e-20)
(1.56879 -2.08614 -2.82128e-19)
(1.63897 2.03469 -1.56254e-21)
(2.43467 1.47024 -7.54014e-21)
(2.82312 1.13878 -7.03429e-22)
(2.88404 0.975464 0)
(2.93628 0.818105 -2.48856e-21)
(2.94285 0.630862 4.92975e-21)
(2.93412 0.369339 -9.62827e-22)
(2.94289 0.285372 9.60514e-22)
(2.92154 0.0510762 -1.27614e-22)
(2.84105 0.0452174 0)
(3.3258 -0.153919 1.23288e-22)
(3.3192 -0.343466 2.85964e-21)
(3.35254 -0.578701 5.7993e-21)
(3.37597 -0.984447 4.49138e-21)
(3.20952 -1.2752 -3.73289e-20)
(2.94752 -1.90045 -5.73158e-20)
(2.75549 -2.21439 4.29106e-20)
(2.7081 2.08054 3.53976e-20)
(3.06641 1.4379 6.28167e-21)
(3.18777 1.04748 2.40465e-20)
(3.1545 0.648453 -3.82351e-20)
(3.12462 0.534961 1.43281e-20)
(3.10553 0.409864 -6.32127e-21)
(3.07746 0.26705 -2.6437e-21)
(3.05937 0.0557557 -4.368e-22)
(2.97284 0.0336686 -1.00887e-22)
(3.5275 -0.131481 -1.59952e-22)
(3.53518 -0.343077 -1.45042e-21)
(3.63779 -0.700162 3.01266e-20)
(3.60572 -1.10399 -2.67405e-20)
(3.68399 -1.19699 -6.9339e-22)
(3.65912 -2.03297 6.56124e-19)
(3.55293 1.59663 -5.7433e-20)
(3.51146 0.866624 -2.0506e-20)
(3.37453 0.738537 3.54372e-21)
(3.28677 0.5606 -1.94882e-20)
(3.25926 0.314389 1.50345e-21)
(3.22899 0.246511 5.30646e-21)
(3.18893 0.0592154 -1.12573e-21)
(3.08526 0.0270477 -3.4854e-22)
(3.71221 -0.107312 1.11448e-22)
(3.74354 -0.29687 -5.10009e-23)
(3.91191 -0.433824 -7.72405e-22)
(3.95249 -0.830401 -1.05659e-19)
(4.1378 -1.17216 -1.53975e-19)
(3.99186 1.36301 -7.15485e-19)
(3.82348 0.724219 0)
(3.5858 0.469233 -1.3751e-20)
(3.47363 0.32238 -4.36977e-21)
(3.39591 0.291877 1.79389e-21)
(3.3325 0.169794 0)
(3.30096 0.0619361 0)
(3.19625 0.0230497 2.58847e-22)
(3.86551 -0.0775287 -2.95146e-22)
(3.91678 -0.20729 6.63532e-22)
(4.1042 -0.365626 3.22908e-20)
(4.20479 -0.546648 -1.35076e-19)
(4.49662 -0.719387 -2.23452e-20)
(4.30843 0.7128 -2.55104e-19)
(4.03929 0.503079 0)
(3.7502 0.398289 -1.55089e-20)
(3.62208 0.343986 2.10115e-20)
(3.49249 0.16142 -2.57642e-21)
(3.425 0.116213 1.29645e-21)
(3.38158 0.0545003 4.07323e-21)
(3.30026 0.00676273 -1.96541e-22)
(3.97563 -0.0359655 6.99219e-22)
(4.04571 -0.0870696 2.51902e-20)
(4.20655 -0.0231311 4.1305e-21)
(4.3201 -0.206211 5.67921e-22)
(4.55769 -0.272376 4.27351e-20)
(4.2225 0.131923 -2.46518e-20)
(4.1215 0.180456 -2.07521e-21)
(3.82359 0.046353 1.12382e-20)
(3.70688 0.0992584 0)
(3.58572 0.122603 2.61442e-21)
(3.50024 0.0834812 -2.32507e-21)
(3.44038 0.0260412 -5.12024e-22)
(3.36254 -0.0104088 -1.41505e-22)
(4.04223 0.044053 1.38902e-21)
(4.08829 0.0382123 -2.52588e-20)
(4.20055 0.0853367 -3.93773e-21)
(4.31712 -0.0351264 7.84287e-21)
(4.48101 0.0528754 -2.98353e-19)
(3.96626 -0.144552 4.4615e-19)
(4.09789 -0.0942716 1.58714e-20)
(3.81882 -0.0921627 4.46182e-20)
(3.69835 0.0063356 -2.95676e-20)
(3.59269 -0.0471986 -1.1768e-20)
(3.53442 -0.0300189 0)
(3.50443 -0.00507962 5.99122e-22)
(3.38822 -0.0315376 1.4363e-22)
(4.03661 0.0951526 -2.8449e-21)
(4.08088 0.115539 1.81841e-20)
(4.17641 0.198319 2.15984e-20)
(4.27636 0.17223 1.2809e-19)
(4.31714 0.30668 1.69509e-20)
(2.99588 -0.221268 -7.25092e-19)
(4.05735 -0.252576 3.3891e-20)
(3.77927 -0.210216 7.68559e-21)
(3.66857 -0.0976768 -5.37691e-20)
(3.58053 -0.098724 -2.19326e-20)
(3.52596 -0.0671611 4.89717e-21)
(3.50475 -0.0335622 -1.10866e-21)
(3.37823 -0.0439931 0)
(4.01802 0.137127 -6.18561e-23)
(4.04217 0.182488 6.26105e-21)
(4.11588 0.284051 -1.56133e-20)
(4.2191 0.322999 1.15299e-20)
(4.1497 0.62187 5.74396e-20)
(1.15551 0.935569 -5.20315e-19)
(2.88757 -0.477722 6.68285e-20)
(3.91254 -0.452965 2.03841e-20)
(3.69385 -0.337328 2.53869e-20)
(3.60642 -0.193447 -1.90891e-20)
(3.54886 -0.153009 8.34561e-21)
(3.50258 -0.100422 -2.48488e-21)
(3.48443 -0.0271205 1.81459e-21)
(3.34097 -0.0533004 -6.46418e-22)
(3.96527 0.192012 4.12712e-21)
(4.01647 0.252086 -5.91839e-21)
(4.03845 0.316284 6.22215e-21)
(4.0751 0.310246 -9.40738e-21)
(3.99287 0.518221 0)
(1.11843 0.214202 -6.23512e-20)
(0.2255 0.315105 -1.86182e-18)
(0.592619 -0.528068 0)
(2.88666 -0.483871 2.34091e-20)
(3.60562 -0.429181 0)
(3.5802 -0.394888 -2.21801e-20)
(3.52046 -0.229184 -4.62609e-20)
(3.48335 -0.199213 -9.77381e-21)
(3.45446 -0.127958 9.83197e-21)
(3.45944 -0.0580598 -8.627e-22)
(3.27951 -0.0674061 3.07984e-22)
(3.90701 0.22573 2.62967e-21)
(3.95577 0.2912 -2.66937e-21)
(3.96787 0.361064 0)
(3.98954 0.309837 0)
(3.78299 0.447436 1.12023e-20)
(1.80084 0.2043 4.2835e-22)
(0.130886 0.0577498 -2.70826e-20)
(-0.0898713 -0.146732 3.97347e-19)
(0.204951 -0.461233 -2.42069e-18)
(0.245713 -0.274849 -5.36025e-19)
(0.670175 0.000108231 -2.18434e-20)
(3.23674 -0.579132 -1.82452e-20)
(3.45613 -0.421437 2.15904e-20)
(3.44558 -0.381944 2.37328e-20)
(3.43411 -0.246492 3.79643e-20)
(3.42515 -0.217602 9.4978e-21)
(3.41127 -0.146296 -5.87287e-21)
(3.42251 -0.0773912 0)
(3.19046 -0.0769626 0)
(3.83459 0.268692 0)
(3.9135 0.325623 -7.41165e-21)
(3.91868 0.341287 -2.42595e-23)
(3.92218 0.317056 -4.52325e-21)
(3.7762 0.451773 -3.25212e-20)
(1.92052 0.176389 2.26302e-20)
(0.197334 -0.399635 8.78497e-21)
(0.158121 -0.724684 1.10688e-19)
(-0.0214446 -1.03545 2.01613e-20)
(-0.0575333 -1.22499 8.50552e-19)
(-0.0309643 -1.26041 2.77354e-24)
(0.0274441 -1.13916 -8.66444e-20)
(-0.133944 -0.738391 2.27191e-20)
(-0.192509 -0.477763 0)
(-0.0296444 -0.342588 -2.1944e-20)
(1.84926 -0.496003 3.28237e-20)
(3.16532 -0.649184 9.38953e-21)
(3.34416 -0.427453 0)
(3.33562 -0.393246 1.57388e-20)
(3.35154 -0.261888 0)
(3.35938 -0.233039 3.45242e-21)
(3.35969 -0.161521 -8.1581e-21)
(3.37981 -0.0890702 9.64373e-22)
(3.08989 -0.0799682 1.07818e-21)
(3.75492 0.286898 -1.81588e-21)
(3.87207 0.345533 2.36681e-21)
(3.87432 0.377661 -1.21571e-21)
(3.90715 0.349916 -1.78824e-20)
(3.80828 0.456643 0)
(2.21287 0.116787 0)
(0.690583 -0.382371 0)
(0.583667 -0.693379 1.24203e-20)
(0.175953 -1.0344 0)
(0.021664 -1.19114 0)
(-0.123059 -1.24291 -9.82027e-21)
(-0.225449 -1.07629 -2.13546e-20)
(-0.360757 -0.855432 -2.13694e-20)
(-0.383381 -0.672786 -5.31525e-21)
(0.0716764 -0.660189 -1.94219e-20)
(1.81383 -0.531954 -2.15144e-20)
(3.05552 -0.664304 -9.36929e-21)
(3.24257 -0.44794 0)
(3.25957 -0.400176 -9.24368e-21)
(3.27524 -0.267265 -2.78858e-23)
(3.28408 -0.23297 2.80499e-23)
(3.2959 -0.161377 -2.90905e-22)
(3.32455 -0.0926115 -4.36012e-22)
(2.98304 -0.0764302 2.33493e-22)
(2.64297 0.306929 1.03472e-20)
(1.04171 -0.412398 -2.11591e-20)
(0.872321 -0.602764 1.12897e-20)
(0.554354 -1.00061 1.16086e-20)
(0.127235 -1.23519 0)
(-0.200485 -1.26471 5.37418e-22)
(-0.389655 -1.23633 8.93261e-21)
(-0.608216 -1.03378 4.87765e-21)
(-0.413395 -0.85955 4.25752e-21)
(-0.0605472 -0.822768 1.00691e-20)
(1.75602 -0.589838 -6.88888e-21)
(2.95949 -0.618118 -5.92327e-21)
(3.12826 -0.462376 0)
(3.1618 -0.377743 -6.92926e-21)
(3.19326 -0.238641 0)
(3.21543 -0.214327 0)
(3.24197 -0.144338 6.37102e-23)
(3.26547 -0.0895184 0)
(2.87337 -0.0702125 0)
(3.06626 0.42348 0)
(1.50177 -0.202278 0)
(1.08366 -0.700158 -1.2004e-20)
(0.833723 -0.790509 0)
(0.224469 -1.18792 3.38963e-21)
(-0.126076 -1.23004 -6.45861e-21)
(-0.468291 -1.22041 -3.016e-21)
(-0.622891 -1.15267 0)
(-0.613567 -0.922701 -7.90016e-21)
(-0.156321 -0.912563 0)
(1.63708 -0.620662 6.84011e-21)
(2.87691 -0.578755 1.81008e-21)
(3.03122 -0.384943 0)
(3.05522 -0.348453 4.36881e-21)
(3.12771 -0.21391 0)
(3.1654 -0.206771 0)
(3.19433 -0.135748 3.34407e-22)
(3.21412 -0.0882058 -1.27996e-21)
(2.76697 -0.0644236 1.60813e-23)
(2.35735 -0.0476369 1.66717e-21)
(2.421 -0.0766486 2.276e-23)
(2.50401 -0.0636799 -7.16707e-22)
(2.60151 -0.0751033 -3.4555e-23)
(2.66025 -0.0623309 3.46187e-23)
(2.74195 -0.0852819 7.99052e-22)
(2.82699 -0.0798757 -5.53498e-22)
(2.9346 -0.0942976 2.01187e-23)
(1.19445 -1.29334 -5.39483e-22)
(1.27306 -1.45573 2.16359e-20)
(1.27437 -1.805 1.30996e-19)
(0.556124 -1.18637 -1.9725e-19)
(0.808903 -1.53369 0)
(0.157225 -0.575239 4.12239e-19)
(0.407019 0.142838 0)
(0.511948 0.786298 0)
(0.990514 1.16052 -2.57427e-19)
(0.830872 1.60974 5.97857e-19)
(1.58233 1.43833 -4.26879e-20)
(1.23848 1.8344 -1.64848e-20)
(1.25943 1.52851 2.43098e-19)
(2.77863 0.0580512 0)
(3.03188 -0.0916498 1.16188e-24)
(3.15237 -0.0898185 0)
(1.74552 -1.98458 8.8003e-21)
(2.33909 -1.78596 -5.50815e-20)
(2.13116 -2.30632 -3.27283e-20)
(1.5936 1.99492 0)
(2.12493 1.79248 -6.25824e-21)
(2.09013 2.24883 2.09748e-20)
(2.24282 1.85185 -1.83142e-20)
(2.91536 0.0500372 0)
(3.25749 -0.0857382 0)
(3.36719 -0.0793607 -5.23923e-22)
(2.8163 -2.08834 -2.30681e-20)
(3.36915 -1.91687 4.64423e-19)
(3.43068 -1.79654 -2.35615e-19)
(2.67434 2.14578 0)
(2.84846 1.86955 -1.61006e-20)
(3.25275 1.8091 -2.00586e-21)
(3.21179 1.88297 0)
(3.03212 0.035538 3.52443e-23)
(3.45679 -0.068797 1.50955e-22)
(3.55515 -0.0696165 -5.25749e-24)
(4.04256 -1.54835 2.31728e-18)
(3.49881 1.90868 -5.19498e-19)
(3.80728 1.51774 -1.03396e-18)
(3.1414 0.0273072 -4.8708e-23)
(3.63696 -0.0437655 -5.00185e-24)
(3.72 -0.0502012 3.46902e-23)
(4.31572 -1.22095 8.08543e-19)
(4.48237 -1.20185 4.77913e-19)
(4.30932 -0.995641 -3.58019e-19)
(3.86935 1.04538 -1.74173e-20)
(4.06623 0.979079 1.75294e-19)
(4.23938 1.00249 0)
(3.25133 0.014217 -5.30854e-22)
(3.78929 -0.0176025 0)
(3.85553 -0.0186692 0)
(4.64406 -0.655529 4.65077e-19)
(4.66209 -0.454134 -9.87206e-20)
(4.56826 -0.37241 1.1242e-19)
(4.16516 0.76297 -2.04047e-19)
(4.21647 0.380408 8.47288e-20)
(4.30094 0.499265 -9.63784e-20)
(3.33261 -0.00211879 6.9551e-22)
(3.89356 0.0153732 0)
(3.93783 0.0118743 3.91922e-25)
(4.63975 -0.1267 -8.29696e-20)
(4.4842 -0.0109819 -5.09884e-19)
(4.51158 -0.154369 -4.1124e-20)
(4.22046 0.257463 3.96647e-20)
(4.19987 0.209362 1.52649e-19)
(4.1797 0.124345 -7.87478e-20)
(3.37459 -0.0188694 -1.36128e-22)
(3.94491 0.0567669 -3.70275e-22)
(3.93702 0.0734951 0)
(4.33743 0.170558 3.6571e-19)
(3.92057 0.0323007 -3.78836e-19)
(4.41985 0.0795152 1.74836e-19)
(4.15443 -0.048427 0)
(4.05095 -0.177117 -1.54936e-19)
(3.56639 0.209421 -8.13105e-19)
(3.3858 -0.0399195 0)
(3.91801 0.0804115 0)
(3.89233 0.0976064 -3.25412e-21)
(1.58642 0.486845 0)
(2.04956 -0.921393 0)
(3.36391 -0.0560688 -3.55663e-24)
(3.84284 0.107939 -7.77112e-22)
(3.79193 0.133601 3.87455e-21)
(0.48966 0.460162 0)
(0.867198 0.313311 3.81915e-19)
(1.51053 -1.08185 -8.0191e-20)
(1.08457 -0.640121 -3.98274e-19)
(0.742241 -0.721557 0)
(3.31436 -0.0635061 3.21238e-22)
(3.71607 0.14107 -1.49741e-21)
(3.63408 0.166404 -7.03148e-22)
(-0.114925 -0.0167905 2.10901e-19)
(0.0266831 -0.0449294 -1.11937e-19)
(0.447427 -0.482308 2.75032e-19)
(0.401912 -0.351754 3.68411e-20)
(0.268646 -0.325772 2.49073e-19)
(3.23624 -0.0778826 9.12409e-22)
(3.52411 0.179318 7.02102e-22)
(3.39828 0.209266 6.64468e-22)
(-0.185613 -0.423454 -2.13688e-18)
(-0.0332059 -0.691748 -2.49842e-19)
(0.0205838 -0.491738 -1.47258e-19)
(-0.146676 -1.02246 -1.11701e-19)
(-0.1838 -0.794821 5.78636e-19)
(-0.149692 -1.14065 -2.62388e-18)
(0.125145 -0.987835 1.60169e-18)
(0.139839 -0.669687 2.57859e-19)
(0.131559 -0.796246 -1.12707e-19)
(0.21622 -0.363766 9.17361e-20)
(-0.0182161 -0.318292 -8.73434e-20)
(0.0505722 -0.517716 0)
(3.14173 -0.0825383 0)
(3.23755 0.210234 -6.62414e-22)
(3.08688 0.232836 6.57527e-22)
(3.03889 -0.0825754 1.02285e-21)
(2.87203 0.23402 -1.98537e-21)
(2.71659 0.225841 6.67469e-22)
(2.93037 -0.0763348 -2.33499e-22)
(2.82173 -0.0710574 -1.86562e-22)
(2.71827 -0.0614164 -6.28855e-22)
(2.48783 -0.0494815 3.0794e-21)
(2.52687 -0.268132 -2.91154e-21)
(2.53064 -0.16241 -2.92109e-21)
(2.45673 -0.0719189 -2.37792e-20)
(2.48618 -0.521672 0)
(2.50868 -0.396698 5.76846e-21)
(2.62622 -0.149473 2.99257e-22)
(2.67349 -0.267761 -1.68168e-21)
(2.69897 -0.174177 -1.27118e-22)
(2.59702 -0.170361 9.14844e-21)
(2.59262 -0.421844 -1.02681e-21)
(2.63358 -0.383117 4.43484e-21)
(2.7367 -0.135531 1.21347e-21)
(2.80423 -0.285845 -3.00268e-21)
(2.83292 -0.175917 -7.2807e-22)
(2.6852 -0.147713 -1.9419e-21)
(2.72327 -0.664666 -2.66118e-22)
(2.76167 -0.455786 1.20218e-21)
(1.28964 -1.03094 -1.10319e-20)
(1.36682 -1.03179 0)
(1.45741 -1.25813 0)
(0.886236 -0.883344 -4.6682e-20)
(0.784659 -0.987605 5.44264e-20)
(0.984374 -1.03786 -1.6391e-22)
(0.797504 -0.387378 0)
(0.543832 -0.616115 -1.42809e-19)
(0.799063 -0.559376 1.50798e-20)
(0.824312 -0.00553684 2.79985e-20)
(0.590113 0.0683725 -2.35889e-20)
(0.709938 0.145636 2.44539e-21)
(1.03675 0.423545 -5.42516e-20)
(0.856996 0.516752 6.62858e-21)
(0.50908 0.552178 -7.78273e-21)
(1.20557 0.786482 2.17284e-20)
(1.01433 1.07523 -1.02717e-20)
(0.819712 1.01641 -8.16411e-21)
(1.48419 1.10142 0)
(1.35851 1.37859 0)
(1.36551 1.08054 9.11421e-21)
(1.73148 1.34542 1.2216e-20)
(2.03263 1.10169 1.01202e-20)
(1.85131 1.08657 -9.9044e-22)
(2.91765 -0.205479 2.15452e-21)
(3.01074 -0.304197 1.96749e-22)
(3.01476 -0.206137 -2.41287e-23)
(2.91854 -0.261288 0)
(2.92068 -0.659079 0)
(2.97716 -0.45398 -4.74563e-22)
(1.86942 -1.40964 -3.12234e-20)
(2.22027 -1.15508 2.91431e-21)
(2.16149 -1.53672 3.88386e-20)
(1.75837 1.63982 0)
(2.12223 1.47537 1.95353e-20)
(2.08884 1.29003 7.3677e-21)
(2.81451 0.0779075 -9.78031e-24)
(2.86603 0.142725 6.6653e-24)
(2.84606 0.291783 2.46694e-22)
(3.11375 -0.250043 3.05151e-23)
(3.22012 -0.324385 0)
(3.21776 -0.197479 -1.22787e-22)
(3.09979 -0.313517 1.38299e-22)
(3.15756 -0.639321 3.01285e-21)
(3.2105 -0.436282 0)
(2.49552 -1.47364 -2.03578e-20)
(2.77952 -1.5047 3.81916e-20)
(2.89673 -1.51511 3.50878e-20)
(2.36205 1.82295 -1.71999e-20)
(2.77114 1.54976 3.29643e-20)
(2.70736 1.48624 -4.6206e-20)
(2.9255 0.09801 -3.95823e-22)
(2.9901 0.132924 -1.05229e-22)
(2.97669 0.284452 2.25389e-22)
(3.32223 -0.255828 -2.44164e-21)
(3.42357 -0.289371 -2.02568e-21)
(3.42469 -0.179914 1.47519e-21)
(3.33238 -0.374165 0)
(3.40677 -0.554303 0)
(3.41972 -0.417538 1.25991e-21)
(3.17918 -1.46475 -1.17329e-20)
(3.43098 -1.54713 5.08379e-21)
(3.44826 -1.34156 1.17672e-20)
(3.03231 1.38225 -2.99707e-21)
(3.27069 1.23841 0)
(3.26137 1.48281 2.61558e-21)
(3.05831 0.0872457 2.51961e-22)
(3.11533 0.116576 -2.61941e-22)
(3.11932 0.240624 1.51118e-21)
(3.52611 -0.228618 7.74581e-22)
(3.6308 -0.252194 3.34014e-21)
(3.61823 -0.149229 -3.44768e-21)
(3.55729 -0.364036 8.77041e-22)
(3.65654 -0.471509 -8.79113e-22)
(3.64739 -0.365843 -1.00021e-21)
(3.73571 -0.798039 0)
(3.92685 -0.762756 -2.35748e-20)
(3.81485 -0.828955 2.37844e-20)
(3.7735 -1.49692 -8.15773e-20)
(3.95575 -1.65947 0)
(3.91554 -1.26431 2.43018e-20)
(3.47473 1.25397 -2.53802e-20)
(3.66797 1.27909 -1.6256e-20)
(3.76385 1.46637 4.74366e-19)
(3.39089 1.15916 2.0333e-20)
(3.56963 0.845145 -6.06915e-21)
(3.66891 0.847137 2.66861e-20)
(3.17917 0.0871061 5.48976e-22)
(3.22978 0.100791 0)
(3.24485 0.194245 -2.76385e-21)
(3.72403 -0.195879 1.05566e-21)
(3.81334 -0.181271 6.19616e-22)
(3.79157 -0.107866 2.94951e-22)
(3.78584 -0.352871 2.03002e-20)
(3.87776 -0.326146 -4.4276e-20)
(3.83947 -0.290611 -6.62575e-22)
(4.05841 -0.740694 5.58041e-20)
(4.23253 -0.573551 0)
(4.12307 -0.59872 0)
(3.66321 0.871714 -7.55471e-21)
(3.7697 0.651455 6.73492e-20)
(3.90651 0.64017 -1.41795e-19)
(3.28197 0.082395 -3.97015e-22)
(3.32998 0.0779528 1.51362e-21)
(3.34225 0.146225 -8.79719e-22)
(3.88895 -0.145843 -6.20168e-22)
(3.95081 -0.0933708 0)
(3.92616 -0.0480505 -6.99365e-22)
(3.96695 -0.276206 -5.15079e-20)
(4.03828 -0.189636 -1.0912e-20)
(3.98732 -0.188251 1.26417e-20)
(4.38172 -0.383753 7.17835e-20)
(4.42648 -0.306596 -1.92996e-20)
(4.26817 -0.399966 1.84524e-20)
(3.88065 0.568617 6.03407e-20)
(3.93788 0.374427 0)
(4.12354 0.269658 2.20738e-21)
(3.37257 0.0484626 2.34944e-22)
(3.40871 0.0412773 -5.05573e-22)
(3.41 0.0892987 1.08605e-21)
(4.00659 -0.0598488 0)
(4.03437 -0.0252126 -5.64123e-21)
(4.01331 0.0130558 -1.92392e-21)
(4.09184 -0.148368 -2.66928e-20)
(4.13217 -0.0432581 -1.75628e-21)
(4.07261 -0.0632485 4.86618e-21)
(4.4291 -0.129718 0)
(4.45445 0.048077 0)
(4.33187 -0.0917062 0)
(3.94038 0.276331 -6.51555e-21)
(3.95132 0.182884 -1.43114e-19)
(4.10213 0.0407848 -3.10226e-20)
(3.44348 0.0117814 0)
(3.46815 0.00638352 -3.06945e-22)
(3.47214 0.0326382 -1.4612e-21)
(4.06135 0.0481927 2.88609e-21)
(4.0608 0.078908 0)
(4.04108 0.0713041 0)
(4.13412 0.0125278 2.21911e-20)
(4.12878 0.0961623 3.19903e-21)
(4.08659 0.0748901 5.64352e-21)
(4.45144 0.10771 1.56234e-20)
(4.41876 0.176758 2.60987e-19)
(4.28572 0.0684695 -1.50644e-19)
(3.96852 -0.0166496 6.06539e-20)
(3.96237 -0.0735253 0)
(4.09114 -0.17016 1.17373e-19)
(3.49214 -0.0229933 5.77984e-22)
(3.49795 -0.0394118 5.57175e-22)
(3.5075 -0.0388715 0)
(4.05458 0.087005 2.86109e-21)
(4.04251 0.133829 2.95951e-21)
(4.03032 0.117944 2.84702e-21)
(4.1233 0.0732409 -7.85693e-20)
(4.09635 0.210622 -1.25833e-20)
(4.06202 0.119405 -6.0291e-21)
(4.37636 0.243424 -1.39589e-19)
(4.35448 0.317432 -1.49528e-20)
(4.24128 0.226982 0)
(3.29684 0.102373 6.96415e-19)
(3.44101 0.299902 5.25807e-20)
(4.26516 0.472054 -1.1871e-19)
(3.98329 -0.377364 -9.50072e-21)
(3.89717 -0.670939 9.15635e-21)
(3.02275 -0.385552 5.79456e-19)
(3.92302 -0.191082 6.76218e-20)
(3.8818 -0.291841 -9.95047e-21)
(3.98135 -0.3952 3.10858e-20)
(3.49541 -0.0497382 5.6831e-22)
(3.48964 -0.0583777 9.00526e-22)
(3.49583 -0.0981484 -1.19648e-21)
(4.03766 0.147352 0)
(4.02763 0.19081 0)
(4.00239 0.152317 -8.43818e-21)
(4.07792 0.100335 3.25398e-20)
(4.03892 0.278897 1.38251e-20)
(4.03476 0.19886 0)
(3.40946 0.384779 0)
(3.39971 0.406623 -2.16011e-20)
(4.09999 0.583297 -2.83572e-20)
(3.76243 -0.783581 -1.33762e-19)
(3.6626 -0.762397 8.29985e-20)
(2.82756 -0.488761 -2.65638e-20)
(3.80953 -0.363642 5.91814e-20)
(3.7033 -0.442213 0)
(3.77421 -0.495377 -2.77041e-20)
(3.47969 -0.0695393 -1.99026e-23)
(3.47178 -0.0753535 -1.77748e-21)
(3.47115 -0.135222 2.96844e-22)
(4.00834 0.191721 -2.93048e-21)
(3.96909 0.243349 -9.61285e-23)
(3.94285 0.192843 -2.63203e-21)
(4.02859 0.206685 5.58304e-21)
(3.99008 0.314659 5.00456e-21)
(3.9923 0.232531 7.05421e-22)
(3.44404 0.411585 -1.94642e-20)
(3.53227 0.45471 4.0037e-20)
(4.02936 0.502834 0)
(0.0760467 -0.0196068 3.29069e-20)
(0.179014 -0.182239 -1.79254e-20)
(1.5418 0.3065 2.24594e-20)
(1.20492 -0.538284 2.21006e-20)
(1.37163 -0.431022 -4.9478e-20)
(0.549109 -0.121446 -2.25353e-20)
(3.48829 -0.692335 -4.74103e-20)
(3.53995 -0.690981 3.30643e-22)
(2.9524 -0.526854 -1.1377e-20)
(3.459 -0.0881465 1.15909e-21)
(3.43755 -0.0913331 1.1408e-21)
(3.43968 -0.158651 -2.2471e-21)
(3.95646 0.230451 5.26907e-21)
(3.92826 0.28045 -2.60202e-21)
(3.87832 0.228174 0)
(3.97392 0.240892 0)
(3.93639 0.330596 0)
(3.94326 0.259318 -2.6175e-21)
(0.489564 -0.198862 9.23357e-21)
(0.115949 -0.258686 8.88917e-21)
(2.40433 0.381249 0)
(-0.0422857 -0.206032 7.14286e-21)
(0.0270598 -0.393736 0)
(0.119759 -0.254674 -8.95215e-21)
(0.358586 -0.20918 -1.09742e-20)
(0.107173 -0.0500637 0)
(0.0266083 -0.165658 0)
(1.65782 -0.403206 2.27405e-20)
(2.17918 -0.560896 -1.16053e-22)
(0.501744 -0.0405831 -4.69243e-20)
(3.41651 -0.0986996 0)
(3.3909 -0.0973945 1.00973e-21)
(3.40061 -0.168202 4.239e-21)
(3.9176 0.263432 9.98664e-21)
(3.88779 0.313636 0)
(3.8051 0.266445 2.41782e-21)
(3.92014 0.270019 -1.55938e-23)
(3.88608 0.351764 -4.84535e-21)
(3.90046 0.280406 4.86451e-21)
(0.197327 -0.48971 -8.83315e-21)
(0.379213 -0.524239 0)
(0.494026 -0.41868 -1.73312e-20)
(0.148595 -0.809639 -5.857e-20)
(0.183249 -0.890876 -9.00654e-22)
(0.337787 -0.777235 -3.70283e-20)
(0.0275817 -1.11952 4.45708e-20)
(0.0147802 -1.1336 1.10178e-20)
(0.125617 -1.04572 0)
(-0.0645342 -1.24697 -3.24768e-19)
(-0.0384245 -1.214 -8.21679e-20)
(-0.0166035 -1.18804 0)
(0.0460266 -1.21402 -2.86068e-24)
(-0.0682632 -1.13954 3.75762e-20)
(-0.0563653 -1.2151 0)
(0.0533957 -1.01566 -1.7575e-20)
(-0.0277977 -0.923658 -4.30628e-20)
(-0.0729377 -1.04745 5.35101e-21)
(0.0904975 -0.63281 8.88991e-20)
(0.0303875 -0.673998 3.25845e-20)
(-0.335405 -0.733529 2.20202e-20)
(-0.0660589 -0.38708 5.39104e-20)
(-0.0811169 -0.445696 -3.25875e-20)
(-0.338154 -0.498849 -3.23277e-20)
(0.259726 -0.297705 4.38529e-20)
(0.185972 -0.314353 -5.52192e-20)
(-0.138063 -0.361288 0)
(3.36412 -0.100861 -2.95001e-21)
(3.33376 -0.096743 -8.79727e-22)
(3.35162 -0.166821 -9.6441e-22)
(3.87648 0.282226 -4.78201e-21)
(3.84561 0.316107 2.38257e-21)
(3.70194 0.265635 0)
(3.87924 0.288919 2.36944e-21)
(3.85419 0.365223 0)
(3.86464 0.301311 0)
(0.176778 -1.06201 -1.06651e-20)
(0.202969 -1.1378 -1.16184e-20)
(0.375839 -0.953491 5.35396e-22)
(-0.0535295 -1.2292 2.17317e-20)
(0.0523685 -1.25807 -2.51803e-20)
(0.0905986 -1.21852 0)
(-0.265086 -0.950943 4.27603e-20)
(-0.29492 -1.12919 -5.74369e-21)
(-0.291835 -1.17406 2.36669e-20)
(-0.170069 -0.798348 2.10642e-20)
(0.00646071 -0.903027 -1.07179e-20)
(-0.501766 -0.939516 -1.08713e-20)
(3.30357 -0.0955968 9.04993e-22)
(3.27299 -0.0897892 0)
(3.29325 -0.157031 0)
(3.24454 -0.0909375 0)
(3.21735 -0.0825666 -7.04946e-22)
(3.23918 -0.145179 1.37651e-21)
(3.18829 -0.0804105 0)
(3.15971 -0.0750679 5.87761e-22)
(3.1892 -0.123936 6.09921e-22)
(3.72326 -2.017 -5.94617e-18)
(2.77828 -1.69825 2.64403e-18)
(-1.117 -0.538988 0)
(-1.41037 -0.839856 0)
(2.62541 -2.36263 -3.11226e-18)
(2.15038 -1.9458 -1.80132e-19)
(-0.506005 -0.387384 4.13055e-18)
(-0.487592 -0.415049 6.205e-20)
(1.44874 -2.08458 -4.7439e-20)
(1.19945 -1.7787 -1.69146e-18)
(-0.142814 -0.161337 -1.73501e-18)
(-0.0725216 -0.0714511 1.24563e-21)
(0.294289 -0.798656 -1.2647e-18)
(0.200222 -0.742404 1.19129e-18)
(0.149405 -0.31098 0)
(0.0725778 -0.305468 -3.8072e-20)
(-0.0355634 -1.23937 7.24627e-24)
(-0.00631292 -0.75091 -1.50744e-20)
(0.134111 0.643073 1.21454e-18)
(0.0960816 0.561523 -1.16168e-18)
(0.126792 -1.12491 4.86507e-19)
(0.094744 -0.751123 -1.58678e-20)
(0.499464 1.24234 1.21019e-18)
(0.356764 1.14616 0)
(0.174844 -0.420649 9.01019e-18)
(0.127942 -0.26295 -2.22068e-18)
(4.10674 1.28751 3.31417e-18)
(3.01159 1.14128 -1.3802e-19)
(4.08833 0.62666 -5.88291e-20)
(2.63127 0.481264 2.06071e-18)
(3.63856 0.258829 7.39484e-21)
(1.58855 -0.00460779 0)
(1.43924 0.105731 -3.24897e-18)
(0.28277 -0.200426 -5.909e-21)
(-1.28853 0.609174 -4.64266e-18)
(-1.4913 0.834707 4.92e-18)
(2.08661 0.0153343 0)
(1.09548 0.00144858 0)
(2.2281 0.0132386 0)
(1.18382 0.00162907 0)
(2.35007 0.0103659 0)
(1.25825 2.58105e-05 0)
(2.45254 0.00657109 0)
(1.30397 -0.0018635 0)
(2.52851 0.000936746 0)
(1.31809 -0.00267195 0)
(2.5546 -0.00900089 0)
(1.29616 -0.00374303 0)
(2.53224 -0.0151759 0)
(1.21618 -0.00682277 0)
(2.45859 -0.0240358 0)
(1.08972 -0.0102229 0)
(2.30531 -0.0302095 0)
(0.919871 -0.00891988 0)
(2.09185 -0.0314855 0)
(0.74421 -0.00579937 0)
(1.84313 -0.0315141 0)
(0.581024 -0.00382731 0)
(1.5635 -0.0305989 0)
(0.429991 -0.00215979 0)
(1.26714 -0.0283803 0)
(0.292316 -0.000983316 0)
(0.995876 -0.0230645 0)
(0.171729 -0.000675816 0)
(0.76989 -0.0178047 0)
(0.0738736 -0.000891948 0)
(0.583434 -0.0132921 0)
(-0.00352941 -0.000331336 0)
(4.55927 -1.0173 -1.05674e-19)
(3.33648 -0.96113 -2.68575e-19)
(4.41291 -0.312849 6.0705e-20)
(2.83649 -0.295796 -1.10166e-18)
(3.60647 -0.019404 1.8164e-18)
(1.36006 0.0749687 -1.83339e-18)
(0.248157 -0.35195 0)
(-0.0853232 0.0133478 -1.03486e-19)
(3.24328 -2.16392 -5.48452e-18)
(2.57047 -1.84288 -1.84778e-19)
(2.03438 -2.20667 0)
(1.69694 -1.93822 1.70966e-20)
(-0.202277 -0.16545 3.84696e-18)
(-0.175911 -0.170731 -2.31558e-21)
(1.14741 -1.7332 8.59186e-20)
(0.832255 -1.55603 1.48536e-18)
(0.704157 -1.55844 4.09872e-20)
(0.598739 -1.3397 0)
(0.469108 -1.13983 1.10049e-18)
(0.33779 -1.04351 0)
(0.13574 -0.538364 -1.16723e-18)
(0.0791341 -0.483926 3.82432e-20)
(-0.146322 -1.00996 2.34104e-18)
(-0.0569372 -0.329209 -1.90541e-20)
(0.165987 0.381175 0)
(0.0702131 0.380427 0)
(0.354209 0.880633 -1.02173e-19)
(0.206821 0.836524 0)
(0.727355 1.63423 1.54009e-20)
(0.615924 1.40345 4.97569e-20)
(4.11602 0.444506 8.95367e-19)
(2.48672 0.266561 -1.00677e-18)
(3.13499 -0.0336724 0)
(0.717051 -0.082949 0)
(2.18422 0.0187143 0)
(1.15795 0.00258324 0)
(2.31468 0.0153143 0)
(1.23731 0.00201725 0)
(2.42072 0.0119438 0)
(1.29443 -0.000999993 0)
(2.50457 0.00559264 0)
(1.31951 -0.00291749 0)
(2.55452 -0.00183966 0)
(1.31262 -0.00279344 0)
(2.54841 -0.0108454 0)
(1.26212 -0.00535276 0)
(2.49726 -0.0177126 0)
(1.15971 -0.0085479 0)
(2.38401 -0.0286546 0)
(1.00391 -0.0102427 0)
(2.19738 -0.0319394 0)
(0.8281 -0.00788285 0)
(1.96644 -0.0320054 0)
(0.659094 -0.00499548 0)
(1.70027 -0.0310772 0)
(0.502217 -0.00336582 0)
(1.411 -0.029808 0)
(0.357923 -0.00165407 0)
(1.12305 -0.0260676 0)
(0.22826 -0.000896564 0)
(0.874882 -0.020522 0)
(0.119471 -0.000868888 0)
(0.672063 -0.0154229 0)
(0.0324946 -0.000912149 0)
(0.500721 -0.0117912 0)
(-0.0341406 0.000194738 0)
(1.7272 -0.0220239 0)
(0.862974 -0.00390409 0)
(1.92825 -0.0205366 0)
(1.01597 -0.00452104 0)
(2.12583 -0.0307584 0)
(1.17759 -0.00577333 0)
(2.34199 -0.0286852 0)
(1.34835 -0.00538446 0)
(2.58336 -0.031406 0)
(1.52673 -0.0048804 0)
(2.81709 -0.0260377 0)
(1.68636 -0.00213481 0)
(3.00636 -0.0208001 0)
(1.80487 0.000402482 0)
(3.16367 -0.00991856 0)
(1.86872 0.00666563 0)
(3.26632 0.00192215 0)
(1.85228 0.00784826 0)
(3.25981 0.0228014 0)
(1.74265 0.0129071 0)
(3.16933 0.0443145 0)
(1.51136 0.0239709 0)
(2.91759 0.0596984 0)
(1.13525 0.0228191 0)
(2.52727 0.0633878 0)
(0.779222 0.0137542 0)
(1.9797 0.0712388 0)
(0.447242 0.00420496 0)
(1.22319 0.0773224 0)
(0.160174 -0.00566005 0)
(0.473007 0.0696477 0)
(-0.163634 -0.0185962 0)
(-0.554551 0.0497069 0)
(-0.301528 0.0109362 0)
(4.38524 -1.38488 -3.49109e-18)
(3.25578 -1.14836 2.47397e-19)
(4.08991 -1.74887 2.09023e-19)
(3.08537 -1.40398 -8.38062e-18)
(4.65449 -0.883782 -3.98587e-18)
(3.25122 -0.581104 4.74842e-18)
(4.43598 -0.137933 1.89603e-19)
(2.57135 -0.0621231 2.25824e-19)
(2.90447 0.198735 -1.60468e-18)
(0.368809 0.113107 1.71336e-18)
(-1.53239 -0.649799 -4.6945e-18)
(-1.63198 -0.994473 4.70854e-18)
(-1.86519 -0.877733 -4.13076e-18)
(-0.980823 -0.713422 0)
(-0.0826865 -0.319553 -1.83244e-18)
(0.00772744 0.0677161 1.10099e-19)
(0.187959 -0.735569 0)
(0.148855 -0.49916 -5.79134e-20)
(1.14922 1.7846 -1.43662e-19)
(0.83104 1.57666 -1.23768e-18)
(1.44251 2.07949 0)
(1.19926 1.7766 -3.43158e-20)
(2.00157 2.19826 0)
(1.64215 1.89035 8.45814e-19)
(2.56222 2.29308 0)
(2.04302 1.86062 -3.32873e-20)
(0.00990497 -0.147147 -4.89468e-18)
(-0.160918 0.112077 4.91083e-18)
(3.11684 2.10309 0)
(2.40842 1.72427 0)
(3.53141 1.92602 2.88111e-18)
(2.57894 1.56751 0)
(-0.942489 0.402295 4.01258e-18)
(-1.22646 0.694651 2.55898e-19)
(1.845 -0.0297168 0)
(0.953077 -0.00623933 0)
(2.02708 -0.0284483 0)
(1.08725 -0.00706745 0)
(2.23513 -0.0336042 0)
(1.25982 -0.00573049 0)
(2.46571 -0.0349097 0)
(1.43735 -0.00591629 0)
(2.69197 -0.0289879 0)
(1.60793 -0.00325953 0)
(2.89965 -0.022595 0)
(1.74309 -0.00184079 0)
(3.08044 -0.0144603 0)
(1.84363 0.00155599 0)
(3.21374 -0.00064766 0)
(1.86551 0.00581228 0)
(3.27167 0.0178336 0)
(1.81792 0.00828695 0)
(3.2281 0.0320724 0)
(1.64327 0.0165471 0)
(3.05337 0.0544101 0)
(1.31788 0.0285177 0)
(2.72922 0.0616418 0)
(0.951345 0.0180561 0)
(2.26777 0.0658773 0)
(0.609133 0.0110165 0)
(1.6275 0.0733308 0)
(0.294709 -0.0041269 0)
(0.785171 0.0744833 0)
(-0.0109521 0.00143778 0)
(-0.0396488 0.0598641 0)
(-0.203218 -0.030961 0)
(-0.74423 0.0292392 0)
(-0.465331 0.0391115 0)
(-0.571383 -0.196127 4.50673e-18)
(-0.889612 -0.594417 -9.28551e-18)
(-0.120164 -0.180726 -1.02706e-20)
(-0.00310715 0.0275627 3.84636e-18)
(-0.0954643 -0.595918 5.55434e-20)
(-0.0271818 -0.0584129 1.85312e-18)
(-0.0723248 -1.21546 -2.33016e-21)
(-0.0430978 -0.605213 5.73977e-19)
(0.0358347 -1.21527 -7.24484e-24)
(0.0536777 -0.767767 2.52715e-19)
(0.165868 -0.965196 -2.29682e-18)
(0.145955 -0.687136 -1.15464e-18)
(0.205495 -0.578401 -1.93027e-18)
(0.145774 -0.37456 -6.01015e-20)
(0.137626 -0.285609 4.28069e-18)
(0.0699023 -0.126878 -2.12408e-18)
(0.103233 -0.192779 4.73421e-18)
(0.0228699 -0.0457206 -4.78821e-18)
(-0.452766 0.0688206 0)
(-0.687864 0.435682 0)
(3.87818 1.63112 6.62814e-20)
(2.87121 1.31281 0)
(4.2011 1.16769 0)
(2.97994 0.806364 1.36167e-19)
(-1.41001 0.597235 3.59426e-18)
(-0.257922 0.346104 0)
(-1.45329 0.558742 3.16586e-20)
(-1.58089 0.862266 4.99222e-18)
(3.63647 0.257643 2.94547e-21)
(3.83477 0.36181 -3.28006e-23)
(3.84964 0.404457 -2.68429e-23)
(3.91294 0.409208 -1.00367e-21)
(3.90079 0.428566 1.86357e-20)
(3.46889 0.217964 -1.06285e-21)
(3.77744 0.382702 -4.37953e-21)
(3.79741 0.453331 -3.38807e-20)
(3.89695 0.478595 3.5844e-20)
(3.91527 0.640579 0)
(2.52997 0.198541 -6.6205e-22)
(2.39212 0.173897 0)
(2.19512 0.133327 0)
(2.0259 0.101451 -2.27117e-21)
(3.82552 0.281685 1.12786e-21)
(3.78545 0.304872 2.24006e-21)
(3.55697 0.224826 -1.16581e-21)
(3.84725 0.310401 2.26789e-21)
(3.8121 0.380843 -1.78939e-20)
(3.82058 0.306399 -4.54993e-21)
(3.75262 0.268373 0)
(3.69044 0.300053 4.12995e-21)
(3.35989 0.207835 -1.01619e-21)
(3.79882 0.317509 -2.16284e-21)
(3.74812 0.43188 4.26465e-21)
(3.75706 0.339827 2.13376e-21)
(-0.846967 0.00862555 0)
(-0.647857 0.0377888 0)
(-0.905953 -0.0249402 0)
(-0.767062 0.0294199 0)
(-0.892913 -0.0127776 0)
(-0.733206 0.0316041 0)
(-0.842222 -0.0357163 0)
(-0.769281 0.0172349 0)
(1.52648 -0.107442 0)
(1.50118 0.0199877 7.90401e-22)
(1.52534 0.187791 -2.47131e-20)
(1.59897 0.328167 0)
(1.71443 0.4239 -1.08296e-20)
(1.85039 0.454009 -1.79409e-20)
(1.31984 0.0114045 -7.90771e-21)
(1.35327 0.245279 5.21492e-20)
(1.43962 0.430573 1.09276e-20)
(1.62934 0.569409 3.00301e-20)
(1.8028 0.707056 3.35098e-20)
(2.13381 -0.407362 -5.02134e-20)
(2.02324 -0.358334 6.17005e-22)
(1.83199 -0.525833 0)
(1.73495 -0.285464 1.13727e-20)
(1.57839 -0.324813 -1.12807e-20)
(1.99634 -0.6625 3.71e-20)
(1.90767 -0.399145 -1.85115e-20)
(1.59996 -0.612463 1.08543e-20)
(1.47585 -0.327873 4.33066e-20)
(1.35333 -0.208021 2.05744e-20)
(2.28046 -0.0228815 -4.0134e-21)
(2.24888 -0.0327847 -2.51567e-22)
(2.2025 -0.0736947 -2.01398e-21)
(2.31211 -0.0437409 0)
(2.281 -0.081819 7.13604e-21)
(2.21676 -0.359447 1.94885e-21)
(2.41985 -0.0552699 3.37625e-21)
(2.39386 -0.0837376 -4.46459e-22)
(2.32268 -0.177163 -3.60055e-21)
(2.22891 -0.386599 3.27865e-20)
(2.29761 -0.424637 2.33776e-20)
(2.17177 -0.547336 -2.97374e-20)
(2.10486 -0.0168202 3.4127e-23)
(2.13671 -0.0511051 -1.61992e-23)
(2.16073 -0.0291192 1.6048e-23)
(2.21828 -0.0647031 0)
(2.27117 -0.0289885 0)
(2.32509 -0.0546858 -1.7792e-21)
(2.27177 0.00199854 3.94481e-21)
(2.27994 -0.134027 3.72655e-21)
(2.29336 -0.0978247 -3.78857e-21)
(2.22058 -9.1294e-06 8.0818e-21)
(2.22467 -0.20308 0)
(2.25207 -0.165016 0)
(2.3057 -0.0382916 -7.40017e-21)
(2.35186 -0.234494 -3.55623e-21)
(2.3489 -0.140026 3.62029e-21)
(2.27345 -0.121918 -7.61903e-21)
(2.2973 -0.324894 0)
(2.33617 -0.285095 6.69469e-22)
(2.41766 -0.0465829 -3.31966e-21)
(2.43395 -0.198458 6.51621e-21)
(2.45977 -0.124438 1.61993e-21)
(2.34877 -0.0820533 1.43176e-20)
(2.35179 -0.335398 -1.6389e-21)
(2.4 -0.273946 -6.51021e-21)
(1.30299 -0.0100721 0)
(0.572362 -9.60412e-05 0)
(1.42937 -0.0147622 0)
(0.653499 -0.00177116 0)
(1.57179 -0.0134495 0)
(0.752518 -0.00142285 0)
(1.39159 -0.0198042 0)
(0.623276 -0.00351617 0)
(1.52972 -0.0223521 0)
(0.722211 -0.00433073 0)
(1.67195 -0.023731 0)
(0.819531 -0.00433525 0)
(2.0078 0.0286378 7.0845e-20)
(2.00268 0.0148011 1.65588e-20)
(2.0008 0.0084128 4.20662e-21)
(2.0006 0.00591441 -6.551e-21)
(2.00035 0.00423679 2.46035e-21)
(2.0002 0.003452 9.53166e-22)
(2.00007 0.00310814 -5.31532e-22)
(2.00003 0.00276899 6.53533e-23)
(2.00006 0.00234895 1.10409e-21)
(2.00002 0.00204822 0)
(2.00004 0.00245896 5.36258e-22)
(2.00001 0.00245393 -5.63056e-23)
(2.00012 0.00207352 -2.00052e-22)
(2.00006 0.00197383 -4.0407e-22)
(2.00009 0.00188529 0)
(2.00027 0.000990133 1.37069e-21)
(2.00009 0.00129681 1.04448e-21)
(2.00029 0.000220234 -1.54906e-21)
(2.00067 -0.00111581 -2.12412e-21)
(2.0009 0.00188832 2.14384e-21)
(2.00112 0.00109323 4.26868e-21)
(2.00204 -0.00302602 -2.52876e-20)
(2.00388 -0.0220059 -2.51953e-20)
(2.02043 -0.0414593 -5.88977e-20)
(2.03169 0.0427018 -1.77147e-20)
(2.01229 0.0292401 -1.7673e-20)
(2.00595 0.015904 -8.7979e-21)
(2.00316 0.0116438 0)
(2.00181 0.00865887 0)
(2.00105 0.00711746 -2.18719e-21)
(2.00055 0.00625117 -1.08914e-21)
(2.0004 0.00535738 -5.4478e-22)
(2.00013 0.00527959 -1.05548e-21)
(1.99998 0.00483988 -7.60569e-22)
(2.00024 0.00497516 0)
(2.00017 0.00472512 1.33041e-22)
(2.00019 0.00477122 -2.61484e-22)
(2.00028 0.00427528 1.65896e-22)
(2.00049 0.00386298 -7.50655e-26)
(2.00092 0.00245821 -1.08391e-21)
(2.00116 0.00438173 -1.0614e-21)
(2.00167 0.000256138 2.15591e-21)
(2.00279 -0.00295829 -2.13514e-21)
(2.00415 -0.00232698 4.2591e-21)
(2.00693 -0.00331602 8.48098e-21)
(2.01079 -0.0136614 1.70048e-20)
(2.02041 -0.0376687 -1.68779e-20)
(2.05308 -0.0491335 -9.25005e-21)
(2.05226 0.0449877 1.11332e-21)
(2.02475 0.0355392 5.32507e-20)
(2.01284 0.0190326 -4.3767e-21)
(2.00709 0.014938 -1.08997e-21)
(2.00471 0.011525 -4.61968e-21)
(2.0029 0.00942038 2.17876e-21)
(2.00153 0.00866909 2.17054e-21)
(2.00079 0.00739213 -2.96946e-24)
(2.00049 0.00743109 -5.36423e-22)
(2.00033 0.00705968 2.59961e-22)
(2.00032 0.00672998 -1.33615e-21)
(2.00043 0.00663393 0)
(2.00063 0.00648743 2.67628e-22)
(2.00103 0.00551145 1.59656e-21)
(2.00173 0.00550836 -3.20102e-21)
(2.00305 0.00397212 4.24701e-21)
(2.00342 0.00474033 -1.06294e-21)
(2.0043 0.000651172 2.10492e-21)
(2.00713 -0.00637703 2.10402e-21)
(2.0119 0.000339351 -1.77597e-20)
(2.01781 0.00285319 -6.294e-21)
(2.02595 -0.0156138 2.10615e-21)
(2.03834 -0.0401617 -6.3549e-20)
(2.0644 -0.0507836 -1.99147e-20)
(2.06551 0.0407648 -5.54719e-22)
(2.03536 0.0353644 0)
(2.01859 0.0244794 8.87795e-21)
(2.01251 0.0170683 8.79896e-21)
(2.0073 0.0141866 4.40239e-21)
(2.00414 0.0115344 -4.40868e-21)
(2.00263 0.00981361 4.40505e-21)
(2.00134 0.0085874 2.19121e-21)
(2.00058 0.00803306 0)
(2.00031 0.00832155 1.5698e-24)
(2.00031 0.008629 1.60251e-21)
(2.00054 0.00861686 0)
(2.00107 0.00857281 1.05932e-21)
(2.00178 0.00840314 -1.08234e-21)
(2.00255 0.00758089 0)
(2.00431 0.00516065 -2.14888e-21)
(2.0056 0.00600622 0)
(2.00765 0.000107567 -1.70389e-20)
(2.01212 0.00384464 -1.69374e-20)
(2.01524 -0.0205526 3.38776e-20)
(2.02535 -0.0317077 1.68906e-20)
(2.04043 -0.0307096 1.69251e-20)
(2.05339 -0.0358804 -1.05445e-20)
(2.06309 -0.044207 5.48941e-22)
(2.07257 0.0337479 0)
(2.04373 0.0308164 -1.33002e-20)
(2.02466 0.0151132 1.25028e-21)
(2.01488 0.0156697 -3.54139e-20)
(2.00974 0.0123266 0)
(2.00601 0.01065 0)
(2.00359 0.00955515 -4.409e-21)
(2.00205 0.0101995 -4.40164e-21)
(2.00081 0.00949629 2.18221e-21)
(2.00018 0.00902389 -2.15011e-21)
(2.00019 0.00940583 1.0556e-21)
(2.00045 0.00902683 2.62055e-22)
(2.00107 0.0094395 1.81227e-21)
(2.00201 0.00906193 1.0685e-21)
(2.0032 0.00992021 2.14719e-21)
(2.00487 0.0077434 0)
(2.00781 0.00372893 0)
(2.01187 0.00361117 1.27584e-20)
(2.01657 -0.00574165 2.54224e-20)
(2.02006 0.00866391 -1.27414e-20)
(2.02997 -0.000475515 -1.48494e-20)
(2.05215 -0.00908954 -1.90436e-20)
(2.06495 -0.0315206 0)
(2.05269 -0.037353 0)
(2.0756 0.0275754 -1.37982e-22)
(2.04864 0.0251194 7.74356e-21)
(2.02923 0.0226696 7.7625e-21)
(2.01951 0.0135944 8.89402e-21)
(2.01191 0.0122632 -8.84313e-21)
(2.00762 0.0106988 0)
(2.00404 0.00908361 0)
(2.00213 0.00766842 0)
(2.0009 0.00836929 2.14337e-21)
(1.99994 0.0085105 -2.18528e-21)
(1.99977 0.00864024 -1.07833e-21)
(2.00008 0.012026 -6.67866e-23)
(2.00096 0.0108899 -5.9022e-26)
(2.00262 0.0108942 0)
(2.00404 0.00853136 -4.30612e-21)
(2.00641 0.00887946 8.50177e-21)
(2.01053 0.00723641 0)
(2.01562 0.0032374 0)
(2.01907 0.000451813 -1.69693e-20)
(2.02978 -0.0140903 8.41221e-21)
(2.03921 -0.0242061 -2.09793e-21)
(2.05504 -0.0202629 9.97131e-21)
(2.07109 -0.0268916 6.27375e-21)
(2.03814 -0.033804 0)
(2.0773 0.0206009 0)
(2.05149 0.0209415 0)
(2.03209 0.00632892 -8.33848e-21)
(2.02235 0.0137121 8.88144e-21)
(2.01538 0.00956361 1.10858e-20)
(2.00943 0.00679232 -2.21277e-21)
(2.00538 0.00708033 0)
(2.00199 0.00730451 -1.06474e-20)
(2.00049 0.00877137 2.13191e-21)
(1.99936 0.00972093 5.45323e-21)
(1.99884 0.0110894 -1.09393e-21)
(1.99912 0.00607946 1.35484e-22)
(2.00037 0.00985678 -1.06918e-21)
(2.00259 0.0133265 0)
(2.00551 0.0130088 0)
(2.00878 0.0116929 -8.56713e-21)
(2.0117 0.00993253 0)
(2.01757 0.0121243 2.11332e-21)
(2.02221 0.00985774 -1.2428e-23)
(2.03392 0.0131591 -8.44769e-21)
(2.04663 0.0146573 -3.14692e-21)
(2.06027 -0.00249933 -1.59352e-20)
(2.07778 -0.0244538 3.37653e-21)
(2.02039 -0.029751 5.69174e-22)
(2.07909 0.0162362 0)
(2.05551 0.0189788 -4.70101e-21)
(2.03705 0.0168648 1.11198e-21)
(2.02454 -0.000582561 -1.22144e-20)
(2.01615 0.00317708 -2.03498e-24)
(2.0098 0.00471262 4.39774e-21)
(2.00499 0.00407798 -4.22619e-21)
(2.00154 0.00738972 4.333e-21)
(1.99916 0.00405205 -2.18857e-21)
(1.9981 0.0089178 -4.36805e-21)
(1.99758 0.00801868 0)
(1.99795 0.0196618 -1.36659e-22)
(1.99925 0.0137981 0)
(2.00183 0.0086407 2.10837e-21)
(2.00547 0.0152917 -1.21641e-23)
(2.0095 0.0112991 4.27123e-21)
(2.01437 0.0131112 1.41379e-23)
(2.02018 0.00146074 2.12322e-21)
(2.0302 0.00416598 -8.35822e-21)
(2.03789 -0.0221324 -1.04351e-21)
(2.04947 -0.0197404 1.04352e-21)
(2.0689 -0.0221082 8.3308e-21)
(2.08683 -0.0217626 1.79913e-21)
(2.00648 -0.0262024 -6.33129e-22)
(2.08311 0.0170834 -1.35635e-22)
(2.05884 0.015461 -4.69644e-21)
(2.0385 -0.00200994 1.38575e-22)
(2.02759 0.0163135 7.7785e-21)
(2.01831 0.00438096 -1.94581e-24)
(2.01087 0.00102795 1.10276e-21)
(2.00556 -5.22469e-05 8.49611e-21)
(2.00045 -0.007776 1.10396e-20)
(1.99748 0.00712101 -2.20744e-21)
(1.99499 0.00118013 -1.09823e-21)
(1.99435 0.0138027 1.09795e-21)
(1.99599 0.000726165 -1.35689e-22)
(1.99778 0.0196249 2.71276e-22)
(2.00064 0.0221111 1.07387e-21)
(2.00502 0.0202214 1.03354e-21)
(2.01038 0.0217495 -1.2844e-20)
(2.0156 0.0168487 1.67939e-23)
(2.02416 0.0289319 -6.30308e-21)
(2.03313 0.0142911 8.40715e-21)
(2.04252 0.0419225 0)
(2.05545 0.0192695 4.11634e-21)
(2.07176 0.0118823 0)
(2.08947 -0.0259384 -1.92277e-21)
(1.99314 -0.0246386 0)
(2.08574 0.0123996 -1.05301e-21)
(2.06429 0.00941157 -2.06878e-21)
(2.04115 0.0129693 6.89919e-22)
(2.02925 -0.022941 -5.53484e-22)
(2.01955 -0.00581458 3.34693e-21)
(2.0116 -0.00705194 1.088e-21)
(2.00529 -0.00509651 -8.53761e-21)
(1.99871 0.00900367 -1.10767e-21)
(1.99341 -0.0038748 2.21813e-21)
(1.99031 0.01225 -5.57356e-21)
(1.991 0.000746317 -2.76234e-22)
(1.99073 0.027351 1.85119e-24)
(1.99356 0.00751804 2.44954e-21)
(1.99774 0.0187898 4.32935e-21)
(2.0036 0.0221274 0)
(2.01044 0.0270452 1.04088e-21)
(2.01873 0.0273853 -1.06131e-21)
(2.02608 0.00526329 8.43266e-21)
(2.0352 0.0237216 -1.03267e-21)
(2.04976 -0.0256587 5.1628e-21)
(2.06429 -0.00505864 -4.12327e-21)
(2.07865 -0.0136922 -6.34862e-23)
(2.09794 -0.0345097 1.38434e-21)
(1.98299 -0.0181948 2.75357e-22)
(2.09057 0.00172641 1.06595e-21)
(2.07035 -0.000232937 -2.66483e-22)
(2.04858 -0.0231696 -4.40433e-21)
(2.03357 0.0136593 4.71504e-21)
(2.01968 -0.0117844 -4.39358e-21)
(2.01052 -0.00751063 1.08763e-21)
(2.00142 -0.00469244 -4.40637e-21)
(1.99379 -0.00882362 -1.11341e-21)
(1.98864 0.0095916 3.9461e-21)
(1.98693 -0.000267935 5.00968e-21)
(1.98464 0.0231533 0)
(1.98649 0.0042882 -2.76987e-22)
(1.98923 0.0393259 -2.06252e-21)
(1.99294 0.0303475 1.32146e-23)
(1.99979 0.0304113 4.30955e-21)
(2.00942 0.0329038 4.14489e-21)
(2.02006 0.035077 0)
(2.02755 0.0498579 0)
(2.04094 0.0249111 0)
(2.05266 0.0647688 -3.85755e-23)
(2.06728 0.0290589 0)
(2.08411 0.0367444 1.81716e-21)
(2.10332 -0.0432111 6.20161e-22)
(1.97776 -0.012796 2.74303e-22)
(2.09696 0.00244863 6.322e-22)
(2.07353 -0.00731651 -9.40889e-22)
(2.05083 0.00368722 4.71143e-21)
(2.0346 -0.0358448 -2.7069e-22)
(2.02051 -0.0186304 0)
(2.00745 -0.0176501 -5.60484e-22)
(1.99529 -0.0164672 4.50211e-21)
(1.98954 -0.00635904 5.65506e-22)
(1.98467 -0.0178983 3.12723e-22)
(1.97844 0.00887247 4.24666e-21)
(1.97927 -0.00163911 -5.6531e-22)
(1.97763 0.0282987 -4.86944e-22)
(1.98286 0.00701928 5.92541e-22)
(1.98986 0.0332143 -4.39348e-21)
(1.99645 0.0381745 -5.31682e-22)
(2.00635 0.0385173 -4.24243e-21)
(2.01843 0.0413802 5.19683e-22)
(2.03258 0.032514 0)
(2.04573 0.0380926 0)
(2.0606 0.00621978 -7.87995e-21)
(2.07485 0.0147555 -2.51769e-22)
(2.09421 0.000620621 -1.94392e-21)
(2.11594 -0.0416768 -1.05535e-21)
(1.97716 -0.00288091 -1.29224e-22)
(2.10504 -0.000662925 -1.69129e-23)
(2.08185 -0.0136086 -1.37325e-22)
(2.05332 -0.048397 6.89099e-23)
(2.03763 -0.0108682 -4.50924e-21)
(2.02236 -0.0338158 2.24766e-21)
(2.00651 -0.0343484 0)
(1.99364 -0.0303557 0)
(1.98355 -0.0386609 4.61286e-21)
(1.97505 0.00353279 -4.56213e-21)
(1.97086 -0.0126817 1.18993e-21)
(1.96733 0.0164079 -5.74398e-22)
(1.9706 0.0162519 -2.235e-21)
(1.97188 0.0421971 -1.114e-21)
(1.98063 0.0395182 5.52144e-21)
(1.99319 0.0472541 -4.08448e-21)
(2.00385 0.0491947 -2.70389e-22)
(2.0167 0.0576572 2.61618e-22)
(2.03287 0.055527 -4.14159e-24)
(2.04803 0.059721 -2.55075e-22)
(2.0642 0.0637718 4.01648e-21)
(2.08877 0.0495733 -6.17125e-23)
(2.10605 0.040899 -1.88298e-21)
(2.12386 -0.0385339 -4.32142e-22)
(1.97888 0.00190189 -1.31718e-22)
(2.11025 -0.00104835 -8.14269e-22)
(2.09402 -0.0150315 -6.82725e-23)
(2.06471 -0.00203369 0)
(2.04341 -0.0612598 0)
(2.02436 -0.0372794 -2.75161e-21)
(2.00439 -0.0432753 5.06482e-21)
(1.98878 -0.030456 -4.55215e-21)
(1.97363 0.000257894 -4.61085e-21)
(1.96074 -0.0286236 -3.64074e-23)
(1.95519 0.0131372 -8.71522e-21)
(1.95191 0.0175881 -1.7515e-21)
(1.95471 0.0275831 0)
(1.96372 0.045139 5.63753e-22)
(1.97177 0.0493013 1.16351e-21)
(1.98619 0.0637648 8.79821e-21)
(2.00051 0.0679619 4.30293e-21)
(2.01569 0.0729606 4.10859e-21)
(2.03465 0.0714017 0)
(2.05738 0.0494746 1.98833e-21)
(2.07791 0.0333699 1.95392e-21)
(2.09612 0.0182038 -1.93319e-21)
(2.11687 0.0355348 1.94353e-21)
(2.13224 -0.0297691 -1.41307e-21)
(1.98274 0.00470038 0)
(2.11935 -0.0123583 -2.71289e-22)
(2.09818 -0.0209017 2.66133e-21)
(2.0723 -0.0928089 -1.09885e-21)
(2.04666 -0.0345931 -1.11706e-21)
(2.02305 -0.0661398 1.07122e-21)
(1.99877 -0.0455904 -4.54355e-21)
(1.9761 -0.050008 1.39389e-20)
(1.95935 -0.0633325 0)
(1.95125 -0.00974016 0)
(1.94117 -0.0160442 9.5396e-21)
(1.93903 0.00309243 1.09865e-21)
(1.94119 0.0426712 7.35956e-23)
(1.94915 0.0399401 5.756e-22)
(1.9615 0.0819921 -4.52084e-21)
(1.97408 0.0803253 -8.86239e-21)
(1.99595 0.096602 -1.29582e-20)
(2.01812 0.0937643 -2.08661e-21)
(2.04314 0.0778958 -2.05125e-21)
(2.06367 0.0893856 -3.00128e-21)
(2.08462 0.111333 -2.94786e-21)
(2.10459 0.0856232 9.83884e-22)
(2.12728 0.0381565 -9.28074e-22)
(2.15117 -0.0500415 7.04431e-22)
(1.99275 0.00599257 1.27142e-22)
(2.13726 -0.00749937 2.12901e-21)
(2.11381 -0.019974 2.67278e-21)
(2.0868 0.00711857 1.09703e-21)
(2.05085 -0.100254 0)
(2.02543 -0.0525204 4.4471e-21)
(1.99643 -0.0879289 0)
(1.97096 -0.0773931 9.54685e-23)
(1.95095 -0.0402396 -1.92532e-20)
(1.92587 -0.0591497 9.80317e-21)
(1.91816 -0.00243008 -4.82903e-21)
(1.90938 0.02459 1.19894e-21)
(1.91339 0.0278029 -2.9665e-21)
(1.92272 0.0775453 2.37928e-21)
(1.94138 0.0685708 0)
(1.96607 0.100769 0)
(1.99223 0.0999568 -8.63019e-21)
(2.01857 0.117315 0)
(2.04585 0.130272 0)
(2.06987 0.118838 1.96296e-21)
(2.10135 0.0426993 0)
(2.12946 0.0700709 9.39133e-22)
(2.14913 0.0694643 9.29737e-22)
(2.1629 -0.0470396 0)
(2.00981 0.00341069 9.27718e-22)
(2.15215 -0.0186424 1.18785e-21)
(2.13054 -0.0354032 5.32041e-22)
(2.0893 -0.160694 -2.1462e-21)
(2.06576 -0.078958 2.21166e-21)
(2.02427 -0.138134 -1.35644e-20)
(1.99437 -0.0935188 -1.16946e-21)
(1.96392 -0.0842594 -8.32885e-21)
(1.92303 -0.0953752 1.94471e-20)
(1.90534 -0.00263614 -2.00829e-20)
(1.88441 -0.0328748 4.99259e-21)
(1.88416 0.0188524 -4.3357e-21)
(1.89008 0.0583045 -1.06027e-21)
(1.90401 0.0794088 9.47667e-21)
(1.92492 0.123858 -2.35987e-20)
(1.95049 0.134534 4.82066e-21)
(1.97666 0.154778 2.13097e-20)
(2.0133 0.161011 6.35993e-23)
(2.05186 0.134418 -7.78153e-21)
(2.08951 0.119475 3.99944e-21)
(2.1114 0.171476 0)
(2.14486 0.0944897 2.66496e-21)
(2.18123 0.0455019 -3.56396e-21)
(2.19896 -0.0491353 -1.75764e-21)
(2.03859 0.00405053 8.44734e-22)
(2.19139 -0.0124083 -1.31427e-22)
(2.16859 -0.0299239 0)
(2.12658 -0.0384953 1.05411e-21)
(2.07736 -0.134592 -2.21809e-21)
(2.03583 -0.0938729 9.22634e-21)
(1.98579 -0.159369 -2.75014e-20)
(1.94188 -0.121166 9.82136e-21)
(1.90755 -0.060271 -2.09473e-20)
(1.86541 -0.129718 2.04473e-20)
(1.85837 -0.00323701 0)
(1.8422 0.00940426 1.28841e-21)
(1.84581 0.0661266 4.79895e-22)
(1.8642 0.105919 9.60383e-21)
(1.89665 0.133043 -4.98444e-21)
(1.94137 0.160214 0)
(1.97478 0.18405 0)
(2.02024 0.141819 -2.38853e-20)
(2.06408 0.184717 2.33201e-20)
(2.10672 0.167616 3.77189e-21)
(2.14174 0.0953467 5.28451e-21)
(2.17785 0.122095 -6.15353e-21)
(2.19975 0.106131 0)
(2.21719 -0.0640101 1.89085e-21)
(2.06722 0.00665333 -9.05816e-22)
(2.20935 -0.0335044 0)
(2.18651 -0.0437631 2.48883e-22)
(2.13762 -0.215591 2.06149e-21)
(2.08975 -0.185176 0)
(2.03606 -0.229648 -9.441e-21)
(1.98257 -0.197433 3.63775e-20)
(1.92132 -0.181107 -4.04956e-20)
(1.86653 -0.211288 1.94119e-20)
(1.84011 -0.0371185 -3.48899e-22)
(1.79186 -0.0758146 2.08353e-20)
(1.78717 0.0423912 -6.33167e-22)
(1.79636 0.0739905 -6.31999e-21)
(1.82264 0.15108 5.06893e-21)
(1.86331 0.188492 -1.39161e-20)
(1.91271 0.224591 1.87856e-20)
(1.96931 0.252197 0)
(2.02005 0.28279 3.89367e-22)
(2.07771 0.22585 -1.55052e-20)
(2.12012 0.223648 0)
(2.16237 0.228306 -1.55347e-21)
(2.2039 0.137191 -6.45507e-21)
(2.24629 0.0879596 6.82138e-21)
(2.26654 -0.069211 1.59499e-21)
(2.11047 0.00716336 -8.65424e-22)
(1.75907 -0.190692 1.08116e-20)
(1.73994 -0.0243498 -2.19905e-20)
(1.72243 -0.00286442 1.06048e-21)
(1.73232 0.125994 3.35415e-22)
(1.77505 0.163653 0)
(1.82985 0.261299 -4.78517e-21)
(1.89908 0.265955 -9.12233e-21)
(1.96922 0.297794 -1.64334e-20)
(2.04629 0.254024 1.70876e-20)
(2.09267 0.315602 0)
(2.16374 0.219988 0)
(2.22466 0.165425 1.58114e-20)
(2.25096 0.16099 -1.25411e-20)
(2.28393 0.126972 3.2826e-22)
(2.31562 -0.0657932 9.80201e-23)
(2.16048 0.00727982 7.66741e-22)
(1.71432 -0.139423 3.30156e-20)
(1.64061 -0.121175 -1.52142e-22)
(1.61484 0.0521549 4.48884e-21)
(1.63568 0.124527 2.71214e-21)
(1.6699 0.263412 -2.71178e-21)
(1.76046 0.321339 9.41867e-21)
(1.84528 0.421102 -9.2709e-21)
(1.94756 0.449495 1.57451e-20)
(2.04151 0.439818 -4.99406e-22)
(2.14948 0.310815 1.30262e-23)
(2.20766 0.353619 -1.34202e-20)
(2.2565 0.305305 6.66526e-21)
(2.30281 0.228343 2.57915e-21)
(2.3339 0.135537 1.2302e-21)
(2.37095 -0.0751059 8.00193e-23)
(2.225 0.00399114 -1.41598e-21)
(2.00056 0.381764 -1.48711e-20)
(2.11211 0.415365 1.66854e-21)
(2.18439 0.475586 2.47949e-20)
(2.26188 0.344502 -3.328e-20)
(2.32776 0.276697 2.71165e-20)
(2.37936 0.247683 -4.77674e-21)
(2.43186 0.160877 -1.814e-21)
(2.42683 -0.0380259 3.39455e-21)
(2.29024 0.0139072 9.29305e-24)
(1.94849 0.745011 -3.01694e-20)
(2.11729 0.64254 1.56391e-21)
(2.25156 0.491831 -1.89032e-20)
(2.32473 0.489316 -1.55874e-23)
(2.39943 0.411072 -8.08708e-21)
(2.46633 0.298905 1.20782e-20)
(2.50947 0.203006 -2.33678e-22)
(2.51702 -0.0722088 9.27548e-22)
(2.37754 0.0141408 -1.4929e-23)
(2.11566 0.699419 4.06943e-20)
(2.21006 0.752982 -9.66517e-21)
(2.32756 0.722742 2.97276e-20)
(2.44493 0.524833 -7.97894e-22)
(2.50939 0.377513 -1.48703e-21)
(2.54788 0.316209 -1.3534e-21)
(2.58351 0.206661 -3.31088e-22)
(2.60991 0.0249193 -2.75936e-22)
(2.49717 0.0277043 0)
(2.00332 0.0247059 1.39798e-19)
(2.00057 0.0070821 -4.83485e-21)
(2.00171 0.0125759 -3.15043e-20)
(2.0002 0.00149718 2.31033e-21)
(2.00036 0.00597714 -2.35168e-21)
(2.00017 0.00287221 0)
(1.99994 0.0046961 -2.25417e-21)
(2.00007 0.00241848 -5.01357e-22)
(2.00008 0.00251876 0)
(2.00004 0.00191044 0)
(2.00005 0.00173261 2.88939e-22)
(2.00002 0.00156546 2.86091e-22)
(2.00003 0.00134007 -1.4343e-22)
(1.99999 0.00145885 2.75766e-22)
(2.00001 0.00114313 0)
(2 0.00139807 3.45847e-23)
(2 0.00124887 -2.10247e-22)
(2 0.00135095 1.38455e-22)
(2.00001 0.00125255 -3.13489e-22)
(2.00005 0.0012666 4.17584e-27)
(2.00003 0.00123818 -8.36202e-27)
(2 0.0011053 0)
(2.00001 0.000891202 4.36851e-27)
(2 0.00111493 -1.80617e-23)
(1.99999 0.000993729 1.0638e-24)
(2.00002 0.00093964 3.54003e-23)
(2.00001 0.000968827 -1.734e-23)
(2.00001 0.000903751 -1.562e-22)
(2.00001 0.000799657 0)
(2.00001 0.000742515 1.3792e-22)
(2.00001 0.000605891 1.39731e-22)
(2.00005 0.000155828 3.82873e-25)
(2.00004 0.000580123 -3.13797e-22)
(2.00002 -0.000224518 1.07213e-24)
(2.00006 -0.000215969 1.41718e-22)
(2.00006 -0.000389895 4.65386e-26)
(2.00002 -9.37406e-05 2.71601e-22)
(2.00017 -0.00146654 8.38643e-22)
(2.00009 -0.000682606 -2.81646e-22)
(2.00014 -0.00334164 -2.45546e-24)
(2.00015 -0.00406445 -1.68241e-21)
(2.00017 -0.00557239 -4.69924e-24)
(2.00016 -0.00553028 -3.41128e-24)
(2.00016 -0.00745981 -3.33672e-21)
(2.00021 -0.00646622 1.10798e-21)
(2.00158 -0.0131115 4.93664e-21)
(2.00058 -0.00649028 2.32853e-22)
(2.00334 -0.0247869 0)
(2.01989 0.042136 -1.69197e-19)
(2.03739 0.048811 0)
(2.03777 -0.0472406 -1.88416e-20)
(2.05036 0.0491216 0)
(2.05745 0.0539467 -2.16352e-20)
(2.06021 -0.0524013 1.85147e-20)
(2.06007 0.0514066 1.75271e-20)
(2.05965 0.0479645 -4.48124e-21)
(2.0645 -0.0464755 0)
(2.05721 0.0471135 5.29722e-21)
(2.05292 0.0397835 2.41259e-21)
(2.05984 -0.039592 -2.85591e-22)
(2.04319 0.0395797 -2.41358e-21)
(2.03731 0.0345049 0)
(2.04665 -0.035391 7.17829e-23)
(2.02481 0.0361215 1.51121e-22)
(2.01846 0.0316156 7.55979e-23)
(2.03123 -0.0317733 -5.69115e-22)
(2.00537 0.0330587 -6.0336e-22)
(1.99942 0.0286236 4.86832e-25)
(2.01529 -0.0275317 0)
(1.98681 0.0309103 1.20398e-21)
(1.98177 0.0226285 -5.92741e-22)
(2.00183 -0.0230985 5.6257e-22)
(1.97107 0.0274692 0)
(1.96663 0.0216428 0)
(1.99015 -0.0164645 -2.75363e-22)
(1.9576 0.0182702 -3.75856e-23)
(1.9529 0.0184845 -2.9974e-22)
(1.98124 -0.01297 -2.74309e-22)
(1.94855 0.0161838 2.99749e-22)
(1.94531 0.0107455 -9.37359e-24)
(1.97738 -0.00796338 1.35361e-22)
(1.94007 0.00877889 -1.78545e-23)
(1.94001 0.00463028 1.36464e-22)
(1.97787 -0.00066169 1.27361e-22)
(1.93938 0.00316446 -3.02747e-22)
(1.93938 -0.00425093 2.97898e-22)
(1.98057 0.00853132 5.21441e-22)
(1.93875 -0.00678791 -2.84754e-22)
(1.94076 -0.00823501 7.82347e-22)
(1.9884 0.0174844 -6.34492e-23)
(1.94398 -0.00714567 -1.90775e-25)
(1.95217 -0.0168318 -1.46131e-22)
(2.00237 0.0195199 -8.66351e-25)
(1.95718 -0.00937361 7.3557e-23)
(1.96753 -0.0191504 0)
(2.02821 0.0263425 1.03737e-21)
(1.97506 -0.011146 -1.15245e-21)
(1.99552 -0.0282961 0)
(2.05737 0.0263502 1.00359e-21)
(2.00748 -0.0080989 -3.56423e-23)
(2.0282 -0.0356795 3.56578e-23)
(2.09393 0.0357941 8.90333e-22)
(2.0422 -0.0176608 0)
(2.08039 -0.0384942 -3.34554e-23)
(2.14327 0.0402951 -8.10682e-22)
(2.20174 0.0491996 -1.54227e-21)
(2.26754 0.0536429 0)
(2.34443 0.0570366 -5.78821e-22)
(2.43694 0.0643579 1.49125e-23)
(2.57562 0.04977 0)
(2.13422 -0.202111 1.6724e-20)
(2.06346 -0.19301 0)
(1.9873 -0.211974 0)
(1.91232 -0.213368 2.1297e-20)
(1.84409 -0.113649 -2.04062e-20)
(2.16635 -0.281736 2.58827e-22)
(2.0742 -0.345976 2.25731e-22)
(1.9709 -0.390018 -1.88552e-20)
(1.88054 -0.327722 0)
(1.77433 -0.346643 -2.20076e-20)
(2.00365 0.0226607 -2.63485e-20)
(2.00993 0.0234612 8.8765e-21)
(2.0198 0.0369664 0)
(2.00148 0.0191972 -1.32029e-20)
(2.00386 0.00436842 -1.32431e-20)
(2.00577 0.0192483 8.84945e-21)
(2.0013 0.00713986 -1.8043e-23)
(2.0027 0.0105014 8.84457e-21)
(2.0037 0.0126896 0)
(2.00059 0.00425195 2.20184e-21)
(2.00135 0.00786899 2.20836e-21)
(2.00197 0.0090019 -2.21051e-21)
(2.00032 0.00315222 -1.09989e-21)
(2.00075 0.00625088 -4.45921e-24)
(2.00109 0.00662886 2.21024e-21)
(2.00014 0.00257451 -3.83523e-21)
(2.00039 0.00521534 -2.73918e-21)
(2.00063 0.00511531 -4.06227e-24)
(2.00003 0.00243644 1.30245e-21)
(2.00017 0.00428204 -2.67156e-22)
(2.0003 0.00405518 1.63569e-21)
(2.00005 0.00228334 -8.29618e-22)
(2.00016 0.00339485 2.74255e-22)
(2.00019 0.00357967 -5.37885e-22)
(2.00004 0.00197602 0)
(2.00003 0.00382109 5.03934e-22)
(2.00012 0.00338579 4.1065e-25)
(2.00004 0.00251279 -2.51179e-22)
(2.00005 0.00348357 0)
(1.99995 0.0038226 2.57719e-22)
(2.00002 0.00220248 -1.36287e-22)
(2.00008 0.00332404 1.01578e-22)
(2.00017 0.00309023 -6.71197e-23)
(2.00005 0.00201381 5.68099e-23)
(2.00018 0.0029703 -4.25443e-24)
(2.0001 0.00294665 -6.31071e-23)
(2.0001 0.0017893 3.39248e-22)
(2.00014 0.00334927 -6.64604e-23)
(2.00017 0.00294323 0)
(2.00009 0.00150127 1.50121e-22)
(2.00021 0.00322208 6.72473e-22)
(2.00013 0.00290639 -1.36225e-22)
(2.00013 0.00138617 -3.96927e-22)
(2.00034 0.00256687 -6.75519e-22)
(2.00029 0.00247447 2.69376e-22)
(2.00031 0.0017174 -5.35269e-22)
(2.00065 0.0014109 0)
(2.00049 0.00243325 -2.71202e-22)
(2.00017 0.00291687 -3.6191e-25)
(2.00066 -0.00350657 8.27696e-25)
(2.00035 -0.000384781 -1.02717e-21)
(2.0004 -3.45549e-05 1.0574e-21)
(2.00124 -0.000844231 0)
(2.00117 7.28711e-05 5.31113e-22)
(2.00109 -0.000667116 8.01117e-22)
(2.00229 -0.00345157 0)
(2.00131 -0.000991318 0)
(2.00083 -0.000295609 6.81559e-25)
(2.00247 -0.0118831 6.41383e-21)
(2.00183 -0.00729111 -8.53858e-21)
(2.00126 -0.00140863 1.69136e-20)
(2.00394 -0.0220806 -2.12823e-20)
(2.00268 -0.0141324 -4.22484e-21)
(2.00205 -0.0103624 2.47957e-20)
(2.00773 -0.0258337 0)
(2.00488 -0.0209455 8.54501e-21)
(2.00834 -0.0273916 8.49915e-20)
(2.02186 -0.036379 -1.70014e-20)
(2.01197 -0.0210103 -2.54767e-20)
(2.0191 0.0396217 7.08262e-20)
(2.0263 0.0287455 -2.4171e-22)
(2.0431 0.0417012 2.22386e-21)
(2.00853 0.0335391 6.43147e-23)
(2.01202 0.00916 -3.51818e-20)
(2.01729 0.0265597 -3.53441e-20)
(2.006 0.0145858 4.66704e-24)
(2.00671 0.0157278 1.74655e-20)
(2.01125 0.0214336 8.71263e-21)
(2.00331 0.0101718 -4.40044e-21)
(2.00362 0.0119599 8.73664e-21)
(2.0064 0.0148069 -8.66309e-21)
(2.00195 0.00768952 2.19485e-21)
(2.0021 0.00969028 -7.57825e-21)
(2.00372 0.0112405 2.16089e-21)
(2.00112 0.00620874 4.37366e-21)
(2.00117 0.00810198 2.15023e-21)
(2.00227 0.00895811 1.29182e-20)
(2.00067 0.00573338 -1.03865e-21)
(2.00066 0.00680306 0)
(2.00143 0.0073381 -2.13975e-21)
(2.00039 0.00564909 -5.27031e-22)
(2.00026 0.00648595 0)
(2.001 0.00681521 1.04032e-21)
(2.00008 0.00507969 -5.03591e-22)
(2 0.00610938 0)
(2.00055 0.0062716 3.02482e-21)
(2.0002 0.00478601 5.67746e-22)
(2 0.00588424 -1.56696e-21)
(2.00039 0.0059986 0)
(2.00019 0.00498829 -2.90795e-22)
(2 0.00589111 -8.7559e-22)
(2.0005 0.00607953 5.14036e-22)
(2.00023 0.00498115 2.6097e-22)
(2.00004 0.00582373 -2.49427e-22)
(2.00056 0.00586583 0)
(2.00033 0.00458892 2.53906e-22)
(2.0003 0.00550197 0)
(2.00058 0.00538962 -1.0297e-21)
(2.00052 0.00362741 0)
(2.00059 0.00523822 -2.60319e-21)
(2.00094 0.0053727 4.89406e-22)
(2.0008 0.00313538 -3.60462e-25)
(2.00103 0.00424042 1.05408e-21)
(2.00113 0.00460376 -2.62541e-22)
(2.00135 0.00188424 1.08132e-21)
(2.00179 0.0030347 1.04481e-21)
(2.0014 0.00404085 -1.06392e-21)
(2.00116 0.00446009 -1.07814e-21)
(2.00185 -0.000883235 5.30369e-21)
(2.0022 0.000277101 -1.06102e-21)
(2.00193 -0.000390782 4.3059e-21)
(2.00326 -0.00114324 1.05781e-20)
(2.00256 0.000465631 0)
(2.00307 -0.00353416 0)
(2.00496 -0.00379092 8.37717e-21)
(2.00385 -0.000879373 -4.22281e-21)
(2.00429 -0.00246701 0)
(2.00792 -0.0155054 8.42382e-21)
(2.00538 -0.0102878 4.20524e-21)
(2.00696 -0.00367108 0)
(2.01286 -0.0283296 4.19519e-20)
(2.00819 -0.0211511 -2.51676e-20)
(2.01247 -0.0183981 0)
(2.02317 -0.0326516 8.381e-21)
(2.01612 -0.0254877 -1.68389e-20)
(2.03397 -0.0403149 2.5736e-20)
(2.04592 -0.040554 0)
(2.02967 -0.0250055 5.96809e-20)
(2.0355 0.0437338 -5.35068e-20)
(2.04084 0.0266372 1.78606e-20)
(2.06031 0.0390584 0)
(2.0175 0.0434081 5.27471e-20)
(2.02136 0.0108596 0)
(2.02944 0.0262213 -1.78177e-20)
(2.05703 -0.0416421 5.32048e-21)
(2.06472 -0.0389865 -1.69601e-20)
(2.04626 -0.025503 1.70994e-20)
(2.04827 0.0424645 0)
(2.05185 0.0209615 -1.2208e-20)
(2.07055 0.0305577 1.11143e-21)
(2.02601 0.0449097 0)
(2.02952 0.00832058 0)
(2.03879 0.0232275 2.22011e-21)
(2.07206 -0.0360149 1.86017e-20)
(2.07799 -0.0307446 2.63483e-22)
(2.05877 -0.0218482 8.50145e-21)
(2.05691 0.0393702 2.24061e-21)
(2.05905 0.0149514 1.71772e-20)
(2.07499 0.0237317 5.53901e-22)
(2.03305 0.0424909 -2.21478e-21)
(2.03567 0.0057568 -5.56159e-22)
(2.04548 0.0207052 8.87731e-21)
(2.08167 -0.0289439 0)
(2.08476 -0.0229378 1.97099e-22)
(2.06957 -0.0183361 -5.26325e-22)
(2.06166 0.0374302 -8.85771e-21)
(2.06387 0.0102623 -5.53349e-22)
(2.07661 0.0202282 -6.89837e-23)
(2.03926 0.0352427 5.52893e-21)
(2.04067 0.00541581 3.47016e-23)
(2.05074 0.0189345 -8.31124e-21)
(2.08631 -0.0233229 0)
(2.08779 -0.0178016 0)
(2.07385 -0.0136918 -4.19266e-21)
(2.06548 0.0354263 4.41833e-21)
(2.06695 0.00868357 -8.74721e-21)
(2.07876 0.0186527 0)
(2.04184 0.0302143 -2.21225e-21)
(2.04322 0.00263412 2.74695e-22)
(2.05339 0.0152072 4.11552e-21)
(2.08981 -0.0174858 -2.60145e-22)
(2.09361 -0.0133486 0)
(2.08251 -0.0102072 -2.08008e-21)
(2.06968 0.0348872 4.09708e-21)
(2.07133 -0.00189923 6.87806e-23)
(2.08063 0.0107745 -1.14738e-21)
(2.04576 0.0325476 -3.83446e-21)
(2.04797 -0.0134792 4.43244e-21)
(2.05683 0.00837709 4.42171e-21)
(2.09577 -0.0136239 3.22002e-22)
(2.0988 -0.0116059 0)
(2.08829 -0.0038627 -6.51832e-24)
(2.07379 0.0409057 2.60739e-21)
(2.07687 -0.00507136 -2.20263e-21)
(2.08391 0.00570293 2.17571e-21)
(2.04969 0.0338365 0)
(2.05102 -0.0130022 -5.48392e-22)
(2.06317 0.00567203 0)
(2.10008 -0.0106859 -1.26058e-22)
(2.10355 -0.00408079 0)
(2.09223 0.00940235 0)
(2.07905 0.0229424 -1.37572e-22)
(2.08076 0.0017969 0)
(2.08978 0.00151913 -1.09631e-21)
(2.05355 0.0288739 -2.18556e-21)
(2.05505 -0.0197103 -5.16534e-22)
(2.06507 -0.00145377 2.09926e-21)
(2.10627 -0.00618992 1.26501e-22)
(2.10824 0.00533459 0)
(2.09965 0.0252596 -1.24991e-21)
(2.08465 0.0173772 0)
(2.08779 -0.0155098 1.09633e-21)
(2.09422 -0.000379474 -5.23714e-22)
(2.05797 0.0119901 1.37695e-21)
(2.06047 -0.0072683 -6.81492e-23)
(2.07201 -0.00267484 6.87237e-23)
(2.11166 -0.00644476 -1.25284e-22)
(2.11521 0.0116078 0)
(2.10741 0.054491 1.24617e-21)
(2.0908 0.0318546 -1.30143e-21)
(2.09458 -0.0458375 3.4248e-23)
(2.09908 -0.0160235 0)
(2.06639 -0.0107208 -1.08983e-21)
(2.06777 -0.0147805 -1.10312e-21)
(2.07938 -0.00818914 1.04198e-21)
(2.12254 0.00547257 6.16965e-23)
(2.12866 0.01303 -5.49076e-22)
(2.11933 0.0570899 7.94284e-22)
(2.09759 0.0405041 3.40916e-23)
(2.10028 -0.0503209 -3.40612e-23)
(2.10666 -0.0215117 -3.39718e-23)
(2.06926 -0.00677094 2.33092e-21)
(2.07202 -0.0344265 1.08197e-21)
(2.08685 -0.0257102 6.84015e-23)
(2.1313 0.0124719 4.26689e-22)
(2.13311 0.0186594 -4.74696e-22)
(2.1255 0.0553624 4.69513e-22)
(2.1084 0.0166952 6.78105e-23)
(2.11191 -0.0442988 -5.45359e-22)
(2.11651 -0.0302896 2.63398e-26)
(2.08027 -0.00651639 -1.0852e-21)
(2.08115 -0.040301 6.75254e-23)
(2.0946 -0.0294683 4.62204e-22)
(2.13753 0.0163941 0)
(2.15046 0.0273035 0)
(2.14006 0.0957007 5.93698e-24)
(2.11537 0.0176977 -5.42588e-22)
(2.11941 -0.0755759 -1.61612e-21)
(2.12383 -0.03312 0)
(2.08504 -0.00624974 -2.15014e-21)
(2.09141 -0.0769117 2.15154e-21)
(2.10201 -0.0535115 -7.73311e-24)
(2.15595 0.0181256 -2.32386e-22)
(2.15788 0.0286067 2.29796e-22)
(2.15293 0.0896199 -2.29486e-22)
(2.13401 0.0136631 -4.2865e-21)
(2.1403 -0.0707019 2.42203e-21)
(2.1465 -0.0421309 -1.33581e-22)
(2.11019 -0.0453326 0)
(2.1074 -0.0476793 0)
(2.12223 -0.0569339 -3.23116e-21)
(2.16257 0.0166381 -1.10088e-21)
(2.17938 0.0438562 -8.76447e-22)
(2.17222 0.164389 0)
(2.149 0.0154921 -2.67179e-22)
(2.16142 -0.123014 -2.10916e-21)
(2.1635 -0.0543975 2.22103e-21)
(2.11017 -0.0386483 4.03203e-21)
(2.11745 -0.161048 3.65496e-21)
(2.14873 -0.102321 0)
(2.20682 0.0178592 1.21327e-21)
(2.21766 0.0465006 -9.68756e-22)
(2.2046 0.120845 -2.13213e-22)
(2.18362 0.0217918 0)
(2.19014 -0.0967047 0)
(2.2001 -0.0624226 0)
(2.15202 0.0322807 -3.96887e-21)
(2.15309 -0.150297 7.72191e-22)
(2.17055 -0.104553 0)
(2.22093 0.0266898 -8.14713e-22)
(2.23466 0.0663276 -2.38806e-21)
(2.22314 0.209372 1.65364e-21)
(2.20808 -0.00637295 1.27241e-22)
(2.23476 -0.171147 -1.04301e-22)
(2.23428 -0.0860277 3.9561e-21)
(2.1764 -0.034205 -7.67849e-22)
(2.18387 -0.261651 -8.04575e-21)
(2.21594 -0.183991 -4.02519e-21)
(2.27349 0.0136192 2.46217e-21)
(2.28673 0.0927597 5.74194e-22)
(2.27582 0.200712 -3.29545e-21)
(2.30372 0.0145433 -5.87457e-22)
(2.33615 0.11359 -1.42862e-21)
(2.32709 0.261833 4.24293e-23)
(2.37775 0.0157859 1.27035e-21)
(2.39029 0.121064 2.50485e-21)
(2.37951 0.210071 -2.5259e-21)
(2.41584 0.0286057 -1.17555e-21)
(2.46182 0.138705 4.95284e-22)
(2.44863 0.295051 0)
(2.50127 0.0341479 6.16061e-23)
(2.52708 0.163079 4.58307e-23)
(2.53075 0.326641 1.83608e-22)
(2.59813 0.0812798 1.19337e-22)
(2.67596 0.14731 0)
(2.63366 0.333319 -2.96204e-22)
(2.00083 -0.0527465 9.49199e-24)
(1.69572 -0.0305197 -2.53121e-21)
(1.92826 -0.0514332 -3.96427e-23)
(1.25052 -0.025654 -6.37927e-22)
(1.76035 -0.0485922 2.05097e-23)
(0.849997 -0.0185858 2.01516e-23)
(1.57283 -0.0313646 -1.26261e-24)
(0.619363 -0.00341056 6.29819e-24)
(1.4003 -0.0189664 -4.92462e-27)
(0.508666 0.000786198 0)
(1.24749 -0.0142029 9.77104e-27)
(0.442983 0.00168859 0)
(1.12004 -0.00956075 -3.11411e-25)
(0.400088 0.00161667 0)
(1.02195 -0.00740206 -4.81756e-27)
(0.369001 0.000877699 -4.79668e-27)
(0.940625 -0.00546004 0)
(0.342333 0.000114223 0)
(0.88833 -0.00317939 0)
(0.325013 0.000130777 0)
(0.85624 -0.00178902 0)
(0.316095 0.000158085 0)
(0.849727 0.00240758 0)
(0.315368 -0.00125606 0)
(0.878879 0.00561046 0)
(0.323861 -0.00206412 0)
(0.938324 0.00806627 0)
(0.34532 -0.00195946 0)
(1.00941 0.00772095 0)
(0.383744 0.0003154 0)
(1.05791 0.00540862 0)
(0.421601 -0.000693769 0)
(1.11741 0.00660605 0)
(0.457003 -0.00103958 0)
(1.18741 0.00798767 0)
(0.497752 -0.000327872 0)
(1.26339 0.00710392 0)
(0.547209 -0.000925997 0)
(1.35328 0.00835089 0)
(0.602307 -0.000987014 0)
(1.45278 0.00838792 0)
(0.664746 -0.00150269 0)
(1.56567 0.0118307 0)
(0.735634 -2.61297e-05 0)
(1.69167 0.0108574 0)
(0.821687 -0.000137047 0)
(1.82262 0.0122921 0)
(0.909608 0.00118536 0)
(2.00466 -0.0439266 0)
(1.88623 -0.0221051 5.46711e-21)
(1.97894 -0.0517113 -1.22903e-21)
(1.47834 -0.0280782 -3.2479e-25)
(1.85012 -0.0512508 6.70627e-22)
(1.04077 -0.0232443 -6.4627e-22)
(1.66686 -0.0400118 0)
(0.709909 -0.0101145 -2.53373e-23)
(1.48445 -0.0237703 1.26975e-24)
(0.555695 -0.000204904 -1.25473e-24)
(1.32278 -0.0161088 0)
(0.472764 0.00139513 0)
(1.18175 -0.0115963 -9.77374e-27)
(0.419507 0.0018627 0)
(1.07005 -0.00828905 0)
(0.384602 0.00112581 4.79661e-27)
(0.981233 -0.00656777 4.8181e-27)
(0.356045 0.000707167 0)
(0.91633 -0.00346423 0)
(0.333893 0.000283889 0)
(0.871947 -0.0013527 0)
(0.321055 0.000210342 0)
(0.84751 0.00113692 0)
(0.314781 -0.000621674 0)
(0.863011 0.00419528 0)
(0.319945 -0.00134284 0)
(0.917873 0.0079808 0)
(0.336802 -0.00154663 0)
(0.995172 0.0108354 0)
(0.370048 0.000170503 0)
(1.04929 0.00867484 0)
(0.412908 0.00157086 0)
(1.1027 0.00917428 0)
(0.446985 0.00171013 0)
(1.17046 0.010445 0)
(0.485677 0.00148487 0)
(1.24588 0.0127659 0)
(0.533982 0.00270498 0)
(1.33355 0.0151806 0)
(0.586825 0.00281852 0)
(1.43066 0.0169632 0)
(0.649031 0.00349854 0)
(1.53573 0.0184316 0)
(0.713066 0.00374003 0)
(1.65868 0.0216254 0)
(0.797973 0.00410382 0)
(1.78423 0.0207748 0)
(0.881418 0.00413525 0)
(1.91155 0.0192513 0)
(0.970652 0.00350399 0)
(2.00047 0.0530382 5.33426e-21)
(1.69536 0.0306431 2.64404e-21)
(1.92428 0.0517558 -1.24695e-21)
(1.24707 0.0257256 7.06534e-22)
(1.75269 0.0491106 -2.12344e-23)
(0.843115 0.0185609 3.39224e-22)
(1.56052 0.0319564 7.78195e-27)
(0.610735 0.00372786 3.77324e-21)
(1.38296 0.0195547 0)
(0.497859 -0.000735864 -1.12549e-24)
(1.22925 0.014253 -3.20977e-25)
(0.432295 -0.00146556 -1.04508e-24)
(1.09902 0.0108583 -6.6216e-25)
(0.385623 -0.00137586 4.92575e-25)
(0.990491 0.00811091 -3.61433e-26)
(0.348525 -0.00067842 -7.07576e-25)
(0.904696 0.00664328 0)
(0.320467 4.70815e-06 1.79035e-25)
(0.843128 0.00382014 0)
(0.298473 -0.000222823 4.67679e-30)
(0.802661 0.00145152 0)
(0.284389 -2.14989e-05 -2.33185e-30)
(0.781329 -0.000825886 0)
(0.278454 0.0010749 1.38598e-30)
(0.796302 -0.00346621 0)
(0.280598 0.0031304 0)
(0.847424 -0.00636906 0)
(0.296272 0.00130983 0)
(0.910885 -0.00799844 0)
(0.327347 0.000421761 0)
(0.97408 -0.0075184 0)
(0.365732 0.000447868 -2.70743e-46)
(1.04376 -0.00829624 0)
(0.407636 -0.000243092 -9.03786e-30)
(1.11564 -0.00754721 0)
(0.454007 0.000559115 2.03032e-29)
(1.20491 -0.01068 0)
(0.509091 -0.000635616 7.75684e-30)
(2.00458 0.0439982 -1.58586e-34)
(1.88638 0.0220497 -5.85697e-21)
(1.97786 0.0520806 -1.60271e-22)
(1.47678 0.0282583 1.66407e-22)
(1.84837 0.0516737 -6.78816e-22)
(1.03672 0.0234037 2.95219e-22)
(1.66316 0.0400826 1.91833e-22)
(0.704817 0.0100662 3.59235e-21)
(1.47688 0.0238507 -6.47914e-28)
(0.548182 0.000160615 0)
(1.31224 0.0158564 0)
(0.464446 -0.00152779 -2.25024e-24)
(1.16977 0.0121896 -1.03546e-26)
(0.410308 -0.00158567 -1.02682e-26)
(1.04832 0.00970246 1.60262e-25)
(0.368842 -0.00110964 -8.20203e-26)
(0.953462 0.00648204 0)
(0.336913 -0.000925539 -5.17003e-25)
(0.878226 0.00457573 0)
(0.310357 -9.59542e-05 -2.21477e-26)
(0.823475 0.00310636 0)
(0.292102 0.000132601 4.67001e-31)
(0.79172 0.00102665 0)
(0.281709 -7.59522e-05 4.65855e-31)
(0.788045 -0.00354172 0)
(0.280852 0.00157214 0)
(0.832508 -0.00772392 0)
(0.288995 0.00188195 0)
(0.891616 -0.00951701 0)
(0.316194 0.000809557 0)
(0.95752 -0.00991075 0)
(0.353602 -0.000498999 4.60372e-30)
(1.02536 -0.0105059 0)
(0.394165 -0.000926204 -1.36645e-29)
(1.09739 -0.0114204 0)
(0.441345 -0.00183373 6.27765e-30)
(1.18021 -0.0132136 0)
(0.489715 -0.00238016 2.17944e-29)
(1.27318 -0.0148831 0)
(0.554115 -0.00251026 0)
(3.50227 0.643734 0)
(2.09037 0.184745 3.0294e-20)
(1.42805 -0.334803 -3.00535e-20)
(1.03393 -0.513679 -8.17301e-21)
(0.581834 -0.81451 0)
(-0.0491681 -1.08542 0)
(-0.623753 -1.00102 0)
(-0.769783 -1.04155 0)
(-0.743604 -0.905872 1.12513e-20)
(-0.271796 -0.92723 0)
(1.30153 -0.600082 9.26576e-22)
(2.75093 -0.505021 6.42292e-21)
(2.92358 -0.280717 0)
(3.00396 -0.321047 -4.06802e-21)
(3.07781 -0.209564 0)
(3.11293 -0.191679 3.70154e-21)
(3.13653 -0.112977 -3.25906e-21)
(3.16859 -0.0778354 -2.07709e-21)
(2.66934 -0.0545584 8.48552e-23)
(2.74041 0.73736 -6.18177e-20)
(1.75153 0.159498 4.92054e-20)
(1.24625 -0.0834388 -9.13183e-21)
(0.801389 -0.232242 1.7335e-20)
(0.115964 -0.518389 4.75919e-22)
(-0.517329 -0.695822 -6.43922e-21)
(-0.773513 -0.739094 -2.12046e-21)
(-0.813101 -0.721142 4.67318e-21)
(-0.327527 -0.794908 0)
(0.887294 -0.567105 -1.00076e-21)
(2.63346 -0.311882 -1.80522e-21)
(2.84346 -0.3109 -4.98798e-21)
(2.96362 -0.250375 3.45158e-21)
(3.00287 -0.128161 -2.17904e-21)
(3.0525 -0.109579 2.40132e-21)
(3.10088 -0.0406349 5.1966e-22)
(3.12351 -0.0638916 -6.84095e-22)
(2.59002 -0.0454108 -4.51256e-22)
(2.81656 -0.215563 2.37152e-21)
(2.83465 -0.0674785 8.89301e-22)
(2.951 0.0171826 -1.09519e-21)
(3.03591 -0.0256586 -2.31745e-22)
(3.10072 -0.00728185 -7.51775e-22)
(3.12018 -0.0361728 -3.91675e-22)
(2.53352 -0.0415273 -4.00383e-23)
(2.628 -0.0543522 6.87126e-23)
(2.55924 -0.0471371 -3.92184e-22)
(3.13632 -0.0674102 2.08435e-21)
(3.11257 -0.0563608 -2.17825e-22)
(3.14131 -0.108742 -1.42171e-21)
(3.09266 -0.0504311 2.03383e-21)
(3.08287 -0.0371498 5.46163e-22)
(3.11942 -0.063517 -8.1172e-22)
(3.08154 -0.0248671 0)
(3.08547 1.32288 -2.78931e-20)
(2.23919 0.856969 -1.69349e-20)
(1.50545 0.524583 -2.19153e-21)
(0.962345 0.28587 0)
(0.39056 0.241517 4.91726e-22)
(-0.333017 -0.0717474 5.92314e-21)
(-0.715474 -0.317476 -1.33315e-20)
(-0.815105 -0.304155 1.38292e-20)
(-0.310145 -0.515521 -6.54738e-21)
(0.575966 -0.47396 1.71576e-21)
(2.53887 -0.191444 -3.06407e-21)
(0.423195 -0.00979315 0)
(-0.0585993 0.000593799 0)
(0.289507 -0.00649158 0)
(-0.0969318 -0.000665564 0)
(0.198581 -0.00298203 0)
(-0.129418 -0.00131368 0)
(0.351791 -0.00810648 0)
(-0.0786788 0.000129561 0)
(0.240188 -0.00483725 0)
(-0.114852 -0.00122832 0)
(2.61524 0.248856 2.88462e-21)
(3.42488 0.508331 3.02685e-21)
(3.46296 0.665704 0)
(3.53091 0.840796 0)
(3.67073 1.05395 -4.43682e-21)
(3.53617 1.20138 -2.36274e-20)
(1.06045 0.0286015 0)
(3.25562 0.354092 -5.15448e-21)
(3.48986 0.470883 0)
(3.24267 0.215233 0)
(3.6953 0.422607 7.87373e-21)
(3.71022 0.581453 2.02245e-21)
(3.85127 0.505292 2.03792e-20)
(3.88708 0.762587 -1.94064e-20)
(2.95951 0.238615 8.76584e-22)
(3.56573 0.473285 1.71176e-21)
(3.61879 0.638969 0)
(3.70565 0.749234 -2.00502e-20)
(3.82641 0.85161 1.92887e-20)
(3.59632 1.06461 5.20076e-20)
(1.82644 0.0781205 2.47058e-22)
(1.60697 0.0634164 -2.46287e-22)
(1.41321 0.0512103 1.95724e-21)
(1.22817 0.0413305 -2.08081e-22)
(3.62202 0.293292 -8.90482e-21)
(3.53365 0.336007 3.61827e-21)
(3.10613 0.223107 -2.72444e-21)
(3.72988 0.36282 -2.07463e-21)
(3.66087 0.477158 -8.03224e-21)
(3.64876 0.380987 0)
(3.45297 0.331266 -2.42208e-21)
(3.3578 0.358607 -3.84044e-21)
(2.7971 0.241643 3.07948e-21)
(3.62517 0.402407 0)
(3.53837 0.518965 0)
(3.50866 0.446297 -1.7082e-21)
(-0.634671 -0.0188529 0)
(-0.50068 0.0015538 0)
(-0.469875 0.00236514 0)
(-0.810061 -0.0388236 0)
(-0.707764 0.00453217 0)
(-0.704679 -0.0296183 0)
(-0.588725 0.00146132 0)
(-0.749262 -0.0369417 0)
(-0.648807 0.00395057 0)
(-0.666141 -0.0236486 0)
(-0.539075 0.00146379 0)
)
;

boundaryField
{
    inlet
    {
        type            fixedValue;
        value           uniform (2 0 0);
    }
    outlet
    {
        type            zeroGradient;
    }
    wall
    {
        type            noSlip;
    }
    empty_zmin
    {
        type            empty;
    }
    empty_zmax
    {
        type            empty;
    }
    procBoundary0to1
    {
        type            processor;
        value           nonuniform List<vector> 
35
(
(2.72125 0.202896 -3.25616e-21)
(2.78753 0.0655523 9.59093e-22)
(2.95577 0.0744845 5.06178e-23)
(3.04769 0.00618024 -1.75247e-22)
(3.12248 -0.043824 -1.01324e-21)
(3.11233 0.01676 0)
(3.12248 -0.043824 -1.01324e-21)
(2.5148 -0.0388895 -5.98609e-24)
(3.08113 -0.0181822 0)
(3.04655 1.61309 5.46177e-21)
(2.5228 1.60749 -4.3018e-20)
(1.89465 1.44637 -1.97636e-20)
(1.25791 1.13034 1.72501e-20)
(0.55994 1.0629 -1.86643e-21)
(-0.00645766 0.909255 2.30546e-21)
(-0.422039 0.478606 0)
(-0.643624 0.231799 0)
(-0.157939 -0.112686 0)
(0.462721 -0.248154 0)
(2.34939 -0.206136 -5.86177e-21)
(0.159946 -0.00137417 0)
(-0.140104 -0.00185895 0)
(2.43076 0.244745 -3.22373e-22)
(3.36275 0.473952 0)
(3.28393 0.73823 5.70459e-21)
(3.40308 0.576931 1.4953e-21)
(3.34943 0.808344 -6.39196e-21)
(3.42278 1.23713 -4.49488e-21)
(3.37575 1.35937 0)
(0.90685 0.02007 0)
(3.15072 0.37092 -6.78521e-22)
(3.40308 0.576931 1.4953e-21)
(-0.599521 -0.0163852 0)
(-0.443987 0.000759643 0)
(-0.599521 -0.0163852 0)
)
;
    }
}


// ************************************************************************* //
