/*--------------------------------*- C++ -*----------------------------------*\
| =========                 |                                                 |
| \\      /  F ield         | OpenFOAM: The Open Source CFD Toolbox           |
|  \\    /   O peration     | Version:  2406                                  |
|   \\  /    A nd           | Website:  www.openfoam.com                      |
|    \\/     M anipulation  |                                                 |
\*---------------------------------------------------------------------------*/
FoamFile
{
    version     2.0;
    format      ascii;
    arch        "LSB;label=32;scalar=64";
    class       volScalarField;
    location    "2.68";
    object      initialResidual:p;
}
// * * * * * * * * * * * * * * * * * * * * * * * * * * * * * * * * * * * * * //

dimensions      [0 0 0 0 0 0 0];

internalField   nonuniform List<scalar> 
2367
(
-1.32756e-08
2.74998e-08
3.4361e-08
1.42426e-08
-2.06929e-09
-1.08378e-11
-7.87313e-10
-3.27944e-10
-1.13809e-10
1.27331e-11
-6.27939e-10
3.27177e-09
1.35693e-09
8.39643e-09
-6.6957e-09
-2.13726e-08
1.38955e-08
-4.86174e-09
1.1991e-09
3.5704e-09
1.86289e-08
1.80105e-09
-1.48585e-09
1.5001e-08
1.84946e-08
1.12247e-08
-4.78611e-09
5.69094e-10
-7.96234e-10
1.26233e-09
4.46971e-09
-3.72284e-09
5.26594e-11
-6.76166e-10
-4.07505e-10
8.78138e-09
-5.39316e-09
5.35595e-09
-3.9388e-09
-2.7625e-08
-8.91431e-09
-2.70003e-09
-1.24284e-08
1.24702e-08
-7.37206e-09
3.1887e-10
-3.20958e-09
1.91717e-08
1.68532e-08
-3.15378e-09
-1.07307e-09
-1.97779e-08
1.98555e-08
3.68979e-09
-2.29238e-09
4.28593e-10
7.22819e-10
-1.21795e-09
-4.79168e-10
-1.50697e-09
5.7388e-09
-1.32433e-08
1.91276e-09
-2.04319e-08
-1.09827e-08
-6.27939e-09
2.31216e-09
1.66333e-08
-1.91342e-08
7.6449e-09
1.37162e-08
9.4264e-09
-1.4038e-08
-1.99879e-08
-3.65645e-08
5.44965e-08
4.17789e-08
-4.66929e-08
-9.86774e-11
8.76526e-10
-3.64361e-10
7.976e-10
-2.27616e-10
-2.22436e-09
1.02725e-09
1.52237e-09
-6.39327e-10
-4.4965e-09
-2.28149e-09
-2.18061e-10
1.37855e-08
1.72671e-08
-4.79562e-10
7.08952e-10
3.08861e-09
-1.70991e-08
4.20363e-08
-3.36535e-08
2.34659e-08
-1.9053e-08
-4.01054e-12
-9.53315e-09
7.28592e-09
-7.27175e-09
2.26977e-08
-1.01418e-08
-8.14778e-09
6.40487e-09
1.2827e-09
2.04729e-08
-1.91799e-08
-2.77258e-09
-3.92618e-10
-6.40442e-10
-2.39187e-09
2.53738e-10
8.70355e-10
-7.0079e-09
-3.92525e-09
1.56253e-08
-3.07122e-09
-1.99242e-09
-1.52767e-08
-1.2814e-08
-8.22972e-09
7.4432e-08
-1.38581e-07
-2.47257e-08
-7.67198e-10
4.73867e-09
6.50484e-09
4.11161e-08
-3.95792e-08
-5.94234e-09
-1.32494e-09
1.47435e-09
-6.80613e-10
-3.0197e-10
1.55334e-09
-8.12037e-10
-3.33306e-11
1.89767e-08
3.52842e-09
2.32762e-08
-1.03153e-08
5.97883e-09
-3.41493e-08
4.56924e-09
-4.10663e-08
-2.23747e-08
-1.33409e-08
1.31672e-07
-1.42787e-08
1.03967e-08
6.19029e-08
-6.49934e-08
-7.34005e-08
7.43644e-08
1.75057e-09
-4.85652e-10
6.26321e-11
3.96744e-10
-2.27841e-09
4.52159e-10
4.93602e-11
-1.23418e-08
2.9674e-09
-1.02319e-07
1.3027e-07
1.98729e-08
3.02066e-09
-1.78987e-08
1.41753e-07
-7.46124e-08
-1.9569e-09
-6.78499e-09
-5.57273e-10
-9.40212e-09
-9.99354e-10
-3.47051e-08
4.32372e-08
-1.23563e-09
1.36562e-09
1.39873e-10
-1.40148e-10
-1.57335e-10
5.35516e-10
4.55569e-10
-1.28222e-11
4.75011e-09
-3.96466e-09
4.1167e-09
-9.17934e-08
-6.64194e-09
1.39892e-08
1.4828e-08
2.05013e-08
-1.40864e-07
-8.7221e-09
-7.86494e-09
-2.38264e-09
-3.35497e-09
-7.50415e-10
-7.57601e-10
1.06081e-09
-3.71772e-10
-2.21157e-10
2.86333e-10
-8.37476e-10
-2.74148e-12
-2.39208e-09
4.78858e-10
3.2087e-10
-1.9852e-09
1.64911e-10
2.74899e-08
-4.48469e-09
9.63898e-09
-1.7149e-08
-3.07848e-09
-1.14221e-08
2.72913e-08
1.18395e-08
-5.87489e-08
2.14938e-08
1.15015e-09
6.00159e-10
3.29588e-10
-3.05797e-09
6.31333e-09
-7.20266e-10
-2.67215e-09
-5.35248e-10
8.03051e-10
6.60439e-10
-1.07771e-10
-1.16671e-10
-2.78328e-09
-6.4938e-09
-1.15881e-08
9.76275e-09
1.3814e-08
2.03297e-08
-9.72119e-09
2.05334e-08
5.82155e-09
-1.35918e-08
2.54593e-08
1.9423e-08
-1.94658e-09
-3.80145e-10
-1.22092e-09
-4.75896e-09
-1.36164e-08
1.30972e-08
2.33882e-09
2.16975e-09
-2.07694e-11
-1.45539e-09
-1.175e-10
2.58507e-11
-1.78843e-09
-2.54701e-08
1.35119e-08
-4.1348e-09
-2.795e-09
1.69029e-08
2.78529e-08
-4.57126e-09
9.98285e-09
1.5567e-08
7.66579e-09
-5.90307e-09
3.70126e-09
8.76785e-09
4.36076e-09
-6.65055e-10
-2.53734e-09
3.03264e-09
1.50756e-09
-4.2677e-09
-1.04482e-09
1.25161e-09
-3.72714e-10
-4.32638e-11
-4.79248e-10
-1.51627e-07
1.60601e-07
6.32567e-09
8.24079e-09
-1.10296e-08
8.00371e-09
2.31321e-08
8.93064e-10
8.95463e-09
5.12586e-09
6.44784e-09
5.78935e-09
-2.54093e-09
-6.53479e-09
7.07838e-09
4.01186e-09
-2.80877e-09
1.66092e-11
2.93254e-10
1.3649e-09
-1.97646e-10
-1.50114e-10
-6.48656e-11
8.35996e-09
8.82063e-09
8.78107e-09
8.25139e-10
-2.23991e-09
-2.12566e-09
-6.59991e-09
5.86765e-09
9.65329e-09
1.51833e-09
6.02458e-10
2.50717e-09
2.3169e-09
-1.00053e-09
5.08968e-10
-1.02669e-09
-2.85711e-10
-2.33331e-10
-1.24775e-09
6.18995e-09
-1.04155e-09
-8.26537e-10
9.23714e-10
-1.05816e-10
1.22647e-09
9.7712e-09
4.86324e-10
-3.25889e-09
-2.0031e-09
-6.31733e-09
1.08059e-09
-1.45935e-09
-4.417e-09
1.67586e-09
1.10919e-08
-2.60055e-09
5.63966e-12
-3.53381e-09
-1.627e-09
1.12801e-09
-3.35857e-09
9.22258e-10
3.56645e-09
2.96866e-10
2.02049e-10
1.57248e-09
1.07811e-09
1.91534e-10
-1.39822e-09
-1.91403e-09
-5.38405e-09
-5.00861e-09
-2.76788e-10
-5.92598e-09
-4.62289e-08
4.28642e-08
-3.29879e-10
-1.06539e-08
3.40087e-10
-4.15539e-09
3.54868e-09
6.97455e-09
-7.21913e-09
-1.96898e-09
-1.29063e-09
3.03212e-09
8.16825e-10
-2.10639e-09
3.78461e-09
5.1606e-09
3.88416e-09
5.33579e-10
-8.64422e-10
-3.87707e-10
-4.78898e-09
-2.52098e-09
-4.2564e-09
8.02762e-08
-6.59491e-08
-1.03734e-07
8.65862e-08
-1.24372e-08
5.75355e-09
1.28263e-08
-2.07037e-08
1.61386e-08
5.12067e-09
-8.74151e-09
4.61898e-09
-8.22957e-10
4.33331e-10
4.40516e-11
2.71979e-09
-5.18547e-10
-2.91189e-09
-1.73912e-09
-3.89802e-10
-3.95987e-10
-1.46772e-09
-9.38605e-10
-1.40752e-09
9.85288e-10
4.40916e-08
-3.904e-08
-4.13181e-10
1.50665e-08
-2.38716e-09
3.89525e-09
-1.02387e-08
-5.97802e-09
1.27212e-08
-3.84541e-09
-1.94086e-09
3.10231e-09
2.79372e-09
5.48371e-09
-1.14071e-09
-2.64906e-09
-1.52728e-09
7.45043e-09
-2.21578e-10
-1.27186e-10
-3.81879e-09
-8.54042e-10
5.50705e-10
-8.44082e-10
1.33176e-09
-2.10801e-09
2.21546e-10
1.6249e-09
7.69697e-10
-2.34733e-09
1.12378e-09
-2.09246e-09
-9.94203e-09
8.27728e-10
-2.13464e-09
-4.38673e-11
4.14801e-09
4.58632e-09
-1.13521e-09
1.14801e-08
9.5903e-09
2.20894e-08
-3.06756e-10
-3.6447e-10
-5.20711e-10
-2.178e-09
4.6492e-10
1.08192e-09
-3.12559e-09
-1.23094e-09
-3.9392e-10
-1.12034e-09
-8.6014e-09
8.27547e-10
5.56286e-10
-5.59733e-09
2.76755e-10
-5.61847e-09
-3.961e-09
3.54813e-09
-8.99499e-09
-7.53393e-09
7.35333e-09
-2.41609e-08
5.21627e-09
-2.20921e-08
1.95015e-09
-1.43483e-09
-9.86314e-10
-5.95141e-11
-1.72168e-09
-1.55153e-09
-1.13327e-09
-7.52452e-10
-1.12386e-09
-2.71315e-09
7.23012e-10
-6.75422e-09
-1.44851e-08
4.99236e-09
9.00562e-09
-1.25896e-08
-1.7164e-08
-2.29048e-09
-3.85525e-09
-2.09987e-09
4.18468e-09
2.09233e-08
3.04972e-10
1.38799e-09
4.77088e-11
1.70619e-11
-4.0568e-10
-4.37786e-10
2.50338e-11
-1.93222e-09
-8.36729e-10
8.30012e-10
-2.2886e-09
-3.10632e-09
-4.07343e-09
-8.43376e-09
-1.47076e-09
-6.07816e-08
-2.9141e-08
4.14987e-08
-7.07048e-09
-7.75379e-09
6.64223e-09
-1.40625e-07
1.39489e-07
-4.0006e-09
-1.29943e-08
1.59597e-09
-3.79382e-10
-2.59033e-10
-9.23676e-11
-5.32407e-10
-3.46316e-11
-4.36422e-12
-1.69753e-09
-1.20123e-09
-1.14516e-09
-2.6387e-09
-3.58886e-09
-2.0321e-09
3.67529e-09
4.55326e-08
-3.01603e-09
-4.39209e-08
5.50817e-09
-9.9037e-09
4.77302e-08
-5.79816e-08
-1.30927e-08
-1.7684e-08
3.55482e-08
5.84386e-09
2.68622e-10
7.5817e-11
-6.83656e-11
-5.75906e-10
-8.07603e-10
-7.47332e-10
-4.85139e-10
-8.50148e-10
-1.27997e-09
-4.26946e-10
8.6053e-10
6.68549e-09
4.17276e-09
7.91312e-09
1.70193e-08
1.67443e-08
3.54589e-09
1.20292e-09
-1.02944e-08
-7.83518e-09
1.05596e-08
-2.12227e-08
-2.00955e-08
-4.61606e-09
7.13099e-10
1.03308e-10
-2.34452e-10
7.34025e-10
6.27224e-10
3.17217e-08
-4.62935e-08
2.59666e-08
1.37429e-08
1.388e-08
2.15935e-08
-1.98161e-08
-6.30322e-08
1.93482e-08
-8.56596e-09
-3.61114e-08
3.42905e-09
3.41033e-08
1.20703e-08
-1.68584e-08
2.60666e-09
-2.95376e-10
8.32299e-12
-9.45053e-09
8.38937e-09
8.77736e-10
-1.38596e-09
-1.49391e-09
-1.41629e-09
-1.69751e-09
-3.59239e-09
-5.7638e-09
-1.49089e-08
-1.65644e-08
-2.02248e-08
1.11471e-08
3.11415e-08
-6.38631e-09
-2.95513e-08
-2.14514e-08
2.07424e-09
-1.4757e-08
-2.05923e-10
2.88678e-10
1.35713e-09
1.17207e-09
8.75557e-10
-5.27564e-10
1.21869e-09
2.09594e-09
2.15799e-09
4.28642e-09
6.99492e-09
9.30618e-09
5.5131e-09
1.55114e-08
-2.95784e-09
-9.0176e-09
-1.88445e-08
-1.76116e-09
2.91018e-08
2.06423e-08
8.23407e-11
-3.94045e-11
-2.56474e-10
-8.20736e-11
-1.35823e-10
8.98801e-10
8.56503e-10
1.13236e-09
2.46914e-09
3.59848e-09
5.54966e-09
9.91112e-09
1.21482e-08
1.18076e-08
1.12131e-08
-8.05893e-09
-7.94489e-09
-1.7436e-08
6.09211e-10
-4.26028e-09
-7.57781e-09
-9.11794e-11
-6.08474e-09
4.49687e-09
-5.71336e-11
3.63748e-09
3.366e-09
3.39339e-10
1.746e-09
-2.84949e-10
9.90406e-11
-1.25778e-10
-2.36128e-08
-6.57961e-11
2.19098e-08
-4.0189e-09
1.82326e-10
-2.47969e-09
5.61152e-09
-1.79331e-10
-5.13394e-09
3.15095e-09
-1.14488e-10
1.96173e-09
1.15501e-09
1.698e-11
5.93616e-10
-2.27161e-09
5.20727e-10
-1.00749e-09
-9.53152e-10
-1.17897e-10
-7.7164e-10
-6.27654e-10
2.82261e-09
-5.42132e-10
-3.53609e-10
-1.21575e-08
-1.40965e-10
-3.56455e-12
1.22066e-08
4.59907e-11
-3.4336e-09
-9.1305e-09
2.62656e-09
8.36376e-10
2.94593e-09
2.83283e-10
-4.86101e-10
3.96035e-09
-3.94406e-10
-3.04319e-10
8.72036e-10
-1.39639e-10
1.47735e-10
-5.46685e-09
-4.64657e-10
-9.00461e-11
4.67827e-10
1.55026e-10
3.37991e-11
-1.0078e-10
7.98118e-11
-1.73676e-10
1.62795e-09
-3.55546e-10
1.54815e-09
2.60574e-09
-2.93785e-09
-6.1762e-09
7.29248e-09
6.01719e-09
-6.47346e-10
-3.54905e-09
3.6113e-10
7.15691e-10
-6.21542e-10
3.28202e-09
-1.3591e-09
3.96802e-10
-1.45586e-09
7.59615e-09
-2.98688e-09
4.71144e-10
1.72119e-10
3.76284e-10
-6.90779e-10
4.2534e-09
4.51016e-09
-6.88546e-09
3.06752e-09
-1.5612e-09
-2.84253e-10
-3.16193e-11
2.07314e-10
-1.55329e-09
1.18287e-09
-5.34827e-09
7.54387e-09
1.38109e-09
-1.64276e-09
-6.65062e-10
1.20492e-09
-4.04604e-10
3.27741e-09
-4.7269e-08
6.16484e-09
-3.21353e-09
5.71046e-08
-2.20094e-08
2.31183e-11
-1.79183e-10
3.70195e-10
5.12883e-08
1.24828e-08
-4.11955e-09
-4.0173e-08
-8.74094e-09
2.15829e-09
-4.42584e-11
-5.07814e-10
1.15514e-09
-8.67837e-09
7.92993e-09
-3.3646e-09
-4.19742e-08
-3.00382e-08
4.62365e-09
-5.58958e-10
-5.5407e-10
3.38475e-11
8.51766e-09
-9.67495e-09
4.94219e-10
4.21531e-08
4.12032e-08
-6.11871e-09
-5.35491e-10
9.5326e-10
-2.56899e-10
-5.6865e-09
9.19153e-10
-1.6872e-09
-4.9909e-09
-3.15462e-09
-7.2307e-11
5.31857e-10
-6.76402e-10
2.73539e-10
-2.43255e-09
-9.16986e-09
-1.74442e-09
-1.04624e-08
-1.29164e-08
-9.59823e-09
5.4926e-11
2.80189e-10
-5.6149e-10
-1.56051e-08
-1.33942e-08
-5.1661e-09
-6.94574e-09
-1.15069e-08
-1.18219e-08
1.4064e-10
6.75058e-11
3.44261e-11
2.80284e-08
-4.95526e-09
6.22348e-09
1.3808e-07
-1.11069e-07
2.57965e-08
1.34905e-10
1.20505e-10
1.39019e-10
2.89849e-09
7.61719e-09
2.77932e-09
1.93231e-08
5.522e-09
1.865e-08
4.52625e-10
-4.18447e-10
3.98929e-10
8.68262e-09
-6.48114e-12
-7.83327e-10
-5.17968e-09
-1.06542e-09
-3.75223e-10
-2.95614e-10
-1.38085e-10
-1.97247e-11
-1.48995e-09
-1.31534e-09
-1.18864e-09
-2.5325e-09
-1.21118e-10
-1.15799e-09
-2.42358e-10
5.61335e-10
-1.70887e-09
-1.07176e-09
-7.94782e-10
-5.86182e-10
-6.67916e-10
-4.24764e-10
-4.70018e-10
2.14485e-09
1.54617e-09
-9.16631e-10
-5.63893e-10
-3.92818e-10
-2.68472e-10
-4.93749e-10
-6.38522e-10
-3.00037e-10
2.01581e-09
6.45967e-10
1.42101e-09
-2.27034e-10
-1.349e-10
-1.97269e-10
-2.74794e-10
3.64582e-09
-4.08481e-10
-2.1558e-09
-1.93664e-09
-4.18235e-09
3.58997e-10
3.65572e-09
-3.2273e-10
2.36344e-10
6.4628e-10
-1.59494e-09
-2.88458e-09
7.54828e-09
5.44626e-09
-2.98358e-09
1.04472e-09
-1.47524e-09
9.8131e-12
9.68426e-11
6.8077e-10
1.54685e-08
-1.04218e-09
-5.76873e-09
-4.78432e-10
3.16355e-11
-5.21189e-10
1.28834e-11
2.45653e-10
-5.28959e-11
-1.23309e-08
4.91244e-10
1.3668e-08
2.67269e-10
1.46089e-10
-2.16812e-11
2.346e-10
1.72446e-10
-1.94418e-10
-1.40642e-09
-3.10245e-09
4.35293e-10
-8.60859e-11
-2.4966e-10
1.82311e-10
-1.84255e-10
-6.82876e-11
1.25359e-10
-1.1352e-09
-1.52516e-09
-2.17565e-08
-1.25672e-10
3.45038e-10
-2.92875e-10
-2.79841e-10
5.09256e-11
-3.89447e-11
-2.89701e-10
5.85205e-10
-4.74236e-11
-3.88058e-10
1.75139e-10
-6.94997e-11
-5.44213e-11
-6.20799e-11
1.52008e-10
-7.75309e-10
-9.87343e-10
-2.97651e-10
-6.0045e-11
-9.64895e-11
4.71169e-11
9.75474e-10
8.44099e-10
-2.08479e-10
6.64721e-11
-3.44568e-11
2.65019e-11
3.47013e-12
4.58906e-11
-6.7336e-13
6.50648e-11
-1.21402e-11
1.55863e-10
-3.77948e-11
-8.07032e-11
3.2124e-11
3.25154e-10
3.15686e-11
-7.02357e-11
1.96532e-11
2.29408e-11
-1.96229e-12
-5.50297e-11
2.10382e-11
-8.46097e-11
2.09432e-11
7.07805e-11
-1.83292e-11
-4.10984e-11
1.12917e-11
-4.10943e-11
1.50967e-11
-3.70757e-11
2.74843e-11
7.35283e-11
-1.23725e-13
1.23381e-10
6.09922e-12
2.99437e-10
-5.6173e-11
-2.80812e-11
-1.37703e-10
-1.03266e-09
4.06524e-10
-1.09216e-08
1.07991e-09
8.26862e-10
-1.40513e-09
3.75392e-10
-3.5546e-11
-6.67074e-10
5.3333e-11
7.42892e-10
-1.12504e-10
2.69421e-10
7.06686e-11
-3.79803e-10
8.86171e-12
-4.07288e-11
3.33742e-11
1.31651e-11
-7.07843e-12
-8.59603e-11
3.10135e-11
3.51363e-11
1.18587e-11
-4.05772e-11
-1.4244e-12
-1.28472e-11
2.14188e-11
-3.60969e-11
2.67158e-11
-1.26608e-11
2.1829e-11
9.05778e-11
2.83915e-11
1.66416e-10
-1.02461e-11
1.51241e-10
-7.02676e-11
-1.62708e-09
5.47447e-10
-6.99313e-10
3.04314e-10
6.41279e-09
-3.00672e-09
1.45041e-09
-3.46666e-10
-1.78223e-09
5.03611e-10
-2.79208e-10
5.82686e-11
4.28447e-10
-1.62639e-10
-1.06224e-09
-1.61441e-09
-2.54137e-10
1.93398e-10
-6.20837e-11
1.49275e-11
-3.46974e-09
2.23799e-09
5.66462e-10
-1.26937e-09
4.25394e-10
-9.44956e-10
2.17073e-10
4.5897e-10
-4.619e-10
9.21692e-10
-9.55673e-10
2.92982e-09
-1.73719e-09
2.99033e-09
-9.25135e-10
-2.32433e-09
6.78479e-10
2.60171e-10
-1.82184e-10
-6.02388e-11
1.59178e-10
-1.29166e-10
4.05371e-10
-5.4764e-10
2.47837e-10
1.97147e-09
3.47829e-09
6.70188e-10
5.67652e-10
-2.37455e-11
1.93717e-11
8.79737e-10
-1.59443e-10
-2.4429e-11
1.8001e-10
-2.40917e-11
-4.95841e-11
-2.85464e-11
-3.05373e-11
5.4242e-11
-1.55e-10
-7.47389e-11
2.15433e-11
-2.17681e-10
1.92228e-11
6.3583e-11
-3.13271e-11
5.95173e-11
3.24769e-12
3.57937e-10
-1.26871e-10
-1.0284e-10
3.55687e-11
-1.44878e-10
2.00366e-11
-3.96846e-12
1.91209e-11
7.65683e-09
-1.89221e-09
1.65271e-09
-4.06938e-10
-2.23164e-09
7.66078e-10
-2.03045e-10
1.10312e-10
2.64415e-10
-2.1059e-10
1.41441e-10
-2.99391e-10
3.82328e-11
6.13558e-11
-2.10715e-09
-3.19005e-09
4.24414e-10
1.64793e-10
3.66382e-10
1.42891e-10
-1.10372e-09
5.15039e-10
3.39542e-10
-1.09786e-09
-8.30873e-11
-1.17801e-10
1.16504e-14
-5.4078e-11
-7.951e-11
-1.27349e-11
1.3384e-11
-3.58091e-11
-4.04158e-11
2.06427e-11
-5.53634e-11
-7.52112e-12
8.69478e-11
-1.82784e-11
4.08004e-11
-1.52717e-11
5.40271e-11
6.8747e-11
-6.08009e-11
1.32988e-11
1.06268e-10
-5.92529e-12
6.35692e-11
-1.09196e-11
4.09642e-08
3.58746e-09
7.40007e-09
5.22722e-09
-2.79018e-08
-1.41068e-08
-1.9655e-09
-9.45601e-09
-5.27389e-10
-1.89047e-09
-1.15069e-09
2.1017e-08
-2.6573e-09
-5.63998e-09
5.92386e-09
-5.03377e-09
-6.91627e-09
-9.93298e-09
-3.64106e-09
-6.67456e-08
5.72786e-08
-1.54458e-09
6.16437e-10
5.14165e-10
1.52039e-10
1.29271e-10
1.92253e-09
-7.24232e-11
-3.91852e-10
-5.23424e-10
1.778e-10
9.18304e-10
-7.72855e-10
6.27052e-08
1.18471e-08
2.47816e-09
-1.52907e-08
5.16186e-09
-1.01998e-08
1.28149e-09
7.12338e-09
5.31619e-10
5.44073e-09
1.07453e-08
-2.85442e-09
3.44957e-09
2.89185e-09
-1.25966e-08
2.43722e-09
-6.26622e-09
-5.19247e-09
1.1493e-09
-4.39789e-10
8.76435e-10
1.21647e-09
-2.83509e-09
4.40388e-09
-1.02669e-08
1.83291e-09
-3.43066e-09
-2.38597e-09
-3.33822e-09
-5.14181e-10
-4.89778e-10
1.56597e-09
-3.75485e-11
-4.74152e-10
-3.3339e-10
5.02028e-09
6.94533e-10
2.01656e-08
1.0374e-08
9.82132e-09
-5.59379e-10
2.23039e-09
1.06668e-08
-9.91716e-10
-3.68866e-10
5.2372e-09
-1.48488e-09
-1.09645e-09
1.49514e-09
-9.42983e-10
-8.90469e-10
-4.16784e-10
-1.76804e-11
-3.16214e-10
1.15557e-09
-1.07678e-09
-2.33464e-10
-7.65743e-09
7.02763e-09
4.264e-10
7.88011e-10
2.04703e-09
3.00046e-09
4.21799e-09
4.75019e-09
-4.50678e-11
3.20814e-10
1.3292e-09
2.38236e-09
-2.04014e-08
1.69892e-08
1.87165e-08
-1.8002e-08
4.75134e-11
1.20551e-10
1.94029e-09
2.49152e-09
6.30269e-10
2.39966e-10
-7.65329e-10
6.50305e-10
-6.54646e-10
7.39576e-09
-6.02451e-09
-7.0977e-10
-1.40171e-10
-1.19511e-10
-9.11434e-10
-4.72309e-10
-2.86686e-10
3.33547e-10
2.64074e-10
1.90304e-09
-2.2374e-09
-6.22081e-11
1.69785e-10
1.77417e-10
-1.05257e-09
-1.34754e-10
-7.76622e-10
9.35539e-11
-2.01197e-09
7.48805e-09
1.41666e-10
-1.51454e-09
-1.39019e-10
-1.52956e-09
-9.67323e-10
-4.24041e-10
-1.00171e-09
5.7799e-09
-1.54541e-09
-6.04886e-09
-1.16139e-09
2.17739e-09
-4.56413e-09
-2.25541e-09
3.43923e-10
-4.12797e-09
-2.95054e-09
-1.14466e-09
-4.59079e-11
-2.46309e-10
3.96256e-10
-1.22456e-10
3.68523e-10
-1.21271e-10
4.63561e-10
-1.32431e-09
-7.50524e-10
-3.59147e-10
-1.53051e-10
-8.61541e-10
-1.44593e-09
-4.27724e-09
-3.4389e-09
1.18698e-09
2.75281e-09
-1.01177e-09
-2.20682e-09
-3.39653e-10
-3.13814e-09
-1.89597e-09
-5.54197e-09
3.89738e-09
-7.3653e-11
-1.56231e-10
4.29437e-10
3.28217e-10
1.8418e-09
2.14928e-10
6.42743e-10
1.17426e-09
-1.75531e-09
-1.69637e-09
2.83581e-10
-4.65273e-10
-8.68504e-11
-2.56456e-09
-8.80765e-10
1.61054e-09
2.42745e-09
-5.02056e-09
1.97381e-11
-1.03541e-09
-8.52097e-10
-8.06979e-10
-3.70263e-10
1.20093e-09
1.09521e-10
-5.57744e-10
-1.58426e-10
2.89897e-10
1.47522e-09
1.1865e-09
-4.01187e-10
9.79603e-10
2.67588e-09
-1.21145e-10
-2.50524e-09
7.89449e-10
3.3713e-10
-6.46155e-10
9.83839e-10
4.0512e-10
-4.47618e-09
-5.48764e-10
4.80852e-10
-9.81547e-10
-1.13914e-11
-4.51722e-10
-1.70227e-10
-6.05868e-10
-2.30799e-10
3.374e-10
-8.85008e-10
-4.68947e-10
-1.71488e-09
-1.75576e-09
4.37334e-10
3.70317e-11
6.64779e-10
3.58206e-09
-2.01296e-09
-1.08926e-10
-3.61166e-10
2.38971e-10
-8.54937e-10
3.40035e-10
-9.00981e-10
2.43384e-10
2.88489e-11
-1.90795e-10
-6.33732e-10
-1.65423e-10
-4.86162e-10
3.10071e-10
5.12594e-10
-6.04915e-10
-4.07064e-11
9.01258e-10
-1.16576e-09
5.93612e-10
6.08469e-09
3.84323e-10
-2.8312e-09
-9.08856e-10
-9.50153e-10
-1.98266e-09
-3.70378e-09
1.91003e-09
5.06956e-10
8.4691e-10
-1.15248e-10
-7.72586e-10
-2.76008e-10
4.72982e-10
-1.03716e-09
-2.03571e-11
-4.96827e-10
1.49786e-10
1.43999e-10
5.54943e-10
1.3207e-10
1.08139e-10
3.42222e-08
6.52542e-09
-7.37989e-09
-2.54171e-09
1.46689e-09
-3.05739e-09
-6.0717e-10
6.62673e-10
5.28475e-09
3.28066e-11
-1.14268e-09
4.78976e-10
4.07301e-10
1.66837e-10
-4.23985e-10
9.13521e-11
-5.70927e-10
-3.80708e-10
-3.86637e-10
-6.65193e-10
2.74531e-10
2.36657e-10
-1.25137e-09
2.68842e-08
-4.8464e-08
3.06236e-09
-6.14562e-09
6.33851e-09
4.33899e-09
1.26259e-09
1.8173e-09
4.3909e-09
9.34279e-10
-3.90232e-09
2.45122e-09
9.90301e-11
-8.04779e-10
5.25939e-10
1.29204e-10
-3.79439e-11
3.74161e-11
-4.85752e-10
-3.55191e-10
-7.32057e-10
3.69251e-11
-1.80245e-10
-1.46457e-10
-9.04569e-09
1.91124e-08
-2.67453e-08
1.90799e-08
2.32606e-09
2.60018e-09
-1.65466e-09
-1.1098e-09
3.64555e-09
-9.5138e-09
-5.20288e-09
-4.11537e-09
7.5793e-10
-1.42603e-09
-1.84243e-09
-2.23963e-10
-3.6235e-10
2.70885e-10
-3.10217e-10
-3.92262e-10
-2.15851e-10
-2.01652e-10
-3.35811e-10
1.32158e-10
1.10819e-09
8.15862e-09
1.95333e-08
-1.05611e-08
-9.3228e-09
-1.44453e-07
1.49397e-07
1.84665e-09
-3.37787e-09
-1.01712e-09
-1.03853e-09
-6.27022e-09
-3.71477e-09
-2.29672e-09
-1.44523e-09
-1.14527e-09
-8.28629e-10
-1.19771e-10
-1.15723e-10
-1.60737e-10
-4.23497e-10
-2.97988e-10
-1.59359e-10
1.56073e-10
2.75837e-10
-8.81404e-09
2.23245e-08
-1.77094e-09
6.27357e-09
2.49995e-09
5.74477e-09
2.82869e-09
-1.93783e-09
2.12307e-10
3.01977e-09
1.0646e-08
-1.52967e-09
-1.25103e-08
-3.56391e-09
-1.68933e-09
-7.70543e-10
3.46153e-11
-7.65093e-10
-8.82509e-10
-2.77273e-10
-2.86959e-10
-6.30986e-11
-7.63603e-13
-1.71543e-10
8.32594e-10
-1.22194e-08
9.18657e-09
-6.83327e-09
-5.46845e-09
-4.06121e-09
4.98501e-09
-4.33234e-09
5.64459e-09
7.65603e-09
-1.09862e-08
-8.48215e-09
9.06961e-09
4.90522e-10
1.03057e-11
-1.10145e-09
-1.37639e-09
-1.31845e-10
9.24742e-10
5.65496e-10
-2.94227e-10
-3.6616e-09
-8.37409e-11
2.70627e-10
-1.6203e-09
-2.02295e-09
-4.37349e-09
-8.08381e-09
-9.87746e-09
-5.89546e-09
-4.32904e-09
1.00428e-08
-3.45572e-09
-3.56927e-08
-3.29025e-09
-1.45942e-07
1.49303e-07
-3.83838e-09
5.70848e-08
-5.23772e-08
7.61716e-10
2.10919e-09
1.607e-09
-3.17668e-10
1.54613e-10
1.13993e-10
-2.62161e-10
-1.18466e-09
5.07388e-10
-1.71299e-09
-1.6689e-08
-4.34588e-09
1.10356e-09
5.34091e-10
-5.68772e-10
-5.90476e-09
-1.55691e-08
1.34856e-08
4.88047e-09
-1.05006e-08
-1.04131e-08
-2.37194e-09
-3.25773e-10
2.34431e-09
1.21277e-09
-6.78298e-10
-3.61521e-09
8.89311e-10
1.76632e-10
-1.64259e-09
4.1285e-11
3.64681e-10
-2.73143e-09
-4.47999e-09
-8.52968e-09
-3.90304e-08
-1.42018e-08
3.76413e-09
-3.77336e-09
-8.52983e-09
1.17671e-08
3.88827e-09
-2.33261e-09
1.6066e-09
1.17782e-08
6.79762e-09
-5.10745e-09
-1.51667e-09
-5.25827e-09
-2.93943e-09
1.89007e-09
1.47502e-09
1.31024e-10
5.06763e-11
-3.28743e-11
-2.06723e-11
-1.35874e-09
-1.13006e-10
-9.26122e-09
-2.19592e-08
-8.73602e-09
-3.3447e-10
-3.86686e-09
4.49979e-09
-6.42334e-09
-4.31077e-09
5.98317e-09
6.61745e-09
-9.69858e-10
-8.18076e-10
6.83939e-09
1.6075e-09
6.00515e-09
4.04263e-09
-3.03959e-11
-3.18463e-10
1.31385e-10
-7.44627e-12
-2.39817e-11
-3.78538e-11
6.03078e-10
5.50987e-09
2.65846e-07
-2.30867e-07
2.19746e-08
-4.33662e-09
1.03592e-08
2.12982e-08
2.04448e-08
-5.06911e-09
-2.40744e-09
3.37872e-09
6.48698e-09
7.22933e-09
5.04057e-09
3.22542e-09
1.35934e-09
-5.01937e-10
1.08825e-09
8.95067e-10
6.24908e-10
1.15396e-10
-2.30754e-10
-6.93278e-10
1.03184e-09
4.94947e-09
-1.59302e-08
3.88168e-08
2.50117e-08
1.32477e-08
1.69135e-08
-6.36161e-09
2.22177e-09
1.93165e-08
9.84596e-09
6.91588e-09
2.80637e-11
1.70707e-09
4.34987e-10
2.89654e-10
-8.66504e-10
4.49059e-10
2.72481e-09
1.89207e-10
-1.12814e-10
3.94546e-11
-7.4223e-11
7.62217e-10
-4.47413e-09
-3.33765e-10
-1.41581e-09
7.60974e-09
7.07206e-09
-3.54797e-09
-5.84096e-09
-3.21677e-09
-3.72016e-09
-4.44088e-10
-2.39796e-10
-2.41321e-09
6.16644e-09
6.74811e-10
-6.76489e-10
-1.34707e-09
2.9639e-10
2.73076e-09
1.88047e-10
-9.67519e-10
1.86379e-09
-2.15065e-10
2.57893e-09
-3.36305e-09
1.7436e-09
3.76606e-10
6.9868e-09
-2.21263e-09
2.16436e-09
-1.15315e-08
-3.27173e-09
1.48862e-09
-2.68601e-09
-5.01561e-09
3.63961e-09
-2.36261e-09
1.54184e-09
2.58332e-09
3.45682e-10
1.75678e-10
9.99955e-10
-1.50604e-09
-2.05315e-09
-3.43759e-11
8.12924e-10
8.14789e-10
-3.46157e-10
-5.52736e-11
2.33369e-10
1.56857e-11
1.54409e-10
-4.77212e-10
-3.90376e-09
-1.43973e-09
-1.17776e-09
3.42193e-11
-2.58788e-09
2.78243e-09
-6.16722e-10
2.59962e-09
-4.26937e-09
5.102e-10
-1.99602e-10
-1.63455e-10
1.6978e-09
1.55441e-10
-1.19022e-09
9.16436e-10
8.35391e-10
-8.34057e-10
1.09713e-10
1.19883e-10
3.90632e-11
-3.41645e-11
-4.86704e-10
-1.32772e-09
2.0415e-11
-5.92305e-10
4.97988e-10
2.32709e-10
-1.33096e-09
1.74998e-09
-2.26135e-09
-1.93798e-10
8.75808e-09
4.53257e-09
-3.9817e-10
-1.39243e-09
-1.19519e-09
1.06072e-09
-2.50405e-10
-1.69232e-09
-2.97579e-09
-1.92011e-10
-1.65168e-10
7.48414e-12
-9.3158e-11
-2.67223e-11
-2.80018e-11
6.53032e-11
-1.06226e-09
1.39922e-10
1.73467e-10
-2.52012e-10
3.19077e-10
-6.57919e-10
-6.95889e-10
-6.44614e-11
2.99401e-10
2.73657e-10
-5.87161e-10
-3.44256e-11
2.49756e-11
3.70582e-10
1.08955e-10
-3.24313e-10
2.33254e-10
-1.26108e-09
-1.63582e-10
3.15633e-10
2.30616e-10
-1.03681e-10
-1.38547e-10
-4.49009e-11
-3.06195e-11
-4.33322e-11
-8.80938e-11
2.36299e-10
-1.17407e-10
-1.04659e-10
1.03391e-09
-1.6036e-10
-2.48489e-10
6.18258e-11
-2.22214e-10
-1.58189e-10
8.62644e-11
-1.17629e-10
-3.36654e-11
2.68648e-10
-1.04531e-10
-7.48834e-11
1.16661e-10
4.2275e-10
-6.06732e-11
-2.05556e-12
6.19995e-11
8.92661e-11
1.9469e-10
2.44224e-11
-1.4957e-11
2.24916e-10
1.35337e-10
1.83982e-11
-4.50739e-10
2.1339e-11
-2.14664e-11
-7.06122e-11
-1.0834e-10
1.62846e-10
-1.68764e-09
2.1607e-09
2.16761e-10
4.84253e-10
-1.12083e-10
-4.49845e-10
2.29945e-10
-1.26086e-10
2.09769e-10
-1.89629e-09
-9.4953e-09
3.90605e-09
-3.94674e-10
6.35068e-10
-1.25482e-09
-5.07927e-11
1.10993e-10
-5.91487e-10
-6.47556e-10
1.42413e-10
3.55947e-11
-1.41832e-10
-1.81276e-10
-5.21886e-11
-2.51629e-11
4.98934e-11
-2.16793e-09
-1.74341e-10
-4.59684e-10
-2.37053e-10
3.18563e-10
1.75989e-09
1.13801e-10
2.91298e-10
-4.45205e-10
1.46799e-10
1.62053e-10
-4.62226e-11
3.43063e-11
6.99828e-11
5.05254e-10
2.39015e-10
-9.23864e-11
-6.24415e-10
-4.05847e-10
-3.40389e-10
6.28332e-11
8.03948e-11
4.84176e-10
1.22465e-09
-4.64181e-11
1.45792e-10
-2.88092e-10
-1.2552e-10
-8.27211e-10
-6.77678e-11
-1.48508e-10
3.11413e-10
1.46504e-10
-1.91303e-10
8.2015e-10
-4.62596e-11
1.0852e-09
-8.00573e-10
1.59672e-10
7.53408e-10
-7.81143e-10
-2.44075e-10
-6.2384e-11
-5.39205e-10
-1.41853e-10
-7.70179e-10
-4.50723e-10
1.05642e-09
7.30119e-10
-7.56344e-11
4.51692e-10
-2.12473e-10
-1.19295e-09
1.60915e-09
4.3142e-10
1.25572e-10
-2.15108e-09
1.90967e-10
9.02838e-10
-1.02015e-09
-7.92035e-10
-5.68589e-10
-9.91594e-10
-3.56045e-10
1.52469e-10
1.01958e-09
-2.53612e-09
4.67135e-10
-3.06226e-09
7.42627e-09
-2.32213e-08
-4.15589e-10
-2.78277e-10
1.24462e-10
-4.01622e-09
1.33091e-09
-4.57298e-10
-8.27232e-09
9.97453e-09
7.04672e-09
-1.77109e-10
-1.19214e-11
-4.22915e-11
4.36144e-09
-2.57514e-10
8.85594e-10
8.53278e-09
-5.1904e-09
-3.86038e-10
-3.16003e-12
3.80163e-11
-3.09424e-11
-1.04755e-09
4.09756e-10
4.61109e-10
-2.92102e-09
-5.27979e-10
9.24666e-10
2.15239e-10
5.93289e-11
-3.09606e-11
4.21529e-10
2.2614e-11
3.29419e-11
8.08054e-10
7.76536e-10
-4.81018e-10
1.02589e-10
-1.09564e-11
2.31605e-11
1.75101e-10
-1.22116e-11
-5.02961e-11
8.8133e-10
7.88209e-11
3.07605e-14
3.34762e-09
-7.2868e-11
1.8786e-10
-1.78125e-10
5.36026e-11
-2.32909e-10
-3.49286e-11
1.67828e-10
-1.95884e-10
-7.10107e-10
6.09335e-10
-7.48318e-10
7.28957e-10
1.71087e-10
-8.98446e-11
-2.83124e-10
-9.53804e-10
-9.03209e-11
-1.77536e-09
1.75219e-09
7.3093e-10
-3.22149e-10
-3.49649e-10
1.20451e-11
-1.46917e-10
-2.35568e-10
-5.18541e-11
-1.52142e-10
4.81246e-10
-8.27213e-11
-2.75469e-10
-1.88023e-10
-2.7025e-11
5.71075e-11
-1.71751e-10
-1.72466e-10
1.36225e-10
1.4259e-10
3.38136e-10
-1.20971e-10
-3.06771e-11
1.35471e-10
-3.91536e-10
9.09843e-10
-1.52738e-10
2.90902e-10
6.66257e-10
1.22899e-10
-3.20571e-11
1.27275e-10
-6.33216e-11
-7.64871e-10
-7.27731e-10
-4.60567e-10
2.61339e-10
1.10004e-09
3.64964e-11
5.22224e-11
-4.96742e-09
-1.34355e-10
-8.98603e-11
4.6815e-09
3.55709e-09
4.79868e-10
8.4738e-11
1.55055e-09
1.46584e-09
3.26921e-10
-2.34632e-09
-9.7189e-10
1.32168e-11
2.39162e-09
-8.81571e-10
9.98075e-10
-8.44047e-10
2.13328e-10
-1.41239e-10
1.02762e-10
-1.62856e-10
-1.62125e-10
5.32227e-11
1.45335e-10
-1.37332e-10
-1.85619e-10
1.47307e-10
2.21935e-10
-9.81557e-10
-8.74052e-10
-2.15867e-10
1.10437e-09
3.26263e-09
2.85182e-09
-9.85874e-10
3.14945e-09
3.93204e-10
-2.18365e-09
-1.46932e-09
-5.46234e-10
-1.51545e-10
-1.69705e-10
-8.57659e-10
7.98684e-10
-1.29374e-09
-5.63263e-10
-2.87808e-10
1.69049e-09
-8.56388e-10
-2.98026e-09
-2.01046e-09
1.95089e-09
3.70639e-09
-3.83601e-09
-2.25922e-09
-3.06577e-09
1.9841e-09
1.05038e-09
1.58946e-09
-1.31814e-09
-1.56568e-09
-1.23102e-09
2.79356e-09
-1.86911e-09
1.1198e-09
-6.68429e-10
-1.1267e-09
-9.67326e-10
3.86216e-10
-2.08554e-09
1.39328e-09
4.32786e-10
1.69972e-09
-1.49521e-09
-1.33155e-09
9.73168e-10
1.01814e-09
1.79429e-09
2.546e-09
-2.08344e-09
1.25453e-09
-4.10791e-09
2.13788e-09
1.56003e-10
3.18694e-09
-1.39556e-09
1.6406e-10
1.29085e-10
-1.10119e-09
1.27388e-11
2.93953e-12
-3.00793e-09
-1.14313e-10
-1.11401e-10
1.43254e-09
1.05825e-10
-1.01259e-10
-6.23184e-11
-1.03656e-10
2.81801e-09
-1.18708e-10
-4.10032e-11
-1.00912e-10
-3.74617e-11
-5.20931e-11
-2.04939e-11
3.99376e-11
-2.6328e-11
2.93054e-12
-1.23037e-11
4.62414e-10
-1.6058e-11
2.11948e-10
-2.92989e-10
-1.4432e-10
2.38463e-11
7.35977e-11
-4.51008e-11
8.52526e-11
-1.00851e-11
5.28385e-11
-1.00885e-11
3.8019e-11
-6.45644e-12
3.2157e-10
4.80125e-11
-1.16053e-10
4.21542e-11
-3.48623e-11
1.27265e-11
5.71887e-12
2.87167e-11
1.79766e-11
3.12239e-11
1.03683e-10
1.76273e-11
9.35007e-11
1.24059e-11
7.34846e-11
-5.21716e-11
5.51227e-11
-6.52496e-11
-1.25285e-10
-5.39569e-11
-1.56727e-12
-9.23433e-11
-8.00804e-11
-2.43831e-11
-1.81387e-11
-2.17567e-11
5.7239e-11
-2.38221e-11
1.13971e-10
-4.21244e-11
7.9721e-10
1.99068e-10
-1.97553e-10
3.99027e-11
-3.90903e-11
-1.45343e-11
1.48827e-10
-6.37728e-11
4.95279e-11
-1.1758e-11
2.61418e-11
-3.6699e-12
1.62524e-11
-3.26055e-11
-1.45594e-10
6.08313e-11
1.08959e-11
2.42892e-11
-5.29743e-12
4.2186e-11
4.04369e-11
3.16415e-11
-7.91091e-12
4.45782e-11
8.78422e-11
3.99532e-12
1.60005e-10
8.52658e-12
6.77364e-11
-5.37523e-11
-3.00769e-10
-1.12088e-10
1.56046e-10
-6.28323e-11
-4.76367e-11
4.22264e-11
-2.56938e-11
2.17792e-11
-4.64592e-11
3.57106e-11
-2.43013e-11
1.39137e-11
-2.01993e-10
1.04561e-10
-5.27336e-11
3.76084e-11
-4.98206e-11
1.16865e-11
-1.88232e-11
1.72953e-11
8.40177e-12
9.93313e-12
2.41324e-11
8.41102e-13
-1.39726e-11
-4.29985e-12
-4.8989e-11
-5.48979e-12
-2.19269e-11
1.09493e-12
-2.62462e-11
8.94786e-12
-1.26358e-10
3.25394e-11
6.35026e-11
-2.01579e-12
-7.6359e-11
-1.36498e-10
-9.72785e-12
3.77646e-12
7.57436e-12
-9.87282e-12
-1.37435e-11
-1.6505e-11
-1.23549e-11
-9.81029e-12
-1.06044e-11
7.78077e-13
-2.48215e-11
1.60911e-11
6.25918e-12
1.77518e-11
-6.71109e-11
9.99631e-11
3.22539e-11
2.1456e-11
2.53817e-11
1.45624e-11
1.52349e-12
1.51788e-11
3.43211e-11
8.1424e-12
2.31686e-11
3.69833e-12
1.7817e-11
-1.84739e-12
-5.87749e-11
2.79976e-12
-9.38969e-12
-2.21293e-11
2.42702e-11
-1.00792e-11
-1.4237e-10
4.88391e-11
-2.57435e-11
3.16753e-12
9.87586e-11
-1.38488e-11
1.69018e-10
-2.61541e-11
1.58165e-11
-2.67516e-11
-7.89815e-12
-2.78437e-11
-1.59729e-11
-1.28135e-11
-1.05474e-11
-4.98578e-12
-1.53449e-11
9.36417e-12
-1.95793e-11
1.89412e-11
8.06149e-11
1.4036e-11
-3.5231e-11
1.12668e-11
2.28674e-11
1.35278e-11
1.05086e-11
1.64851e-11
9.66992e-12
1.26583e-11
)
;

boundaryField
{
    inlet
    {
        type            zeroGradient;
    }
    outlet
    {
        type            zeroGradient;
    }
    wall
    {
        type            zeroGradient;
    }
    empty_zmin
    {
        type            empty;
    }
    empty_zmax
    {
        type            empty;
    }
    procBoundary1to0
    {
        type            processor;
        value           nonuniform List<scalar> 
35
(
-3.8034e-10
-1.06385e-09
3.24492e-09
-1.43426e-10
1.09114e-09
1.09114e-09
4.49139e-10
-1.33343e-10
-4.02478e-11
-2.8945e-09
3.67446e-09
9.83907e-09
9.39935e-09
2.26863e-08
1.17522e-08
-5.05673e-09
-7.53847e-09
4.62239e-09
7.92276e-09
-9.80399e-10
2.64522e-12
-1.85489e-11
-4.22756e-09
-9.74417e-10
-2.58863e-09
-2.58863e-09
4.43342e-09
-1.17548e-08
-4.10089e-09
1.95326e-09
2.54309e-09
-2.15307e-09
4.4051e-10
-7.46792e-11
-7.46792e-11
)
;
    }
}


// ************************************************************************* //
