/*--------------------------------*- C++ -*----------------------------------*\
| =========                 |                                                 |
| \\      /  F ield         | OpenFOAM: The Open Source CFD Toolbox           |
|  \\    /   O peration     | Version:  2406                                  |
|   \\  /    A nd           | Website:  www.openfoam.com                      |
|    \\/     M anipulation  |                                                 |
\*---------------------------------------------------------------------------*/
FoamFile
{
    version     2.0;
    format      ascii;
    arch        "LSB;label=32;scalar=64";
    class       volScalarField;
    location    "0.07";
    object      p;
}
// * * * * * * * * * * * * * * * * * * * * * * * * * * * * * * * * * * * * * //

dimensions      [0 2 -2 0 0 0 0];

internalField   nonuniform List<scalar> 
2367
(
0.00363196
0.0123522
0.00997554
0.00700875
0.00512652
-2.60814
-2.59251
-2.61947
-2.62717
-2.62199
0.00118872
-2.23529
-2.20899
-2.17834
-2.20316
-2.13106
-2.08889
-2.2166
-2.38859
-3.11543
-4.11522
-5.19274
-6.29689
-6.65276
-6.28197
-5.7586
-5.03827
-4.31953
-3.52873
-3.04426
-2.79395
-2.61988
-2.50663
-2.49296
-2.46848
-2.059
-2.06122
-2.00612
-2.18725
-2.2221
-2.25713
-2.28821
-2.5194
-2.9198
-3.60873
-4.38346
-5.47783
-5.66776
-5.47426
-5.04938
-4.28878
-3.56582
-3.00642
-2.67984
-2.4664
-2.32031
-2.21707
-2.22303
-2.15364
-1.79116
-1.91476
-1.98806
-2.10961
-2.35493
-2.7303
-2.56896
-2.545
-2.54521
-2.89417
-3.38682
-4.00567
-4.21387
-4.19736
-3.82605
-3.22101
-2.76283
-2.47829
-2.26552
-2.10538
-1.9891
-1.9272
-1.95067
-1.88347
-2.32165
-2.27861
-2.21033
-2.31174
-2.09799
-1.95253
-2.00698
-1.78557
-1.60845
-1.77812
-1.50953
-1.68685
-1.98214
-2.15432
-2.41959
-2.85145
-2.71846
-2.40775
-2.07444
-2.05489
-2.32443
-2.59395
-2.75446
-2.76391
-2.52622
-2.21244
-2.08809
-1.93922
-1.77511
-1.72355
-1.68699
-1.67538
-1.71061
-1.68544
-1.31381
-1.5419
-1.73936
-1.96723
-2.26638
-2.55196
-2.49331
-2.02881
-1.55141
-1.27603
-1.27075
-1.40615
-1.52575
-1.58311
-1.55501
-1.49051
-1.48475
-1.41634
-1.39367
-1.39263
-1.40159
-1.44144
-1.50472
-1.51376
-1.3202
-1.43339
-1.49229
-1.58068
-1.81229
-1.97631
-1.90388
-1.51249
-1.02238
-0.639344
-0.487011
-0.545938
-0.703239
-0.815596
-0.882869
-0.960077
-1.02185
-1.04328
-1.08555
-1.12103
-1.15778
-1.22209
-1.31466
-1.34917
-1.41575
-1.39918
-1.30233
-1.24113
-1.29232
-1.36997
-1.31812
-1.01059
-0.575024
-0.30949
-0.100424
-0.0979333
-0.188475
-0.33002
-0.463937
-0.589563
-0.695231
-0.76205
-0.834756
-0.903655
-0.954759
-1.03274
-1.13206
-1.18023
-1.49206
-1.31561
-1.10488
-0.991113
-0.922084
-0.902282
-0.793646
-0.529254
-0.216656
0.00135901
0.113693
0.0868177
0.0098122
-0.0751378
-0.218873
-0.355454
-0.469517
-0.549297
-0.636295
-0.718167
-0.775646
-0.861456
-0.955629
-1.00904
-1.39888
-1.15847
-0.873411
-0.748257
-0.648402
-0.546065
-0.410258
-0.215157
-0.0116523
0.158286
0.231548
0.215543
0.0970429
0.00458732
-0.101143
-0.221593
-0.323687
-0.394632
-0.48838
-0.563409
-0.620868
-0.704457
-0.785606
-0.829138
-1.07193
-0.914746
-0.642226
-0.518372
-0.434673
-0.307719
-0.187094
-0.0522542
0.107759
0.220389
0.283421
0.27165
0.177635
0.064718
-0.0476933
-0.144392
-0.224973
-0.291314
-0.377497
-0.441439
-0.494436
-0.566091
-0.633637
-0.666267
-0.727304
-0.644745
-0.454025
-0.350272
-0.270999
-0.165271
-0.0680302
0.0322649
0.16694
0.249309
0.288262
0.271745
0.193741
0.0927268
0.00849687
-0.0760436
-0.145221
-0.216523
-0.287951
-0.347295
-0.394718
-0.448929
-0.503253
-0.520234
-0.469234
-0.435426
-0.307742
-0.233703
-0.150479
-0.0857403
0.00675317
0.105585
0.193324
0.244115
0.263404
0.245122
0.178977
0.0983122
0.0319348
-0.0212754
-0.0878256
-0.155772
-0.218012
-0.272846
-0.312917
-0.352548
-0.391182
-0.399723
-0.289182
-0.27777
-0.194595
-0.144075
-0.0716579
-0.0220614
0.0594492
0.134826
0.185477
0.223178
0.228672
0.214439
0.164907
0.110454
0.057186
-0.0173383
-0.0769121
-0.113033
-0.169952
-0.213552
-0.245942
-0.275873
-0.303691
-0.306852
-0.168476
-0.167337
-0.11484
-0.0787025
-0.024145
0.019144
0.0808372
0.126149
0.15892
0.195624
0.193559
0.182547
0.14617
0.10517
0.0516291
-0.0094023
-0.0566712
-0.0930489
-0.135069
-0.167175
-0.193238
-0.215573
-0.236677
-0.236908
-0.0895957
-0.0930449
-0.0620361
-0.0352333
0.0024196
0.0382976
0.0758945
0.110149
0.142342
0.166519
0.160967
0.14879
0.120287
0.083306
0.0421352
-8.66912e-06
-0.0326028
-0.0656204
-0.103765
-0.1304
-0.151691
-0.168271
-0.184011
-0.184285
-0.038882
-0.0430921
-0.0252745
-0.00530836
0.0189576
0.0501724
0.0663067
0.100698
0.134173
0.139887
0.134473
0.121849
0.0997508
0.070846
0.0412165
0.0104754
-0.0213767
-0.0505153
-0.0797516
-0.101154
-0.118708
-0.131055
-0.143172
-0.142708
-0.00646497
-0.0106399
0.000421537
0.0158023
0.0307508
0.0557066
0.0691418
0.0947504
0.110929
0.113519
0.112332
0.100599
0.0839411
0.0616762
0.0370617
0.0139553
-0.0152849
-0.0385191
-0.0621673
-0.0772618
-0.0922499
-0.101515
-0.110539
-0.110102
0.0143542
0.0106825
0.0174347
0.0284665
0.0372285
0.0548585
0.0644684
0.078108
0.0901871
0.0983233
0.0943391
0.0835562
0.0702902
0.0525855
0.0317548
0.0138989
-0.0108107
-0.0249464
-0.0473346
-0.0580109
-0.0710186
-0.0778172
-0.0842293
-0.0842952
0.0275903
0.0247193
0.0282637
0.0355698
0.0407264
0.0525177
0.0582435
0.0660519
0.077377
0.0859512
0.0792751
0.0698823
0.0590535
0.0453945
0.0280881
0.0156148
-0.00685219
-0.0156733
-0.0351865
-0.0436303
-0.053362
-0.0592177
-0.0642914
-0.0635374
0.0353528
0.0338135
0.0350485
0.0397848
0.0428231
0.0512762
0.0555698
0.0611233
0.068421
0.0722903
0.0669343
0.0591843
0.0504303
0.0400126
0.0257712
0.017672
-0.0022353
-0.0102731
-0.0247538
-0.0327164
-0.0400298
-0.0437518
-0.0471809
-0.0469451
0.0404236
0.0377672
0.03832
0.0423334
0.0434898
0.0496392
0.0521633
0.0561827
0.0603915
0.0614671
0.0578627
0.0514836
0.0442136
0.0355081
0.0238956
0.0161834
0.00238495
-0.00468437
-0.0159629
-0.0227503
-0.0288738
-0.0320801
-0.0356367
-0.0346685
0.0423557
0.040601
0.0401962
0.0428051
0.0430615
0.0472756
0.0485036
0.0515609
0.0536596
0.0536422
0.0508307
0.0455269
0.0395703
0.03137
0.0223802
0.015041
0.00506114
-0.00115802
-0.0105977
-0.0142512
-0.0194868
-0.0229751
-0.0258103
-0.0253456
0.0427623
0.0414188
0.0406977
0.042275
0.0420343
0.0448821
0.0454733
0.0475822
0.0481803
0.0472852
0.0447649
0.0395278
0.0347883
0.0281397
0.021759
0.0149353
0.00717789
0.00208248
-0.00546561
-0.00965592
-0.0139804
-0.01464
-0.0167792
-0.0170256
0.0421163
0.0410983
0.0402083
0.0411545
0.0406381
0.0425603
0.0425198
0.0437151
0.0433773
0.042067
0.0399091
0.0355645
0.0312849
0.0262285
0.0214854
0.0155562
0.00947568
0.00471114
-0.000324783
-0.00393721
-0.00826527
0.0409648
0.0401361
0.0392875
0.0396382
0.0389963
0.0401817
0.0396159
0.0401883
0.0392446
0.0378894
0.0359546
0.0323401
0.0291921
0.0255177
0.0207143
0.015622
0.0116048
0.00636231
0.00298173
-0.000352168
-0.0031752
0.0393998
0.0387081
0.0378376
0.0378371
0.0371645
0.037844
0.0370041
0.0372623
0.0357535
0.03437
0.0326469
0.0297513
0.0269744
0.0233502
0.0193814
0.0156967
0.012257
0.00792475
0.00431752
0.00223867
0.0375962
0.0369614
0.0360247
0.0358931
0.035191
0.0355754
0.0347082
0.0350032
0.0327627
0.0310044
0.0297857
0.0273362
0.024901
0.0215228
0.0188003
0.0158821
-1.45213
-1.30906
-1.59841
-1.20453
-1.20011
-1.43032
-1.26532
-1.33829
-1.26539
-1.40304
-1.44912
-1.09637
-1.4717
-1.45954
-0.918594
-1.38885
-1.26114
-0.745689
-1.08995
-0.907761
-0.590945
-0.738555
-0.593463
-0.456289
-0.47138
-0.369998
-0.350575
-0.287074
-0.219791
-0.269778
-0.165348
-0.121613
-0.209028
-0.0867674
-0.0590258
-0.162273
-0.0369481
-0.0195194
-0.125538
-0.00573083
0.00536724
-0.0963947
0.0143555
0.0216227
-0.0733731
0.0274483
0.0320023
-0.0548578
0.0354586
0.038237
-0.040162
0.0402344
0.0416012
-0.0298664
0.042521
0.0429885
-0.0210422
0.0429855
0.0426573
-0.0134811
0.0421717
0.0415706
0.0408437
0.0400095
0.0391065
0.0381653
0.0371804
0.0361481
-2.27789
-2.29545
-2.27704
-2.26712
-2.21625
-2.14148
-2.15827
-2.21624
-2.14594
-2.13655
-2.46272
-2.32511
-2.36265
-2.05812
-1.96212
-1.93581
-2.06093
-2.01179
-1.98564
-2.18135
-2.04353
-2.08547
-1.84782
-1.72184
-1.64325
-1.97969
-1.90443
-1.79791
-1.91749
-1.80858
-1.82574
-1.60965
-1.51817
-1.38862
-1.81374
-1.72327
-1.60929
-1.7088
-1.61839
-1.60709
-1.45
-1.40334
-1.29907
-1.63221
-1.55114
-1.48022
-1.52577
-1.43748
-1.40866
-1.38413
-1.39485
-1.36715
-1.47993
-1.42181
-1.40974
-1.34857
-1.26152
-1.22263
-1.41737
-1.43039
-1.45683
-1.37398
-1.31109
-1.36805
-1.17055
-1.08567
-1.04307
-1.42394
-1.37574
-1.48413
-1.23257
-1.15113
-1.24859
-0.99782
-0.908115
-0.869994
-1.28029
-1.14991
-1.24875
-1.04943
-0.930312
-1.04412
-0.818158
-0.736793
-0.706486
-1.00083
-0.840565
-0.891211
-0.804987
-0.685294
-0.778462
-0.658118
-0.585084
-0.567141
-0.692148
-0.563749
-0.587425
-0.572784
-0.47702
-0.531882
-0.514578
-0.452194
-0.444747
-0.455607
-0.363646
-0.370719
-0.390234
-0.316399
-0.35241
-0.396107
-0.349026
-0.344542
-0.285905
-0.221971
-0.222551
-0.25257
-0.197847
-0.217427
-0.304617
-0.270774
-0.2679
-0.170038
-0.12792
-0.124747
-0.153553
-0.116722
-0.126872
-0.23676
-0.209571
-0.208532
-0.0936338
-0.0659211
-0.0614464
-0.0865105
-0.0612303
-0.065497
-0.184527
-0.162789
-0.16238
-0.0435078
-0.0254657
-0.0208454
-0.0401599
-0.0232907
-0.0250741
-0.143178
-0.126226
-0.125971
-0.0109818
0.00072916
0.00506783
-0.00930992
0.00177266
0.00108052
-0.110676
-0.096899
-0.0966994
0.0103309
0.0181219
0.0217595
0.0110176
0.0182938
0.0184699
-0.0847434
-0.0740344
-0.0738075
0.0243491
0.0292336
0.0321301
0.0242454
0.0288972
0.0296884
-0.0642594
-0.0558013
-0.0556806
0.0327662
0.0354138
0.0384592
0.0326532
0.0351771
0.0359709
-0.0480011
-0.0412853
-0.0407632
0.0377147
0.0395373
0.0415893
0.0371557
0.0387243
0.0394415
-0.0357163
-0.030711
-0.0307937
0.0407425
0.041394
0.0427437
0.0398849
0.0405792
0.0412179
-0.0258622
-0.0212787
-0.0210594
0.0416182
0.0415481
0.042519
0.0408523
0.0409188
0.0413662
-0.0171675
-0.0136597
-0.013492
0.0412528
0.0407835
0.041599
0.0406342
0.0403209
0.0406963
0.0401571
0.0394087
0.0402215
0.0396961
0.0390944
0.0394928
0.0385642
0.0376606
0.0385259
0.0382227
0.0373783
0.0378916
0.0367161
0.0357331
0.0366021
0.0364248
0.0354219
0.0360302
-2.48576
-2.48101
-2.16892
-2.1665
-1.89582
-1.89474
-2.32791
-2.32444
-2.02248
-2.02074
-1.7892
-1.788
-1.69485
-1.6935
-1.52012
-1.5189
-1.35066
-1.35009
-1.18062
-1.18029
-1.00728
-1.00706
-0.828379
-0.828216
-0.664601
-0.664552
-0.518969
-0.518933
-0.398715
-0.398759
-0.306107
-0.306158
-0.236311
-0.236353
-0.183737
-0.183715
-0.142178
-0.142193
-0.10954
-0.10956
-0.0838331
-0.0838535
-0.0633136
-0.0633118
-0.0467575
-0.0467627
-0.0344668
-0.0344801
-0.0251925
-0.0251957
-0.0167465
-0.0167728
-1.60687
-1.60535
-1.43485
-1.43394
-1.26578
-1.26538
-1.09548
-1.09521
-0.917634
-0.917382
-0.744243
-0.744222
-0.58949
-0.589422
-0.455262
-0.455281
-0.349624
-0.349638
-0.268964
-0.268992
-0.208328
-0.208343
-0.161735
-0.161729
-0.124983
-0.124993
-0.0958656
-0.095893
-0.0730291
-0.0730398
-0.0546488
-0.0546368
-0.0399817
-0.0400032
-0.029671
-0.0296773
-0.0208768
-0.0208831
-0.0130303
-0.0130887
-2.27942
-2.27834
-2.11023
-2.10494
-1.79832
-1.7946
-2.32107
-2.21417
-2.21191
-1.96556
-1.96112
-1.62444
-1.62163
-1.46897
-1.46641
-1.24377
-1.24129
-1.27382
-1.27488
-1.39537
-1.39586
-1.46019
-1.45941
-1.36484
-1.36511
-1.07873
-1.07815
-0.735974
-0.735913
-0.469697
-0.469786
-0.285602
-0.285744
-0.164046
-0.164191
-0.0855206
-0.0856623
-0.0358108
-0.035933
-0.00451196
-0.00464888
0.0156134
0.0154641
0.0286084
0.0284543
0.036472
0.0363351
0.0409657
0.0408549
0.043082
0.0430011
0.0434526
0.0433805
0.0425573
0.0424984
0.0412547
0.0411896
0.0395749
0.0394976
0.0376513
0.0375685
-1.33656
-1.33281
-1.23696
-1.23446
-1.33659
-1.33737
-1.43947
-1.43951
-1.44294
-1.44171
-1.2434
-1.24268
-0.902121
-0.901875
-0.591343
-0.591335
-0.368359
-0.368508
-0.218433
-0.21859
-0.120372
-0.120515
-0.0577912
-0.057928
-0.0183983
-0.0185186
0.00663042
0.00648528
0.0228521
0.0226976
0.0330802
0.0329324
0.039102
0.0389714
0.0422313
0.0421416
0.0435001
0.0434219
0.0430787
0.0430148
0.0419527
0.0418931
0.0404584
0.0403859
0.0386369
0.0385577
0.036604
0.0365228
-0.000226728
-0.00212516
-0.00221431
-0.000250164
-0.00949595
-0.0109395
-0.0105719
-0.00440558
-0.00620032
-0.00619129
-0.00822789
-0.00422992
-0.00166344
0.000183841
-0.000367021
-0.0106759
-0.00808493
-0.00845219
-0.00571767
-0.00364054
-0.00403639
-0.00168258
-0.00175584
0.000329023
0.000242275
-0.00998078
-0.0100662
-0.00561153
-0.00569618
-0.00759587
-0.00769012
-0.00370226
-0.00377418
0.00272067
0.00115302
0.00139873
0.00872874
0.00703873
0.00560373
0.00490086
0.00353299
0.00351711
0.0199701
0.0179429
0.015211
0.0136399
0.0110477
0.00976278
0.00860891
0.00716437
0.00636247
0.00534356
0.00524975
0.0190322
0.0174021
0.0151184
0.0138361
0.0116614
0.0105356
0.00928435
0.00852719
0.00824931
0.00709909
0.0070941
0.00261989
0.00433872
0.00621051
0.00775989
0.0205634
0.0186698
0.0155176
0.0129938
0.0107933
0.00187706
0.00320851
0.00247434
0.00426441
0.00511204
0.00449096
0.00593162
0.00675429
0.00627063
0.00758331
0.00828065
0.00779361
0.0355624
0.0350164
0.0340958
0.0338947
0.0331582
0.033357
0.0325461
0.032031
0.0303473
0.0291895
0.0276618
0.0254486
0.023495
0.0334665
0.0330878
0.0322936
0.0318609
0.0310921
0.031161
0.0298847
0.0292389
0.0288054
0.0281474
0.0258638
0.0236393
0.0314759
0.0311157
0.0303659
0.0298376
0.0290814
0.0290244
0.0273019
0.0273607
0.029473
0.0290414
0.0282727
0.0278531
0.0350942
0.0340559
0.0330341
0.0320272
0.0310547
0.0300867
0.0290848
0.0281053
0.0221458
0.0264331
0.0250671
0.0239876
0.0221908
0.0209169
0.0272627
0.0272561
0.0256681
0.0246819
0.0238416
0.0233955
0.0225556
0.0211826
0.0200054
0.0179499
0.0168534
0.014635
0.013732
0.0119715
0.0110561
0.00970325
0.00944553
0.00945574
0.00834612
0.00822979
0.027469
0.027151
0.0265552
0.0259374
0.0254348
0.0249919
0.024175
0.0236611
0.0227461
0.0222481
0.0211831
0.0199643
0.0189265
0.0170266
0.016639
0.0143584
0.0134838
0.0120796
0.0113428
0.0101476
0.00987075
0.00993894
0.00892797
0.00890963
0.0255748
0.0253505
0.0247424
0.0241346
0.023697
0.0230379
0.0225707
0.0224398
0.0213614
0.0207186
0.0197815
0.0187711
0.0178231
0.0160517
0.0157202
0.0141358
0.0134349
0.0120855
0.0115221
0.0106963
0.0101083
0.0101745
0.00952125
0.00953374
0.0237472
0.0235707
0.0228417
0.0224703
0.0221077
0.0216366
0.020864
0.0205297
0.0198417
0.0192505
0.0184259
0.0174744
0.0166957
0.0153958
0.0146971
0.0137066
0.0132076
0.0119241
0.0115123
0.0107412
0.0103108
0.0103066
0.00978782
0.00986445
0.0220073
0.0218497
0.0210615
0.0208233
0.0203489
0.0201787
0.0195125
0.0190141
0.0185336
0.0179035
0.0171699
0.0162354
0.0156835
0.0147681
0.0140319
0.0130851
0.0127002
0.0116105
0.0112914
0.010518
0.0102572
0.0103133
0.00995138
0.00984244
0.0203396
0.0201548
0.0195286
0.0192609
0.0188894
0.0185642
0.0180135
0.0177768
0.0171961
0.0166424
0.0160253
0.0152547
0.0147879
0.0139158
0.0133278
0.0123895
0.0121044
0.0112032
0.0109613
0.0103124
0.0100674
0.0100392
0.00990726
0.00983757
0.0186828
0.0184651
0.017998
0.0177291
0.0173449
0.0170565
0.0167731
0.0164977
0.015921
0.0154399
0.0148971
0.0142569
0.0138691
0.0129726
0.01254
0.0117467
0.0115259
0.0107238
0.0105677
0.01003
0.00991298
0.00977909
0.00955868
0.0096057
0.0170637
0.0169753
0.0164925
0.0162701
0.0159951
0.0157572
0.0154855
0.0151562
0.0146887
0.0142662
0.0137708
0.0132152
0.012754
0.0121096
0.0119102
0.0110848
0.0109162
0.0102032
0.0100906
0.00959792
0.00949559
0.00937579
0.00918419
0.0091614
0.015585
0.0154891
0.0150653
0.0148788
0.0146635
0.0144115
0.0141642
0.0138784
0.0134898
0.0131251
0.0126926
0.0122319
0.011834
0.0113058
0.0110821
0.0103741
0.010251
0.00961637
0.00953228
0.00907333
0.0089763
0.00886874
0.00874545
0.00872694
0.0141214
0.0140805
0.0136729
0.0135343
0.0133342
0.0131133
0.0128836
0.0126467
0.0123178
0.0120091
0.0116395
0.0112561
0.0109371
0.0104209
0.0102313
0.0096294
0.00955027
0.00896111
0.00892784
0.0085063
0.00841467
0.00830687
0.00826462
0.00826233
0.0126991
0.0126798
0.0122893
0.0121688
0.0120298
0.0119125
0.0116604
0.0114538
0.0111721
0.0109088
0.0105915
0.0102627
0.0100318
0.00952109
0.00936487
0.00887132
0.00879087
0.00829198
0.00827379
0.00786857
0.00781092
0.00770505
0.00768682
0.00762913
0.0113252
0.0113347
0.0109691
0.0108691
0.0107771
0.0106775
0.0104701
0.0102941
0.0100546
0.00982604
0.0095534
0.00925764
0.00902457
0.008615
0.00864673
0.00806893
0.008014
0.00757211
0.00757942
0.00717472
0.00713193
0.0070225
0.00702861
0.00697533
0.00999517
0.0100071
0.0097177
0.0096305
0.00956212
0.00946419
0.00931105
0.00916602
0.0089649
0.00876654
0.00854039
0.00828535
0.00806572
0.00783694
0.007694
0.00730302
0.00715111
0.00687862
0.0067513
0.006512
0.00640286
0.00629242
0.00634553
0.00631039
0.00869675
0.00870982
0.00845713
0.00840867
0.00835361
0.00829019
0.00817765
0.00806208
0.00789748
0.00773031
0.00754329
0.00733126
0.00716926
0.00689366
0.0067412
0.00653269
0.00635281
0.00612651
0.0059709
0.00578314
0.00564678
0.00554467
0.00562175
0.00557605
0.00737352
0.00745263
0.00720834
0.00720352
0.00718057
0.00715181
0.00706459
0.00697529
0.00684505
0.00671072
0.00655273
0.00636568
0.00619881
0.00597747
0.0059175
0.00574028
0.00555461
0.00534264
0.00519404
0.00500582
0.00487101
0.00474182
0.00482818
0.00476435
0.00610764
0.0061903
0.00597089
0.00604307
0.00604562
0.0060347
0.00597625
0.00591142
0.00580911
0.00570765
0.00558228
0.00543394
0.00532951
0.00514296
0.00502543
0.0048555
0.00471875
0.004524
0.00439404
0.00419845
0.00406237
0.00388295
0.00398293
0.00388439
0.00477977
0.00496174
0.00482313
0.00493036
0.00492453
0.00494893
0.00491087
0.00487135
0.00479141
0.00471705
0.00461713
0.00450017
0.00441393
0.0042604
0.0041702
0.00395348
0.0038951
0.00372079
0.00360781
0.00342337
0.00326987
0.00304137
0.0031009
0.00294917
0.003486
0.00374352
0.00371383
0.00380569
0.00384847
0.00389658
0.00386817
0.00385726
0.00379268
0.00373904
0.00366609
0.00356647
0.0034895
0.00336184
0.00334569
0.0031517
0.00310142
0.0029502
0.00284257
0.002645
0.00249764
0.00224013
0.00218711
0.00194152
0.00221355
0.00265427
0.00264591
0.002715
0.00281154
0.00286649
0.00285708
0.00286141
0.00281199
0.00277982
0.00272518
0.00264594
0.00258919
0.00246829
0.00248802
0.00239698
0.00230761
0.00217235
0.00208082
0.0019027
0.00174706
0.00152252
0.00143569
0.000921743
0.00123205
0.00162996
0.00164621
0.00171617
0.00182797
0.00186733
0.00186775
0.00187786
0.00184793
0.00183053
0.00178952
0.00173814
0.00171716
0.0016343
0.00161412
0.00152826
0.00151808
0.00140916
0.0013322
0.00120729
0.00104439
0.000905477
0.0008306
0.000131087
0.00112742
0.000700737
0.000894741
0.00110337
0.0010202
0.00121038
0.00108397
0.00118768
0.00110746
0.00114161
0.00105736
0.00107802
0.00101778
0.00102218
0.000997277
0.000981801
0.000829039
0.000924788
0.000706507
0.000799184
0.000628708
0.000437545
0.000345536
0.000652016
0.00121775
0.000111899
0.00015351
0.000191965
0.000222938
0.000199886
0.000209163
0.000217405
0.000201604
0.000213425
0.000189796
0.000204407
0.000181862
0.000190859
0.000198348
0.000181591
0.000167549
0.000161912
0.000135638
0.000137032
0.000109211
5.97835e-05
9.993e-05
-2.57445e-05
0.00858249
0.0271482
0.0262159
0.00924466
0.025314
0.0244292
0.00975115
0.0235479
0.0226794
0.00987628
0.0218285
0.020979
0.00982745
0.020146
0.0193342
0.00976694
0.0185492
0.0177774
0.00939306
0.0170218
0.0162785
0.00893936
0.0155411
0.0148142
0.00851112
0.0140962
0.0133854
0.0079624
0.0126813
0.0119862
0.00729943
0.0112986
0.0106278
0.00664915
0.00998558
0.00932717
0.00595228
0.00866314
0.0080182
0.00517957
0.00736411
0.00670636
0.00433024
0.00605582
0.00540275
0.00342209
0.00470898
0.00402676
0.00245447
0.00334462
0.002652
0.00141818
0.00196844
0.00133122
0.000428788
0.000881542
0.000271684
-0.000324396
0.00104469
-0.000762803
-0.000973871
-3.17504e-05
0.000170163
0.000147262
0.000179432
0.000206126
0.000207602
0.00019906
0.000226896
0.000196384
0.000221635
0.000184726
0.000212553
0.000176987
0.000211159
0.000197297
0.000180469
0.000153512
0.000193258
0.000120267
0.000167827
0.000120188
0.000100449
-1.10746e-05
0.00127502
0.0347257
0.0337359
0.0345162
0.0344737
0.0334366
0.0340423
0.0327719
0.0317483
0.0324254
0.0325488
0.0315056
0.0321267
0.0307944
0.0298336
0.0305353
0.0305009
0.0295536
0.0300816
0.0288309
0.0278849
0.0284557
0.0285812
0.0276686
0.0281212
0.00877797
0.00909092
0.00866309
0.0269531
0.026039
0.0265059
0.0267478
0.0258046
0.0262203
0.00946154
0.00978754
0.00928941
0.0251473
0.0242682
0.0246591
0.0249551
0.024091
0.0244557
0.0099679
0.0101077
0.00970177
0.0233951
0.0225407
0.0228638
0.0232211
0.0223633
0.0226958
0.0101959
0.0102192
0.00989826
0.0217061
0.0208777
0.0211771
0.021528
0.0207323
0.0210316
0.0101671
0.0100462
0.00984563
0.0200463
0.0192473
0.0195253
0.0199187
0.0191498
0.0193507
0.0101079
0.00993188
0.00976183
0.0184737
0.0177406
0.0178315
0.0183875
0.0176223
0.0178316
0.00976995
0.00959355
0.0093798
0.0169811
0.0162368
0.0163322
0.0168765
0.0161413
0.0162606
0.00936598
0.00913582
0.00896629
0.0155003
0.0147942
0.0148456
0.0154204
0.0147221
0.0148092
0.00889581
0.00866031
0.00851317
0.014083
0.013378
0.0134049
0.0140182
0.0133208
0.0133839
0.00839342
0.00810731
0.00798908
0.0126808
0.0119988
0.0120069
0.0126327
0.0119717
0.0120105
0.007775
0.0074438
0.0073642
0.0113222
0.0106557
0.0106529
0.0113022
0.0106562
0.0106654
0.00709654
0.00675892
0.00668966
0.00999906
0.00934681
0.00934629
0.0100053
0.00937835
0.00936767
0.00639589
0.00603366
0.00598899
0.00870209
0.00808734
0.00804005
0.00872848
0.00810063
0.00808956
0.00563909
0.00523521
0.00523052
0.00743577
0.00677253
0.00673477
0.00746211
0.00685101
0.00682297
0.00481324
0.00437149
0.00440809
0.00614061
0.00549859
0.00545097
0.00622429
0.00563221
0.00557881
0.00392882
0.00346597
0.0035336
0.00486301
0.00425193
0.00411901
0.0050347
0.00441012
0.00434096
0.00300583
0.00256204
0.00265574
0.00362806
0.003014
0.00282962
0.0038658
0.00330403
0.00314675
0.00201705
0.00155196
0.0018015
0.0024432
0.00192284
0.00160363
0.00283364
0.00225681
0.0021264
0.00114257
0.000734799
0.00107037
0.00147725
0.00104501
0.000832035
0.00171492
0.00121591
0.00112088
0.00058639
0.000252185
0.000547195
0.000651648
3.78499e-05
-0.000738176
0.000806445
0.00047173
0.000370448
0.00107381
0.000635904
0.000491871
0.000990297
0.000586732
0.000659448
0.00120666
0.00071812
0.00061433
0.00109095
0.000615423
0.000697568
0.00118212
0.000709032
0.000626235
0.00111295
0.000632683
0.000696792
0.00115204
0.000682705
0.000638995
0.00107565
0.0006027
0.000669151
0.00108259
0.000634883
0.000601548
0.00102432
0.00057567
0.000631437
0.00105269
0.000625484
0.00058145
0.0010085
0.00059187
0.000594918
0.00100606
0.000590118
0.00060782
0.000833301
0.000468245
0.000566101
0.00096696
0.000588307
0.000492009
0.000710372
0.000376457
0.000534712
0.000820365
0.000493667
0.000400109
0.000673315
0.000377227
0.000471003
0.000561246
0.000334723
0.000349762
0.000347076
4.93594e-05
0.000225433
0.000773233
-0.00103823
-0.000293179
0.00203657
0.00193416
0.00411446
0.00401483
0.00567569
0.00561132
0.00755488
0.00748117
0.00327881
0.00316877
0.00483735
0.00475744
0.00663947
0.00657562
0.00822185
0.00814662
0.00866936
0.00859648
0.00926041
0.00920351
0.00981636
0.00977089
0.0101283
0.0100842
0.0100479
0.0100141
0.00998211
0.00995798
0.00976487
0.00973882
0.00929811
0.00927556
0.00882973
0.00881375
0.00836741
0.00834958
0.00771465
0.00770007
0.0070282
0.00701954
0.00635289
0.00634579
0.00559639
0.00559336
0.00476044
0.00476052
0.00385767
0.00386136
0.00290524
0.00291122
0.00186653
0.00187657
0.000778114
0.000802298
-0.00014812
-8.37741e-05
-0.000101937
4.24837e-06
-0.000274318
-0.000308372
0.00898307
0.00891704
0.00954954
0.00949992
0.0100262
0.00998143
0.0101179
0.0100771
0.00999502
0.00996941
0.00991965
0.00989443
0.00954712
0.0095219
0.00905711
0.00903803
0.00861447
0.00859811
0.0080631
0.00804576
0.00736734
0.00735561
0.00669814
0.00669018
0.00598718
0.00598166
0.00518624
0.00518582
0.00431709
0.00431882
0.0033881
0.00339337
0.00239273
0.00240199
0.00131372
0.00132795
0.00022783
0.000264468
-0.00061978
-0.000529078
-7.5261e-05
-9.1044e-05
0.0355221
0.035446
0.033385
0.0333233
0.0313879
0.0313276
0.0293775
0.0293249
0.0344404
0.0343727
0.0323647
0.032306
0.0304027
0.0303446
0.0283571
0.0283114
0.0273736
0.0273337
0.0254923
0.0254605
0.0236773
0.0236549
0.0219356
0.0219162
0.0202281
0.0202148
0.0186137
0.0186022
0.0170583
0.0170522
0.0155638
0.0155597
0.0141045
0.0141031
0.0126831
0.0126828
0.0113009
0.011301
0.00997873
0.00997917
0.00865704
0.00865855
0.00734513
0.00734733
0.00602752
0.0060304
0.00465609
0.00466423
0.00326045
0.00327152
0.00180578
0.00183519
0.000610987
0.000674805
0.000265356
0.000373452
-0.00025935
-0.000288382
0.0264164
0.0263817
0.0245844
0.0245561
0.0227919
0.0227729
0.0210842
0.0210652
0.0194062
0.0193943
0.017827
0.0178189
0.0163082
0.0163027
0.0148289
0.0148263
0.0133897
0.013389
0.0119873
0.0119872
0.0106297
0.0106302
0.00932221
0.009322
0.00800673
0.00800704
0.0066838
0.00668673
0.0053657
0.00536958
0.00396083
0.00396899
0.00253515
0.00255128
0.00111368
0.00115313
-7.60821e-06
7.75442e-05
0.000102812
9.52126e-05
)
;

boundaryField
{
    inlet
    {
        type            zeroGradient;
    }
    outlet
    {
        type            fixedValue;
        value           uniform 0;
    }
    wall
    {
        type            zeroGradient;
    }
    empty_zmin
    {
        type            empty;
    }
    empty_zmax
    {
        type            empty;
    }
    procBoundary1to0
    {
        type            processor;
        value           nonuniform List<scalar> 
35
(
-3.95645
-3.41659
-3.04802
-2.83507
-2.73471
-2.73471
-2.72275
-2.72925
-2.70505
-2.31481
-2.45416
-3.18628
-4.43152
-5.66385
-6.34085
-6.82447
-6.54271
-6.00205
-5.42332
-4.56434
-2.73727
-2.73498
-2.3402
-2.32409
-2.29259
-2.29259
-2.28518
-2.24573
-2.14066
-2.35011
-2.33137
-2.33271
-2.34948
-2.32089
-2.32089
)
;
    }
}


// ************************************************************************* //
