/*--------------------------------*- C++ -*----------------------------------*\
| =========                 |                                                 |
| \\      /  F ield         | OpenFOAM: The Open Source CFD Toolbox           |
|  \\    /   O peration     | Version:  2406                                  |
|   \\  /    A nd           | Website:  www.openfoam.com                      |
|    \\/     M anipulation  |                                                 |
\*---------------------------------------------------------------------------*/
FoamFile
{
    version     2.0;
    format      ascii;
    arch        "LSB;label=32;scalar=64";
    class       volScalarField;
    location    "0.36";
    object      p;
}
// * * * * * * * * * * * * * * * * * * * * * * * * * * * * * * * * * * * * * //

dimensions      [0 2 -2 0 0 0 0];

internalField   nonuniform List<scalar> 
2285
(
-0.533072
-0.408502
-0.593226
-0.47117
-0.244522
-0.227804
-0.320163
-0.260022
-0.216775
-0.184984
-0.162149
-0.14465
-0.127516
-0.120559
-0.134541
-0.123263
-0.138164
-0.144479
-0.375955
-0.30496
-0.255354
-0.218519
-0.191947
-0.173169
-0.158619
-0.147802
-0.28411
-0.243284
-0.214767
-0.19333
-0.177548
-0.170857
-0.287947
-0.256002
-0.230402
-0.211822
-0.199182
-0.188111
-0.28575
-0.260028
-0.236026
-0.219171
-0.207752
-0.201079
-0.274214
-0.249982
-0.234661
-0.221237
-0.212792
-0.206367
-0.257288
-0.240474
-0.227333
-0.216302
-0.212568
-0.207168
-0.230745
-0.217362
-0.207953
-0.205795
-0.204127
-0.214669
-0.203949
-0.19747
-0.19701
-0.19545
-0.18562
-0.186858
-0.185116
-0.172061
-0.173544
-0.172447
-0.155462
-0.158508
-0.158342
-0.160285
-0.180452
-0.194968
-0.204759
-0.206984
-0.206388
-0.200182
-0.190542
-0.179015
-0.165557
-0.150606
-0.151601
-0.162944
-0.167928
-0.174016
-0.183512
-0.188358
-0.191738
-0.198556
-0.205623
-0.202752
-0.206753
-0.210275
-0.208679
-0.209618
-0.214095
-0.209365
-0.207492
-0.20987
-0.204027
-0.199625
-0.201409
-0.19522
-0.190967
-0.192475
-0.185675
-0.179312
-0.180487
-0.172314
-0.165456
-0.166351
-0.157977
-0.150066
-0.150074
-0.120026
-0.120063
-0.134014
-0.134044
-0.147239
-0.147273
-0.170254
-0.170338
-0.187447
-0.187551
-0.20054
-0.200614
-0.205984
-0.206097
-0.206908
-0.207042
-0.204227
-0.204287
-0.195734
-0.195804
-0.18541
-0.185465
-0.172909
-0.17294
-0.158845
-0.158845
-0.159529
-0.159568
-0.179824
-0.179894
-0.194393
-0.194513
-0.204341
-0.20441
-0.206636
-0.206781
-0.206353
-0.206445
-0.200427
-0.200486
-0.190796
-0.190863
-0.179426
-0.179466
-0.166058
-0.166074
-0.151174
-0.151156
0.0820525
0.102391
0.0768099
0.0189095
-0.0529791
0.0721563
0.0723625
0.0683232
0.0516024
-0.0179414
-0.0516163
-0.0518866
-0.0590399
-0.0761477
-0.0360972
-0.00344193
0.00145277
0.0106356
0.0147073
0.0166415
0.0173366
0.0169318
0.0456915
0.0406323
0.0255041
-0.00352144
-0.00497982
-0.0273243
-0.0549481
-0.0628002
-0.0392483
0.00481332
0.0108132
0.018119
0.0245452
0.0245913
0.0254571
0.024325
0.0231629
-9.37927e-05
0.00579774
0.0147676
0.0185239
0.023024
0.0303919
0.0376785
0.0397384
0.0461871
0.0503686
0.0494875
0.0464377
0.0399482
0.0541216
0.0541496
0.0616262
0.0621592
0.0618377
0.061246
0.0615513
0.0467776
0.0669868
0.066505
0.0722133
0.0730404
0.0733299
0.0615412
0.0665144
0.0577025
0.0735261
0.0720058
0.077352
0.080449
0.0911612
0.0784426
0.0611003
0.0472888
0.0755669
0.0721383
0.0775233
0.0771502
-0.00253228
0.00670783
0.0154689
0.0252405
0.036031
0.0458322
0.0541665
0.0616096
0.0675593
0.0717332
0.0752546
0.0781439
0.0796458
0.0773177
0.00334056
0.0116578
0.00923338
0.00686191
0.0163032
0.0144614
0.0202556
0.0293906
0.0281266
0.0248979
0.0353031
0.0314825
0.0385717
0.0469339
0.0463545
0.0438225
0.0514161
0.0473719
0.0543544
0.0602484
0.0618077
0.0581171
0.0626343
0.0600579
0.0658126
0.0695157
0.0702303
0.0678908
0.0712345
0.0701466
0.0720292
0.073642
0.075886
0.0735898
0.0746982
0.073066
0.0735399
0.0711572
0.0723453
0.0744401
0.0708509
0.0697517
-0.00165952
-0.00171209
0.0167344
0.0166381
0.0366354
0.0366064
0.054368
0.0543659
0.0670303
0.0670782
0.074493
0.0745826
0.0771743
0.0774115
0.00763376
0.00754307
0.026384
0.0263408
0.0461304
0.0461128
0.0615388
0.0615279
0.0709403
0.0710769
0.0770914
0.0771424
0.0744499
0.0747688
0.065771
0.064804
0.0624104
0.0167645
0.0152648
0.0123269
0.010687
0.0454395
0.0495673
0.0450795
0.0220012
0.0203861
0.0182396
0.0172127
0.0258834
0.0312566
0.0251426
0.0219956
0.00581483
0.00293275
-0.0189543
-0.028233
-0.0496437
-0.0480193
-0.0248438
0.00185208
0.0233607
0.0302757
0.0351819
0.0360862
0.0343093
0.0328574
0.0297629
0.0277274
0.0261778
0.0250968
0.0239961
0.0241416
0.0117787
0.0152827
0.00718598
0.00919325
-0.00415042
-0.0401477
-0.0627991
-0.059743
-0.0537045
-0.0272855
-0.000614454
0.0178827
0.0358627
0.0500683
0.0460738
0.0425165
0.0398525
0.0372069
0.0336823
0.0321068
0.0305409
0.0293337
0.0280137
0.0289694
0.0102595
0.00800411
-0.0010078
-0.01867
-0.0272068
-0.066839
-0.0840062
-0.087817
-0.0769708
-0.0246895
0.00436433
0.0103189
0.0341154
0.0541145
0.0479184
0.0450926
0.0441166
0.0445264
0.0419145
0.0379682
0.0324843
0.0299292
0.0297776
0.0302658
0.0150331
0.0125762
0.00344092
-0.0206865
-0.0528038
-0.0629345
-0.0710457
-0.0858966
-0.0758414
-0.0614116
-0.0458908
-0.0162725
0.0201828
0.0467933
0.0459925
0.0552305
0.0553865
0.0476384
0.0408869
0.0349276
0.0309063
0.0286348
0.0283368
0.0296706
0.0229049
0.0173491
0.00913884
-0.000499607
-0.0296234
-0.0695177
-0.0710418
-0.0677984
-0.0811083
-0.113846
-0.0867377
-0.0342545
0.00612969
0.0404873
0.062018
0.0569864
0.0446097
0.0443153
0.0371772
0.0320101
0.0278288
0.0243204
0.0253236
0.0252444
0.0298667
0.0238688
0.0184896
0.00876795
0.000754721
-0.0442277
-0.078065
-0.0655303
-0.0714762
-0.107309
-0.112504
-0.0448902
-0.00365151
0.0276982
0.0523148
0.0484897
0.0425984
0.036826
0.0286657
0.0252116
0.0221273
0.0190185
0.0209022
0.0191753
0.0326074
0.0298106
0.0282585
0.020989
0.0137881
0.00150489
-0.0372235
-0.0727548
-0.0527506
-0.0662654
-0.0965555
-0.0702772
-0.0379476
0.00610497
0.0235972
0.0271852
0.0280588
0.0223249
0.0194
0.0181241
0.0167125
0.0148799
0.0157498
0.0137241
0.0372116
0.0352988
0.0341077
0.0296254
0.0257089
0.0227372
0.00887385
-0.0319777
-0.0668761
-0.0537637
-0.0531284
-0.0539855
-0.0385607
-0.0125058
5.95614e-05
-0.00616376
0.00564991
0.0095854
0.0117516
0.0121193
0.011779
0.0102199
0.0113563
0.00953337
0.0404647
0.0398207
0.040966
0.0398922
0.0376776
0.0333977
0.0283984
0.0108215
-0.0247215
-0.0417545
-0.0595937
-0.0499158
-0.0400127
-0.0334081
-0.0224446
-0.014912
-0.00370809
0.000838603
0.00438205
0.00586344
0.00700194
0.0065592
0.0074924
0.00594147
0.0400145
0.0421182
0.0478866
0.050047
0.0471506
0.041419
0.0377181
0.0220214
0.000439388
-0.00816578
-0.0339399
-0.0525991
-0.0519685
-0.0562998
-0.0509316
-0.022104
-0.0178681
-0.0119404
-0.00570605
-0.000529755
0.00200687
0.00274853
0.00422473
0.00368363
0.038722
0.0426558
0.0497418
0.0485249
0.0547907
0.0498245
0.0356555
0.0227184
0.00134217
-0.0242123
-0.0243405
-0.0389605
-0.0543344
-0.0635017
-0.053035
-0.0401668
-0.0354257
-0.0182548
-0.00851996
-0.00178151
0.000706233
0.00183527
0.00364742
0.00331736
0.0359879
0.0486282
0.0539991
0.0491731
0.0491939
0.049232
0.0353655
0.020647
-0.000339286
-0.0177412
-0.0314664
-0.0613896
-0.0622066
-0.0589651
-0.0558429
-0.0519045
-0.0268336
-0.011538
-0.00532396
-0.00270841
-0.00124204
0.00141059
0.00251914
0.00312185
0.0427401
0.0484125
0.0597133
0.0652274
0.0526564
0.0438328
0.0333811
0.0200153
0.00588789
-0.0468891
-0.0376774
-0.0523053
-0.0542048
-0.0531744
-0.0553515
-0.0291707
-0.0129615
-0.00776475
-0.00470106
-0.00435826
-0.00135098
0.000770806
0.000968909
0.00181686
0.0488635
0.0512861
0.0511724
0.0584218
0.0721183
0.0571356
0.0289914
-0.000849097
-0.00793147
-0.0428469
-0.0370693
-0.0173244
-0.036031
-0.0442916
-0.0346793
-0.00973557
-0.00903617
-0.00548298
-0.00370841
-0.00278612
-9.48583e-05
-0.000336867
-0.000668334
0.000466085
0.0515758
0.0500724
0.0512427
0.0541219
0.0432319
0.0298938
0.0244641
-0.00640975
-0.0167707
-0.00250086
-0.00633636
-0.0200222
-0.035012
-0.0278167
-0.0108304
-0.00702443
-0.00461703
-0.00150349
-0.000902482
0.00027506
0.000331923
-3.51129e-06
-0.00105847
-0.00118571
0.0493098
0.0458929
0.0383728
0.0382234
0.0379311
0.0206986
0.0114058
0.016301
0.000260599
-0.00810283
-0.0180781
-0.0361711
-0.0229698
-0.0114715
-0.00287202
0.000241375
0.000185145
0.00073513
0.000698113
0.000930315
-6.3436e-05
-0.000638491
-0.00202685
-0.00263064
0.0402242
0.0354244
0.02347
0.0293013
0.0353064
0.0237688
0.0085124
0.0030632
-0.00766536
-0.0140869
-0.0103423
-0.000629293
9.96078e-05
0.00250191
-0.0014649
0.00101768
0.000621891
0.00115065
0.00121683
0.00125342
0.00022389
-0.00154536
-0.0026183
-0.00308826
0.0208506
0.0209065
0.00967773
0.0197024
0.0142253
0.00464048
0.00252182
-0.00400976
0.00142585
-0.00990053
0.0104976
0.00507814
0.013744
0.00485362
0.0101104
-0.00115722
0.00355769
0.000540007
0.000951424
0.00290465
0.000569655
0.000118628
-0.00344267
-0.00185393
0.00553674
0.00330765
0.000613638
-0.000144788
0.00157842
-0.00275716
0.00228552
0.00116792
0.00310295
0.00371422
-0.00170232
-0.00130264
0.00446455
-0.000328119
0.00665813
-0.00118991
-0.0014936
0.000329701
0.00165294
0.000468782
0.00027393
-0.000172635
-8.03935e-05
-0.000712709
0.0707068
0.060733
0.0138689
0.0487054
0.0368039
0.0207581
0.0270322
0.019511
0.0269886
0.0125534
0.0075051
0.0299541
0.00602804
0.00773023
0.0303796
0.011376
0.0156717
0.027907
0.0207677
0.025332
0.0222298
0.02865
0.030396
0.0162629
0.0319767
0.0343409
0.0116062
0.0372278
0.0396647
0.00758522
0.0410908
0.0415146
0.00462435
0.0416026
0.0414319
0.00327649
0.0397633
0.0384149
0.00337736
0.0390311
0.0404765
0.00255118
0.0425187
0.0454035
0.00112542
0.0488328
0.0518892
-0.000280039
0.0533429
0.0531821
-0.00201367
0.050384
0.0457937
-0.00303603
0.0402831
0.0326847
-0.00283079
0.0229289
0.00488388
-0.00969909
0.00286672
0.00223492
0.00429817
0.00521351
-0.000263857
-0.0050617
-0.00164284
0.00105865
0.00246903
0.00670402
-0.00828756
0.00226311
-0.00475197
0.00176734
0.00513911
0.00374003
0.00511081
0.00105415
0.00242761
0.00105501
0.000507573
0.000347893
-0.000930417
0.003133
0.0661877
0.0587868
0.0564117
0.0659336
0.0572991
0.0577957
0.0117665
0.0150019
0.0154379
0.0498545
0.040286
0.0346299
0.050545
0.0386937
0.0401369
0.0183346
0.0214233
0.0213065
0.0312652
0.0242582
0.0187962
0.0295652
0.0214606
0.0224468
0.0242888
0.0266585
0.026126
0.0179487
0.0135558
0.00902038
0.0150883
0.0127388
0.0119365
0.0284009
0.0293695
0.0290655
0.01064
0.0112665
0.01206
0.00894163
0.00896952
0.00978362
0.0297941
0.0296937
0.0293171
0.0139869
0.0169591
0.0188966
0.0104585
0.0131518
0.0145923
0.0285207
0.0267045
0.0270452
0.0199921
0.0232829
0.02683
0.0152815
0.0184558
0.0205097
0.0240963
0.0213626
0.0231474
0.0261774
0.0283681
0.0315588
0.0217472
0.0246986
0.0268275
0.0184357
0.0157629
0.018116
0.0303018
0.0326232
0.0345345
0.0274466
0.0303123
0.0324698
0.0134072
0.011559
0.0133996
0.035195
0.0375211
0.0393974
0.0329055
0.03704
0.0376357
0.00959776
0.00785653
0.00947798
0.03932
0.0403208
0.0403172
0.0400879
0.0430906
0.0410094
0.00656672
0.00555604
0.00594578
0.0414219
0.0420897
0.0405321
0.0448998
0.0466117
0.0436353
0.0047371
0.00410039
0.00361738
0.0415791
0.043646
0.0356534
0.0478769
0.0486901
0.0431084
0.00389252
0.00378107
0.00318258
0.045131
0.0442827
0.0395784
0.0510056
0.0516379
0.0478147
0.0034352
0.00280269
0.00177834
0.0464663
0.0488311
0.0459275
0.0515397
0.0536518
0.0513432
0.00211622
0.00146033
0.000233262
0.050356
0.0513257
0.0508466
0.0550057
0.0528244
0.050537
0.000757413
3.25962e-05
-0.000722838
0.0516181
0.0506821
0.0511669
0.0526737
0.0490303
0.048668
-0.000853644
-0.00199127
-0.00140033
0.0483248
0.0436448
0.0457803
0.0454548
0.0371734
0.0408851
-0.00287513
-0.00367246
-0.00254355
0.0374537
0.0301457
0.0317427
0.0310712
0.0242632
0.0281816
-0.00356685
-0.00379565
-0.00298858
0.0215178
0.0100719
0.00455299
0.0174082
0.0132439
0.0127348
0.0177025
0.0109067
0.00219184
0.0154806
0.000204142
0.00713701
0.0103434
-0.00986192
0.00069393
0.00801978
-0.00421541
-0.0092452
-0.00402806
-0.00428596
-0.00222498
-0.000205507
0.00621429
0.0011696
-0.0119649
-0.00407047
-0.000134113
0.00414824
-0.00464882
-0.00436635
-0.000569325
0.00541216
0.0131987
0.0153497
0.00538175
0.000130676
0.00295261
0.00693328
0.0154234
0.0196513
0.0200176
0.00333806
-0.00178898
0.00599571
0.0169506
0.0035586
0.0120934
0.00327372
0.00259005
0.0017556
0.00228432
0.00129969
0.00274603
-0.00318229
0.00318686
0.00334623
0.00264647
0.00193572
0.00195682
0.00282474
0.00177553
0.00125025
0.00136186
-0.00249503
-0.00188798
-0.000311524
-0.00368198
-0.0105525
-0.00424116
0.0111425
0.011089
0.0175299
0.0175266
0.0240752
0.0240774
0.0286366
0.0286407
0.0298576
0.0299097
0.0288565
0.028959
0.0246258
0.0246856
0.0188367
0.0188708
0.0136608
0.0136654
0.00961811
0.0096013
0.00629745
0.00625572
0.00433551
0.00424173
0.00365221
0.00360955
0.00331981
0.00327606
0.00204854
0.00200788
0.000526519
0.000517398
-0.00124687
-0.0012355
-0.00284892
-0.00279515
-0.0036047
-0.00353401
-0.00278866
-0.00269491
-0.00191459
-0.00195559
0.0143064
0.01426
0.0208669
0.0208721
0.0267592
0.0267638
0.0295688
0.0295997
0.0297701
0.0298226
0.027144
0.0272133
0.0217603
0.0218071
0.0160919
0.0161074
0.0115765
0.0115712
0.00782397
0.0077939
0.00510911
0.00504741
0.00380886
0.00373837
0.00360423
0.00356307
0.00276144
0.00272018
0.00130421
0.00127328
-0.000284288
-0.000290273
-0.00211816
-0.00209484
-0.00337642
-0.0032994
-0.00354191
-0.00344424
-0.00577793
-0.00587456
0.0682079
0.0684102
0.0475322
0.0476049
0.0269544
0.026989
0.0132682
0.0132354
0.00886672
0.00851742
0.0132786
0.0130309
0.0219677
0.0217923
0.0292274
0.0290852
0.0324489
0.0324074
0.0372097
0.0372042
0.0404414
0.0404924
0.0405747
0.0407182
0.038229
0.0384943
0.0381168
0.0383401
0.0423231
0.0424102
0.0487207
0.0487445
0.0528511
0.0528468
0.0501044
0.0500422
0.0400356
0.0399396
0.0225962
0.0224916
0.00254331
0.00244051
0.0587797
0.0589046
0.0363592
0.0364096
0.0195459
0.0195337
0.00917407
0.00911456
0.0101625
0.00980075
0.0173517
0.0171434
0.0262215
0.0260485
0.0309091
0.0308127
0.0345503
0.0345674
0.0394013
0.0393943
0.0407161
0.0408259
0.039912
0.0401003
0.0371602
0.0374468
0.0399875
0.0401201
0.0453755
0.0454205
0.05152
0.0515268
0.0525777
0.0525341
0.0457196
0.0456515
0.0322987
0.0322241
0.00901391
0.00882155
-0.351236
-0.413665
-0.503236
-0.632834
-0.76474
-0.83303
-0.838596
-0.982593
-1.13619
-1.06508
-0.897122
-0.70354
-0.267041
-1.13048
-1.21354
-1.02055
-0.290797
-0.276853
-0.333031
-0.309049
-0.815984
-0.908868
-0.879807
-1.01856
-1.18941
-0.876526
-1.17171
-1.35958
-1.27984
-1.01262
-1.1114
-1.31116
-0.00690003
-0.00204124
-0.130643
-0.113284
-0.0785758
-0.0356192
-0.0162872
-0.00515284
-0.00126717
0.0018915
0.000166356
-0.060871
-0.0931175
-0.0999443
-0.109979
-0.0915431
-0.035901
-0.0144179
-0.00406424
0.00103101
0.00403539
0.005131
-0.0847522
-0.0706127
-0.0896859
-0.0784054
-0.0371563
-0.0139293
-0.00182833
0.00506275
0.00807487
0.0101381
0.0100572
-0.304393
-0.334596
-0.410916
-0.478378
-0.569818
-0.697425
-0.841
-1.0294
-0.929453
-1.02076
-1.34096
-1.54501
-0.931741
-0.741113
-0.347847
-0.378733
-0.444139
-0.50725
-0.591064
-0.71126
-0.873848
-1.11341
-1.47988
-1.24817
-1.43233
-1.52436
-0.895527
-0.785068
-0.593528
-0.474454
-0.395065
-0.336041
-0.378632
-0.412382
-0.473938
-0.536185
-0.618115
-0.728895
-0.896753
-1.04729
-1.22401
-1.14956
-1.27373
-1.20647
-0.830578
-0.745982
-0.543365
-0.463671
-0.389931
-0.330897
-0.388845
-0.409027
-0.466324
-0.526391
-0.607494
-0.718211
-0.860919
-0.97763
-1.26588
-0.98754
-0.990794
-0.798722
-0.670228
-0.592686
-0.481174
-0.427478
-0.366332
-0.319875
-0.385226
-0.405899
-0.439398
-0.49052
-0.563611
-0.656933
-0.827359
-0.91995
-1.21691
-0.856316
-0.659897
-0.374661
-0.481323
-0.430897
-0.406601
-0.373204
-0.336328
-0.304936
-0.371254
-0.386452
-0.407918
-0.446978
-0.503185
-0.567688
-0.685152
-0.793488
-1.05528
-0.72668
-0.385149
-0.100238
-0.353228
-0.27219
-0.345022
-0.307898
-0.308265
-0.278885
-0.34681
-0.355242
-0.367913
-0.389945
-0.424759
-0.469368
-0.531879
-0.592398
-0.770829
-0.579577
-0.241527
0.0341242
-0.235258
-0.206705
-0.291652
-0.260353
-0.274723
-0.252628
-0.312383
-0.313978
-0.312715
-0.32165
-0.337068
-0.350851
-0.388365
-0.388333
-0.463535
-0.438448
-0.167017
-0.0262844
-0.193647
-0.21022
-0.242243
-0.239981
-0.244023
-0.233106
-0.272503
-0.267855
-0.250181
-0.247724
-0.24469
-0.230309
-0.228245
-0.200878
-0.157972
-0.329474
-0.224306
-0.237767
-0.272228
-0.218542
-0.225422
-0.22378
-0.234685
-0.221753
-0.208329
-0.229746
-0.219232
-0.191445
-0.174998
-0.156595
-0.131366
-0.0908822
-0.066122
0.0556458
-0.249455
-0.363068
-0.457382
-0.314534
-0.274887
-0.266264
-0.240417
-0.219655
-0.196618
-0.186242
-0.185274
-0.170673
-0.134228
-0.112286
-0.0905176
-0.0656876
-0.0147613
0.0260696
0.106023
-0.203113
-0.440944
-0.492895
-0.377133
-0.32147
-0.250192
-0.202588
-0.183256
-0.167789
-0.162984
-0.144586
-0.131041
-0.0976675
-0.0710784
-0.0418235
0.0272844
0.0228857
0.120931
0.0851022
-0.158277
-0.391261
-0.374607
-0.314677
-0.22895
-0.182754
-0.157394
-0.146557
-0.138747
-0.138673
-0.109317
-0.0990757
-0.0741594
-0.0364093
-0.0164483
0.0946791
0.0797059
0.203254
0.0913581
-0.147221
-0.28031
-0.242783
-0.200189
-0.145221
-0.12776
-0.11661
-0.113431
-0.109301
-0.111613
-0.0811664
-0.0729524
-0.0489672
-0.0198178
0.00943969
0.0619067
0.116666
0.216157
0.0473902
-0.0976813
-0.187511
-0.15455
-0.111101
-0.0868614
-0.0817554
-0.0802592
-0.0801841
-0.0821186
-0.0851162
-0.059848
-0.057137
-0.039991
-0.0200833
-0.00352731
0.0164152
0.0440699
0.115
0.0236616
-0.0625865
-0.0796535
-0.0570398
-0.0405656
-0.025886
-0.0337731
-0.0413541
-0.0468745
-0.0550238
-0.0607329
-0.0665142
-0.0484672
-0.0481119
-0.0427023
-0.0206308
-0.0400386
-0.0176784
-0.0519509
-0.020359
-0.0213672
-0.0530885
-0.013853
0.0197225
0.0222062
0.0266412
0.00623584
-0.00361059
-0.0160211
-0.0295526
-0.0384079
-0.0465184
-0.0418825
-0.043819
-0.0485084
-0.0478781
-0.0620592
-0.0613592
-0.0914685
-0.147122
-0.105868
-0.0580726
0.0650304
0.0588508
0.0599412
0.058743
0.0349813
0.0242386
0.00608644
-0.00858831
-0.019067
-0.0276853
-0.0367413
-0.0360625
-0.0400628
-0.0483698
-0.0732044
-0.115258
-0.138685
-0.201483
-0.163808
-0.0768256
0.0740769
0.0826082
0.0776016
0.0741814
0.057335
0.0487264
0.0274019
0.0148858
-0.00329168
-0.0162174
-0.0328249
-0.0296434
-0.0291423
-0.033633
-0.0525772
-0.0887119
-0.150224
-0.180651
-0.180261
-0.1269
-0.0108561
0.0752317
0.0869566
0.0996141
0.0882354
0.063241
0.0406095
0.0237675
0.00503468
-0.00575716
-0.0267092
-0.0211435
-0.0178622
-0.0170219
-0.0308623
-0.0462614
-0.101557
-0.155192
-0.157506
-0.177089
-0.0681934
0.0452001
0.134947
0.107819
0.0768918
0.0657796
0.0457953
0.0279361
0.0128488
0.00207659
-0.0174153
-0.00972827
-0.00344194
-0.00371507
-0.0115089
-0.023588
-0.0397699
-0.105384
-0.130593
-0.126817
-0.0976853
-0.0431188
0.0708364
0.08484
0.0741635
0.0532727
0.0339877
0.0203474
0.00995865
0.00183449
0.0132272
0.00934532
0.00182338
-0.0114946
-0.0397491
-0.0805162
-0.113649
-0.0796885
-0.0411669
-0.0189788
0.0114271
0.0207076
0.0198128
0.0144602
0.00893412
0.0037417
-0.000548625
0.0329217
0.0302309
0.0265891
0.0141753
-0.00453168
-0.0344374
-0.0746627
-0.083998
-0.0600828
-0.0592642
-0.0618416
-0.0197802
-0.0034545
0.00135342
0.00193828
-0.000230046
-0.00140379
0.0245099
0.00464559
-0.0174289
-0.0852293
-0.108163
-0.114239
-0.0946995
-0.0369388
-0.0247729
-0.0175377
-0.010234
-0.0077206
-0.00465672
0.0380333
0.000605542
-0.0880892
-0.131804
-0.153923
-0.100201
-0.0754078
-0.050615
-0.025989
-0.0119531
0.0468843
-0.0284389
-0.100923
-0.132981
-0.294398
-0.319107
-0.339628
-0.35541
-0.369559
-0.378744
-0.383254
-0.384522
-0.382046
-0.37653
-0.369144
-0.359407
-0.346476
-0.331168
-0.314069
-0.295383
-0.275505
-0.25467
-0.233489
-0.21208
-0.190198
-0.168567
-0.14812
-0.129207
-0.111767
-0.0962171
-0.0822201
-0.0695872
-0.059018
-0.0510474
-0.0454743
-0.0416618
-0.0383876
-0.0357257
-0.0338925
-0.0326497
-0.0313881
-0.0294069
-0.0269107
-0.0238722
-0.019028
-0.011802
-0.31826
-0.340542
-0.327295
-0.358108
-0.379404
-0.358423
-1.0175
-1.25557
-1.02565
-1.19232
-1.25434
-1.15063
-1.29999
-1.35622
-1.35802
-0.36111
-0.380022
-0.364937
-0.399164
-0.419826
-0.396134
-0.392884
-0.397881
-0.386162
-0.43571
-0.436656
-0.415195
-0.398769
-0.398302
-0.388478
-0.430578
-0.425791
-0.409564
-0.394224
-0.387296
-0.379364
-0.419583
-0.410319
-0.398211
-0.377355
-0.364744
-0.360517
-0.397881
-0.382081
-0.37175
-0.350007
-0.332622
-0.330702
-0.364142
-0.340577
-0.335601
-0.31295
-0.291862
-0.292923
-0.315352
-0.291864
-0.292071
-0.269732
-0.24771
-0.251312
-0.267297
-0.242341
-0.244106
-0.225243
-0.201993
-0.20749
-0.21558
-0.184792
-0.193416
-0.178918
-0.157754
-0.164237
-0.158286
-0.140095
-0.150957
-0.138712
-0.121415
-0.126401
-0.122559
-0.107046
-0.114337
-0.105149
-0.0911365
-0.0943346
-0.0919847
-0.0769063
-0.0848513
-0.0783501
-0.0674113
-0.0694783
-0.0628491
-0.0577474
-0.0642267
-0.0592596
-0.0533726
-0.053077
-0.0524571
-0.0497609
-0.0519621
-0.0488631
-0.0459631
-0.0454418
-0.0483561
-0.045254
-0.0455524
-0.0423643
-0.0386356
-0.0389206
-0.0447831
-0.0406779
-0.0393186
-0.0356209
-0.032853
-0.034954
-0.0368493
-0.033482
-0.0332694
-0.0301756
-0.0267013
-0.0299256
-0.0296392
-0.0245819
-0.026011
-0.0226071
-0.0179128
-0.0230078
-0.0191661
-0.01374
-0.0160446
-0.012072
-0.00476538
-0.00921039
-0.00768833
-0.000817077
-0.00245058
-0.265343
-0.265343
-0.292405
-0.292488
-0.337524
-0.337653
-0.367011
-0.367317
-0.381887
-0.382169
-0.38137
-0.381577
-0.368929
-0.369107
-0.346632
-0.346745
-0.314558
-0.314648
-0.276358
-0.276385
-0.234748
-0.234687
-0.191616
-0.191472
-0.149497
-0.149379
-0.112897
-0.112822
-0.0834358
-0.0833223
-0.0606259
-0.0604955
-0.0474594
-0.0471985
-0.040301
-0.0399727
-0.0352994
-0.035045
-0.0318364
-0.0316853
-0.0269872
-0.026929
-0.0184155
-0.0183665
-0.316884
-0.317021
-0.353266
-0.353541
-0.376727
-0.377027
-0.383534
-0.383753
-0.376128
-0.376347
-0.359342
-0.359464
-0.33152
-0.331622
-0.296032
-0.296105
-0.255742
-0.255735
-0.213432
-0.213309
-0.169993
-0.169872
-0.130325
-0.130254
-0.0973622
-0.0972722
-0.0710095
-0.0708824
-0.0528383
-0.0526633
-0.0436473
-0.0433099
-0.0375182
-0.037225
-0.0335852
-0.033392
-0.029661
-0.0295805
-0.0236175
-0.0235457
-0.0108481
-0.0108575
-0.19704
-0.190792
-0.180922
-0.176063
-0.160076
-0.156352
-0.135712
-0.135719
-0.136399
-0.141274
-0.142443
-0.111656
-0.114361
-0.116203
-0.123116
-0.125097
-0.0882878
-0.0922081
-0.0959941
-0.103889
-0.106777
-0.133887
-0.115996
-0.097491
-0.141722
-0.133195
-0.132262
-0.124385
-0.11516
-0.113516
-0.105992
-0.0967032
-0.0943695
-0.143087
-0.143047
-0.125826
-0.125755
-0.107577
-0.107474
-0.134592
-0.134538
-0.116763
-0.116679
-0.0982467
-0.0981409
-0.0038351
-0.00493085
-0.00500373
-0.00429232
-0.00466336
-0.00391976
-0.00423077
-0.00460152
-0.00198162
-0.00192504
-0.00248017
-0.00407473
0.00136048
0.000982443
-0.000417942
-0.00247059
0.00467069
0.00414515
0.00260233
0.00070528
0.0105158
0.00935724
0.00698681
0.00513824
-0.00436343
-0.00449873
-0.00343031
-0.00107355
0.00278685
0.00776592
-0.00557659
-0.00513661
-0.00426937
-0.00543203
-0.00487159
-0.00352424
-0.00421252
-0.00345487
-0.00161298
-0.00229136
-0.000839859
0.000884913
0.00104011
0.00307053
0.00461408
0.00567824
0.0085854
0.00962669
-0.0716775
-0.0768045
-0.0852094
-0.08825
-0.0534505
-0.0590113
-0.0674252
-0.070444
-0.0363871
-0.0421581
-0.0498664
-0.0534707
-0.0232069
-0.0295402
-0.0352447
-0.0376861
-0.0142251
-0.0202497
-0.0240861
-0.024883
-0.00688593
-0.0112186
-0.0147921
-0.0150816
-0.00443863
-0.00729713
-0.00889856
-0.007987
-0.00440338
-0.00612946
-0.00634512
-0.00483439
-0.0793285
-0.0619267
-0.0451462
-0.0308677
-0.0197384
-0.0111056
-0.00594422
-0.00439204
-0.0877254
-0.0787434
-0.0762051
-0.0697975
-0.0612421
-0.0583806
-0.0527829
-0.0447436
-0.042393
-0.0372945
-0.0308887
-0.0293562
-0.0251133
-0.0201135
-0.0193576
-0.015751
-0.0119957
-0.0114338
-0.00916875
-0.00731102
-0.00754597
-0.00618277
-0.00571513
-0.00549679
-0.00486789
-0.00479084
-0.00487383
-0.00482652
-0.00417094
-0.00415122
-0.00243055
-0.0024161
0.000830634
0.000829835
0.00539178
0.00537086
-0.00483165
-0.00476963
-0.00466434
-0.0046315
-0.00344701
-0.00343349
-0.00101504
-0.000999751
0.0029472
0.00294176
0.00814227
0.00810218
-0.0889919
-0.0888886
-0.0710533
-0.0709614
-0.0538355
-0.0537824
-0.0380759
-0.0380411
-0.0253708
-0.0253272
-0.0156747
-0.0156049
-0.00881344
-0.00872255
-0.00562189
-0.00552247
-0.0799495
-0.079854
-0.0623975
-0.0623139
-0.0455408
-0.0455087
-0.0313241
-0.0312808
-0.0202628
-0.0201926
-0.0117765
-0.0117139
-0.00679036
-0.00669591
-0.00506887
-0.00497702
)
;

boundaryField
{
    inlet
    {
        type            zeroGradient;
    }
    outlet
    {
        type            fixedValue;
        value           uniform 0;
    }
    wall
    {
        type            zeroGradient;
    }
    empty_zmin
    {
        type            empty;
    }
    empty_zmax
    {
        type            empty;
    }
    procBoundary1to0
    {
        type            processor;
        value           nonuniform List<scalar> 
39
(
-0.419092
-0.317911
-0.250937
-0.202421
-0.167797
-0.142547
-0.123396
-0.110085
-0.110913
-0.10579
-0.10788
-0.105349
-0.105342
-0.253301
-0.304603
-0.387304
-0.52326
-0.711262
-0.562443
-0.24673
-0.274987
-0.297437
-0.883455
-1.03969
-1.00266
-1.20834
-1.20752
-0.802151
-0.910354
-1.14865
-1.3356
-0.237527
-1.13323
-0.880654
-0.989075
-0.259684
-0.297437
-0.235599
-0.235698
)
;
    }
}


// ************************************************************************* //
