/*--------------------------------*- C++ -*----------------------------------*\
| =========                 |                                                 |
| \\      /  F ield         | OpenFOAM: The Open Source CFD Toolbox           |
|  \\    /   O peration     | Version:  2406                                  |
|   \\  /    A nd           | Website:  www.openfoam.com                      |
|    \\/     M anipulation  |                                                 |
\*---------------------------------------------------------------------------*/
FoamFile
{
    version     2.0;
    format      ascii;
    arch        "LSB;label=32;scalar=64";
    class       volScalarField;
    location    "2.1";
    object      initialResidual:p;
}
// * * * * * * * * * * * * * * * * * * * * * * * * * * * * * * * * * * * * * //

dimensions      [0 0 0 0 0 0 0];

internalField   nonuniform List<scalar> 
2367
(
6.19315e-10
1.42408e-09
-1.69048e-10
8.72598e-10
3.95983e-10
-4.91808e-09
9.82168e-10
-1.5857e-09
3.23635e-10
9.15e-10
3.55123e-10
1.50519e-09
-6.11038e-11
-6.4236e-11
1.64179e-10
1.02411e-10
-1.14591e-09
1.01952e-11
3.60205e-10
2.273e-09
1.84245e-09
-5.87225e-10
-2.63637e-09
-6.14609e-10
-4.76963e-10
-4.52225e-10
1.97052e-09
-1.20417e-09
-1.3203e-09
-8.62468e-10
-3.81796e-09
3.23166e-09
-2.66714e-09
2.01967e-09
5.50249e-10
-3.02862e-09
-3.14358e-09
5.12821e-10
-1.90993e-09
-2.52001e-09
8.67026e-10
2.30603e-09
6.81664e-10
-5.65249e-10
-5.36694e-11
5.01015e-11
-1.62207e-09
1.85096e-09
-6.18113e-10
-3.03501e-09
-3.65272e-10
-1.36729e-09
1.36658e-08
1.07316e-09
-3.70865e-09
1.01475e-08
-1.05232e-09
2.69718e-09
-1.83446e-10
7.03207e-10
-3.69942e-10
-2.09896e-10
3.13138e-10
4.71135e-10
1.47311e-09
2.79808e-08
-8.72378e-09
-1.16905e-09
5.38862e-09
-4.14255e-10
-1.45084e-09
-1.17932e-10
1.60125e-09
-4.18285e-10
6.44792e-10
5.06991e-09
-8.78582e-09
3.97854e-10
9.09907e-09
-4.85955e-09
-1.56215e-09
-1.08464e-09
6.99787e-11
-1.52752e-09
9.45318e-11
-3.78867e-09
-1.97052e-09
-2.64717e-09
2.56538e-10
5.19734e-09
-7.1029e-10
2.84462e-10
-3.65502e-10
3.28038e-10
2.53236e-10
6.76412e-09
3.68534e-09
-9.21556e-09
1.31729e-08
3.62698e-08
-2.2178e-08
1.9233e-08
-1.24713e-08
1.54521e-09
8.18387e-10
-1.26575e-09
-5.48881e-10
5.84316e-11
-1.32492e-09
-2.17216e-10
-2.86311e-09
7.17327e-10
-2.63861e-11
2.20203e-09
-1.06839e-08
-2.66548e-09
1.46793e-08
3.33228e-09
-6.70004e-10
9.22615e-10
2.41584e-09
2.36386e-10
-9.53249e-11
3.97168e-11
2.83085e-09
-2.1453e-09
-2.39106e-09
2.81314e-08
8.05025e-10
9.38869e-09
-3.03191e-09
7.08495e-10
3.96474e-10
-3.71445e-09
7.02481e-10
3.99861e-10
9.36686e-11
1.43773e-09
3.75607e-09
-1.97535e-08
-4.4165e-07
5.16793e-07
-3.29378e-08
-2.00773e-11
8.94983e-11
-3.86568e-09
2.24387e-09
-9.57682e-10
5.26264e-10
1.80873e-10
3.54336e-08
7.13559e-09
2.00574e-09
3.89667e-08
-4.52922e-08
8.49948e-08
-5.03877e-09
-1.26697e-09
2.86751e-09
2.37602e-09
1.00239e-09
-1.25359e-09
5.10003e-09
-4.42303e-08
-1.25758e-08
2.43933e-08
1.39702e-08
2.0941e-08
-9.27629e-08
8.32395e-09
-9.14004e-10
-5.32743e-10
-1.62016e-09
1.75592e-10
2.18914e-09
-2.84556e-09
2.82719e-09
1.997e-09
-2.31229e-07
3.77562e-09
-4.2956e-09
9.73059e-09
1.09196e-09
3.46746e-09
-1.5087e-10
-2.42979e-11
-1.44378e-09
2.08069e-10
-1.52096e-09
2.71262e-10
1.66186e-09
7.03771e-09
7.02782e-09
-1.09596e-08
-1.08972e-09
-4.73957e-09
1.21691e-10
-1.13701e-09
-2.88353e-09
1.73943e-09
1.72446e-09
-4.48658e-10
4.94263e-10
-2.04915e-09
-1.3114e-09
3.47506e-09
-2.23334e-09
4.39978e-12
-4.15231e-08
-1.56006e-07
8.65686e-11
3.56472e-09
9.28371e-10
-1.1719e-09
2.4806e-09
8.56752e-10
-1.63187e-09
4.52858e-10
-3.39871e-10
1.11319e-09
9.93795e-10
-4.11327e-09
7.16543e-09
-1.02383e-09
2.32568e-10
2.15166e-09
-2.40418e-10
6.55719e-10
1.94875e-08
3.25833e-09
2.71992e-09
3.67403e-10
4.49902e-10
6.98368e-10
-6.85344e-10
1.83091e-10
4.70943e-10
-3.18694e-11
1.03642e-10
-2.4359e-09
5.40017e-09
3.44517e-08
1.53761e-09
-1.34464e-09
-1.11252e-09
3.39723e-09
-8.89243e-11
-4.00092e-09
1.07419e-09
-4.67966e-10
1.38377e-10
2.97285e-09
-2.3199e-09
-2.17755e-10
-5.58226e-10
-7.10302e-10
1.26182e-09
-1.4996e-09
2.04646e-10
2.5016e-10
-8.4917e-10
1.06048e-09
-4.75228e-09
1.45611e-09
1.48274e-08
-5.35689e-08
6.62917e-08
-1.57094e-08
-6.02194e-10
-3.76585e-09
-1.62865e-08
-3.54445e-09
1.93855e-09
-9.232e-09
-2.0081e-09
2.56073e-09
2.03485e-09
-1.95085e-10
3.06808e-10
-6.55654e-10
4.13291e-10
1.24633e-09
-1.04813e-09
-2.87849e-10
-2.94547e-09
-1.03817e-09
-1.68894e-09
1.80131e-09
1.30429e-10
-9.94149e-10
3.93154e-08
2.3097e-09
-1.57062e-08
-1.85576e-08
-8.74222e-10
-4.57105e-10
-2.33533e-11
1.47773e-09
1.43508e-09
-1.48316e-09
-8.45098e-10
1.00903e-09
-3.7246e-10
-1.037e-09
2.80006e-09
2.44216e-09
2.35412e-09
-3.50082e-09
8.21292e-09
-1.7249e-08
-9.50609e-09
-7.83561e-09
-4.46543e-09
-8.55063e-09
1.92777e-10
4.36685e-10
-1.16597e-09
9.25294e-10
-6.57492e-10
5.5635e-10
-1.78729e-10
2.2911e-10
3.45782e-10
7.74911e-10
-8.05569e-10
1.37681e-10
-1.70163e-10
-2.02843e-10
3.87687e-10
-4.78021e-10
1.43755e-09
2.18185e-11
-1.54829e-09
-5.08176e-10
2.73596e-10
5.17855e-11
-1.65675e-09
-5.97376e-10
1.42226e-09
3.10901e-09
1.54697e-09
-6.54258e-09
2.20628e-09
-6.70781e-12
1.8714e-10
7.80121e-10
-4.17219e-10
5.41804e-09
4.74652e-10
-2.6082e-09
-1.74923e-08
-1.93881e-08
1.67341e-08
7.81795e-10
-8.22178e-10
6.49137e-10
-1.83418e-08
4.62822e-09
-1.14348e-08
-3.70949e-08
3.26348e-09
-2.84034e-09
-2.69447e-08
-6.13349e-10
7.46867e-10
-2.45496e-10
-3.64095e-09
-6.17189e-10
1.11939e-07
3.03861e-10
4.70956e-10
-8.03141e-10
1.92436e-09
-7.53799e-10
5.75655e-09
1.57796e-08
1.51518e-08
-2.62912e-08
-8.66313e-10
1.1529e-09
-2.79872e-10
4.24339e-08
1.26061e-08
4.20667e-09
-2.61736e-08
1.82609e-08
4.30657e-07
5.4663e-10
-4.7602e-10
7.32905e-10
8.36645e-09
-1.09997e-08
-3.72736e-08
-7.58788e-08
-1.83474e-08
-5.04786e-08
1.38017e-10
-3.47671e-10
-1.94179e-10
-1.10421e-08
1.23901e-07
3.40565e-08
1.76965e-08
-1.78718e-08
3.65216e-08
1.51308e-09
2.11101e-10
-3.92296e-10
-6.95748e-08
-1.9398e-09
-1.17806e-09
2.96926e-10
4.10576e-11
-1.91678e-09
8.12041e-09
-2.33185e-09
-9.99742e-09
4.47538e-10
-5.70914e-10
-7.13877e-12
9.5462e-10
7.41883e-10
3.10756e-10
-9.85813e-09
4.22617e-08
1.13227e-09
1.89423e-09
-2.94429e-10
-4.66261e-10
-1.9935e-09
1.20783e-10
6.01718e-10
-1.34068e-09
3.37297e-11
-3.83804e-09
1.47928e-09
-9.64039e-10
-2.075e-09
1.12735e-09
7.92903e-10
-2.3655e-09
-4.58426e-10
-1.96364e-10
5.65633e-10
-3.45475e-11
8.38803e-10
-6.98041e-10
1.94959e-10
-1.14678e-10
-1.77204e-10
-4.68773e-11
-1.46246e-09
-2.42267e-09
-4.42238e-09
7.23967e-10
-2.56746e-09
1.22602e-09
5.41116e-10
1.15339e-09
5.30123e-09
2.70231e-09
8.04861e-09
-3.34606e-10
6.68945e-11
9.60676e-10
-8.70696e-09
9.25412e-10
-8.93926e-10
2.60359e-10
8.40806e-10
5.56637e-10
-2.02993e-10
-1.22858e-09
6.74975e-10
5.53205e-10
1.03588e-09
-5.41584e-10
-6.50167e-11
1.3572e-09
-1.13539e-09
7.47139e-10
-7.24433e-11
-9.18066e-11
-1.55147e-09
-8.47539e-11
5.86306e-10
-1.09497e-09
4.86335e-10
5.39994e-10
6.19073e-10
1.67721e-10
-4.62643e-09
-7.37564e-10
9.05068e-10
-1.06531e-09
-8.1934e-11
2.36001e-09
-4.13559e-09
-3.03102e-09
1.98132e-09
-2.8703e-09
2.77416e-09
-1.1053e-08
3.55754e-09
-1.07279e-09
-3.15926e-10
-1.14618e-09
1.10258e-09
-2.75805e-09
-4.47273e-10
1.80998e-09
-3.04066e-09
5.23607e-10
8.93238e-10
-2.50219e-09
5.47435e-09
5.1196e-09
1.61777e-08
7.852e-10
-3.71446e-10
-1.18962e-10
-1.96983e-09
1.08462e-09
2.326e-09
6.76065e-10
1.14243e-09
-1.41462e-09
-1.78716e-10
8.82429e-09
-1.26667e-09
-1.34384e-09
-3.97352e-09
-1.34428e-09
3.90846e-09
5.67538e-12
6.23146e-10
9.63767e-10
-3.32776e-09
5.68204e-10
1.02316e-09
7.94936e-10
-2.93316e-10
-7.7666e-11
-1.20242e-09
-4.64144e-09
-1.49461e-09
-1.11409e-09
-4.81477e-10
5.57953e-10
-3.29302e-09
5.05042e-09
-4.37516e-08
6.2408e-09
2.22152e-09
1.91275e-08
-6.9023e-10
-5.69339e-10
-1.98585e-10
-1.32012e-10
2.07574e-10
-4.35879e-10
4.17634e-09
1.71345e-09
-6.5402e-10
-6.27272e-10
2.58602e-09
-9.39556e-10
-8.46428e-09
-9.00243e-10
-6.08542e-08
1.04954e-09
-6.54226e-10
-1.35816e-09
1.23255e-09
-5.37546e-10
-1.01288e-09
-3.08573e-09
2.68276e-10
-3.27493e-10
-4.14046e-09
1.37866e-09
-6.42979e-10
1.8714e-08
-1.74815e-07
-3.94188e-07
1.31232e-09
2.9563e-12
2.42122e-09
7.04968e-10
-7.42803e-10
8.5781e-10
-2.76535e-09
-3.95276e-09
-3.6942e-10
-9.90179e-09
-2.30029e-08
2.30928e-08
1.21805e-07
1.09887e-09
-1.17135e-08
-3.07619e-09
5.37328e-10
-2.94923e-09
-1.10086e-09
-3.77435e-11
-2.02225e-10
-2.42069e-11
-2.32012e-10
-2.67169e-09
4.13029e-08
-2.85922e-08
-1.90022e-10
5.84181e-09
1.85416e-08
-1.35081e-08
-4.9413e-10
-1.56557e-09
-1.10186e-09
2.58412e-09
-6.04679e-10
-2.51951e-09
1.21411e-09
3.03538e-09
2.16085e-09
-1.51161e-08
2.77546e-08
-5.20853e-10
-6.66776e-08
-4.28575e-08
1.43401e-07
-2.85165e-08
-1.15783e-08
1.16052e-09
1.3425e-08
1.93507e-08
3.27807e-08
2.24215e-09
2.00997e-09
2.465e-09
-2.8064e-09
1.63822e-09
1.30784e-09
1.80499e-09
-1.97416e-09
-6.23334e-10
6.48103e-08
7.69616e-09
7.74518e-09
2.05869e-08
1.32545e-08
1.38932e-08
-2.33568e-08
-1.01664e-08
-8.18678e-09
6.98035e-10
-5.74416e-09
-8.12635e-10
1.17719e-09
-8.49416e-10
-8.01328e-10
-1.28308e-09
-8.31177e-10
9.77614e-10
1.1821e-09
-1.93272e-09
3.70297e-09
-1.87914e-09
-1.69515e-09
6.30333e-09
2.28346e-08
4.68965e-08
1.3166e-09
4.72531e-08
-1.253e-08
1.39358e-08
1.97749e-10
3.58731e-09
-1.92984e-10
-3.4923e-10
-4.38459e-10
2.33884e-10
9.06067e-10
1.23545e-09
2.86628e-10
-2.81104e-09
2.53503e-09
-6.13198e-10
2.18567e-09
-7.59621e-10
4.88179e-10
6.68181e-10
-6.14079e-10
2.37819e-09
5.84711e-09
3.54397e-09
1.11014e-09
-1.48693e-09
-4.61761e-10
-5.28816e-10
7.83021e-10
-6.49666e-10
1.28619e-10
-1.15335e-09
-7.63391e-10
-9.08424e-10
1.77814e-09
-6.28821e-09
-3.44851e-08
4.71902e-09
-3.76272e-09
-1.37656e-09
4.70545e-10
-6.44276e-10
1.04242e-09
-1.64857e-09
-1.16782e-09
1.77823e-10
8.41292e-10
-1.01947e-09
8.04219e-09
-5.18299e-10
-9.1573e-10
4.37693e-09
-1.74382e-10
-1.74732e-09
-3.75425e-09
-6.06719e-11
-7.50523e-10
2.01764e-10
1.04522e-09
3.71138e-09
1.75472e-09
4.73053e-11
-3.17308e-10
-6.13033e-11
3.23362e-10
2.72655e-11
-2.92459e-11
9.36031e-11
9.85212e-10
2.27534e-10
4.05807e-09
1.10562e-09
-2.4417e-10
4.64705e-09
-6.46459e-10
1.03076e-10
-4.35021e-09
-2.39305e-09
-2.38022e-08
-1.02514e-09
1.41426e-10
2.21616e-09
1.84331e-10
3.15564e-10
5.96217e-11
-1.57845e-10
-1.26624e-10
6.50595e-10
1.15043e-10
6.68689e-11
-2.71983e-10
-1.39076e-09
1.11561e-09
-1.80732e-10
5.63377e-10
3.36315e-10
-6.45488e-10
3.66625e-10
-3.9927e-10
6.66912e-09
-7.59423e-11
-1.24247e-10
-2.48305e-10
-9.45185e-11
6.66274e-11
3.32134e-10
3.25176e-11
1.85733e-09
9.2496e-10
2.45206e-10
5.52566e-10
-6.3404e-10
1.07244e-09
-8.82686e-10
-6.41027e-10
-1.18984e-09
7.70929e-10
7.88036e-08
-1.13089e-07
-8.34609e-10
-4.98918e-09
1.3998e-08
6.41384e-09
-5.35538e-09
4.12721e-09
7.91617e-09
-1.54779e-09
8.16948e-11
-9.21528e-11
-3.92321e-10
-2.2636e-11
3.33567e-10
3.62611e-11
-8.35426e-11
4.63684e-11
1.99323e-10
-2.22893e-11
-7.64659e-11
-6.33006e-12
8.71524e-11
-2.01868e-11
-5.67746e-11
2.50677e-11
-1.01666e-09
2.84112e-11
1.56801e-09
-1.06482e-10
-1.06708e-09
8.92216e-11
1.1335e-10
-8.92177e-12
4.39811e-11
-3.08302e-11
-1.01688e-10
7.76139e-11
3.40568e-12
-4.40342e-11
1.18675e-10
-1.70267e-11
7.62674e-09
1.2908e-09
-7.34419e-09
-1.33756e-08
1.34595e-09
-1.19797e-09
2.47069e-10
-2.25854e-10
2.35666e-09
-1.38887e-09
-5.06105e-09
-6.79431e-09
7.63037e-11
-3.88499e-11
3.27899e-10
-8.90892e-10
-1.00611e-09
-1.79892e-10
1.11616e-10
3.95484e-10
6.60807e-11
-1.64829e-10
6.25255e-10
5.36059e-10
-3.67511e-10
2.0449e-10
-2.44347e-10
-8.07692e-10
2.41471e-09
1.9532e-09
-2.16688e-08
3.54041e-09
-2.59692e-10
-3.2262e-09
1.9672e-11
-6.88668e-12
2.76852e-11
1.84526e-10
-2.75548e-10
-2.55374e-10
3.09208e-10
-1.27452e-11
2.22579e-11
-6.9183e-11
1.58862e-11
-6.14514e-11
2.4629e-11
1.23276e-10
1.02166e-10
-1.59959e-10
-3.61167e-10
1.94989e-10
2.62754e-10
-2.03956e-10
-3.37958e-10
1.45091e-10
1.17024e-10
-5.49343e-11
1.02236e-10
-8.77766e-11
-2.67792e-10
1.06045e-10
1.19169e-10
-7.21421e-12
-3.27653e-11
1.69093e-11
3.37659e-10
7.10345e-11
-1.88444e-10
-1.45877e-10
4.73952e-11
9.63448e-11
2.45457e-10
-7.20265e-11
-1.13864e-10
1.60727e-10
-2.32409e-10
-2.28237e-10
9.33039e-13
2.44928e-11
5.58991e-10
4.98658e-11
-3.73768e-10
9.22515e-11
-4.82218e-10
-4.52605e-11
1.34393e-10
-6.69942e-11
1.84507e-10
1.26552e-10
-2.32876e-10
-2.54851e-11
1.36602e-10
-6.50796e-12
-5.98897e-11
4.71661e-11
4.40307e-10
-1.42334e-10
6.4198e-10
-1.45288e-10
1.61367e-09
-3.57251e-09
1.40635e-09
5.39436e-10
-6.29578e-08
2.73526e-08
6.54641e-09
1.69501e-09
2.76389e-09
1.0148e-09
-1.09719e-08
9.42483e-10
3.74672e-08
3.77619e-09
4.53343e-10
1.84459e-10
2.76766e-11
4.06896e-10
-2.2534e-10
-2.37827e-11
-5.15551e-10
-1.83177e-09
2.39463e-08
-6.74124e-09
-1.47696e-08
1.89938e-09
1.39531e-09
2.92392e-09
1.17861e-08
2.0821e-08
6.78349e-09
-1.05447e-08
6.51444e-09
-2.50349e-09
2.60906e-10
-6.31482e-11
-2.0091e-10
8.79312e-11
2.83589e-10
4.74565e-11
-5.66887e-10
-2.85811e-10
3.75741e-10
2.31273e-10
-1.27991e-11
1.1695e-10
-1.8929e-10
-4.69431e-11
-2.03185e-10
-6.54545e-11
6.74433e-10
-7.24684e-12
-1.72232e-11
7.19606e-11
-1.06022e-10
4.37365e-11
-1.83817e-10
-6.02774e-11
4.46697e-11
-2.74401e-12
3.18826e-10
1.43612e-11
-1.70243e-10
3.27246e-11
4.86443e-10
-8.81394e-11
7.39943e-10
-2.43445e-10
7.73539e-10
-4.56086e-10
5.18204e-10
1.34973e-10
3.80122e-10
-1.69682e-10
1.91467e-09
-1.33145e-11
8.64141e-10
1.69237e-09
2.44787e-10
4.211e-10
1.23052e-10
1.85915e-10
-2.93922e-10
1.58533e-10
-1.62674e-08
3.06392e-10
1.73024e-08
-4.13246e-10
-2.18393e-07
1.39827e-07
1.63785e-07
-6.94537e-08
-8.52422e-09
2.13754e-09
-2.178e-08
9.32214e-09
1.1581e-10
-1.40806e-09
3.58679e-09
-7.02981e-09
1.33468e-08
7.13959e-11
-1.2901e-10
2.30235e-09
-2.2374e-09
-6.0123e-09
2.92818e-10
1.45581e-09
-1.92968e-09
-5.64688e-10
5.77913e-10
2.01973e-10
-6.73179e-10
1.2943e-09
-4.87488e-11
9.79827e-10
1.14859e-09
-7.78866e-10
2.65589e-10
-1.16983e-09
-1.44033e-09
-3.42149e-11
7.41537e-11
7.25222e-11
-3.44097e-10
6.1506e-11
-5.5873e-12
-3.31441e-11
-1.53507e-11
3.40496e-11
2.18467e-10
1.346e-11
-2.20631e-10
-1.01763e-09
8.46676e-10
2.34613e-09
2.53007e-11
1.25685e-09
2.21253e-09
-2.4748e-09
-4.61897e-09
-3.08114e-09
1.56625e-09
1.40298e-09
-1.18143e-09
2.97928e-10
-1.08341e-09
-3.70205e-10
4.7881e-10
8.21284e-10
-3.42516e-10
-7.13534e-10
-1.50175e-09
-1.03969e-09
5.71302e-10
5.21005e-10
2.97207e-09
-2.75661e-11
-9.59742e-10
-5.57952e-09
2.73175e-09
2.48624e-09
4.62579e-10
6.77466e-10
-1.67685e-10
-3.16749e-10
3.50185e-10
-1.38061e-10
-2.63735e-10
-4.29496e-09
4.62102e-09
-6.56285e-10
3.38807e-09
-4.03368e-09
-6.00168e-10
1.22853e-09
7.11312e-10
-3.22673e-10
9.76083e-10
-8.01899e-10
-1.9669e-09
-3.14681e-09
1.14716e-09
2.09705e-10
2.61499e-09
3.22521e-10
6.61389e-09
-7.88078e-11
1.39787e-11
9.67488e-11
-3.17038e-11
-3.88264e-10
3.99141e-11
-2.19856e-11
-3.20942e-11
9.88786e-11
2.68267e-11
-1.31351e-10
6.28928e-11
-4.55577e-11
-1.28981e-11
-5.57239e-11
3.44192e-11
9.37653e-12
1.3767e-11
1.63734e-10
-1.24203e-10
-2.68728e-12
-2.88452e-11
-4.39064e-11
4.12531e-11
2.85252e-10
8.3411e-11
-2.722e-11
-2.40777e-12
-7.68985e-12
2.02772e-11
-3.5476e-12
-1.33361e-11
-4.25565e-11
8.60537e-11
-4.62418e-11
3.79371e-11
5.88674e-11
-3.39722e-11
6.42337e-11
-5.62768e-11
5.51757e-11
-1.4262e-11
-7.37603e-11
1.27408e-09
-1.25157e-09
-3.43376e-10
1.97268e-10
-9.00612e-11
3.40009e-10
4.83625e-12
-1.08696e-11
4.91058e-12
-1.08844e-11
-1.92981e-12
-5.05651e-11
6.67843e-11
-4.64524e-11
3.11087e-11
4.92526e-11
-3.37269e-11
-1.58253e-11
1.69269e-11
3.60381e-11
-2.34866e-10
1.25345e-10
-1.10474e-10
5.26946e-11
2.26846e-11
-7.91458e-11
5.82099e-11
2.57607e-12
-9.88203e-11
4.58879e-11
6.37372e-11
-6.40431e-11
-1.69799e-11
-1.61272e-11
-5.769e-11
5.1907e-11
-5.82186e-11
-4.83699e-11
3.81874e-10
1.42428e-10
-9.00251e-11
5.1843e-12
1.17337e-10
-2.45518e-11
4.08686e-11
-1.41445e-11
-4.63044e-12
3.44819e-11
1.27235e-10
-1.85907e-10
6.51992e-11
1.94397e-10
-1.1881e-10
-4.77134e-11
-8.69552e-11
7.35785e-11
-5.35466e-11
9.6483e-11
-1.55278e-11
7.18772e-12
1.23157e-10
-1.07429e-10
7.79698e-11
-1.53117e-10
-1.40126e-11
-1.13376e-10
-3.84149e-11
6.1274e-13
3.63481e-11
-2.84809e-11
2.19705e-11
-1.16055e-10
-7.44484e-11
1.66931e-10
-5.26966e-11
-1.46946e-10
7.4464e-11
5.05316e-12
-2.59164e-11
2.98849e-11
1.51578e-10
-1.87112e-10
1.82359e-10
-3.03506e-11
-8.48538e-11
3.31356e-10
-4.37033e-10
3.00552e-11
9.00539e-11
6.05414e-11
-7.82807e-11
1.03732e-10
-9.30027e-11
3.06323e-11
9.71525e-12
8.56132e-11
-6.13402e-11
1.15769e-10
-6.98549e-11
-1.57306e-10
2.18758e-11
-1.08072e-11
2.34483e-10
-3.31207e-11
-1.63161e-10
-1.65705e-11
-9.71274e-11
-4.16154e-11
2.70894e-11
-2.65558e-10
3.15984e-10
4.34497e-11
1.66328e-11
4.85029e-11
3.17257e-11
-1.42883e-10
1.69567e-11
6.56719e-12
6.83572e-12
-5.14752e-11
-2.08686e-11
-6.32687e-12
1.00725e-10
2.36833e-10
-1.70928e-11
-6.70486e-12
-1.6257e-10
-6.87537e-11
5.41759e-11
1.99627e-10
8.35084e-13
3.28335e-11
1.26561e-10
-1.34155e-11
-4.4573e-10
-2.64754e-10
-5.63491e-11
-4.90637e-11
-1.73813e-11
7.57801e-11
9.2633e-11
-3.98468e-11
-3.03537e-11
1.06289e-10
-1.19194e-10
-1.18492e-11
-1.96233e-11
-1.17292e-10
-2.87459e-11
5.51542e-11
3.49021e-11
4.89971e-11
2.2148e-10
-2.9633e-10
9.74166e-11
-8.21177e-11
-1.11394e-10
1.61675e-10
3.26064e-10
2.28613e-10
4.01035e-11
7.62765e-11
2.66036e-15
-6.26082e-12
-1.6157e-10
2.28727e-11
5.601e-11
-1.52051e-10
1.46254e-10
-1.03414e-10
-1.07857e-10
1.64559e-11
1.50993e-10
-1.00176e-10
2.39402e-10
-4.94064e-12
-4.1452e-10
-1.09578e-10
-1.28227e-11
1.68846e-11
2.86342e-11
-3.92067e-11
4.50182e-10
-4.09102e-11
-6.19427e-11
4.61844e-11
1.77575e-11
-1.68699e-10
2.97639e-11
1.20022e-10
-3.28984e-11
-2.98602e-12
5.08664e-11
1.90651e-10
-5.6582e-11
-2.65935e-11
7.48853e-11
6.71477e-11
-4.41286e-10
-8.91184e-11
2.35679e-10
4.87974e-10
-1.12414e-10
1.34802e-10
1.47988e-10
-7.31768e-10
-8.4191e-10
-2.2665e-10
3.55248e-10
-5.5014e-11
-6.90008e-11
1.97589e-10
2.78354e-10
-1.35677e-10
-7.85193e-11
2.66565e-10
1.56588e-10
1.59086e-10
-2.38852e-10
-3.99411e-10
-1.18114e-10
6.37501e-11
8.07729e-11
1.26033e-10
3.4395e-10
-4.22534e-10
2.71326e-11
-1.54334e-10
3.69625e-12
7.15652e-10
5.72823e-10
3.12377e-10
-3.80769e-11
-6.78212e-12
8.58493e-11
-1.28949e-10
-2.33146e-10
-8.9155e-11
1.0592e-10
-8.23901e-11
-4.09175e-10
-3.74031e-10
5.30082e-10
4.03508e-10
-4.59772e-11
-5.44373e-12
1.60291e-10
-4.34952e-13
-4.95997e-10
-2.90863e-10
2.5381e-10
2.13399e-11
-2.11266e-10
-3.53823e-11
-1.75633e-10
3.20712e-10
-3.81958e-10
-4.3864e-11
-8.98544e-11
2.33943e-10
-1.60208e-10
1.30491e-10
-4.49583e-11
-3.02766e-10
2.63598e-10
1.44785e-10
-2.37911e-10
2.58416e-10
1.20884e-10
-1.88164e-10
-2.21371e-11
1.90356e-11
5.82478e-11
9.11563e-10
-4.01573e-10
2.15574e-11
2.21949e-10
-4.31348e-10
9.67817e-10
-1.63622e-10
1.77325e-10
3.95994e-11
3.14901e-10
-3.2629e-10
3.45239e-10
2.18334e-11
-1.07406e-10
4.30814e-10
1.9831e-11
-2.12053e-10
3.52476e-12
-3.7518e-10
-1.30037e-10
-8.51949e-11
-2.16872e-11
-8.9968e-12
-3.72661e-10
-2.53223e-11
2.48048e-11
1.89679e-10
-1.24612e-10
2.12311e-10
-1.45926e-09
1.72855e-10
-7.50204e-11
5.33207e-10
-1.51083e-09
2.65446e-10
-4.39322e-10
-9.15967e-11
6.7573e-10
-1.01009e-09
-2.12248e-10
3.11211e-10
-2.38923e-12
4.60083e-11
1.31717e-10
2.19755e-10
-1.6769e-10
-1.32194e-10
8.68635e-10
-7.12497e-10
3.96529e-10
1.4912e-11
-8.52671e-11
2.29586e-10
1.529e-09
6.04672e-12
1.65231e-10
7.32843e-10
5.9743e-11
-9.52547e-11
4.5541e-10
-5.87525e-10
-1.26843e-10
5.17189e-11
5.67433e-10
3.12715e-10
-9.1003e-11
2.21436e-10
8.37832e-11
1.12877e-11
3.10341e-10
8.99782e-15
-6.03443e-10
1.10584e-09
-2.88776e-10
-5.61164e-10
-1.35523e-11
-5.93513e-10
1.21808e-09
2.41066e-09
-1.89822e-09
5.95924e-10
4.59106e-09
-4.50652e-10
-9.85481e-10
1.09684e-09
-2.23216e-10
6.19276e-10
2.73339e-10
-6.94275e-10
-1.97195e-10
-2.94007e-10
3.51379e-11
-3.85466e-10
-1.64427e-10
1.67548e-12
-6.93028e-10
-2.69921e-10
2.1606e-10
6.51459e-10
6.43903e-10
-1.60089e-10
-2.99652e-09
-1.66856e-09
1.14854e-09
-1.46116e-09
1.29211e-10
4.94719e-10
9.12577e-10
-1.25328e-09
2.86352e-10
-1.01931e-09
-5.60632e-10
3.9325e-11
2.94912e-10
1.41049e-10
-3.48415e-10
6.33172e-11
1.7273e-09
-7.04416e-10
-6.08116e-10
-4.93953e-10
-3.12484e-10
-1.47225e-10
-8.52716e-10
-5.02892e-11
3.30298e-09
3.01583e-09
-3.4911e-09
7.21445e-10
2.74505e-09
-6.62694e-10
3.23123e-09
-4.38932e-10
-1.23691e-09
8.41055e-10
4.97636e-10
3.75086e-10
4.14596e-10
-1.37245e-10
6.49405e-11
3.96676e-10
-1.68173e-09
1.01782e-09
1.28184e-09
9.70558e-10
1.69375e-10
-4.62638e-10
7.1157e-10
1.59125e-10
-1.62094e-08
1.62583e-09
-3.22436e-09
-2.54725e-09
-5.02837e-10
3.0286e-10
2.20143e-10
-7.99708e-11
4.78494e-10
-3.38481e-10
-1.53615e-10
-8.69009e-10
-2.97737e-10
5.21069e-10
-4.31589e-10
-2.02461e-10
1.16181e-08
-3.45023e-09
2.66151e-12
2.50337e-10
-1.12501e-10
-2.45548e-10
-4.77571e-11
-4.5387e-10
-7.15241e-10
-1.00153e-10
4.3494e-10
3.84347e-10
-4.13817e-11
-3.09238e-10
-9.15096e-11
-7.31039e-10
1.45109e-08
-2.29728e-09
-5.3567e-10
-1.02936e-09
-1.09053e-09
8.97892e-10
1.72822e-11
5.44198e-10
-1.53288e-10
-6.37417e-09
-5.66144e-09
6.13936e-09
1.78422e-09
1.65737e-09
-6.49153e-10
-7.69965e-10
-1.13832e-09
-7.77009e-10
6.49845e-09
1.6898e-09
-7.71343e-09
-1.49649e-09
-1.77968e-09
-9.49141e-10
-1.9806e-10
2.21335e-10
9.33986e-10
1.37463e-09
-1.51323e-09
1.2096e-09
-1.72621e-11
6.33578e-11
1.04117e-11
-4.41525e-11
-7.3725e-11
-4.29316e-11
8.46781e-11
5.68111e-11
1.05434e-11
-4.79541e-11
2.10948e-11
-2.03291e-11
2.72289e-12
-7.45948e-11
-4.99513e-11
1.88347e-11
2.93571e-11
3.79237e-11
-3.48432e-11
-3.60937e-11
1.90297e-13
2.04019e-11
1.70441e-11
4.23037e-10
-5.49536e-12
-5.05684e-10
-4.2435e-11
-1.37963e-10
6.61148e-12
2.60431e-10
-2.814e-11
9.4854e-13
-1.71911e-12
-8.32126e-12
-5.80633e-14
3.82083e-11
4.19088e-12
9.02951e-12
-7.78095e-11
3.23123e-11
1.11817e-11
-1.19961e-11
-3.92781e-12
-5.88116e-11
1.347e-11
5.47912e-11
5.34324e-11
-3.76344e-11
1.13945e-11
-2.19033e-12
3.15183e-12
-9.67842e-12
3.97987e-11
7.13701e-11
-3.05832e-11
1.95489e-11
5.75514e-11
6.51302e-13
-5.03571e-11
-8.97694e-11
4.71455e-11
6.9541e-11
-1.31371e-10
-7.41674e-11
4.73918e-11
1.73733e-10
2.56509e-11
-4.81429e-11
-1.808e-10
5.15245e-11
-1.07357e-11
1.42611e-10
-8.55459e-11
9.99091e-11
-1.31724e-10
-4.11956e-11
-9.0132e-11
-3.40482e-10
1.10322e-10
-1.28528e-11
5.30048e-10
-7.15598e-11
-6.12826e-12
-3.77337e-10
9.12049e-10
-9.68986e-10
-7.33995e-11
2.39118e-10
-1.93469e-10
1.00817e-10
-7.44945e-11
1.59817e-10
1.96335e-09
2.50626e-10
5.8044e-11
-6.57624e-11
-5.24959e-10
6.35857e-10
1.50556e-09
-3.98253e-10
-1.49043e-09
4.07225e-10
1.11592e-09
-2.69162e-10
-1.03825e-09
8.12487e-10
4.41944e-09
2.17999e-09
-1.0592e-09
5.35535e-10
-3.56464e-09
3.39571e-09
2.99668e-10
-1.79021e-10
2.15382e-09
-3.44567e-09
-1.05061e-09
4.00496e-10
-1.29818e-09
4.547e-10
-9.7669e-12
-5.73288e-11
-2.91776e-12
7.8169e-11
2.12026e-12
1.18247e-10
3.95981e-11
6.81198e-11
-7.07667e-11
-3.71848e-11
1.4416e-11
-1.47899e-10
1.3539e-10
-7.13965e-11
-7.29603e-11
3.90073e-10
-3.99637e-10
-8.21994e-11
-4.75707e-10
5.02702e-10
1.43455e-10
1.33926e-11
-1.08475e-10
-1.49713e-09
2.50712e-11
-1.16023e-09
1.50729e-09
-2.0074e-11
1.18265e-09
2.44379e-10
7.98046e-11
-1.53722e-10
-2.08901e-10
-1.22399e-09
-7.47711e-10
1.3059e-10
1.2357e-09
1.05165e-09
-7.62493e-10
1.65223e-10
-1.91173e-10
-4.04902e-11
-2.27772e-10
-3.80453e-11
6.38301e-11
-6.28668e-12
1.61254e-11
3.41456e-12
1.00265e-11
-2.37842e-11
5.56555e-12
-1.22625e-11
6.34289e-11
-2.30275e-11
3.30531e-11
-5.47696e-11
4.87988e-11
-3.01237e-11
-5.27332e-11
-9.87686e-12
-1.37195e-11
-1.08957e-11
1.50488e-10
-1.16092e-10
1.20368e-10
-1.12183e-10
1.14256e-11
-6.4565e-11
1.70543e-11
5.47744e-11
-2.45233e-11
-2.18697e-11
-9.60596e-12
-3.3847e-11
8.22594e-12
-4.63591e-11
1.30681e-10
-1.50639e-10
-3.98802e-12
-9.13012e-11
2.25265e-10
-1.27162e-11
6.47764e-13
2.68933e-11
1.26634e-10
-4.65166e-11
7.48612e-11
-2.36847e-10
1.65992e-10
-1.65075e-10
5.433e-10
-3.42138e-10
2.6772e-10
9.70498e-10
7.94065e-11
-2.15117e-10
-1.0839e-09
-5.23328e-11
1.42943e-10
8.14185e-11
2.23952e-11
5.25053e-12
1.55856e-09
3.09102e-11
-6.07851e-11
-1.87842e-09
-2.0136e-11
3.48863e-10
1.7457e-10
-2.78111e-11
-9.65766e-11
-3.45387e-12
1.72847e-11
-5.06456e-12
-1.3329e-11
-1.45883e-11
1.05348e-12
2.78006e-11
-1.02412e-11
2.78906e-11
-1.96143e-11
-6.47509e-12
-7.41177e-12
-5.10856e-12
-6.24185e-11
7.58599e-11
-1.66558e-11
1.19343e-10
-5.61121e-11
1.03091e-11
-9.31316e-11
-3.38101e-12
5.93018e-11
-1.90858e-10
3.18691e-11
-2.64303e-11
9.62674e-11
-9.84388e-11
-1.46067e-11
-9.731e-13
-2.25978e-12
5.52542e-11
8.66863e-11
-9.75245e-11
-1.76506e-10
2.02147e-10
-5.08962e-11
3.53141e-11
-1.2793e-11
6.43413e-11
-4.45184e-11
-9.0533e-11
-7.22793e-11
-3.41347e-11
-9.95908e-11
-9.77429e-11
-2.5859e-11
1.03399e-10
-3.64539e-11
1.16288e-12
3.09468e-11
1.32756e-10
7.40812e-11
6.2165e-11
3.10328e-10
2.79658e-11
-1.2977e-10
-6.81947e-11
8.27242e-11
-5.0271e-11
-7.29371e-11
-1.18116e-10
-3.67208e-10
2.50269e-10
6.66977e-11
-4.25245e-11
2.83681e-11
-7.05059e-11
8.37811e-11
4.21829e-11
8.12568e-11
1.44335e-10
1.85578e-11
-1.85089e-11
-5.17466e-12
5.94953e-11
-4.31585e-11
4.77328e-11
1.63528e-11
-1.46797e-11
-2.4744e-10
1.23401e-10
-3.89995e-11
1.14867e-11
-5.70844e-11
4.89601e-11
-4.18753e-11
-3.93442e-11
4.53567e-11
-6.17555e-11
-3.0107e-10
2.38031e-11
-1.34015e-11
1.40608e-11
-5.79921e-11
3.3435e-11
1.95458e-11
4.42049e-10
-2.00623e-10
1.82827e-10
1.77741e-11
-2.2936e-11
4.83955e-11
1.8523e-12
5.39758e-11
5.38573e-12
-2.91727e-10
-4.22912e-11
-3.87463e-10
-4.30271e-12
-2.71886e-11
1.01827e-10
3.53588e-11
-1.70945e-10
3.00744e-10
4.6768e-10
1.55178e-11
-1.2866e-10
-1.00151e-09
1.29831e-09
2.21495e-10
-4.4542e-10
7.3838e-10
-1.09716e-09
3.60576e-10
-5.32141e-10
-7.5262e-11
1.30217e-10
-3.04154e-10
-1.49516e-10
-1.41057e-10
8.33905e-10
-1.21729e-10
2.63384e-10
8.41237e-11
-1.65695e-11
3.85189e-10
-1.13052e-10
-1.10528e-09
-3.96347e-10
-2.01607e-10
2.02468e-09
-1.657e-10
-2.79734e-09
-1.60755e-09
-2.44676e-10
-1.13304e-09
-4.0499e-10
-4.62713e-10
7.33122e-10
-2.41529e-09
3.50077e-09
-2.20828e-09
-8.36843e-10
1.9346e-09
-1.21713e-09
2.10153e-10
-7.24733e-10
1.12663e-09
-2.51213e-09
3.14061e-09
-2.28776e-09
-1.22846e-09
-1.53015e-09
3.66117e-09
1.34235e-09
2.00143e-09
-2.98792e-09
-5.34935e-10
5.35704e-10
-1.03465e-09
-3.54636e-10
-5.52114e-09
6.26369e-10
-1.97555e-10
1.76357e-09
-6.86072e-11
2.10731e-09
3.58088e-09
1.04269e-08
2.62051e-09
-1.09833e-08
1.26732e-09
1.9054e-09
1.49496e-09
-4.36756e-09
-9.98202e-09
3.07921e-09
-1.01915e-09
-1.84397e-09
6.73937e-10
-8.94419e-11
1.33259e-09
3.64327e-09
-6.4063e-11
-2.66922e-09
9.57939e-12
-3.46051e-13
-6.60877e-12
-6.88977e-12
-2.14877e-11
-1.62413e-11
4.72881e-11
-5.87808e-13
8.81085e-11
5.88436e-13
-6.25278e-11
8.87401e-12
1.81033e-11
-6.317e-12
7.56389e-12
5.81473e-12
-1.66717e-11
1.02512e-11
-2.69586e-11
2.44356e-11
-7.11867e-11
-1.31129e-11
6.0003e-12
1.32541e-11
2.1664e-11
-6.77831e-12
1.16157e-11
-4.10259e-12
-3.35974e-11
-1.19817e-11
-1.23212e-10
3.82514e-11
4.63181e-10
-6.24439e-11
-1.02643e-10
-5.8836e-11
5.80267e-10
4.07316e-11
-2.35121e-10
-7.79896e-11
-1.33037e-10
6.93938e-11
3.94363e-10
1.60907e-11
-5.97417e-10
-3.06595e-11
4.34332e-10
1.52919e-10
-6.86267e-12
-8.51155e-13
-7.53065e-12
3.93844e-12
2.49911e-11
1.28339e-11
-9.66067e-12
1.40525e-11
-5.99435e-11
-9.896e-12
-3.09493e-11
-2.26387e-12
6.24564e-11
-1.16985e-12
-1.71992e-11
-8.11453e-12
2.8573e-12
-2.75446e-12
-2.38778e-12
-1.18235e-11
8.71879e-12
4.69618e-11
1.19579e-10
-2.87914e-11
5.17452e-11
-2.99514e-11
-1.04257e-10
5.84402e-12
1.75457e-11
1.23122e-11
2.18692e-11
3.45564e-12
-5.48828e-11
2.65058e-11
1.02143e-11
-9.92733e-11
8.43862e-11
1.25733e-10
-2.42669e-10
-1.91688e-10
3.4195e-10
1.97035e-10
-2.34079e-10
-6.69661e-11
4.808e-11
-1.6795e-10
1.8269e-10
2.13576e-10
-4.15963e-10
-1.94894e-10
1.22258e-12
1.57658e-12
-3.21658e-12
-3.90812e-12
-3.1484e-12
-4.4177e-12
1.60938e-11
3.15298e-12
9.67127e-12
1.68144e-12
-4.53796e-11
3.56576e-12
-5.36343e-12
4.86352e-12
5.0532e-11
-8.74594e-12
-3.62892e-11
1.87731e-12
-2.05859e-11
3.09853e-12
2.42052e-11
1.84132e-12
2.82969e-11
-7.4548e-12
-6.58681e-11
1.28571e-11
-2.87645e-11
1.39172e-12
5.55751e-11
-7.75903e-12
8.18688e-11
-1.55703e-12
-1.53225e-10
1.98797e-11
-5.16037e-11
-1.47207e-12
9.49081e-11
-7.24587e-12
5.64547e-12
-1.67928e-12
-4.43686e-12
-9.49661e-13
9.41169e-12
5.29736e-12
-1.22161e-11
2.82549e-12
-2.823e-11
-3.23265e-12
1.25777e-11
8.60332e-13
3.3533e-11
-5.08024e-12
-4.46385e-11
4.90787e-12
-2.88126e-11
8.58186e-12
6.51423e-11
-6.86688e-12
-9.2777e-12
-4.38605e-12
-4.98536e-11
8.81412e-12
1.92992e-11
-3.92613e-12
4.78408e-11
-2.4268e-12
-4.31899e-11
1.19512e-11
2.63009e-11
-2.26785e-12
1.76247e-11
-5.13609e-11
1.20678e-11
6.73528e-11
5.60543e-11
-6.53372e-12
-6.20177e-11
3.48425e-12
5.74937e-09
1.04083e-07
-1.47774e-07
3.10154e-09
3.94585e-09
6.45293e-09
2.85206e-08
-9.21404e-09
-1.25774e-08
1.8442e-09
6.74389e-09
1.01902e-09
-3.82353e-09
-1.9071e-09
5.56172e-10
-6.5165e-10
1.81812e-10
-1.62589e-10
4.77347e-10
-4.5132e-08
-3.35792e-08
9.34742e-08
7.1557e-09
9.61815e-09
2.26279e-08
-6.42767e-09
-4.37227e-09
1.66334e-08
4.15029e-09
5.72828e-10
4.47362e-09
-4.24414e-10
-1.69271e-10
1.76809e-09
-1.77002e-09
-5.10531e-10
-3.32453e-10
9.95369e-10
5.04872e-10
-5.80773e-10
1.68754e-09
1.24294e-09
-6.34491e-10
-1.96736e-10
4.87688e-10
-8.71021e-11
3.48282e-11
-1.33224e-10
3.71937e-10
-3.06321e-10
-8.91975e-12
-1.14782e-10
6.01065e-10
-1.15162e-07
9.80317e-08
-3.08745e-09
2.24067e-10
6.9981e-09
1.373e-08
8.75875e-09
1.21314e-08
4.27209e-09
-3.39653e-09
-5.2966e-10
-1.64505e-10
4.92619e-11
3.2074e-10
-1.18618e-10
-9.891e-11
1.89783e-10
5.07628e-11
-4.11338e-11
3.19738e-10
-1.02979e-10
1.26018e-09
-3.65941e-09
2.17507e-09
-2.32534e-09
-3.06138e-08
-1.04573e-08
7.77918e-09
7.93336e-10
1.33579e-09
-5.85429e-11
6.62615e-10
-1.30266e-09
7.00764e-09
-9.30455e-09
-1.69486e-09
-2.66464e-09
1.41026e-08
-7.60123e-10
-6.69881e-09
5.39906e-08
-9.04064e-10
1.0102e-12
-3.33847e-10
-1.35365e-09
-7.35386e-10
1.17576e-09
-1.23784e-10
-5.87913e-10
-5.26801e-09
5.5887e-09
2.62153e-09
7.24512e-10
-2.61303e-09
5.46433e-09
-1.79264e-08
-4.67729e-10
-1.02767e-09
3.88609e-10
-6.60581e-12
-3.40599e-10
1.24337e-10
2.01646e-12
-7.72793e-11
-6.007e-10
2.70193e-11
-8.45658e-10
7.90777e-10
)
;

boundaryField
{
    inlet
    {
        type            zeroGradient;
    }
    outlet
    {
        type            zeroGradient;
    }
    wall
    {
        type            zeroGradient;
    }
    empty_zmin
    {
        type            empty;
    }
    empty_zmax
    {
        type            empty;
    }
    procBoundary0to1
    {
        type            processor;
        value           nonuniform List<scalar> 
35
(
1.23026e-09
2.05927e-10
-1.23311e-09
8.30105e-10
-5.99183e-10
-1.65199e-09
-5.99183e-10
-6.69466e-10
-2.63032e-10
-1.52749e-08
1.79825e-08
-3.99307e-08
8.64947e-09
1.3157e-08
-1.18514e-08
1.73769e-08
4.53274e-09
-8.21496e-09
2.15811e-09
-7.2154e-10
-6.52893e-12
-3.10088e-12
-4.47926e-10
2.03406e-09
-1.67816e-08
-2.64983e-09
1.40532e-08
-2.1307e-08
1.0191e-08
3.20498e-09
4.85036e-09
-2.64983e-09
-5.16068e-10
3.10167e-10
-5.16068e-10
)
;
    }
}


// ************************************************************************* //
