/*--------------------------------*- C++ -*----------------------------------*\
| =========                 |                                                 |
| \\      /  F ield         | OpenFOAM: The Open Source CFD Toolbox           |
|  \\    /   O peration     | Version:  2406                                  |
|   \\  /    A nd           | Website:  www.openfoam.com                      |
|    \\/     M anipulation  |                                                 |
\*---------------------------------------------------------------------------*/
FoamFile
{
    version     2.0;
    format      ascii;
    arch        "LSB;label=32;scalar=64";
    class       surfaceScalarField;
    location    "2.82";
    object      phi;
}
// * * * * * * * * * * * * * * * * * * * * * * * * * * * * * * * * * * * * * //

dimensions      [0 3 -1 0 0 0 0];

oriented        oriented;

internalField   nonuniform List<scalar> 
4489
(
7.48668e-06
9.8419e-05
-9.27755e-06
9.60901e-05
5.97517e-06
4.7466e-06
-5.22802e-06
9.89004e-05
4.82007e-06
9.60166e-05
9.5246e-05
-9.52438e-05
-3.5558e-07
3.5346e-07
-8.42937e-07
9.50191e-07
9.51387e-05
4.16346e-06
9.52334e-05
2.72688e-06
9.43784e-05
2.09917e-06
9.2353e-05
1.44417e-06
9.23384e-05
8.64488e-07
9.2375e-05
2.57689e-07
2.4182e-07
9.25341e-05
1.39798e-07
4.63418e-05
3.42008e-05
-5.61923e-08
-2.26233e-08
-5.75457e-09
3.42463e-05
-3.96891e-08
4.54211e-05
-1.47768e-07
4.55631e-05
4.64359e-05
3.45958e-06
9.65939e-05
3.60278e-06
9.42352e-05
2.78429e-06
9.31715e-05
1.90409e-06
9.32186e-05
1.15252e-06
9.31266e-05
2.07503e-07
9.32581e-05
2.20981e-07
4.87928e-08
4.65946e-05
3.42667e-05
2.85651e-08
-4.89636e-08
1.02067e-06
9.36656e-05
-1.51481e-06
7.32923e-07
9.35063e-05
5.08853e-07
9.33507e-05
1.547e-07
9.35396e-05
7.27033e-08
-4.67176e-05
2.1694e-08
4.68506e-05
-3.42893e-05
3.42918e-05
7.32802e-08
-7.57444e-08
3.86229e-07
9.37672e-05
-4.87791e-07
3.23277e-07
9.35693e-05
7.21592e-08
9.36018e-05
-6.28986e-08
9.38085e-05
-1.33871e-07
-4.69364e-05
-1.21505e-07
4.6995e-05
-3.42743e-05
3.42258e-05
1.44564e-07
-9.604e-08
6.47419e-07
9.43276e-05
-1.20786e-06
2.902e-07
9.39265e-05
3.76189e-09
9.38882e-05
-1.47744e-07
9.41001e-05
-1.40024e-07
-4.70512e-05
-1.8817e-07
4.70917e-05
-3.41244e-05
3.40294e-05
1.95644e-07
-1.00592e-07
3.87304e-07
9.50052e-05
-1.06492e-06
-8.50753e-08
9.43989e-05
-3.4745e-07
9.41506e-05
-1.99274e-07
9.42267e-05
-2.7486e-07
-4.71679e-05
-2.47807e-07
4.72164e-05
-3.3903e-05
3.37616e-05
2.62489e-07
-1.21127e-07
2.92769e-08
-2.67889e-07
-2.20506e-07
9.46487e-05
-4.20947e-07
9.43511e-05
-2.39911e-07
9.44464e-05
-4.00686e-07
-4.72424e-05
-2.88035e-07
4.72905e-05
-3.36088e-05
3.34344e-05
3.01873e-07
-1.27436e-07
-4.27288e-07
9.47204e-05
-5.46507e-07
9.44703e-05
-2.05438e-07
9.45677e-05
-4.62333e-07
-4.72924e-05
-2.62898e-07
4.73498e-05
-3.3241e-05
3.30469e-05
2.99442e-07
-1.05382e-07
-7.90225e-07
9.46677e-05
-7.73694e-07
9.44537e-05
-2.82576e-07
9.45954e-05
-5.18871e-07
-4.73198e-05
-3.14008e-07
4.73513e-05
-3.28395e-05
3.26126e-05
3.24986e-07
-9.80935e-08
-3.27546e-07
9.44935e-05
-6.11705e-07
1.0412e-06
-4.73114e-05
-3.37363e-07
4.73212e-05
-3.23774e-05
3.21327e-05
3.31062e-07
-8.63418e-08
-3.88834e-07
9.42271e-05
-6.53028e-07
1.30817e-06
-4.72439e-05
-3.7439e-07
4.72294e-05
-3.18758e-05
3.16125e-05
3.41871e-07
-7.85931e-08
-4.32004e-07
-6.75471e-07
1.47984e-06
9.38548e-05
-4.71216e-05
-3.90406e-07
4.708e-05
-3.13464e-05
3.10772e-05
3.31125e-07
-6.19446e-08
4.17469e-08
-6.43681e-08
9.82859e-08
-8.08605e-08
2.13022e-07
-1.11612e-07
2.34076e-07
-1.07732e-07
2.83301e-07
-1.30491e-07
3.13624e-07
-1.20177e-07
3.06807e-07
-9.94282e-08
3.30228e-07
-9.49783e-08
3.40582e-07
-8.37372e-08
3.37446e-07
-7.13335e-08
3.24801e-07
-5.488e-08
3.08073e-05
4.56405e-05
-9.79821e-08
4.57802e-05
4.58752e-05
1.30517e-08
4.59604e-05
4.59834e-05
1.90131e-07
4.60063e-05
4.60138e-05
2.16266e-07
4.60316e-05
4.60463e-05
3.00845e-07
4.60288e-05
4.60426e-05
4.02501e-07
4.59537e-05
4.59903e-05
4.32334e-07
4.58647e-05
4.58757e-05
4.7905e-07
4.57269e-05
4.57206e-05
5.34352e-07
4.55268e-05
4.54943e-05
5.4518e-07
4.52866e-05
4.52273e-05
5.43678e-07
4.50084e-05
4.69482e-05
-1.09908e-08
3.42675e-06
1.31958e-06
-1.75612e-08
3.40462e-06
1.30202e-06
-2.09458e-08
3.3766e-06
1.28107e-06
-3.03431e-08
-3.33794e-06
3.29254e-06
-1.25536e-06
1.22502e-06
-3.54256e-08
-3.24239e-06
3.18178e-06
-1.19431e-06
1.15888e-06
-3.7279e-08
-3.11323e-06
3.04992e-06
-1.11582e-06
1.07854e-06
-4.24331e-08
-2.97931e-06
2.90062e-06
-1.04142e-06
9.98984e-07
-4.52696e-08
-2.81638e-06
2.73422e-06
-9.52727e-07
9.07458e-07
-3.5335e-08
-2.65621e-06
2.58617e-06
-8.65286e-07
8.29951e-07
-3.20296e-08
-2.51888e-06
2.45282e-06
-7.97807e-07
7.65777e-07
-2.726e-08
-2.38884e-06
2.32976e-06
-7.34778e-07
7.07518e-07
-2.51749e-08
-2.27244e-06
2.21902e-06
-6.811e-07
6.55925e-07
-1.89237e-08
-2.17012e-06
2.1271e-06
-6.33492e-07
6.14568e-07
-2.57074e-08
-3.07115e-08
-4.30641e-08
-3.71249e-08
-4.62562e-08
-4.21722e-08
-3.21441e-08
-3.09986e-08
-2.64184e-08
-2.24332e-08
-1.63673e-08
2.08859e-06
5.98201e-07
-8.9949e-06
8.44661e-05
-8.26673e-05
7.19613e-06
-8.86986e-06
7.78207e-05
-7.79457e-05
-8.36534e-06
7.10456e-05
-7.15502e-05
-8.20251e-06
6.79594e-05
-6.81222e-05
7.02472e-05
-6.74538e-05
-1.09958e-05
-8.41904e-06
9.14008e-05
-8.80731e-05
5.09128e-06
-1.1757e-05
8.7804e-05
-1.27141e-05
7.87778e-05
-1.33216e-05
7.16532e-05
-1.578e-05
7.04178e-05
-1.84262e-05
7.28934e-05
-1.8307e-05
7.81232e-05
-7.82423e-05
-1.7284e-05
8.07897e-05
-8.18127e-05
-1.56377e-05
8.34015e-05
-8.50478e-05
-1.29592e-05
8.4617e-05
-8.72955e-05
-1.00006e-05
8.50289e-05
-8.79875e-05
-7.89408e-06
8.56791e-05
-8.77857e-05
-6.05264e-06
8.64478e-05
-8.82893e-05
-4.52082e-06
8.69534e-05
-8.84852e-05
-3.25715e-06
8.75757e-05
-8.88394e-05
-2.30105e-06
8.80635e-05
-8.90196e-05
8.8739e-05
-1.54785e-06
-8.94922e-05
-5.77014e-06
3.08075e-06
9.40902e-05
-1.0244e-05
9.22779e-05
-1.47253e-05
8.32591e-05
-1.768e-05
7.46079e-05
-2.01501e-05
7.28878e-05
-2.13149e-05
7.40582e-05
-1.99945e-05
7.68028e-05
-1.76908e-05
7.8486e-05
-1.43489e-05
8.00596e-05
-1.08729e-05
8.11409e-05
-8.09521e-06
8.22512e-05
-6.36734e-06
8.39513e-05
-4.38832e-06
8.44688e-05
-3.01223e-06
8.55773e-05
-1.98194e-06
8.65455e-05
-1.29839e-06
8.73799e-05
-8.34824e-07
8.82754e-05
1.11001e-07
1.05819e-07
4.07507e-05
-4.09675e-05
-4.0397e-07
7.08585e-07
4.48176e-05
-4.51222e-05
8.74302e-05
-1.05675e-06
-1.10051e-06
-8.92614e-05
3.98851e-06
1.93477e-07
-4.05635e-05
-5.24284e-08
4.04224e-05
-4.45061e-05
-2.43227e-07
5.34576e-07
4.42148e-05
8.63665e-05
-7.91864e-07
-7.87134e-07
2.64272e-06
1.61247e-07
-4.03385e-05
-1.35639e-07
4.03129e-05
-4.39115e-05
-1.01755e-08
2.4034e-07
4.36814e-05
8.21529e-07
8.6059e-05
-3.36449e-07
-1.77659e-07
1.64448e-06
8.43326e-05
-8.51556e-05
3.08986e-06
8.20395e-05
-8.34849e-05
5.4972e-06
7.96415e-05
-8.20488e-05
7.92154e-05
-8.18276e-05
8.10939e-06
8.09048e-08
-4.03329e-05
-1.54685e-07
4.04067e-05
-4.35518e-05
1.61786e-07
-1.44736e-07
4.35347e-05
-3.74708e-07
8.61076e-05
1.50389e-07
1.75795e-07
-3.4347e-07
8.43014e-05
8.94229e-08
8.16066e-05
1.98209e-06
7.77488e-05
5.58594e-06
7.56116e-05
7.25164e-05
-7.64733e-05
9.54283e-06
6.62521e-09
-4.05209e-05
-1.38236e-07
4.06525e-05
-4.35594e-05
2.09339e-07
-2.5835e-07
4.36084e-05
-1.08726e-06
8.64574e-05
3.36534e-07
4.00854e-07
-1.36166e-06
8.45758e-05
-1.84393e-06
8.20889e-05
-1.46083e-06
7.73657e-05
1.71826e-06
7.24325e-05
7.00472e-05
4.18747e-06
-1.42378e-07
-4.07996e-05
-3.00312e-08
4.0972e-05
-4.37388e-05
2.58647e-07
-4.73282e-07
4.39534e-05
-2.71205e-06
8.75966e-05
7.27182e-07
8.45743e-07
-3.69569e-06
8.55594e-05
-4.27415e-06
-4.85413e-06
-3.97181e-06
-2.0468e-06
-3.6488e-07
-4.11728e-05
1.47602e-07
4.13901e-05
-4.4282e-05
2.25873e-07
-6.45194e-07
4.47013e-05
-4.68252e-06
1.16573e-06
1.1731e-06
8.99402e-05
2.5248e-05
4.66446e-08
-2.51836e-05
2.53616e-05
-1.61525e-07
4.79163e-08
2.55024e-05
5.26705e-08
2.56364e-05
-1.8707e-07
5.30978e-08
2.57492e-05
4.84579e-08
2.5833e-05
-1.26765e-07
4.29138e-08
2.58798e-05
3.41417e-08
2.58886e-05
-3.4746e-08
2.5915e-08
2.58722e-05
2.30195e-08
2.58042e-05
4.92517e-08
1.87394e-08
2.56539e-05
7.90975e-09
2.54064e-05
2.57785e-07
-1.02458e-08
2.5073e-05
-3.14737e-08
4.47963e-07
-5.07552e-08
2.46758e-05
4.42702e-05
-4.45684e-05
-2.57379e-08
3.32521e-07
4.39635e-05
4.47462e-05
-4.50944e-05
-6.43979e-07
4.42897e-05
4.36678e-05
1.03169e-07
1.48853e-07
4.34158e-05
4.40324e-05
-4.52103e-07
4.36973e-05
4.327e-05
1.46734e-07
-9.11574e-08
4.32144e-05
4.36012e-05
-3.8444e-08
4.3462e-05
4.32215e-05
1.48959e-07
-1.77825e-07
4.32504e-05
4.34677e-05
2.02491e-07
4.3441e-05
4.33215e-05
9.7835e-08
-2.43196e-07
4.34668e-05
4.35192e-05
3.73619e-07
4.35464e-05
4.36954e-05
-5.69121e-08
-2.48936e-07
4.40013e-05
4.38003e-05
5.77511e-07
4.40685e-05
4.43748e-05
-2.38997e-07
-1.94739e-07
4.48085e-05
4.15991e-05
4.45891e-05
6.41605e-07
4.51206e-05
4.51482e-05
1.64469e-08
1.83736e-06
-1.80717e-06
5.46297e-07
-5.2985e-07
2.02411e-08
-1.86806e-06
1.90049e-06
-5.6352e-07
5.83761e-07
2.04595e-08
-1.9321e-06
1.9601e-06
-6.05243e-07
6.25702e-07
1.64133e-08
-1.98387e-06
2.0016e-06
-6.44848e-07
6.61262e-07
1.41675e-08
-2.01361e-06
2.02247e-06
-6.7516e-07
6.89328e-07
1.07643e-08
-2.02713e-06
2.02427e-06
-7.03403e-07
7.14167e-07
-4.69565e-09
-2.00976e-06
1.98298e-06
-7.18439e-07
7.13743e-07
1.72229e-08
2.1482e-08
1.9146e-08
1.38983e-08
1.40752e-08
4.27205e-09
-1.47314e-08
1.94696e-06
6.99012e-07
-4.80477e-07
3.01798e-07
4.17778e-05
1.59811e-07
-6.35292e-07
4.56237e-05
9.25928e-05
1.22875e-06
1.21002e-06
-9.61846e-07
8.94046e-05
-8.99906e-05
-2.06144e-07
8.98842e-05
-2.27446e-07
-9.04125e-05
-9.91235e-08
4.47274e-05
-4.48344e-05
2.50724e-05
5.62464e-09
1.13064e-08
-2.50893e-05
-3.72123e-07
-4.19039e-05
3.0284e-07
4.19732e-05
-4.61144e-05
6.41302e-08
-5.46446e-07
4.65967e-05
9.3981e-05
9.38937e-07
7.53618e-07
-5.25267e-07
8.90951e-05
-1.43337e-07
8.96637e-05
-1.61431e-07
-4.45863e-05
-6.65097e-08
4.45095e-05
-2.50586e-05
2.50432e-05
3.11919e-09
1.22269e-08
-2.20885e-07
-4.19837e-05
2.83448e-07
4.19211e-05
-4.70002e-05
-1.87965e-07
-4.53077e-08
4.72335e-05
-2.85464e-07
9.42479e-05
1.89865e-07
-1.7136e-07
-1.34986e-06
9.51546e-05
-4.51957e-06
9.54476e-05
-1.06112e-05
8.93508e-05
-1.58164e-05
7.98131e-05
-1.83112e-05
7.53826e-05
-1.96414e-05
7.53884e-05
-1.93478e-05
7.65092e-05
-1.68761e-05
7.60144e-05
-1.28659e-05
7.60494e-05
-8.81051e-06
7.70855e-05
-5.76472e-06
7.92054e-05
-3.73856e-06
8.19251e-05
-1.95239e-06
8.26826e-05
-1.06859e-06
8.46935e-05
-5.66503e-07
8.60434e-05
-3.29227e-07
8.71427e-05
-2.38225e-07
8.81844e-05
-2.08053e-07
8.90649e-05
-9.30379e-08
8.96607e-05
-1.12e-07
-4.44176e-05
-7.44557e-08
4.4399e-05
-2.50152e-05
2.49638e-05
4.46537e-08
6.78494e-09
-5.13138e-08
-4.17577e-05
2.83991e-07
4.1525e-05
-4.72894e-05
-3.30552e-07
3.49565e-07
4.72704e-05
1.02515e-06
9.4062e-05
-3.52771e-07
-4.86495e-07
1.31231e-06
9.48675e-05
6.81423e-07
9.60784e-05
-3.31511e-06
9.33473e-05
-9.19249e-06
8.56905e-05
-1.26844e-05
7.88745e-05
-1.38414e-05
7.65453e-05
-1.46702e-05
7.73381e-05
-1.36403e-05
7.49844e-05
-1.03756e-05
7.27847e-05
-6.6172e-06
7.33272e-05
-3.08275e-06
7.5671e-05
-7.663e-07
7.96087e-05
7.6351e-08
8.184e-05
1.98348e-07
8.45715e-05
1.47234e-07
8.60945e-05
4.96706e-08
8.72402e-05
-3.48747e-08
8.8269e-05
-9.85697e-08
8.91286e-05
-7.76666e-08
8.97338e-05
-9.40555e-08
-4.43778e-05
-1.03171e-07
4.44033e-05
-2.48865e-05
2.47885e-05
9.96629e-08
-1.67039e-09
8.80966e-08
-4.12646e-05
1.85527e-07
4.0991e-05
-4.71959e-05
-3.90009e-07
5.02507e-07
4.70834e-05
1.64513e-06
9.37746e-05
-6.01915e-07
-7.55753e-07
2.27688e-06
9.42357e-05
3.21783e-06
9.51375e-05
2.36043e-06
9.42047e-05
-1.5025e-06
8.95534e-05
-5.92863e-06
8.33006e-05
-7.38057e-06
7.79973e-05
-7.87895e-06
7.78365e-05
-7.76894e-06
7.48744e-05
-5.71569e-06
7.07314e-05
-2.99173e-06
7.06032e-05
9.12749e-08
7.2588e-05
1.42649e-06
7.82735e-05
1.12462e-06
8.21419e-05
9.01865e-07
8.47942e-05
7.28749e-07
8.62676e-05
5.15864e-07
8.74531e-05
2.98627e-07
8.84862e-05
9.2357e-08
8.93348e-05
-6.49386e-08
8.99674e-05
-7.62211e-08
-4.44157e-05
-1.26943e-07
4.44777e-05
-2.46776e-05
2.4548e-05
1.37458e-07
-7.92384e-09
1.35353e-07
-4.06982e-05
1.68415e-07
4.03944e-05
-4.69019e-05
-4.4935e-07
6.57135e-07
4.66941e-05
2.48806e-06
9.31082e-05
-8.48512e-07
-9.73178e-07
3.32689e-06
9.33969e-05
4.69349e-06
9.37709e-05
5.7097e-06
9.31885e-05
4.83352e-06
9.04296e-05
1.61129e-06
8.65229e-05
-1.28061e-06
8.08892e-05
-1.30787e-06
7.78637e-05
-3.64064e-07
7.39306e-05
5.75502e-07
6.97919e-05
1.84648e-06
6.93322e-05
3.30772e-06
7.11267e-05
3.57604e-06
7.80051e-05
3.12894e-06
8.25889e-05
2.79132e-06
8.51319e-05
2.12128e-06
8.69376e-05
1.43664e-06
8.81378e-05
8.43739e-07
8.90791e-05
3.60986e-07
8.98176e-05
-4.4588e-08
9.04312e-05
-5.82906e-08
-4.45316e-05
-1.50653e-07
4.46377e-05
-2.43976e-05
2.42335e-05
1.80859e-07
-1.68029e-08
7.50121e-08
-4.00826e-05
2.27519e-07
3.97801e-05
-4.64404e-05
-5.31682e-07
8.23535e-07
4.61486e-05
3.31436e-06
9.19908e-05
-1.04968e-06
-1.14726e-06
4.70999e-06
9.20012e-05
6.47122e-06
9.20097e-05
7.96841e-06
9.16913e-05
8.66418e-06
8.97338e-05
8.3418e-06
8.68452e-05
5.63838e-06
8.35926e-05
4.5505e-06
7.89516e-05
5.27726e-06
7.32039e-05
5.73092e-06
6.93382e-05
6.31726e-06
6.87459e-05
6.90564e-06
7.05384e-05
7.29348e-06
7.76173e-05
6.38618e-06
8.34963e-05
4.89371e-06
8.66243e-05
3.39315e-06
8.84382e-05
2.18918e-06
8.93417e-05
1.26763e-06
9.00006e-05
5.49963e-07
9.05353e-05
-2.79611e-08
9.10514e-05
-4.22435e-08
-4.47303e-05
-1.56065e-07
4.48584e-05
-2.40664e-05
2.39074e-05
1.78211e-07
-1.92347e-08
-3.99221e-09
-3.94979e-05
2.66908e-07
3.9235e-05
-4.58347e-05
-5.70689e-07
8.94184e-07
4.55112e-05
3.9882e-06
9.03805e-05
-1.16729e-06
-1.2106e-06
5.92517e-06
9.00643e-05
8.11766e-06
8.98172e-05
1.00986e-05
8.97103e-05
1.12229e-05
8.86095e-05
1.19206e-05
8.61476e-05
1.16097e-05
8.39035e-05
1.0383e-05
8.01783e-05
9.09517e-06
7.44917e-05
8.73113e-06
6.97023e-05
8.91424e-06
6.85628e-05
9.13819e-06
7.03144e-05
9.35476e-06
7.74007e-05
7.72817e-06
8.51228e-05
5.33839e-06
8.90141e-05
3.41894e-06
9.03577e-05
2.0393e-06
9.07214e-05
1.12601e-06
9.09139e-05
4.56124e-07
9.12051e-05
-2.02236e-08
9.15581e-05
-3.03961e-08
-4.49627e-05
-1.34945e-07
4.50775e-05
-2.37628e-05
2.36375e-05
1.40834e-07
-1.5568e-08
-1.16912e-08
-3.89928e-05
2.19799e-07
3.87847e-05
-4.52058e-05
-5.45042e-07
8.41919e-07
4.49089e-05
4.24725e-06
8.85425e-05
-1.16674e-06
-1.24249e-06
6.19026e-06
8.81212e-05
8.53281e-06
8.74746e-05
1.11724e-05
8.70707e-05
1.33042e-05
8.64777e-05
1.44498e-05
8.5002e-05
1.53816e-05
8.29716e-05
1.57622e-05
7.97977e-05
1.43672e-05
7.58867e-05
1.29779e-05
7.10916e-05
1.19128e-05
6.96279e-05
1.08163e-05
7.14109e-05
9.20902e-06
7.9008e-05
6.11581e-06
8.8216e-05
3.5514e-06
9.15785e-05
2.0374e-06
9.18717e-05
1.0683e-06
9.16905e-05
5.13606e-07
9.14686e-05
1.19606e-07
9.15991e-05
-4.06029e-08
9.1805e-05
-8.66185e-08
-4.51684e-05
-1.14157e-07
4.5242e-05
-2.35303e-05
2.34394e-05
1.01991e-07
-1.1053e-08
-8.76186e-08
-3.86154e-05
2.06336e-07
3.84967e-05
-4.4612e-05
-5.04906e-07
8.01645e-07
4.43152e-05
3.86495e-06
8.69621e-05
-1.10602e-06
-1.17856e-06
5.64028e-06
8.63459e-05
7.94911e-06
8.51658e-05
1.0899e-05
8.41208e-05
1.36325e-05
8.37442e-05
1.58161e-05
8.28184e-05
1.74908e-05
8.12969e-05
1.80266e-05
7.92619e-05
1.73992e-05
7.65141e-05
1.63746e-05
7.21161e-05
1.43757e-05
7.16268e-05
1.1009e-05
7.47776e-05
6.3517e-06
8.36653e-05
2.71088e-06
9.18569e-05
1.05623e-06
9.32332e-05
3.5047e-07
9.25774e-05
1.09456e-08
9.203e-05
-1.29057e-07
9.16086e-05
-2.20062e-07
9.16902e-05
-1.07816e-07
9.18507e-05
-1.58001e-07
-4.52758e-05
-1.30549e-07
4.52985e-05
-2.33649e-05
2.33031e-05
6.80122e-08
-6.2013e-09
-1.60101e-07
-3.84287e-05
1.7835e-07
3.84104e-05
-4.40062e-05
-3.46884e-07
6.22532e-07
4.37305e-05
2.58032e-06
8.59938e-05
-8.46132e-07
-7.65906e-07
3.82375e-06
8.51025e-05
5.71677e-06
8.32728e-05
8.79756e-06
8.104e-05
1.20084e-05
8.05334e-05
1.5076e-05
7.97508e-05
1.73311e-05
7.90418e-05
1.73449e-05
7.9248e-05
1.67692e-05
7.70899e-05
1.53419e-05
7.35434e-05
1.19428e-05
7.50258e-05
6.38451e-06
8.0336e-05
1.42052e-06
8.86293e-05
-3.20845e-07
9.35982e-05
-5.93362e-07
9.35057e-05
-5.34153e-07
9.25182e-05
-4.48398e-07
9.19442e-05
-3.93445e-07
9.15537e-05
-3.67752e-07
9.16645e-05
-1.39708e-07
9.18061e-05
-1.83383e-07
-4.52816e-05
-1.31929e-07
4.52738e-05
-2.32522e-05
2.32113e-05
4.23866e-08
-1.47066e-09
-1.8548e-07
-3.84506e-05
8.14792e-08
3.85546e-05
-4.34939e-05
-8.33125e-08
1.9392e-07
4.33833e-05
1.08305e-06
8.54495e-05
-2.97783e-07
-2.40965e-07
1.8425e-06
8.4343e-05
2.96028e-06
8.2155e-05
5.32456e-06
7.86757e-05
8.28171e-06
7.75763e-05
1.09125e-05
7.71199e-05
1.27879e-05
7.71664e-05
1.34036e-05
7.86324e-05
1.3154e-05
7.73395e-05
1.04385e-05
7.62589e-05
5.87155e-06
7.95927e-05
8.28186e-07
8.53793e-05
-1.71775e-06
9.11753e-05
-1.67966e-06
9.35601e-05
-1.19194e-06
9.3018e-05
-8.58384e-07
9.21846e-05
-6.37025e-07
9.17229e-05
-5.49376e-07
9.1466e-05
-4.72619e-07
9.15877e-05
-1.64393e-07
9.17145e-05
-2.16646e-07
-4.52139e-05
-1.16983e-07
4.51665e-05
-2.31829e-05
2.31593e-05
2.06575e-08
2.88255e-09
-9.53683e-08
-3.8675e-05
-3.36774e-08
3.8804e-05
-4.3323e-05
1.03636e-07
-7.4222e-08
4.32936e-05
-2.13681e-07
8.53629e-05
7.13184e-08
2.28949e-07
6.37097e-07
8.34923e-05
1.50724e-06
8.12849e-05
2.17213e-06
7.80108e-05
3.58882e-06
7.61596e-05
4.8108e-06
7.58979e-05
5.69085e-06
7.62864e-05
6.21666e-06
7.81066e-05
5.85542e-06
7.77007e-05
3.09214e-06
7.90222e-05
-6.11557e-07
8.32964e-05
-3.31856e-06
8.80863e-05
-3.69156e-06
9.15483e-05
-2.80013e-06
9.26687e-05
-2.00933e-06
9.22272e-05
-1.46804e-06
9.16434e-05
-1.10773e-06
9.13626e-05
-8.89466e-07
9.12478e-05
-6.8e-07
9.13782e-05
-2.20837e-07
9.15399e-05
-2.84629e-07
-4.50782e-05
-1.53588e-07
4.50109e-05
-2.31349e-05
2.31025e-05
2.98629e-08
2.52333e-09
3.56742e-08
-3.89917e-05
-2.74038e-07
3.92301e-05
-4.33063e-05
4.01902e-07
-4.35776e-07
4.33401e-05
-1.41424e-06
8.57093e-05
5.122e-07
5.55684e-07
-1.66717e-06
8.37452e-05
-1.13408e-06
8.07518e-05
-5.40344e-07
7.74171e-05
-3.78645e-07
7.59979e-05
-1.42027e-07
7.56613e-05
-1.16117e-07
7.62605e-05
9.58975e-07
7.70315e-05
-2.40433e-08
7.86837e-05
-3.43498e-06
8.24331e-05
-5.60445e-06
8.54659e-05
-6.29252e-06
8.87744e-05
-5.59672e-06
9.08525e-05
-4.28594e-06
9.13579e-05
-3.20008e-06
9.11413e-05
-2.46176e-06
9.0905e-05
-1.84671e-06
9.07475e-05
-1.36799e-06
9.0769e-05
-9.62318e-07
9.09726e-05
-2.65113e-07
9.11614e-05
-3.18637e-07
-4.49028e-05
-1.89095e-07
4.48268e-05
-2.30602e-05
2.301e-05
5.0039e-08
2.0276e-10
1.02608e-07
-3.95148e-05
-4.05486e-07
3.98177e-05
-4.34101e-05
6.18288e-07
-7.94368e-07
4.35861e-05
-2.66478e-06
8.63455e-05
9.95699e-07
1.03285e-06
-2.85263e-06
8.3933e-05
-3.11105e-06
8.10102e-05
-3.05995e-06
7.7366e-05
-2.8456e-06
7.57835e-05
-2.77535e-06
7.55911e-05
-3.11641e-06
7.66015e-05
-3.7791e-06
7.76942e-05
-5.70164e-06
8.06063e-05
-7.79973e-06
8.45312e-05
-8.21183e-06
8.5878e-05
-7.75354e-06
8.83161e-05
-6.59626e-06
8.96952e-05
-5.45641e-06
9.02181e-05
-4.44473e-06
9.01296e-05
-3.44108e-06
8.99014e-05
-2.60713e-06
8.99136e-05
-1.87505e-06
9.0037e-05
-1.26968e-06
9.03672e-05
-2.69305e-07
9.05257e-05
-3.64663e-07
-4.4698e-05
-1.85233e-07
4.46139e-05
-2.29515e-05
2.28882e-05
6.50101e-08
-1.77622e-09
6.79695e-08
-4.01367e-05
-3.82399e-07
4.04512e-05
-4.38043e-05
6.74804e-07
-1.00878e-06
4.41383e-05
-4.72807e-06
8.81249e-05
1.4995e-06
1.44918e-06
-5.34252e-06
8.45475e-05
-5.21764e-06
8.08853e-05
-5.33509e-06
7.74835e-05
-5.68826e-06
7.61367e-05
-6.2974e-06
7.62002e-05
-7.41137e-06
7.77155e-05
-9.15468e-06
7.94375e-05
-1.02874e-05
8.1739e-05
-1.02291e-05
8.44729e-05
-1.00952e-05
8.5744e-05
-9.43183e-06
8.76528e-05
-7.96601e-06
8.82294e-05
-6.38828e-06
8.86403e-05
-5.08996e-06
8.88313e-05
-4.02031e-06
8.88317e-05
-3.03898e-06
8.89322e-05
-2.15489e-06
8.91529e-05
-1.39253e-06
8.96048e-05
-2.80226e-07
8.98263e-05
-4.12904e-07
-4.44421e-05
-1.89853e-07
4.43518e-05
-2.28136e-05
2.27355e-05
8.28188e-08
-4.71816e-09
-1.43276e-08
-4.07319e-05
-1.99858e-07
4.09461e-05
-4.44924e-05
6.08006e-07
-1.02804e-06
4.49124e-05
-5.32486e-06
9.04399e-05
1.61308e-06
1.39674e-06
-7.34173e-06
8.65644e-05
-7.64311e-06
8.11867e-05
-8.00458e-06
7.78449e-05
-9.37222e-06
7.75043e-05
-1.11957e-05
7.80237e-05
-1.24274e-05
7.89472e-05
-1.2864e-05
7.98741e-05
-1.20495e-05
8.09245e-05
-1.07421e-05
8.31656e-05
-9.85829e-06
8.48602e-05
-8.47349e-06
8.6268e-05
-7.0754e-06
8.68313e-05
-5.62343e-06
8.71884e-05
-4.24288e-06
8.74508e-05
-3.2332e-06
8.78221e-05
-2.41588e-06
8.81149e-05
-1.81477e-06
8.85518e-05
-1.18408e-06
8.89741e-05
-2.32883e-07
8.925e-05
-3.74934e-07
-4.41366e-05
-1.68679e-07
4.40724e-05
-2.26523e-05
2.25758e-05
8.10534e-08
-4.53705e-09
-1.25974e-07
-4.10748e-05
1.19078e-07
4.10817e-05
-4.53248e-05
2.50953e-07
-6.7967e-07
4.57535e-05
-3.87356e-06
9.25082e-05
1.16672e-06
6.38583e-07
-7.21935e-06
8.99101e-05
-9.78101e-06
8.37483e-05
-1.18417e-05
7.99056e-05
-1.33646e-05
7.90273e-05
-1.48513e-05
7.95103e-05
-1.54209e-05
7.95168e-05
-1.55314e-05
7.99847e-05
-1.45586e-05
7.99517e-05
-1.20941e-05
8.07011e-05
-9.90962e-06
8.26757e-05
-7.52023e-06
8.38786e-05
-5.9986e-06
8.53096e-05
-4.4929e-06
8.56827e-05
-3.08194e-06
8.60398e-05
-2.25375e-06
8.69939e-05
-1.63986e-06
8.7501e-05
-1.45862e-06
8.83705e-05
-1.20691e-06
8.87224e-05
-1.79272e-07
8.87061e-05
-4.83727e-07
-4.38581e-05
-1.42482e-07
4.38213e-05
-2.25048e-05
2.24342e-05
7.05037e-08
1.08348e-10
-2.50272e-07
-4.09374e-05
6.58914e-07
4.05287e-05
-4.61282e-05
-6.56861e-07
3.64327e-07
4.64207e-05
-1.01883e-06
4.69265e-05
2.99497e-09
-5.95523e-07
4.7193e-05
-4.01634e-06
4.64986e-05
4.6409e-05
-7.78827e-06
4.39896e-05
4.35307e-05
-1.07478e-05
4.15481e-05
4.13171e-05
-1.22876e-05
4.03606e-05
4.02065e-05
-1.28235e-05
3.99926e-05
4.00537e-05
-1.36187e-05
4.01559e-05
4.01561e-05
-1.43429e-05
4.02949e-05
4.0414e-05
-1.39085e-05
3.99126e-05
3.96046e-05
-1.25824e-05
3.95369e-05
3.98381e-05
-1.00582e-05
4.00596e-05
4.00919e-05
-6.86781e-06
4.02152e-05
4.0473e-05
-4.175e-06
4.12196e-05
4.13973e-05
-2.19251e-06
4.20125e-05
4.16877e-05
-1.08855e-06
4.24767e-05
4.24592e-05
-6.1247e-07
4.32822e-05
4.32356e-05
-5.61744e-07
4.37486e-05
4.37017e-05
-8.21396e-07
4.43388e-05
4.42914e-05
-1.2796e-06
4.47212e-05
4.44594e-05
-3.92824e-07
4.48136e-05
-1.08064e-06
4.40863e-05
-4.35523e-05
-3.2431e-07
4.34838e-05
-2.23499e-05
2.22159e-05
1.17586e-07
1.64016e-08
-9.86638e-07
-3.98481e-05
1.89346e-06
3.89413e-05
-4.67316e-05
-1.75104e-06
1.2551e-06
4.72276e-05
-8.20038e-07
3.71956e-07
4.73746e-05
-1.57854e-07
-3.70259e-07
4.70267e-05
8.64041e-07
-1.70188e-06
4.48274e-05
2.43162e-06
-3.13499e-06
4.22515e-05
3.85804e-06
-4.39578e-06
4.08983e-05
4.89475e-06
-5.12148e-06
4.02193e-05
5.27747e-06
-5.49396e-06
4.03724e-05
5.79691e-06
-5.94595e-06
4.04439e-05
5.85238e-06
-5.57337e-06
3.96336e-05
5.37961e-06
-4.9991e-06
3.91564e-05
4.47282e-06
-3.76012e-06
3.93469e-05
3.05135e-06
-2.39516e-06
3.9559e-05
1.69175e-06
-1.21484e-06
4.07427e-05
6.55405e-07
-3.70575e-07
4.17277e-05
2.27194e-07
2.76361e-08
4.22218e-05
-1.14381e-07
1.75987e-07
4.32206e-05
-1.02946e-07
8.30123e-08
4.37685e-05
2.12842e-08
5.04951e-10
4.4317e-05
1.09714e-07
-1.12233e-07
4.47237e-05
3.76293e-07
-4.87401e-07
4.49248e-05
-4.3071e-05
1.08118e-06
-1.29083e-06
4.32806e-05
-2.19134e-05
2.10585e-05
7.83831e-07
7.1094e-08
1.4342e-06
8.16088e-07
-3.88545e-05
-9.83182e-07
8.12011e-07
-4.76864e-05
-7.53891e-07
7.34195e-07
-4.76055e-05
-7.11912e-07
6.38733e-07
-4.73644e-05
-5.14238e-07
1.33848e-07
-4.56346e-05
4.72872e-07
-1.16904e-06
-4.30847e-05
1.8469e-06
-2.43239e-06
-4.12424e-05
2.84394e-06
-3.11327e-06
-4.04532e-05
3.2135e-06
-3.32368e-06
-4.04615e-05
3.54359e-06
-3.60795e-06
-4.06743e-05
3.43831e-06
-3.1394e-06
-3.95254e-05
2.91452e-06
-2.71026e-06
-3.88816e-05
2.39109e-06
-1.94406e-06
-3.87806e-05
1.45172e-06
-1.02677e-06
-3.90039e-05
5.70724e-07
-5.60543e-08
-4.02141e-05
-4.01093e-07
6.73086e-07
-4.11782e-05
-7.30713e-07
6.48587e-07
-4.21813e-05
-5.94629e-07
5.86318e-07
-4.32514e-05
-5.18417e-07
4.75882e-07
-4.37909e-05
-3.74909e-07
3.18273e-07
-4.43264e-05
-2.77275e-07
2.3663e-07
-4.47727e-05
-1.60761e-07
4.2931e-08
-4.51577e-05
1.42769e-07
-2.52904e-07
-4.40804e-05
-1.90711e-05
-1.62084e-06
-4.35497e-08
2.42592e-05
-6.3904e-08
2.38743e-05
4.50786e-07
-6.58988e-08
1.57789e-09
1.22561e-08
2.35601e-05
-5.78871e-08
2.33167e-05
2.91347e-07
-4.79435e-08
1.70312e-08
1.09891e-08
2.31341e-05
-3.82994e-08
2.30187e-05
1.39248e-07
-2.38689e-08
7.45262e-08
2.73176e-09
2.29731e-05
-5.7105e-09
2.29854e-05
-1.943e-08
7.13101e-09
1.14245e-07
-3.29956e-09
2.30558e-05
1.76736e-08
2.31604e-05
-1.27409e-07
2.28953e-08
1.62281e-07
-1.18258e-08
2.32701e-05
2.5646e-08
2.33644e-05
-1.18701e-07
2.43796e-08
1.85575e-07
-1.84447e-08
2.34231e-05
1.62755e-08
2.34382e-05
-2.1013e-08
5.9108e-09
1.61976e-07
-1.73198e-08
2.34314e-05
2.8739e-09
2.34174e-05
7.61101e-09
6.36211e-09
1.19817e-07
-1.26502e-08
2.33959e-05
9.771e-09
2.33495e-05
3.86025e-08
7.82409e-09
8.20039e-08
-7.51537e-09
2.32631e-05
-1.24524e-09
2.31367e-05
1.36338e-07
-9.9376e-09
5.4363e-08
-3.45725e-09
2.29905e-05
-1.38923e-08
2.28361e-05
1.70978e-07
-1.65384e-08
2.6852e-08
1.53609e-09
2.26739e-05
-2.32551e-08
2.25259e-05
1.72579e-07
-2.46175e-08
2.06676e-08
3.775e-09
2.2442e-05
-1.14604e-08
2.24311e-05
2.30613e-09
8.61896e-09
4.12679e-08
1.01682e-09
2.2451e-05
1.57167e-08
2.25083e-05
-7.82233e-08
2.09152e-08
6.00218e-08
-1.50547e-09
2.25858e-05
2.51117e-08
2.26579e-05
-9.94842e-08
2.7429e-08
7.84815e-08
-3.87236e-09
2.27026e-05
2.31971e-08
2.27226e-05
-3.63995e-08
1.64618e-08
8.88663e-08
-5.64305e-09
2.27017e-05
6.53483e-09
2.26411e-05
6.16659e-08
-1.03184e-09
7.25985e-08
-1.59037e-09
2.25219e-05
-6.80161e-09
2.23669e-05
1.66361e-07
-1.13478e-08
7.83858e-08
5.8812e-09
2.21202e-05
-3.55231e-09
2.16786e-05
4.38667e-07
2.96518e-09
2.65667e-07
3.68118e-08
2.0677e-05
1.49364e-08
1.85509e-05
2.25265e-06
-1.2657e-07
2.12064e-06
-1.33229e-07
-6.27023e-08
-4.61159e-05
-4.78972e-05
-4.75735e-05
-4.73468e-05
-4.5202e-05
-4.26796e-05
-4.09847e-05
-4.04871e-05
-4.04762e-05
-4.03468e-05
-3.93864e-05
-3.88757e-05
-3.8772e-05
-3.90901e-05
-4.02318e-05
-4.11831e-05
-4.24189e-05
-4.33731e-05
-4.38951e-05
-4.44488e-05
-4.48752e-05
-4.51637e-05
-3.85178e-05
4.52701e-05
-3.24689e-07
-1.25769e-07
4.57206e-05
4.5714e-05
6.16474e-07
4.63076e-05
4.11899e-05
-4.12834e-05
8.63971e-08
4.11051e-05
4.60875e-05
-2.80789e-07
4.19345e-08
4.63264e-05
4.67e-05
3.61565e-07
4.70921e-05
4.10417e-05
6.95386e-08
4.09892e-05
4.64219e-05
-3.02679e-07
2.99545e-07
4.6425e-05
4.72367e-05
-2.43578e-07
4.73089e-05
4.09594e-05
9.08137e-08
4.09431e-05
4.63784e-05
-2.40959e-07
3.64269e-07
4.62551e-05
4.73057e-05
-4.38758e-07
4.72579e-05
4.09396e-05
1.064e-07
4.09474e-05
4.60507e-05
-1.65428e-07
4.23341e-07
4.57927e-05
4.71585e-05
-6.04857e-07
4.70076e-05
4.0958e-05
1.3016e-07
4.09901e-05
4.55118e-05
-1.93134e-07
4.93508e-07
4.52114e-05
4.68163e-05
-7.47227e-07
4.65903e-05
4.10203e-05
1.50905e-07
4.10549e-05
4.49073e-05
-2.61167e-07
5.65076e-07
4.46034e-05
4.63642e-05
-8.78912e-07
4.60958e-05
4.10771e-05
1.46575e-07
4.10925e-05
4.42996e-05
-2.49765e-07
5.64775e-07
4.39846e-05
4.58227e-05
-8.70207e-07
4.54823e-05
4.10984e-05
1.2133e-07
4.10969e-05
4.36593e-05
-2.07878e-07
5.36367e-07
4.33308e-05
4.51575e-05
-8.33346e-07
4.47483e-05
4.10847e-05
1.20464e-07
4.10462e-05
4.30323e-05
-2.04361e-07
4.54595e-07
4.2782e-05
4.4444e-05
-7.63649e-07
4.40291e-05
4.09837e-05
1.41026e-07
4.0897e-05
4.26135e-05
-1.30785e-07
2.09909e-07
4.25344e-05
4.38055e-05
-4.46516e-07
4.34861e-05
4.08075e-05
1.23499e-07
4.07109e-05
4.25325e-05
-5.22294e-08
5.30895e-08
4.25317e-05
4.33822e-05
-1.13368e-07
4.32546e-05
4.06145e-05
1.28329e-07
4.05069e-05
4.26016e-05
1.85409e-07
-2.8157e-07
4.26978e-05
4.32517e-05
2.94217e-07
4.31864e-05
4.03831e-05
1.7654e-07
4.02479e-05
4.28257e-05
3.62943e-07
-5.28545e-07
4.29913e-05
4.32629e-05
5.98484e-07
4.32201e-05
4.01088e-05
1.89828e-07
3.9979e-05
4.32041e-05
4.18518e-07
-6.62411e-07
4.3448e-05
4.34214e-05
8.80569e-07
4.35737e-05
3.98588e-05
1.92855e-07
3.97444e-05
4.37404e-05
3.17124e-07
-6.71891e-07
4.40951e-05
4.40644e-05
1.02598e-06
4.44876e-05
3.96374e-05
1.9775e-07
3.95285e-05
4.45033e-05
6.70408e-08
-4.97266e-07
4.49335e-05
4.50726e-05
9.09642e-07
4.55597e-05
3.94409e-05
1.60607e-07
3.93529e-05
4.53035e-05
-3.10658e-07
1.26333e-07
4.54879e-05
4.60468e-05
2.48332e-07
4.6437e-05
3.92809e-05
2.14791e-07
3.91445e-05
4.54899e-05
-1.11927e-06
1.28011e-06
4.53291e-05
4.68044e-05
-9.69156e-07
4.7178e-05
3.89378e-05
6.67775e-07
3.85356e-05
4.54715e-05
-2.33951e-06
1.69507e-06
4.76131e-05
-1.23625e-06
9.52112e-07
4.74071e-05
-7.21227e-07
5.54823e-07
4.69028e-05
-2.17126e-07
-2.26897e-07
4.42604e-05
1.03403e-06
-1.97564e-06
4.20401e-05
2.80892e-06
-3.44841e-06
4.07055e-05
3.79244e-06
-4.07167e-06
4.02097e-05
4.30553e-06
-4.58292e-06
4.0459e-05
4.67202e-06
-4.68917e-06
4.03205e-05
4.91957e-06
-4.94593e-06
3.94109e-05
4.83772e-06
-4.81327e-06
3.93118e-05
4.53851e-06
-4.10241e-06
3.93831e-05
3.53613e-06
-2.92495e-06
3.97696e-05
2.36985e-06
-1.69043e-06
4.08378e-05
1.16188e-06
-5.55879e-07
4.15443e-05
6.38687e-09
3.54819e-07
4.23724e-05
-3.95328e-07
3.48867e-07
4.33086e-05
-3.18079e-07
2.536e-07
4.3806e-05
-2.31279e-07
1.42182e-07
4.44016e-05
-1.32774e-07
8.55689e-08
4.47235e-05
-3.65357e-08
-1.15121e-07
4.46801e-05
3.48065e-07
-8.31669e-07
3.80286e-05
1.63146e-06
5.2293e-09
1.92827e-06
-1.92219e-06
6.25278e-07
-6.20048e-07
6.5473e-09
-1.93453e-06
1.94021e-06
-6.31267e-07
6.37814e-07
5.12163e-09
-1.94471e-06
1.94637e-06
-6.44306e-07
6.49428e-07
2.10841e-09
-1.94555e-06
1.94177e-06
-6.52988e-07
6.55096e-07
1.24935e-10
-1.93663e-06
1.92858e-06
-6.56933e-07
6.57058e-07
-4.23965e-09
-1.91851e-06
1.90595e-06
-6.55302e-07
6.51063e-07
-6.15905e-09
-1.89292e-06
1.87985e-06
-6.45645e-07
6.39486e-07
-5.40411e-09
-1.86833e-06
1.85817e-06
-6.33679e-07
6.28275e-07
-4.12195e-09
-1.85005e-06
1.84312e-06
-6.23748e-07
6.19626e-07
-2.44292e-09
-1.83848e-06
1.83472e-06
-6.16744e-07
6.14301e-07
-5.5156e-10
-1.83275e-06
1.83183e-06
-6.12821e-07
6.12269e-07
1.71033e-09
-1.83249e-06
1.83366e-06
-6.13145e-07
6.14855e-07
1.89535e-09
-1.8352e-06
1.83583e-06
-6.17087e-07
6.18982e-07
1.18394e-09
-1.83559e-06
1.83461e-06
-6.20245e-07
6.21428e-07
5.76897e-10
-1.83254e-06
1.83019e-06
-6.21989e-07
6.22566e-07
-9.29947e-10
-1.82663e-06
1.82284e-06
-6.22252e-07
6.21322e-07
-1.40034e-09
-1.81866e-06
1.81552e-06
-6.19862e-07
6.18461e-07
2.46856e-10
-1.81415e-06
1.81401e-06
-6.18241e-07
6.18488e-07
5.95424e-09
-1.81769e-06
1.82814e-06
-6.2069e-07
6.26644e-07
3.14888e-08
-1.85067e-06
1.89028e-06
-6.40923e-07
6.72412e-07
-2.23491e-08
-1.81739e-06
-6.1207e-07
5.98916e-09
6.49225e-09
3.56002e-09
1.83655e-09
-1.7556e-09
-5.41799e-09
-5.80656e-09
-4.52714e-09
-2.88242e-09
-1.48002e-09
8.76038e-10
2.23117e-09
1.26263e-09
5.60256e-10
-3.13968e-10
-1.46003e-09
-2.20344e-10
2.20213e-09
1.42785e-08
-6.03417e-08
-2.25684e-08
1.90562e-06
6.76444e-07
-2.38537e-08
-1.86526e-06
1.83123e-06
-6.50904e-07
6.27051e-07
-1.87167e-08
-1.80451e-06
1.78493e-06
-6.05821e-07
5.87104e-07
-5.80109e-09
-1.77452e-06
1.77461e-06
-5.7365e-07
5.67848e-07
4.75513e-09
-1.78188e-06
1.7948e-06
-5.67704e-07
5.72459e-07
9.71645e-09
-1.81e-06
1.82593e-06
-5.80154e-07
5.8987e-07
7.2267e-09
-1.84022e-06
1.84927e-06
-5.99962e-07
6.07189e-07
1.58164e-09
-1.8524e-06
1.8537e-06
-6.09962e-07
6.11544e-07
6.32028e-09
-1.85627e-06
1.85972e-06
-6.15337e-07
6.21657e-07
2.67353e-09
-1.86138e-06
1.85746e-06
-6.27821e-07
6.30494e-07
-2.44803e-09
-1.84814e-06
1.8367e-06
-6.29875e-07
6.27426e-07
-8.55032e-09
-1.82433e-06
1.80962e-06
-6.23258e-07
6.14708e-07
-6.09087e-09
-1.79615e-06
1.79078e-06
-6.03557e-07
5.97466e-07
5.72989e-09
-1.79654e-06
1.80653e-06
-6.00327e-07
6.06057e-07
1.05003e-08
-1.81948e-06
1.83409e-06
-6.14021e-07
6.24521e-07
1.1247e-08
-1.84915e-06
1.8611e-06
-6.36892e-07
6.48139e-07
4.85721e-09
-1.86874e-06
1.87041e-06
-6.56964e-07
6.61822e-07
-1.37301e-10
-1.86769e-06
1.86103e-06
-6.63514e-07
6.63376e-07
1.34789e-10
-1.85204e-06
1.84835e-06
-6.61013e-07
6.61147e-07
1.04447e-08
-1.8471e-06
1.8516e-06
-6.65362e-07
6.75807e-07
-2.87338e-08
-1.78089e-06
-6.19948e-07
-2.55394e-08
-2.12295e-08
-1.34549e-08
-1.44151e-10
7.69425e-09
1.00921e-08
2.77301e-09
3.79362e-09
6.16357e-09
-6.1983e-10
-4.16841e-09
-1.11504e-08
2.86105e-09
7.96375e-09
1.23708e-08
8.82539e-09
1.69211e-09
-2.36384e-09
4.21489e-09
-5.5859e-08
-3.13604e-06
7.72723e-07
9.31439e-05
-4.3021e-06
9.41243e-05
-6.13413e-06
9.79164e-05
-8.29653e-06
9.73868e-05
-6.32136e-06
-6.40955e-06
0.000100888
-8.16563e-06
5.2388e-05
8.7724e-06
-2.50793e-06
2.95636e-05
1.00134e-06
-5.44177e-06
1.20958e-06
-4.4268e-06
3.82351e-06
-5.42202e-07
-3.28772e-06
7.68434e-06
3.46828e-05
1.11066e-05
-7.02234e-06
-5.94071e-06
0.000106292
0.000101284
-1.90435e-08
3.62129e-05
-9.75265e-08
-5.42139e-06
1.08132e-06
3.30433e-06
-9.80705e-06
3.58666e-06
-7.94711e-06
2.70555e-07
-5.2649e-07
4.73154e-05
4.65127e-05
7.52648e-07
4.71188e-05
4.72776e-05
4.96449e-05
5.63654e-06
-4.85535e-06
4.88637e-05
5.1615e-05
-2.42752e-06
1.29317e-06
-1.34035e-07
2.60014e-05
8.75986e-07
-4.72424e-06
4.15526e-06
1.44497e-06
-1.96211e-06
5.29687e-05
-4.78707e-06
5.18151e-05
3.4051e-05
-1.10858e-06
9.12514e-05
-9.15564e-05
1.41358e-06
9.12318e-05
-9.13918e-05
-9.48575e-07
-9.04374e-06
9.0526e-05
-9.027e-05
8.78773e-06
-6.99527e-06
9.33513e-05
-9.53997e-05
-5.01043e-06
9.24309e-05
-9.44158e-05
-3.58196e-06
9.17688e-05
-9.31973e-05
-2.59946e-06
9.1078e-05
-9.20604e-05
-1.97438e-06
9.08972e-05
-9.15223e-05
-1.48044e-06
9.07574e-05
9.09131e-05
-1.16172e-06
-2.58776e-06
-6.69129e-05
-7.76881e-06
7.42785e-05
-6.90975e-05
-1.20068e-05
8.10075e-05
-7.67695e-05
-1.27419e-05
8.56402e-05
-8.49051e-05
-1.15e-05
8.92841e-05
-8.95612e-06
9.08074e-05
-6.68842e-06
9.01632e-05
-5.00586e-06
9.00863e-05
-3.83754e-06
8.99096e-05
-2.93863e-06
8.99983e-05
-2.16531e-06
8.99841e-05
9.03055e-05
-1.55769e-06
-1.49597e-05
-1.5765e-05
-1.51725e-05
-1.3184e-05
-1.0364e-05
-7.9865e-06
-6.1895e-06
-4.76506e-06
-3.60617e-06
-2.64165e-06
-1.82835e-06
5.5162e-09
-1.89568e-07
4.66967e-05
3.94955e-07
-7.08542e-07
4.75912e-05
-3.11251e-06
9.47112e-05
1.19929e-06
3.45895e-07
-4.72143e-06
9.57332e-05
-7.75297e-06
0.000100948
-1.17219e-05
0.000101356
-1.53431e-05
0.000104509
-6.06259e-06
9.66452e-05
-5.44704e-06
-2.7115e-06
2.26503e-05
3.87311e-06
-2.82383e-06
-8.99638e-06
1.71656e-06
2.94631e-07
-3.97331e-06
5.17018e-06
8.39777e-05
-3.32631e-06
4.44874e-08
7.08244e-06
0.000104379
0.000103139
-1.85836e-07
-4.68455e-05
7.59698e-08
4.69553e-05
-4.76526e-05
5.93316e-08
-3.43079e-07
4.79364e-05
-2.79472e-07
9.47545e-05
5.69699e-07
-3.33535e-07
-6.76326e-07
9.61301e-05
-1.22679e-06
0.000101498
-3.27876e-06
0.000103408
-3.62741e-06
0.000104858
-2.92617e-06
9.5944e-05
-1.02435e-05
3.49858e-05
-5.38383e-06
-2.22847e-05
-1.06882e-05
-2.56908e-05
1.36676e-05
1.24679e-05
-4.4689e-06
-1.49476e-05
3.61862e-06
5.10973e-06
-2.01373e-07
7.97102e-05
1.62193e-06
0.000102556
3.40423e-06
0.000101356
4.01039e-06
9.82942e-05
2.84362e-06
9.71834e-05
1.5886e-06
9.78489e-05
9.4309e-05
-4.24497e-07
-4.70121e-05
4.29964e-07
4.70067e-05
-4.78726e-05
-3.74466e-07
1.6632e-07
4.80807e-05
-4.41467e-07
9.56981e-05
5.15619e-08
-5.53637e-07
-2.18231e-06
9.78709e-05
-7.74309e-07
0.00010009
4.47315e-07
0.000102186
6.05434e-07
0.0001047
3.78187e-07
9.61712e-05
-3.7953e-06
3.91593e-05
-9.0648e-06
-2.04213e-05
-1.00141e-05
-1.39983e-05
-4.97446e-06
7.46705e-05
-1.68125e-06
9.92628e-05
1.03979e-06
9.86352e-05
1.384e-06
9.795e-05
5.55641e-07
9.80118e-05
4.87131e-07
9.79174e-05
9.43083e-05
-4.92469e-07
-4.70097e-05
5.01263e-07
4.70009e-05
-4.80106e-05
-4.18838e-07
1.43884e-07
4.82855e-05
-2.1932e-08
9.64097e-05
9.16122e-08
-7.8131e-07
-2.41331e-07
9.80903e-05
7.69755e-07
9.90793e-05
2.66083e-06
0.000100295
5.39019e-06
0.000101971
6.01819e-06
9.55433e-05
-2.90884e-07
4.54684e-05
-6.20913e-06
-1.45031e-05
-1.09961e-05
-9.2113e-06
-4.98639e-06
6.86607e-05
-2.60948e-06
9.68859e-05
-2.793e-07
9.63051e-05
2.32309e-07
9.74384e-05
1.35319e-06
9.68909e-05
2.50549e-06
9.67652e-05
9.56059e-05
-5.40562e-07
-4.69629e-05
6.04051e-07
4.68994e-05
-4.80984e-05
-5.85909e-07
3.60551e-07
4.83238e-05
1.36821e-06
9.62901e-05
-2.34732e-07
-1.01388e-06
2.20989e-06
9.72487e-05
3.4895e-06
9.77997e-05
5.48157e-06
9.83029e-05
8.475e-06
9.89772e-05
1.0236e-05
9.37823e-05
3.70535e-06
5.1999e-05
-3.14718e-06
-7.65056e-06
-9.48087e-06
-2.87761e-06
-2.80106e-06
6.19809e-05
-8.23962e-07
9.49088e-05
-2.05273e-07
9.56864e-05
3.53915e-07
9.68792e-05
1.07466e-06
9.61701e-05
1.40729e-06
9.64325e-05
9.59483e-05
-5.79809e-07
-4.68138e-05
7.05172e-07
4.66884e-05
-4.81312e-05
-7.55417e-07
6.48572e-07
4.8238e-05
2.69123e-06
9.55647e-05
-6.62875e-07
-1.303e-06
4.00212e-06
9.59378e-05
5.49653e-06
9.63053e-05
8.01623e-06
9.57832e-05
1.17355e-05
9.52579e-05
1.48775e-05
9.06403e-05
1.17235e-05
5.5153e-05
5.12768e-06
-1.0547e-06
-2.92564e-06
5.1757e-06
3.23438e-08
5.9023e-05
7.39538e-07
9.42016e-05
1.31201e-07
9.62947e-05
4.85435e-07
9.6525e-05
4.73749e-07
9.61818e-05
3.85438e-07
9.65208e-05
9.60658e-05
-5.77401e-07
-4.65449e-05
7.55394e-07
4.63669e-05
-4.80014e-05
-8.69909e-07
8.84395e-07
4.79869e-05
3.033e-06
9.48359e-05
-9.49926e-07
-1.35422e-06
4.17467e-06
9.47961e-05
5.88528e-06
9.45947e-05
8.05314e-06
9.36153e-05
1.16278e-05
9.16832e-05
1.6173e-05
8.60951e-05
1.82769e-05
5.30491e-05
1.27844e-05
4.43776e-06
3.42814e-06
1.4532e-05
3.00188e-06
5.94492e-05
2.25544e-06
9.49481e-05
1.29676e-06
9.72534e-05
7.37166e-07
9.70846e-05
-1.02336e-07
9.70213e-05
-3.89098e-07
9.68076e-05
9.60302e-05
-5.41137e-07
-4.61871e-05
7.41699e-07
4.59865e-05
-4.77568e-05
-8.89583e-07
1.00227e-06
4.76441e-05
3.32542e-06
9.39205e-05
-1.10766e-06
-1.30237e-06
4.7285e-06
9.3393e-05
7.02478e-06
9.22984e-05
8.75578e-06
9.18843e-05
1.23207e-05
8.81183e-05
1.56266e-05
8.27892e-05
2.21014e-05
4.65744e-05
1.80286e-05
8.51053e-06
9.20472e-06
2.33559e-05
4.60588e-06
6.40481e-05
2.35443e-06
9.71995e-05
-6.67451e-07
0.000100275
-1.26557e-06
9.76827e-05
-1.3774e-06
9.71332e-05
-1.17709e-06
9.66073e-05
9.58033e-05
-4.78164e-07
-4.57859e-05
6.67529e-07
4.55965e-05
-4.74315e-05
-8.08465e-07
9.40062e-07
4.72999e-05
3.44055e-06
9.28023e-05
-1.09184e-06
-1.23052e-06
4.80107e-06
9.20325e-05
6.63507e-06
9.04644e-05
1.00238e-05
8.84956e-05
1.2147e-05
8.59951e-05
1.38368e-05
8.10994e-05
2.27538e-05
3.76574e-05
1.83584e-05
1.2906e-05
8.1625e-06
3.35517e-05
-1.89076e-06
7.41013e-05
-4.38835e-06
9.96971e-05
-4.86653e-06
0.000100753
-4.52541e-06
9.73416e-05
-3.59687e-06
9.62046e-05
-2.24206e-06
9.52525e-05
-1.74114e-06
9.53024e-05
9.48201e-05
-1.42259e-06
-3.88147e-07
-4.5408e-05
5.56601e-07
4.52396e-05
-4.71357e-05
-6.86904e-07
7.77396e-07
4.70452e-05
1.899e-06
9.25219e-05
-8.00532e-07
-8.18021e-07
2.62543e-06
9.1306e-05
3.67691e-06
8.9413e-05
6.36834e-06
8.58041e-05
7.48502e-06
8.48784e-05
1.02799e-05
7.83045e-05
1.69562e-05
3.09811e-05
1.09825e-05
1.88796e-05
-2.05084e-06
4.65851e-05
-1.09075e-05
8.2958e-05
-9.4829e-06
9.82725e-05
-7.65983e-06
9.89304e-05
-6.42763e-06
9.61094e-05
-5.41569e-06
9.51927e-05
-4.39951e-06
9.42363e-05
-2.96956e-06
9.38724e-05
9.39106e-05
-2.05998e-06
-2.77514e-07
-4.5096e-05
3.97755e-07
4.49758e-05
-4.69599e-05
-4.73061e-07
5.40827e-07
4.68922e-05
9.76347e-07
9.2438e-05
-5.00733e-07
-3.91752e-07
1.38122e-06
9.09012e-05
1.19462e-06
8.95996e-05
1.224e-06
8.57747e-05
2.10375e-06
8.39987e-05
6.9803e-06
7.3428e-05
8.84953e-06
2.91119e-05
2.8759e-07
2.74415e-05
-1.23436e-05
5.92163e-05
-1.53893e-05
8.60037e-05
-1.22603e-05
9.51435e-05
-9.46725e-06
9.61374e-05
-7.65902e-06
9.43011e-05
-5.95226e-06
9.34859e-05
-4.85893e-06
9.3143e-05
-3.89792e-06
9.29114e-05
9.29339e-05
-2.92119e-06
-2.26747e-07
-4.48856e-05
2.94157e-07
4.48182e-05
-4.68858e-05
-2.90574e-07
2.78904e-07
4.68975e-05
6.23745e-07
9.24924e-05
-2.68463e-07
-4.09728e-07
1.87082e-07
9.13378e-05
-1.61573e-07
8.99482e-05
-1.61734e-06
8.72305e-05
-1.87779e-06
8.42591e-05
3.24742e-06
6.83028e-05
-3.02293e-07
3.26616e-05
-9.48118e-06
3.66204e-05
-1.81019e-05
6.7837e-05
-1.73061e-05
8.52079e-05
-1.36485e-05
9.14859e-05
-9.96379e-06
9.24526e-05
-7.52393e-06
9.18613e-05
-5.87503e-06
9.1837e-05
-4.60877e-06
9.18767e-05
-3.7153e-06
9.20179e-05
9.21505e-05
-2.93197e-06
-2.25696e-07
-4.4761e-05
2.79728e-07
4.47069e-05
-4.68556e-05
-3.16305e-07
2.93707e-07
4.68782e-05
-3.03973e-07
9.31784e-05
-1.71391e-07
-2.10617e-07
-1.31691e-06
9.23508e-05
-3.07237e-06
9.17037e-05
-5.19209e-06
8.93502e-05
-6.62259e-06
8.56896e-05
-3.78421e-06
6.54644e-05
-9.90529e-06
3.87827e-05
-1.72344e-05
4.39496e-05
-2.08695e-05
7.14721e-05
-1.84725e-05
8.2811e-05
-1.4781e-05
8.77944e-05
-1.15077e-05
8.91793e-05
-8.58195e-06
8.89355e-05
-6.77034e-06
9.00254e-05
-5.01113e-06
9.01175e-05
-3.8722e-06
9.0879e-05
9.11841e-05
-2.90577e-06
-2.84584e-07
-4.46111e-05
3.63199e-07
4.45325e-05
-4.69221e-05
-3.222e-07
2.17496e-07
4.70268e-05
-4.81068e-07
9.38829e-05
-5.17942e-08
-1.71617e-07
-1.93653e-06
9.38062e-05
-4.39313e-06
9.41603e-05
-8.46028e-06
9.34174e-05
-1.12714e-05
8.85008e-05
-1.15337e-05
6.57266e-05
-1.82215e-05
4.54705e-05
-2.18333e-05
4.75613e-05
-2.21244e-05
7.17632e-05
-1.99993e-05
8.06859e-05
-1.61298e-05
8.39249e-05
-1.24903e-05
8.55398e-05
-9.66975e-06
8.6115e-05
-7.38041e-06
8.77361e-05
-5.60667e-06
8.83438e-05
-4.2327e-06
8.9505e-05
9.00719e-05
-3.12049e-06
-3.69082e-07
-4.44198e-05
5.02582e-07
4.42863e-05
-4.71199e-05
-5.02792e-07
4.4952e-07
4.71732e-05
7.02751e-07
9.41264e-05
-3.76324e-07
-5.69927e-07
-1.25234e-07
9.46342e-05
-1.64268e-06
9.56777e-05
-5.56304e-06
9.73377e-05
-1.09247e-05
9.38624e-05
-1.65207e-05
7.13226e-05
-2.244e-05
5.13898e-05
-2.40115e-05
4.91328e-05
-2.0154e-05
6.79057e-05
-1.81013e-05
7.86332e-05
-1.45842e-05
8.04078e-05
-1.01476e-05
8.11033e-05
-7.93562e-06
8.39029e-05
-5.67885e-06
8.54793e-05
-4.51462e-06
8.71795e-05
-3.38529e-06
8.83757e-05
-2.62594e-06
8.93125e-05
9.02478e-05
-9.08661e-05
-2.00758e-06
-4.21093e-07
-4.41376e-05
5.99091e-07
4.39596e-05
-4.71612e-05
-6.26263e-07
6.08592e-07
4.71789e-05
1.62949e-06
9.39308e-05
-6.09461e-07
-8.2442e-07
1.77538e-06
9.44883e-05
1.81518e-06
9.56379e-05
8.41687e-07
9.83112e-05
-3.46293e-06
9.8167e-05
-1.3388e-05
8.12477e-05
-2.11527e-05
5.91546e-05
-2.3419e-05
5.13991e-05
-1.68404e-05
6.1327e-05
-1.23722e-05
7.4165e-05
-8.77754e-06
7.68131e-05
-5.03934e-06
7.73651e-05
-3.7404e-06
8.2604e-05
-2.47942e-06
8.42183e-05
-2.00702e-06
8.67071e-05
-1.55627e-06
8.7925e-05
-1.35453e-06
8.91108e-05
9.00568e-05
-1.1636e-06
-4.21427e-07
-4.37419e-05
6.65383e-07
4.3498e-05
-4.71269e-05
-7.61467e-07
7.90879e-07
4.70975e-05
2.21555e-06
9.35676e-05
-8.27491e-07
-1.02485e-06
2.73667e-06
9.39672e-05
3.51351e-06
9.48611e-05
4.69189e-06
9.71328e-05
4.72767e-06
9.81313e-05
-2.93316e-06
8.89085e-05
-1.3654e-05
6.98754e-05
-1.79296e-05
5.56747e-05
-1.31589e-05
5.65563e-05
-6.44997e-06
6.74561e-05
-2.25404e-06
7.26172e-05
-8.24544e-07
7.59356e-05
-5.63133e-07
8.23426e-05
-5.40166e-07
8.41954e-05
-5.84352e-07
8.67513e-05
-6.27369e-07
8.7968e-05
-6.48256e-07
8.91317e-05
9.00051e-05
-5.96586e-07
-3.89005e-07
-4.32306e-05
6.68807e-07
4.29508e-05
-4.69796e-05
-8.14494e-07
8.92882e-07
4.69012e-05
2.71829e-06
9.30346e-05
-1.00322e-06
-1.18209e-06
3.5567e-06
9.31288e-05
4.64946e-06
9.37683e-05
6.71095e-06
9.50714e-05
8.79822e-06
9.6044e-05
6.70171e-06
9.1005e-05
-2.70642e-06
7.92835e-05
-8.86454e-06
6.18328e-05
-7.41264e-06
5.51044e-05
-1.6984e-06
6.17418e-05
1.59356e-06
6.93252e-05
1.18254e-06
7.63466e-05
7.25567e-07
8.27996e-05
3.79984e-07
8.45409e-05
1.39926e-07
8.69914e-05
-9.744e-08
8.82054e-05
-2.50268e-07
8.92845e-05
9.01044e-05
-3.49491e-07
-2.93135e-07
-4.26602e-05
5.80226e-07
4.23731e-05
-4.67355e-05
-7.95739e-07
9.51621e-07
4.65796e-05
3.05643e-06
9.23195e-05
-1.11242e-06
-1.22894e-06
4.05738e-06
9.21279e-05
5.6154e-06
9.22103e-05
8.26908e-06
9.24177e-05
1.12246e-05
9.30884e-05
1.2142e-05
9.00876e-05
8.65269e-06
8.27729e-05
1.41808e-06
6.90674e-05
4.0324e-07
5.61193e-05
3.72814e-06
5.84169e-05
5.71806e-06
6.73353e-05
4.62765e-06
7.7437e-05
3.91925e-06
8.3508e-05
2.58523e-06
8.5875e-05
1.67378e-06
8.79028e-05
9.10762e-07
8.89684e-05
3.1922e-07
8.98761e-05
9.04512e-05
-2.76241e-08
-1.67956e-07
-4.20909e-05
4.50319e-07
4.18086e-05
-4.63439e-05
-6.98651e-07
9.40177e-07
4.61024e-05
3.67265e-06
9.10618e-05
-1.16207e-06
-1.25286e-06
5.10916e-06
9.06914e-05
7.15696e-06
9.01625e-05
9.46874e-06
9.01059e-05
1.25765e-05
8.99807e-05
1.50767e-05
8.75874e-05
1.49154e-05
8.29341e-05
1.08472e-05
7.31356e-05
8.79917e-06
5.81674e-05
9.9428e-06
5.72733e-05
1.21861e-05
6.5092e-05
1.07161e-05
7.8907e-05
7.92517e-06
8.62989e-05
4.95981e-06
8.88403e-05
2.99816e-06
8.98645e-05
1.62609e-06
9.03404e-05
6.96882e-07
9.08053e-05
9.09962e-05
1.51917e-07
2.00379e-08
-4.15125e-05
2.68888e-07
4.12236e-05
-4.57933e-05
-5.8463e-07
9.07479e-07
4.54705e-05
4.24755e-06
-1.19838e-06
-1.24877e-06
6.19152e-06
8.87474e-05
8.56005e-06
8.7794e-05
1.08916e-05
8.77743e-05
1.39661e-05
8.69063e-05
1.66675e-05
8.4886e-05
1.752e-05
8.20817e-05
1.77791e-05
7.28764e-05
1.63319e-05
5.96146e-05
1.51755e-05
5.84297e-05
1.52658e-05
6.50017e-05
1.24312e-05
8.17417e-05
8.14486e-06
9.05852e-05
4.71497e-06
9.22702e-05
2.44976e-06
9.21297e-05
1.10346e-06
9.16867e-05
3.14951e-07
9.15938e-05
9.14369e-05
-1.25816e-07
6.01954e-06
8.67164e-05
8.32762e-06
8.54859e-05
1.11968e-05
8.49051e-05
1.40055e-05
8.40976e-05
1.58349e-05
8.30565e-05
1.79955e-05
7.99211e-05
2.12318e-05
6.96402e-05
2.10065e-05
5.98398e-05
1.87585e-05
6.06777e-05
1.43518e-05
6.94084e-05
8.09321e-06
8.80002e-05
3.78738e-06
9.4891e-05
1.61478e-06
9.44428e-05
3.84321e-07
9.33601e-05
-2.0001e-07
9.22711e-05
-4.67266e-07
9.1861e-05
9.15551e-05
-5.85416e-07
4.20348e-06
6.20451e-06
9.06077e-06
1.13308e-05
1.38312e-05
8.05561e-05
1.84921e-05
7.52602e-05
2.1849e-05
6.62833e-05
2.03587e-05
6.13302e-05
1.59534e-05
6.5083e-05
7.23172e-06
7.81301e-05
1.08339e-06
9.41485e-05
-7.00463e-07
9.66749e-05
-1.03894e-06
9.47813e-05
-1.02198e-06
9.33432e-05
-9.37071e-07
9.21862e-05
-8.31847e-07
9.17558e-05
9.15024e-05
-7.79129e-07
1.21922e-05
1.68821e-05
7.05703e-05
1.77922e-05
6.53732e-05
1.48397e-05
6.42827e-05
7.18827e-06
7.27343e-05
-1.24477e-06
8.65632e-05
-3.22287e-06
9.61266e-05
-2.56047e-06
9.60125e-05
-1.9414e-06
9.41622e-05
-1.46002e-06
9.28618e-05
-1.20589e-06
9.1932e-05
-1.00647e-06
-8.95924e-07
1.20817e-05
6.80315e-05
1.12372e-05
6.62176e-05
5.69327e-06
6.98267e-05
-2.20636e-06
8.0634e-05
-5.9132e-06
-5.1863e-06
-3.58961e-06
-2.62468e-06
-1.82332e-06
5.30605e-06
2.42623e-06
-4.51658e-06
3.63288e-05
-1.10385e-07
3.63186e-05
1.74671e-07
-1.64409e-07
3.63132e-05
-1.80489e-07
3.61991e-05
3.43568e-07
-2.29448e-07
3.60314e-05
-2.56777e-07
3.58312e-05
4.63799e-07
-2.636e-07
3.56054e-05
-2.66623e-07
3.53601e-05
5.05611e-07
-2.60393e-07
3.50769e-05
-2.57307e-07
3.47623e-05
5.69075e-07
-2.54475e-07
3.44236e-05
-2.41084e-07
3.40699e-05
5.74336e-07
-2.20683e-07
3.36955e-05
-2.03045e-07
3.33171e-05
5.63003e-07
-1.84604e-07
3.29397e-05
-1.63695e-07
3.25658e-05
5.16524e-07
-1.42595e-07
3.22082e-05
-1.20563e-07
3.18683e-05
4.38993e-07
-9.91508e-08
3.1556e-05
-7.58427e-08
3.12819e-05
3.24691e-07
-5.0609e-08
3.10366e-05
-3.21291e-08
3.08094e-05
2.47846e-07
-2.06381e-08
3.05944e-05
-1.17845e-08
3.03789e-05
2.20968e-07
-5.4391e-09
3.01533e-05
-1.75994e-10
2.99015e-05
2.43652e-07
8.15305e-09
2.96031e-05
1.38113e-08
2.92625e-05
3.26874e-07
1.37786e-08
2.88814e-05
1.19974e-08
2.84675e-05
4.02242e-07
1.16715e-08
2.80352e-05
1.11681e-08
2.75958e-05
4.28115e-07
1.13183e-08
2.71644e-05
9.96199e-09
2.6748e-05
4.11174e-07
5.23919e-09
2.63569e-05
2.07858e-09
2.60041e-05
3.48439e-07
4.32972e-09
2.57048e-05
6.22939e-09
2.54578e-05
2.40788e-07
6.16254e-09
2.52782e-05
1.16392e-08
2.51838e-05
6.8571e-08
2.58432e-08
2.51637e-05
4.01578e-08
-6.63919e-08
4.64519e-08
4.75208e-05
-2.59347e-08
-1.25004e-07
4.76717e-05
4.76096e-05
1.86422e-07
4.7769e-05
1.02757e-06
5.08139e-06
-9.43764e-06
-1.09143e-05
5.96615e-06
-3.21283e-06
-1.5867e-06
2.0764e-06
4.7807e-05
-2.86758e-07
1.49179e-07
4.79446e-05
4.79957e-05
-2.1297e-07
4.78751e-05
4.80001e-05
-4.60768e-07
4.38187e-07
4.80227e-05
4.8093e-05
-5.08369e-07
4.80477e-05
4.81051e-05
-5.43607e-07
5.30613e-07
4.81181e-05
4.82832e-05
-7.17717e-07
4.82196e-05
4.81363e-05
-6.54757e-07
6.88663e-07
4.81024e-05
4.83454e-05
-8.81277e-07
4.82128e-05
4.80521e-05
-7.17861e-07
8.17472e-07
4.79525e-05
4.81985e-05
-1.05405e-06
4.79496e-05
4.7838e-05
-7.42806e-07
8.77094e-07
4.77037e-05
4.78841e-05
-1.10724e-06
4.76371e-05
4.75558e-05
-7.17125e-07
8.57251e-07
4.74157e-05
4.75317e-05
-1.06985e-06
4.72992e-05
4.72747e-05
-6.27488e-07
7.63625e-07
4.71386e-05
4.71474e-05
-9.27809e-07
4.68447e-05
4.70083e-05
-4.68254e-07
5.6585e-07
4.69107e-05
4.68215e-05
-6.51177e-07
4.66547e-05
4.68354e-05
-3.38043e-07
3.69e-07
4.68044e-05
4.66948e-05
-3.75353e-07
4.66784e-05
4.6808e-05
-2.78192e-07
2.63666e-07
4.68226e-05
4.66888e-05
-3.05508e-07
4.65846e-05
4.6786e-05
-3.39432e-07
3.21136e-07
4.68043e-05
4.67069e-05
-2.77306e-07
4.67736e-05
4.68453e-05
-4.39645e-07
4.09192e-07
4.68757e-05
4.69393e-05
-3.16031e-07
4.70837e-05
4.68755e-05
-5.50916e-07
5.6785e-07
4.68586e-05
4.71569e-05
-5.79828e-07
4.71668e-05
4.68314e-05
-6.45795e-07
7.20955e-07
4.67563e-05
4.7166e-05
-7.72962e-07
4.71145e-05
4.66602e-05
-6.78476e-07
8.03412e-07
4.65352e-05
4.70779e-05
-9.21292e-07
4.69743e-05
4.63895e-05
-6.39052e-07
8.31081e-07
4.61975e-05
4.6864e-05
-9.96768e-07
4.66787e-05
4.5982e-05
-5.23001e-07
7.60692e-07
4.57443e-05
4.65179e-05
-9.9644e-07
4.62854e-05
4.5496e-05
-3.64595e-07
6.57384e-07
4.52032e-05
4.60635e-05
-9.6641e-07
4.5777e-05
4.48874e-05
-1.89676e-07
5.08735e-07
4.54861e-05
-8.57017e-07
-4.95651e-08
4.20065e-06
1.71232e-06
-5.11802e-08
4.14144e-06
1.66114e-06
-7.50516e-08
-4.04729e-06
3.94185e-06
-1.59089e-06
1.51583e-06
-9.77674e-08
-3.80197e-06
3.64296e-06
-1.42627e-06
1.3285e-06
-9.51574e-08
-3.47622e-06
3.30475e-06
-1.23164e-06
1.13649e-06
-8.88733e-08
-3.13536e-06
2.96693e-06
-1.04548e-06
9.56611e-07
-8.33956e-08
-2.80103e-06
2.64334e-06
-8.68031e-07
7.84636e-07
-6.70338e-08
-2.49719e-06
2.36118e-06
-7.10103e-07
6.43069e-07
-5.1763e-08
-2.23641e-06
2.12447e-06
-5.8324e-07
5.31477e-07
-3.64551e-08
-2.02612e-06
1.94202e-06
-4.87233e-07
4.50778e-07
-2.06046e-08
-1.87187e-06
1.81663e-06
-4.21773e-07
4.01168e-07
-3.41056e-09
-1.77681e-06
1.74809e-06
-3.90384e-07
3.86974e-07
3.76214e-09
-1.7266e-06
1.71106e-06
-3.87821e-07
3.91583e-07
7.41362e-09
-1.69984e-06
1.69225e-06
-3.97361e-07
4.04774e-07
1.21754e-08
-1.69007e-06
1.69171e-06
-4.15104e-07
4.2728e-07
9.66814e-09
-1.69441e-06
1.69674e-06
-4.38359e-07
4.48027e-07
8.17252e-09
-1.69935e-06
1.70235e-06
-4.57086e-07
4.65258e-07
7.03709e-09
-1.70578e-06
1.70871e-06
-4.73138e-07
4.80175e-07
1.87171e-09
-1.70972e-06
1.70993e-06
-4.84399e-07
4.86271e-07
2.03141e-09
-1.71222e-06
1.71642e-06
-4.88314e-07
4.90346e-07
1.53448e-09
-1.72195e-06
1.73205e-06
-4.90978e-07
4.92513e-07
1.36435e-08
-1.75075e-06
1.77727e-06
-4.99652e-07
5.13296e-07
-7.02569e-08
-8.95651e-08
-9.6858e-08
-9.1002e-08
-8.85798e-08
-7.45327e-08
-5.98294e-08
-4.42436e-08
-2.90054e-08
-1.07835e-08
8.46806e-10
5.77783e-09
1.03302e-08
1.10796e-08
9.05847e-09
7.87933e-09
4.22441e-09
2.04313e-09
6.32415e-10
7.13994e-09
1.65539e-08
-1.2101e-06
9.44552e-05
9.42848e-05
-1.6053e-06
9.40005e-05
9.39877e-05
-1.94158e-06
9.30209e-05
9.3526e-05
-2.32569e-06
9.24146e-05
-1.58876e-06
9.2789e-05
-4.64078e-07
9.33839e-05
-6.53839e-07
-4.00627e-07
4.68848e-05
3.05435e-05
3.10373e-07
-4.65471e-08
-2.2081e-06
9.17169e-05
-1.69819e-06
9.22791e-05
-4.90413e-07
9.28583e-05
-6.8217e-07
-4.67434e-05
-3.79705e-07
4.66327e-05
-3.02877e-05
3.00414e-05
2.76268e-07
-3.00217e-08
-2.26967e-06
-1.61661e-06
9.16261e-05
-4.88227e-07
-5.86664e-07
9.23166e-05
-4.64529e-05
-3.86948e-07
4.63517e-05
-2.98042e-05
2.95665e-05
2.53162e-07
-1.53926e-08
2.94314e-07
-3.85189e-08
2.59935e-07
-2.27292e-08
2.27878e-07
-9.0737e-09
2.93477e-05
4.49182e-05
5.12446e-07
4.47e-05
4.45966e-05
5.02457e-07
4.43541e-05
4.42203e-05
4.282e-07
4.402e-05
4.61932e-05
-1.36032e-08
2.05564e-06
5.84598e-07
-7.67799e-09
-2.02774e-06
2.00539e-06
-5.73985e-07
5.66307e-07
-2.38791e-09
-1.98779e-06
1.97478e-06
-5.61183e-07
5.58795e-07
-1.06129e-08
-5.12433e-09
1.35154e-10
1.96557e-06
5.5893e-07
-7.39562e-07
9.1705e-05
-9.17446e-05
-3.20185e-07
9.20096e-05
-3.95003e-07
-9.2034e-05
-3.13554e-07
4.57411e-05
-4.57477e-05
2.63344e-05
2.28252e-07
-2.65533e-05
-9.37905e-09
-7.9865e-07
9.16077e-05
-3.30769e-07
9.19257e-05
-3.83971e-07
-4.56949e-05
-3.00229e-07
4.56644e-05
-2.6125e-05
2.59339e-05
1.98796e-07
-7.72926e-09
-7.88863e-07
9.1448e-05
-3.04911e-07
9.17833e-05
-3.41562e-07
-4.55962e-05
-2.60413e-07
4.55517e-05
-2.57617e-05
2.56097e-05
1.56731e-07
-4.77103e-09
-8.65023e-07
9.11513e-05
-2.88539e-07
9.15351e-05
-3.28258e-07
-4.54743e-05
-2.16608e-07
4.54024e-05
-2.54787e-05
2.53705e-05
1.08596e-07
-4.07037e-10
-1.0568e-06
9.06504e-05
-2.8313e-07
9.10604e-05
-2.98981e-07
-4.52973e-05
-1.91149e-07
4.52053e-05
-2.52805e-05
2.52081e-05
6.87499e-08
3.65163e-09
-1.16852e-06
-2.49806e-07
-2.70796e-07
-4.50851e-05
-1.4303e-07
4.49784e-05
-2.51527e-05
2.51145e-05
2.98953e-08
8.35322e-09
2.18463e-07
-9.07677e-09
1.78357e-07
-6.13495e-09
1.33771e-07
-2.73186e-09
8.83828e-08
1.60722e-09
4.91423e-08
6.28176e-09
1.47872e-08
1.03244e-08
4.26067e-05
-4.2692e-05
3.4883e-07
4.24764e-05
4.23749e-05
3.15808e-07
4.22375e-05
4.21338e-05
2.64167e-07
4.20034e-05
4.18954e-05
2.23123e-07
4.17607e-05
4.16383e-05
1.78809e-07
4.15086e-05
4.13955e-05
1.26842e-07
-1.40923e-06
9.10277e-05
-4.36935e-07
9.18275e-05
-4.83141e-07
-3.38331e-07
4.60946e-05
2.91447e-05
2.08174e-07
-5.2054e-09
-9.48022e-07
9.08122e-05
-3.58027e-07
9.15912e-05
-3.53691e-07
-4.59516e-05
-2.79826e-07
4.58734e-05
-2.89644e-05
2.88006e-05
1.5999e-07
3.87251e-09
-5.64413e-07
9.078e-05
-2.31942e-07
9.15107e-05
-2.51973e-07
-4.57693e-05
-1.98612e-07
4.57359e-05
-2.86577e-05
2.85268e-05
1.21315e-07
9.65854e-09
-4.23061e-07
9.08536e-05
-2.01184e-07
9.1512e-05
-2.23259e-07
-4.56846e-05
-1.87367e-07
4.56708e-05
-2.83937e-05
2.82602e-05
1.25076e-07
8.43813e-09
-2.61506e-07
9.10874e-05
-1.80525e-07
9.16371e-05
-2.06041e-07
-4.56429e-05
-1.95924e-07
4.56583e-05
-2.81163e-05
2.79633e-05
1.47208e-07
5.76827e-09
-1.93425e-07
9.14328e-05
-1.70412e-07
9.18313e-05
-2.17195e-07
-4.56565e-05
-2.06871e-07
4.56929e-05
-2.78038e-05
2.76301e-05
1.70088e-07
3.62208e-09
-3.82952e-07
9.16899e-05
-2.42555e-07
9.19943e-05
-3.03387e-07
-4.57203e-05
-2.70568e-07
4.57483e-05
-2.74396e-05
2.72299e-05
2.14079e-07
-4.40086e-09
-6.40069e-07
-3.1484e-07
-3.6493e-07
-4.57584e-05
-3.22569e-07
4.57661e-05
-2.70075e-05
2.67783e-05
2.38429e-07
-9.24059e-09
1.80318e-07
-5.05063e-11
1.34553e-07
8.28452e-09
1.24195e-07
8.8326e-09
1.35109e-07
8.78737e-09
1.5296e-07
6.58025e-09
1.91166e-07
-6.62753e-10
2.29837e-07
-7.43975e-09
2.3417e-07
-9.0983e-09
4.38898e-05
3.40158e-07
4.373e-05
4.36101e-05
2.49536e-07
4.34951e-05
4.34178e-05
2.00679e-07
4.33414e-05
4.32791e-05
1.95326e-07
4.32189e-05
4.31701e-05
2.04225e-07
4.31189e-05
4.30821e-05
2.44577e-07
4.30287e-05
4.29722e-05
3.13462e-07
4.28886e-05
4.28044e-05
3.4655e-07
-1.90587e-09
1.92787e-06
-1.93535e-06
6.14997e-07
-6.16903e-07
-1.89287e-09
-1.92096e-06
1.91512e-06
-6.12837e-07
6.10944e-07
-1.25908e-09
-1.91053e-06
1.90701e-06
-6.09404e-07
6.08145e-07
8.54642e-11
-1.905e-06
1.90451e-06
-6.07428e-07
6.07513e-07
1.40577e-09
-1.90539e-06
1.90763e-06
-6.08239e-07
6.09645e-07
3.46355e-09
-1.91144e-06
1.91633e-06
-6.12118e-07
6.15582e-07
-2.16078e-09
-1.53915e-09
-7.17655e-10
7.25788e-10
2.47343e-09
4.46662e-09
1.37081e-09
1.959e-06
5.60301e-07
4.56136e-09
-1.95573e-06
1.95505e-06
-5.63513e-07
5.68075e-07
6.97837e-09
-1.95702e-06
1.9597e-06
-5.74387e-07
5.81366e-07
6.23156e-09
-1.96216e-06
1.96436e-06
-5.8774e-07
5.93972e-07
5.23706e-09
-1.96662e-06
1.96715e-06
-6.00499e-07
6.05736e-07
4.54567e-09
-1.96799e-06
1.96706e-06
-6.11482e-07
6.16028e-07
1.1617e-09
-1.96366e-06
1.9581e-06
-6.18766e-07
6.19927e-07
-1.29757e-09
-1.95098e-06
1.94304e-06
-6.1961e-07
6.18313e-07
3.2127e-09
6.31283e-09
6.37445e-09
6.52714e-09
5.74617e-09
2.73768e-09
-3.1672e-10
-1.40974e-09
)
;

boundaryField
{
    inlet
    {
        type            calculated;
        value           nonuniform List<scalar> 0();
    }
    outlet
    {
        type            calculated;
        value           nonuniform List<scalar> 
52
(
3.66042e-05
4.78576e-05
4.76252e-05
4.74376e-05
4.60149e-05
4.37809e-05
4.18279e-05
4.07225e-05
4.05717e-05
4.07387e-05
3.92265e-05
3.86774e-05
3.83336e-05
3.8579e-05
3.96994e-05
4.09062e-05
4.22634e-05
4.32597e-05
4.38334e-05
4.4383e-05
4.48134e-05
4.52755e-05
4.41906e-05
2.07355e-05
2.00478e-05
4.59488e-05
4.79553e-05
4.75958e-05
4.74713e-05
4.58088e-05
4.33575e-05
4.13962e-05
4.05873e-05
4.06961e-05
4.01772e-05
3.91615e-05
3.85565e-05
3.82796e-05
3.86341e-05
3.97747e-05
4.11255e-05
4.24729e-05
4.3441e-05
4.39961e-05
4.44898e-05
4.4951e-05
4.53494e-05
3.66441e-05
1.79619e-06
5.89721e-07
1.74692e-06
5.91214e-07
)
;
    }
    wall
    {
        type            calculated;
        value           uniform 0;
    }
    empty_zmin
    {
        type            empty;
    }
    empty_zmax
    {
        type            empty;
    }
    procBoundary1to0
    {
        type            processor;
        value           nonuniform List<scalar> 
39
(
-9.66281e-05
-9.45786e-05
-9.34217e-05
-9.29418e-05
-9.17253e-05
-9.16834e-05
-9.17954e-05
-9.21691e-05
-4.6224e-05
-3.4122e-05
-4.53375e-05
-3.43838e-06
-1.33057e-06
-9.20708e-05
-9.29583e-05
-9.60844e-05
-9.52244e-05
-9.64539e-05
-9.94551e-05
-4.62612e-05
-4.70515e-05
1.29021e-06
-5.05437e-05
-3.5828e-05
3.23086e-06
1.14549e-06
-3.90794e-05
-5.09582e-05
-5.34769e-05
1.12917e-06
-3.40201e-07
-3.60964e-05
1.99593e-06
-4.90381e-05
-5.23067e-05
-4.70595e-05
-4.70987e-05
-4.24861e-06
-1.76189e-06
)
;
    }
}


// ************************************************************************* //
