/*--------------------------------*- C++ -*----------------------------------*\
| =========                 |                                                 |
| \\      /  F ield         | OpenFOAM: The Open Source CFD Toolbox           |
|  \\    /   O peration     | Version:  2406                                  |
|   \\  /    A nd           | Website:  www.openfoam.com                      |
|    \\/     M anipulation  |                                                 |
\*---------------------------------------------------------------------------*/
FoamFile
{
    version     2.0;
    format      ascii;
    arch        "LSB;label=32;scalar=64";
    class       volScalarField;
    location    "3.26";
    object      initialResidual:p;
}
// * * * * * * * * * * * * * * * * * * * * * * * * * * * * * * * * * * * * * //

dimensions      [0 0 0 0 0 0 0];

internalField   nonuniform List<scalar> 
2284
(
-3.52733e-10
3.90232e-10
1.6378e-10
-8.19998e-11
-7.57513e-11
-6.50078e-10
3.71361e-10
-1.90041e-10
-9.42564e-11
4.68158e-10
-4.68787e-10
-6.34696e-10
7.82795e-11
-9.08243e-11
-9.94383e-11
-3.30165e-11
-9.7256e-12
-3.46775e-10
-3.90093e-12
1.1959e-11
-8.28565e-12
-3.57683e-13
8.35353e-12
-1.10866e-11
3.21962e-12
8.38908e-13
-6.05598e-12
-2.55612e-11
-4.41583e-12
2.23204e-11
5.3413e-11
-2.0861e-12
6.88915e-11
-4.57435e-11
3.68985e-11
-1.2704e-11
-9.44729e-11
-2.73291e-11
-1.10369e-13
-3.03743e-12
1.18388e-11
2.61402e-11
2.01282e-11
1.62923e-11
7.03089e-12
1.81633e-12
-3.69176e-11
1.68014e-11
-1.54313e-11
3.69975e-11
1.6789e-10
-1.61749e-11
-2.89177e-12
1.6706e-11
-5.15441e-12
-2.17394e-11
-1.58548e-12
-3.31967e-11
-5.10392e-11
4.45844e-12
-1.34993e-11
3.57319e-11
-2.21862e-11
-3.91175e-11
-1.99641e-10
7.462e-11
1.00324e-11
-5.51788e-12
-9.03317e-12
1.37974e-11
-3.52224e-11
3.60919e-11
4.66656e-12
-2.28935e-12
-1.58605e-10
3.36503e-11
1.45094e-10
3.34397e-11
-3.77603e-11
5.26273e-12
1.49545e-13
-7.93313e-13
4.11366e-13
-2.27558e-12
-6.9155e-12
1.09557e-11
-1.61203e-11
-1.35075e-11
-5.43715e-12
-1.66407e-12
2.64478e-12
-2.63468e-12
-2.68816e-12
4.37682e-12
-2.50633e-12
-1.52858e-11
-7.85299e-12
-2.3711e-11
4.50804e-12
7.12683e-12
-3.25166e-12
-1.81885e-11
-6.29414e-11
4.75829e-11
5.16332e-11
5.20767e-12
-5.779e-11
1.17963e-10
8.34475e-12
-3.45928e-12
-8.67183e-12
7.65024e-11
1.22063e-10
-1.66024e-10
-6.45906e-11
3.21388e-11
-1.51964e-11
3.11948e-12
-2.29015e-11
8.73106e-12
7.26476e-11
-1.30871e-11
-4.22959e-12
-3.25303e-12
-3.78577e-11
7.76274e-11
1.84281e-12
-4.58286e-11
-2.03701e-11
1.22265e-11
-1.61608e-12
-6.67737e-11
-4.39343e-12
8.31094e-12
8.38244e-12
-6.33859e-11
1.04356e-13
5.21654e-11
-8.68923e-11
-2.10395e-11
3.01532e-11
3.76349e-11
5.66285e-11
2.20671e-11
-5.05603e-11
-1.23818e-11
4.06073e-11
-1.38176e-11
-5.39257e-11
-1.02411e-11
1.66477e-10
2.25495e-10
1.76373e-10
1.59272e-12
7.05088e-11
2.73642e-11
-7.55681e-12
2.61451e-11
1.26146e-11
-4.60621e-11
-1.1496e-11
8.58167e-11
8.23723e-11
-4.37833e-11
-7.18275e-11
-4.25606e-12
-4.48477e-11
-4.79957e-11
-1.05413e-11
6.76465e-11
-1.47442e-11
2.56748e-11
2.17771e-10
-1.77382e-10
-1.99561e-10
3.00369e-11
2.17685e-11
2.58569e-11
-3.24287e-13
-5.88977e-11
3.07147e-12
-3.30943e-11
-3.58742e-11
-6.66691e-12
-4.34803e-11
5.31965e-11
3.61346e-11
6.37865e-11
1.16253e-10
-3.11553e-12
-6.97684e-11
1.16993e-11
1.40895e-10
-1.53387e-11
-6.10098e-11
-2.91669e-11
-5.46137e-11
4.65194e-12
4.82056e-10
-8.86727e-11
-6.79274e-11
-3.53292e-11
3.53939e-11
2.03826e-11
2.86184e-12
-1.22048e-11
4.28317e-11
7.7072e-11
1.96957e-11
-1.82443e-10
9.28245e-11
-1.19618e-10
-1.46883e-10
3.72782e-11
6.1775e-11
2.79908e-11
-1.16026e-10
-1.59663e-10
9.25797e-11
2.34269e-11
2.82094e-11
1.95679e-11
-3.36337e-10
1.36418e-10
3.22847e-11
3.47734e-11
-1.75356e-10
-8.10763e-11
4.07138e-11
6.68961e-11
-2.08279e-11
6.33145e-12
2.72934e-10
-6.58458e-11
9.00714e-12
8.03709e-12
-3.07793e-10
-7.94997e-11
5.18063e-12
-5.18834e-12
-1.30218e-11
8.7143e-11
3.17036e-11
9.34561e-13
-1.90619e-13
2.3246e-11
-1.49502e-10
7.6221e-11
3.30493e-11
1.67916e-10
-1.07788e-10
-5.3159e-11
2.49976e-11
-4.05527e-10
2.43589e-10
-2.35223e-10
-1.23794e-10
2.32407e-10
-2.13611e-10
3.24125e-10
4.14894e-10
-1.65651e-10
2.82759e-11
-2.66445e-11
6.42396e-11
1.15034e-10
-1.73153e-10
5.35622e-11
3.98759e-13
-2.80308e-11
1.01838e-10
-1.42263e-10
-1.80489e-10
7.58556e-10
-3.92726e-11
2.44468e-10
-1.89011e-11
-2.75981e-11
1.93614e-10
3.09768e-10
-1.05642e-09
7.63934e-10
-9.50098e-12
-2.3742e-10
3.15548e-10
2.49787e-10
3.4114e-11
-2.66516e-11
-8.75682e-11
-2.85135e-10
-1.00651e-10
1.14487e-12
7.72764e-11
5.62077e-11
-9.26214e-11
-2.62204e-11
1.82563e-10
4.60561e-11
1.63735e-10
-5.05596e-11
2.4606e-11
1.3514e-10
9.7093e-12
-1.52586e-10
-8.03055e-11
-1.51984e-10
4.45357e-10
-2.3422e-10
-3.49077e-10
3.19343e-11
-5.56844e-11
1.26888e-10
-1.63794e-10
2.06186e-10
5.20738e-10
-7.99799e-11
-1.06944e-10
-4.34084e-11
-3.21672e-10
2.59164e-11
-2.60257e-11
-4.77229e-11
3.76933e-10
-4.16662e-10
5.46241e-11
-9.63676e-12
-2.53829e-10
-4.04759e-10
2.37642e-10
2.50173e-10
-2.39938e-10
3.79981e-10
-3.29345e-11
-3.45859e-10
4.42721e-12
-1.4063e-10
1.03158e-10
1.35238e-10
-2.45828e-10
-1.19997e-10
8.7991e-11
5.53624e-11
2.85687e-10
-4.94711e-11
3.88646e-11
6.50211e-11
-4.87455e-10
8.64255e-10
-1.77257e-10
1.88586e-11
1.45648e-10
7.83699e-10
-3.62375e-12
-2.31772e-10
-1.08456e-11
-5.05631e-10
2.04634e-11
4.41778e-10
-1.63769e-10
-1.41164e-10
3.14188e-10
-1.53996e-10
-1.4488e-10
4.63271e-12
-6.81072e-11
-3.16044e-11
5.65817e-10
-4.51645e-11
1.36302e-10
-6.98808e-12
8.56594e-10
-6.90175e-10
-3.87716e-10
-2.68084e-10
4.42375e-10
-7.46711e-10
-3.7895e-10
7.35024e-11
6.02026e-10
4.2651e-11
-6.70412e-10
-2.34119e-10
3.50182e-10
4.48786e-10
-1.17274e-10
-2.32523e-10
2.86874e-10
2.10389e-10
4.58551e-11
1.25445e-10
-5.13145e-10
1.88461e-10
-1.90466e-10
-6.47224e-11
7.56851e-11
1.86433e-09
2.32978e-10
1.32085e-10
-9.82969e-10
-1.91106e-10
1.09849e-09
2.03813e-10
-6.46313e-10
1.10951e-09
6.57681e-10
-1.07841e-09
1.23232e-11
2.04004e-10
-2.14988e-10
1.08437e-10
-1.40217e-10
-2.22808e-10
-1.009e-10
-5.6283e-11
1.94067e-10
-3.65326e-11
1.25153e-10
5.30236e-11
3.84182e-10
-2.31486e-09
-2.60948e-10
-2.10489e-10
1.49259e-09
9.83103e-10
1.27987e-10
-1.21583e-09
-3.90176e-10
-9.47822e-10
8.44279e-10
1.22379e-09
-6.51193e-10
-5.33024e-10
4.04733e-10
2.52616e-10
-4.80051e-13
4.9209e-11
1.80326e-10
-2.11081e-10
-2.89378e-10
-7.70526e-11
-5.61338e-11
-6.20043e-11
8.89545e-11
2.27861e-09
1.66191e-10
-9.95522e-11
-4.12053e-10
-3.90401e-10
-8.64398e-10
-6.11402e-11
8.0033e-10
-6.23436e-10
-1.07436e-09
2.92642e-10
6.93408e-10
3.37146e-10
-1.53309e-10
-3.88489e-10
6.75383e-11
1.67058e-10
-5.8645e-11
1.76418e-10
6.10418e-11
6.24375e-11
-7.02803e-13
-4.47986e-11
7.97259e-10
-2.15714e-09
3.33185e-10
1.36688e-10
-7.00217e-10
5.90252e-11
9.167e-10
8.80385e-10
-6.79959e-10
1.96992e-09
1.1909e-10
-1.65779e-09
1.7158e-10
-5.71517e-10
-1.49227e-10
1.11384e-10
-7.09706e-11
-2.24072e-10
-2.00328e-10
-2.86614e-11
8.05624e-11
2.68361e-11
4.42181e-11
-4.99248e-11
-3.55258e-10
6.01111e-10
-2.8388e-10
2.39175e-10
1.23617e-09
-1.22408e-09
-5.47311e-10
-1.36639e-10
-4.9165e-10
-8.35594e-10
3.5571e-10
9.15877e-10
8.64519e-11
1.98414e-10
1.4038e-10
8.42372e-11
5.79491e-11
6.05171e-11
1.76959e-10
-2.60788e-11
3.40839e-11
-1.93341e-10
-1.50528e-13
1.34809e-10
-1.68097e-10
5.33307e-10
-1.95424e-10
-4.01056e-10
-4.55874e-10
6.69116e-10
-2.22568e-10
-8.16945e-12
-4.57127e-11
6.63179e-11
3.56834e-12
5.54007e-11
1.16275e-11
1.51388e-10
-5.21981e-11
5.70236e-11
4.45726e-13
2.03434e-11
-1.6338e-11
-3.83768e-11
-4.36438e-11
-2.35801e-10
-1.58511e-10
4.2737e-11
5.7647e-11
3.41496e-11
-6.43355e-11
-9.41163e-11
-1.8584e-11
3.87622e-11
1.04096e-10
6.751e-11
-6.00677e-11
1.8109e-10
9.45187e-11
3.66004e-11
1.12419e-10
8.22211e-11
-2.04655e-11
5.92203e-11
4.52168e-11
5.18522e-11
-4.02059e-10
2.75738e-10
-4.89593e-11
-4.13204e-11
3.27862e-11
-3.49502e-11
-2.36914e-10
3.8782e-11
-2.05685e-12
8.41057e-13
3.80741e-12
-2.81482e-12
-2.6708e-12
5.92713e-12
3.48004e-11
2.59336e-12
-7.36037e-12
-1.09522e-12
2.15918e-12
5.37524e-12
7.09845e-11
-1.45347e-11
9.04636e-12
2.07281e-11
6.33401e-12
-1.6638e-11
-3.48771e-11
8.23475e-12
2.51534e-11
6.86105e-11
2.22949e-11
-7.70037e-10
4.78437e-11
4.00489e-10
4.55208e-11
-7.28741e-11
8.4978e-12
-2.1356e-11
-7.63485e-12
9.61576e-12
1.84644e-11
-5.34033e-12
-6.65087e-11
2.32593e-12
-4.01829e-11
2.91356e-11
1.86532e-11
7.19411e-11
3.92984e-11
-4.2058e-11
-2.02707e-11
-1.54299e-11
1.12721e-11
-1.18721e-11
4.92276e-12
-1.83458e-11
3.7812e-12
-5.38772e-11
7.49322e-11
1.29493e-11
2.57161e-11
-7.22978e-11
-2.92707e-11
2.59321e-11
5.05858e-12
3.9619e-11
4.18516e-11
-8.35467e-11
6.81163e-11
-3.37168e-11
-2.52605e-12
1.35104e-12
-5.92308e-12
3.13254e-12
-1.80893e-13
2.60548e-11
2.95883e-12
1.6312e-12
2.3347e-11
-3.47214e-12
7.11311e-12
-8.02559e-12
4.69796e-12
-1.7027e-11
-2.73097e-11
-6.79306e-12
-9.67246e-12
8.92127e-11
-5.465e-10
1.58384e-09
-4.87863e-11
-1.22423e-11
1.92637e-12
1.934e-12
1.68461e-11
-1.34184e-11
-8.60182e-11
-1.89402e-09
3.27302e-10
3.50783e-11
2.12725e-11
3.42805e-12
-2.44806e-11
-1.86408e-12
-1.14041e-11
2.09236e-12
2.13912e-10
-1.92477e-10
-1.63383e-11
-4.56687e-12
6.14234e-12
6.68051e-12
1.78644e-11
-1.34795e-11
-1.30091e-11
-6.36237e-11
-2.55436e-11
7.89672e-11
-1.08017e-11
7.47077e-12
1.55757e-11
-1.29972e-11
1.63602e-11
-4.49365e-11
1.13399e-10
-1.57966e-10
-9.81392e-11
1.21769e-10
-1.13087e-10
-5.95006e-11
-9.63611e-11
1.10667e-10
3.72605e-10
-6.30726e-11
6.63502e-11
4.81932e-12
-3.60371e-11
5.13221e-10
-2.1565e-10
5.19806e-11
-7.47458e-10
5.93666e-10
5.57928e-10
-6.19073e-10
1.19654e-10
-7.4432e-10
-9.69841e-11
-7.94922e-11
1.86471e-12
1.56746e-11
4.32517e-11
-4.76275e-10
9.09675e-10
3.46112e-11
-2.00552e-12
2.40041e-11
-4.41548e-11
5.13857e-11
-7.96779e-11
-4.37964e-10
-4.77853e-10
4.53857e-10
2.73221e-11
-1.97961e-11
2.09724e-10
9.40594e-11
4.88713e-11
-2.08636e-10
-7.24402e-11
-3.59433e-10
-6.97507e-11
2.21539e-11
-2.42797e-10
-8.83561e-11
-8.4117e-11
1.78017e-10
1.95166e-10
6.3185e-10
-6.23742e-11
-1.70193e-10
-7.70136e-11
-6.1166e-10
3.27879e-10
5.34807e-11
5.09337e-10
-6.23859e-10
-1.56089e-09
5.41619e-10
-5.88071e-10
-6.22777e-11
3.27981e-10
-4.79851e-10
4.92913e-11
-2.78498e-10
2.67129e-10
7.79833e-10
1.66185e-10
2.6879e-10
3.8671e-11
-3.85462e-10
5.72478e-10
3.03648e-11
5.16241e-10
-5.8343e-10
-8.34485e-10
-7.49726e-11
-7.30787e-11
1.80607e-12
2.79932e-10
7.24521e-11
-1.03142e-11
-1.48618e-10
-1.14349e-10
-4.6195e-10
-5.05288e-12
3.37725e-11
7.91957e-11
-7.7292e-11
-5.11094e-11
3.09781e-11
1.28934e-10
-6.26348e-11
1.06043e-11
-5.92466e-11
2.71839e-12
-7.22953e-11
2.38344e-11
-4.67448e-11
-2.06838e-11
3.19173e-10
1.40984e-10
4.4184e-10
3.57883e-11
2.67499e-11
7.25273e-11
2.9581e-11
8.71304e-11
-1.95059e-11
-2.38227e-10
-2.037e-10
4.34084e-12
-8.87265e-12
-1.15195e-10
6.21694e-11
8.40804e-11
6.94497e-11
-8.82228e-11
-4.47798e-11
-1.37705e-11
1.14081e-10
-2.94592e-11
2.11723e-11
-3.78127e-11
-4.58962e-12
1.30446e-11
7.92451e-11
7.5204e-13
-7.80747e-13
-5.96049e-12
2.89684e-13
1.52367e-12
1.80627e-12
1.31543e-11
-3.52101e-12
8.60199e-14
-1.59494e-12
-1.66098e-11
5.49813e-12
3.8304e-12
-9.78094e-13
1.32553e-11
-5.51141e-12
4.17225e-11
-8.67246e-12
-4.39031e-11
3.19262e-12
8.20095e-11
-2.47781e-11
-8.3954e-11
2.22867e-11
3.94022e-11
-6.46818e-12
5.94384e-11
-1.53917e-11
-4.08401e-11
4.57139e-12
1.75714e-12
1.03646e-12
3.03547e-12
-2.16391e-12
-1.40643e-11
1.96585e-12
2.04947e-11
-1.83576e-12
-3.82564e-12
-1.0178e-12
-1.08858e-11
5.50128e-13
8.09815e-12
1.49213e-12
3.00887e-12
-8.72634e-13
-1.37045e-11
-1.84409e-12
1.57223e-11
5.00675e-12
2.20068e-11
-1.77014e-11
-3.57386e-11
1.43976e-11
-5.03259e-12
4.96606e-12
1.62998e-11
-2.59076e-12
-4.52854e-11
1.06216e-11
6.79187e-12
2.14387e-12
3.31951e-11
-1.46028e-11
-1.51762e-11
2.71465e-12
4.06302e-11
-3.20346e-12
-6.06194e-11
1.20086e-11
2.32464e-11
-4.60833e-12
-1.57261e-11
4.90026e-12
-7.18866e-12
4.3382e-12
2.23239e-11
-7.52438e-12
-2.11986e-11
6.59563e-12
1.47156e-11
-4.10576e-12
-7.99516e-12
8.6171e-13
-3.94069e-12
1.22854e-12
1.47877e-11
-1.67486e-12
-7.9221e-12
-2.17127e-12
-5.34801e-12
3.04245e-12
2.29025e-11
4.5816e-12
-5.67336e-11
-2.0747e-12
1.05019e-10
-7.77495e-11
2.93556e-12
-5.3758e-13
-8.3216e-13
3.12491e-13
1.43584e-13
1.42849e-13
-4.80679e-12
7.97907e-13
5.43243e-12
-1.08983e-12
-3.87513e-12
1.17568e-12
7.97134e-12
-2.22969e-12
-7.35246e-12
1.69666e-12
4.40688e-13
-2.23149e-13
1.04867e-12
-4.672e-14
1.73756e-12
-3.68399e-13
2.15319e-12
7.18597e-13
-9.68982e-12
2.5127e-12
9.13995e-12
-1.76088e-12
-1.09121e-11
4.38276e-12
6.94823e-12
-2.28428e-12
-4.80671e-12
2.99708e-14
-8.4095e-12
1.59752e-12
5.52596e-12
-4.85893e-12
-7.29494e-12
-1.25971e-12
2.17143e-11
4.60694e-12
-1.73635e-12
4.44918e-13
4.5343e-12
-1.07429e-12
-4.33461e-12
1.29652e-12
-1.13506e-12
2.2681e-12
-3.9908e-14
-2.07261e-13
-5.68542e-12
2.35122e-12
1.14702e-11
-3.87877e-12
-3.36876e-12
1.63718e-12
2.35873e-12
-1.30512e-12
-4.61567e-12
1.38476e-12
1.80229e-13
-1.80964e-12
1.04184e-11
-1.42138e-12
-8.36729e-12
-2.23932e-13
-3.55998e-12
2.6747e-12
8.7089e-12
-2.56429e-12
-7.67688e-14
2.3602e-13
8.45378e-12
2.33449e-13
6.27121e-12
3.14507e-12
-2.8342e-11
2.7113e-12
-2.77953e-12
1.0804e-12
1.73601e-11
1.57582e-11
-4.78206e-13
-1.55844e-11
1.63038e-11
-2.25232e-11
-2.09043e-11
1.45704e-11
2.20149e-12
-5.21033e-11
-8.07462e-12
-1.37064e-11
3.76142e-12
-2.93643e-11
-3.48851e-11
-3.85057e-11
-1.77425e-11
2.5406e-13
3.07149e-12
-5.10136e-11
4.33213e-11
5.89805e-11
4.51849e-11
1.39793e-11
-1.22218e-11
9.98323e-12
9.02064e-12
-2.885e-11
-1.53106e-11
-2.82931e-12
2.02439e-11
3.16753e-13
2.07129e-12
-1.7776e-11
8.41249e-12
1.9434e-13
7.43652e-13
-1.06434e-12
-2.54723e-12
-2.0192e-12
-4.55643e-12
-7.25376e-12
2.01047e-11
2.25125e-12
-1.30458e-12
-4.06676e-12
2.54226e-12
-3.77764e-12
2.2473e-14
-1.48933e-12
1.07839e-12
1.56632e-12
-2.41321e-13
2.35335e-13
-2.10247e-13
4.26941e-13
-1.26663e-12
4.20749e-12
-5.26184e-13
3.90042e-13
-6.27109e-13
5.20381e-14
9.53384e-14
-2.30618e-13
1.15643e-13
-3.08837e-13
-2.19721e-13
5.57696e-13
1.30362e-12
-4.18017e-13
9.35893e-13
-1.04006e-12
-2.11655e-12
3.03107e-12
5.85807e-12
6.7169e-13
-8.80094e-13
-3.52927e-12
1.59914e-12
-3.08255e-13
2.70076e-12
-2.40481e-12
-6.67975e-14
3.45803e-13
-7.89924e-14
1.04346e-13
2.39195e-13
-1.72384e-13
3.93865e-15
4.36001e-13
2.88731e-13
-7.59618e-13
-2.27531e-12
5.18879e-13
7.72674e-13
-1.66246e-12
4.24866e-12
3.49758e-12
5.09644e-12
-2.75431e-12
-5.0233e-13
2.52087e-12
-1.75348e-12
5.74298e-14
3.96465e-13
-2.59222e-12
1.3888e-12
9.06459e-13
-1.79133e-13
5.86902e-13
-4.92068e-13
-3.51351e-13
4.7916e-13
9.35335e-14
-1.02083e-12
9.4379e-13
1.88506e-12
6.5498e-12
-2.7502e-12
5.51547e-12
-6.26361e-13
5.95748e-12
1.30336e-11
-1.22428e-11
-7.47078e-12
-3.95115e-12
4.22674e-13
-2.79921e-13
5.90537e-13
1.68811e-12
-5.23853e-13
-1.3131e-12
6.26373e-13
1.52563e-12
4.74764e-13
6.73803e-14
3.10088e-13
-1.94536e-12
2.73359e-12
-3.24064e-12
4.5891e-12
-1.30842e-11
8.49398e-12
-1.12749e-11
9.12468e-12
-1.61524e-11
-1.43336e-11
3.01532e-11
8.06973e-13
-4.04672e-12
-1.41025e-12
-1.30968e-12
-9.43316e-13
3.78475e-12
-2.35309e-12
-3.65383e-13
-1.2962e-13
-3.75773e-12
1.15748e-12
8.37808e-14
-3.11369e-13
1.65113e-12
3.17941e-13
-1.25375e-12
-1.23539e-12
-2.0498e-12
-1.99795e-12
2.94722e-11
-2.24851e-11
-3.57156e-12
-1.59544e-11
-1.33487e-11
1.74748e-11
1.49614e-11
-2.54505e-13
3.87144e-14
7.73395e-14
-1.12316e-12
2.19373e-12
6.0544e-13
2.65371e-14
1.03478e-12
-1.34557e-12
-2.93681e-14
6.76541e-13
5.07727e-13
-2.16427e-12
-2.21953e-12
1.46686e-12
5.39222e-13
-1.04639e-12
-4.75985e-12
-2.40438e-12
2.81934e-11
1.81881e-11
-8.09703e-12
-1.82357e-11
-1.92381e-11
8.8139e-13
8.71677e-13
1.2553e-14
1.58211e-12
-1.20089e-12
5.27326e-13
6.672e-13
5.08398e-13
9.88812e-13
-1.77142e-13
-1.6253e-12
-2.48253e-12
8.88247e-13
-1.02513e-12
1.18124e-12
-8.44307e-12
3.09776e-12
6.85023e-13
5.12172e-12
-1.62885e-11
-4.15976e-12
8.09716e-12
2.20847e-12
1.54936e-11
-3.55092e-13
4.79215e-13
2.26874e-12
-1.65056e-12
6.36986e-13
-1.46373e-13
-9.39393e-13
-7.12295e-13
-4.09051e-13
-6.99422e-13
1.50753e-12
2.25862e-12
1.02246e-12
7.29442e-12
-1.0707e-12
2.25765e-11
-5.94124e-12
1.99992e-12
-2.9103e-12
4.78824e-12
2.81863e-12
-1.67241e-11
-1.48741e-13
-1.31978e-11
8.7245e-12
-5.88573e-13
1.69244e-12
-4.62448e-12
-8.08291e-13
-1.92646e-12
1.13205e-12
1.33526e-12
5.85184e-13
1.4472e-12
-2.93446e-13
9.34627e-13
-1.26943e-12
-4.8234e-12
-3.0889e-12
-8.06128e-12
-7.48028e-13
-9.97944e-12
-7.80713e-13
-9.42673e-12
-7.7489e-12
3.36152e-11
4.6959e-11
-5.217e-11
2.85218e-11
-1.02418e-12
-1.34468e-12
5.01167e-13
1.13014e-13
2.4637e-12
-3.81688e-13
-1.48769e-12
2.49536e-13
-1.83426e-13
-3.53107e-13
-2.16266e-12
-3.91921e-13
-1.81765e-12
1.78054e-12
-5.26228e-13
1.07741e-12
8.83694e-12
7.90928e-12
5.8489e-12
2.47958e-13
-2.41663e-11
-3.49638e-11
-7.87914e-10
1.38792e-09
2.09782e-13
-4.55099e-12
5.56372e-12
1.90396e-12
-1.30647e-12
-1.36527e-13
1.08121e-12
-9.82296e-13
-7.98676e-13
8.96604e-13
3.65412e-13
4.19589e-14
4.76695e-12
2.26999e-12
1.40298e-12
-6.92498e-12
-9.08904e-12
-8.2944e-12
1.85923e-12
8.92665e-12
7.40184e-12
-3.35807e-11
-7.04017e-12
4.68061e-11
-2.67123e-13
1.12614e-12
-1.01869e-12
-2.5603e-12
7.99784e-13
9.38953e-13
-5.70696e-13
1.11975e-12
1.74305e-13
-2.18391e-12
1.37493e-13
-4.72504e-13
-3.04673e-12
-1.9224e-12
-1.09594e-11
1.05028e-11
6.47217e-12
6.69224e-12
-5.68325e-12
-1.5359e-11
-9.8826e-13
5.09709e-11
2.19189e-11
-6.99678e-12
-1.50368e-12
4.80906e-12
-3.8262e-12
1.83256e-12
-8.4064e-14
-7.2485e-13
5.49475e-13
-3.46842e-13
4.55592e-13
1.92493e-12
2.80101e-13
1.73453e-12
1.2478e-12
5.10147e-12
8.76292e-12
-1.03744e-12
-1.08136e-12
-8.14529e-13
9.49357e-12
2.13874e-11
-1.4562e-11
6.91596e-12
-4.91615e-12
6.73349e-12
-1.52421e-12
-1.9802e-12
-8.32803e-13
-1.02897e-12
-1.69064e-14
3.68913e-13
7.91329e-13
-1.04122e-14
2.67175e-13
1.4664e-12
6.39221e-13
-1.42377e-13
1.96505e-13
-5.80517e-12
-4.47353e-12
-5.27501e-12
-4.38938e-12
-3.72893e-12
-1.26061e-11
-2.5639e-11
1.73018e-11
-1.69368e-11
1.40984e-11
-8.15402e-12
-5.12276e-13
-4.96416e-12
-2.39117e-13
1.42524e-12
6.31403e-13
5.61499e-13
-1.61924e-12
6.66774e-13
-7.79658e-13
-2.99384e-12
-2.127e-12
-3.44025e-12
-2.63967e-12
-2.84019e-13
-7.12191e-12
2.65274e-12
1.74324e-12
-9.86087e-12
1.65424e-11
1.42072e-11
-7.27843e-12
-8.41136e-11
4.18155e-11
-9.62994e-12
1.22525e-11
-2.75243e-12
1.04987e-11
-7.44814e-13
-7.9567e-13
-6.95716e-13
8.90204e-13
-9.29214e-13
-1.72329e-13
2.62968e-13
6.70244e-13
2.48887e-12
8.23305e-13
4.77327e-12
9.332e-12
4.3196e-12
2.99738e-11
2.52601e-12
-3.84925e-11
1.68352e-11
1.40474e-12
1.7274e-11
6.18785e-12
1.1546e-11
2.30474e-12
3.18207e-12
-7.53319e-12
-8.23817e-13
6.05102e-13
3.14008e-13
6.38835e-13
-3.72605e-14
1.19658e-13
1.86534e-12
1.98567e-12
2.53231e-12
7.78914e-12
-7.98804e-13
2.7844e-12
5.53624e-12
-2.62437e-11
3.11233e-11
2.25364e-11
-4.90727e-11
-6.10973e-12
-1.0963e-11
-1.53393e-11
6.65846e-13
-5.88047e-12
4.42905e-12
-6.89233e-12
7.78066e-13
-1.23094e-12
5.88264e-13
-9.68202e-13
1.55455e-12
1.71054e-12
-3.33659e-13
-2.1306e-12
-4.17571e-12
-5.89203e-12
-7.26864e-12
-1.88443e-11
-1.50538e-11
-3.02128e-11
-4.54827e-11
-1.50938e-11
8.16921e-11
1.39234e-11
-4.85895e-12
3.12708e-11
-1.12536e-11
-2.44719e-12
-9.67219e-12
4.13729e-12
-1.24417e-12
1.5783e-12
-9.70487e-13
2.41622e-13
-1.14491e-12
-1.97146e-12
-1.21675e-12
1.21181e-12
3.67417e-13
-1.35147e-11
9.18878e-12
2.43917e-11
2.25134e-11
1.06265e-11
6.01146e-11
2.61752e-11
-2.84196e-11
-3.12098e-11
4.53118e-11
-2.9888e-11
1.06695e-11
-3.51946e-13
2.75679e-13
-9.44285e-14
1.60605e-12
4.33324e-12
5.72843e-13
-9.31333e-13
1.07392e-12
4.39123e-13
-2.18977e-12
2.42362e-13
1.36407e-13
2.30218e-12
2.59785e-12
-2.79471e-12
2.87137e-14
-1.14442e-12
2.13219e-13
2.1826e-13
-1.2421e-13
1.74656e-13
-6.45182e-14
-3.7311e-14
1.82882e-13
1.11965e-13
-1.51943e-13
9.79123e-14
8.59573e-14
1.50495e-13
7.94396e-13
7.70243e-14
-2.15224e-13
-7.85112e-13
1.96622e-13
-2.20419e-13
-1.65481e-13
-5.28193e-13
7.87632e-13
-2.38242e-13
-9.2388e-13
8.99463e-13
-5.94414e-13
-4.44946e-13
-9.88149e-13
3.69684e-12
9.23887e-14
-2.32027e-12
-2.66038e-12
9.45358e-13
-2.4926e-13
-4.10891e-13
2.56572e-13
-9.35916e-13
8.85977e-13
1.04662e-12
-1.10194e-13
-3.50834e-13
1.15155e-15
-1.36839e-12
-1.12622e-12
6.47903e-13
2.78207e-12
5.56632e-13
-5.91384e-13
-1.048e-12
1.48804e-13
-3.76141e-13
-3.5145e-12
5.47962e-13
1.91924e-12
3.77886e-12
5.7115e-13
-1.27061e-12
2.58576e-12
8.31099e-14
-3.66147e-13
-6.1137e-12
-3.9976e-13
1.41503e-12
-1.31469e-11
-1.00143e-12
6.821e-13
-8.46019e-11
7.8206e-13
-1.89687e-12
-4.74316e-10
1.69533e-12
-1.79358e-12
2.24665e-11
1.93875e-12
2.54012e-13
-7.95966e-12
-2.29294e-12
4.18024e-12
8.68424e-12
-1.32837e-12
-7.82977e-13
2.60268e-12
1.98452e-12
-2.37682e-12
-1.2068e-11
1.73091e-13
-2.46015e-13
-5.96875e-13
6.26359e-13
7.63809e-13
1.02892e-11
-3.73579e-13
-1.13381e-12
-1.56432e-11
1.4044e-12
5.02959e-14
1.78294e-11
-6.36443e-13
2.66904e-13
-2.27239e-13
-9.88317e-13
4.98829e-13
-1.54089e-12
-8.41824e-13
-3.36251e-13
-1.69692e-13
1.17583e-12
-6.66288e-13
1.35225e-12
3.74018e-13
1.76747e-13
-6.49638e-13
1.65251e-13
-2.53712e-14
9.73229e-14
2.02112e-13
-8.29048e-14
-1.45794e-13
-2.12549e-13
3.36006e-13
-2.1053e-13
2.96125e-13
-1.49221e-14
1.84374e-13
-1.32119e-13
1.27378e-14
-2.74589e-13
-3.83824e-13
2.15018e-13
3.688e-13
-1.84587e-13
3.7491e-13
-7.38754e-14
4.45778e-13
-1.90357e-12
-5.31929e-14
-3.45047e-13
1.36022e-12
-6.37638e-13
-1.36718e-12
-5.4741e-14
7.74877e-13
5.27121e-13
4.57234e-12
-4.20368e-12
-3.58035e-13
2.20362e-12
-6.87568e-14
2.03497e-12
-4.39892e-12
-3.01192e-12
-2.44825e-12
-1.00314e-11
7.58263e-12
-1.84067e-12
2.00851e-12
-1.16055e-12
-5.04669e-13
5.82675e-13
1.64764e-12
-2.386e-12
3.82134e-13
-1.20362e-14
-1.10831e-12
-1.97163e-13
3.11318e-12
2.7628e-12
2.26598e-13
6.8782e-13
6.97355e-13
-2.97289e-13
-1.35541e-12
-1.11032e-12
7.02308e-14
1.18182e-12
-6.53239e-13
-6.80406e-13
1.15785e-12
5.90813e-13
1.00535e-12
-5.42798e-13
-3.38221e-13
1.02837e-13
-9.52246e-13
-2.01269e-13
3.36304e-13
-3.23656e-13
-3.93268e-13
6.38244e-14
-1.09727e-12
2.61863e-14
1.41636e-13
-2.56377e-13
1.08127e-13
-2.83318e-13
-1.23561e-13
1.50834e-13
1.46435e-13
-5.04756e-13
-3.9316e-13
6.45564e-13
-4.60821e-13
1.88923e-12
8.49098e-13
-9.26781e-14
-6.38264e-13
1.09323e-12
-3.02784e-13
1.63107e-12
-1.76452e-12
8.12471e-13
-1.38571e-12
4.29154e-12
-4.64777e-12
3.35428e-12
-6.77238e-12
1.06493e-12
-2.59383e-12
-6.70011e-12
-3.27701e-12
-9.85122e-13
-1.00416e-12
9.15508e-12
-5.97294e-12
8.67283e-12
-9.98577e-12
-3.09426e-13
-2.65863e-12
7.75976e-12
-1.13169e-14
1.47069e-12
-6.82322e-13
-4.29148e-12
2.67265e-12
-3.60119e-12
-7.18062e-13
-5.61878e-13
-1.03405e-12
2.24385e-13
-1.10158e-12
-8.96499e-13
3.81885e-12
-2.72684e-12
-3.75844e-12
2.40373e-13
1.42144e-12
2.40819e-12
-7.06611e-13
-5.14492e-13
1.04371e-12
2.82552e-12
1.64099e-12
5.03346e-12
-1.39886e-12
-9.63851e-13
-2.34989e-13
1.30465e-12
5.42687e-13
6.37467e-13
-1.6276e-12
-1.0915e-12
3.12023e-12
9.08801e-13
7.68104e-13
-2.06702e-14
-1.17832e-12
-6.39822e-13
-8.31917e-14
-7.3531e-14
-6.20378e-13
-1.09703e-11
1.47897e-13
-6.64114e-13
-7.12479e-13
-1.46508e-13
8.00695e-14
-1.34932e-12
-5.9683e-12
2.83051e-12
1.91706e-11
-1.02185e-13
2.80052e-13
9.01711e-13
1.49088e-12
-9.33335e-13
-2.24273e-12
5.0478e-12
-1.69996e-12
-2.95625e-12
1.16135e-12
-1.44942e-13
1.20445e-12
1.05878e-12
-8.60565e-13
-1.11854e-12
-9.2032e-11
-1.32647e-09
1.58674e-09
-6.76923e-13
1.50702e-12
6.96661e-13
-2.87432e-13
1.00998e-12
4.56259e-12
-6.50982e-10
3.60803e-10
1.05201e-10
-8.50483e-13
2.34076e-13
-1.0003e-13
3.73527e-13
3.12304e-13
2.57079e-12
-6.34994e-11
-1.65174e-11
-3.12303e-12
-7.8342e-13
1.70204e-12
5.93768e-13
4.18064e-13
-2.49339e-12
-4.52841e-12
-2.06699e-11
9.44602e-12
2.57822e-11
-1.99335e-12
3.38264e-12
-3.10915e-12
3.84268e-13
6.32443e-14
-5.58327e-13
-1.0454e-11
-1.45406e-11
-1.35543e-11
3.4918e-12
-6.25737e-12
3.18972e-12
-2.81467e-14
5.80154e-12
-2.20111e-12
1.46844e-11
-6.86905e-12
4.06307e-12
4.50209e-12
3.45312e-12
-1.68922e-12
-5.24898e-12
-4.59486e-12
1.14696e-11
6.52856e-13
3.90631e-12
1.97977e-11
-2.42544e-11
-1.15421e-12
-4.40253e-12
1.02476e-11
-3.35781e-12
5.20379e-12
-3.41811e-11
5.77345e-12
3.60597e-11
4.88192e-12
-3.47489e-12
1.33019e-12
2.33716e-12
2.6968e-13
-1.38835e-11
-4.70375e-12
-1.02771e-11
-6.44853e-12
6.37237e-12
3.77262e-12
5.12121e-12
-2.92156e-12
4.37596e-12
-1.25053e-12
-4.28755e-12
-1.42878e-12
1.97324e-11
-3.37382e-12
1.73031e-12
-2.39281e-12
6.09062e-12
-2.99646e-13
5.25749e-12
2.07781e-11
-6.04909e-12
-1.06499e-11
7.26612e-12
-5.74676e-13
1.26045e-11
1.7688e-12
5.83633e-13
1.16863e-12
7.83696e-13
-6.71314e-13
-8.02811e-12
4.22352e-11
-1.84571e-11
-2.7676e-12
-2.8003e-13
-3.05304e-13
-6.74852e-13
1.63251e-12
-2.46054e-12
1.93972e-12
8.31002e-13
-2.36584e-13
3.65686e-12
3.70067e-12
-2.82352e-12
7.6173e-12
-5.71146e-13
-3.48386e-11
1.7236e-12
-2.5411e-12
7.63222e-12
7.45227e-12
-6.18637e-12
-1.63716e-11
-7.26526e-14
-3.76568e-14
-6.61263e-13
-4.40395e-13
4.46104e-13
7.25682e-14
7.77027e-13
-5.34725e-14
-2.71614e-13
8.85072e-14
-1.57266e-12
2.9629e-13
-2.37174e-13
-7.73779e-14
-9.03754e-13
2.09011e-13
-6.58287e-13
2.46682e-13
4.71591e-12
-6.90835e-13
9.80385e-13
6.38598e-13
9.00377e-13
-9.1256e-13
-4.71522e-12
1.71791e-12
-6.33693e-13
-4.89269e-13
3.46521e-12
-1.72327e-12
2.25126e-12
2.30043e-13
-2.48398e-12
9.30595e-13
6.80922e-12
-4.09854e-12
-2.04986e-12
3.05705e-12
1.81155e-13
-1.34056e-13
1.60137e-13
4.88144e-13
1.06851e-13
-8.4253e-15
-4.99057e-13
2.06302e-13
-1.51083e-12
-2.41888e-13
2.5872e-13
1.65545e-13
1.98647e-12
1.76199e-13
6.13868e-13
-8.08412e-13
-8.27192e-13
-6.21281e-13
1.25118e-12
1.02759e-12
-2.25257e-12
-2.14987e-13
3.73685e-13
-2.4826e-13
-1.45115e-12
-1.1367e-13
3.68676e-12
-3.21531e-13
5.42899e-12
-1.12686e-12
-4.94713e-13
-2.71196e-13
-3.13838e-12
4.49077e-13
9.77066e-12
-2.66173e-12
-1.21894e-11
3.0618e-12
1.66656e-11
-5.39664e-12
1.40786e-13
-7.485e-14
-3.9375e-13
-2.0199e-13
5.34457e-13
1.48064e-13
5.78523e-13
1.8718e-13
-1.25496e-12
-4.22169e-14
6.65507e-13
1.83852e-13
4.71759e-13
-1.03575e-13
2.3553e-13
5.78541e-15
1.6471e-14
-7.57372e-15
-2.89346e-13
7.01273e-14
1.49147e-14
6.16655e-14
7.75476e-13
1.03205e-14
3.32658e-13
-1.93717e-13
-2.23172e-12
3.13914e-13
5.5096e-13
-8.36186e-14
1.06171e-12
-1.93283e-13
-1.72683e-12
5.67754e-13
1.23364e-12
-4.4794e-13
-5.55638e-13
2.99007e-13
-1.12928e-14
-2.32394e-14
1.34402e-13
2.067e-13
-1.07009e-13
-1.29529e-14
-2.72158e-13
-2.632e-14
1.49599e-13
-1.56257e-13
5.94779e-14
3.68493e-13
-1.96973e-13
-2.0933e-14
-1.96135e-13
6.72594e-15
4.46553e-13
5.62254e-14
4.75305e-13
5.76092e-15
2.92478e-13
-3.75016e-14
-3.18402e-13
-2.28071e-14
-8.59394e-13
1.16096e-13
1.03127e-12
-8.18707e-14
-2.29669e-13
2.12678e-13
1.59957e-14
-1.72125e-13
-3.26358e-13
-2.93028e-14
3.21721e-13
5.39533e-14
-1.26598e-12
2.38254e-13
1.20522e-12
-3.50802e-13
-9.96508e-13
1.77149e-13
7.36394e-13
-3.34729e-13
1.95364e-13
1.45572e-13
-2.0205e-12
5.42802e-13
2.78651e-10
-2.3861e-10
2.49498e-10
4.81921e-10
-6.77458e-10
1.43505e-10
-8.53979e-10
2.10082e-09
2.54182e-10
8.73445e-11
-7.88535e-11
5.38306e-11
-8.81602e-10
1.6602e-09
-7.72647e-10
3.64067e-11
1.95217e-10
7.2875e-10
4.23009e-10
1.40631e-10
-4.82082e-11
-2.6498e-09
-3.44848e-10
-1.0314e-10
-1.52471e-10
1.87271e-10
4.53347e-10
-6.36819e-11
5.61378e-10
1.42291e-11
1.07966e-10
-3.87105e-10
-8.99724e-10
1.71565e-10
8.35671e-10
8.09736e-10
-2.71872e-10
-8.13521e-10
-2.36319e-09
5.37427e-11
6.077e-11
-2.12431e-10
6.08525e-11
-4.73889e-11
3.77232e-10
-1.13099e-09
1.44326e-10
1.53434e-09
4.31821e-10
-2.68926e-10
3.91162e-10
3.93309e-10
6.42026e-10
4.15752e-11
-1.79461e-10
4.80661e-12
-3.13846e-12
2.65371e-10
5.73095e-12
3.7232e-11
2.20885e-10
5.45416e-10
-5.46524e-11
1.49548e-10
2.53053e-10
6.50172e-11
-7.10337e-10
1.30837e-09
-1.04217e-10
-1.55061e-11
1.04846e-09
-8.55708e-10
3.95756e-10
-6.47705e-11
-2.83187e-10
1.2595e-10
-1.48763e-11
2.08488e-10
-7.45405e-11
-2.45545e-10
5.0758e-11
-1.40475e-10
-1.67089e-10
4.00091e-10
-2.50943e-10
8.34667e-11
-6.54271e-11
1.01529e-12
-7.8198e-10
1.56109e-11
1.66905e-11
2.74568e-11
6.73679e-10
1.76661e-10
-2.24491e-10
7.21955e-11
3.6524e-10
-3.49829e-10
8.89346e-11
2.979e-11
-8.79001e-11
-1.71734e-10
7.92083e-11
-2.18837e-10
1.19706e-10
3.41963e-11
5.15631e-11
-3.51717e-10
-5.03239e-10
-1.62367e-10
1.53375e-10
-1.69746e-10
2.21048e-10
-4.31518e-10
-4.14327e-11
-1.08951e-10
-9.98887e-11
-3.4624e-11
5.76827e-11
-2.3707e-10
3.65501e-10
2.04404e-10
-2.82757e-10
5.32538e-10
2.10209e-10
-2.72651e-10
-4.78945e-10
-6.55079e-11
8.6054e-10
6.41194e-10
-7.9388e-11
-2.06284e-11
9.73984e-10
4.58633e-10
2.1859e-10
-9.70605e-11
1.72418e-10
-2.0965e-11
2.12248e-10
-2.73308e-10
2.13891e-10
1.20686e-10
-6.69498e-10
-2.23831e-11
-3.57228e-10
2.17494e-09
-4.22473e-10
4.50667e-10
-1.45646e-10
2.01244e-10
9.24032e-11
6.60793e-11
4.2649e-11
-3.01625e-10
-1.30909e-10
4.58399e-11
1.70628e-10
-1.50361e-12
4.39306e-12
-1.48731e-11
8.72647e-12
4.35407e-11
-2.0361e-11
2.26959e-11
-8.12853e-12
-2.55631e-11
6.94562e-12
8.98665e-11
-2.01122e-12
-6.66213e-11
-3.34462e-12
-1.11081e-09
3.53706e-10
-1.50179e-11
2.53803e-10
7.19172e-10
-1.01309e-09
-3.52805e-10
-6.89846e-10
2.90292e-10
-4.46515e-10
)
;

boundaryField
{
    inlet
    {
        type            zeroGradient;
    }
    outlet
    {
        type            zeroGradient;
    }
    wall
    {
        type            zeroGradient;
    }
    empty_zmin
    {
        type            empty;
    }
    empty_zmax
    {
        type            empty;
    }
    procBoundary0to1
    {
        type            processor;
        value           nonuniform List<scalar> 
39
(
-6.12141e-10
5.26963e-10
7.95177e-09
1.07121e-10
-5.37417e-11
-6.93182e-11
-1.11298e-11
7.58477e-11
1.0875e-10
-4.33606e-11
-3.77585e-12
-6.0087e-12
-2.22615e-12
5.93195e-10
-2.81322e-10
-1.45527e-09
-1.47393e-09
-1.00421e-09
-7.83536e-10
5.69795e-11
4.74328e-11
5.93195e-10
-7.21003e-10
3.16269e-10
8.42298e-10
-1.00346e-09
-7.29999e-10
-1.08355e-09
-1.08355e-09
-1.71305e-09
1.33214e-09
-3.2688e-11
-5.52148e-11
9.30084e-10
-2.44968e-10
1.07716e-12
1.88867e-10
-7.08241e-11
1.19519e-11
)
;
    }
}


// ************************************************************************* //
