/*--------------------------------*- C++ -*----------------------------------*\
| =========                 |                                                 |
| \\      /  F ield         | OpenFOAM: The Open Source CFD Toolbox           |
|  \\    /   O peration     | Version:  2406                                  |
|   \\  /    A nd           | Website:  www.openfoam.com                      |
|    \\/     M anipulation  |                                                 |
\*---------------------------------------------------------------------------*/
FoamFile
{
    version     2.0;
    format      ascii;
    arch        "LSB;label=32;scalar=64";
    class       volScalarField;
    location    "1.99";
    object      initialResidual:p;
}
// * * * * * * * * * * * * * * * * * * * * * * * * * * * * * * * * * * * * * //

dimensions      [0 0 0 0 0 0 0];

internalField   nonuniform List<scalar> 
2284
(
-5.8281e-10
2.56587e-10
-2.70496e-10
-2.21251e-10
3.42036e-11
3.98899e-10
3.76267e-10
-2.97764e-11
-3.97374e-10
-2.82342e-11
2.21983e-10
1.25414e-10
-1.04689e-10
2.32491e-10
-1.64021e-10
-7.36593e-11
1.39339e-10
-1.8002e-10
3.43586e-10
2.70798e-10
-1.22799e-11
-8.40721e-12
7.19819e-12
1.28635e-11
-3.61223e-12
-5.09553e-12
-1.38263e-11
-1.24982e-11
7.77821e-12
1.55704e-11
-2.66861e-13
9.01251e-12
3.71923e-11
-3.38755e-11
-2.51837e-11
-4.23593e-11
6.27061e-11
3.25823e-11
2.46062e-11
2.28491e-12
1.99567e-11
2.58072e-11
-5.56055e-12
1.71014e-11
-1.20394e-11
-2.32067e-11
2.4639e-11
-3.29145e-11
6.69989e-11
4.32404e-11
-1.68141e-10
-1.94564e-12
-1.43681e-11
5.5405e-12
5.01271e-11
3.73124e-12
-3.95925e-11
-1.45372e-11
9.37558e-12
7.26197e-12
-7.21843e-11
5.68325e-11
-1.47895e-11
-2.6506e-11
1.69863e-10
-1.60866e-11
3.67352e-11
7.41865e-12
1.52096e-11
-3.49906e-11
6.78531e-11
-1.00904e-10
-1.49196e-11
1.14869e-10
1.51436e-11
5.24009e-12
-2.54981e-10
4.86247e-11
3.13557e-11
-3.24039e-12
-8.65787e-13
-2.32252e-13
-5.09433e-12
-1.48594e-12
-2.6121e-13
-1.4911e-11
1.63854e-11
2.94428e-11
-4.68538e-13
-3.34562e-13
-3.27212e-12
5.44023e-12
-5.23009e-13
-5.42201e-13
-1.4517e-11
-6.21428e-12
3.82795e-11
-8.58506e-12
-3.29326e-12
-4.39652e-12
3.89645e-12
6.22598e-12
3.08358e-13
4.34089e-12
1.50722e-11
2.08388e-11
3.42904e-12
7.22503e-12
-9.71488e-12
3.86355e-12
6.34851e-13
-3.60756e-11
3.25864e-11
5.27386e-11
-2.10771e-11
-3.98021e-11
-5.27582e-11
-4.99388e-11
2.72083e-11
5.99678e-12
-3.90626e-12
-8.58886e-11
1.3522e-10
1.27388e-10
-1.30563e-10
-2.86589e-11
-7.35914e-11
2.62546e-13
5.64369e-11
-3.71682e-11
2.27726e-11
-2.37756e-11
1.73576e-11
-2.58759e-12
-2.99846e-12
2.14891e-11
-8.19462e-11
-5.80975e-11
5.20792e-11
2.69427e-11
1.41616e-11
3.15745e-11
-3.50736e-11
5.13403e-12
1.42861e-11
7.33716e-11
-1.00175e-10
-1.18873e-10
1.29871e-10
4.26169e-11
-9.08636e-11
-7.16751e-12
-6.24476e-11
4.7612e-12
-5.48506e-12
-2.0237e-10
-5.09265e-11
-4.38165e-11
3.69758e-11
5.17266e-13
3.74913e-11
2.67211e-11
-4.15641e-11
-1.19553e-11
1.70667e-11
1.45445e-11
5.79363e-11
4.61809e-11
4.65838e-13
-1.35888e-11
-3.02428e-11
3.53734e-12
-1.20315e-11
-8.00988e-11
2.60723e-10
-3.17934e-10
2.91494e-11
-2.42825e-11
-1.37864e-10
1.38347e-10
4.84852e-11
7.36664e-11
1.00288e-11
1.40894e-11
6.13894e-11
-7.61829e-11
1.11318e-11
2.36495e-11
-9.77377e-11
-4.90439e-12
-8.95885e-12
-7.12765e-11
-5.03066e-11
-2.79895e-11
3.4287e-11
9.57448e-11
-4.53626e-11
1.05473e-09
-1.12908e-09
1.3251e-10
7.98018e-12
9.27127e-12
-6.04147e-11
2.21135e-10
-5.81415e-11
-9.89154e-11
-1.70523e-11
-5.88892e-11
-8.23552e-11
7.93502e-11
5.18132e-11
1.07922e-10
-1.22443e-11
-8.17327e-11
6.24146e-12
-1.54138e-11
5.87154e-12
1.17963e-10
-1.15712e-11
-1.20852e-10
5.05746e-11
-2.81627e-11
9.14549e-12
-2.33297e-11
-7.40888e-11
7.15362e-11
-5.91918e-10
-6.9847e-11
2.63246e-11
-1.26464e-10
4.10649e-12
1.41657e-10
6.16144e-11
5.90811e-11
-9.33374e-11
-1.35116e-10
1.81504e-10
1.16417e-10
1.47638e-11
4.08178e-11
5.04391e-11
-1.20174e-10
-3.49879e-11
4.14619e-11
-3.5265e-13
-6.31842e-11
7.7075e-11
5.86669e-12
1.03588e-10
6.52908e-11
-1.22662e-10
-5.15235e-10
-3.13742e-11
2.67082e-10
1.84552e-10
-2.58844e-10
-5.20161e-11
-2.11203e-11
6.32541e-12
8.67321e-11
-9.24946e-11
-2.00529e-10
2.77871e-11
1.51447e-11
-6.48128e-11
1.38821e-11
3.61633e-11
-6.77682e-11
-1.32655e-11
1.37248e-10
1.1267e-09
4.44064e-11
1.0977e-10
1.06663e-11
-1.10156e-10
2.39515e-11
-2.28497e-11
-2.91929e-11
-1.13147e-10
-2.87393e-12
-9.97523e-11
-5.69524e-12
1.02083e-10
1.18457e-10
-6.46671e-11
-6.30347e-11
-9.19265e-11
1.56336e-11
6.10129e-11
1.04014e-10
1.68977e-11
1.01055e-10
-3.00051e-12
-1.50552e-10
-1.11394e-09
3.16231e-11
2.99522e-11
-1.1851e-10
-2.82615e-10
1.53712e-09
-4.8791e-11
-1.48514e-10
-2.90644e-11
1.06397e-10
2.7303e-10
2.41304e-11
-2.80866e-10
-1.18848e-10
2.7831e-10
2.12244e-10
-4.74856e-11
-6.7327e-11
8.59182e-11
-1.39617e-10
-2.27725e-10
-7.13616e-12
7.19332e-12
2.22697e-11
-3.74089e-11
6.57106e-11
5.10959e-11
1.25145e-10
1.09493e-09
-1.74186e-09
1.19505e-10
2.48412e-10
2.47961e-10
2.19547e-10
-1.73377e-10
-4.21447e-10
4.40143e-10
-5.05548e-10
-3.93082e-10
3.84262e-10
1.00483e-10
2.58673e-11
-7.67807e-11
-1.37548e-10
4.0322e-10
-1.4139e-12
-4.576e-11
7.53043e-12
7.02871e-11
1.31458e-10
-1.40959e-10
3.64804e-12
2.54364e-10
2.23875e-09
-2.3559e-11
-3.91681e-10
1.29492e-11
-7.45938e-10
-1.80522e-10
3.59825e-10
1.873e-10
6.22134e-10
4.35951e-11
-6.18353e-10
-9.61753e-11
1.78304e-10
4.36817e-11
2.2579e-10
-6.69414e-12
-5.60551e-11
8.83127e-11
1.21632e-10
-4.42084e-11
-1.71637e-10
3.25109e-11
8.78051e-11
1.26795e-09
-2.37171e-09
-2.43731e-10
4.93881e-10
-1.77905e-10
1.94545e-10
6.39164e-10
-1.39161e-10
-4.13359e-10
4.90033e-09
-4.86792e-09
2.81421e-10
-1.4028e-10
-6.25087e-10
-3.38607e-11
3.14468e-11
-4.38152e-10
4.86504e-11
-1.53637e-10
-1.01616e-10
3.29399e-11
-2.93651e-11
-5.61829e-11
-8.2818e-11
3.16923e-10
1.28126e-09
-1.81057e-10
2.55486e-10
6.00113e-10
2.95768e-11
-8.85281e-10
-2.84949e-10
2.9246e-10
-4.84093e-10
-2.02327e-10
4.00518e-10
5.10447e-10
7.71094e-10
-1.94532e-10
-2.76506e-10
3.40614e-10
2.97753e-11
3.38898e-11
-1.69825e-10
1.40662e-11
2.79462e-11
1.03581e-10
2.5588e-10
3.41326e-10
-2.44266e-09
4.47461e-10
7.79636e-10
-1.26077e-09
-2.16399e-09
6.37692e-10
1.28725e-09
3.43862e-10
8.56511e-10
-1.54744e-10
-1.28956e-09
-9.24318e-11
6.33875e-10
3.06376e-10
-4.27172e-10
5.7026e-11
-1.95796e-10
1.08971e-10
1.40049e-10
2.66795e-11
-1.09675e-10
5.63753e-13
-1.47511e-10
-1.03617e-09
8.42483e-10
-1.79417e-10
-1.27956e-09
1.86207e-09
1.39239e-09
5.0084e-10
-4.66773e-10
-1.00864e-09
2.6379e-10
3.96518e-10
2.68822e-10
7.34781e-11
-1.35944e-09
-2.89035e-10
6.52863e-10
-1.80381e-10
1.47841e-10
3.62296e-11
-4.38883e-11
-6.20711e-11
2.17378e-10
-1.37287e-10
-1.54061e-10
1.00903e-10
2.26153e-09
5.96933e-10
-8.76108e-10
3.81128e-10
1.74675e-09
-8.69289e-10
-1.40871e-09
8.10148e-10
-1.59039e-09
-3.22563e-10
1.41798e-09
-2.6069e-10
1.08051e-10
2.71708e-10
-4.89193e-11
1.10987e-10
4.33637e-11
-1.39845e-10
2.46316e-11
2.6274e-11
-1.73037e-10
1.10283e-10
2.08367e-10
4.49446e-10
-1.00494e-09
-2.73553e-10
3.2524e-10
-2.68223e-09
-7.63818e-10
1.16613e-09
-1.26962e-10
1.2489e-09
3.74203e-10
-3.07585e-10
-5.40626e-10
-2.93793e-10
4.36872e-10
2.80768e-10
-1.89893e-11
-9.06139e-11
-4.09756e-11
2.99718e-10
1.14397e-11
-6.38621e-11
-2.11237e-12
-7.57918e-11
6.40358e-11
-3.25502e-11
-6.96276e-10
-4.87701e-10
8.61284e-10
1.57358e-09
-1.02377e-09
-2.82731e-10
-2.41369e-10
5.69281e-11
-8.88103e-11
-2.78076e-10
1.06726e-10
5.03059e-11
1.65754e-11
2.69382e-11
-6.79697e-11
1.5027e-10
4.36027e-11
4.15359e-12
-2.46062e-10
-1.78311e-10
-1.59047e-11
-1.35462e-10
2.04361e-11
1.64263e-10
2.86137e-10
-1.32524e-10
1.79505e-10
3.72392e-10
8.93796e-11
3.03737e-11
2.51007e-11
-7.39123e-11
1.74795e-10
-1.37766e-10
-1.85114e-10
-2.06806e-11
-1.64435e-10
-2.58632e-11
2.28499e-11
-1.07329e-10
8.27661e-11
-4.51807e-11
-3.52854e-11
5.06756e-11
1.32016e-10
-5.16957e-12
-6.4034e-11
-6.97594e-11
-6.75225e-12
3.51472e-12
-2.694e-12
2.27373e-12
5.3702e-12
-3.9699e-12
1.96167e-12
7.79402e-12
6.91072e-12
-5.38036e-12
3.43872e-11
2.94148e-12
4.06201e-12
-4.51184e-11
-1.83422e-11
2.66684e-12
7.40593e-11
2.80016e-11
-1.74604e-11
-3.10341e-11
-1.68664e-11
-1.25846e-11
-5.41058e-11
-3.66841e-11
8.22793e-11
-6.06472e-11
-1.60198e-11
-2.29956e-11
-2.1908e-11
3.31584e-11
-3.52779e-11
4.09987e-11
-9.51443e-11
9.20568e-11
1.98222e-11
-1.583e-11
-2.37838e-11
3.23071e-11
3.29779e-12
-4.06455e-12
-7.97798e-11
6.82954e-11
-2.57345e-11
8.52679e-11
4.11976e-11
-2.5044e-11
-1.11228e-10
-7.33397e-11
1.36101e-10
1.55536e-10
-1.43694e-10
7.63764e-11
-3.20961e-11
8.57261e-11
-2.48062e-10
-3.87051e-11
2.15127e-10
-5.17751e-11
5.98454e-11
-1.23037e-11
-1.48338e-11
-2.17995e-12
8.52985e-12
-4.13187e-14
5.85818e-13
-2.55529e-13
-9.57282e-14
-2.41984e-11
-1.46974e-11
-6.94403e-12
-3.94839e-12
2.24265e-12
1.45621e-11
7.71357e-12
-5.32103e-11
1.85811e-11
-1.65827e-11
1.53874e-11
1.13614e-11
-1.02869e-11
-1.51022e-11
1.6093e-10
-1.53716e-10
-2.19637e-11
2.09499e-12
1.36178e-12
1.97037e-12
-1.42671e-11
-6.39473e-13
1.53737e-11
1.51202e-11
1.39604e-10
9.8029e-11
-7.11809e-12
3.29889e-12
5.25768e-12
1.53277e-11
2.71293e-11
1.34303e-10
-7.68593e-10
5.42388e-10
3.07435e-11
4.06135e-12
-4.99701e-13
1.55833e-11
-3.60475e-11
8.90657e-11
-2.28744e-11
1.53611e-10
-2.44355e-11
2.87892e-12
1.5136e-11
2.00713e-11
-3.96298e-11
2.63656e-11
-3.11725e-10
2.80989e-10
-8.89454e-11
1.89413e-10
7.95709e-11
-3.26737e-11
1.88704e-11
-4.83001e-11
-1.74643e-10
3.99334e-11
5.17285e-10
-2.57183e-11
-1.69769e-10
-1.0386e-10
4.08222e-11
-1.35612e-10
-5.63929e-11
1.02722e-10
-1.02217e-10
1.02708e-09
-4.60597e-10
3.46947e-10
-1.01268e-10
-1.72445e-10
1.88385e-10
-2.15488e-11
1.4516e-10
-1.53305e-10
-5.36477e-10
1.01253e-10
-2.36676e-10
-5.35917e-12
9.1783e-11
-2.70984e-10
2.12313e-10
-1.50792e-10
3.02771e-11
1.84993e-10
2.5944e-10
1.16859e-10
8.98964e-12
-2.53501e-10
2.54053e-10
-1.21057e-10
2.9626e-10
-1.65948e-10
-1.14085e-09
1.3047e-10
-2.85033e-10
-4.24325e-11
9.24456e-11
3.29523e-11
-5.44852e-12
-1.32805e-10
-2.02977e-10
-7.54231e-10
2.34408e-10
-1.14774e-10
2.7313e-11
-4.07985e-10
2.51388e-10
-5.31749e-11
7.08727e-10
-2.02051e-10
-7.38132e-10
1.46946e-11
1.87883e-10
1.10654e-10
1.26916e-10
1.5595e-10
-1.28951e-10
-8.56379e-11
-3.16665e-10
-1.42878e-10
-2.43683e-10
3.33729e-11
-6.87673e-11
-4.67013e-10
5.57505e-12
1.57439e-10
1.47658e-10
3.63761e-10
1.65979e-09
-2.53533e-11
2.19006e-10
8.16583e-11
-1.78969e-11
-2.81295e-11
2.33852e-11
-5.66139e-10
-6.08763e-11
-5.24652e-10
-9.06144e-11
-2.88204e-10
-6.67046e-11
1.73417e-10
-1.40756e-10
-3.29062e-11
-2.77729e-10
-4.11293e-11
-2.82718e-10
2.04928e-10
1.23361e-11
5.03895e-11
-2.02866e-10
1.16495e-10
-1.42498e-11
5.59461e-10
2.92919e-11
-5.59651e-11
-8.20533e-13
-3.15613e-11
9.72585e-11
2.15962e-10
4.84844e-11
-1.35049e-10
-2.74923e-10
-4.10303e-10
-8.41836e-11
9.36102e-12
1.06395e-12
-7.44536e-11
3.26133e-13
3.51585e-11
8.821e-11
-1.52351e-11
-1.19621e-11
1.02687e-10
-5.83315e-12
-1.2937e-11
-2.50791e-11
4.98178e-11
-1.47037e-11
9.29746e-11
3.14897e-13
1.97729e-12
1.80536e-12
-1.06423e-12
-1.85506e-11
1.70711e-12
-2.32405e-11
6.16949e-12
1.67619e-11
-1.9489e-12
8.48984e-13
-3.04839e-12
1.04643e-11
4.77289e-12
-2.37091e-11
8.55182e-13
3.72141e-11
-1.44816e-11
-3.95343e-12
2.8339e-12
-2.60349e-11
-1.10813e-11
8.63619e-11
-2.54707e-11
-2.10266e-10
5.94351e-11
5.38481e-11
-5.01961e-12
-3.33368e-11
6.25191e-12
-3.15059e-13
-2.54892e-12
2.03603e-11
-5.84205e-13
-9.40302e-12
-1.89593e-12
-1.27712e-11
5.23333e-12
2.21807e-11
-3.63595e-12
-4.12468e-11
3.37009e-12
3.86288e-11
2.01424e-12
-1.15119e-11
-6.59306e-12
9.17587e-12
3.04962e-12
1.7751e-11
-1.96315e-12
-4.11264e-11
-1.34037e-12
1.00421e-11
5.54445e-12
-5.90191e-12
2.45165e-12
-2.09312e-11
4.04638e-12
2.94653e-11
-1.7535e-12
-4.22436e-11
7.33487e-12
1.60862e-11
7.43427e-13
1.87293e-11
-8.4158e-12
-1.26296e-11
-4.02917e-12
7.58943e-11
-2.33294e-12
-6.49713e-11
8.40335e-12
2.84217e-11
1.81917e-12
-1.43235e-11
2.1075e-12
-6.59068e-12
-2.14138e-12
1.4551e-11
8.67955e-14
-3.74076e-12
2.15449e-12
4.31033e-12
-5.11689e-12
-9.77462e-12
8.2838e-12
6.8508e-12
-4.98448e-12
-3.5815e-11
4.07235e-12
1.67433e-11
4.57103e-12
-7.85207e-13
-4.00565e-12
-2.90701e-12
4.34165e-12
1.82902e-11
-4.04079e-12
-3.20491e-12
3.23555e-13
6.35836e-12
-1.85285e-12
-4.51448e-12
1.17739e-12
3.29024e-12
-7.21327e-13
-1.12634e-12
6.00493e-13
-9.14256e-14
5.51198e-13
1.53074e-12
-9.78907e-13
-1.61149e-11
5.61771e-12
2.36014e-11
-7.05237e-12
1.13066e-11
-3.28215e-12
-8.30749e-12
6.93816e-13
-3.69239e-12
-3.48622e-13
2.05136e-11
-5.03853e-12
-4.588e-12
-2.36793e-12
7.47853e-12
-2.2908e-13
-6.43685e-12
4.0537e-12
1.20004e-12
3.02825e-12
-7.39833e-12
-4.79915e-13
-8.78526e-12
-8.81459e-12
-4.21871e-12
3.16531e-13
5.62494e-11
1.17587e-11
-1.41713e-12
-1.51151e-13
-8.26518e-13
7.34605e-13
-5.88708e-12
1.59822e-12
6.19499e-12
-2.20313e-12
-5.30536e-12
1.73687e-12
1.81196e-11
-5.30727e-12
-1.18546e-11
2.12824e-12
-9.07286e-12
1.47863e-12
5.68174e-12
-5.76866e-13
2.19957e-12
1.71872e-13
1.80479e-12
-6.37832e-13
-1.17266e-12
5.01069e-12
-4.85929e-12
6.30646e-13
-1.91416e-11
4.36084e-12
-1.56761e-12
-4.20888e-12
2.29699e-11
-5.60526e-12
-1.49478e-11
9.21693e-12
1.80822e-11
5.5089e-12
-2.9255e-11
-4.91582e-12
-9.60954e-12
-1.13548e-11
-1.7365e-12
-2.28044e-12
-1.34034e-12
-1.64513e-11
1.976e-11
6.25511e-14
5.6905e-12
-3.22939e-11
4.80726e-12
4.04752e-12
-1.49698e-11
-2.84503e-11
-1.3648e-12
-5.7002e-12
-3.29512e-11
1.89981e-11
-3.4653e-11
-1.49621e-11
2.06801e-11
2.22787e-11
1.32999e-11
5.72928e-11
-1.58735e-11
4.1284e-12
-1.95642e-11
-3.4181e-11
-2.38376e-11
4.44537e-11
1.98612e-11
-3.6477e-11
1.61352e-11
1.4774e-11
9.77696e-12
-6.80939e-12
1.82556e-11
-7.84512e-12
-3.56854e-12
-1.2975e-11
-4.24889e-12
3.47307e-11
2.56415e-11
1.33107e-11
-2.97872e-11
-8.8358e-12
-1.09014e-12
6.9693e-12
-1.24123e-12
5.05422e-11
-1.71429e-11
-3.03059e-12
8.91113e-13
-4.96274e-12
1.15086e-12
1.67465e-12
3.88148e-13
-7.82064e-13
1.87265e-13
2.26516e-13
-2.00062e-13
3.0386e-13
8.13241e-13
-2.59328e-13
-1.8045e-13
6.33813e-14
3.32057e-13
-8.89071e-14
-5.78399e-13
-2.07575e-13
2.98416e-13
-4.60057e-13
-5.89387e-13
7.96753e-13
-2.32545e-13
1.76411e-12
1.42749e-12
6.43475e-14
3.72362e-12
-5.71352e-12
5.56741e-12
5.43744e-13
5.13987e-13
2.83368e-13
6.1662e-13
-6.27469e-13
9.26915e-14
7.11595e-13
-3.89583e-13
-6.38922e-13
-3.71064e-13
7.28721e-13
-1.51074e-13
2.72712e-13
-1.39094e-12
-2.494e-12
-1.18979e-12
1.45191e-12
-1.05031e-13
6.58345e-13
1.70514e-11
7.14921e-12
-6.3062e-12
-2.19156e-13
-4.58629e-13
6.24546e-13
-3.47996e-13
9.092e-13
-5.39102e-13
1.83507e-13
-5.46778e-13
2.10874e-13
8.27955e-13
2.93146e-13
5.14237e-13
6.76252e-13
-1.19331e-12
-5.56215e-12
-2.03094e-12
-4.00061e-13
3.31627e-13
4.16774e-12
-2.28798e-12
1.81978e-12
-1.82173e-11
-2.05605e-12
2.73489e-11
4.9627e-12
-3.02728e-12
-8.22432e-13
-8.82298e-14
-2.14351e-12
2.89476e-12
1.13585e-12
-4.50351e-13
5.49606e-13
-2.00205e-12
-1.27823e-12
-7.0123e-13
-1.71542e-12
1.32076e-12
-2.6206e-12
3.73422e-12
5.60551e-12
2.93276e-12
-1.73853e-12
-7.0749e-12
9.59337e-11
-5.45329e-11
-2.10681e-11
-3.41298e-11
5.59099e-12
9.4068e-15
2.72931e-13
5.55861e-13
1.83052e-12
-1.47339e-12
-3.02085e-12
2.95046e-12
-1.91983e-12
1.80094e-12
7.74831e-13
1.82279e-12
9.48122e-13
2.08219e-12
7.77451e-12
1.38321e-12
-5.33214e-12
-7.28494e-12
-2.65688e-13
9.6212e-12
-8.99955e-12
3.59375e-12
2.14045e-11
-1.1443e-11
-9.21222e-12
-4.52812e-12
-7.88982e-13
4.32365e-14
-1.73691e-13
-1.6554e-12
7.42508e-13
-1.55182e-12
1.04596e-12
2.03632e-12
1.27674e-12
2.64439e-13
2.75187e-13
-2.27369e-12
-6.15693e-12
-4.3899e-12
1.74305e-13
1.54601e-12
4.08072e-12
-1.5065e-13
-1.07577e-11
-2.61898e-11
6.16671e-12
3.23732e-11
1.66103e-11
-4.38933e-12
6.23879e-13
7.86932e-13
-7.04155e-13
3.02134e-12
1.60474e-12
6.28333e-13
5.29246e-13
-3.3849e-12
-2.56369e-12
-1.60181e-12
-1.68297e-12
1.1342e-12
4.45975e-12
5.71345e-12
-4.55027e-13
1.53652e-12
-5.18191e-12
-1.06874e-11
1.11182e-11
1.61853e-11
-6.9402e-12
-9.0947e-12
-1.23684e-11
1.08958e-11
2.01484e-13
-1.26253e-13
3.47854e-13
-2.28788e-12
-1.36173e-12
-3.30981e-13
-2.86327e-12
1.60384e-12
1.43665e-12
1.32826e-12
2.38896e-12
3.27473e-13
-9.23914e-12
4.26534e-12
-4.49472e-12
-3.21232e-12
1.14493e-12
6.50766e-12
-3.26653e-12
-1.35189e-11
-1.25079e-12
7.52402e-12
-6.52143e-12
5.56517e-12
-6.17188e-13
-1.42511e-13
-1.65639e-12
1.5577e-12
6.97213e-13
1.57699e-14
3.05333e-12
1.70724e-13
2.80645e-13
-1.51053e-12
-2.86198e-12
-6.32281e-13
-3.46196e-14
5.69434e-12
5.62517e-12
5.9157e-12
2.92504e-12
-1.43722e-12
1.00178e-11
1.76407e-11
-4.28362e-12
-3.46766e-11
5.11431e-12
-8.48439e-12
1.72596e-13
-2.79259e-12
2.62729e-12
2.31607e-13
5.80137e-14
1.33599e-12
-2.11348e-13
-9.01751e-13
-1.7253e-12
6.93628e-13
1.16319e-12
2.13856e-12
5.25479e-12
-2.78813e-12
-3.88108e-12
-8.68468e-12
1.33473e-12
-3.68817e-12
-9.5538e-12
-9.81774e-12
6.81227e-12
3.71787e-11
-4.3997e-12
-7.46688e-13
1.24128e-12
-1.25838e-13
1.77826e-12
-7.53479e-13
-3.58703e-13
-2.22345e-12
-2.8764e-12
3.92693e-13
1.44778e-12
5.31215e-14
1.13286e-12
-1.61017e-12
-5.60191e-12
-2.11816e-12
-1.26439e-13
3.02725e-12
6.79505e-13
6.28559e-12
1.51215e-12
-5.21397e-12
-1.10388e-11
-1.34544e-12
-2.30685e-12
-2.61399e-12
-3.54778e-13
3.62111e-12
-1.68489e-12
7.65297e-13
-5.88263e-13
1.96626e-12
2.72167e-12
-1.53493e-13
-3.71724e-13
-2.18776e-13
-2.01255e-12
-8.96437e-13
2.1774e-12
8.36949e-13
4.99285e-13
-7.81048e-13
-6.76531e-12
-1.08507e-11
-7.92911e-13
1.62561e-11
1.34971e-11
-6.19287e-12
-1.83827e-12
1.80833e-12
-3.83045e-12
2.67938e-12
-2.08102e-12
-1.4392e-12
1.7177e-12
-9.47184e-13
-1.30446e-12
-3.79932e-14
-1.02287e-12
-7.41174e-13
-2.94079e-13
4.02044e-14
-7.60234e-13
7.6865e-14
-7.6078e-13
6.22002e-13
1.03118e-11
1.26442e-11
3.81498e-12
-1.43026e-11
-2.05258e-11
2.08989e-11
1.14608e-11
5.87253e-12
6.94195e-14
-5.02328e-12
3.73927e-12
3.17077e-12
-1.58502e-12
-7.37171e-13
-1.38971e-12
-1.29191e-12
-2.13836e-13
-3.34738e-13
7.59072e-14
1.54615e-12
1.55259e-12
3.57849e-12
4.79209e-12
3.22159e-12
-4.00336e-12
-9.37286e-12
-3.88519e-12
1.05688e-11
1.79129e-11
-5.79721e-11
4.63115e-12
-3.69353e-13
-1.76958e-12
-8.97599e-12
2.40263e-13
-4.61846e-12
-1.48516e-13
1.09632e-12
2.15417e-12
1.85242e-12
1.217e-12
2.25168e-12
2.27309e-12
-2.11636e-13
8.70006e-13
-5.35547e-12
-5.38025e-12
-6.88715e-12
-6.49291e-12
1.27482e-12
3.37962e-12
-2.0127e-11
2.31649e-11
1.12579e-11
2.70444e-11
-3.13737e-12
2.56841e-13
2.53295e-12
-4.90621e-12
3.35522e-12
7.03785e-13
-5.96326e-13
-8.05419e-13
-4.82392e-13
5.50403e-13
-1.46741e-12
-1.65455e-12
-1.55062e-12
-1.253e-12
2.81271e-12
-4.27466e-13
5.66091e-12
8.9819e-12
4.56256e-12
1.26288e-11
1.65072e-11
-5.18924e-11
-3.87771e-11
-7.46508e-12
6.55228e-12
-2.47328e-12
-5.796e-12
5.57078e-12
-1.97912e-12
7.64915e-13
4.60205e-13
-5.36825e-13
-1.20022e-12
-1.76664e-12
-1.55814e-13
-9.42705e-13
1.33346e-12
-3.70495e-12
6.82914e-14
3.92039e-12
-5.58302e-12
-4.75188e-12
-5.75022e-12
-3.71152e-11
1.36223e-11
5.13196e-11
-1.67985e-12
2.49358e-11
-6.8025e-12
3.25652e-12
1.41852e-12
1.94077e-12
5.48715e-13
-2.33204e-13
-1.47393e-12
6.76912e-13
1.50029e-12
-2.88544e-13
8.48471e-14
4.6039e-13
-1.16579e-12
4.41241e-12
-3.48094e-12
-4.57989e-12
4.21584e-12
-1.94659e-12
5.85601e-12
2.47413e-11
1.28549e-11
-6.90854e-11
7.77569e-11
-3.64258e-12
8.31082e-12
1.67783e-12
-4.78255e-12
-4.71888e-11
-6.21559e-13
-5.73352e-12
1.09084e-12
-8.60086e-13
-1.28084e-12
9.00881e-13
-3.51342e-13
1.42345e-12
-5.34724e-12
1.2207e-12
6.72864e-12
1.7466e-11
2.44745e-13
1.00833e-11
-9.51594e-12
-1.26628e-11
-2.44526e-11
6.70587e-11
-1.34292e-10
-7.99611e-12
5.78858e-14
5.94015e-13
7.53616e-13
-3.28159e-12
7.6797e-12
-8.4653e-13
1.4725e-12
1.6834e-12
1.00644e-12
5.44059e-14
2.04693e-13
5.75804e-13
-4.84193e-13
-5.89228e-14
2.19729e-14
4.31341e-13
-3.348e-13
6.93985e-13
-1.43425e-13
-2.76513e-14
3.23851e-13
2.70071e-13
-2.07928e-14
9.57432e-14
-1.81345e-13
-1.74685e-13
-1.59528e-13
-2.06109e-13
1.3166e-13
-2.42611e-13
-4.23908e-14
5.41607e-14
2.62835e-13
8.56024e-14
-1.115e-13
2.37151e-13
4.78009e-13
2.57914e-13
-6.77633e-14
-7.45195e-13
2.35573e-13
-2.04514e-13
-5.13865e-13
1.00741e-13
7.06646e-13
-6.80608e-13
-1.24784e-12
1.82242e-12
1.59229e-12
-1.64971e-13
4.2576e-13
9.71362e-13
-6.98393e-12
2.10609e-12
2.38704e-12
3.71411e-12
-5.2136e-12
-3.31636e-13
2.86822e-13
4.73743e-13
4.62149e-13
-2.26901e-13
1.37719e-12
1.81048e-13
1.31293e-13
3.42193e-12
8.44923e-13
-2.53337e-14
3.90246e-12
-6.63412e-13
3.61515e-13
1.15578e-12
8.10798e-13
-4.25403e-13
-5.02017e-12
1.93019e-13
-2.78167e-13
1.10856e-12
-1.05535e-12
1.54818e-12
-1.82717e-12
-7.74385e-13
8.01877e-13
3.36854e-12
1.39486e-13
-1.77373e-12
1.31169e-12
1.40459e-12
-1.30097e-12
-1.43019e-12
1.11969e-12
-1.07023e-12
-1.80841e-12
1.4067e-14
3.44606e-12
-2.34248e-12
-3.08544e-12
1.51706e-12
-8.8358e-13
-5.50222e-13
-6.94892e-13
6.92281e-12
2.40522e-12
-3.51518e-12
-4.04895e-12
1.81164e-12
1.20437e-12
-6.68215e-12
-1.11509e-12
6.78951e-13
6.55643e-12
2.01012e-13
-2.79328e-13
6.47653e-12
-3.40943e-13
6.05675e-13
1.18724e-12
1.25699e-12
-5.4221e-13
-1.96872e-13
6.06658e-13
-3.36012e-13
-7.68259e-13
-2.49902e-13
7.77022e-13
-2.60666e-13
-4.67965e-14
-1.9959e-13
7.95083e-13
-3.42654e-13
-4.77846e-13
1.93536e-13
-4.95293e-13
3.73187e-13
1.0246e-13
-3.81429e-14
-5.49655e-14
2.78932e-13
5.47585e-14
-8.02913e-14
-3.47455e-13
1.32023e-13
-5.67722e-13
-1.41775e-13
-5.36962e-13
6.13162e-13
-1.05717e-12
-5.62242e-13
-2.79124e-13
-3.72065e-14
3.27181e-13
7.80955e-13
-1.61196e-12
-3.38549e-13
2.96674e-13
-3.29082e-13
6.91051e-13
1.15114e-12
2.36443e-13
2.9701e-13
-5.62195e-13
5.0164e-13
2.24151e-13
-4.5753e-13
-5.83168e-13
-2.07789e-12
-2.21494e-12
1.83356e-12
-4.72836e-12
-1.04725e-11
5.23461e-12
-2.60867e-12
-1.13515e-11
2.25705e-11
1.40678e-12
-4.24163e-12
-1.57077e-12
6.8339e-12
3.05276e-12
-7.76722e-13
-2.49605e-12
-2.61193e-12
1.58491e-12
2.75397e-13
-6.8976e-13
-1.04629e-12
-2.91339e-13
7.27246e-13
3.4914e-13
9.73562e-13
7.87823e-13
2.55284e-13
2.71551e-13
-1.0467e-13
-1.60209e-12
-1.81214e-13
-7.2145e-13
4.19503e-13
3.63013e-13
5.4954e-13
5.21534e-13
-5.81754e-13
-4.13879e-13
-9.05826e-13
-6.3909e-14
9.45226e-14
9.73716e-13
-1.39692e-13
9.62396e-13
-4.7423e-14
-2.4011e-13
-2.48421e-13
-3.35677e-13
-3.34987e-13
4.69617e-13
-4.37371e-13
4.62464e-13
3.39928e-13
-2.58615e-13
-2.93404e-14
1.68973e-12
1.86212e-12
1.74908e-12
9.32368e-13
-1.16692e-12
1.5338e-12
-7.2482e-13
-5.23003e-13
6.66134e-13
-1.56706e-12
-1.14172e-12
-1.48021e-12
-2.89837e-13
4.6235e-13
-7.44711e-15
1.93361e-12
-3.42504e-14
-1.59196e-11
-1.0614e-12
-6.25746e-13
-7.20961e-12
1.25654e-11
1.52191e-12
-2.55708e-12
-7.22241e-13
-1.03129e-11
-5.14263e-12
5.6479e-12
-2.36657e-12
6.93599e-12
-7.11955e-12
2.6141e-13
4.75058e-13
2.28228e-13
6.6498e-13
-9.39517e-13
-9.69418e-14
6.72378e-13
-6.47493e-13
1.98348e-12
-2.48699e-12
-4.74802e-13
4.47089e-13
5.79965e-13
1.93126e-12
-5.78058e-13
-4.93022e-13
-1.31601e-12
-7.10365e-15
-8.57199e-12
8.76992e-13
-6.58808e-13
7.66213e-14
-1.41615e-12
-4.52807e-13
-2.15249e-13
-1.04964e-12
9.07712e-13
7.35128e-13
-3.95256e-13
3.91235e-13
-6.05559e-14
2.10835e-12
1.65915e-12
2.23711e-13
-6.10612e-13
8.162e-12
1.18782e-11
1.01827e-12
6.07348e-14
-5.71591e-14
-1.84086e-12
-2.15949e-12
-7.74364e-13
-6.73791e-12
-1.11174e-11
-1.16463e-11
-8.44491e-13
-8.72941e-14
3.78183e-13
1.62397e-12
4.74458e-13
7.38286e-13
2.4871e-13
-1.13891e-12
1.8334e-11
-2.41998e-13
1.40818e-12
8.55605e-13
2.38644e-12
-1.01474e-12
1.509e-12
1.19086e-11
2.70198e-12
-1.19107e-11
7.82641e-13
-1.80616e-12
-9.69112e-13
-2.00584e-12
1.7736e-13
1.33628e-12
-8.01462e-12
2.31709e-12
6.6422e-12
1.15736e-12
-2.04993e-12
1.39741e-13
7.37502e-13
2.05313e-12
-2.33098e-13
2.95813e-13
1.51164e-12
-2.52776e-12
-1.54487e-14
2.99734e-12
1.64778e-12
-1.84847e-12
-3.99414e-12
-4.73968e-12
2.60211e-12
-3.89873e-12
-3.87845e-12
-3.31061e-12
6.83761e-12
-3.67242e-12
5.49242e-12
-1.19335e-12
-2.39184e-13
4.46403e-13
-2.75436e-11
1.18064e-11
3.59875e-13
-6.02699e-13
5.50314e-12
3.76686e-13
-8.94158e-14
1.29061e-12
-1.71989e-12
-3.41265e-13
1.50964e-11
7.43301e-12
2.15815e-12
-4.3144e-12
9.16905e-12
5.60432e-12
-2.20079e-11
-6.43972e-12
-1.12132e-11
2.03369e-11
4.98195e-12
1.20712e-11
3.662e-12
-1.91566e-12
7.6818e-12
-2.51608e-11
-5.19032e-12
6.35203e-12
-3.4054e-13
2.79665e-12
2.65881e-12
-2.90464e-12
3.01055e-12
-3.00093e-12
3.65885e-12
-6.89972e-12
4.67181e-12
1.93895e-11
-6.35839e-13
-1.26026e-12
-3.90246e-12
-7.81548e-13
-4.27433e-12
1.5843e-12
-2.24102e-12
-4.09139e-11
-6.3175e-12
5.35586e-13
8.40878e-13
2.9146e-12
1.60391e-11
8.82612e-11
-1.92491e-11
4.51433e-11
8.65222e-12
3.20359e-13
-5.36791e-12
-3.51466e-11
-9.32796e-12
-5.29971e-12
6.44384e-12
-2.91161e-13
8.80322e-13
-3.26079e-13
-7.48704e-12
5.92576e-12
-2.29285e-11
1.3342e-11
1.04966e-12
2.45768e-13
2.03036e-13
1.98103e-12
7.99851e-13
-2.18737e-12
-7.0525e-13
7.4526e-12
2.15575e-12
-4.92971e-12
9.79181e-12
-1.10583e-11
4.26466e-12
1.2561e-11
3.35262e-12
7.73722e-12
-2.07672e-11
-2.15668e-12
-5.20712e-12
6.05223e-12
-1.52403e-13
1.81285e-14
1.10852e-12
2.9193e-13
-1.22222e-12
-2.33293e-13
-1.11759e-12
-1.80305e-13
-3.64798e-13
-2.17351e-13
2.61657e-13
-4.45389e-13
-1.57549e-12
8.09397e-13
3.09822e-12
4.48252e-14
-3.44726e-13
-5.06024e-13
-9.04846e-13
-3.81145e-15
-1.64058e-12
-1.26581e-13
4.74928e-13
-5.82778e-14
7.29353e-13
-6.73637e-14
1.15183e-12
-4.14504e-13
-3.95696e-13
5.91791e-14
2.49262e-13
2.21668e-13
-1.19183e-13
-4.74695e-13
2.83607e-12
7.99542e-13
2.45666e-13
7.25569e-13
6.76097e-13
-2.21434e-13
-7.98557e-13
-2.49529e-13
4.09381e-13
1.07674e-13
1.17404e-12
1.26901e-13
1.55933e-12
3.60576e-13
1.24854e-13
6.45817e-14
-1.33189e-12
-5.63257e-13
-4.74232e-13
4.17772e-13
-2.39617e-12
-9.49551e-14
4.23809e-13
4.57191e-13
2.20678e-12
-6.79155e-14
-7.26092e-14
1.2281e-13
-4.48562e-13
3.06173e-13
3.91602e-14
-5.28113e-13
-2.72406e-12
3.83604e-13
2.46574e-13
2.98551e-13
2.35854e-12
-7.43377e-13
-3.25002e-12
6.5602e-13
-5.61883e-12
1.02561e-12
4.17496e-12
-6.79643e-13
3.0202e-14
4.74167e-14
1.94336e-13
1.25311e-13
4.36634e-14
2.59948e-14
2.31347e-13
1.52251e-13
-5.48618e-13
-1.52431e-13
2.002e-13
1.41192e-13
1.66956e-13
-1.38373e-14
-4.78526e-14
1.88143e-14
3.19412e-13
-7.27926e-14
-2.85817e-13
1.27915e-14
-1.10094e-13
5.38582e-14
1.23255e-13
5.70169e-14
1.20162e-12
-2.4684e-13
-5.17141e-13
-9.67389e-15
-3.24007e-13
-4.58434e-14
3.97677e-13
3.37182e-15
-5.62904e-13
3.76601e-13
2.01582e-15
-6.12356e-15
-9.3143e-13
2.73433e-13
1.65154e-13
3.31866e-14
1.25151e-13
-7.11128e-14
4.24908e-14
-2.20646e-14
9.11703e-14
-3.08998e-14
2.74964e-13
1.03243e-14
-2.75454e-13
9.84539e-14
1.62523e-13
-2.92298e-14
4.68485e-14
-5.04472e-14
3.21815e-14
1.37248e-13
2.26829e-13
4.50422e-14
1.89803e-13
-5.20231e-14
6.69875e-14
-4.85638e-14
-8.05155e-13
8.28591e-14
-1.01456e-12
2.39908e-13
9.51733e-13
-8.47097e-14
4.01743e-13
-1.04129e-13
-9.05888e-14
-1.8818e-13
-5.23049e-13
1.36264e-13
4.34838e-13
-5.58524e-14
-4.47746e-13
1.33843e-13
1.91695e-12
-4.37822e-13
-5.06321e-13
6.82872e-14
-4.26644e-13
-7.94264e-14
1.11507e-12
-2.35299e-13
-9.85223e-10
9.00305e-10
-7.69156e-10
4.70372e-11
5.45622e-10
-4.38283e-10
5.04287e-10
1.20901e-09
2.44395e-10
-4.35529e-11
1.37963e-10
-4.40539e-10
2.79225e-10
-8.97689e-10
1.96182e-10
1.32744e-10
1.02732e-10
6.2885e-10
-3.97976e-11
-1.25495e-10
-8.45026e-10
-4.32625e-10
-1.82932e-10
1.31828e-10
9.37942e-11
1.18137e-10
2.97852e-10
-1.04519e-09
2.15655e-09
6.79738e-11
-8.90496e-11
-5.80479e-10
-3.33557e-10
1.32903e-10
2.03804e-10
3.32136e-10
-3.14428e-11
-3.78329e-10
-4.1664e-09
8.81794e-11
-1.09949e-11
-1.31923e-10
1.18867e-10
1.55469e-10
2.27568e-10
-3.6855e-10
1.7554e-09
-5.84226e-10
-3.48051e-10
-2.27267e-09
2.57298e-09
5.86793e-10
-3.80901e-10
1.18897e-10
5.60834e-11
-2.31324e-10
8.56497e-12
9.45086e-11
-5.49657e-10
-3.51689e-10
3.00968e-10
-2.86773e-10
2.02151e-10
-2.50076e-10
9.5929e-10
2.61115e-10
-2.47967e-10
2.08925e-09
6.25575e-11
4.77912e-11
-2.66954e-10
1.34633e-09
1.03695e-08
-1.3198e-10
-1.67299e-10
-4.71117e-11
-1.07446e-10
-2.32584e-10
1.18319e-10
7.19032e-11
5.31771e-11
1.60507e-10
3.07019e-10
8.03518e-11
-1.01099e-10
-1.15708e-10
1.9109e-10
9.92376e-11
3.34117e-10
-3.16161e-11
-8.05334e-12
2.35499e-11
5.1867e-10
-2.36764e-10
-3.40722e-10
1.30609e-10
3.4727e-10
1.04937e-11
-1.1481e-10
1.53791e-10
-5.78686e-11
-1.01027e-10
9.75568e-11
-4.51554e-10
1.46817e-10
2.03024e-11
-1.61972e-10
-1.25314e-10
-1.82781e-10
-3.65479e-12
1.67139e-10
-1.32747e-10
5.61615e-11
-2.8792e-10
-5.61966e-11
1.33728e-10
-7.07214e-11
1.23029e-10
6.84937e-11
-8.90309e-11
2.14475e-10
2.55695e-10
1.49724e-10
-1.81826e-09
7.4113e-10
-1.31232e-09
-5.18895e-10
-2.58256e-10
-3.64003e-10
3.317e-10
-6.88871e-10
-3.39499e-11
-1.92371e-11
5.93737e-10
-8.17369e-10
1.23195e-10
-3.97195e-10
-1.28546e-10
-3.883e-10
7.5479e-11
-8.62632e-11
-4.30037e-11
4.41281e-10
-1.53563e-10
1.53234e-10
2.47041e-09
1.28944e-09
2.31985e-09
-2.99244e-09
3.61256e-10
-2.84365e-10
-3.91356e-10
2.13912e-11
-2.20183e-10
-8.57464e-11
7.8003e-11
4.31811e-11
-7.92867e-11
-2.73457e-12
9.27879e-11
-2.69013e-12
-2.74675e-11
3.72436e-12
-4.62401e-11
4.87369e-12
3.375e-11
1.74271e-11
4.39297e-11
-4.65005e-11
-1.27724e-11
9.69665e-12
-4.01328e-12
3.17085e-11
1.98268e-10
3.15011e-10
4.59038e-10
-1.58818e-10
-9.90275e-10
-1.30866e-09
-1.25922e-08
5.23538e-09
)
;

boundaryField
{
    inlet
    {
        type            zeroGradient;
    }
    outlet
    {
        type            zeroGradient;
    }
    wall
    {
        type            zeroGradient;
    }
    empty_zmin
    {
        type            empty;
    }
    empty_zmax
    {
        type            empty;
    }
    procBoundary0to1
    {
        type            processor;
        value           nonuniform List<scalar> 
39
(
-2.4363e-10
-1.99932e-10
-2.41549e-10
2.24198e-10
5.65053e-11
-4.90384e-12
2.41777e-11
1.16696e-10
1.17697e-10
-8.07648e-11
-9.83216e-12
1.3481e-12
-6.10182e-12
1.62048e-12
1.36243e-10
3.94345e-10
-2.87489e-09
-5.12446e-10
-7.82236e-10
5.20337e-11
-2.99471e-10
1.62048e-12
4.215e-09
1.5902e-09
-6.31962e-10
9.32403e-10
9.58326e-10
1.59946e-09
1.59946e-09
2.57862e-09
-4.43913e-09
7.32886e-11
-8.60515e-11
-8.0042e-10
1.73256e-09
-2.31249e-10
-3.19482e-10
-1.47357e-11
1.46637e-11
)
;
    }
}


// ************************************************************************* //
