/*--------------------------------*- C++ -*----------------------------------*\
| =========                 |                                                 |
| \\      /  F ield         | OpenFOAM: The Open Source CFD Toolbox           |
|  \\    /   O peration     | Version:  2406                                  |
|   \\  /    A nd           | Website:  www.openfoam.com                      |
|    \\/     M anipulation  |                                                 |
\*---------------------------------------------------------------------------*/
FoamFile
{
    version     2.0;
    format      ascii;
    arch        "LSB;label=32;scalar=64";
    class       surfaceScalarField;
    location    "0.26";
    object      phi;
}
// * * * * * * * * * * * * * * * * * * * * * * * * * * * * * * * * * * * * * //

dimensions      [0 3 -1 0 0 0 0];

oriented        oriented;

internalField   nonuniform List<scalar> 
4640
(
3.69332e-05
-4.48051e-05
0.000104205
-9.63333e-05
3.14326e-05
0.000108851
-0.000103351
2.85506e-05
0.000114351
-0.000111469
2.34729e-05
0.000115358
-0.00011028
1.57652e-05
0.00011792
-0.000110212
2.10936e-06
6.05308e-06
0.000118626
-0.000111023
5.20465e-07
5.83586e-05
-5.67698e-05
5.14604e-05
-8.23314e-07
4.28663e-07
-5.10657e-05
-2.08844e-06
6.21292e-07
5.29275e-05
5.80628e-05
-5.83657e-05
-4.49098e-06
6.04654e-05
5.99207e-05
1.88921e-07
9.14941e-06
-8.90966e-06
4.86012e-06
-4.67119e-06
2.63411e-07
9.50729e-06
5.12353e-06
1.64948e-05
-4.50622e-06
1.96872e-05
1.93226e-05
-5.09984e-05
2.80565e-05
1.86875e-05
2.13415e-05
-5.15906e-05
3.75425e-05
2.26689e-05
2.5578e-05
-5.77329e-05
4.19017e-05
3.24784e-05
3.19805e-05
-6.88181e-05
4.52691e-05
4.00106e-05
-7.98119e-05
3.64338e-05
-2.24128e-05
2.03805e-05
7.86989e-05
-7.66666e-05
-2.34985e-05
6.99151e-05
-6.88294e-05
-1.59698e-05
2.75233e-05
2.67212e-05
-6.17733e-05
-6.37467e-06
2.23959e-05
2.229e-05
-5.42811e-05
2.03912e-05
1.97753e-05
-5.10475e-05
1.17957e-06
-1.29355e-06
4.61792e-05
-4.60652e-05
1.30232e-06
-1.52566e-06
4.61303e-05
-4.59069e-05
8.93486e-05
3.12506e-06
6.21106e-06
-8.86333e-05
-1.00514e-05
1.18398e-06
-4.78067e-05
-1.27055e-06
4.78932e-05
-4.73874e-05
9.02999e-07
-6.68927e-07
4.71533e-05
-1.3494e-05
9.2584e-05
2.25826e-06
8.00034e-06
-1.97098e-05
9.43367e-05
-8.81209e-05
8.55448e-05
-8.4874e-05
2.09488e-06
-4.95546e-05
-3.14712e-06
5.06069e-05
-4.90772e-05
3.56765e-06
-4.21258e-06
4.97222e-05
-2.19684e-05
9.68825e-05
6.98882e-06
1.0681e-05
-2.46123e-05
9.69806e-05
-3.03161e-05
9.12486e-05
-3.10915e-05
7.94743e-05
-1.55702e-05
3.37885e-05
-1.79902e-05
3.85955e-05
-1.57982e-05
2.77514e-05
1.4893e-05
-1.26151e-05
2.0118e-05
7.40761e-06
-2.96832e-06
1.59519e-05
-1.41043e-06
6.56483e-06
1.45328e-05
-1.02453e-05
1.49755e-05
1.39572e-05
-1.84541e-05
2.06261e-05
2.04969e-05
-2.26241e-05
2.3011e-05
3.20916e-05
-2.21745e-05
2.60753e-05
4.13683e-05
9.46651e-05
-2.67081e-05
-2.31952e-05
-8.95669e-05
2.27186e-06
-5.25092e-05
-3.39994e-06
5.36373e-05
-5.27326e-05
3.54846e-06
-3.15902e-06
5.23432e-05
-2.35769e-05
0.000106049
4.88695e-06
9.52372e-06
-3.15112e-05
0.000104915
-3.40732e-05
9.38106e-05
-2.28955e-05
4.21539e-05
-2.03158e-05
4.64585e-05
-2.40857e-05
3.49788e-05
-2.19472e-05
2.65708e-05
-2.80502e-05
2.34266e-05
1.9418e-05
-2.49411e-05
2.42149e-05
-1.86918e-05
1.51446e-05
-7.24651e-06
-1.0774e-05
2.87594e-06
7.10034e-07
5.68717e-06
-9.75906e-06
3.36185e-06
-1.24341e-05
1.78278e-05
-7.35969e-06
1.96597e-06
-2.74358e-05
4.07473e-05
-1.61602e-05
2.84865e-06
-2.86641e-05
3.15277e-05
2.8909e-05
-3.17726e-05
-3.21421e-05
-4.22575e-05
3.25249e-05
4.18747e-05
4.95891e-05
5.56318e-05
-3.14614e-05
-2.95505e-05
5.04562e-05
4.38954e-05
0.000109899
3.389e-05
0.000118857
2.43667e-05
0.000123875
1.35029e-05
0.000126222
1.06113e-05
0.000120811
2.10341e-06
0.000121388
5.74523e-06
8.65795e-07
6.11584e-05
5.34868e-05
-9.91642e-07
4.32303e-07
2.19051e-06
-5.52742e-05
-3.51243e-06
5.65961e-05
-5.52012e-05
4.26175e-06
-4.95575e-06
5.58952e-05
-2.74397e-05
0.000114173
8.46415e-06
1.08514e-05
-3.32468e-05
0.000110722
-2.53873e-05
5.57871e-05
-2.33072e-05
5.34711e-05
-2.89261e-05
4.56928e-05
-3.04153e-05
3.82396e-05
-3.58369e-05
2.80126e-05
-4.44922e-05
4.23852e-05
2.10704e-06
-5.43662e-05
3.75876e-05
6.06091e-05
-4.38305e-05
-3.53035e-05
3.66539e-05
5.42813e-05
4.71843e-05
6.12999e-05
-3.313e-05
-3.04553e-05
6.49999e-05
3.72863e-05
0.000128755
3.13353e-05
0.000129826
2.43787e-05
0.000133179
1.59283e-05
0.000129262
2.50062e-06
0.000129141
5.6752e-06
-6.2329e-05
1.54689e-06
6.32828e-05
-5.51954e-05
5.61669e-05
-1.36793e-06
3.96434e-07
2.24279e-06
-5.84575e-05
-3.7221e-06
5.99369e-05
-5.87209e-05
4.90678e-06
-5.92354e-06
5.97377e-05
-2.18585e-05
0.000118041
8.36071e-06
9.63014e-06
-2.01303e-05
6.53181e-05
-2.24217e-05
6.60974e-05
-2.3969e-05
5.96258e-05
-3.64783e-05
5.56225e-05
-4.94128e-05
3.02686e-05
-5.32208e-05
5.22342e-05
9.86631e-07
-6.40885e-05
4.52552e-05
7.65393e-05
-5.7706e-05
-3.77714e-05
2.99484e-05
6.91228e-05
3.32645e-05
7.35285e-05
-2.60119e-05
-2.64259e-05
7.43994e-05
2.38231e-05
0.000139267
1.73882e-05
0.000139613
1.27046e-05
0.000133945
3.72683e-06
0.000132964
5.15427e-06
-6.45252e-05
2.26321e-06
6.59888e-05
-5.78269e-05
5.89904e-05
-1.52535e-06
3.61853e-07
2.20083e-06
-6.17074e-05
-4.00406e-06
6.35107e-05
-6.22994e-05
5.31444e-06
-6.61161e-06
6.35966e-05
-1.37613e-05
0.000125992
1.00687e-05
8.67168e-06
-1.29303e-05
-1.64901e-05
6.80469e-05
-6.31443e-05
1.85312e-05
-2.42158e-05
6.88289e-05
-8.69331e-05
5.77802e-05
2.86214e-05
5.31469e-07
-3.46058e-05
-7.45317e-05
3.14196e-05
7.77179e-05
-2.50547e-05
2.10071e-05
7.75761e-05
2.83742e-05
0.000147644
-1.91633e-05
-1.7587e-05
2.18367e-05
0.000146151
1.38091e-05
0.000141973
3.2674e-06
0.000139758
3.74822e-06
-6.75649e-05
2.09033e-06
6.8742e-05
-6.02305e-05
6.1241e-05
-1.3006e-06
2.90072e-07
1.63842e-06
-6.50041e-05
-3.17695e-06
6.65426e-05
-6.57369e-05
4.44199e-06
-5.87832e-06
6.71732e-05
-8.34853e-06
0.00012986
8.28643e-06
4.4378e-06
-8.24425e-06
-6.93763e-05
-1.14898e-05
7.25175e-05
-1.73688e-05
7.72328e-05
-7.42924e-05
1.44284e-05
2.31423e-05
9.45232e-05
-0.000114944
-2.72173e-06
-1.93302e-05
-8.16022e-05
1.63834e-05
8.4549e-05
1.73561e-05
0.000154123
-1.31208e-05
-1.07149e-05
1.43826e-05
0.000149124
1.1031e-05
0.000145325
3.468e-06
0.000144214
3.10639e-06
-6.98674e-05
2.11625e-06
7.12191e-05
-6.23022e-05
6.33252e-05
-1.13271e-06
1.09712e-07
9.55019e-07
-6.75165e-05
-2.25447e-06
6.8816e-05
-6.84098e-05
3.33621e-06
-4.88014e-06
6.99537e-05
-4.79065e-06
0.000131444
7.9297e-06
2.07787e-06
-6.80096e-06
-7.29861e-05
-6.05268e-06
7.42481e-05
-7.7956e-05
-2.97047e-06
7.50927e-05
5.83385e-06
-8.31229e-05
4.39322e-06
8.04119e-05
-1.68221e-06
-6.58022e-06
-8.57092e-05
9.11112e-06
8.31783e-05
1.61381e-05
0.000155337
-8.68293e-06
-8.66942e-06
1.20496e-05
0.000153213
7.29914e-06
0.000150075
2.57808e-06
0.000147306
1.62924e-06
-7.2423e-05
1.88542e-06
7.31157e-05
-6.42159e-05
6.51797e-05
-8.12204e-07
-1.51574e-07
1.58573e-07
-6.94244e-05
-1.08057e-06
7.03464e-05
-7.04933e-05
1.80347e-06
-3.14394e-06
7.18338e-05
-2.53642e-06
0.000135629
5.50387e-06
-1.20722e-06
-5.9445e-06
-7.2854e-05
-4.02301e-06
7.43406e-05
-7.4722e-05
-5.60659e-06
7.57186e-05
4.61e-06
-7.815e-05
7.32893e-06
7.63933e-05
-5.57227e-06
-7.3138e-06
-8.27755e-05
6.30976e-06
8.37795e-05
1.14728e-05
0.000157014
-5.06059e-06
-8.08924e-06
9.51231e-06
0.000155173
6.794e-06
0.000152794
2.14824e-06
0.000150826
1.1255e-06
-7.36577e-05
1.12886e-06
7.46771e-05
-6.58209e-05
6.63889e-05
-1.9112e-07
-3.76852e-07
-7.38222e-07
-7.07403e-05
4.00593e-07
7.10779e-05
-7.14095e-05
-3.27293e-08
-1.07098e-06
7.25132e-05
-1.77137e-06
0.000140478
3.01003e-06
-2.96506e-06
-3.12285e-06
-7.47915e-05
-4.23528e-06
7.72554e-05
-7.74542e-05
-9.49075e-06
7.99634e-05
6.98155e-06
-7.37011e-05
1.12049e-05
7.42737e-05
-1.17774e-05
-9.39448e-06
-8.51889e-05
7.52637e-06
8.7057e-05
6.32303e-06
0.000160917
-5.58689e-06
-4.63863e-06
1.07492e-06
0.000160421
-2.70589e-07
0.000154139
4.74873e-07
0.000150822
-7.41478e-07
-7.55798e-05
2.20286e-07
7.58344e-05
-6.66993e-05
6.69121e-05
4.50047e-07
-6.62895e-07
-1.42526e-06
-7.10675e-05
1.31212e-06
7.11807e-05
-7.19155e-05
-1.13412e-06
3.34944e-07
7.27147e-05
3.32063e-07
0.000142086
5.49065e-07
-4.42847e-06
1.93955e-06
-7.7519e-05
-1.76782e-07
7.80279e-05
-8.28972e-05
1.66523e-07
2.05967e-07
8.25247e-05
-7.47084e-05
9.77655e-07
7.89631e-05
-5.23237e-06
-8.99132e-05
-1.55349e-06
1.36877e-06
9.00979e-05
-5.67977e-07
0.000161598
-7.79286e-07
6.66562e-07
-2.34159e-06
0.000162195
-2.45059e-06
0.000154248
-8.44081e-07
0.000151234
-2.01819e-06
-7.58778e-05
-1.05954e-06
7.60933e-05
-6.68561e-05
6.6599e-05
1.22406e-06
-9.66872e-07
-2.01504e-06
-7.10404e-05
2.32248e-06
7.0733e-05
-7.16139e-05
-2.58573e-06
2.29834e-06
7.19013e-05
7.56658e-06
0.000142825
-2.40049e-06
-5.9056e-06
8.63858e-06
0.000145169
-8.00326e-05
-7.65643e-05
1.03562e-05
-7.72743e-05
1.21926e-05
7.37203e-05
-2.59375e-05
3.4448e-05
-1.25568e-05
4.04627e-06
1.0653e-05
-6.32196e-05
-9.77054e-06
6.23371e-05
-8.77359e-05
6.62918e-06
-4.57207e-06
8.56788e-05
-5.9531e-06
0.000159111
3.66151e-06
4.77839e-06
-5.94639e-06
0.000162188
-5.18445e-06
0.000153486
-1.18777e-06
0.000150702
-3.46418e-06
-7.57756e-05
-1.49412e-06
7.60819e-05
-6.62119e-05
6.54887e-05
1.7877e-06
-1.06443e-06
-2.4065e-06
-7.02282e-05
3.05877e-06
6.95759e-05
-7.07041e-05
-3.6568e-06
3.88673e-06
7.04742e-05
1.42196e-05
0.000139674
-4.29472e-06
-6.77401e-06
8.45476e-06
0.00014125
9.68382e-06
-7.26978e-05
1.00033e-05
7.11492e-05
-2.35183e-05
-1.00384e-05
9.49284e-06
2.40638e-05
1.07854e-05
-1.32585e-05
2.47304e-06
-9.29543e-06
6.02187e-06
-2.72045e-06
5.99401e-06
-6.52457e-05
6.63738e-06
-8.60426e-06
6.72125e-05
-9.68479e-06
0.000158851
-8.26611e-05
-8.40365e-05
8.07687e-06
9.45495e-06
-1.04279e-05
0.000159854
-7.41269e-06
0.000159173
-5.8407e-06
0.000151914
-2.03381e-06
0.000150106
-3.21178e-06
-7.54195e-05
-2.16033e-06
7.5546e-05
-6.47451e-05
6.37058e-05
2.23585e-06
-1.19662e-06
-2.64764e-06
-6.8791e-05
3.42167e-06
6.8017e-05
-6.92175e-05
-4.04394e-06
4.37175e-06
6.88897e-05
1.50058e-05
0.000134552
-4.7379e-06
-5.1453e-06
1.36056e-05
0.00014265
8.637e-06
0.0001272
-6.17471e-05
-6.98049e-05
9.32091e-06
-2.9256e-05
2.30617e-06
3.55868e-05
-7.44682e-06
-1.86308e-06
4.4886e-06
4.82131e-06
6.66803e-06
1.45092e-06
-9.00344e-06
8.8449e-07
5.18986e-06
-5.05532e-06
-1.34539e-07
2.08711e-06
-5.39826e-06
2.86751e-06
4.4364e-07
-8.48665e-06
-2.18735e-06
1.32502e-06
9.34898e-06
-1.5446e-05
0.000150042
-7.9143e-05
-6.99102e-05
6.43285e-06
8.02487e-06
-1.48445e-05
0.000158249
-1.47358e-05
0.000159745
-9.15196e-06
0.000153589
-7.70494e-06
0.000150467
-2.51164e-06
0.000149166
-4.25311e-06
-7.50383e-05
-2.54812e-06
7.50748e-05
-6.3006e-05
6.17298e-05
2.66834e-06
-1.39218e-06
-2.38094e-06
-6.74019e-05
2.91584e-06
6.6867e-05
-6.82561e-05
-3.54189e-06
4.19175e-06
6.76063e-05
1.49182e-05
0.000130841
-4.9266e-06
-6.28116e-06
1.83202e-05
0.000139248
2.00534e-05
0.000125466
5.41027e-06
6.55823e-05
-1.60753e-05
-4.03666e-05
5.50272e-06
-3.0913e-06
4.57753e-06
3.92404e-06
1.46578e-06
-5.63368e-06
6.61761e-06
-2.44971e-06
-5.33231e-07
-9.5656e-06
1.14605e-05
-1.36163e-06
-9.75376e-06
-1.53204e-05
2.21191e-05
2.9551e-06
-2.15028e-05
2.09137e-05
2.98652e-07
2.90492e-07
-2.29184e-05
2.69873e-05
-3.16847e-06
-9.0036e-07
1.07987e-06
-1.87089e-05
1.75668e-05
6.22269e-08
-7.40969e-07
-1.54431e-05
1.29288e-05
3.25529e-06
-2.1859e-06
-9.46084e-06
6.74979e-06
4.89695e-06
-1.70265e-05
9.07387e-05
-4.8864e-05
-1.67865e-05
-3.84354e-06
-4.21809e-06
-1.72955e-05
0.00015031
-1.60868e-05
0.00015704
-1.49348e-05
0.000158593
-1.19219e-05
0.000150576
-9.72428e-06
0.000148269
-2.9086e-06
0.000147213
-4.86213e-06
-7.43948e-05
-3.04512e-06
7.45313e-05
-6.05877e-05
5.89009e-05
3.04109e-06
-1.35426e-06
-2.19956e-06
-6.59718e-05
2.92246e-06
6.52489e-05
-6.65423e-05
-3.55488e-06
3.9656e-06
6.61316e-05
1.44358e-05
-4.52861e-06
-5.74752e-06
0.000126682
1.95504e-05
0.000134133
2.04914e-05
0.000124526
2.26628e-05
6.34109e-05
2.38114e-05
8.87282e-07
1.32197e-06
-3.35789e-06
1.24953e-05
-1.20291e-05
5.88579e-06
3.97329e-06
1.34861e-05
3.83126e-06
1.34379e-05
-4.77386e-06
1.45158e-07
-1.50074e-05
1.82643e-05
-3.40201e-06
2.18987e-05
-6.73986e-06
2.22991e-06
1.15823e-06
-2.03342e-05
-2.02707e-05
2.20579e-05
2.43437e-06
2.05694e-05
-1.10504e-06
-1.49693e-06
-1.87842e-05
1.70147e-05
3.26646e-06
1.58927e-05
2.59898e-05
-7.85807e-06
-6.08555e-06
-1.46759e-05
-1.3263e-05
-1.35022e-06
3.46543e-05
-9.685e-06
-7.72638e-06
-1.98737e-05
0.000109262
-2.03627e-05
0.0001508
-1.96653e-05
0.000156343
-1.67343e-05
0.000155662
-1.4113e-05
0.000147955
-1.15877e-05
0.000145744
-3.87305e-06
0.000144982
-5.484e-06
-7.35684e-05
-3.6891e-06
7.33844e-05
-5.74542e-05
5.53894e-05
3.3972e-06
-1.3324e-06
2.61819e-05
5.53888e-05
-1.81597e-05
2.99895e-05
-2.92036e-06
3.26256e-05
-1.46652e-05
3.79381e-05
-2.20387e-05
1.01603e-05
6.56586e-06
4.19159e-05
-1.55981e-05
6.49879e-06
5.12152e-06
4.15809e-05
-6.40486e-06
3.46531e-05
9.20221e-06
-1.7715e-06
-5.02924e-07
2.39177e-05
2.61826e-05
-9.33119e-06
-6.11602e-06
1.18829e-05
3.80247e-05
-8.76929e-06
5.53064e-05
-2.34187e-05
0.000123912
-2.32386e-05
0.000150619
-2.00774e-05
0.000153182
-1.48356e-05
0.000150421
-1.36361e-05
0.000146756
-1.1662e-05
0.00014377
-4.10264e-06
0.000142857
-5.43384e-06
-7.23715e-05
-3.83032e-06
7.20992e-05
-5.34188e-05
5.10852e-05
3.31785e-06
-9.8415e-07
2.49735e-05
-1.45142e-05
4.49295e-05
2.77763e-05
-5.72319e-06
3.25483e-05
-1.94371e-05
3.70174e-05
-2.65078e-05
4.05038e-05
-1.90845e-05
3.83072e-05
-4.20821e-06
3.25564e-05
1.4953e-05
2.37901e-05
3.49489e-05
9.53539e-06
5.22794e-05
-1.44661e-05
7.9308e-05
-2.54594e-05
0.000134905
-2.44894e-05
0.000149649
-2.05524e-05
0.000149245
-1.56384e-05
0.000145507
-1.32062e-05
0.000144323
-1.16512e-05
0.000142215
-3.92647e-06
-5.33439e-06
0.000140466
-7.106e-05
-3.5978e-06
7.07313e-05
-4.91283e-05
4.68849e-05
2.99296e-06
-7.49604e-07
3.97861e-05
5.33384e-07
-3.91399e-05
4.11379e-05
-2.01597e-06
6.64171e-07
4.179e-05
5.31834e-07
4.31042e-05
-2.09567e-06
7.81505e-07
4.45014e-05
6.97652e-07
4.59415e-05
-2.14476e-06
7.04633e-07
4.7422e-05
7.91408e-07
4.88237e-05
-2.05572e-06
6.5396e-07
2.16412e-05
-2.41703e-05
3.958e-05
-2.14401e-05
3.50127e-06
2.16586e-05
-1.21727e-05
2.37617e-06
2.7748e-06
-9.63738e-06
3.10091e-06
-1.02337e-05
3.48681e-06
-1.31779e-05
3.56991e-06
3.4268e-05
-2.21848e-05
3.21067e-05
2.1613e-06
3.24608e-05
-3.30752e-05
-5.73479e-05
5.71654e-05
3.26433e-05
3.66776e-06
-2.33066e-06
6.22072e-07
5.02713e-05
7.42953e-07
5.17979e-05
-2.17503e-06
6.48422e-07
5.03909e-05
-3.8421e-05
4.47964e-05
5.59451e-06
2.98151e-05
2.79916e-06
4.76653e-05
-4.53811e-05
-5.64098e-05
6.57699e-05
3.83052e-05
4.19931e-06
-2.18492e-06
5.24992e-07
5.33147e-05
7.26007e-07
5.49807e-05
-2.3381e-06
6.72075e-07
6.40886e-05
-4.83328e-05
6.06732e-05
3.41541e-06
2.93627e-05
1.68139e-06
6.58892e-05
-5.84054e-05
-7.36735e-05
0.000102922
3.66402e-05
2.86584e-06
-1.556e-06
3.15833e-07
5.66971e-05
4.84476e-07
5.8096e-05
-1.77024e-06
3.71295e-07
5.58813e-05
1.89893e-06
6.75809e-05
7.35842e-07
6.53181e-05
2.26273e-06
-1.21453e-06
1.53413e-07
5.94533e-05
2.81179e-07
6.04456e-05
-1.06836e-06
7.6009e-08
8.11728e-05
-9.97497e-05
1.20812e-06
9.47913e-06
7.44771e-05
-2.78344e-06
8.75587e-06
8.88102e-05
-8.49981e-05
-1.08801e-05
8.71102e-05
1.25801e-05
5.20226e-07
-9.35181e-07
4.44141e-08
6.14027e-05
-2.08268e-09
6.1996e-05
-3.88086e-07
-2.05226e-07
7.09869e-05
5.19788e-07
4.56282e-06
6.95247e-05
-3.10065e-06
4.93349e-06
8.49232e-05
-6.57045e-06
8.38284e-05
7.66521e-06
-4.3085e-06
-4.28874e-07
-2.12364e-07
6.25649e-05
-4.10266e-07
6.28465e-05
2.85833e-07
-5.67445e-07
6.91174e-05
-5.19928e-06
9.46434e-06
6.74379e-05
-7.78491e-06
7.72871e-06
8.38435e-05
-1.14541e-05
8.58708e-05
9.42681e-06
-8.76192e-06
1.71911e-07
-4.82257e-07
6.2992e-05
-8.83793e-07
6.28369e-05
1.22766e-06
-1.07254e-06
6.83546e-05
-1.04074e-05
8.84868e-06
7.00259e-05
-1.052e-05
5.91488e-06
8.76812e-05
-1.11797e-05
8.23857e-06
9.06223e-05
-1.16144e-05
8.97591e-07
-8.41614e-07
6.25821e-05
-1.17039e-06
6.21299e-05
1.67891e-06
-1.22679e-06
-2.64274e-05
4.89901e-07
2.3129e-05
-2.45897e-05
1.46066e-06
1.44394e-06
-1.05694e-06
6.13957e-05
-1.28079e-06
6.05233e-05
2.18607e-06
-1.31369e-06
-2.09362e-05
1.47354e-05
6.20083e-06
-1.00065e-05
2.9292e-05
4.49002e-06
1.42855e-05
-6.47846e-06
2.14849e-05
4.99011e-06
1.88483e-06
-1.14123e-06
5.94271e-05
-1.31026e-06
5.81705e-05
2.58316e-06
-1.32654e-06
-7.93551e-06
7.03931e-06
8.96205e-07
-4.59691e-06
4.70256e-06
1.31931e-06
-7.12724e-07
2.09997e-06
3.31532e-06
1.37439e-06
2.04598e-06
-1.34612e-06
5.6864e-05
-1.3412e-06
5.55917e-05
2.54987e-06
-1.27755e-06
5.26768e-06
1.40035e-06
-7.01404e-06
1.33011e-05
-1.01939e-06
-4.09734e-06
-1.18789e-05
1.1423e-05
-7.12216e-07
1.16812e-06
8.8893e-07
1.66928e-06
1.29845e-05
-1.07705e-05
-2.21395e-06
-1.52593e-05
1.62049e-05
-3.11972e-07
-6.33656e-07
-1.19496e-06
-3.4107e-07
1.32667e-07
-1.04086e-05
9.18569e-06
8.81869e-07
2.56111e-06
-1.41899e-06
5.43505e-05
-1.1397e-06
5.29868e-05
2.35567e-06
-9.92017e-07
2.80317e-06
-1.35648e-06
5.16374e-05
-8.50188e-07
2.11131e-06
-7.36291e-07
5.02624e-05
3.11857e-06
-1.14803e-06
2.87889e-06
-9.22e-07
2.53204e-06
-5.90267e-07
4.49431e-05
4.60994e-05
-4.60907e-05
3.64345e-06
-5.44623e-06
4.79022e-05
4.64149e-05
-4.48155e-05
6.70333e-06
4.59227e-05
4.75347e-05
3.75707e-06
-5.82104e-06
4.95987e-05
4.7512e-05
7.74499e-06
4.77674e-05
5.00192e-05
4.04711e-06
-6.87723e-06
5.28493e-05
5.05436e-05
9.88766e-06
5.13369e-05
2.5816e-05
1.8289e-05
-1.66433e-05
1.70825e-05
1.52171e-05
-1.03073e-05
1.53966e-05
5.12936e-06
6.29846e-07
1.56421e-05
-5.40361e-06
1.0812e-05
1.78629e-05
-1.74096e-05
2.20945e-05
2.35799e-05
-2.64313e-05
2.78265e-05
3.2817e-05
-2.81455e-05
2.78873e-05
3.93778e-05
-2.69981e-05
4.31807e-05
5.29978e-05
3.69258e-06
-6.04594e-06
5.53512e-05
5.30649e-05
8.90399e-06
5.36846e-05
3.79364e-05
2.11739e-05
4.42442e-05
-3.06875e-05
6.03395e-05
-4.57455e-06
6.25834e-05
5.61005e-05
4.03647e-06
-6.58182e-06
5.86458e-05
5.7193e-05
9.40752e-06
5.86369e-05
4.55449e-05
2.70273e-05
5.39801e-05
-3.48806e-05
6.27624e-05
-4.43277e-06
6.50102e-05
5.98305e-05
4.10867e-06
-6.43359e-06
6.21554e-05
6.10741e-05
8.99531e-06
6.17089e-05
5.97708e-05
2.59402e-05
6.31933e-05
6.89363e-05
-3.12313e-05
7.37418e-05
6.57481e-05
-3.57814e-06
6.77702e-05
6.34658e-05
3.26365e-06
-5.12733e-06
6.53295e-05
6.5166e-05
7.26766e-06
6.657e-05
6.81386e-05
1.42597e-05
-1.82668e-05
7.21457e-05
6.75989e-05
2.37304e-05
8.01066e-05
-2.80923e-05
2.32008e-05
7.62432e-05
-1.91747e-05
7.78308e-05
6.856e-05
-2.62286e-06
6.99683e-05
6.65946e-05
2.04228e-06
-3.38968e-06
6.7942e-05
6.89781e-05
4.62627e-06
6.87896e-05
7.50844e-05
8.71281e-06
7.51275e-05
8.10935e-05
-1.14199e-05
8.17984e-05
7.09519e-05
-1.90252e-06
7.19192e-05
6.90237e-05
9.96565e-07
-1.93717e-06
6.99643e-05
7.18392e-05
2.47679e-06
7.14403e-05
7.49086e-05
5.40681e-06
7.44353e-05
8.22266e-05
-8.06804e-06
8.16252e-05
7.29924e-05
-1.08719e-06
7.36507e-05
7.06872e-05
1.0802e-07
-7.21569e-07
7.13008e-05
7.38002e-05
2.9725e-07
7.22957e-05
7.50223e-05
6.39539e-06
7.63556e-05
8.28744e-05
-8.01737e-06
8.28026e-05
7.45885e-05
-2.22787e-07
7.49832e-05
7.16686e-05
-1.23806e-06
1.35941e-06
7.15473e-05
7.42348e-05
-1.95714e-06
7.32269e-05
7.91019e-05
3.38648e-06
8.16303e-05
8.4742e-05
-5.38238e-06
8.54858e-05
7.56535e-05
7.84933e-07
7.57662e-05
7.17253e-05
-1.81916e-06
2.09294e-06
7.14515e-05
7.41109e-05
-3.19371e-06
7.28761e-05
8.162e-05
-3.40309e-06
4.99047e-06
7.50756e-05
-4.84373e-06
-1.02409e-05
5.88891e-05
9.00465e-05
8.84615e-06
-4.08667e-06
8.5287e-05
8.60753e-05
1.72462e-06
8.50172e-05
7.59307e-05
1.70047e-06
7.56741e-05
7.11882e-05
-2.69082e-06
3.26739e-06
7.06117e-05
7.2774e-05
-4.46454e-06
7.13329e-05
5.85249e-05
-1.13787e-05
5.98971e-05
8.21457e-05
9.38698e-06
-7.86629e-06
8.0625e-05
8.41067e-05
6.22397e-06
7.59677e-05
2.80175e-06
7.50508e-05
7.00136e-05
-3.36809e-06
4.16466e-06
6.92171e-05
7.09249e-05
-5.42132e-06
6.95722e-05
5.98621e-05
-1.10281e-05
9.14314e-06
1.09698e-05
-3.95094e-06
1.03238e-05
2.54018e-05
3.92681e-07
-7.71184e-06
3.2721e-05
8.00976e-05
1.04095e-05
7.51263e-05
2.70404e-06
7.44683e-05
6.85948e-05
-3.16495e-06
3.604e-06
6.81557e-05
6.92061e-05
-4.2376e-06
6.82984e-05
1.07669e-05
-4.54117e-06
-7.67298e-07
2.52447e-06
-9.62708e-07
-6.10162e-07
3.99548e-06
-7.44343e-06
7.79783e-06
3.64108e-06
4.04788e-05
-3.6031e-07
7.45885e-05
3.57312e-06
7.35765e-05
6.75297e-05
-3.25088e-06
4.07601e-06
6.67046e-05
6.75635e-05
-5.13994e-06
6.64223e-05
-1.66631e-06
-6.06887e-06
5.72453e-06
-3.96738e-06
-7.24812e-06
9.16652e-06
-4.57216e-06
-1.16362e-05
1.41684e-05
-7.10444e-06
9.16972e-08
5.24549e-07
-1.72687e-05
2.00026e-05
-2.64218e-06
-1.67507e-06
-3.29694e-07
-2.14595e-05
2.20143e-05
-2.49214e-06
-2.12802e-05
1.97128e-05
-9.24756e-07
1.81173e-06
-1.82781e-05
1.65237e-05
3.56612e-06
4.34981e-06
-1.36935e-05
1.01852e-05
6.54733e-06
-7.35577e-06
7.35725e-05
3.89926e-06
7.24764e-05
6.60721e-05
-2.96007e-06
3.7463e-06
6.52859e-05
6.44001e-05
6.58593e-05
-4.72362e-06
6.48354e-05
6.51543e-05
-8.67391e-06
-1.52781e-05
1.67645e-05
-4.71213e-06
-1.8484e-05
8.60417e-07
-2.04499e-05
1.95389e-05
5.90494e-06
-1.66893e-05
7.21845e-05
4.47107e-06
7.0832e-05
7.03195e-05
4.39461e-06
6.88038e-05
6.8199e-05
4.22524e-06
6.65058e-05
6.96221e-05
6.64723e-08
-1.54407e-05
1.59057e-05
-1.19914e-05
1.20578e-05
1.80212e-06
5.6251e-06
-3.38095e-06
6.93403e-06
-5.13191e-06
4.78725e-07
1.31693e-05
-1.26614e-05
1.08473e-05
-1.03686e-05
1.46754e-06
4.98649e-07
5.06846e-07
-3.37641e-07
1.80518e-06
1.11756e-06
9.35671e-06
-8.36723e-06
8.07878e-06
-6.96123e-06
4.26423e-07
-8.17185e-07
1.27525e-06
-2.40027e-07
6.6645e-07
1.42672e-06
3.54707e-06
-2.09785e-06
3.12915e-06
-1.70243e-06
1.50135e-06
3.26811e-07
1.53369e-06
3.72556e-07
1.1288e-06
-2.24808e-08
-4.50549e-06
4.81846e-06
-3.08744e-06
3.06496e-06
9.91007e-07
-3.31305e-06
4.28802e-06
-2.83625e-06
3.82726e-06
-5.55261e-07
-4.80781e-06
4.46272e-06
-2.74591e-06
2.19065e-06
1.20266e-06
-6.14654e-06
7.79253e-06
-5.53864e-06
6.7413e-06
2.18313e-07
-1.96108e-06
1.60823e-06
-6.49719e-07
8.68031e-07
-1.7185e-06
-1.98896e-05
1.88864e-05
-1.50175e-05
1.3299e-05
-1.14305e-06
1.89056e-05
-1.94447e-05
1.21179e-05
-1.3261e-05
-3.65623e-06
-1.74762e-05
1.55602e-05
-9.23876e-06
5.58253e-06
-2.35894e-06
-1.04334e-05
1.0149e-06
-1.94737e-06
-4.11569e-07
-3.99646e-06
6.42973e-06
-7.66564e-06
4.58132e-06
-8.57779e-06
1.56878e-07
9.78271e-06
5.2804e-06
1.47432e-07
-1.01598e-05
1.04088e-05
-5.52544e-06
5.67287e-06
1.33681e-07
-1.07431e-05
1.09712e-05
-5.86356e-06
5.99724e-06
6.99918e-08
-1.11983e-05
1.14184e-05
-6.086e-06
6.15599e-06
-1.59355e-08
-1.15677e-05
1.16934e-05
-6.16008e-06
6.14415e-06
-1.31987e-07
-1.17769e-05
1.17574e-05
-6.10497e-06
5.97298e-06
-2.60427e-07
-1.17193e-05
1.16029e-05
-5.79868e-06
5.53826e-06
-3.90349e-07
-1.14375e-05
1.1165e-05
-5.22135e-06
4.831e-06
-4.76522e-07
-1.07732e-05
1.02828e-05
-4.38116e-06
3.90464e-06
-4.48167e-07
-9.69859e-06
9.08233e-06
-3.43195e-06
2.98378e-06
-4.08426e-07
-8.37049e-06
7.5823e-06
-2.55439e-06
2.14596e-06
-4.08742e-07
-6.65993e-06
5.67649e-06
-1.72221e-06
1.31347e-06
-3.88814e-07
-4.65512e-06
3.68967e-06
-9.15849e-07
5.27035e-07
-5.01509e-07
-2.73327e-06
1.90237e-06
-1.26954e-07
-3.74555e-07
-2.22078e-07
-1.14619e-06
3.84114e-07
7.66396e-07
-9.88474e-07
-2.18384e-07
2.90652e-07
-8.21871e-07
1.23571e-06
-1.45409e-06
-1.90318e-06
-1.77289e-05
1.68486e-05
-1.33417e-05
1.14385e-05
-2.1481e-06
-1.72585e-05
1.6306e-05
-1.15484e-05
9.4003e-06
-3.50493e-06
-1.45349e-05
1.02549e-05
-5.97207e-06
2.46714e-06
-3.77595e-06
-3.14706e-06
-3.597e-06
8.32353e-07
-4.60831e-06
1.14407e-06
2.2898e-06
5.77668e-07
1.4971e-06
-6.36307e-06
-5.46413e-06
1.22457e-06
-4.81283e-06
-4.23956e-06
1.11041e-06
1.32987e-06
6.69302e-07
-3.13472e-06
4.13469e-06
-2.26438e-06
2.93368e-06
1.70745e-06
1.71138e-06
9.09369e-07
9.04447e-06
7.65067e-06
-2.87916e-06
-3.63516e-06
2.45032e-07
1.9069e-07
8.87619e-08
4.08821e-09
-3.9179e-08
-1.74296e-07
-3.16905e-07
-4.49843e-07
-4.72687e-07
-4.29395e-07
-4.23754e-07
-3.97619e-07
-4.00081e-07
-3.91842e-07
-2.47235e-07
-1.82707e-07
-1.22943e-06
-1.6368e-06
2.26348e-07
6.51564e-06
-6.2086e-06
3.18613e-06
-2.95978e-06
2.37559e-07
-6.90189e-06
7.19616e-06
-3.46405e-06
3.70161e-06
2.96374e-07
-7.64683e-06
8.04811e-06
-4.03245e-06
4.32882e-06
3.42591e-07
-8.44437e-06
8.89319e-06
-4.6372e-06
4.97979e-06
3.19277e-07
-9.26597e-06
9.68964e-06
-5.26097e-06
5.58024e-06
2.95497e-07
-1.00719e-05
1.05024e-05
-5.84637e-06
6.14187e-06
1.57447e-07
-1.09183e-05
1.12453e-05
-6.39808e-06
6.55553e-06
4.60956e-08
-1.15314e-05
1.17664e-05
-6.6408e-06
6.6869e-06
-7.89094e-08
-1.18873e-05
1.19642e-05
-6.64202e-06
6.56311e-06
-3.20912e-07
-1.19543e-05
1.1865e-05
-6.36772e-06
6.04681e-06
-5.54038e-07
-1.1702e-05
1.13723e-05
-5.64232e-06
5.08828e-06
-5.96939e-07
-1.09082e-05
1.03348e-05
-4.47977e-06
3.88283e-06
-5.36644e-07
-9.67655e-06
8.9324e-06
-3.31427e-06
2.77763e-06
-4.6689e-07
-8.12988e-06
7.28651e-06
-2.26646e-06
1.79957e-06
-4.01441e-07
-6.38591e-06
5.44615e-06
-1.37362e-06
9.72184e-07
-3.39686e-07
-4.54084e-06
3.74083e-06
-5.99943e-07
2.60257e-07
-2.44078e-07
-3.04114e-06
2.43503e-06
3.20724e-08
-2.76151e-07
3.96243e-07
-1.6917e-05
-1.29454e-05
8.87574e-07
1.09908e-07
-3.42823e-06
-3.29949e-06
-6.45864e-08
6.17958e-06
6.86945e-06
-2.26114e-06
4.08435e-07
-1.9993e-06
2.47979e-06
-1.34275e-06
1.75119e-06
-4.12983e-07
-3.27103e-06
2.48905e-06
-1.16839e-06
7.55409e-07
1.52446e-06
1.11878e-05
9.17513e-06
1.48768e-06
1.24992e-05
1.06628e-05
1.59021e-06
1.51084e-05
1.2253e-05
7.40177e-07
1.60496e-05
1.29932e-05
1.16599e-06
-2.02774e-06
2.18106e-06
-1.95558e-06
3.12157e-06
9.48278e-07
1.79671e-05
1.39415e-05
2.7645e-07
1.84265e-05
1.42179e-05
2.06343e-06
-4.16025e-06
6.58684e-06
-6.13249e-06
8.19592e-06
2.77927e-07
3.30834e-07
3.08375e-07
2.81179e-07
2.66129e-07
2.5621e-07
8.52777e-08
-4.48762e-08
-1.9539e-07
-4.04494e-07
-6.08511e-07
-5.68559e-07
-5.11166e-07
-4.25945e-07
-3.72242e-07
-2.9233e-07
-2.14562e-07
1.9133e-06
-4.90713e-07
3.32672e-06
6.76302e-07
5.13195e-07
1.53754e-07
-3.19048e-07
-1.02226e-06
-1.0569e-07
2.21579e-07
1.51932e-06
1.08961e-06
8.65967e-07
3.01092e-06
7.99606e-07
-3.80648e-08
-4.16976e-06
3.81866e-07
-1.86653e-06
2.56242e-06
6.37043e-05
-3.14563e-06
3.55969e-06
6.47402e-05
7.65658e-06
0.000126815
-3.98106e-06
-3.8093e-06
1.41263e-05
0.000127664
0.000120492
-1.52461e-06
-6.31027e-05
2.03732e-06
6.259e-05
-6.4134e-05
-2.41149e-06
2.64028e-06
6.39052e-05
7.37023e-06
-2.87405e-06
-2.94491e-06
0.000125264
1.10053e-05
0.000124029
0.000116983
4.90275e-05
-6.31586e-07
4.78986e-05
1.69351e-06
-5.6463e-07
4.6865e-05
-4.90995e-07
1.40782e-06
-4.27215e-07
4.58844e-05
6.47027e-05
-2.29501e-06
2.74298e-06
6.42547e-05
6.4414e-05
-3.34922e-06
6.39539e-05
6.38806e-05
-1.79135e-06
2.11864e-06
6.35533e-05
6.22065e-05
6.37202e-05
-2.4543e-06
6.32295e-05
6.35695e-05
-1.79092e-07
1.46081e-06
-6.69805e-07
-9.31461e-08
-1.03628e-06
6.38433e-07
8.09907e-07
-9.03053e-07
-1.40102e-07
-6.31295e-08
2.74347e-07
-9.66183e-07
4.72686e-06
2.19567e-06
5.90357e-05
-6.59583e-05
1.19117e-05
5.91289e-05
-6.63137e-05
1.72265e-05
6.13957e-05
-6.67105e-05
2.20335e-05
6.56927e-05
-7.04997e-05
2.59519e-05
7.10092e-05
-7.49276e-05
7.98935e-05
-7.815e-05
2.42084e-05
1.20717e-05
-3.94127e-06
2.18769e-05
2.98366e-05
3.20277e-05
3.21094e-05
-9.32224e-06
9.9692e-06
7.92371e-05
-7.9884e-05
-8.69836e-06
7.51808e-05
-7.58047e-05
-7.42776e-06
7.09505e-05
-7.22211e-05
-5.70634e-06
6.70918e-05
-6.88132e-05
6.27233e-05
-6.6234e-05
-1.99288e-05
1.8443e-05
-1.78077e-05
-1.24892e-05
-4.04699e-06
2.53701e-07
-4.25458e-08
4.35243e-05
-4.37354e-05
1.59887e-07
9.15437e-08
4.32102e-05
-4.34616e-05
8.58208e-05
-4.834e-08
2.65596e-06
-8.40313e-05
-4.39715e-06
8.06379e-07
-4.41175e-05
-8.06623e-07
4.41177e-05
-4.38131e-05
8.10496e-07
-8.94497e-07
4.38971e-05
8.57453e-05
1.88111e-06
4.93385e-06
-6.73948e-06
3.48937e-07
-4.53685e-05
-1.06287e-07
4.51259e-05
-4.51105e-05
-2.38299e-07
8.19812e-07
4.45289e-05
-7.68992e-06
-7.08023e-08
4.87269e-06
8.53662e-05
-8.30869e-05
-1.28061e-05
3.64082e-05
2.40696e-07
-3.63952e-05
3.69183e-05
-9.0562e-07
3.95578e-07
3.72933e-05
4.31367e-07
3.82352e-05
-1.45273e-06
5.10826e-07
3.83009e-05
2.83211e-07
-1.46663e-06
6.2765e-07
4.36609e-05
-4.35435e-05
1.49884e-06
-2.05031e-06
4.42123e-05
4.31906e-05
-4.31474e-05
2.65324e-06
4.31933e-05
4.42162e-05
2.70351e-06
-3.84038e-06
4.53531e-05
4.41799e-05
5.05373e-06
4.406e-05
4.50085e-05
2.40598e-06
-3.48816e-06
4.4809e-05
4.86616e-06
9.2917e-08
4.85283e-06
-4.70505e-06
2.06692e-06
-1.974e-06
1.75652e-07
-5.09806e-06
5.35377e-06
-2.21727e-06
2.39293e-06
1.00565e-07
-5.6526e-06
5.83524e-06
-2.60492e-06
2.70549e-06
1.50357e-07
2.11998e-07
2.5429e-07
-4.12163e-05
1.95544e-06
-1.20757e-06
4.04685e-05
-4.14915e-05
5.45312e-07
-2.40519e-07
4.11867e-05
-4.13361e-05
1.08002e-07
-6.29929e-08
4.12911e-05
-4.13095e-05
3.03677e-08
-6.60942e-09
4.12857e-05
-4.13011e-05
-3.34622e-09
1.77645e-08
4.12867e-05
-4.1299e-05
-2.29051e-08
1.83551e-08
4.13036e-05
-4.13022e-05
-2.44946e-08
3.67519e-08
4.12899e-05
-4.13029e-05
-3.65616e-08
3.98142e-08
4.12997e-05
-4.13031e-05
-4.00466e-08
4.30757e-08
4.13001e-05
-4.13009e-05
-4.69242e-08
5.06197e-08
4.12972e-05
-4.13012e-05
-5.27272e-08
5.34786e-08
4.13005e-05
-4.12954e-05
-5.83631e-08
5.70109e-08
4.12968e-05
-4.13015e-05
-5.37772e-08
5.76363e-08
4.12976e-05
-4.12991e-05
-5.94753e-08
5.09046e-08
4.13077e-05
-4.1305e-05
-4.32069e-08
4.8824e-08
4.12994e-05
-4.12993e-05
-5.29707e-08
4.71793e-08
4.13051e-05
-4.13031e-05
-3.97294e-08
3.85285e-08
4.13043e-05
-4.13083e-05
-4.06055e-08
5.15831e-08
4.12973e-05
-4.13075e-05
-5.89037e-08
6.67512e-08
4.12997e-05
-4.13161e-05
-8.96483e-08
1.24284e-07
4.12814e-05
-4.13164e-05
-1.85711e-07
2.09462e-07
4.12927e-05
-4.14064e-05
-1.97379e-07
2.49959e-07
4.13538e-05
-4.15136e-05
-3.58445e-07
9.45917e-07
4.09262e-05
-3.36059e-05
3.6602e-05
-1.86987e-06
-1.12622e-06
-6.55664e-07
-4.10352e-05
1.9793e-07
4.14929e-05
-4.09741e-05
1.26857e-07
-1.89964e-07
4.10372e-05
-4.11627e-05
1.26652e-07
-4.22372e-08
4.10782e-05
-4.12464e-05
8.56062e-09
3.16185e-08
4.12062e-05
-4.12775e-05
-3.20323e-08
6.07206e-08
4.12488e-05
-4.12864e-05
-5.85202e-08
6.98302e-08
4.12751e-05
-4.1297e-05
-6.22998e-08
8.47723e-08
4.12745e-05
-4.12866e-05
-9.16303e-08
9.8808e-08
4.12794e-05
-4.12929e-05
-9.6656e-08
9.79464e-08
4.12916e-05
-4.13036e-05
-9.6063e-08
1.11432e-07
4.12883e-05
-4.1293e-05
-1.19046e-07
1.23616e-07
4.12885e-05
-4.12933e-05
-1.28335e-07
1.33598e-07
4.1288e-05
-4.12963e-05
-1.31835e-07
1.33494e-07
4.12946e-05
-4.13016e-05
-1.35935e-07
1.37144e-07
4.13004e-05
-4.12946e-05
-1.31904e-07
1.2808e-07
4.12984e-05
-4.13056e-05
-1.2063e-07
1.25957e-07
4.13003e-05
-4.13003e-05
-1.11319e-07
1.10239e-07
4.13014e-05
-4.13038e-05
-1.05971e-07
1.09666e-07
4.13001e-05
-4.13137e-05
-1.10183e-07
1.1785e-07
4.1306e-05
-4.13107e-05
-1.64922e-07
1.93481e-07
4.12821e-05
-4.13146e-05
-2.6943e-07
3.58682e-07
4.12253e-05
-4.11101e-05
-3.25403e-07
2.94261e-07
4.11412e-05
-4.08295e-05
4.19506e-08
-4.40224e-07
4.12278e-05
-3.78481e-05
3.83099e-05
6.741e-07
-1.13591e-06
-9.61367e-07
-4.18962e-05
6.52309e-07
4.22052e-05
-4.12777e-05
-4.08101e-07
1.90153e-07
4.14957e-05
-3.83455e-08
8.24101e-05
-4.12918e-05
-4.08936e-05
8.73265e-08
-2.73735e-07
1.49426e-08
8.23843e-05
-4.13381e-05
-4.10994e-05
9.5787e-08
8.24405e-05
-4.13389e-05
-4.11824e-05
1.5396e-07
8.2484e-05
-4.13283e-05
-4.12138e-05
1.91961e-07
8.25117e-05
-4.13143e-05
-4.12354e-05
2.69669e-07
8.24835e-05
-4.13107e-05
-4.12505e-05
3.70508e-07
8.24824e-05
-4.13118e-05
-4.12715e-05
4.24544e-07
8.25092e-05
-4.12944e-05
-4.12688e-05
4.56724e-07
8.25337e-05
-4.12894e-05
-4.12765e-05
5.0494e-07
8.25347e-05
-4.12948e-05
-4.12881e-05
5.46594e-07
8.25451e-05
-4.12946e-05
-4.12922e-05
5.74993e-07
8.25776e-05
-4.12962e-05
-4.13098e-05
5.72426e-07
8.26124e-05
-4.12992e-05
-4.13106e-05
5.68492e-07
8.26227e-05
-4.12956e-05
-4.13231e-05
5.42774e-07
8.26453e-05
-4.12887e-05
-4.13309e-05
5.79199e-07
8.25974e-05
-4.1286e-05
-4.13478e-05
8.95779e-07
8.23632e-05
-4.12846e-05
-4.13953e-05
1.25231e-06
8.23245e-05
-4.1244e-05
-4.14371e-05
7.1467e-07
8.28616e-05
-4.09818e-05
-4.13422e-05
-5.02276e-07
8.34148e-05
-4.09439e-05
-4.11888e-05
-6.51657e-08
-4.14856e-05
-8.57126e-07
4.18404e-05
-3.86375e-05
3.87596e-05
9.53369e-07
-1.07546e-06
-8.58524e-07
-4.24099e-05
7.2683e-07
4.25416e-05
-4.16694e-05
-5.71609e-07
4.21732e-07
4.18193e-05
3.46846e-07
8.27988e-05
-2.44947e-07
-4.90627e-07
2.09993e-07
8.25211e-05
2.4121e-07
8.24093e-05
3.16293e-07
8.24089e-05
4.56711e-07
8.23713e-05
5.16119e-07
8.24241e-05
5.19487e-07
8.2479e-05
5.44754e-07
8.24839e-05
6.05487e-07
8.2473e-05
6.34604e-07
8.25056e-05
6.47173e-07
8.25326e-05
6.6729e-07
8.25574e-05
6.76041e-07
8.26036e-05
6.80976e-07
8.26177e-05
7.01464e-07
8.26248e-05
6.54488e-07
8.26444e-05
9.99246e-08
8.29178e-05
-6.02877e-07
8.30273e-05
-6.32376e-07
8.28911e-05
-7.21775e-07
8.35423e-05
-3.80924e-08
-4.20869e-05
-9.10424e-07
4.22755e-05
-3.88202e-05
3.87346e-05
8.10667e-07
-7.25058e-07
-7.19308e-07
-4.26099e-05
6.6496e-07
4.26643e-05
-4.19091e-05
-5.82979e-07
4.92673e-07
4.19994e-05
6.21814e-07
8.3061e-05
-3.63271e-07
-5.20754e-07
4.43069e-07
8.26999e-05
4.05687e-07
8.24467e-05
4.51033e-07
8.23636e-05
4.6778e-07
8.23545e-05
6.41919e-07
8.225e-05
8.01564e-07
8.23194e-05
8.28698e-07
8.24568e-05
8.5715e-07
8.24445e-05
9.20719e-07
8.2442e-05
9.90315e-07
8.2463e-05
1.01024e-06
8.25375e-05
1.06501e-06
8.25488e-05
1.06607e-06
8.26167e-05
1.02382e-06
8.26671e-05
8.41542e-07
8.28267e-05
1.07038e-06
8.2689e-05
1.01809e-06
8.30796e-05
-2.59044e-08
8.39351e-05
-7.28572e-07
8.42709e-05
-2.5946e-08
-4.24054e-05
-8.5974e-07
4.25366e-05
-3.86998e-05
3.85338e-05
6.59202e-07
-4.93256e-07
-6.13663e-07
-4.27029e-05
5.94718e-07
4.27219e-05
-4.20333e-05
-5.42875e-07
4.86362e-07
4.20899e-05
7.87329e-07
8.31847e-05
-3.92847e-07
-5.18172e-07
6.87737e-07
8.27995e-05
6.16846e-07
8.25175e-05
6.42806e-07
8.23376e-05
7.58154e-07
8.22392e-05
6.03965e-07
8.24042e-05
7.56868e-07
8.21665e-05
1.09711e-06
8.21165e-05
1.17241e-06
8.23692e-05
1.21792e-06
8.23965e-05
1.26163e-06
8.24192e-05
1.35318e-06
8.2446e-05
1.31085e-06
8.25912e-05
1.17899e-06
8.27485e-05
1.03092e-06
8.28152e-05
9.32814e-07
8.29248e-05
2.46808e-07
8.3375e-05
-2.78411e-07
8.36048e-05
7.78583e-09
8.36489e-05
-5.87137e-07
8.46878e-05
1.77983e-07
-4.26032e-05
-7.4454e-07
4.27606e-05
-3.84696e-05
3.83167e-05
5.2647e-07
-3.73478e-07
-5.73399e-07
-4.27247e-05
5.63144e-07
4.2735e-05
-4.21217e-05
-5.18512e-07
4.77311e-07
4.21629e-05
8.1729e-07
8.32815e-05
-4.01123e-07
-5.12902e-07
7.68441e-07
8.28483e-05
7.69536e-07
8.25165e-05
8.40228e-07
8.22669e-05
8.75467e-07
8.22039e-05
1.19059e-06
8.2089e-05
1.17116e-06
8.21859e-05
1.09384e-06
8.21939e-05
1.38497e-06
8.20781e-05
1.48776e-06
8.22937e-05
1.51086e-06
8.23961e-05
1.46764e-06
8.24892e-05
1.45472e-06
8.26041e-05
1.53616e-06
8.26671e-05
1.47935e-06
8.2872e-05
1.30242e-06
8.31017e-05
1.45133e-06
8.3226e-05
1.20704e-06
8.38491e-05
1.40569e-07
8.47154e-05
-7.18332e-07
8.51586e-05
3.8809e-07
-4.29063e-05
-7.5287e-07
4.29409e-05
-3.82629e-05
3.8101e-05
4.62153e-07
-3.00283e-07
-5.13205e-07
-4.27271e-05
5.10717e-07
4.27296e-05
-4.21818e-05
-4.81731e-07
4.64887e-07
4.21986e-05
8.3993e-07
8.33492e-05
-4.20809e-07
-4.86827e-07
8.3166e-07
8.28566e-05
8.27531e-07
8.25206e-05
7.74641e-07
8.23198e-05
1.0094e-06
8.19692e-05
1.02133e-06
8.20771e-05
1.2074e-06
8.19999e-05
1.51287e-06
8.18884e-05
1.52453e-06
8.20664e-05
1.78935e-06
8.20289e-05
1.90981e-06
8.22757e-05
1.95218e-06
8.24468e-05
1.9471e-06
8.26092e-05
1.7963e-06
8.28179e-05
1.61806e-06
8.30502e-05
1.33011e-06
8.33896e-05
5.93882e-07
8.39623e-05
2.78533e-07
8.41645e-05
4.66698e-07
8.45272e-05
-5.93344e-07
8.57029e-05
5.15758e-07
-4.30289e-05
-7.47106e-07
4.31827e-05
-3.81177e-05
3.79378e-05
4.33279e-07
-2.53351e-07
-4.42925e-07
-4.27156e-05
4.59489e-07
4.2699e-05
-4.22057e-05
-4.50517e-07
4.26293e-07
4.223e-05
7.96447e-07
8.33616e-05
-3.7679e-07
-4.32133e-07
8.21718e-07
8.28313e-05
9.02652e-07
8.24396e-05
1.16271e-06
8.20597e-05
1.07385e-06
8.2058e-05
1.59839e-06
8.15526e-05
1.90052e-06
8.16977e-05
1.81283e-06
8.19761e-05
1.98357e-06
8.18957e-05
1.96302e-06
8.20495e-05
2.16858e-06
8.20701e-05
2.3409e-06
8.22745e-05
2.39481e-06
8.25553e-05
2.35415e-06
8.28586e-05
2.07289e-06
8.33315e-05
1.73974e-06
8.37228e-05
1.80146e-06
8.39006e-05
1.26823e-06
8.46977e-05
3.44066e-07
8.54514e-05
-7.09274e-07
8.5983e-05
7.73284e-07
-4.33577e-05
-6.89548e-07
4.3338e-05
-3.79382e-05
3.78276e-05
2.78952e-07
-1.68328e-07
-3.59183e-07
-4.26854e-05
3.66887e-07
4.26777e-05
-4.22301e-05
-3.64089e-07
3.65911e-07
4.22283e-05
7.55171e-07
8.33399e-05
-3.43826e-07
-3.89646e-07
8.10074e-07
8.27764e-05
9.39843e-07
8.23099e-05
9.50174e-07
8.20494e-05
1.40899e-06
8.15992e-05
1.2515e-06
8.17101e-05
1.37509e-06
8.15741e-05
2.04139e-06
8.13098e-05
2.3166e-06
8.16204e-05
2.55304e-06
8.1813e-05
2.52477e-06
8.20984e-05
2.50136e-06
8.22979e-05
2.45143e-06
8.26052e-05
2.27965e-06
8.30303e-05
2.34167e-06
8.32695e-05
2.36284e-06
8.37016e-05
1.47652e-06
8.47869e-05
1.11436e-06
8.50599e-05
1.07247e-06
8.54933e-05
-5.19774e-07
8.67029e-05
8.72301e-07
-4.35412e-05
-5.74368e-07
4.35958e-05
-3.78311e-05
3.78045e-05
1.37445e-07
-1.10852e-07
-2.67231e-07
-4.26579e-05
2.9145e-07
4.26337e-05
-4.22157e-05
-2.85377e-07
2.72855e-07
4.22283e-05
5.90648e-07
8.3262e-05
-2.36685e-07
-2.76016e-07
7.49409e-07
8.26177e-05
8.97711e-07
8.21616e-05
1.29403e-06
8.16531e-05
1.26365e-06
8.16296e-05
1.79997e-06
8.11737e-05
2.17946e-06
8.11946e-05
2.08663e-06
8.14026e-05
2.51867e-06
8.11884e-05
2.85241e-06
8.14793e-05
3.25104e-06
8.16998e-05
3.41912e-06
8.21298e-05
3.44868e-06
8.25756e-05
3.55263e-06
8.29264e-05
3.14826e-06
8.36738e-05
2.4213e-06
8.44286e-05
2.79454e-06
8.44136e-05
2.58658e-06
8.52678e-05
1.46086e-06
8.6619e-05
-3.47457e-07
8.7317e-05
1.19427e-06
-4.38407e-05
-3.84601e-07
4.38779e-05
-3.78443e-05
3.7832e-05
4.16731e-08
-2.93372e-08
-1.64583e-07
-4.26199e-05
1.86745e-07
4.25978e-05
-4.22227e-05
-1.97902e-07
2.19435e-07
4.22011e-05
5.88549e-07
8.31441e-05
-2.28712e-07
-2.41998e-07
6.82751e-07
8.25235e-05
8.63447e-07
8.19809e-05
8.0631e-07
8.17102e-05
1.38131e-06
8.10546e-05
1.50492e-06
8.10501e-05
1.84286e-06
8.08567e-05
2.76071e-06
8.04848e-05
3.01939e-06
8.09297e-05
3.22334e-06
8.12754e-05
3.52416e-06
8.13989e-05
3.65708e-06
8.19969e-05
3.7878e-06
8.24449e-05
3.43803e-06
8.32762e-05
3.29932e-06
8.38125e-05
3.54841e-06
8.41795e-05
2.28114e-06
8.56809e-05
1.11269e-06
8.64363e-05
1.13314e-06
8.65986e-05
-5.60932e-07
8.74424e-05
1.56864e-06
-4.42212e-05
-4.32093e-07
4.40924e-05
-3.79501e-05
3.79574e-05
-6.08971e-08
5.36471e-08
-4.69996e-08
-4.25777e-05
5.00839e-08
4.25746e-05
-4.21864e-05
-4.07453e-08
4.07223e-08
4.21864e-05
4.18826e-08
8.31089e-05
8.98093e-09
-1.56363e-08
1.54729e-07
8.24106e-05
3.95658e-07
8.174e-05
1.16553e-06
8.09404e-05
1.38777e-06
8.08323e-05
2.23699e-06
8.02009e-05
2.89805e-06
8.01956e-05
2.92391e-06
8.04589e-05
3.65023e-06
8.02034e-05
3.66268e-06
8.12629e-05
4.0862e-06
8.09754e-05
4.55212e-06
8.1531e-05
4.49914e-06
8.24979e-05
4.75653e-06
8.30188e-05
4.63673e-06
8.39323e-05
3.60232e-06
8.52139e-05
3.92682e-06
8.53564e-05
4.22424e-06
8.61389e-05
2.99054e-06
8.78323e-05
-1.3353e-07
8.88247e-05
1.74179e-06
-4.44788e-05
-1.90692e-07
4.45359e-05
-3.81379e-05
3.81313e-05
-1.07376e-07
1.14058e-07
5.83503e-08
-4.25846e-05
-4.03341e-08
4.25665e-05
-4.21883e-05
7.68392e-08
-8.05257e-08
4.2192e-05
7.2361e-08
8.29595e-05
6.84868e-08
8.55098e-09
3.5204e-07
8.21309e-05
6.15332e-07
8.14767e-05
5.55344e-07
8.10003e-05
1.29468e-06
8.0093e-05
1.35272e-06
8.01429e-05
1.87524e-06
7.96731e-05
3.34707e-06
7.89871e-05
3.69664e-06
7.98538e-05
4.63889e-06
8.03207e-05
4.95466e-06
8.06597e-05
5.27816e-06
8.12075e-05
5.64429e-06
8.21317e-05
5.13207e-06
8.3531e-05
4.80104e-06
8.42634e-05
5.14663e-06
8.48683e-05
3.64561e-06
8.68574e-05
1.78925e-06
8.79952e-05
1.40788e-06
8.82136e-05
-8.6647e-07
8.91809e-05
1.91812e-06
-4.5081e-05
-5.28317e-07
4.47428e-05
-3.83095e-05
3.82844e-05
-1.51463e-07
1.76483e-07
1.56457e-07
-4.25336e-05
-1.2164e-07
4.24987e-05
-4.22439e-05
1.14995e-07
-1.18406e-07
4.22474e-05
-6.9518e-07
8.32067e-05
2.79331e-07
1.68639e-07
-6.964e-07
8.21322e-05
-4.44897e-07
8.12252e-05
2.53027e-07
8.03024e-05
3.14323e-07
8.00317e-05
1.77048e-06
7.86867e-05
3.12857e-06
7.8315e-05
3.17346e-06
7.89422e-05
4.0016e-06
7.90257e-05
4.94916e-06
7.93731e-05
5.59826e-06
8.00106e-05
6.07444e-06
8.07313e-05
6.36383e-06
8.18424e-05
7.05856e-06
8.28363e-05
6.77601e-06
8.45459e-05
5.29685e-06
8.63475e-05
5.64051e-06
8.65137e-05
5.82148e-06
8.78142e-05
4.27514e-06
8.976e-05
-2.83765e-07
9.12326e-05
2.50718e-06
-4.52153e-05
-3.57409e-07
4.5289e-05
-3.85843e-05
3.86268e-05
-2.04448e-07
1.61981e-07
-2.70577e-08
-4.25365e-05
2.29683e-07
4.23339e-05
-4.21985e-05
-1.73654e-07
8.01987e-09
4.23641e-05
-5.52155e-07
8.33037e-05
1.5243e-07
3.02785e-07
-9.01462e-07
8.24815e-05
-7.55223e-07
8.10789e-05
-6.03463e-07
8.01507e-05
1.08824e-06
7.834e-05
1.70982e-06
7.80651e-05
2.35816e-06
7.76667e-05
4.25814e-06
7.70422e-05
5.26315e-06
7.80207e-05
5.79978e-06
7.88365e-05
6.43072e-06
7.93796e-05
7.0557e-06
8.01063e-05
7.79771e-06
8.11003e-05
7.5219e-06
8.31121e-05
7.44399e-06
8.46238e-05
7.91687e-06
8.58746e-05
5.45066e-06
8.898e-05
2.71347e-06
9.05514e-05
1.93364e-06
9.05398e-05
-4.22507e-07
9.06542e-05
2.93463e-06
-4.59316e-05
-2.75014e-07
4.57841e-05
-3.90751e-05
3.91857e-05
-2.52812e-07
1.42191e-07
1.08205e-07
-4.27104e-05
9.42647e-08
4.25079e-05
-4.21201e-05
-5.08002e-08
-2.1871e-07
4.23896e-05
-1.8423e-06
8.33775e-05
5.33392e-07
1.23509e-06
-1.51419e-06
8.21533e-05
-1.4435e-06
8.10082e-05
-5.1014e-07
7.92173e-05
-1.86191e-07
7.80161e-05
1.60121e-06
7.62777e-05
3.77016e-06
7.54977e-05
4.28475e-06
7.65276e-05
5.02011e-06
7.72853e-05
6.23605e-06
7.76205e-05
7.28456e-06
7.83311e-05
8.10974e-06
7.92811e-05
8.90737e-06
8.03027e-05
9.83492e-06
8.21845e-05
8.84035e-06
8.56184e-05
6.30068e-06
8.84143e-05
6.40559e-06
8.88751e-05
7.29552e-06
8.96615e-05
5.98156e-06
9.18537e-05
-1.23484e-07
9.40285e-05
2.73068e-06
-4.63664e-05
-3.35864e-07
4.65788e-05
-3.96859e-05
3.97197e-05
-1.89711e-07
1.55934e-07
3.15206e-07
-4.28345e-05
-1.61998e-07
4.26813e-05
-4.26027e-05
1.96154e-07
-1.86919e-07
4.25935e-05
-1.76262e-06
8.36973e-05
1.96359e-07
1.24648e-06
-2.21161e-06
8.26023e-05
-1.7121e-06
8.05087e-05
-1.46802e-06
7.89732e-05
-8.8327e-08
7.66364e-05
1.48179e-06
7.47076e-05
2.33115e-06
7.46484e-05
4.55529e-06
7.43035e-05
6.6493e-06
7.51913e-05
7.6021e-06
7.66677e-05
7.80847e-06
7.81247e-05
8.57065e-06
7.8519e-05
8.86384e-06
8.00095e-05
8.26887e-06
8.27795e-05
8.94788e-06
8.49394e-05
9.74807e-06
8.76141e-05
7.57326e-06
9.10499e-05
3.79482e-06
9.34399e-05
2.08304e-06
9.35655e-05
-9.96708e-07
9.34681e-05
3.64015e-06
-4.73799e-05
-6.76392e-07
4.70596e-05
-4.02614e-05
4.03064e-05
-2.53487e-07
2.08476e-07
1.29186e-07
-4.32123e-05
6.61615e-08
4.30169e-05
-4.267e-05
3.28694e-07
-3.91948e-07
4.27333e-05
-4.41728e-06
7.14844e-07
3.36846e-06
-3.58837e-06
8.17734e-05
-3.61521e-06
8.05356e-05
-1.82843e-06
7.71864e-05
2.13302e-07
7.45946e-05
1.63327e-06
7.32876e-05
3.93065e-06
7.2351e-05
5.24572e-06
7.29884e-05
6.43339e-06
7.40036e-05
8.70552e-06
7.43956e-05
1.11888e-05
7.56414e-05
1.18277e-05
7.78801e-05
1.25424e-05
7.92948e-05
1.35909e-05
8.17309e-05
1.2869e-05
8.56613e-05
1.07573e-05
8.97258e-05
1.03548e-05
9.14524e-05
1.06595e-05
9.31353e-05
8.83493e-06
9.53901e-05
2.30325e-07
9.77161e-05
4.35659e-06
-4.75567e-05
-4.73387e-07
4.82604e-05
-4.12685e-05
4.1228e-05
-9.80683e-08
1.38624e-07
1.27444e-06
7.11133e-05
-3.67175e-08
4.48592e-06
6.97769e-05
8.80919e-06
6.96804e-05
1.13955e-05
7.18092e-05
1.3129e-05
7.3908e-05
1.50539e-05
7.59553e-05
1.45349e-05
7.98138e-05
1.2843e-05
8.34228e-05
1.20795e-05
8.64248e-05
1.2034e-05
8.97713e-05
9.18873e-06
9.42977e-05
4.91702e-06
9.7407e-05
2.97836e-06
9.73287e-05
-1.05045e-06
9.75969e-05
4.14808e-06
-4.93042e-05
-1.00888e-06
4.92626e-05
-4.22733e-05
4.21765e-05
-1.18053e-07
2.14825e-07
1.27366e-06
3.60564e-06
5.09232e-06
8.459e-06
1.35577e-05
1.6966e-05
1.79936e-05
1.96575e-05
1.97006e-05
8.33797e-05
1.75844e-05
8.8541e-05
1.52921e-05
9.20636e-05
1.45759e-05
9.50139e-05
1.43145e-05
9.76684e-05
1.13104e-05
0.000100333
7.5349e-07
0.000102105
6.04903e-06
-4.95514e-05
-2.92315e-07
5.05972e-05
-4.35265e-05
4.35713e-05
-2.09169e-07
1.64461e-07
2.19118e-05
8.56763e-05
2.08698e-05
8.95829e-05
1.7554e-05
9.53794e-05
1.18327e-05
0.000100735
6.69535e-06
0.000102806
4.60871e-06
0.000102419
-1.50218e-07
0.000102803
4.0607e-06
-5.17227e-05
-4.70653e-07
5.20432e-05
-4.5165e-05
4.50718e-05
-1.77923e-07
2.71074e-07
3.09808e-05
8.68048e-05
2.65222e-05
9.40415e-05
2.29055e-05
9.89961e-05
1.94727e-05
0.000104168
1.86151e-05
0.000103663
1.40063e-05
0.000107028
8.23893e-07
0.000109131
6.85467e-06
-5.24904e-05
-4.12302e-07
5.37266e-05
-4.63762e-05
4.65049e-05
-4.70187e-07
3.41411e-07
3.36717e-05
3.138e-05
2.70255e-05
1.97241e-05
1.3107e-05
9.92293e-06
2.06536e-06
5.96548e-06
-5.51601e-05
1.30084e-06
5.59246e-05
-4.8502e-05
4.93337e-05
-1.18511e-06
3.53506e-07
2.45543e-06
3.35754e-05
-6.61266e-07
1.44172e-07
-1.77609e-07
4.1542e-05
4.60424e-08
-9.99844e-09
4.14036e-05
-7.09392e-09
3.57472e-09
4.13226e-05
-2.02666e-09
5.49793e-09
4.13011e-05
-7.54343e-09
1.23262e-08
4.12975e-05
-1.51095e-08
1.26537e-08
4.1304e-05
-1.1879e-08
1.14985e-08
4.13018e-05
-9.95406e-09
1.15111e-08
4.12998e-05
-9.76312e-09
7.39153e-09
4.13038e-05
-7.85198e-09
8.58818e-09
4.13007e-05
-8.75353e-09
1.03537e-08
4.12998e-05
-1.63357e-08
2.06867e-08
4.1297e-05
-2.06106e-08
2.18692e-08
4.13001e-05
-2.4117e-08
2.1788e-08
4.13037e-05
-1.81421e-08
1.8847e-08
4.13007e-05
-2.09486e-08
2.07954e-08
4.13015e-05
-1.91052e-08
1.5607e-08
4.13049e-05
-8.87368e-09
3.17582e-09
4.13075e-05
2.02233e-09
-1.09469e-08
4.13121e-05
2.24841e-08
-4.16965e-08
4.13272e-05
3.90197e-08
-1.06212e-08
4.13248e-05
-2.26632e-08
2.25393e-07
4.14203e-05
-2.20343e-07
-2.41225e-06
4.12493e-05
-6.48622e-07
3.66438e-05
-1.11297e-06
3.77981e-05
-1.17828e-08
-1.14254e-06
-1.19529e-07
-1.12655e-06
3.82922e-05
-1.14983e-06
3.85574e-05
9.03852e-07
-1.169e-06
7.91214e-07
-1.11884e-06
3.86704e-05
-1.07433e-06
3.86619e-05
9.26317e-07
-9.17831e-07
8.0998e-07
-8.70577e-07
3.85606e-05
-7.57299e-07
3.84186e-05
7.52083e-07
-6.10006e-07
5.89473e-07
-5.54662e-07
3.82341e-05
-5.34868e-07
3.80531e-05
6.55674e-07
-4.74642e-07
4.72456e-07
-4.08273e-07
3.78669e-05
-4.27485e-07
3.76663e-05
5.88462e-07
-3.87803e-07
3.79545e-07
-3.25787e-07
3.74538e-05
-3.60951e-07
3.7247e-05
5.31044e-07
-3.24276e-07
2.17876e-07
-2.34538e-07
3.70307e-05
-2.96858e-07
3.68263e-05
4.66733e-07
-2.62331e-07
1.82492e-07
-1.82957e-07
3.66173e-05
-2.3389e-07
3.64247e-05
3.91336e-07
-1.98772e-07
9.90823e-08
-1.026e-07
3.6235e-05
-1.6947e-07
3.60597e-05
3.15068e-07
-1.39746e-07
2.11144e-08
-6.09307e-08
3.58968e-05
-1.0436e-07
3.57448e-05
2.26237e-07
-7.4203e-08
-1.48809e-07
3.06805e-08
3.56301e-05
-4.99684e-08
3.55024e-05
1.36697e-07
-8.98213e-09
-3.43668e-07
1.63109e-07
3.54114e-05
4.40613e-08
3.53082e-05
1.5379e-08
8.77895e-08
-4.22207e-07
2.4401e-07
3.52201e-05
1.46432e-07
3.51223e-05
-7.51771e-08
1.72957e-07
-6.18569e-07
3.18705e-07
3.5069e-05
2.09826e-07
3.51224e-05
-3.05225e-07
2.51767e-07
-7.47868e-07
2.99558e-07
3.49882e-05
1.07125e-07
3.51802e-05
-4.40293e-07
2.48359e-07
-8.19132e-07
3.18883e-07
3.51286e-05
1.59808e-07
3.53356e-05
-3.94678e-07
1.87665e-07
-9.237e-07
3.82003e-07
3.54228e-05
2.27999e-07
3.57898e-05
-6.15446e-07
2.48467e-07
-1.40215e-06
4.40059e-07
3.57399e-05
1.79037e-07
-1.07315e-06
4.17859e-07
-1.51544e-06
4.70114e-07
-1.94987e-06
5.99853e-07
-2.21472e-06
6.21005e-07
-1.98789e-06
6.83532e-07
-2.68739e-06
6.90292e-07
-2.34673e-06
6.14684e-07
-5.48297e-06
8.28593e-05
-3.90381e-06
7.89564e-05
-2.62896e-06
7.59116e-05
-1.44908e-06
7.34147e-05
7.18018e-05
-6.96716e-06
-7.89481e-06
-7.78791e-06
-6.59425e-06
4.08798e-05
5.78479e-07
-5.56767e-07
4.08581e-05
4.12711e-05
3.44203e-07
-2.10338e-07
4.11372e-05
4.129e-05
8.18586e-08
-4.59464e-08
4.12541e-05
4.12911e-05
6.58852e-09
1.14945e-08
4.1273e-05
4.12924e-05
-2.06988e-08
2.30586e-08
4.129e-05
4.12978e-05
-4.02311e-08
4.72428e-08
4.12908e-05
4.1302e-05
-4.0158e-08
4.23473e-08
4.12998e-05
4.12996e-05
-5.5432e-08
5.83589e-08
4.12967e-05
4.12999e-05
-6.56093e-08
6.88127e-08
4.12967e-05
4.12985e-05
-6.24224e-08
5.98491e-08
4.13011e-05
4.12949e-05
-6.72883e-08
6.80162e-08
4.12941e-05
4.13003e-05
-7.15126e-08
7.98416e-08
4.12919e-05
4.12983e-05
-8.11394e-08
7.1971e-08
4.13075e-05
4.13114e-05
-7.81198e-08
8.8953e-08
4.13006e-05
4.12965e-05
-9.37643e-08
8.67628e-08
4.13035e-05
4.1309e-05
-8.62547e-08
9.05266e-08
4.13047e-05
4.13028e-05
-9.44723e-08
8.54359e-08
4.13119e-05
4.13002e-05
-7.89307e-08
6.18112e-08
4.13173e-05
4.12892e-05
-4.7775e-08
1.45734e-08
4.13224e-05
4.12657e-05
1.46745e-08
-6.94373e-08
4.13205e-05
4.13369e-05
9.1313e-08
7.36245e-08
4.1172e-05
4.13119e-05
-3.17377e-07
8.3754e-07
4.07917e-05
4.03254e-05
-9.34178e-07
4.114e-05
4.11828e-05
-5.0057e-07
1.91185e-07
4.14922e-05
4.10739e-05
4.9288e-08
-1.12335e-07
4.1137e-05
4.12204e-05
-7.23584e-08
9.90957e-10
4.12726e-05
-1.07744e-07
4.22109e-08
4.12922e-05
-1.08562e-07
6.18845e-08
4.12984e-05
-1.2314e-07
9.31517e-08
4.12929e-05
-1.32325e-07
1.10926e-07
4.12988e-05
-1.3985e-07
1.27931e-07
4.12986e-05
-1.48028e-07
1.34847e-07
4.12935e-05
-1.54257e-07
1.53384e-07
4.12894e-05
-1.65362e-07
1.65399e-07
4.12937e-05
-1.65336e-07
1.64205e-07
4.1305e-05
-1.66643e-07
1.77092e-07
4.13058e-05
-1.67668e-07
1.77308e-07
4.1311e-05
-1.65108e-07
1.76926e-07
4.13193e-05
-1.5406e-07
1.77786e-07
4.13161e-05
-1.48297e-07
1.75719e-07
4.13168e-05
-1.27969e-07
1.58739e-07
4.12753e-05
-6.95169e-08
6.02522e-08
4.12445e-05
9.47104e-08
-9.41447e-08
4.12053e-05
2.11062e-07
1.24378e-08
4.11279e-05
3.51298e-08
1.48875e-07
4.13739e-05
1.08886e-07
4.20562e-05
4.17364e-05
-7.21658e-07
5.19891e-07
4.19382e-05
4.14145e-05
-3.46135e-07
4.14869e-05
4.21525e-05
3.11598e-07
4.26509e-05
4.20934e-05
-6.83762e-07
5.88604e-07
4.21886e-05
4.16636e-05
-4.98818e-07
4.16718e-05
4.25511e-05
1.68005e-07
4.29726e-05
4.22706e-05
-6.17008e-07
5.56419e-07
4.23312e-05
4.18012e-05
-5.22474e-07
4.1803e-05
4.2772e-05
9.25415e-08
4.3152e-05
4.2383e-05
-5.85625e-07
5.44877e-07
4.24237e-05
4.18965e-05
-5.13036e-07
4.18913e-05
4.29339e-05
-3.22217e-08
4.33456e-05
4.24684e-05
-5.38909e-07
5.20518e-07
4.24868e-05
4.19675e-05
-5.01622e-07
4.19562e-05
4.30549e-05
-3.00029e-07
4.35728e-05
4.25158e-05
-4.80719e-07
4.67671e-07
4.25288e-05
4.20003e-05
-4.60566e-07
4.19741e-05
4.3259e-05
-3.40719e-07
4.37822e-05
4.25378e-05
-4.05004e-07
3.97547e-07
4.25452e-05
4.20236e-05
-3.97434e-07
4.19889e-05
4.33716e-05
-5.70138e-07
4.40408e-05
4.2548e-05
-3.34815e-07
3.40711e-07
4.25421e-05
4.20109e-05
-3.53214e-07
4.19745e-05
4.36039e-05
-6.27337e-07
4.42524e-05
4.25482e-05
-2.40021e-07
2.41942e-07
4.25463e-05
4.20107e-05
-2.47542e-07
4.19822e-05
4.39094e-05
-8.50924e-07
4.46116e-05
4.25351e-05
-1.56731e-07
1.68583e-07
4.25233e-05
4.19729e-05
-1.83306e-07
4.19142e-05
4.41186e-05
-1.18225e-06
4.49572e-05
4.25326e-05
-5.45928e-09
1.54406e-08
4.25226e-05
4.19639e-05
-1.35578e-08
4.19619e-05
4.46591e-05
-1.19676e-06
4.54336e-05
4.25591e-05
4.21815e-08
-2.9602e-08
4.25466e-05
4.19498e-05
8.15394e-08
4.18768e-05
4.47539e-05
-1.44562e-06
4.55809e-05
4.25399e-05
3.42988e-07
-2.82314e-07
4.24792e-05
4.20378e-05
2.33426e-07
4.1973e-05
4.50191e-05
-1.86457e-06
4.61358e-05
4.25353e-05
8.16782e-07
-8.44397e-07
4.25629e-05
4.21334e-05
6.00356e-07
4.18359e-05
4.56079e-05
-2.35227e-06
4.71411e-05
4.26063e-05
7.2131e-07
-9.32966e-07
4.2818e-05
4.21505e-05
1.1461e-06
4.22395e-05
4.66155e-05
-1.92962e-06
4.76214e-05
4.28522e-05
1.1464e-06
-1.17804e-06
4.28838e-05
4.2249e-05
1.25458e-06
4.22409e-05
4.66915e-05
-3.14298e-06
4.84324e-05
4.32787e-05
1.79166e-06
-2.05653e-06
4.25638e-05
2.78486e-06
4.78609e-05
-3.31282e-06
4.96583e-05
4.85313e-05
-3.85933e-06
5.04408e-05
4.99393e-05
-4.92349e-06
5.26481e-05
5.19995e-05
-3.61342e-06
5.3625e-05
5.27426e-05
-5.4212e-06
5.54764e-05
5.55921e-05
-5.12033e-06
-1.00971e-06
-8.39688e-06
8.28037e-06
-7.58807e-06
6.57836e-06
-8.79014e-07
-8.1017e-06
7.8448e-06
-5.63049e-06
4.75147e-06
-6.89196e-07
-7.52807e-06
7.14181e-06
-3.94935e-06
3.26016e-06
-3.30995e-07
-6.75389e-06
6.35983e-06
-2.7775e-06
2.44651e-06
-1.6636e-07
-6.02018e-06
5.69328e-06
-2.2315e-06
2.06514e-06
-9.98825e-08
-5.40575e-06
5.13215e-06
-1.9444e-06
1.84451e-06
-7.71509e-08
-4.88823e-06
4.6651e-06
-1.76264e-06
1.68549e-06
-6.50878e-08
-4.48039e-06
4.29213e-06
-1.63567e-06
1.57058e-06
-3.85913e-08
-4.15279e-06
4.02306e-06
-1.52696e-06
1.48837e-06
-2.38606e-08
-3.93984e-06
3.85285e-06
-1.46898e-06
1.44512e-06
-2.23142e-09
-3.80284e-06
3.77573e-06
-1.4342e-06
1.43197e-06
4.81073e-09
-3.7961e-06
3.84493e-06
-1.44229e-06
1.4471e-06
2.43783e-08
-3.95809e-06
4.04777e-06
-1.49705e-06
1.52143e-06
5.23986e-08
-4.21506e-06
4.33915e-06
-1.59814e-06
1.65054e-06
6.26322e-08
-4.53589e-06
4.63524e-06
-1.7725e-06
1.83513e-06
5.2102e-08
-4.81156e-06
4.90165e-06
-1.95837e-06
2.01047e-06
4.61771e-08
-5.09553e-06
5.20528e-06
-2.13548e-06
2.18166e-06
7.85703e-08
-5.43713e-06
5.56704e-06
-2.33181e-06
2.41038e-06
4.06929e-08
-5.82088e-06
5.91881e-06
-2.5966e-06
2.63729e-06
7.1972e-08
-6.20062e-06
6.34347e-06
-2.8256e-06
2.89757e-06
5.1188e-08
-6.69224e-06
6.80551e-06
-3.14866e-06
3.19985e-06
1.04712e-07
-7.17104e-06
7.33741e-06
-3.45532e-06
3.56003e-06
1.36287e-07
-7.72866e-06
7.93378e-06
-3.85231e-06
3.98859e-06
1.37855e-07
-8.33485e-06
8.55051e-06
-4.27781e-06
4.41567e-06
-7.28714e-07
-9.47879e-07
-8.02118e-07
-4.82656e-07
-2.1501e-07
-1.2074e-07
-8.18687e-08
-4.98253e-08
-4.36236e-08
-1.93851e-08
-1.09187e-08
1.03162e-08
4.99548e-08
7.67107e-08
1.21963e-07
1.23232e-07
1.25011e-07
1.50156e-07
1.86219e-07
1.88303e-07
2.51089e-07
2.5547e-07
2.92277e-07
2.89221e-07
2.55526e-07
-1.00099e-06
-8.39082e-06
8.27884e-06
-7.58149e-06
6.5805e-06
-8.88386e-07
-8.09499e-06
7.83354e-06
-5.62181e-06
4.73343e-06
-6.91073e-07
-7.49152e-06
7.10826e-06
-3.90645e-06
3.21538e-06
-3.40401e-07
-6.68983e-06
6.27294e-06
-2.71598e-06
2.37558e-06
-1.78506e-07
-5.89939e-06
5.54303e-06
-2.13911e-06
1.96061e-06
-1.16859e-07
-5.21078e-06
4.90016e-06
-1.81821e-06
1.70135e-06
-9.31975e-08
-4.61307e-06
4.34531e-06
-1.60064e-06
1.50744e-06
-7.62064e-08
-4.10393e-06
3.88327e-06
-1.42456e-06
1.34835e-06
-6.22545e-08
-3.68922e-06
3.51758e-06
-1.28007e-06
1.21782e-06
-4.60305e-08
-3.37187e-06
3.24843e-06
-1.16476e-06
1.11873e-06
-2.79883e-08
-3.14837e-06
3.072e-06
-1.07905e-06
1.05106e-06
-1.26135e-08
-3.01739e-06
2.98003e-06
-1.03146e-06
1.01885e-06
7.58262e-09
-2.97271e-06
3.00919e-06
-1.01719e-06
1.02477e-06
3.14117e-08
-3.08063e-06
3.19565e-06
-1.04112e-06
1.07253e-06
6.42955e-08
-3.32396e-06
3.46949e-06
-1.11719e-06
1.18148e-06
4.48506e-08
-3.62284e-06
3.68511e-06
-1.2799e-06
1.32475e-06
6.91884e-08
-3.82865e-06
3.91927e-06
-1.42957e-06
1.49876e-06
9.08673e-08
-4.03647e-06
4.1736e-06
-1.56922e-06
1.66009e-06
5.1764e-08
-4.31917e-06
4.44644e-06
-1.76299e-06
1.81475e-06
-7.35295e-07
-9.58691e-07
-8.26971e-07
-4.99402e-07
-2.36463e-07
-1.42394e-07
-1.00714e-07
-8.28881e-08
-6.8276e-08
-5.30546e-08
-3.96875e-08
-1.9595e-08
-1.65866e-09
1.63487e-08
4.46539e-08
9.84147e-08
1.04823e-07
7.04612e-08
1.029e-07
1.59249e-07
2.32195e-05
-1.18049e-05
3.35148e-05
2.46357e-05
-7.13938e-06
2.93299e-05
-2.41313e-05
3.12714e-05
-2.84494e-05
3.32087e-05
-2.10218e-05
3.06472e-05
-1.64674e-06
2.48935e-05
2.07067e-05
1.35836e-05
4.62588e-05
-1.96722e-06
6.78302e-05
-2.41392e-05
0.00010148
-2.95015e-05
0.000140267
-2.7186e-05
0.000147334
-2.23817e-05
0.00014444
-1.91522e-05
0.000142277
-1.55877e-05
0.000140759
-1.23083e-05
0.000138936
-3.83936e-06
0.000137265
-5.26808e-06
-3.32983e-06
6.91126e-05
4.27832e-05
2.58014e-06
-4.20208e-07
1.64433e-05
-6.03319e-06
-1.75495e-05
2.01319e-05
-2.78199e-05
2.13321e-05
-2.96496e-05
1.94446e-05
-1.91343e-05
1.65306e-05
1.26732e-06
6.315e-06
3.09223e-05
-4.41208e-06
5.69859e-05
-2.04891e-05
8.39073e-05
-3.82e-05
0.000119191
-3.70397e-05
0.000139107
-3.17639e-05
0.000142058
-2.63998e-05
0.000139076
-2.15346e-05
0.000137412
-1.70323e-05
0.000136257
-1.26232e-05
0.000134526
-3.75967e-06
0.000133668
-5.26599e-06
-6.78718e-05
-3.10157e-06
6.72137e-05
-4.08735e-05
3.87762e-05
2.25882e-06
-1.61502e-07
-3.03267e-05
3.58454e-05
-2.35705e-05
-1.7831e-05
-1.32909e-05
-3.83383e-06
-6.58821e-05
-2.99491e-06
-3.68696e-05
2.00344e-06
2.75319e-08
2.2061e-06
-2.96377e-07
1.97262e-06
-6.60597e-08
6.57561e-05
4.02728e-06
6.39349e-05
6.30921e-05
3.93437e-06
6.11304e-05
5.59458e-06
-9.8697e-06
4.60255e-06
3.35135e-06
-1.2861e-06
-8.27385e-06
-1.6847e-05
-2.85316e-05
-4.426e-05
-4.7937e-05
-4.18076e-05
-1.29744e-07
-1.5199e-06
-1.76654e-06
-4.83162e-08
1.72849e-06
-1.84167e-06
1.85433e-06
-1.90264e-06
-4.96775e-09
1.88392e-06
1.92646e-06
-8.77836e-08
-2.38121e-08
-4.15337e-07
3.35781e-07
-6.1303e-05
-2.56269e-07
3.82267e-07
-6.28344e-05
-1.02979e-06
-2.61546e-07
-0.000121576
4.10299e-07
-0.000121736
6.78046e-06
-0.000109776
-2.45981e-05
-4.30046e-05
-5.00443e-08
-6.30985e-05
-6.22644e-05
-1.32547e-06
1.62676e-06
6.19052e-05
-1.8328e-06
2.13718e-06
6.32652e-05
7.0547e-06
0.000123224
-2.485e-06
-2.52908e-06
8.41021e-06
0.000122673
0.000113588
-9.09418e-07
-6.16289e-05
1.15632e-06
6.1382e-05
-6.30071e-05
-1.2692e-06
1.28152e-06
6.29947e-05
3.88352e-06
-1.17878e-06
-1.05713e-06
4.82051e-06
8.63274e-06
4.49724e-05
-4.13545e-07
4.41613e-05
1.18743e-06
-3.76285e-07
4.35513e-05
-2.99393e-07
7.68963e-07
-2.22327e-07
6.33472e-05
-1.46379e-06
1.63742e-06
6.31736e-05
6.28817e-05
-1.89552e-06
6.22482e-05
6.30607e-05
-8.47955e-07
8.10201e-07
6.23509e-05
-9.70576e-07
-7.45624e-08
6.57681e-07
-1.42027e-06
1.3457e-06
-7.7474e-08
-6.17242e-08
-1.04366e-06
-9.94899e-08
3.34178e-07
-5.34081e-07
1.14749e-06
-1.24698e-06
-1.03831e-07
-9.87267e-08
)
;

boundaryField
{
    inlet
    {
        type            calculated;
        value           nonuniform List<scalar> 
52
(
-3.53695e-05
-4.15086e-05
-3.86167e-05
-4.14397e-05
-4.16231e-05
-4.13191e-05
-4.13532e-05
-4.13045e-05
-4.13079e-05
-4.13023e-05
-4.13031e-05
-4.13015e-05
-4.13018e-05
-4.13014e-05
-4.13014e-05
-4.13014e-05
-4.13014e-05
-4.13014e-05
-4.13014e-05
-4.13014e-05
-4.13014e-05
-4.13014e-05
-4.13014e-05
-4.13014e-05
-4.13014e-05
-4.13014e-05
-4.13014e-05
-4.13014e-05
-4.13014e-05
-4.13014e-05
-4.13014e-05
-4.13014e-05
-4.13014e-05
-4.13014e-05
-4.13014e-05
-4.13018e-05
-4.13015e-05
-4.13031e-05
-4.13023e-05
-4.13079e-05
-4.13045e-05
-4.13532e-05
-4.13191e-05
-4.16231e-05
-4.14397e-05
-3.86167e-05
-4.15086e-05
-3.53695e-05
-8.31679e-06
-8.31679e-06
-8.31679e-06
-8.31679e-06
)
;
    }
    outlet
    {
        type            calculated;
        value           nonuniform List<scalar> 0();
    }
    wall
    {
        type            calculated;
        value           uniform 0;
    }
    empty_zmin
    {
        type            empty;
    }
    empty_zmax
    {
        type            empty;
    }
    procBoundary0to1
    {
        type            processor;
        value           nonuniform List<scalar> 
35
(
0.000133558
0.000130656
0.000130517
0.000129986
-5.36117e-06
0.000129572
6.50432e-05
3.48386e-05
6.01389e-05
-1.75807e-06
-2.68279e-05
-2.83984e-05
-1.44969e-05
8.25508e-06
3.94954e-05
6.86705e-05
9.96356e-05
0.000122868
0.000132978
0.000136096
-1.85142e-06
-1.93142e-06
6.13825e-05
6.27084e-05
0.000122462
4.05542e-07
0.000120296
0.000103406
2.15089e-05
4.26393e-05
6.3178e-05
6.23851e-05
-6.33163e-07
-1.44989e-06
2.96267e-08
)
;
    }
}


// ************************************************************************* //
