/*--------------------------------*- C++ -*----------------------------------*\
| =========                 |                                                 |
| \\      /  F ield         | OpenFOAM: The Open Source CFD Toolbox           |
|  \\    /   O peration     | Version:  2406                                  |
|   \\  /    A nd           | Website:  www.openfoam.com                      |
|    \\/     M anipulation  |                                                 |
\*---------------------------------------------------------------------------*/
FoamFile
{
    version     2.0;
    format      ascii;
    arch        "LSB;label=32;scalar=64";
    class       surfaceScalarField;
    location    "4.4";
    object      phi;
}
// * * * * * * * * * * * * * * * * * * * * * * * * * * * * * * * * * * * * * //

dimensions      [0 3 -1 0 0 0 0];

oriented        oriented;

internalField   nonuniform List<scalar> 
4489
(
8.73668e-06
9.90766e-05
-1.04007e-05
9.68972e-05
6.59161e-06
4.74797e-06
-6.41932e-06
0.000100748
4.47098e-06
9.71742e-05
9.40144e-05
-9.41462e-05
-3.51608e-07
4.83486e-07
-5.15308e-07
5.56849e-07
9.39728e-05
4.16229e-06
9.60743e-05
3.01998e-06
9.45492e-05
2.43901e-06
9.24981e-05
1.78432e-06
9.24991e-05
1.14198e-06
9.24828e-05
2.45293e-07
2.47427e-07
9.27024e-05
1.08293e-07
4.63437e-05
3.41667e-05
-2.93036e-08
-3.60069e-08
1.6456e-08
3.41956e-05
-4.53567e-08
4.5413e-05
-1.27742e-07
4.55572e-05
4.64633e-05
3.35085e-06
9.71944e-05
3.27334e-06
9.46267e-05
2.30714e-06
9.34644e-05
1.44812e-06
9.33581e-05
8.25357e-07
9.31056e-05
1.74753e-07
9.31763e-05
1.76684e-07
6.31585e-08
4.65749e-05
3.42258e-05
1.1158e-08
-4.14009e-08
5.35952e-07
9.3634e-05
-7.05646e-07
5.28146e-07
9.33659e-05
3.62749e-07
9.3271e-05
1.20678e-07
9.34314e-05
-1.30666e-08
-4.66955e-05
2.50877e-09
4.68137e-05
-3.42315e-05
3.42289e-05
8.35064e-08
-8.09215e-08
-4.57358e-09
9.35591e-05
7.95106e-08
6.1151e-08
9.33002e-05
-2.71077e-08
9.33592e-05
-8.88419e-08
9.36282e-05
-1.35057e-07
-4.68887e-05
-1.18013e-07
4.69179e-05
-3.41824e-05
3.41317e-05
1.40989e-07
-9.03186e-08
-6.34169e-09
9.3963e-05
-3.97561e-07
-2.54296e-07
9.35482e-05
-4.05301e-07
9.35102e-05
-2.13423e-07
9.36877e-05
-2.5134e-07
-4.69684e-05
-2.42113e-07
4.69971e-05
-3.40356e-05
3.3915e-05
2.28737e-07
-1.08167e-07
-1.61488e-09
9.41877e-05
-2.23093e-07
-2.22896e-07
9.37695e-05
-3.64284e-07
9.36516e-05
-2.26773e-07
9.38519e-05
-3.01683e-07
-4.70066e-05
-2.65703e-07
4.70456e-05
-3.37822e-05
3.36432e-05
2.56775e-07
-1.17714e-07
-1.60062e-07
2.01543e-07
-2.52849e-07
9.38622e-05
-4.01742e-07
9.38005e-05
-1.75227e-07
9.40285e-05
-4.03124e-07
-4.70485e-05
-2.33091e-07
4.71064e-05
-3.34932e-05
3.33374e-05
2.63962e-07
-1.08125e-07
-3.80706e-07
9.38913e-05
-4.69007e-07
9.38888e-05
-1.86779e-07
9.41312e-05
-3.84978e-07
-4.70906e-05
-2.45772e-07
4.71496e-05
-3.31618e-05
3.29817e-05
2.90633e-07
-1.10492e-07
-5.23656e-07
9.38997e-05
-5.63856e-07
9.3929e-05
-2.17521e-07
9.4228e-05
-4.43096e-07
-4.71414e-05
-2.63227e-07
4.71871e-05
-3.28008e-05
3.26139e-05
2.83153e-07
-9.63242e-08
-2.4882e-07
9.42414e-05
-4.83179e-07
7.18616e-07
-4.71544e-05
-2.82394e-07
4.7188e-05
-3.24134e-05
3.21948e-05
2.99185e-07
-8.06786e-08
-2.62853e-07
9.41886e-05
-4.96969e-07
8.12593e-07
-4.71409e-05
-2.91541e-07
4.71695e-05
-3.1975e-05
3.17489e-05
2.9408e-07
-6.79862e-08
-3.29319e-07
-5.20702e-07
9.03962e-07
9.41347e-05
-4.71186e-05
-3.37997e-07
4.71273e-05
-3.15176e-05
3.12703e-05
3.10757e-07
-6.3473e-08
5.87374e-08
-6.4406e-08
1.42121e-07
-9.55574e-08
1.93477e-07
-9.73889e-08
2.4971e-07
-1.16885e-07
2.67216e-07
-1.17313e-07
2.87707e-07
-1.1209e-07
2.86779e-07
-1.05888e-07
2.8848e-07
-8.78968e-08
2.93733e-07
-7.39168e-08
2.96764e-07
-6.54153e-08
3.09191e-07
-5.69943e-08
3.10181e-05
4.56315e-05
-5.60835e-08
4.57463e-05
4.58323e-05
8.80654e-08
4.58864e-05
4.59094e-05
1.85624e-07
4.59172e-05
4.59039e-05
2.60856e-07
4.58927e-05
4.58838e-05
3.04614e-07
4.58464e-05
4.58773e-05
3.87391e-07
4.57776e-05
4.58224e-05
3.76739e-07
4.57325e-05
4.57524e-05
4.10394e-07
4.56305e-05
4.56473e-05
4.36065e-07
4.55049e-05
4.55075e-05
4.4605e-07
4.53582e-05
4.5331e-05
4.66261e-07
4.51739e-05
4.70729e-05
-1.66718e-08
3.41445e-06
1.31224e-06
-1.96564e-08
3.38875e-06
1.29258e-06
-1.7937e-08
3.36529e-06
1.27464e-06
-3.15036e-08
-3.3267e-06
3.27729e-06
-1.24882e-06
1.21732e-06
-3.55619e-08
-3.21904e-06
3.16428e-06
-1.18001e-06
1.14445e-06
-3.88503e-08
-3.10261e-06
3.03329e-06
-1.10874e-06
1.06989e-06
-4.31069e-08
-2.9589e-06
2.88429e-06
-1.0274e-06
9.84289e-07
-3.67032e-08
-2.80916e-06
2.73773e-06
-9.42109e-07
9.05406e-07
-3.68625e-08
-2.66276e-06
2.58913e-06
-8.68289e-07
8.31426e-07
-3.21893e-08
-2.51896e-06
2.45482e-06
-7.95713e-07
7.63524e-07
-2.5401e-08
-2.39517e-06
2.33989e-06
-7.35281e-07
7.0988e-07
-2.00643e-08
-2.28844e-06
2.24052e-06
-6.87414e-07
6.67349e-07
-1.90501e-08
-2.19432e-06
2.1499e-06
-6.48131e-07
6.29081e-07
-2.58195e-08
-3.73074e-08
-3.57158e-08
-4.24903e-08
-4.21795e-08
-3.71172e-08
-3.57134e-08
-2.82428e-08
-2.2466e-08
-1.92186e-08
-1.65065e-08
2.10941e-06
6.12574e-07
4.1511e-06
8.21978e-05
-8.37807e-05
-2.56814e-06
7.14469e-06
7.99136e-05
-8.29072e-05
1.02945e-05
7.97506e-05
-8.29004e-05
1.36118e-05
7.85037e-05
-8.1821e-05
7.4854e-05
-7.8347e-05
1.71048e-05
4.29507e-07
8.38544e-05
-8.42886e-05
4.75516e-09
1.26852e-06
8.13588e-05
3.43176e-06
7.77503e-05
7.33394e-06
7.58484e-05
1.09987e-05
7.48389e-05
1.28105e-05
7.30421e-05
1.29667e-05
7.18248e-05
-7.1981e-05
1.05512e-05
7.033e-05
-6.79145e-05
4.17187e-06
7.6766e-05
-7.03867e-05
-2.18587e-06
8.62293e-05
-7.98716e-05
-3.96461e-06
9.30704e-05
-9.12916e-05
-3.08891e-06
9.49851e-05
-9.58608e-05
-2.1534e-06
9.35333e-05
-9.44688e-05
-1.47393e-06
9.24634e-05
-9.31429e-05
-1.09674e-06
9.17078e-05
-9.2085e-05
-8.41136e-07
9.13615e-05
-9.16171e-05
9.12515e-05
-7.29757e-07
-9.13629e-05
-9.84799e-07
7.41132e-07
8.4098e-05
-9.21098e-07
8.12951e-05
-7.12953e-08
7.69005e-05
2.66747e-06
7.31096e-05
5.24844e-06
7.2258e-05
6.4288e-06
7.18618e-05
5.92502e-06
7.23286e-05
1.39337e-06
7.48617e-05
-4.3298e-06
8.24891e-05
-6.74979e-06
8.86493e-05
-6.2647e-06
9.25853e-05
-4.46465e-06
9.31851e-05
-3.07077e-06
9.21394e-05
-2.15513e-06
9.15478e-05
-1.60227e-06
9.11549e-05
-1.1955e-06
9.09547e-05
-9.52269e-07
9.10083e-05
-3.38471e-07
5.82757e-07
4.21577e-05
-4.2402e-05
-7.02159e-07
7.35607e-07
4.68391e-05
-4.68726e-05
9.31285e-05
-8.03389e-07
-9.68354e-07
-9.34848e-05
2.12804e-06
-1.6545e-07
-4.19047e-05
4.2675e-07
4.16434e-05
-4.67011e-05
-6.3246e-07
7.7299e-07
4.65605e-05
9.24602e-05
-9.1736e-07
-1.01881e-06
2.60451e-06
2.42528e-08
-4.13666e-05
2.60341e-07
4.1082e-05
-4.63355e-05
-5.37962e-07
7.84277e-07
4.60891e-05
3.29743e-06
9.12824e-05
-1.00896e-06
-1.11072e-06
4.71588e-06
9.11108e-05
-9.25293e-05
6.6185e-06
9.07431e-05
-9.26458e-05
9.34078e-06
9.10378e-05
-9.37601e-05
9.08522e-05
-9.36384e-05
1.2127e-05
1.16511e-07
-4.07999e-05
1.51987e-07
4.05314e-05
-4.57697e-05
-4.54188e-07
7.94825e-07
4.54291e-05
3.98468e-06
8.95281e-05
-1.09229e-06
-1.13811e-06
5.92686e-06
8.91686e-05
8.09806e-06
8.85719e-05
1.07285e-05
8.84073e-05
1.38712e-05
8.77095e-05
8.63323e-05
-8.83809e-05
1.59197e-05
1.9609e-07
-4.0283e-05
1.33475e-08
4.00736e-05
-4.50728e-05
-3.36674e-07
6.51781e-07
4.47577e-05
4.06082e-06
8.757e-05
-1.0166e-06
-1.08612e-06
6.14638e-06
8.70831e-05
8.57924e-06
8.61391e-05
1.11831e-05
8.58034e-05
1.38611e-05
8.50316e-05
8.41567e-05
1.60367e-05
1.73501e-07
-3.99007e-05
-5.23806e-08
3.97796e-05
-4.44378e-05
-2.59531e-07
5.69471e-07
4.41279e-05
3.14497e-06
8.62126e-05
-8.73956e-07
-9.13585e-07
4.84423e-06
8.53838e-05
7.20258e-06
1.00988e-05
1.223e-05
1.45658e-05
8.52796e-08
-3.97096e-05
-6.56139e-08
3.96899e-05
-4.38001e-05
-1.04759e-07
3.72775e-07
4.35321e-05
1.47296e-06
-5.28286e-07
-3.93686e-07
8.56616e-05
2.47716e-05
-2.39408e-08
-2.50861e-05
2.45184e-05
2.70874e-07
-1.76894e-08
2.43547e-05
-1.79418e-09
2.42856e-05
5.45563e-08
1.45594e-08
2.42828e-05
2.70301e-08
2.43185e-05
-6.70565e-08
3.14452e-08
2.4401e-05
3.39406e-08
2.45262e-05
-1.6534e-07
4.01463e-08
2.46759e-05
4.6431e-08
2.48269e-05
-1.97557e-07
4.65688e-08
2.49585e-05
4.18236e-08
2.50524e-05
-1.29038e-07
3.52189e-08
2.51091e-05
2.85791e-08
-5.0981e-08
2.39992e-08
2.5136e-05
4.61678e-05
-4.62872e-05
-5.23881e-07
6.95204e-07
4.59964e-05
4.68207e-05
-4.68885e-05
-8.33267e-07
4.66856e-05
4.57907e-05
-3.31305e-07
5.83041e-07
4.5539e-05
4.65413e-05
-8.08137e-07
4.63306e-05
4.52614e-05
-2.15123e-07
5.12687e-07
4.49638e-05
4.61059e-05
-8.32077e-07
4.58273e-05
4.46616e-05
-8.30228e-08
3.986e-07
4.4346e-05
4.55298e-05
-7.54949e-07
4.51466e-05
4.40227e-05
2.47047e-08
3.10805e-07
4.36872e-05
4.47818e-05
-6.30659e-07
4.43263e-05
4.33753e-05
5.90118e-08
2.04318e-07
4.31119e-05
4.40219e-05
-5.32069e-07
4.36403e-05
4.29416e-05
7.30583e-08
9.26993e-09
4.28592e-05
3.9712e-05
4.34848e-05
-1.93373e-07
4.32845e-05
4.3348e-05
-1.11409e-08
1.76121e-06
-1.77401e-06
5.41303e-07
-5.52444e-07
-3.97047e-09
-1.75359e-06
1.75577e-06
-5.31235e-07
5.27265e-07
7.98636e-09
-1.76769e-06
1.78673e-06
-5.29907e-07
5.37893e-07
1.04538e-08
-1.80844e-06
1.83192e-06
-5.47632e-07
5.58086e-07
1.72752e-08
-1.8585e-06
1.88765e-06
-5.71658e-07
5.88933e-07
1.71975e-08
-1.91587e-06
1.94049e-06
-6.07287e-07
6.24485e-07
1.31853e-08
-1.96056e-06
1.97596e-06
-6.39634e-07
6.52819e-07
-1.00679e-08
2.64246e-09
9.73838e-09
1.35719e-08
1.83547e-08
1.51488e-08
1.22676e-08
1.98769e-06
6.65087e-07
2.41458e-08
-9.19914e-08
3.97798e-05
7.8491e-08
-1.55662e-08
4.32851e-05
8.56062e-05
-5.58921e-09
6.57527e-08
-6.2339e-07
9.14527e-05
-9.15591e-05
-2.48839e-07
9.17222e-05
-2.82271e-07
-9.18145e-05
-2.03435e-07
4.54066e-05
-4.5452e-05
2.47013e-05
1.11038e-07
-6.03122e-09
-2.48063e-05
-6.22732e-08
-3.98731e-05
-5.94978e-08
3.99949e-05
-4.32893e-05
1.20494e-07
-1.53352e-07
4.33222e-05
8.58863e-05
2.12722e-07
2.48361e-07
-7.06321e-07
9.12068e-05
-2.36214e-07
9.15212e-05
-2.69093e-07
-4.53253e-05
-1.66526e-07
4.52556e-05
-2.46177e-05
2.45532e-05
6.40231e-08
4.21124e-10
-2.71005e-07
-4.01526e-05
7.35841e-08
4.035e-05
-4.34275e-05
1.61972e-07
-3.50764e-07
4.36163e-05
-2.03137e-06
8.66691e-05
5.55481e-07
6.93045e-07
-2.55591e-06
8.46226e-05
-2.83623e-06
8.15754e-05
-3.06301e-06
7.71273e-05
-2.58762e-06
7.26342e-05
-1.40473e-06
7.10751e-05
-3.74899e-07
7.08319e-05
-2.68024e-06
7.46339e-05
-7.54877e-06
7.97302e-05
-9.94201e-06
8.48824e-05
-9.88075e-06
8.8588e-05
-8.09724e-06
9.08018e-05
-5.83485e-06
9.09227e-05
-4.42051e-06
9.07251e-05
-3.34357e-06
9.04708e-05
-2.56353e-06
9.03749e-05
-1.89067e-06
9.02818e-05
-1.37184e-06
9.04895e-05
-9.25126e-07
9.076e-05
-2.38296e-07
9.10977e-05
-2.63343e-07
-4.51565e-05
-1.46741e-07
4.5065e-05
-2.4505e-05
2.44694e-05
3.07517e-08
4.84654e-09
-3.94488e-07
-4.0579e-05
1.43932e-07
4.08296e-05
-4.39287e-05
2.42422e-07
-6.47984e-07
4.43343e-05
-4.29454e-06
8.865e-05
1.12211e-06
1.19155e-06
-5.76876e-06
8.60968e-05
-6.49457e-06
8.23012e-05
-6.19481e-06
7.68276e-05
-6.00223e-06
7.24416e-05
-5.93469e-06
7.10075e-05
-7.29129e-06
7.21885e-05
-1.05548e-05
7.78975e-05
-1.27692e-05
8.19445e-05
-1.28955e-05
8.50087e-05
-1.18881e-05
8.75806e-05
-9.65167e-06
8.85654e-05
-7.45443e-06
8.87255e-05
-5.89764e-06
8.91683e-05
-4.52302e-06
8.90962e-05
-3.42817e-06
8.928e-05
-2.51367e-06
8.93673e-05
-1.7428e-06
8.97186e-05
-1.11043e-06
9.01277e-05
-2.2627e-07
9.04602e-05
-2.46638e-07
-4.49504e-05
-1.22385e-07
4.48465e-05
-2.44436e-05
2.44232e-05
1.28901e-08
7.4385e-09
-3.3627e-07
-4.10772e-05
1.13578e-07
4.12999e-05
-4.47664e-05
3.29738e-07
-8.08825e-07
4.52455e-05
-5.67418e-06
9.14418e-05
1.4403e-06
1.44205e-06
-8.50954e-06
8.89322e-05
-1.00991e-05
8.38907e-05
-9.82662e-06
7.65551e-05
-1.03857e-05
7.30007e-05
-1.22126e-05
7.28345e-05
-1.51587e-05
7.51346e-05
-1.59107e-05
7.86495e-05
-1.52023e-05
8.12362e-05
-1.42079e-05
8.40143e-05
-1.23284e-05
8.57011e-05
-1.00956e-05
8.63326e-05
-8.15547e-06
8.67853e-05
-6.2466e-06
8.72594e-05
-4.71292e-06
8.75625e-05
-3.43706e-06
8.80042e-05
-2.43313e-06
8.83634e-05
-1.63093e-06
8.89164e-05
-1.01281e-06
8.95096e-05
-2.01821e-07
8.98882e-05
-2.3906e-07
-4.47151e-05
-9.10974e-08
4.46044e-05
-2.44071e-05
2.43928e-05
5.40677e-09
8.93149e-09
-1.7772e-07
-4.14787e-05
4.61855e-08
4.16103e-05
-4.57046e-05
3.67149e-07
-8.43748e-07
4.61811e-05
-4.55526e-06
9.3437e-05
1.32488e-06
1.23518e-06
-7.78317e-06
9.21601e-05
-1.13353e-05
8.74428e-05
-1.30854e-05
7.83052e-05
-1.50671e-05
7.49824e-05
-1.71456e-05
7.49129e-05
-1.86643e-05
7.66533e-05
-1.79682e-05
7.79534e-05
-1.63398e-05
7.96078e-05
-1.40534e-05
8.17279e-05
-1.11047e-05
8.27524e-05
-8.86189e-06
8.40898e-05
-7.06018e-06
8.49836e-05
-5.03382e-06
8.52331e-05
-3.61347e-06
8.61422e-05
-2.45026e-06
8.6841e-05
-1.62253e-06
8.75357e-05
-1.04681e-06
8.83407e-05
-6.54246e-07
8.9117e-05
-1.7992e-07
8.96191e-05
-2.05209e-07
-4.44578e-05
-9.21643e-08
4.437e-05
-2.43752e-05
2.43459e-05
2.13563e-08
7.99377e-09
-7.72249e-08
-4.16832e-05
7.54636e-08
4.1685e-05
-4.6633e-05
1.34919e-07
-5.02858e-07
4.70009e-05
-1.86301e-06
9.41969e-05
7.37676e-07
3.65411e-07
-4.11274e-06
9.44098e-05
-8.60439e-06
9.19345e-05
-1.32285e-05
8.29294e-05
-1.57099e-05
7.74638e-05
-1.69607e-05
7.61638e-05
-1.76499e-05
7.73424e-05
-1.79383e-05
7.82418e-05
-1.6671e-05
7.83405e-05
-1.34802e-05
7.85371e-05
-9.79848e-06
7.90707e-05
-6.70709e-06
8.09984e-05
-4.70025e-06
8.29767e-05
-2.99051e-06
8.35233e-05
-1.83255e-06
8.49842e-05
-1.0657e-06
8.60741e-05
-6.22009e-07
8.7092e-05
-3.9292e-07
8.81116e-05
-2.88493e-07
8.90126e-05
-1.21915e-07
8.95874e-05
-1.34843e-07
-4.42687e-05
-1.05228e-07
4.4252e-05
-2.42962e-05
2.42222e-05
7.35058e-08
5.44203e-10
-1.8157e-08
-4.15883e-05
1.98272e-07
4.14082e-05
-4.72181e-05
-2.15455e-07
1.77912e-07
4.72556e-05
4.41613e-07
9.42194e-05
-1.40534e-07
-3.23567e-07
-1.31017e-07
9.49824e-05
-2.83472e-06
9.46382e-05
-8.31477e-06
8.84094e-05
-1.22659e-05
8.1415e-05
-1.39567e-05
7.78545e-05
-1.50865e-05
7.84722e-05
-1.62075e-05
7.93627e-05
-1.51718e-05
7.73048e-05
-1.18354e-05
7.52008e-05
-8.11478e-06
7.535e-05
-4.4931e-06
7.73767e-05
-2.19813e-06
8.06818e-05
-9.0922e-07
8.22344e-05
-2.47207e-07
8.43222e-05
-6.70371e-08
8.58939e-05
-6.45437e-08
8.70895e-05
-1.12024e-07
8.81591e-05
-1.51025e-07
8.90516e-05
-9.21314e-08
8.96376e-05
-1.09142e-07
-4.42288e-05
-1.17146e-07
4.42539e-05
-2.41274e-05
2.40181e-05
1.15559e-07
-6.28869e-09
8.25357e-08
-4.11684e-05
1.93141e-07
4.08927e-05
-4.72207e-05
-3.31643e-07
3.95043e-07
4.71573e-05
1.30548e-06
9.40015e-05
-4.47001e-07
-6.40523e-07
1.72305e-06
9.45649e-05
1.36878e-06
9.49925e-05
-1.90383e-06
9.1682e-05
-6.59465e-06
8.61058e-05
-9.39621e-06
8.06561e-05
-9.55789e-06
7.86339e-05
-1.03275e-05
8.01323e-05
-9.99899e-06
7.69763e-05
-7.67422e-06
7.2876e-05
-5.13587e-06
7.28117e-05
-2.06635e-06
7.43072e-05
1.63994e-07
7.84514e-05
7.24936e-07
8.16735e-05
5.84623e-07
8.44625e-05
4.03003e-07
8.60756e-05
2.70291e-07
8.72222e-05
1.50287e-07
8.82791e-05
3.53478e-08
8.91665e-05
-6.652e-08
8.98033e-05
-6.37927e-08
-4.42595e-05
-1.26551e-07
4.43195e-05
-2.39006e-05
2.37699e-05
1.42392e-07
-1.16637e-08
2.66006e-08
-4.05964e-05
2.82997e-07
4.02868e-05
-4.70508e-05
-5.39398e-07
6.74412e-07
4.69158e-05
2.17529e-06
9.35839e-05
-7.88089e-07
-9.69622e-07
2.76084e-06
9.39793e-05
3.57538e-06
9.41779e-05
3.05394e-06
9.22035e-05
2.72927e-07
8.88868e-05
-3.37811e-06
8.43071e-05
-5.01083e-06
8.02666e-05
-4.24931e-06
7.93708e-05
-2.57764e-06
7.53046e-05
-1.84105e-06
7.21394e-05
-9.5202e-07
7.19226e-05
8.9523e-07
7.246e-05
2.28102e-06
7.70656e-05
2.17703e-06
8.17775e-05
1.83577e-06
8.48038e-05
1.53962e-06
8.63717e-05
1.12591e-06
8.76359e-05
7.11678e-07
8.86933e-05
3.56454e-07
8.95217e-05
4.44187e-10
9.01661e-05
-6.84878e-09
-4.43636e-05
-1.04107e-07
4.44681e-05
-2.36331e-05
2.34997e-05
1.48671e-07
-1.52603e-08
-1.75264e-08
-3.99578e-05
3.62064e-07
3.96132e-05
-4.67238e-05
-6.5613e-07
8.7162e-07
4.65083e-05
3.15054e-06
9.26991e-05
-1.04135e-06
-1.22442e-06
4.43461e-06
9.26952e-05
5.71732e-06
9.28952e-05
6.33909e-06
9.15817e-05
6.12045e-06
8.91054e-05
4.07794e-06
8.63496e-05
2.39319e-06
8.19514e-05
2.88411e-06
7.88799e-05
2.71374e-06
7.5475e-05
2.55186e-06
7.23013e-05
3.47454e-06
7.1e-05
4.44162e-06
7.14929e-05
5.0898e-06
7.64174e-05
4.83938e-06
8.20279e-05
4.18472e-06
8.54584e-05
3.09501e-06
8.74614e-05
2.08675e-06
8.86442e-05
1.27201e-06
8.9508e-05
6.48243e-07
9.01455e-05
4.77844e-08
9.07362e-05
3.03799e-08
-4.45467e-05
-7.88928e-08
4.46734e-05
-2.33777e-05
2.32734e-05
1.16266e-07
-1.19311e-08
-5.33611e-08
-3.92615e-05
3.81971e-07
3.89329e-05
-4.6218e-05
-6.93348e-07
1.01096e-06
4.59004e-05
3.79381e-06
9.14648e-05
-1.23738e-06
-1.32208e-06
5.45514e-06
9.10339e-05
7.53876e-06
9.08116e-05
8.8427e-06
9.02778e-05
9.48448e-06
8.84636e-05
9.62236e-06
8.62118e-05
7.76015e-06
8.38136e-05
6.69801e-06
7.9942e-05
6.30893e-06
7.5864e-05
6.57724e-06
7.2033e-05
7.37439e-06
7.02028e-05
7.7238e-06
7.11435e-05
8.09578e-06
7.60455e-05
7.2342e-06
8.28895e-05
5.52523e-06
8.71674e-05
3.74886e-06
8.92378e-05
2.37339e-06
9.00196e-05
1.40005e-06
9.04814e-05
6.87567e-07
9.0858e-05
7.1137e-08
9.13036e-05
4.90621e-08
-4.47675e-05
-5.47301e-08
4.48933e-05
-2.3185e-05
2.31144e-05
7.74759e-08
-6.87586e-09
-1.1137e-07
-3.86402e-05
3.55914e-07
3.83957e-05
-4.55901e-05
-6.71326e-07
9.44215e-07
4.53172e-05
4.3254e-06
8.97133e-05
-1.21654e-06
-1.35737e-06
6.20547e-06
8.91538e-05
8.40695e-06
8.86101e-05
1.05246e-05
8.81601e-05
1.18265e-05
8.71617e-05
1.27234e-05
8.53148e-05
1.30432e-05
8.34939e-05
1.26408e-05
8.03444e-05
1.10424e-05
7.74624e-05
1.01923e-05
7.28831e-05
9.87367e-06
7.05214e-05
9.53145e-06
7.14857e-05
9.3487e-06
7.62282e-05
7.31137e-06
8.49268e-05
4.75577e-06
8.9723e-05
2.92979e-06
9.10638e-05
1.70479e-06
9.12446e-05
9.58199e-07
9.1228e-05
4.2006e-07
9.13961e-05
5.93829e-08
9.16579e-05
6.39719e-09
-4.49872e-05
-4.35292e-08
4.50902e-05
-2.30557e-05
2.30059e-05
5.32029e-08
-3.3332e-09
-1.6272e-07
-3.82154e-05
2.7783e-07
3.81003e-05
-4.50008e-05
-5.78848e-07
8.72659e-07
4.4707e-05
4.2637e-06
8.78588e-05
-1.16571e-06
-1.24352e-06
6.03217e-06
8.73854e-05
8.14562e-06
8.64967e-05
1.0914e-05
8.53917e-05
1.32131e-05
8.48626e-05
1.47833e-05
8.37447e-05
1.59673e-05
8.23099e-05
1.63489e-05
7.99627e-05
1.55666e-05
7.82447e-05
1.45116e-05
7.39382e-05
1.29372e-05
7.20957e-05
1.10336e-05
7.33894e-05
8.3335e-06
7.89283e-05
4.72236e-06
8.85379e-05
2.30321e-06
9.21421e-05
1.10495e-06
9.2262e-05
4.5828e-07
9.18913e-05
1.57195e-07
9.15291e-05
-6.24727e-08
9.16158e-05
-2.8331e-08
9.17611e-05
-1.37369e-07
-4.51511e-05
-7.9042e-08
4.52018e-05
-2.29591e-05
2.29133e-05
4.92947e-08
-3.487e-09
-1.19428e-07
-3.80357e-05
1.52903e-07
3.80022e-05
-4.44226e-05
-4.01188e-07
7.04749e-07
4.41191e-05
3.46143e-06
8.63944e-05
-9.9409e-07
-1.00287e-06
5.04003e-06
8.58068e-05
7.0357e-06
8.4501e-05
9.84517e-06
8.25823e-05
1.26412e-05
8.20665e-05
1.52904e-05
8.10955e-05
1.72248e-05
8.03755e-05
1.71703e-05
8.00172e-05
1.69086e-05
7.85065e-05
1.59667e-05
7.48801e-05
1.3461e-05
7.46015e-05
9.58104e-06
7.72693e-05
4.60465e-06
8.39047e-05
1.2959e-06
9.18467e-05
2.50799e-08
9.3413e-05
-3.99463e-07
9.26866e-05
-5.07859e-07
9.19997e-05
-4.96802e-07
9.1518e-05
-4.44235e-07
9.15632e-05
-1.19506e-07
9.1654e-05
-2.17678e-07
-4.51819e-05
-1.34099e-07
4.51965e-05
-2.28689e-05
2.28263e-05
4.43976e-08
-1.88223e-09
1.18898e-09
-3.79964e-05
-4.15499e-08
3.80368e-05
-4.38089e-05
-6.67633e-08
3.58571e-07
4.3517e-05
2.05592e-06
8.54792e-05
-5.49321e-07
-5.91438e-07
3.30076e-06
8.45619e-05
4.70687e-06
8.30949e-05
7.09435e-06
8.01948e-05
9.93318e-06
7.92277e-05
1.2146e-05
7.88827e-05
1.43977e-05
7.81237e-05
1.52119e-05
7.9203e-05
1.50032e-05
7.87153e-05
1.32585e-05
7.66248e-05
9.84639e-06
7.80136e-05
5.01832e-06
8.20974e-05
4.85136e-07
8.84378e-05
-9.90591e-07
9.33224e-05
-1.09813e-06
9.35205e-05
-1.02977e-06
9.26182e-05
-9.53252e-07
9.19232e-05
-8.50506e-07
9.14152e-05
-6.98093e-07
9.14108e-05
-1.82018e-07
9.1447e-05
-3.09017e-07
-4.51214e-05
-1.5739e-07
4.50968e-05
-2.27877e-05
2.27445e-05
4.38509e-08
-6.84527e-10
9.20559e-08
-3.81408e-05
-2.20362e-07
3.82691e-05
-4.32306e-05
1.71991e-07
1.17677e-08
4.30469e-05
7.62215e-07
8.49199e-05
-8.769e-08
-1.15234e-07
1.66343e-06
8.36607e-05
2.72497e-06
8.20333e-05
3.90082e-06
7.9019e-05
5.72958e-06
7.73989e-05
6.81053e-06
7.78017e-05
7.68848e-06
7.72457e-05
8.59365e-06
7.82978e-05
8.43167e-06
7.88772e-05
6.52149e-06
7.8535e-05
3.17589e-06
8.13592e-05
-5.2704e-07
8.58003e-05
-2.56779e-06
9.04786e-05
-2.31133e-06
9.3066e-05
-1.70904e-06
9.29182e-05
-1.45147e-06
9.23606e-05
-1.36289e-06
9.18346e-05
-1.31757e-06
9.13699e-05
-1.07139e-06
9.11646e-05
-2.67098e-07
9.10986e-05
-4.55951e-07
-4.49656e-05
-2.24032e-07
4.49226e-05
-2.26985e-05
2.26354e-05
6.62523e-08
-3.19844e-09
1.40722e-07
-3.84198e-05
-2.76558e-07
3.85557e-05
-4.29309e-05
2.36604e-07
-2.02596e-07
4.28969e-05
-3.44395e-07
8.50085e-05
2.53095e-07
2.72046e-09
-1.499e-07
8.34662e-05
7.38823e-07
8.11446e-05
1.20507e-06
7.85527e-05
1.51429e-06
7.70897e-05
2.43218e-06
7.68839e-05
2.15613e-06
7.75218e-05
2.55333e-06
7.79006e-05
2.65115e-06
7.87794e-05
4.8485e-07
8.07013e-05
-1.98417e-06
8.38282e-05
-3.88917e-06
8.77053e-05
-3.9533e-06
9.05427e-05
-3.04054e-06
9.21532e-05
-2.44429e-06
9.2322e-05
-2.04942e-06
9.19658e-05
-1.87161e-06
9.16568e-05
-1.8897e-06
9.1388e-05
-1.78609e-06
9.1061e-05
-4.35633e-07
9.05057e-05
-7.5751e-07
-4.4734e-05
-3.37364e-07
4.46357e-05
-2.25569e-05
2.24572e-05
1.05568e-07
-5.8192e-09
3.09046e-08
-3.87427e-05
-8.87469e-08
3.88006e-05
-4.28202e-05
7.09168e-08
-5.86404e-08
4.28079e-05
-1.75217e-06
4.3146e-05
2.92259e-07
3.12213e-07
4.30102e-05
-2.37762e-06
4.21269e-05
4.19648e-05
-2.24842e-06
4.05968e-05
4.04187e-05
-1.88744e-06
3.90934e-05
3.90983e-05
-1.91058e-06
3.86759e-05
3.8437e-05
-1.19138e-06
3.79914e-05
3.81732e-05
-9.94051e-07
3.86592e-05
3.86653e-05
-1.07901e-06
3.88938e-05
3.90918e-05
-2.08546e-06
3.9811e-05
3.99748e-05
-4.68032e-06
4.15384e-05
4.17577e-05
-5.91266e-06
4.24737e-05
4.25868e-05
-6.29735e-06
4.38965e-05
4.41935e-05
-5.97838e-06
4.50007e-05
4.5223e-05
-5.18024e-06
4.57087e-05
4.56463e-05
-4.27845e-06
4.57954e-05
4.56248e-05
-3.46744e-06
4.56188e-05
4.5536e-05
-2.90204e-06
4.5635e-05
4.54564e-05
-2.57897e-06
4.55675e-05
4.54974e-05
-2.55389e-06
4.57082e-05
4.53277e-05
-7.93159e-07
4.55434e-05
-1.47607e-06
4.46777e-05
-4.4305e-05
-6.0306e-07
4.41149e-05
-2.23262e-05
2.21214e-05
2.03846e-07
9.5817e-10
-7.50166e-07
-3.87832e-05
9.67508e-07
3.85659e-05
-4.30134e-05
-4.28544e-07
-2.10844e-07
4.36528e-05
7.24728e-07
-1.12676e-06
4.3548e-05
1.28261e-06
-1.52152e-06
4.23658e-05
1.57491e-06
-1.69745e-06
4.07193e-05
1.67073e-06
-1.66444e-06
3.90871e-05
1.50976e-06
-1.34205e-06
3.85081e-05
1.40876e-06
-1.69099e-06
3.82736e-05
1.59322e-06
-1.43772e-06
3.85037e-05
1.62632e-06
-1.75552e-06
3.9023e-05
1.63202e-06
-1.79194e-06
3.9971e-05
2.58605e-06
-3.04671e-06
4.1999e-05
3.23338e-06
-3.34015e-06
4.25805e-05
3.60877e-06
-3.62975e-06
4.39175e-05
3.55155e-06
-3.2473e-06
4.46965e-05
3.15072e-06
-2.86672e-06
4.54247e-05
2.58191e-06
-2.21011e-06
4.54236e-05
1.99247e-06
-1.73737e-06
4.53637e-05
1.51753e-06
-1.25654e-06
4.5374e-05
1.13807e-06
-9.92941e-07
4.54224e-05
9.46405e-07
-8.12577e-07
4.55744e-05
9.61984e-07
-1.00072e-06
4.55821e-05
-4.35557e-05
1.49615e-06
-1.56847e-06
4.36281e-05
-2.17433e-05
2.08321e-05
8.74951e-07
3.62197e-08
1.61707e-06
1.07813e-07
-3.9371e-05
3.23773e-07
-8.8145e-07
-4.44348e-05
1.39788e-06
-1.80371e-06
-4.4014e-05
2.20939e-06
-2.48901e-06
-4.25492e-05
2.60294e-06
-2.66302e-06
-4.07447e-05
2.59768e-06
-2.61619e-06
-3.90921e-05
2.65694e-06
-2.71494e-06
-3.84844e-05
2.8356e-06
-2.96264e-06
-3.82977e-05
3.11868e-06
-3.42021e-06
-3.85847e-05
3.63531e-06
-3.86281e-06
-3.91491e-05
4.1955e-06
-4.28286e-06
-4.04855e-05
4.17532e-06
-4.05745e-06
-4.21213e-05
4.04528e-06
-3.99475e-06
-4.25852e-05
3.93e-06
-3.78691e-06
-4.37824e-05
3.64486e-06
-3.37972e-06
-4.45121e-05
3.06188e-06
-2.75146e-06
-4.50828e-05
2.44159e-06
-2.11243e-06
-4.5089e-05
1.8322e-06
-1.58276e-06
-4.50811e-05
1.35169e-06
-1.13453e-06
-4.51505e-05
9.64827e-07
-8.09601e-07
-4.52717e-05
6.54578e-07
-5.1887e-07
-4.54768e-05
4.47493e-07
-3.94201e-07
-4.56683e-05
4.62267e-07
-4.09795e-07
-4.41908e-05
-1.87891e-05
-1.5637e-06
-4.08764e-08
2.51401e-05
2.01209e-08
2.51189e-05
2.945e-09
1.81876e-08
8.58238e-08
-2.23412e-09
2.50437e-05
1.30133e-08
2.48812e-05
1.635e-07
-1.08911e-09
4.50177e-08
3.23839e-09
2.46299e-05
-1.96404e-08
2.43148e-05
3.52743e-07
-3.76768e-08
1.88314e-08
6.98233e-09
2.39702e-05
-4.98717e-08
2.36357e-05
3.88896e-07
-5.43643e-08
7.35503e-09
8.76023e-09
2.33501e-05
-5.06667e-08
2.31321e-05
2.59664e-07
-4.16692e-08
7.48533e-09
1.00561e-08
2.29843e-05
-3.00039e-08
2.28915e-05
1.12601e-07
-1.97662e-08
4.36838e-08
5.96859e-09
2.28301e-05
-1.58097e-08
2.27871e-05
5.55152e-08
-1.25357e-08
9.72371e-08
-2.44969e-09
2.27711e-05
-2.16718e-09
2.28032e-05
-4.10616e-08
8.97103e-09
1.25223e-07
-7.68586e-09
2.28694e-05
1.6327e-08
2.29258e-05
-7.00657e-08
1.37136e-08
1.50804e-07
-1.40966e-08
2.29461e-05
6.25359e-09
2.29408e-05
3.0365e-09
2.27607e-09
1.36118e-07
-1.40738e-08
2.29199e-05
3.34501e-09
2.28798e-05
3.738e-08
2.79566e-09
9.74086e-08
-9.08159e-09
2.28256e-05
8.33408e-10
2.27502e-05
7.8125e-08
-2.70059e-09
6.298e-08
-4.28589e-09
2.26467e-05
-7.92205e-09
2.25191e-05
1.40844e-07
-1.32628e-08
4.99545e-08
-3.17874e-09
2.23755e-05
-1.90922e-08
2.22356e-05
1.61274e-07
-2.1414e-08
4.68513e-08
-2.42083e-09
2.21307e-05
-1.45209e-08
2.20815e-05
5.24012e-08
-3.17769e-09
3.92074e-08
-5.25905e-10
2.20724e-05
1.03106e-08
2.20965e-05
-4.15407e-08
1.74594e-08
4.57587e-08
2.47891e-10
2.21625e-05
2.60099e-08
2.22579e-05
-1.2717e-07
3.1828e-08
8.39168e-08
-5.42945e-09
2.23561e-05
4.24839e-08
2.24129e-05
-1.03723e-07
4.69445e-08
1.36856e-07
-5.84177e-09
2.23943e-05
4.94317e-08
2.21987e-05
1.24807e-07
7.08448e-08
3.62484e-07
1.5597e-08
2.13609e-05
8.75939e-08
1.93524e-05
2.14413e-06
-1.35563e-07
2.17438e-06
-1.31325e-07
-6.4472e-08
-4.38791e-05
-4.43031e-05
-4.35206e-05
-4.21128e-05
-4.03942e-05
-3.88542e-05
-3.84216e-05
-3.82786e-05
-3.87827e-05
-3.93753e-05
-4.12434e-05
-4.20493e-05
-4.28658e-05
-4.4012e-05
-4.48052e-05
-4.50748e-05
-4.51202e-05
-4.50681e-05
-4.51565e-05
-4.52922e-05
-4.54912e-05
-4.55475e-05
-3.8062e-05
4.28457e-05
9.03361e-08
-1.06963e-07
4.28624e-05
4.32634e-05
1.11205e-07
4.32179e-05
4.16295e-05
-4.17219e-05
2.00991e-07
4.15143e-05
4.29234e-05
-5.73928e-09
-1.35216e-07
4.30643e-05
4.32773e-05
2.40571e-07
4.32851e-05
4.14118e-05
1.70006e-07
4.12868e-05
4.32999e-05
-1.23742e-07
-2.0133e-07
4.36249e-05
4.34898e-05
5.13757e-07
4.36691e-05
4.11708e-05
1.48755e-07
4.10409e-05
4.40113e-05
-1.41294e-07
-2.89082e-07
4.44417e-05
4.41432e-05
7.21212e-07
4.46135e-05
4.09314e-05
1.15272e-07
4.08235e-05
4.4885e-05
-8.08352e-08
-3.67639e-07
4.53335e-05
4.5245e-05
8.26669e-07
4.58604e-05
4.07378e-05
9.24454e-08
4.06528e-05
4.57468e-05
-3.96287e-08
-3.01393e-07
4.60878e-05
4.63415e-05
7.5321e-07
4.68235e-05
4.0582e-05
1.03915e-07
4.05218e-05
4.62982e-05
-1.52163e-07
8.13624e-08
4.6369e-05
4.70583e-05
1.35783e-07
4.7288e-05
4.04901e-05
1.11644e-07
4.04757e-05
4.63518e-05
-1.98764e-07
2.74708e-07
4.62759e-05
4.73253e-05
-3.09625e-07
4.73114e-05
4.04741e-05
1.14743e-07
4.04846e-05
4.61374e-05
-2.26263e-07
4.39617e-07
4.5924e-05
4.72594e-05
-5.46086e-07
4.7165e-05
4.05004e-05
1.07871e-07
4.05433e-05
4.56676e-05
-3.32075e-07
6.14458e-07
4.53852e-05
4.70513e-05
-8.06415e-07
4.68881e-05
4.05879e-05
8.54508e-08
4.06386e-05
4.50912e-05
-3.89123e-07
7.08819e-07
4.47715e-05
4.67184e-05
-9.9915e-07
4.64931e-05
4.06759e-05
6.36946e-08
4.07096e-05
4.44601e-05
-3.70771e-07
6.77623e-07
4.41532e-05
4.62667e-05
-9.8795e-07
4.59326e-05
4.07324e-05
4.48348e-08
4.07505e-05
4.38378e-05
-3.21138e-07
6.52539e-07
4.35064e-05
4.56602e-05
-9.68926e-07
4.52718e-05
4.07602e-05
5.45735e-08
4.07556e-05
4.32054e-05
-2.25898e-07
5.18984e-07
4.29123e-05
4.49787e-05
-8.03346e-07
4.45386e-05
4.07258e-05
1.17391e-07
4.06553e-05
4.2664e-05
-5.81575e-08
2.38722e-07
4.24835e-05
4.42492e-05
-5.4893e-07
4.37953e-05
4.05656e-05
1.42666e-07
4.04621e-05
4.23752e-05
1.45537e-07
-6.30623e-08
4.22927e-05
4.36045e-05
-2.23341e-07
4.32364e-05
4.03486e-05
1.77838e-07
4.02165e-05
4.22443e-05
2.77897e-07
-2.56218e-07
4.22226e-05
4.31605e-05
1.40213e-07
4.29051e-05
4.00587e-05
2.67346e-07
3.98753e-05
4.21827e-05
2.9082e-07
-2.85134e-07
4.2177e-05
4.29556e-05
2.08468e-07
4.27498e-05
3.96435e-05
4.26865e-07
3.93535e-05
4.21592e-05
-1.42205e-07
6.84414e-08
4.22329e-05
4.29834e-05
1.37024e-07
4.31586e-05
3.89543e-05
9.16866e-07
3.83999e-05
4.27719e-05
-1.339e-06
2.31791e-07
4.36725e-05
5.50182e-07
-1.1808e-06
4.3166e-05
1.64678e-06
-2.00139e-06
4.20181e-05
2.18478e-06
-2.27939e-06
4.03919e-05
2.30479e-06
-2.30705e-06
3.89436e-05
2.31206e-06
-2.22261e-06
3.85037e-05
2.19888e-06
-2.11673e-06
3.80755e-05
2.14073e-06
-2.3439e-06
3.88539e-05
2.42493e-06
-2.35379e-06
3.89683e-05
2.47986e-06
-2.8869e-06
4.07689e-05
3.40145e-06
-3.8759e-06
4.19444e-05
3.99814e-06
-4.10305e-06
4.28554e-05
4.10778e-06
-4.11818e-06
4.41153e-05
3.98306e-06
-3.87979e-06
4.51265e-05
3.69538e-06
-3.37412e-06
4.53615e-05
3.03217e-06
-2.74545e-06
4.54071e-05
2.41083e-06
-2.1239e-06
4.53161e-05
1.84129e-06
-1.59327e-06
4.53379e-05
1.36973e-06
-1.18831e-06
4.54509e-05
1.03766e-06
-8.78921e-07
4.54771e-05
7.81357e-07
-7.95415e-07
4.51731e-05
8.81617e-07
-1.25605e-06
3.77064e-05
1.8188e-06
-2.34699e-09
1.88471e-06
-1.8884e-06
6.10532e-07
-6.12879e-07
9.19343e-11
-1.88342e-06
1.88375e-06
-6.09592e-07
6.09684e-07
1.87956e-09
-1.88575e-06
1.88872e-06
-6.10919e-07
6.12798e-07
3.27346e-09
-1.89284e-06
1.89701e-06
-6.15657e-07
6.1893e-07
4.62616e-09
-1.90169e-06
1.90599e-06
-6.23008e-07
6.27634e-07
5.21343e-09
-1.91052e-06
1.9133e-06
-6.33166e-07
6.38379e-07
2.56255e-09
-1.91466e-06
1.91264e-06
-6.42985e-07
6.45548e-07
2.26235e-10
-1.90864e-06
1.90213e-06
-6.471e-07
6.47326e-07
-2.22339e-09
-1.89486e-06
1.88542e-06
-6.46904e-07
6.44681e-07
-4.63805e-09
-1.8752e-06
1.86457e-06
-6.40809e-07
6.36171e-07
-3.98161e-09
-1.85518e-06
1.84723e-06
-6.31496e-07
6.27515e-07
-2.26434e-09
-1.8412e-06
1.83659e-06
-6.2446e-07
6.22196e-07
-9.16506e-10
-1.83352e-06
1.83111e-06
-6.20973e-07
6.20057e-07
-1.18422e-09
-1.82889e-06
1.82658e-06
-6.19099e-07
6.17915e-07
-3.91297e-10
-1.82486e-06
1.82337e-06
-6.17217e-07
6.16826e-07
5.17548e-10
-1.82249e-06
1.82129e-06
-6.17178e-07
6.17696e-07
2.95994e-11
-1.82035e-06
1.81712e-06
-6.18885e-07
6.18914e-07
-1.29026e-09
-1.81274e-06
1.80821e-06
-6.17862e-07
6.16572e-07
1.88733e-10
-1.8043e-06
1.80507e-06
-6.14646e-07
6.14835e-07
1.75498e-08
-1.81481e-06
1.83348e-06
-6.20684e-07
6.38234e-07
-2.12602e-08
-1.76218e-06
-5.78212e-07
-9.39852e-10
1.2345e-09
2.85815e-09
4.07775e-09
5.53181e-09
4.60596e-09
1.55203e-09
-4.22096e-10
-3.87157e-09
-4.67473e-09
-3.05469e-09
-1.22223e-09
-9.57617e-10
-6.97535e-10
3.52176e-10
1.1892e-09
-1.05209e-09
-1.92593e-09
5.84892e-09
-6.00213e-08
1.18203e-08
1.99599e-06
6.76907e-07
1.17508e-08
-2.00165e-06
2.00291e-06
-6.89433e-07
7.01184e-07
-8.784e-11
-1.99482e-06
1.97527e-06
-7.0819e-07
7.08102e-07
-1.60702e-08
-1.9465e-06
1.9127e-06
-6.99188e-07
6.83118e-07
-2.00202e-08
-1.87824e-06
1.84759e-06
-6.63214e-07
6.43194e-07
-1.32354e-08
-1.82333e-06
1.80656e-06
-6.2579e-07
6.12555e-07
-8.53987e-09
-1.79628e-06
1.78901e-06
-6.03064e-07
5.94525e-07
-3.33982e-09
-1.78427e-06
1.78544e-06
-5.86736e-07
5.83396e-07
6.5105e-09
-1.79213e-06
1.80194e-06
-5.85681e-07
5.92191e-07
3.04513e-09
-1.80945e-06
1.81266e-06
-5.98399e-07
6.01444e-07
2.43172e-09
-1.81355e-06
1.81446e-06
-6.02827e-07
6.05259e-07
2.21918e-09
-1.81457e-06
1.81319e-06
-6.07948e-07
6.10167e-07
-3.79026e-10
-1.80908e-06
1.80154e-06
-6.11572e-07
6.11193e-07
-6.33527e-09
-1.79119e-06
1.77844e-06
-6.08274e-07
6.01938e-07
-7.20597e-09
-1.76588e-06
1.75856e-06
-5.93084e-07
5.85878e-07
2.79221e-09
-1.75793e-06
1.76545e-06
-5.8333e-07
5.86122e-07
9.00699e-09
-1.77767e-06
1.79467e-06
-5.91365e-07
6.00372e-07
1.72206e-08
-1.81486e-06
1.84012e-06
-6.12014e-07
6.29235e-07
2.10924e-08
-1.86712e-06
1.89546e-06
-6.49177e-07
6.70269e-07
4.0051e-08
-1.93559e-06
1.98314e-06
-7.00983e-07
7.41034e-07
-2.89353e-08
-1.90618e-06
-6.82426e-07
1.2526e-08
7.00606e-09
-8.91392e-09
-1.99038e-08
-1.7404e-08
-9.49006e-09
-7.78842e-09
2.28442e-09
6.20734e-09
1.3832e-09
2.68931e-09
1.40469e-09
-2.91924e-09
-8.85409e-09
-2.54824e-09
5.24231e-09
1.16426e-08
1.99417e-08
3.07143e-08
-5.86085e-08
-4.4439e-06
1.12232e-06
9.33386e-05
-6.01587e-06
9.42174e-05
-8.73549e-06
9.7888e-05
-1.00218e-05
9.5979e-05
-5.87605e-06
-6.53212e-06
9.93854e-05
-7.18517e-06
5.20602e-05
7.65004e-06
-2.12599e-06
3.1849e-05
2.39643e-06
-6.7527e-06
6.80351e-07
-6.53392e-06
6.24643e-06
-5.3321e-07
-3.53005e-06
8.60886e-06
3.25943e-05
1.22626e-05
-8.27828e-06
-7.54083e-06
0.000108114
0.000102296
-1.101e-07
3.62627e-05
-7.3295e-08
-5.75599e-06
-1.02122e-06
6.84951e-06
-1.15843e-05
2.02806e-06
-9.80198e-06
3.69788e-07
-6.42442e-07
4.7256e-05
4.64752e-05
9.54029e-07
4.71504e-05
4.72658e-05
4.98891e-05
5.90219e-06
-5.01665e-06
4.90036e-05
5.14303e-05
-2.6599e-06
6.13562e-07
-1.2454e-06
2.74459e-05
2.07558e-06
-7.04911e-06
5.1723e-06
3.95239e-06
-7.32807e-07
5.20688e-05
-5.87182e-06
5.03998e-05
3.18948e-05
1.01653e-06
9.12006e-05
-9.01315e-05
-2.0857e-06
9.11093e-05
-9.04763e-05
3.83513e-07
1.53865e-05
6.64874e-05
-6.43356e-05
-1.75383e-05
1.12783e-05
7.85622e-05
-7.4454e-05
6.49108e-06
9.0811e-05
-8.60237e-05
3.40693e-06
9.34767e-05
-9.03926e-05
1.63522e-06
9.30342e-05
-9.12625e-05
6.54293e-07
9.21707e-05
-9.11898e-05
1.15308e-07
9.17396e-05
9.14045e-05
-1.79918e-07
1.79624e-05
-8.17436e-05
2.05465e-05
7.3377e-05
-7.59611e-05
2.0218e-05
6.66136e-05
-6.62851e-05
1.80546e-05
6.58922e-05
-6.37287e-05
1.2592e-05
7.195e-05
5.4589e-06
8.56953e-05
1.38459e-06
9.48853e-05
5.37288e-08
9.48076e-05
-4.10348e-07
9.34983e-05
-5.35212e-07
9.22956e-05
-5.61382e-07
9.17658e-05
9.14214e-05
-5.78236e-07
1.85008e-05
1.71999e-05
1.27054e-05
4.78383e-06
-8.12485e-07
-1.78804e-06
-1.44928e-06
-1.09391e-06
-8.83285e-07
-7.34555e-07
-6.76091e-07
5.3375e-08
-2.87798e-07
4.67097e-05
5.32808e-07
-7.40525e-07
4.74735e-05
-1.88267e-06
9.37511e-05
1.08211e-06
3.88065e-07
-2.44928e-06
9.4784e-05
-4.22121e-06
9.96599e-05
-7.48913e-06
9.92469e-05
-9.87099e-06
0.000101767
-4.0935e-06
9.67963e-05
-2.13995e-06
-1.23847e-06
2.45909e-05
9.02354e-07
8.49624e-07
-1.1554e-05
-2.36627e-06
3.18001e-06
-1.54655e-06
7.63044e-06
8.27729e-05
-5.35776e-06
-2.75103e-06
9.13688e-06
0.000106608
0.000105014
-1.79936e-07
-4.68144e-05
-1.71411e-08
4.70115e-05
-4.76457e-05
2.12397e-07
-4.39662e-07
4.7873e-05
-1.57435e-06
9.46528e-05
7.55323e-07
-8.2725e-08
-2.04777e-06
9.52574e-05
-2.76855e-06
0.000100381
-5.33974e-06
0.000101818
-5.47419e-06
0.000101902
-1.46405e-06
9.27862e-05
-1.82648e-06
2.63903e-05
-2.02638e-06
-2.40015e-05
-1.44287e-06
-2.94858e-05
1.51059e-05
1.39963e-05
2.38282e-06
-7.05975e-06
2.34328e-07
2.99973e-06
2.08523e-06
8.30705e-05
2.40722e-06
0.000106286
2.16771e-06
0.000105253
2.76964e-06
0.000100146
1.70146e-06
9.82424e-05
6.42925e-07
9.8253e-05
9.4564e-05
-3.06979e-07
-4.70306e-05
2.31983e-07
4.71056e-05
-4.79268e-05
-1.40424e-07
-6.08308e-08
4.81281e-05
-1.82897e-06
9.60848e-05
2.94943e-07
1.02001e-07
-4.67825e-06
9.81067e-05
-4.14162e-06
9.98441e-05
-3.43135e-06
0.000101108
-2.91629e-06
0.000101387
-5.07949e-09
8.9875e-05
3.73941e-06
2.26458e-05
-2.48658e-07
-2.54978e-05
-2.82703e-06
-4.48137e-06
-4.64039e-06
8.48839e-05
-3.13358e-06
0.000104779
-7.64332e-07
0.000102884
1.79681e-07
9.9202e-05
-4.55823e-07
9.88779e-05
-3.224e-07
9.81196e-05
9.43211e-05
-4.84367e-07
-4.72167e-05
4.47755e-07
4.72533e-05
-4.8235e-05
-3.41391e-07
1.48612e-07
4.84277e-05
-6.70313e-07
9.69745e-05
9.58953e-08
-3.15236e-07
-1.21774e-06
9.86541e-05
-1.05872e-06
9.96851e-05
-6.86873e-07
0.000100736
-3.31092e-07
0.000101031
1.36776e-06
8.81761e-05
-8.9092e-09
2.40225e-05
-5.86172e-06
-1.9645e-05
-1.12896e-05
9.46466e-07
-1.20658e-05
8.56601e-05
-6.86719e-06
9.95802e-05
-4.0428e-06
0.000100059
-2.40606e-06
9.75653e-05
-6.31003e-07
9.71028e-05
1.30204e-06
9.61865e-05
9.52256e-05
-5.45781e-07
-4.72828e-05
5.40176e-07
4.72884e-05
-4.84808e-05
-4.44775e-07
2.22182e-07
4.87034e-05
4.11422e-07
9.73547e-05
-2.93821e-08
-7.62268e-07
3.70396e-07
9.86952e-05
4.91405e-07
9.9564e-05
8.04014e-07
0.000100423
9.78009e-07
0.000100857
3.5944e-07
8.87947e-05
-5.44374e-06
2.98257e-05
-1.31249e-05
-1.19638e-05
-1.74944e-05
5.316e-06
-1.50787e-05
8.32444e-05
-9.84826e-06
9.43498e-05
-5.86553e-06
9.60767e-05
-2.88756e-06
9.45873e-05
-1.03766e-06
9.52529e-05
4.08046e-08
9.51081e-05
9.50433e-05
-5.88628e-07
-4.72477e-05
6.67458e-07
4.71688e-05
-4.85909e-05
-6.55418e-07
5.16216e-07
4.87301e-05
1.43725e-06
9.73609e-05
-4.3026e-07
-1.01315e-06
1.65697e-06
9.84755e-05
1.78695e-06
9.94341e-05
1.98781e-06
0.000100223
1.78e-06
0.000101065
-5.36094e-07
9.11108e-05
-1.01697e-05
3.94592e-05
-1.82278e-05
-3.90575e-06
-1.99587e-05
7.04698e-06
-1.65675e-05
7.98532e-05
-1.17366e-05
8.95188e-05
-6.22193e-06
9.05621e-05
-3.76953e-06
9.21349e-05
-1.49332e-06
9.29767e-05
-6.85202e-07
9.42999e-05
9.45596e-05
-6.41395e-07
-4.70519e-05
7.9334e-07
4.68999e-05
-4.8592e-05
-8.44923e-07
7.68901e-07
4.86681e-05
2.49359e-06
9.69135e-05
-7.57302e-07
-1.28894e-06
3.28621e-06
9.76828e-05
4.30052e-06
9.84197e-05
5.19054e-06
9.93325e-05
6.46704e-06
9.97881e-05
6.21332e-06
9.13645e-05
-5.95256e-06
5.16251e-05
-1.5645e-05
5.78671e-06
-1.81868e-05
9.58874e-06
-1.1854e-05
7.35204e-05
-8.59333e-06
8.62581e-05
-3.71275e-06
8.56815e-05
-2.64656e-06
9.10687e-05
-1.47416e-06
9.18043e-05
-1.03575e-06
9.38615e-05
9.40074e-05
-6.55752e-07
-4.67126e-05
8.71915e-07
4.64965e-05
-4.84677e-05
-1.00541e-06
1.04675e-06
4.84264e-05
3.80596e-06
9.59036e-05
-1.15011e-06
-1.64587e-06
5.2233e-06
9.62655e-05
7.14132e-06
9.65017e-05
8.92989e-06
9.75439e-05
1.16194e-05
9.70986e-05
1.24283e-05
9.05557e-05
1.366e-06
6.26874e-05
-8.63034e-06
1.57831e-05
-1.28631e-05
1.38215e-05
-3.76582e-06
6.44232e-05
-1.31049e-06
8.38028e-05
-1.17454e-06
8.55456e-05
-8.03341e-07
9.06975e-05
-6.89514e-07
9.16905e-05
-6.77621e-07
9.38496e-05
9.38866e-05
-6.30836e-07
-4.62305e-05
9.18908e-07
4.59425e-05
-4.81565e-05
-1.11761e-06
1.25046e-06
4.80236e-05
4.46292e-06
9.46899e-05
-1.42587e-06
-1.82336e-06
6.19703e-06
9.45314e-05
8.11059e-06
9.45882e-05
1.20373e-05
9.36172e-05
1.54319e-05
9.3704e-05
1.66589e-05
8.93287e-05
9.45707e-06
6.98892e-05
1.09107e-06
2.41491e-05
-5.1186e-06
2.00311e-05
2.10141e-06
5.72032e-05
1.87263e-06
8.40316e-05
-5.32842e-07
8.79511e-05
-1.12213e-06
9.12868e-05
-1.37263e-06
9.1941e-05
-6.62047e-07
9.3139e-05
-6.26969e-07
9.38515e-05
9.39903e-05
-6.44456e-07
-5.5153e-07
-4.56303e-05
8.7108e-07
4.53108e-05
-4.77206e-05
-1.11166e-06
1.29956e-06
4.75327e-05
4.25641e-06
9.35996e-05
-1.49997e-06
-1.6662e-06
6.07085e-06
9.27169e-05
8.60447e-06
9.20545e-05
1.15656e-05
9.06561e-05
1.54533e-05
8.98163e-05
1.8918e-05
8.5864e-05
1.67986e-05
7.20086e-05
1.10691e-05
2.98785e-05
4.51364e-06
2.65866e-05
7.24727e-06
5.44695e-05
5.4192e-06
8.58596e-05
2.27751e-06
9.10928e-05
4.49463e-07
9.31148e-05
-8.28017e-07
9.32185e-05
-1.30373e-06
9.36148e-05
-9.97168e-07
9.35449e-05
9.37798e-05
-7.86678e-07
-4.50984e-07
-4.50025e-05
7.54679e-07
4.46988e-05
-4.72442e-05
-1.0115e-06
1.2613e-06
4.69944e-05
4.67199e-06
9.19991e-05
-1.47862e-06
-1.5928e-06
6.5516e-06
9.08373e-05
9.06677e-06
8.95394e-05
1.08971e-05
8.88258e-05
1.4575e-05
8.61384e-05
1.81256e-05
8.23134e-05
2.0521e-05
6.96133e-05
1.89412e-05
3.14583e-05
1.32797e-05
3.2248e-05
1.13739e-05
5.63754e-05
8.50571e-06
8.87278e-05
3.4941e-06
9.61044e-05
9.85537e-07
9.56234e-05
-8.28587e-07
9.50326e-05
-1.49753e-06
9.42837e-05
-1.69109e-06
9.37385e-05
9.35196e-05
-1.4309e-06
-3.19131e-07
-4.44002e-05
5.92798e-07
4.41265e-05
-4.66739e-05
-8.24653e-07
1.07401e-06
4.64246e-05
4.60712e-06
9.02796e-05
-1.36915e-06
-1.51846e-06
6.28414e-06
8.91603e-05
8.42522e-06
8.73983e-05
1.05251e-05
8.67259e-05
1.28593e-05
8.38042e-05
1.46444e-05
8.05283e-05
2.2239e-05
6.20186e-05
2.19101e-05
3.17873e-05
1.66506e-05
3.75075e-05
8.98542e-06
6.40406e-05
3.33506e-06
9.43781e-05
-7.18955e-07
0.000100158
-2.06699e-06
9.69714e-05
-2.42529e-06
9.53909e-05
-2.2409e-06
9.40993e-05
-2.01754e-06
9.35151e-05
9.32775e-05
-1.77545e-06
-1.8076e-07
-4.3881e-05
3.88849e-07
4.36729e-05
-4.61238e-05
-6.66961e-07
9.23398e-07
4.58674e-05
2.80525e-06
8.9582e-05
-1.10688e-06
-1.00086e-06
3.99212e-06
8.79735e-05
5.17872e-06
8.62117e-05
8.30476e-06
8.35998e-05
9.52099e-06
8.2588e-05
1.08535e-05
7.91958e-05
2.08144e-05
5.20577e-05
1.88859e-05
3.37158e-05
1.01419e-05
4.62516e-05
-1.58381e-06
7.57662e-05
-4.91217e-06
9.77065e-05
-4.765e-06
0.000100011
-4.03248e-06
9.62389e-05
-3.44341e-06
9.48018e-05
-2.92055e-06
9.35765e-05
-2.55767e-06
9.31523e-05
9.28681e-05
-2.14823e-06
-9.27662e-08
-4.347e-05
2.29726e-07
4.3333e-05
-4.5647e-05
-3.55615e-07
4.39513e-07
4.55631e-05
8.51796e-07
8.95076e-05
-4.27042e-07
-3.5029e-07
1.05549e-06
8.77698e-05
1.39369e-06
8.58735e-05
3.73697e-06
8.12566e-05
5.27059e-06
8.10544e-05
8.92802e-06
7.55384e-05
1.59329e-05
4.50528e-05
1.12859e-05
3.83627e-05
-1.01637e-06
5.85539e-05
-9.458e-06
8.42079e-05
-8.70522e-06
9.69537e-05
-6.74659e-06
9.80526e-05
-5.42825e-06
9.49206e-05
-4.42687e-06
9.38004e-05
-3.72641e-06
9.2876e-05
-3.06856e-06
9.24944e-05
9.23694e-05
-2.56983e-06
-3.83466e-08
-4.32358e-05
8.88591e-08
4.31853e-05
-4.55153e-05
-1.20803e-07
1.47343e-07
4.54888e-05
1.5948e-07
8.9569e-05
-1.31193e-07
-8.96698e-08
-1.41562e-07
8.80708e-05
-4.95029e-07
8.6227e-05
-1.0369e-06
8.17984e-05
9.081e-07
7.91094e-05
7.26056e-06
6.91859e-05
8.58022e-06
4.37332e-05
5.38684e-07
4.64042e-05
-1.12314e-05
7.03239e-05
-1.34937e-05
8.64702e-05
-1.09131e-05
9.43732e-05
-7.98134e-06
9.51208e-05
-6.03888e-06
9.29781e-05
-4.62663e-06
9.23882e-05
-3.71704e-06
9.19664e-05
-3.00897e-06
9.17863e-05
-2.50893e-06
9.18693e-05
9.1974e-05
-9.2424e-05
-2.05892e-06
-3.84378e-08
-4.31601e-05
4.11145e-08
4.31575e-05
-4.54993e-05
-7.66904e-09
-4.47356e-08
4.55517e-05
-9.0192e-07
9.01693e-05
1.54342e-07
1.47213e-07
-1.68768e-06
8.88566e-05
-2.52251e-06
8.70618e-05
-4.37891e-06
8.36548e-05
-4.41428e-06
7.91447e-05
1.88933e-06
6.28823e-05
-1.36066e-06
4.69832e-05
-1.06058e-05
5.56494e-05
-1.6626e-05
7.63441e-05
-1.60077e-05
8.58519e-05
-1.25932e-05
9.09587e-05
-9.20304e-06
9.17307e-05
-6.87236e-06
9.06474e-05
-5.33214e-06
9.0848e-05
-4.03301e-06
9.06673e-05
-3.19448e-06
9.09478e-05
-2.43223e-06
9.11071e-05
9.14088e-05
-1.86702e-06
-8.57655e-08
-4.31689e-05
5.59401e-08
4.31988e-05
-4.56283e-05
4.72558e-08
-1.84664e-07
4.57657e-05
-2.22826e-06
9.14819e-05
4.2836e-07
4.87339e-07
-4.03505e-06
9.06634e-05
-6.3397e-06
8.93665e-05
-9.05981e-06
8.63749e-05
-9.0753e-06
7.91602e-05
-6.7733e-06
6.05803e-05
-1.16744e-05
5.18842e-05
-1.7933e-05
6.1908e-05
-1.97792e-05
7.81903e-05
-1.79512e-05
8.40238e-05
-1.44077e-05
8.74152e-05
-1.11271e-05
8.845e-05
-8.57511e-06
8.80955e-05
-6.65371e-06
8.89266e-05
-5.03621e-06
8.90498e-05
-3.87863e-06
8.97902e-05
-2.80474e-06
9.00332e-05
9.06088e-05
-2.00469e-06
-2.42026e-07
-4.32393e-05
2.03245e-07
4.3278e-05
-4.59499e-05
-7.78614e-09
-2.37116e-07
4.61948e-05
-2.45527e-06
9.29256e-05
5.46882e-07
4.64664e-07
-4.66103e-06
9.28691e-05
-8.08834e-06
9.27938e-05
-1.22794e-05
9.0566e-05
-1.34143e-05
8.02951e-05
-1.47003e-05
6.18664e-05
-1.92613e-05
5.64452e-05
-2.12113e-05
6.3858e-05
-2.10869e-05
7.80659e-05
-1.91711e-05
8.21081e-05
-1.54543e-05
8.36984e-05
-1.1612e-05
8.46077e-05
-9.10552e-06
8.5589e-05
-6.87261e-06
8.66937e-05
-5.30637e-06
8.74835e-05
-3.97767e-06
8.84615e-05
-2.9566e-06
8.90121e-05
8.97911e-05
-2.13894e-06
-3.70776e-07
-4.32914e-05
3.94822e-07
4.32674e-05
-4.64491e-05
-2.49782e-07
2.21611e-08
4.66767e-05
-7.24209e-07
9.35791e-05
1.64787e-07
-9.40431e-08
-2.1258e-06
9.42707e-05
-4.78019e-06
9.54481e-05
-9.92393e-06
9.57098e-05
-1.5554e-05
8.59252e-05
-2.01194e-05
6.64318e-05
-2.29108e-05
5.92366e-05
-2.2154e-05
6.31012e-05
-1.92193e-05
7.51312e-05
-1.64695e-05
7.93582e-05
-1.31219e-05
8.03508e-05
-9.17852e-06
8.06644e-05
-6.9806e-06
8.33911e-05
-5.00085e-06
8.47139e-05
-3.79338e-06
8.62761e-05
-2.74176e-06
8.74099e-05
-2.10322e-06
8.83736e-05
8.92807e-05
-1.59277e-06
-4.52827e-07
-4.31833e-05
5.98921e-07
4.30373e-05
-4.68414e-05
-5.73105e-07
4.88214e-07
4.69263e-05
1.0082e-06
9.36428e-05
-4.33059e-07
-6.38889e-07
8.6357e-07
9.44153e-05
2.69824e-07
9.60419e-05
-2.41559e-06
9.83952e-05
-9.25393e-06
9.27635e-05
-1.79781e-05
7.51559e-05
-2.20539e-05
6.33124e-05
-2.17841e-05
6.28315e-05
-1.64868e-05
6.98338e-05
-1.15354e-05
7.44068e-05
-7.88975e-06
7.67052e-05
-4.89936e-06
7.7674e-05
-3.34333e-06
8.18351e-05
-2.08145e-06
8.3452e-05
-1.45205e-06
8.56467e-05
-1.01326e-06
8.69711e-05
-8.10279e-07
8.81706e-05
8.91455e-05
-6.75086e-07
-4.33841e-07
-4.28495e-05
6.45832e-07
4.26375e-05
-4.69307e-05
-6.65741e-07
6.68666e-07
4.69278e-05
1.62763e-06
-6.68066e-07
-8.01547e-07
1.99545e-06
9.40475e-05
2.69672e-06
9.53406e-05
3.12986e-06
9.7962e-05
-4.64087e-08
9.59398e-05
-9.25284e-06
8.43624e-05
-1.60958e-05
7.01553e-05
-1.7313e-05
6.40488e-05
-1.32381e-05
6.57589e-05
-7.76844e-06
6.89372e-05
-3.39931e-06
7.23361e-05
-1.36861e-06
7.56433e-05
-3.7485e-07
8.08413e-05
-1.26851e-07
8.3204e-05
-1.50669e-07
8.56705e-05
-2.13498e-07
8.70339e-05
-2.72573e-07
8.82297e-05
8.91683e-05
-2.95371e-07
2.75297e-06
9.34226e-05
3.84763e-06
9.4246e-05
5.65303e-06
9.61566e-05
5.95261e-06
9.56402e-05
1.13845e-06
8.91765e-05
-6.99492e-06
7.82887e-05
-1.00861e-05
6.714e-05
-7.88718e-06
6.35599e-05
-4.06371e-06
6.51137e-05
3.35747e-07
6.79366e-05
1.51036e-06
7.44686e-05
1.25734e-06
8.10943e-05
8.44163e-07
8.36172e-05
5.5668e-07
8.5958e-05
3.20614e-07
8.727e-05
1.21933e-07
8.84283e-05
8.93298e-05
-3.96177e-08
3.49784e-06
5.09803e-06
7.4946e-06
9.49639e-06
9.03089e-06
8.9642e-05
4.37982e-06
8.29397e-05
-7.0804e-07
7.22278e-05
-1.94197e-07
6.30461e-05
2.20991e-06
6.27096e-05
4.80238e-06
6.53441e-05
4.83305e-06
7.4438e-05
3.96926e-06
8.19581e-05
3.08925e-06
8.44972e-05
2.23378e-06
8.68134e-05
1.42811e-06
8.80757e-05
8.03557e-07
8.90529e-05
8.9779e-05
3.54341e-07
1.33882e-05
1.27239e-05
8.3604e-05
8.0044e-06
7.69473e-05
6.6781e-06
6.43724e-05
8.27087e-06
6.11168e-05
9.11239e-06
6.45026e-05
9.37972e-06
7.41706e-05
8.23648e-06
8.31014e-05
5.84588e-06
8.68878e-05
3.88743e-06
8.87719e-05
2.3937e-06
8.95694e-05
1.31515e-06
6.179e-07
1.63623e-05
8.31614e-05
1.5569e-05
7.77406e-05
1.38157e-05
6.61257e-05
1.27402e-05
6.21923e-05
1.29072e-05
1.26238e-05
9.70141e-06
6.19667e-06
3.7061e-06
1.74545e-05
1.92341e-05
1.90747e-05
3.63915e-05
-7.54456e-08
3.6427e-05
1.05394e-07
-1.4088e-07
3.64346e-05
-1.87594e-07
3.63515e-05
2.9808e-07
-2.14944e-07
3.6266e-05
-2.21533e-07
3.61227e-05
3.97124e-07
-2.53816e-07
3.59287e-05
-2.90379e-07
3.56949e-05
5.31271e-07
-2.9742e-07
3.54284e-05
-2.79302e-07
3.51242e-05
5.64047e-07
-2.59853e-07
3.47826e-05
-2.47007e-07
3.44005e-05
6.18301e-07
-2.36209e-07
3.39838e-05
-2.24695e-07
3.35443e-05
6.46704e-07
-2.07248e-07
3.30765e-05
-1.8793e-07
3.25866e-05
6.57821e-07
-1.67864e-07
3.20977e-05
-1.41998e-07
3.16168e-05
5.97295e-07
-1.16348e-07
3.11574e-05
-9.2116e-08
3.07284e-05
4.96785e-07
-6.7802e-08
3.03253e-05
-4.78752e-08
2.99619e-05
3.92462e-07
-2.90665e-08
2.96487e-05
-5.95056e-09
2.93857e-05
2.45394e-07
1.75772e-08
2.91738e-05
3.11935e-08
2.90093e-05
1.23536e-07
4.0956e-08
2.88719e-05
4.45833e-08
2.87741e-05
4.93607e-08
4.84776e-08
2.86853e-05
5.04046e-08
2.8614e-05
1.74451e-08
5.38741e-08
2.85244e-05
5.12097e-08
2.84177e-05
5.87466e-08
4.79083e-08
2.82878e-05
4.41398e-08
2.80998e-05
1.53885e-07
3.41387e-08
2.78371e-05
2.06611e-08
2.75058e-05
3.23725e-07
7.54028e-09
2.71363e-05
-1.25708e-09
2.67288e-05
4.16944e-07
-9.40915e-09
2.62941e-05
-1.8094e-08
2.58582e-05
4.60059e-07
-2.42419e-08
2.54507e-05
-2.63211e-08
3.90195e-07
-2.55883e-08
4.7501e-05
-6.10276e-10
-1.51666e-07
4.76533e-05
4.7492e-05
3.23841e-07
4.75563e-05
-1.58151e-06
1.55055e-06
-5.15844e-06
-1.31009e-05
2.71612e-06
-7.11118e-07
1.77464e-06
-7.42064e-07
4.78485e-05
-2.79002e-07
1.93677e-07
4.79338e-05
4.78719e-05
-1.39828e-07
4.7929e-05
4.80254e-05
-2.85993e-07
9.70678e-08
4.82143e-05
4.81631e-05
9.82248e-09
4.82553e-05
4.83207e-05
-5.01832e-07
4.12772e-07
4.84097e-05
4.84998e-05
-3.59746e-07
4.85443e-05
4.85051e-05
-6.04756e-07
5.70493e-07
4.85394e-05
4.87371e-05
-6.82931e-07
4.86578e-05
4.85514e-05
-7.35273e-07
7.63154e-07
4.85236e-05
4.87437e-05
-9.01239e-07
4.86318e-05
4.8472e-05
-8.33976e-07
9.49241e-07
4.83567e-05
4.86434e-05
-1.1496e-06
4.85041e-05
4.82232e-05
-9.23772e-07
1.10425e-06
4.80427e-05
4.84007e-05
-1.37414e-06
4.8129e-05
4.7844e-05
-9.09441e-07
1.15283e-06
4.76006e-05
4.79536e-05
-1.45584e-06
4.75861e-05
4.73601e-05
-8.05019e-07
1.07079e-06
4.70943e-05
4.73856e-05
-1.35936e-06
4.70788e-05
4.68375e-05
-6.91135e-07
9.40663e-07
4.65879e-05
4.68615e-05
-1.26109e-06
4.65298e-05
4.63561e-05
-4.90907e-07
7.41829e-07
4.61052e-05
4.62346e-05
-1.04257e-06
4.57587e-05
4.5827e-05
-3.26434e-07
5.02309e-07
4.56512e-05
4.55753e-05
-7.2272e-07
4.52971e-05
4.55253e-05
-1.46632e-07
2.5048e-07
4.54214e-05
4.53096e-05
-2.98256e-07
4.52575e-05
4.53895e-05
-4.25594e-08
4.79364e-08
4.53841e-05
4.52737e-05
-3.73842e-08
4.52214e-05
4.54176e-05
-4.72736e-08
-1.80491e-08
4.54829e-05
4.5331e-05
9.45856e-08
4.53836e-05
4.55861e-05
-1.13392e-07
-4.07112e-08
4.57402e-05
4.56273e-05
2.2488e-07
4.58898e-05
4.59356e-05
-3.10353e-07
1.12353e-07
4.61336e-05
4.61996e-05
1.41951e-07
4.65223e-05
4.62787e-05
-5.00957e-07
4.28167e-07
4.63515e-05
4.67092e-05
-2.63447e-07
4.68786e-05
4.63773e-05
-6.47778e-07
6.51371e-07
4.63737e-05
4.69338e-05
-6.46975e-07
4.69419e-05
4.63538e-05
-6.25769e-07
6.92404e-07
4.69425e-05
-7.47571e-07
-3.78774e-08
4.21262e-06
1.71936e-06
-3.91365e-08
4.17631e-06
1.68022e-06
-7.67079e-08
-4.09681e-06
3.98592e-06
-1.61885e-06
1.54214e-06
-8.43517e-08
-3.85808e-06
3.7209e-06
-1.45504e-06
1.37069e-06
-1.01504e-07
-3.55653e-06
3.36765e-06
-1.28124e-06
1.17973e-06
-9.84865e-08
-3.17601e-06
2.9952e-06
-1.07396e-06
9.7547e-07
-8.33465e-08
-2.82459e-06
2.66093e-06
-8.86228e-07
8.02882e-07
-7.46724e-08
-2.50349e-06
2.35346e-06
-7.24111e-07
6.49438e-07
-6.10865e-08
-2.21448e-06
2.08763e-06
-5.8118e-07
5.20094e-07
-4.48863e-08
-1.97413e-06
1.87702e-06
-4.65728e-07
4.20842e-07
-2.71326e-08
-1.79627e-06
1.73128e-06
-3.85248e-07
3.58116e-07
-1.19358e-08
-1.68202e-06
1.64608e-06
-3.39582e-07
3.27646e-07
3.11493e-09
-1.62238e-06
1.61331e-06
-3.22277e-07
3.25392e-07
1.69831e-08
-1.61911e-06
1.63332e-06
-3.37176e-07
3.54159e-07
2.1243e-08
-1.65417e-06
1.67751e-06
-3.74263e-07
3.95506e-07
2.30427e-08
-1.70355e-06
1.73091e-06
-4.17944e-07
4.40987e-07
2.44141e-08
-1.75987e-06
1.78667e-06
-4.65897e-07
4.90312e-07
2.28535e-08
-1.81111e-06
1.8324e-06
-5.13778e-07
5.36632e-07
1.38239e-08
-1.84714e-06
1.85397e-06
-5.56031e-07
5.69855e-07
4.13567e-09
-1.85369e-06
1.84829e-06
-5.77683e-07
5.81819e-07
-3.50763e-09
-1.83801e-06
1.82343e-06
-5.8269e-07
5.79182e-07
-9.27055e-09
-1.80648e-06
1.78943e-06
-5.71883e-07
5.62612e-07
-6.13762e-08
-8.70991e-08
-8.94495e-08
-1.05778e-07
-8.92422e-08
-7.87708e-08
-6.82584e-08
-5.43651e-08
-3.55939e-08
-1.8534e-08
-5.36855e-09
1.17834e-08
2.01043e-08
2.24382e-08
2.49105e-08
2.34669e-08
1.93992e-08
7.82792e-09
8.71448e-10
-7.29995e-09
-1.01681e-08
-6.63009e-07
9.39182e-05
9.39846e-05
-8.10698e-07
9.39423e-05
9.39865e-05
-9.96479e-07
9.35078e-05
9.3894e-05
-1.56716e-06
9.32996e-05
-1.13789e-06
9.34647e-05
-3.87254e-07
9.39527e-05
-5.68678e-07
-3.72472e-07
4.70581e-05
3.07536e-05
3.16888e-07
-5.23448e-08
-1.76824e-06
9.29196e-05
-1.47696e-06
9.31735e-05
-4.69425e-07
9.36129e-05
-6.67769e-07
-4.69781e-05
-3.97246e-07
4.69059e-05
-3.0486e-05
3.02141e-05
3.11877e-07
-4.00399e-08
-2.07429e-06
-1.61397e-06
9.27131e-05
-5.32657e-07
-6.48617e-07
9.31802e-05
-4.67765e-05
-4.53175e-07
4.6697e-05
-2.99349e-05
2.96471e-05
3.13935e-07
-2.61709e-08
3.14825e-07
-4.72146e-08
3.1287e-07
-3.36255e-08
3.06877e-07
-2.08431e-08
2.93611e-05
4.51183e-05
4.88695e-07
4.49444e-05
4.48591e-05
5.38355e-07
4.46336e-05
4.44943e-05
5.20356e-07
4.42809e-05
4.65688e-05
-1.48556e-08
2.07192e-06
5.97718e-07
-1.07718e-08
-2.03814e-06
2.00887e-06
-5.8429e-07
5.73518e-07
-6.01562e-09
-1.98403e-06
1.96388e-06
-5.64729e-07
5.58714e-07
-1.34283e-08
-8.78925e-09
-4.50516e-09
1.94754e-06
5.54208e-07
2.09423e-08
9.041e-05
-9.00766e-05
-9.22617e-08
9.09785e-05
-1.23729e-07
-9.07415e-05
-1.33261e-07
4.51987e-05
-4.51577e-05
2.67984e-05
1.19598e-07
-2.6923e-05
5.06479e-09
1.07158e-07
9.09208e-05
-1.04934e-07
9.13449e-05
-1.54361e-07
-4.52332e-05
-1.81125e-07
4.53094e-05
-2.6655e-05
2.64849e-05
1.74035e-07
-3.91186e-09
-7.08073e-08
9.13751e-05
-1.74754e-07
9.16794e-05
-2.30557e-07
-4.53739e-05
-2.45205e-07
4.54443e-05
-2.62948e-05
2.60892e-05
2.17083e-07
-1.14916e-08
-3.89944e-07
9.15851e-05
-2.51556e-07
9.18359e-05
-2.94911e-07
-4.54927e-05
-2.9121e-07
4.55323e-05
-2.58768e-05
2.56634e-05
2.28802e-07
-1.54344e-08
-5.94437e-07
9.16013e-05
-2.85037e-07
9.18515e-05
-3.24959e-07
-4.55422e-05
-2.96188e-07
4.55533e-05
-2.54575e-05
2.52641e-05
2.09274e-07
-1.59218e-08
-6.33832e-07
-2.7865e-07
-3.1815e-07
-4.55294e-05
-2.62075e-07
4.55129e-05
-2.50896e-05
2.49365e-05
1.65743e-07
-1.26859e-08
1.42321e-07
1.05659e-09
1.98042e-07
-8.02429e-09
2.26059e-07
-1.35989e-08
2.21841e-07
-1.59226e-08
1.89289e-07
-1.47179e-08
1.39762e-07
-9.51175e-09
4.24045e-05
-4.24182e-05
1.58286e-07
4.23885e-05
4.23815e-05
2.18843e-07
4.23607e-05
4.23325e-05
2.78881e-07
4.22797e-05
4.22173e-05
3.04764e-07
4.21344e-05
4.20475e-05
3.01077e-07
4.19357e-05
4.18393e-05
2.57253e-07
-1.58727e-06
9.22415e-05
-5.34392e-07
9.27507e-05
-6.23312e-07
-4.3789e-07
4.64723e-05
2.90902e-05
2.85748e-07
-1.49266e-08
-1.44747e-06
9.18219e-05
-4.94385e-07
9.23586e-05
-5.60964e-07
-4.63214e-05
-3.90945e-07
4.6218e-05
-2.88329e-05
2.8594e-05
2.4278e-07
-3.83356e-09
-1.44812e-06
9.12654e-05
-4.48579e-07
9.18495e-05
-4.90471e-07
-4.60687e-05
-3.43076e-07
4.59632e-05
-2.83754e-05
2.81767e-05
1.94063e-07
4.61316e-09
-1.45872e-06
9.05851e-05
-4.05558e-07
9.12335e-05
-4.37174e-07
-4.58256e-05
-2.9321e-07
4.57133e-05
-2.79948e-05
2.78304e-05
1.55351e-07
9.08994e-09
-1.10935e-06
9.01017e-05
-3.31794e-07
9.08023e-05
-3.46343e-07
-4.55641e-05
-2.27412e-07
4.54598e-05
-2.76841e-05
2.75616e-05
1.08738e-07
1.3841e-08
-5.36469e-07
8.99631e-05
-2.02281e-07
9.06691e-05
-2.01023e-07
-4.53221e-05
-1.48088e-07
4.5268e-05
-2.746e-05
2.73785e-05
6.38898e-08
1.76644e-08
-2.86958e-07
8.99547e-05
-1.23971e-07
9.06539e-05
-1.47778e-07
-4.51935e-05
-1.0747e-07
4.5177e-05
-2.73051e-05
2.72276e-05
6.22383e-08
1.52366e-08
-1.61567e-07
-1.10791e-07
-1.38377e-07
-4.51484e-05
-1.2505e-07
4.51627e-05
-2.71377e-05
2.70345e-05
9.40302e-08
9.1199e-09
2.65521e-07
-8.20881e-09
2.18124e-07
5.14017e-10
1.75904e-07
5.94457e-09
1.34393e-07
1.18589e-08
8.55421e-08
1.59845e-08
5.56434e-08
1.7759e-08
7.73601e-08
1.25536e-08
1.041e-07
7.41855e-09
4.41287e-05
4.72468e-07
4.39218e-05
4.37736e-05
4.11671e-07
4.35801e-05
4.3431e-05
3.52934e-07
4.3254e-05
4.31162e-05
2.88029e-07
4.29625e-05
4.28438e-05
2.08725e-07
4.27207e-05
4.26365e-05
1.26526e-07
4.25656e-05
4.25203e-05
1.19252e-07
4.24785e-05
4.24474e-05
1.3336e-07
4.93659e-09
1.98133e-06
-1.9812e-06
6.40111e-07
-6.35174e-07
1.55144e-09
-1.97892e-06
1.97346e-06
-6.43576e-07
6.45127e-07
-1.84151e-09
-1.96559e-06
1.95593e-06
-6.44974e-07
6.43132e-07
-4.13253e-09
-1.94537e-06
1.93407e-06
-6.40098e-07
6.35965e-07
-5.13106e-09
-1.92289e-06
1.9121e-06
-6.31225e-07
6.26094e-07
-4.57987e-09
-1.90242e-06
1.89432e-06
-6.2105e-07
6.1647e-07
3.46475e-09
-1.53133e-10
-3.03488e-09
-4.73993e-09
-5.04392e-09
-3.59098e-09
-2.56895e-09
1.93518e-06
5.5164e-07
1.36575e-09
-1.92675e-06
1.92155e-06
-5.51857e-07
5.53223e-07
4.10735e-09
-1.91948e-06
1.91998e-06
-5.55815e-07
5.59922e-07
5.12003e-09
-1.92155e-06
1.92552e-06
-5.64294e-07
5.69414e-07
6.86261e-09
-1.93138e-06
1.93835e-06
-5.75421e-07
5.82283e-07
8.76633e-09
-1.94654e-06
1.95544e-06
-5.90085e-07
5.98851e-07
8.2599e-09
-1.96414e-06
1.97112e-06
-6.07907e-07
6.16167e-07
6.09572e-09
-1.97639e-06
1.97942e-06
-6.23445e-07
6.2954e-07
2.1752e-10
2.59181e-09
4.37193e-09
6.00672e-09
7.80132e-09
9.05592e-09
7.27811e-09
5.63411e-09
)
;

boundaryField
{
    inlet
    {
        type            calculated;
        value           nonuniform List<scalar> 0();
    }
    outlet
    {
        type            calculated;
        value           nonuniform List<scalar> 
52
(
3.76461e-05
4.49924e-05
4.44198e-05
4.28288e-05
4.08048e-05
3.91107e-05
3.85424e-05
3.84247e-05
3.88863e-05
3.93766e-05
4.05729e-05
4.20034e-05
4.25347e-05
4.36393e-05
4.42469e-05
4.47724e-05
4.47598e-05
4.48316e-05
4.49334e-05
4.51165e-05
4.53411e-05
4.5615e-05
4.41383e-05
2.03936e-05
2.10339e-05
4.43107e-05
4.48196e-05
4.39263e-05
4.22267e-05
4.03289e-05
3.88949e-05
3.85422e-05
3.84347e-05
3.89978e-05
3.9708e-05
4.11359e-05
4.20371e-05
4.28011e-05
4.38699e-05
4.44874e-05
4.47649e-05
4.484e-05
4.4837e-05
4.49868e-05
4.51371e-05
4.54198e-05
4.56156e-05
3.60885e-05
1.74256e-06
5.56952e-07
1.87064e-06
6.5349e-07
)
;
    }
    wall
    {
        type            calculated;
        value           uniform 0;
    }
    empty_zmin
    {
        type            empty;
    }
    empty_zmax
    {
        type            empty;
    }
    procBoundary1to0
    {
        type            processor;
        value           nonuniform List<scalar> 
39
(
-9.74126e-05
-9.47521e-05
-9.3645e-05
-9.34069e-05
-9.19172e-05
-9.18444e-05
-9.18405e-05
-9.20531e-05
-4.62067e-05
-3.41014e-05
-4.5334e-05
-3.43379e-06
-1.32891e-06
-9.14913e-05
-9.26454e-05
-9.51684e-05
-9.46927e-05
-9.6999e-05
-0.000100434
-4.62155e-05
-4.69542e-05
1.47435e-06
-5.07511e-05
-3.73731e-05
3.67592e-06
8.20702e-07
-3.76731e-05
-5.10757e-05
-5.34819e-05
1.21426e-06
6.40797e-07
-3.60793e-05
1.6185e-06
-4.94242e-05
-5.17382e-05
-4.69833e-05
-4.69822e-05
-4.24804e-06
-1.75724e-06
)
;
    }
}


// ************************************************************************* //
