/*--------------------------------*- C++ -*----------------------------------*\
| =========                 |                                                 |
| \\      /  F ield         | OpenFOAM: The Open Source CFD Toolbox           |
|  \\    /   O peration     | Version:  2406                                  |
|   \\  /    A nd           | Website:  www.openfoam.com                      |
|    \\/     M anipulation  |                                                 |
\*---------------------------------------------------------------------------*/
FoamFile
{
    version     2.0;
    format      ascii;
    arch        "LSB;label=32;scalar=64";
    class       surfaceScalarField;
    location    "1.51";
    object      phi;
}
// * * * * * * * * * * * * * * * * * * * * * * * * * * * * * * * * * * * * * //

dimensions      [0 3 -1 0 0 0 0];

oriented        oriented;

internalField   nonuniform List<scalar> 
4489
(
8.73791e-06
9.89532e-05
-1.03467e-05
9.69025e-05
6.55219e-06
4.80904e-06
-6.62931e-06
0.000100774
4.42491e-06
9.72867e-05
9.3978e-05
-9.41339e-05
-4.01354e-07
5.57234e-07
-5.19386e-07
5.89767e-07
9.39076e-05
4.0769e-06
9.61598e-05
2.93741e-06
9.45529e-05
2.3811e-06
9.24895e-05
1.70695e-06
9.25224e-05
1.08019e-06
9.25021e-05
2.58248e-07
2.52043e-07
9.26839e-05
1.14922e-07
4.6353e-05
3.41677e-05
-3.05351e-08
-3.58353e-08
1.8696e-08
3.41956e-05
-4.65855e-08
4.54224e-05
-1.25695e-07
4.55668e-05
4.64793e-05
3.34104e-06
9.72437e-05
3.23598e-06
9.4658e-05
2.17176e-06
9.35537e-05
1.31824e-06
9.33759e-05
7.48476e-07
9.30718e-05
1.53341e-07
9.31248e-05
1.54179e-07
5.63124e-08
4.65764e-05
3.42249e-05
1.38201e-08
-4.30707e-08
6.35816e-07
9.36112e-05
-6.93353e-07
7.38791e-07
9.32729e-05
5.02931e-07
9.33077e-05
1.33248e-07
9.351e-05
-1.55066e-08
-4.6681e-05
2.24861e-09
4.6812e-05
-3.423e-05
3.42276e-05
8.19337e-08
-7.9532e-08
8.3072e-09
9.35621e-05
4.07921e-08
-6.78608e-08
9.33491e-05
-1.50324e-07
9.33902e-05
-7.42449e-08
9.36113e-05
-1.77331e-07
-4.68944e-05
-1.01023e-07
4.69212e-05
-3.41831e-05
3.41362e-05
1.36978e-07
-9.00471e-08
-9.47411e-08
9.3968e-05
-3.11088e-07
-3.20524e-07
9.35748e-05
-4.1237e-07
9.3482e-05
-2.09331e-07
9.36574e-05
-2.49227e-07
-4.69508e-05
-2.41552e-07
4.6983e-05
-3.40326e-05
3.39122e-05
2.28376e-07
-1.07977e-07
-2.67052e-08
9.41897e-05
-1.95018e-07
-2.03914e-07
9.37521e-05
-3.3061e-07
9.36087e-05
-2.05297e-07
9.38435e-05
-3.11399e-07
-4.69951e-05
-2.51706e-07
4.70415e-05
-3.37777e-05
3.36387e-05
2.57273e-07
-1.18205e-07
-1.82171e-07
2.37953e-07
-2.64243e-07
9.38341e-05
-4.08752e-07
9.37532e-05
-1.80584e-07
9.39975e-05
-3.82173e-07
-4.70453e-05
-2.32965e-07
4.70977e-05
-3.3488e-05
3.33313e-05
2.63424e-07
-1.06732e-07
-3.9999e-07
9.38328e-05
-4.94797e-07
9.3848e-05
-1.95218e-07
9.41162e-05
-4.18227e-07
-4.70857e-05
-2.49895e-07
4.71404e-05
-3.31596e-05
3.29822e-05
2.87235e-07
-1.09891e-07
-5.17711e-07
9.38311e-05
-5.70589e-07
9.39009e-05
-2.04233e-07
9.41785e-05
-4.28625e-07
-4.71197e-05
-2.53802e-07
4.71692e-05
-3.27955e-05
3.26074e-05
2.84765e-07
-9.67529e-08
-2.49915e-07
9.42095e-05
-4.76481e-07
6.95388e-07
-4.7136e-05
-2.84309e-07
4.71704e-05
-3.24159e-05
3.22017e-05
2.94308e-07
-8.01005e-08
-2.56378e-07
9.41627e-05
-4.82856e-07
7.86033e-07
-4.71298e-05
-2.88273e-07
4.71617e-05
-3.19804e-05
3.17555e-05
2.93945e-07
-6.8976e-08
-3.26475e-07
-5.12916e-07
8.75011e-07
9.4127e-05
-4.71147e-05
-3.35922e-07
4.71241e-05
-3.15284e-05
3.12836e-05
3.06921e-07
-6.21068e-08
5.96523e-08
-6.48366e-08
1.39072e-07
-9.45296e-08
2.0454e-07
-1.00951e-07
2.50469e-07
-1.1604e-07
2.67695e-07
-1.16987e-07
2.81835e-07
-1.10111e-07
2.93712e-07
-1.06952e-07
2.77301e-07
-8.58014e-08
2.97147e-07
-7.58336e-08
2.90815e-07
-6.37477e-08
3.05267e-07
-5.65979e-08
3.10349e-05
4.56369e-05
-4.95978e-08
4.57461e-05
4.58303e-05
9.79523e-08
4.58714e-05
4.59074e-05
2.06909e-07
4.5905e-05
4.58918e-05
2.61356e-07
4.5881e-05
4.58865e-05
3.15223e-07
4.5839e-05
4.58695e-05
3.70161e-07
4.57811e-05
4.58185e-05
3.97504e-07
4.57147e-05
4.57456e-05
3.95433e-07
4.56275e-05
4.56375e-05
4.35864e-07
4.54988e-05
4.55045e-05
4.358e-07
4.53595e-05
4.53305e-05
4.61452e-07
4.51743e-05
4.70726e-05
-1.67126e-08
3.41537e-06
1.31298e-06
-2.01553e-08
3.38894e-06
1.29282e-06
-1.85292e-08
3.3644e-06
1.27429e-06
-3.10883e-08
-3.32562e-06
3.27718e-06
-1.24824e-06
1.21715e-06
-3.51498e-08
-3.21953e-06
3.16463e-06
-1.18027e-06
1.14512e-06
-3.88519e-08
-3.10095e-06
3.03183e-06
-1.10785e-06
1.06899e-06
-4.35467e-08
-2.95776e-06
2.88311e-06
-1.02702e-06
9.83472e-07
-3.61507e-08
-2.80833e-06
2.73775e-06
-9.41262e-07
9.05112e-07
-3.65741e-08
-2.66394e-06
2.59062e-06
-8.68809e-07
8.32235e-07
-3.24933e-08
-2.51982e-06
2.45556e-06
-7.96084e-07
7.63591e-07
-2.50019e-08
-2.39703e-06
2.34193e-06
-7.36325e-07
7.11323e-07
-2.07781e-08
-2.28954e-06
2.24134e-06
-6.87878e-07
6.671e-07
-1.83323e-08
-2.19611e-06
2.15233e-06
-6.48587e-07
6.30255e-07
-2.60551e-08
-3.68816e-08
-3.72733e-08
-4.19744e-08
-4.22097e-08
-3.63028e-08
-3.61504e-08
-2.72658e-08
-2.3445e-08
-1.85133e-08
-1.63007e-08
2.11203e-06
6.13954e-07
4.67424e-06
8.23574e-05
-8.40995e-05
-2.93216e-06
7.70351e-06
8.03419e-05
-8.33712e-05
1.0538e-05
8.03811e-05
-8.32156e-05
1.36289e-05
7.90972e-05
-8.21881e-05
7.52085e-05
-7.89205e-05
1.73408e-05
7.82115e-07
8.38593e-05
-8.4449e-05
-1.92369e-07
1.60957e-06
8.153e-05
3.94083e-06
7.80107e-05
7.93454e-06
7.63874e-05
1.15952e-05
7.54366e-05
1.35886e-05
7.32151e-05
1.391e-05
7.18034e-05
-7.21249e-05
1.18119e-05
6.98403e-05
-6.77422e-05
5.5965e-06
7.57129e-05
-6.94975e-05
-1.27362e-06
8.54272e-05
-7.8557e-05
-3.65458e-06
9.29135e-05
-9.05326e-05
-3.01903e-06
9.52271e-05
-9.58627e-05
-2.09902e-06
9.37241e-05
-9.46441e-05
-1.4407e-06
9.26167e-05
-9.3275e-05
-1.07673e-06
9.18205e-05
-9.21845e-05
-8.25408e-07
9.14333e-05
-9.16846e-05
9.12937e-05
-7.19531e-07
-9.13996e-05
-7.88395e-07
6.35454e-07
8.40122e-05
-4.75459e-07
8.12171e-05
5.79887e-07
7.69553e-05
3.60596e-06
7.33614e-05
6.41332e-06
7.26292e-05
7.39193e-06
7.22365e-05
7.02349e-06
7.21719e-05
2.81839e-06
7.40454e-05
-3.21638e-06
8.17477e-05
-6.21869e-06
8.84295e-05
-6.00346e-06
9.26983e-05
-4.29207e-06
9.35157e-05
-2.94261e-06
9.23747e-05
-2.0402e-06
9.17143e-05
-1.49841e-06
9.12787e-05
-1.11514e-06
9.105e-05
-9.00766e-07
9.10793e-05
-3.53625e-07
5.99819e-07
4.22181e-05
-4.24643e-05
-7.02995e-07
7.28908e-07
4.68838e-05
-4.69097e-05
9.32481e-05
-7.87955e-07
-9.57899e-07
-9.35811e-05
2.07881e-06
-1.95837e-07
-4.19662e-05
4.52633e-07
4.17094e-05
-4.67597e-05
-6.50216e-07
7.72342e-07
4.66375e-05
9.26258e-05
-9.07817e-07
-1.01202e-06
2.54213e-06
7.76626e-09
-4.14371e-05
2.75075e-07
4.11543e-05
-4.64247e-05
-5.50896e-07
7.84318e-07
4.61913e-05
3.19863e-06
9.1525e-05
-9.96722e-07
-1.10104e-06
4.54514e-06
9.14134e-05
-9.27599e-05
6.42539e-06
9.10738e-05
-9.2954e-05
9.16308e-06
9.14504e-05
-9.41881e-05
9.12473e-05
-9.39005e-05
1.18163e-05
1.01098e-07
-4.08692e-05
1.73162e-07
4.05949e-05
-4.58818e-05
-4.71189e-07
8.06468e-07
4.55465e-05
3.89687e-06
8.98567e-05
-1.09068e-06
-1.13796e-06
5.80858e-06
8.95016e-05
7.97953e-06
8.89028e-05
1.06427e-05
8.87872e-05
1.37235e-05
8.81664e-05
8.66638e-05
-8.85802e-05
1.56399e-05
1.88177e-07
-4.03359e-05
3.63855e-08
4.01114e-05
-4.51885e-05
-3.53616e-07
6.75634e-07
4.48664e-05
4.12172e-06
8.7876e-05
-1.03939e-06
-1.10157e-06
6.22611e-06
8.73973e-05
8.63878e-06
8.64902e-05
1.12579e-05
8.61681e-05
1.40671e-05
8.53573e-05
8.44674e-05
1.62636e-05
1.79401e-07
-3.99242e-05
-4.11646e-08
3.97859e-05
-4.45462e-05
-2.81942e-07
5.90894e-07
4.42372e-05
3.35987e-06
8.64017e-05
-9.14446e-07
-9.71157e-07
5.15114e-06
8.5606e-05
7.54177e-06
1.03387e-05
1.24803e-05
1.47596e-05
9.37303e-08
-3.96998e-05
-6.07415e-08
3.96668e-05
-4.39043e-05
-1.40354e-07
4.30171e-07
4.36145e-05
1.77521e-06
-6.12818e-07
-5.01132e-07
8.57405e-05
2.48121e-05
-2.54052e-08
-2.51403e-05
2.45404e-05
2.92475e-07
-2.07722e-08
2.4352e-05
-7.41791e-09
2.42606e-05
8.13411e-08
1.00163e-08
2.42443e-05
2.41129e-08
2.42694e-05
-5.55539e-08
3.04009e-08
2.43381e-05
3.23908e-08
2.44522e-05
-1.51904e-07
3.78704e-08
2.45956e-05
4.47296e-08
2.47462e-05
-1.97079e-07
4.6531e-08
2.48828e-05
4.27902e-08
2.49846e-05
-1.38325e-07
3.64784e-08
2.50485e-05
2.98216e-08
-5.71209e-08
2.47884e-08
2.50809e-05
4.6227e-05
-4.63302e-05
-5.44372e-07
7.04994e-07
4.60664e-05
4.68756e-05
-4.69346e-05
-8.29154e-07
4.67468e-05
4.58688e-05
-3.53687e-07
5.99882e-07
4.56226e-05
4.66113e-05
-8.12737e-07
4.64121e-05
4.53468e-05
-2.29544e-07
5.25419e-07
4.50509e-05
4.61997e-05
-8.34854e-07
4.59335e-05
4.47529e-05
-1.07072e-07
4.16145e-07
4.44438e-05
4.56493e-05
-7.74228e-07
4.52855e-05
4.41266e-05
9.87189e-09
3.273e-07
4.37894e-05
4.49218e-05
-6.4759e-07
4.44678e-05
4.34663e-05
5.22462e-08
2.33894e-07
4.31802e-05
4.41442e-05
-5.66768e-07
4.37398e-05
4.29791e-05
6.60017e-08
4.3785e-08
4.28693e-05
3.96757e-05
4.35572e-05
-2.66263e-07
4.33223e-05
4.3392e-05
-1.1258e-08
1.76497e-06
-1.77911e-06
5.45599e-07
-5.56857e-07
-6.20676e-09
-1.75522e-06
1.75401e-06
-5.34574e-07
5.28367e-07
6.78332e-09
-1.76328e-06
1.78061e-06
-5.29112e-07
5.35895e-07
9.857e-09
-1.80159e-06
1.82412e-06
-5.45315e-07
5.55172e-07
1.63259e-08
-1.84956e-06
1.87797e-06
-5.67604e-07
5.8393e-07
1.74218e-08
-1.90638e-06
1.93175e-06
-6.02047e-07
6.19469e-07
1.34769e-08
-1.95273e-06
1.96907e-06
-6.34969e-07
6.48446e-07
-1.10251e-08
7.44825e-10
9.41972e-09
1.24322e-08
1.81174e-08
1.55004e-08
1.23289e-08
1.98153e-06
6.60775e-07
2.92471e-08
-8.5819e-08
3.97323e-05
5.54513e-08
4.39655e-08
4.32926e-05
8.56128e-05
-8.60273e-08
2.13542e-08
-6.25426e-07
9.14989e-05
-9.1593e-05
-2.53896e-07
9.17539e-05
-2.86073e-07
-9.18394e-05
-2.11534e-07
4.54294e-05
-4.54717e-05
2.46856e-05
1.18124e-07
-7.10234e-09
-2.47967e-05
-4.36321e-08
-3.98168e-05
-7.07076e-08
3.99311e-05
-4.32792e-05
1.16852e-07
-1.41816e-07
4.33041e-05
8.58499e-05
1.90059e-07
2.08278e-07
-6.82032e-07
9.12802e-05
-2.35713e-07
9.15768e-05
-2.69175e-07
-4.53503e-05
-1.69184e-07
4.52838e-05
-2.45971e-05
2.45285e-05
6.88656e-08
-2.49551e-10
-2.44745e-07
-4.00774e-05
5.82732e-08
4.02639e-05
-4.33876e-05
1.49476e-07
-3.0226e-07
4.35404e-05
-1.73213e-06
8.65011e-05
4.71902e-07
6.09003e-07
-2.21729e-06
8.44974e-05
-2.49537e-06
8.14951e-05
-2.5908e-06
7.70507e-05
-1.77643e-06
7.2547e-05
-3.61429e-07
7.12142e-05
7.33102e-07
7.1142e-05
-1.29409e-06
7.41991e-05
-6.26545e-06
7.90168e-05
-9.25319e-06
8.47355e-05
-9.47404e-06
8.86503e-05
-7.84675e-06
9.1071e-05
-5.61744e-06
9.12864e-05
-4.19438e-06
9.09516e-05
-3.14472e-06
9.06646e-05
-2.39234e-06
9.05263e-05
-1.76266e-06
9.04203e-05
-1.30001e-06
9.06167e-05
-8.82703e-07
9.08629e-05
-2.37809e-07
9.11969e-05
-2.65031e-07
-4.51872e-05
-1.48818e-07
4.50982e-05
-2.44766e-05
2.4438e-05
3.43476e-08
4.25628e-09
-3.80367e-07
-4.04837e-05
1.33354e-07
4.07307e-05
-4.38223e-05
2.34021e-07
-6.13646e-07
4.4202e-05
-3.93365e-06
8.82593e-05
1.04339e-06
1.13203e-06
-5.18797e-06
8.57517e-05
-5.78115e-06
8.20883e-05
-5.59498e-06
7.68646e-05
-5.49487e-06
7.24469e-05
-5.2282e-06
7.09476e-05
-6.03288e-06
7.19467e-05
-9.37159e-06
7.75378e-05
-1.21533e-05
8.17985e-05
-1.25206e-05
8.51027e-05
-1.16312e-05
8.77609e-05
-9.47874e-06
8.89186e-05
-7.25831e-06
8.9066e-05
-5.73153e-06
8.94248e-05
-4.39121e-06
8.93243e-05
-3.33578e-06
8.94709e-05
-2.44964e-06
8.95342e-05
-1.71028e-06
8.98773e-05
-1.09406e-06
9.02466e-05
-2.3002e-07
9.05843e-05
-2.51428e-07
-4.4985e-05
-1.27021e-07
4.4882e-05
-2.44106e-05
2.43892e-05
1.41493e-08
7.18592e-09
-3.418e-07
-4.0982e-05
1.08879e-07
4.12149e-05
-4.46233e-05
3.26964e-07
-7.99877e-07
4.50962e-05
-5.58022e-06
9.09781e-05
1.42572e-06
1.43578e-06
-8.22539e-06
8.83969e-05
-9.56902e-06
8.34319e-05
-9.20105e-06
7.64966e-05
-9.55944e-06
7.28053e-05
-1.10995e-05
7.24877e-05
-1.40362e-05
7.48833e-05
-1.52927e-05
7.87943e-05
-1.49254e-05
8.14312e-05
-1.41021e-05
8.42794e-05
-1.24155e-05
8.60743e-05
-1.01688e-05
8.66718e-05
-8.18277e-06
8.708e-05
-6.3233e-06
8.75654e-05
-4.79667e-06
8.77976e-05
-3.53127e-06
8.82055e-05
-2.52534e-06
8.85283e-05
-1.70375e-06
8.90558e-05
-1.05995e-06
8.96028e-05
-2.07173e-07
8.99736e-05
-2.42076e-07
-4.47526e-05
-9.57219e-08
4.46412e-05
-2.43722e-05
2.43576e-05
6.10086e-09
8.55415e-09
-1.89115e-07
-4.14081e-05
3.97807e-08
4.15574e-05
-4.55511e-05
3.83322e-07
-8.59018e-07
4.60268e-05
-4.88639e-06
9.31727e-05
1.3781e-06
1.31367e-06
-8.13129e-06
9.16418e-05
-1.1343e-05
8.66436e-05
-1.26506e-05
7.78042e-05
-1.45117e-05
7.46664e-05
-1.66607e-05
7.46366e-05
-1.84144e-05
7.66371e-05
-1.77637e-05
7.81435e-05
-1.62295e-05
7.98971e-05
-1.41379e-05
8.21877e-05
-1.13438e-05
8.32803e-05
-9.17518e-06
8.45032e-05
-7.36598e-06
8.52708e-05
-5.33315e-06
8.55325e-05
-3.89401e-06
8.63585e-05
-2.69929e-06
8.70108e-05
-1.8239e-06
8.76529e-05
-1.18184e-06
8.84137e-05
-7.34409e-07
8.91554e-05
-1.87954e-07
8.96465e-05
-2.19338e-07
-4.44935e-05
-9.11969e-08
4.43968e-05
-2.43414e-05
2.43162e-05
1.65525e-08
8.60785e-09
-7.89898e-08
-4.16502e-05
5.26302e-08
4.16766e-05
-4.64868e-05
2.00652e-07
-6.03298e-07
4.68895e-05
-2.35322e-06
9.41154e-05
8.78252e-07
5.32202e-07
-4.86705e-06
9.41556e-05
-9.48922e-06
9.12658e-05
-1.37593e-05
8.20743e-05
-1.61517e-05
7.70588e-05
-1.74877e-05
7.59726e-05
-1.8094e-05
7.72434e-05
-1.81547e-05
7.82043e-05
-1.67266e-05
7.84689e-05
-1.36012e-05
7.90624e-05
-1.00206e-05
7.96996e-05
-7.08643e-06
8.1569e-05
-5.14599e-06
8.33304e-05
-3.39133e-06
8.37779e-05
-2.17276e-06
8.51399e-05
-1.32158e-06
8.61596e-05
-7.96652e-07
8.71279e-05
-4.96823e-07
8.81139e-05
-3.42107e-07
8.90007e-05
-1.34451e-07
8.95824e-05
-1.4355e-07
-4.42805e-05
-1.04905e-07
4.4251e-05
-2.4273e-05
2.42064e-05
6.48512e-08
1.82234e-09
-2.92946e-08
-4.16147e-05
1.88962e-07
4.1455e-05
-4.71572e-05
-1.83092e-07
9.33539e-08
4.72469e-05
1.84771e-07
9.42389e-05
-2.46385e-08
-2.83629e-07
-6.30213e-07
9.49706e-05
-3.7032e-06
9.43388e-05
-9.32356e-06
8.76947e-05
-1.31611e-05
8.08964e-05
-1.48397e-05
7.76511e-05
-1.58647e-05
7.82683e-05
-1.67061e-05
7.90458e-05
-1.55676e-05
7.73304e-05
-1.22619e-05
7.57567e-05
-8.476e-06
7.59137e-05
-4.87951e-06
7.79725e-05
-2.63948e-06
8.10903e-05
-1.27501e-06
8.24134e-05
-4.75951e-07
8.43409e-05
-1.89679e-07
8.58733e-05
-1.24064e-07
8.70623e-05
-1.39135e-07
8.81289e-05
-1.66831e-07
8.90284e-05
-9.38294e-08
8.96226e-05
-1.13217e-07
-4.42181e-05
-1.14757e-07
4.4239e-05
-2.41177e-05
2.40123e-05
1.1092e-07
-5.56402e-09
7.26293e-08
-4.12313e-05
1.93111e-07
4.09655e-05
-4.7219e-05
-3.08968e-07
3.55345e-07
4.71726e-05
1.19513e-06
9.40263e-05
-3.95437e-07
-5.87055e-07
1.53022e-06
9.46355e-05
8.57871e-07
9.50111e-05
-2.82676e-06
9.13793e-05
-7.44553e-06
8.55151e-05
-1.00263e-05
8.02319e-05
-1.03316e-05
7.85736e-05
-1.12688e-05
7.99829e-05
-1.10922e-05
7.71538e-05
-8.56649e-06
7.32309e-05
-5.76742e-06
7.31147e-05
-2.55454e-06
7.47596e-05
-2.78164e-07
7.8814e-05
4.68024e-07
8.16672e-05
4.56917e-07
8.4352e-05
2.9918e-07
8.60311e-05
1.79581e-07
8.71819e-05
7.82043e-08
8.82303e-05
-1.1923e-08
8.91185e-05
-7.31967e-08
8.97562e-05
-7.23597e-08
-4.42394e-05
-1.25582e-07
4.42918e-05
-2.3899e-05
2.37731e-05
1.36597e-07
-1.06233e-08
3.2507e-08
-4.06803e-05
2.72078e-07
4.03757e-05
-4.70765e-05
-5.16446e-07
6.3456e-07
4.69584e-05
1.97917e-06
9.37042e-05
-7.36512e-07
-9.20594e-07
2.51421e-06
9.41005e-05
3.25994e-06
9.42654e-05
2.43857e-06
9.22007e-05
-6.90778e-07
8.86445e-05
-4.21699e-06
8.37581e-05
-5.47129e-06
7.98279e-05
-5.22329e-06
7.97349e-05
-3.88337e-06
7.58139e-05
-2.82046e-06
7.2168e-05
-1.75505e-06
7.20492e-05
2.86481e-07
7.27181e-05
1.8908e-06
7.72096e-05
1.85173e-06
8.17063e-05
1.48728e-06
8.47164e-05
1.25237e-06
8.6266e-05
9.36549e-07
8.74977e-05
5.96566e-07
8.85703e-05
2.94723e-07
8.94203e-05
-7.93528e-09
9.00715e-05
-1.26638e-08
-4.4328e-05
-1.05322e-07
4.44254e-05
-2.36399e-05
2.35075e-05
1.47338e-07
-1.48995e-08
-1.44352e-08
-4.00553e-05
3.54907e-07
3.97148e-05
-4.6781e-05
-6.42799e-07
8.38886e-07
4.65849e-05
3.08552e-06
9.2812e-05
-9.99567e-07
-1.19372e-06
4.20906e-06
9.29769e-05
5.2527e-06
9.32218e-05
5.79139e-06
9.1662e-05
5.30889e-06
8.9127e-05
2.8286e-06
8.62384e-05
1.06899e-06
8.15875e-05
1.86908e-06
7.89349e-05
2.15985e-06
7.55232e-05
1.97748e-06
7.23504e-05
2.73403e-06
7.12927e-05
3.7771e-06
7.1675e-05
4.49923e-06
7.64875e-05
4.29011e-06
8.19154e-05
3.75466e-06
8.52519e-05
2.83199e-06
8.71886e-05
1.92675e-06
8.8403e-05
1.17715e-06
8.93199e-05
6.01176e-07
8.99963e-05
4.47815e-08
9.06007e-05
2.72309e-08
-4.44976e-05
-7.82549e-08
4.46207e-05
-2.33847e-05
2.32789e-05
1.17824e-07
-1.20933e-08
-5.18295e-08
-3.93602e-05
3.88925e-07
3.90231e-05
-4.63076e-05
-6.98412e-07
1.00557e-06
4.60005e-05
3.68177e-06
9.1675e-05
-1.21942e-06
-1.32528e-06
5.43324e-06
9.12254e-05
7.48834e-06
9.11667e-05
8.48891e-06
9.06614e-05
9.04496e-06
8.85709e-05
8.95025e-06
8.63331e-05
6.89335e-06
8.36444e-05
5.96505e-06
7.98632e-05
5.58816e-06
7.59e-05
5.77014e-06
7.21684e-05
6.7337e-06
7.03291e-05
7.20141e-06
7.12073e-05
7.58543e-06
7.61035e-05
6.87549e-06
8.26254e-05
5.37673e-06
8.67507e-05
3.6992e-06
8.88662e-05
2.36946e-06
8.97327e-05
1.40603e-06
9.02833e-05
6.95061e-07
9.07073e-05
7.17616e-08
9.11737e-05
5.0252e-08
-4.47108e-05
-5.44751e-08
4.48371e-05
-2.31888e-05
2.31168e-05
7.8994e-08
-6.97972e-09
-1.04718e-07
-3.87153e-05
3.67685e-07
3.84523e-05
-4.56859e-05
-6.77667e-07
9.48847e-07
4.54147e-05
4.15104e-06
9.00796e-05
-1.20956e-06
-1.34608e-06
5.86328e-06
8.95132e-05
8.20119e-06
8.88287e-05
1.03768e-05
8.84858e-05
1.14374e-05
8.75103e-05
1.22057e-05
8.55649e-05
1.20712e-05
8.3779e-05
1.14371e-05
8.04972e-05
1.00585e-05
7.72786e-05
9.4692e-06
7.27577e-05
9.37855e-06
7.04198e-05
9.18739e-06
7.13985e-05
9.24003e-06
7.60508e-05
7.46982e-06
8.43956e-05
5.01929e-06
8.92012e-05
3.15129e-06
9.07342e-05
1.85758e-06
9.10264e-05
1.05961e-06
9.10813e-05
4.84315e-07
9.12826e-05
6.83359e-08
9.15681e-05
2.16018e-08
-4.49306e-05
-4.06967e-08
4.50396e-05
-2.30572e-05
2.30072e-05
5.32586e-08
-3.25788e-09
-1.56931e-07
-3.82533e-05
2.89484e-07
3.81207e-05
-4.50981e-05
-5.91449e-07
8.86988e-07
4.48026e-05
4.33951e-06
8.81717e-05
-1.17718e-06
-1.25443e-06
6.19582e-06
8.76569e-05
8.04882e-06
8.69758e-05
1.06293e-05
8.59054e-05
1.28918e-05
8.52478e-05
1.43508e-05
8.41059e-05
1.54985e-05
8.26313e-05
1.58945e-05
8.01012e-05
1.49048e-05
7.82684e-05
1.37647e-05
7.38978e-05
1.23552e-05
7.18292e-05
1.07958e-05
7.29579e-05
8.65946e-06
7.81872e-05
5.26449e-06
8.77905e-05
2.73156e-06
9.17341e-05
1.4088e-06
9.20569e-05
6.60066e-07
9.17752e-05
2.91101e-07
9.14503e-05
1.56077e-08
9.15581e-05
-6.5865e-09
9.17052e-05
-1.14877e-07
-4.51095e-05
-6.7003e-08
4.51699e-05
-2.29611e-05
2.29156e-05
4.87993e-08
-3.38742e-09
-1.28617e-07
-3.80422e-05
1.73193e-07
3.79976e-05
-4.45217e-05
-4.46586e-07
7.45198e-07
4.42231e-05
3.73421e-06
8.65755e-05
-1.04152e-06
-1.09654e-06
5.3284e-06
8.60627e-05
7.45007e-06
8.48541e-05
1.02806e-05
8.30748e-05
1.28677e-05
8.26607e-05
1.5318e-05
8.16556e-05
1.71099e-05
8.08394e-05
1.71113e-05
8.00997e-05
1.68313e-05
7.85484e-05
1.59497e-05
7.47794e-05
1.36321e-05
7.41468e-05
1.01325e-05
7.64576e-05
5.42097e-06
8.28987e-05
1.88814e-06
9.13234e-05
3.73013e-07
9.32492e-05
-1.90119e-07
9.26201e-05
-3.84977e-07
9.197e-05
-4.13803e-07
9.14791e-05
-3.98048e-07
9.15423e-05
-1.0966e-07
9.16234e-05
-2.0663e-07
-4.51598e-05
-1.29846e-07
4.518e-05
-2.28711e-05
2.28275e-05
4.58341e-08
-2.22425e-09
-3.05853e-09
-3.79804e-05
-1.45641e-08
3.7998e-05
-4.3902e-05
-1.20139e-07
4.21943e-07
4.36002e-05
2.32467e-06
8.55634e-05
-6.38894e-07
-6.73643e-07
3.6557e-06
8.47317e-05
5.10532e-06
8.34045e-05
7.62427e-06
8.05559e-05
1.06495e-05
7.96355e-05
1.29772e-05
7.93278e-05
1.52429e-05
7.85737e-05
1.5855e-05
7.94875e-05
1.56381e-05
7.87653e-05
1.40721e-05
7.63455e-05
1.08154e-05
7.74035e-05
6.0363e-06
8.12367e-05
1.17675e-06
8.77583e-05
-6.70326e-07
9.31704e-05
-9.72947e-07
9.35519e-05
-9.73913e-07
9.2621e-05
-9.29278e-07
9.19254e-05
-8.31891e-07
9.13817e-05
-6.80145e-07
9.13906e-05
-1.72765e-07
9.14148e-05
-2.98743e-07
-4.5113e-05
-1.54545e-07
4.50947e-05
-2.27876e-05
2.2744e-05
4.47462e-08
-1.11915e-09
8.40225e-08
-3.80831e-05
-2.06786e-07
3.82059e-05
-4.32954e-05
1.42107e-07
8.64056e-08
4.30669e-05
1.03229e-06
8.49259e-05
-1.8244e-07
-2.12406e-07
2.03466e-06
8.37293e-05
3.26466e-06
8.21745e-05
4.61509e-06
7.92054e-05
6.56207e-06
7.76886e-05
8.01384e-06
7.78761e-05
9.12267e-06
7.74649e-05
9.95489e-06
7.86553e-05
9.78823e-06
7.8932e-05
7.8361e-06
7.82976e-05
4.3696e-06
8.087e-05
3.75349e-07
8.52309e-05
-2.1102e-06
9.02438e-05
-2.11321e-06
9.31734e-05
-1.58868e-06
9.30273e-05
-1.36565e-06
9.2398e-05
-1.29388e-06
9.18536e-05
-1.26314e-06
9.1351e-05
-1.03221e-06
9.11596e-05
-2.55247e-07
9.10801e-05
-4.42294e-07
-4.49677e-05
-2.17008e-07
4.49294e-05
-2.26987e-05
2.26382e-05
6.33154e-08
-2.78581e-09
1.40972e-07
-3.83475e-05
-2.63143e-07
3.84697e-05
-4.2916e-05
2.16899e-07
-1.7223e-07
4.28713e-05
-1.47028e-07
8.49046e-05
1.95723e-07
-2.7325e-08
1.64619e-07
8.34176e-05
1.13645e-06
8.12026e-05
1.67106e-06
7.86708e-05
2.14302e-06
7.72166e-05
2.92735e-06
7.70917e-05
2.86277e-06
7.75295e-05
3.48401e-06
7.80341e-05
3.58795e-06
7.8828e-05
1.60882e-06
8.02767e-05
-1.05917e-06
8.35379e-05
-3.30409e-06
8.74758e-05
-3.6192e-06
9.05589e-05
-2.73433e-06
9.22886e-05
-2.14818e-06
9.24412e-05
-1.81758e-06
9.20674e-05
-1.71812e-06
9.17542e-05
-1.80435e-06
9.14372e-05
-1.73308e-06
9.10884e-05
-4.28245e-07
9.05275e-05
-7.52238e-07
-4.4747e-05
-3.33766e-07
4.46525e-05
-2.25624e-05
2.24648e-05
1.02999e-07
-5.44019e-09
3.19905e-08
-3.86448e-05
-8.10854e-08
3.86939e-05
-4.27856e-05
5.34135e-08
-2.40034e-08
4.27562e-05
-1.58608e-06
4.30681e-05
2.36495e-07
2.38819e-07
4.29472e-05
-2.12901e-06
4.20507e-05
4.19099e-05
-1.90739e-06
4.05699e-05
4.04111e-05
-1.48019e-06
3.91175e-05
3.91261e-05
-1.51451e-06
3.87417e-05
3.85092e-05
-7.74408e-07
3.80592e-05
3.82924e-05
-6.06496e-07
3.87367e-05
3.86248e-05
-5.61569e-07
3.88442e-05
3.91449e-05
-1.31943e-06
3.97694e-05
3.98165e-05
-3.96104e-06
4.13025e-05
4.16159e-05
-5.33177e-06
4.24213e-05
4.24874e-05
-5.86156e-06
4.38386e-05
4.4167e-05
-5.63832e-06
4.50747e-05
4.5261e-05
-4.87101e-06
4.57582e-05
4.57631e-05
-4.03945e-06
4.58938e-05
4.57158e-05
-3.28645e-06
4.57016e-05
4.56128e-05
-2.76902e-06
4.57149e-05
4.55218e-05
-2.50271e-06
4.56208e-05
4.55501e-05
-2.52501e-06
4.57483e-05
4.53624e-05
-7.95872e-07
4.55715e-05
-1.47807e-06
4.4705e-05
-4.43269e-05
-6.09068e-07
4.41401e-05
-2.23357e-05
2.21308e-05
2.03584e-07
1.31986e-09
-7.35194e-07
-3.86717e-05
9.46342e-07
3.84606e-05
-4.29365e-05
-4.27605e-07
-1.79076e-07
4.35432e-05
6.50796e-07
-1.02456e-06
4.34419e-05
1.15838e-06
-1.39378e-06
4.22861e-05
1.43377e-06
-1.46553e-06
4.06017e-05
1.39754e-06
-1.46463e-06
3.91846e-05
1.37635e-06
-1.16612e-06
3.85315e-05
1.22207e-06
-1.51243e-06
3.83496e-05
1.33473e-06
-1.10949e-06
3.85115e-05
1.35426e-06
-1.48488e-06
3.89748e-05
1.24962e-06
-1.35028e-06
3.987e-05
2.15489e-06
-2.71257e-06
4.18601e-05
2.92439e-06
-3.04489e-06
4.25418e-05
3.38715e-06
-3.47939e-06
4.39308e-05
3.4179e-06
-3.09802e-06
4.47548e-05
3.03202e-06
-2.78659e-06
4.55127e-05
2.50504e-06
-2.1548e-06
4.55436e-05
1.94629e-06
-1.70619e-06
4.54615e-05
1.49402e-06
-1.23636e-06
4.54573e-05
1.12736e-06
-9.88948e-07
4.54824e-05
9.49155e-07
-8.15057e-07
4.56142e-05
9.68573e-07
-1.01122e-06
4.56141e-05
-4.35858e-05
1.50817e-06
-1.57911e-06
4.36568e-05
-2.17505e-05
2.08361e-05
8.79573e-07
3.48606e-08
1.62715e-06
8.51013e-08
-3.92734e-05
3.37242e-07
-8.78194e-07
-4.42976e-05
1.37531e-06
-1.75709e-06
-4.38718e-05
2.13241e-06
-2.39343e-06
-4.24557e-05
2.48095e-06
-2.52427e-06
-4.06786e-05
2.45934e-06
-2.48351e-06
-3.91108e-05
2.50085e-06
-2.52271e-06
-3.85429e-05
2.60837e-06
-2.67704e-06
-3.83688e-05
2.77191e-06
-3.0228e-06
-3.85372e-05
3.1785e-06
-3.40371e-06
-3.90692e-05
3.79311e-06
-4.00681e-06
-4.03247e-05
4.00775e-06
-3.93915e-06
-4.20881e-05
3.92717e-06
-3.8645e-06
-4.25936e-05
3.82751e-06
-3.7102e-06
-4.38106e-05
3.58382e-06
-3.33405e-06
-4.45838e-05
3.03731e-06
-2.74363e-06
-4.51916e-05
2.4321e-06
-2.11e-06
-4.52224e-05
1.84548e-06
-1.59691e-06
-4.51812e-05
1.3608e-06
-1.14256e-06
-4.52343e-05
9.76725e-07
-8.21119e-07
-4.53352e-05
6.63798e-07
-5.28678e-07
-4.55196e-05
4.59822e-07
-4.07913e-07
-4.57064e-05
4.73323e-07
-4.18063e-07
-4.4221e-05
-1.87877e-05
-1.55967e-06
-4.15858e-08
2.50894e-05
2.06997e-08
2.50771e-05
-6.94032e-09
1.92894e-08
9.17665e-08
-3.19922e-09
2.50189e-05
1.45761e-08
2.48801e-05
1.35879e-07
2.88769e-09
4.93707e-08
2.52955e-09
2.46502e-05
-1.48615e-08
2.43523e-05
3.31197e-07
-3.3279e-08
2.08005e-08
6.57069e-09
2.40184e-05
-4.65058e-08
2.36861e-05
3.84767e-07
-5.24055e-08
8.5551e-09
8.46905e-09
2.33947e-05
-5.04489e-08
2.31671e-05
2.70176e-07
-4.25694e-08
6.38575e-09
9.83123e-09
2.30095e-05
-3.15409e-08
2.29091e-05
1.21426e-07
-2.09719e-08
3.63323e-08
6.81858e-09
2.28457e-05
-1.5563e-08
2.27999e-05
5.91607e-08
-1.34459e-08
9.01353e-08
-1.45349e-09
2.27761e-05
-5.48934e-09
2.27926e-05
-2.21918e-08
5.75391e-09
1.20274e-07
-6.97475e-09
2.28506e-05
1.46359e-08
2.29082e-05
-7.13226e-08
1.36524e-08
1.46341e-07
-1.31912e-08
2.29337e-05
7.09494e-09
2.29307e-05
5.64973e-10
2.33798e-09
1.36839e-07
-1.40449e-08
2.29132e-05
3.08623e-09
2.28757e-05
3.48342e-08
2.6702e-09
9.9388e-08
-9.27933e-09
2.28233e-05
6.35955e-10
2.27519e-05
7.38625e-08
-2.55255e-09
6.41006e-08
-4.43964e-09
2.26544e-05
-7.20017e-09
2.25344e-05
1.31669e-07
-1.16678e-08
4.89809e-08
-2.87502e-09
2.23953e-05
-1.78427e-08
2.22546e-05
1.62395e-07
-2.16643e-08
4.72731e-08
-2.69102e-09
2.21425e-05
-1.64914e-08
2.20872e-05
6.02441e-08
-4.93517e-09
4.06316e-08
-7.9595e-10
2.20747e-05
9.42623e-09
2.20919e-05
-3.37046e-08
1.65375e-08
4.50937e-08
2.03853e-10
2.21509e-05
2.50273e-08
2.22432e-05
-1.231e-07
3.07372e-08
8.07999e-08
-5.01067e-09
2.23425e-05
4.16504e-08
2.24032e-05
-1.08265e-07
4.75538e-08
1.34675e-07
-5.53054e-09
2.23857e-05
4.95307e-08
2.21958e-05
1.17092e-07
7.27955e-08
3.65333e-07
1.48861e-08
2.13697e-05
9.08933e-08
1.93747e-05
2.12912e-06
-1.34061e-07
2.18003e-06
-1.31657e-07
-6.29001e-08
-4.37468e-05
-4.41532e-05
-4.33936e-05
-4.20285e-05
-4.03579e-05
-3.89249e-05
-3.84772e-05
-3.83003e-05
-3.87665e-05
-3.91729e-05
-4.11993e-05
-4.20161e-05
-4.28762e-05
-4.40184e-05
-4.49014e-05
-4.51892e-05
-4.52394e-05
-4.51564e-05
-4.52366e-05
-4.53556e-05
-4.55327e-05
-4.55775e-05
-3.80688e-05
4.28389e-05
9.14131e-08
-9.96033e-08
4.28471e-05
4.32803e-05
8.61558e-08
4.32155e-05
4.16423e-05
-4.17357e-05
2.07042e-07
4.1527e-05
4.28932e-05
1.0413e-08
-1.26431e-07
4.30093e-05
4.32637e-05
2.09929e-07
4.32621e-05
4.14267e-05
1.72526e-07
4.13036e-05
4.3217e-05
-1.11359e-07
-1.89739e-07
4.35181e-05
4.34317e-05
4.7165e-07
4.3569e-05
4.11891e-05
1.51809e-07
4.10581e-05
4.38855e-05
-1.33492e-07
-2.84648e-07
4.43036e-05
4.39988e-05
7.05969e-07
4.44249e-05
4.09452e-05
1.22097e-07
4.08317e-05
4.47395e-05
-7.69876e-08
-3.70775e-07
4.51872e-05
4.50507e-05
8.25646e-07
4.56608e-05
4.0742e-05
9.44472e-08
4.0654e-05
4.56103e-05
-2.86588e-08
-3.42215e-07
4.59812e-05
4.61799e-05
8.02278e-07
4.66913e-05
4.05793e-05
1.03062e-07
4.05126e-05
4.62345e-05
-1.21059e-07
1.09546e-08
4.63446e-05
4.69663e-05
2.56753e-07
4.72417e-05
4.04726e-05
1.10658e-07
4.0452e-05
4.63505e-05
-2.0156e-07
2.60072e-07
4.62919e-05
4.73104e-05
-2.88015e-07
4.73148e-05
4.04482e-05
1.13594e-07
4.04549e-05
4.61761e-05
-2.13883e-07
4.05211e-07
4.59848e-05
4.72747e-05
-5.01257e-07
4.71889e-05
4.04659e-05
1.08625e-07
4.05036e-05
4.57404e-05
-3.21e-07
5.92495e-07
4.54689e-05
4.7087e-05
-7.69948e-07
4.69363e-05
4.05456e-05
8.48894e-08
4.05976e-05
4.5181e-05
-3.89449e-07
7.03666e-07
4.48668e-05
4.67756e-05
-9.80932e-07
4.65628e-05
4.06371e-05
6.29336e-08
4.06736e-05
4.45573e-05
-3.81687e-07
6.87281e-07
4.42517e-05
4.6349e-05
-1.00182e-06
4.60255e-05
4.06981e-05
4.32228e-08
4.0719e-05
4.39417e-05
-3.30694e-07
6.58366e-07
4.3614e-05
4.57648e-05
-9.74996e-07
4.53937e-05
4.07316e-05
4.83262e-08
4.07322e-05
4.33121e-05
-2.40927e-07
5.44222e-07
4.30088e-05
4.51035e-05
-8.25131e-07
4.46742e-05
4.0714e-05
1.04762e-07
4.06565e-05
4.27354e-05
-7.74515e-08
2.93155e-07
4.25197e-05
4.43779e-05
-6.14157e-07
4.38955e-05
4.05725e-05
1.39596e-07
4.04735e-05
4.2385e-05
1.18797e-07
-2.07805e-08
4.2287e-05
4.36786e-05
-2.84069e-07
4.3289e-05
4.03637e-05
1.71672e-07
4.02372e-05
4.22223e-05
2.64742e-07
-2.28063e-07
4.21856e-05
4.3193e-05
7.71932e-08
4.29034e-05
4.00835e-05
2.59813e-07
3.99045e-05
4.21394e-05
2.83379e-07
-2.60409e-07
4.21164e-05
4.29269e-05
1.74666e-07
4.27249e-05
3.96737e-05
4.26615e-07
3.93818e-05
4.20887e-05
-1.39289e-07
8.96441e-08
4.21384e-05
4.29374e-05
9.0678e-08
4.30855e-05
3.89763e-05
9.23858e-07
3.84177e-05
4.26571e-05
-1.31634e-06
2.2667e-07
4.35572e-05
5.27751e-07
-1.12376e-06
4.3081e-05
1.55371e-06
-1.86624e-06
4.19498e-05
2.03582e-06
-2.11443e-06
4.03431e-05
2.19138e-06
-2.20613e-06
3.90379e-05
2.13234e-06
-2.01936e-06
3.85652e-05
2.0308e-06
-1.9428e-06
3.81147e-05
1.96205e-06
-2.14772e-06
3.88696e-05
2.17342e-06
-2.07033e-06
3.89097e-05
2.16467e-06
-2.42787e-06
4.06211e-05
2.8825e-06
-3.46066e-06
4.18277e-05
3.68857e-06
-3.87694e-06
4.28297e-05
3.92872e-06
-3.97528e-06
4.41056e-05
3.85508e-06
-3.76788e-06
4.5195e-05
3.5969e-06
-3.30325e-06
4.54815e-05
2.98209e-06
-2.68975e-06
4.55073e-05
2.36852e-06
-2.10067e-06
4.54007e-05
1.82039e-06
-1.57615e-06
4.54128e-05
1.35314e-06
-1.17695e-06
4.55103e-05
1.02975e-06
-8.7511e-07
4.55159e-05
7.80502e-07
-7.97364e-07
4.52019e-05
8.89658e-07
-1.26521e-06
3.77182e-05
1.82943e-06
-2.74963e-09
1.88303e-06
-1.88738e-06
6.10429e-07
-6.13178e-07
-1.6765e-10
-1.88114e-06
1.88106e-06
-6.09118e-07
6.0895e-07
1.61199e-09
-1.88264e-06
1.88529e-06
-6.09898e-07
6.1151e-07
3.11224e-09
-1.88921e-06
1.89328e-06
-6.14161e-07
6.17273e-07
4.33382e-09
-1.89789e-06
1.90211e-06
-6.21132e-07
6.25466e-07
5.33577e-09
-1.90666e-06
1.90993e-06
-6.3075e-07
6.36086e-07
3.02619e-09
-1.91186e-06
1.91066e-06
-6.40974e-07
6.44e-07
4.32413e-10
-1.90734e-06
1.90135e-06
-6.45859e-07
6.46291e-07
-1.75367e-09
-1.89454e-06
1.88567e-06
-6.46124e-07
6.4437e-07
-4.43699e-09
-1.87591e-06
1.86545e-06
-6.40942e-07
6.36505e-07
-4.01648e-09
-1.85601e-06
1.84794e-06
-6.31892e-07
6.27875e-07
-2.29374e-09
-1.84177e-06
1.83708e-06
-6.24766e-07
6.22472e-07
-8.58568e-10
-1.83392e-06
1.83152e-06
-6.21198e-07
6.20339e-07
-1.1058e-09
-1.82943e-06
1.82715e-06
-6.19547e-07
6.18442e-07
-5.49475e-10
-1.82526e-06
1.82358e-06
-6.17645e-07
6.17096e-07
2.75348e-10
-1.8226e-06
1.82121e-06
-6.17281e-07
6.17557e-07
1.64647e-10
-1.82029e-06
1.81734e-06
-6.18674e-07
6.18838e-07
-1.10205e-09
-1.81321e-06
1.80888e-06
-6.17958e-07
6.16856e-07
3.94694e-10
-1.80507e-06
1.806e-06
-6.15129e-07
6.15524e-07
1.7047e-08
-1.81527e-06
1.83308e-06
-6.21137e-07
6.38184e-07
-2.1521e-08
-1.76154e-06
-5.78069e-07
-1.31111e-09
9.48298e-10
2.65064e-09
3.85915e-09
5.28365e-09
4.88877e-09
1.85838e-09
-1.67433e-10
-3.42838e-09
-4.61295e-09
-3.10961e-09
-1.27436e-09
-7.9179e-10
-7.96531e-10
1.8575e-10
1.11705e-09
-8.80398e-10
-1.7265e-09
5.61307e-09
-6.01155e-08
1.17299e-08
1.9905e-06
6.72505e-07
1.20414e-08
-1.9972e-06
1.99974e-06
-6.85093e-07
6.97135e-07
1.7814e-09
-1.99431e-06
1.97766e-06
-7.05453e-07
7.07235e-07
-1.42962e-08
-1.95119e-06
1.91898e-06
-7.00426e-07
6.86129e-07
-1.96172e-08
-1.8853e-06
1.85447e-06
-6.67406e-07
6.47789e-07
-1.37107e-08
-1.82946e-06
1.81163e-06
-6.30223e-07
6.16513e-07
-8.16533e-09
-1.80047e-06
1.79308e-06
-6.06701e-07
5.98536e-07
-4.73543e-09
-1.7876e-06
1.78684e-06
-5.90571e-07
5.85836e-07
5.62617e-09
-1.79189e-06
1.8009e-06
-5.86543e-07
5.92169e-07
3.43072e-09
-1.80848e-06
1.81215e-06
-5.98237e-07
6.01668e-07
2.23048e-09
-1.81311e-06
1.81397e-06
-6.0304e-07
6.0527e-07
1.9959e-09
-1.81412e-06
1.81276e-06
-6.07788e-07
6.09784e-07
-1.87999e-10
-1.8089e-06
1.80188e-06
-6.11096e-07
6.10908e-07
-5.64316e-09
-1.79245e-06
1.78026e-06
-6.08669e-07
6.03026e-07
-7.94832e-09
-1.76737e-06
1.75882e-06
-5.9425e-07
5.86302e-07
2.51091e-09
-1.75717e-06
1.76409e-06
-5.83019e-07
5.8553e-07
8.55882e-09
-1.77573e-06
1.79219e-06
-5.90428e-07
5.98987e-07
1.66938e-08
-1.81184e-06
1.8368e-06
-6.10076e-07
6.2677e-07
2.08976e-08
-1.86431e-06
1.89294e-06
-6.46817e-07
6.67715e-07
4.12561e-08
-1.93446e-06
1.9841e-06
-6.98991e-07
7.40247e-07
-2.83045e-08
-1.90806e-06
-6.8222e-07
1.25882e-08
8.31837e-09
-6.80909e-09
-1.87234e-08
-1.75655e-08
-9.81139e-09
-7.96465e-09
7.07089e-10
6.06808e-09
1.372e-09
2.51798e-09
1.31141e-09
-2.23853e-09
-8.77557e-09
-3.28286e-09
4.89814e-09
1.10888e-08
2.00476e-08
3.1276e-08
-5.80266e-08
-4.53454e-06
1.12997e-06
9.3316e-05
-6.09803e-06
9.40414e-05
-8.44738e-06
9.76483e-05
-9.80226e-06
9.60534e-05
-5.81344e-06
-6.44878e-06
9.94946e-05
-7.10777e-06
5.21303e-05
7.60266e-06
-2.10703e-06
3.20135e-05
2.36183e-06
-6.74626e-06
7.16737e-07
-6.5066e-06
6.26577e-06
-5.85535e-07
-3.53868e-06
8.62139e-06
3.24717e-05
1.23202e-05
-8.33401e-06
-7.60892e-06
0.0001082
0.000102412
-9.32176e-08
3.62543e-05
-8.05363e-08
-5.77713e-06
-9.93815e-07
6.86216e-06
-1.16455e-05
2.0684e-06
-9.80847e-06
3.43179e-07
-6.23076e-07
4.72379e-05
4.64564e-05
9.5168e-07
4.71413e-05
4.72599e-05
5.00402e-05
5.79688e-06
-4.96668e-06
4.921e-05
5.14784e-05
-2.64461e-06
6.21256e-07
-1.19746e-06
2.76681e-05
2.11863e-06
-7.07483e-06
5.17157e-06
4.02189e-06
-7.98212e-07
5.19045e-05
-5.90822e-06
5.02038e-05
3.17351e-05
1.1187e-06
9.11202e-05
-8.99957e-05
-2.24318e-06
9.10737e-05
-9.03982e-05
4.43199e-07
1.51979e-05
6.59421e-05
-6.41728e-05
-1.69672e-05
1.17899e-05
7.74074e-05
-7.39994e-05
7.18032e-06
8.99316e-05
-8.5322e-05
3.90289e-06
9.31427e-05
-8.98652e-05
1.97369e-06
9.29115e-05
-9.09823e-05
8.74541e-07
9.21439e-05
-9.10447e-05
2.42883e-07
9.17519e-05
9.14222e-05
-1.05616e-07
1.79684e-05
-8.21293e-05
2.05516e-05
7.38516e-05
-7.64348e-05
2.03552e-05
6.65698e-05
-6.63735e-05
1.84049e-05
6.54594e-05
-6.3509e-05
1.35531e-05
7.07939e-05
6.57464e-06
8.43858e-05
2.10042e-06
9.44058e-05
4.58584e-07
9.47845e-05
-2.10028e-07
9.35801e-05
-4.45355e-07
9.23792e-05
-5.18247e-07
9.18248e-05
9.14581e-05
-5.54151e-07
1.90676e-05
1.78952e-05
1.3857e-05
6.0939e-06
-5.29209e-08
-1.50973e-06
-1.36937e-06
-1.06426e-06
-8.69565e-07
-7.2942e-07
-6.70907e-07
4.36128e-08
-3.00664e-07
4.67134e-05
5.68746e-07
-7.8591e-07
4.7477e-05
-1.91274e-06
9.37454e-05
1.10906e-06
3.74266e-07
-2.57627e-06
9.47049e-05
-4.49219e-06
9.95642e-05
-8.0208e-06
9.9582e-05
-1.02615e-05
0.000101735
-4.08908e-06
9.66364e-05
-2.12051e-06
-1.23311e-06
2.48121e-05
8.35736e-07
9.65418e-07
-1.16096e-05
-2.47951e-06
3.2396e-06
-1.5583e-06
7.65182e-06
8.24741e-05
-5.3839e-06
-2.80312e-06
9.17166e-06
0.00010668
0.000104954
-1.66563e-07
-4.68045e-05
-2.90933e-08
4.70001e-05
-4.76285e-05
2.23914e-07
-4.63158e-07
4.78678e-05
-1.67964e-06
9.4678e-05
7.96027e-07
-4.90092e-08
-2.29789e-06
9.53232e-05
-2.75421e-06
0.000100021
-4.53979e-06
0.000101368
-4.67858e-06
0.000101874
-1.06884e-06
9.30267e-05
-1.28747e-06
2.63359e-05
-1.96579e-06
-2.41514e-05
-1.06432e-06
-2.94454e-05
1.51616e-05
1.40606e-05
2.60428e-06
-6.71985e-06
1.17416e-07
2.93383e-06
2.26541e-06
8.2813e-05
2.64028e-06
0.000106305
2.1181e-06
0.000105476
2.61555e-06
0.000100276
1.64791e-06
9.82543e-05
6.47555e-07
9.82441e-05
9.46122e-05
-3.15871e-07
-4.70399e-05
2.56903e-07
4.70988e-05
-4.79188e-05
-1.85158e-07
-2.0975e-08
4.81249e-05
-1.79775e-06
9.61018e-05
2.78398e-07
9.55199e-08
-4.59579e-06
9.81212e-05
-4.23505e-06
9.96598e-05
-3.83916e-06
0.000100972
-3.21414e-06
0.000101249
1.72834e-07
8.96397e-05
4.20716e-06
2.23015e-05
1.97537e-07
-2.54357e-05
-2.52639e-06
-3.99592e-06
-4.49012e-06
8.47767e-05
-3.10835e-06
0.000104924
-7.15355e-07
0.000103083
2.68291e-07
9.92924e-05
-4.21052e-07
9.89436e-05
-3.18952e-07
9.8142e-05
9.4334e-05
-4.74676e-07
-4.72163e-05
4.31758e-07
4.72592e-05
-4.82132e-05
-3.21351e-07
1.28341e-07
4.84062e-05
-7.60839e-07
9.70225e-05
1.13755e-07
-2.73558e-07
-1.35618e-06
9.87166e-05
-1.52203e-06
9.98256e-05
-1.07362e-06
0.000100523
-4.28537e-07
0.000100604
1.36047e-06
8.78507e-05
3.19435e-07
2.33426e-05
-5.46779e-06
-1.96485e-05
-1.10907e-05
1.62695e-06
-1.21496e-05
8.58357e-05
-6.94303e-06
9.9717e-05
-4.05711e-06
0.000100197
-2.49085e-06
9.77262e-05
-7.09128e-07
9.71619e-05
1.20579e-06
9.6227e-05
9.52287e-05
-5.49712e-07
-4.72951e-05
5.3838e-07
4.73064e-05
-4.84791e-05
-4.41352e-07
2.0935e-07
4.87111e-05
3.47725e-07
9.74157e-05
7.46008e-10
-7.41752e-07
3.35049e-07
9.87292e-05
5.66947e-07
9.95937e-05
8.23911e-07
0.000100266
8.18831e-07
0.000100609
2.8881e-07
8.83807e-05
-5.14991e-06
2.87813e-05
-1.27925e-05
-1.20059e-05
-1.7405e-05
6.23942e-06
-1.51561e-05
8.35868e-05
-9.95189e-06
9.45128e-05
-5.9813e-06
9.62266e-05
-2.9973e-06
9.47422e-05
-1.15871e-06
9.53233e-05
-4.15426e-08
9.51099e-05
9.49921e-05
-5.91873e-07
-4.72661e-05
6.65831e-07
4.71921e-05
-4.86198e-05
-6.52144e-07
5.0363e-07
4.87684e-05
1.44528e-06
9.74201e-05
-4.14703e-07
-1.03495e-06
1.66695e-06
9.85076e-05
1.80321e-06
9.94574e-05
1.90355e-06
0.000100166
1.54722e-06
0.000100965
-8.41414e-07
9.07694e-05
-1.03758e-05
3.83157e-05
-1.83481e-05
-4.03364e-06
-2.00526e-05
7.94394e-06
-1.68193e-05
8.03534e-05
-1.19375e-05
8.9631e-05
-6.5759e-06
9.0865e-05
-3.96979e-06
9.2136e-05
-1.65385e-06
9.30074e-05
-7.4626e-07
9.42023e-05
9.44838e-05
-6.43001e-07
-4.70751e-05
7.94643e-07
4.69235e-05
-4.86232e-05
-8.41822e-07
7.65818e-07
4.86992e-05
2.46981e-06
9.70078e-05
-7.5828e-07
-1.29918e-06
3.27036e-06
9.7707e-05
4.16543e-06
9.85624e-05
4.96096e-06
9.93704e-05
5.91969e-06
0.000100007
5.30396e-06
9.13851e-05
-6.86864e-06
5.04883e-05
-1.63577e-05
5.45539e-06
-1.85179e-05
1.01041e-05
-1.26158e-05
7.44514e-05
-9.2843e-06
8.62995e-05
-4.20163e-06
8.57823e-05
-2.96058e-06
9.0895e-05
-1.61946e-06
9.16663e-05
-1.11531e-06
9.36981e-05
9.39258e-05
-6.53329e-07
-4.6734e-05
8.73723e-07
4.65136e-05
-4.84976e-05
-1.00575e-06
1.03694e-06
4.84664e-05
3.80567e-06
9.59748e-05
-1.13203e-06
-1.64064e-06
5.21121e-06
9.63015e-05
7.09076e-06
9.66828e-05
8.66304e-06
9.77982e-05
1.12029e-05
9.74669e-05
1.19165e-05
9.06715e-05
4.96507e-07
6.19082e-05
-9.7803e-06
1.57322e-05
-1.3573e-05
1.38969e-05
-4.6123e-06
6.54906e-05
-2.06891e-06
8.37561e-05
-1.35037e-06
8.50638e-05
-9.39307e-07
9.04839e-05
-7.12326e-07
9.14393e-05
-7.03282e-07
9.36891e-05
9.38122e-05
-6.3209e-07
-4.62468e-05
9.18098e-07
4.59608e-05
-4.81891e-05
-1.11581e-06
1.24747e-06
4.80574e-05
4.5005e-06
9.47273e-05
-1.41437e-06
-1.83871e-06
6.20317e-06
9.45988e-05
8.16902e-06
9.4717e-05
1.19605e-05
9.40067e-05
1.5276e-05
9.41514e-05
1.63266e-05
8.9621e-05
8.43787e-06
6.97969e-05
-5.07897e-08
2.42208e-05
-6.16345e-06
2.00095e-05
1.58162e-06
5.77456e-05
1.76782e-06
8.357e-05
-6.1181e-07
8.74434e-05
-1.157e-06
9.10291e-05
-1.36045e-06
9.16427e-05
-6.50422e-07
9.29791e-05
-5.98577e-07
9.37604e-05
9.39206e-05
-6.11495e-07
-5.54498e-07
-4.56507e-05
8.72815e-07
4.53324e-05
-4.77395e-05
-1.11383e-06
1.28907e-06
4.75643e-05
4.25068e-06
9.3655e-05
-1.47666e-06
-1.70172e-06
6.02675e-06
9.28227e-05
8.47436e-06
9.22694e-05
1.15832e-05
9.08979e-05
1.54902e-05
9.02444e-05
1.88153e-05
8.62959e-05
1.61112e-05
7.2501e-05
9.85748e-06
3.04745e-05
3.45724e-06
2.64098e-05
6.76734e-06
5.44355e-05
5.01828e-06
8.5319e-05
2.09118e-06
9.03705e-05
4.32942e-07
9.26874e-05
-7.92619e-07
9.28683e-05
-1.26129e-06
9.34477e-05
-9.60705e-07
9.34598e-05
9.37192e-05
-7.59382e-07
-4.58741e-07
-4.50232e-05
7.64256e-07
4.47177e-05
-4.72562e-05
-1.01884e-06
1.23748e-06
4.70375e-05
4.61646e-06
9.20809e-05
-1.44654e-06
-1.59581e-06
6.41435e-06
9.10248e-05
8.87105e-06
8.98127e-05
1.08121e-05
8.89568e-05
1.4627e-05
8.64295e-05
1.83629e-05
8.256e-05
2.00878e-05
7.07761e-05
1.82352e-05
3.23272e-05
1.2498e-05
3.21469e-05
1.11977e-05
5.57358e-05
8.75781e-06
8.77589e-05
3.98763e-06
9.51407e-05
1.38789e-06
9.52871e-05
-5.50814e-07
9.4807e-05
-1.31388e-06
9.42108e-05
-1.5857e-06
9.37316e-05
9.34994e-05
-1.36583e-06
-3.31018e-07
-4.4419e-05
6.1362e-07
4.41363e-05
-4.6717e-05
-8.5185e-07
1.11759e-06
4.64513e-05
4.72682e-06
9.03309e-05
-1.41512e-06
-1.56165e-06
6.46689e-06
8.92848e-05
8.71522e-06
8.75643e-05
1.06303e-05
8.70417e-05
1.31379e-05
8.39219e-05
1.5107e-05
8.05909e-05
2.2015e-05
6.38682e-05
2.19068e-05
3.24354e-05
1.69619e-05
3.70918e-05
1.01956e-05
6.25021e-05
4.72493e-06
9.32295e-05
1.23028e-07
9.97426e-05
-1.5077e-06
9.69178e-05
-2.15231e-06
9.54516e-05
-2.09687e-06
9.41554e-05
-1.89388e-06
9.35286e-05
9.32806e-05
-1.67509e-06
-1.84838e-07
-4.38795e-05
3.98645e-07
4.36657e-05
-4.61289e-05
-6.81262e-07
9.06976e-07
4.59032e-05
3.04221e-06
8.94621e-05
-1.09632e-06
-1.07709e-06
4.4209e-06
8.79061e-05
5.77208e-06
8.62132e-05
8.87115e-06
8.39427e-05
1.01287e-05
8.26644e-05
1.13095e-05
7.941e-05
2.13113e-05
5.38663e-05
1.97828e-05
3.39639e-05
1.18178e-05
4.50568e-05
4.04551e-07
7.39154e-05
-3.89341e-06
9.75275e-05
-4.31347e-06
0.000100163
-3.80345e-06
9.64078e-05
-3.27241e-06
9.49206e-05
-2.74487e-06
9.36278e-05
-2.4054e-06
9.31892e-05
9.29475e-05
-2.07232e-06
-9.5476e-08
-4.34537e-05
2.48454e-07
4.33007e-05
-4.56812e-05
-4.08457e-07
5.46844e-07
4.55428e-05
1.02163e-06
8.94459e-05
-5.56165e-07
-4.49302e-07
1.35134e-06
8.75764e-05
1.8333e-06
8.57312e-05
4.4866e-06
8.12894e-05
5.96125e-06
8.11897e-05
9.19312e-06
7.61781e-05
1.68247e-05
4.62348e-05
1.26796e-05
3.81089e-05
8.05398e-07
5.69311e-05
-8.67498e-06
8.33958e-05
-8.30027e-06
9.71528e-05
-6.47507e-06
9.83375e-05
-5.18643e-06
9.51192e-05
-4.27791e-06
9.40121e-05
-3.64218e-06
9.29921e-05
-3.02097e-06
9.2568e-05
9.24648e-05
-2.53828e-06
-1.56885e-08
-4.31881e-05
7.39362e-08
4.31298e-05
-4.54521e-05
-1.20978e-07
1.59099e-07
4.5414e-05
2.64793e-07
8.94397e-05
-1.5914e-07
-9.93933e-08
-2.86303e-08
8.78698e-05
-3.30888e-07
8.60335e-05
-5.12905e-07
8.14714e-05
1.58985e-06
7.9087e-05
7.71513e-06
7.00529e-05
9.8528e-06
4.40971e-05
2.26782e-06
4.56939e-05
-9.91974e-06
6.91186e-05
-1.29424e-05
8.64185e-05
-1.05908e-05
9.48012e-05
-7.82826e-06
9.55749e-05
-5.979e-06
9.32699e-05
-4.57781e-06
9.26109e-05
-3.71007e-06
9.21243e-05
-3.01855e-06
9.18764e-05
-2.48394e-06
9.19302e-05
9.19982e-05
-9.24584e-05
-2.0238e-06
-2.8813e-08
-4.31053e-05
3.04166e-08
4.31037e-05
-4.54225e-05
-1.15778e-09
-5.01773e-08
4.54739e-05
-7.98059e-07
8.99545e-05
1.5132e-07
1.31968e-07
-1.45514e-06
8.85269e-05
-2.1759e-06
8.67542e-05
-3.97298e-06
8.32685e-05
-3.79726e-06
7.89112e-05
2.82566e-06
6.34299e-05
-1.57624e-08
4.69385e-05
-9.20553e-06
5.48836e-05
-1.60452e-05
7.59583e-05
-1.57112e-05
8.60844e-05
-1.23811e-05
9.14711e-05
-8.9954e-06
9.21892e-05
-6.70189e-06
9.09764e-05
-5.17284e-06
9.10818e-05
-3.92367e-06
9.08752e-05
-3.11895e-06
9.10717e-05
-2.37713e-06
9.11884e-05
9.14839e-05
-1.86274e-06
-6.98512e-08
-4.31169e-05
3.72361e-08
4.31495e-05
-4.55481e-05
6.14181e-08
-1.91376e-07
4.5678e-05
-2.16774e-06
9.12082e-05
4.23181e-07
4.90766e-07
-3.89459e-06
9.02537e-05
-5.94312e-06
8.88028e-05
-8.45278e-06
8.57781e-05
-8.4388e-06
7.88973e-05
-5.56603e-06
6.05572e-05
-1.02228e-05
5.15953e-05
-1.71592e-05
6.182e-05
-1.93796e-05
7.81787e-05
-1.7649e-05
8.43538e-05
-1.41438e-05
8.79659e-05
-1.08974e-05
8.89428e-05
-8.40247e-06
8.84815e-05
-6.52568e-06
8.9205e-05
-4.91304e-06
8.92625e-05
-3.78844e-06
8.99471e-05
-2.76794e-06
9.01679e-05
9.07401e-05
-2.02417e-06
-2.17249e-07
-4.3196e-05
1.67519e-07
4.32457e-05
-4.58551e-05
2.69799e-08
-2.70364e-07
4.60985e-05
-2.68999e-06
9.27553e-05
5.98602e-07
5.4432e-07
-4.99427e-06
9.2558e-05
-8.41215e-06
9.22206e-05
-1.23303e-05
8.96962e-05
-1.29056e-05
7.94727e-05
-1.38081e-05
6.14596e-05
-1.85345e-05
5.63218e-05
-2.09921e-05
6.42776e-05
-2.11633e-05
7.83499e-05
-1.9247e-05
8.24374e-05
-1.54768e-05
8.41958e-05
-1.1706e-05
8.5172e-05
-9.17965e-06
8.59552e-05
-6.96302e-06
8.69884e-05
-5.36625e-06
8.76658e-05
-4.0384e-06
8.86193e-05
-3.00819e-06
8.91377e-05
8.9903e-05
-2.17109e-06
-3.66755e-07
-4.32746e-05
3.71528e-07
4.32698e-05
-4.63607e-05
-1.92225e-07
-6.10861e-08
4.66141e-05
-1.15901e-06
9.35858e-05
2.78609e-07
4.98794e-08
-2.79782e-06
9.41968e-05
-5.78434e-06
9.52072e-05
-1.09447e-05
9.48565e-05
-1.58869e-05
8.44149e-05
-1.98947e-05
6.54674e-05
-2.27136e-05
5.91407e-05
-2.21099e-05
6.36739e-05
-1.96337e-05
7.58738e-05
-1.70585e-05
7.98622e-05
-1.3679e-05
8.08163e-05
-9.68355e-06
8.11765e-05
-7.39536e-06
8.3667e-05
-5.33209e-06
8.49251e-05
-4.05328e-06
8.6387e-05
-2.94259e-06
8.75086e-05
-2.23423e-06
8.84293e-05
8.93188e-05
-1.65003e-06
-4.47773e-07
-4.32118e-05
5.71858e-07
4.30877e-05
-4.68129e-05
-5.31865e-07
4.13899e-07
4.69308e-05
8.21508e-07
9.36989e-05
-3.43267e-07
-5.91327e-07
5.11219e-07
9.45071e-05
-4.19378e-07
9.61377e-05
-3.81946e-06
9.82566e-05
-1.0911e-05
9.15064e-05
-1.90325e-05
7.35889e-05
-2.26947e-05
6.28028e-05
-2.21693e-05
6.31485e-05
-1.69645e-05
7.06689e-05
-1.22482e-05
7.5146e-05
-8.67524e-06
7.72433e-05
-5.5164e-06
7.80177e-05
-3.8202e-06
8.19708e-05
-2.41949e-06
8.35244e-05
-1.70157e-06
8.56691e-05
-1.18498e-06
8.6992e-05
-9.23899e-07
8.81682e-05
8.91284e-05
-7.33555e-07
-4.45231e-07
-4.29074e-05
6.53482e-07
4.26991e-05
-4.69562e-05
-6.65157e-07
6.65236e-07
4.69561e-05
1.54976e-06
-6.56146e-07
-7.75781e-07
1.85891e-06
9.41979e-05
2.43933e-06
9.55573e-05
2.50335e-06
9.81926e-05
-1.53424e-06
9.5544e-05
-1.09225e-05
8.29773e-05
-1.712e-05
6.90003e-05
-1.8065e-05
6.40935e-05
-1.37995e-05
6.64034e-05
-8.2903e-06
6.96367e-05
-3.99531e-06
7.29483e-05
-1.81471e-06
7.58371e-05
-6.41548e-07
8.07976e-05
-2.5063e-07
8.31335e-05
-2.15602e-07
8.5634e-05
-2.46194e-07
8.70226e-05
-2.878e-07
8.82098e-05
8.91442e-05
-3.03589e-07
2.66164e-06
9.36151e-05
3.70345e-06
9.45155e-05
5.38765e-06
9.65084e-05
5.24577e-06
9.56859e-05
-4.35298e-07
8.86583e-05
-8.58815e-06
7.71532e-05
-1.12804e-05
6.67858e-05
-8.89576e-06
6.40187e-05
-4.80856e-06
6.55495e-05
-2.56525e-07
6.83963e-05
1.17315e-06
7.44074e-05
1.08378e-06
8.0887e-05
7.05688e-07
8.35116e-05
4.43598e-07
8.58961e-05
2.37773e-07
8.72284e-05
6.5471e-08
8.83821e-05
8.92835e-05
-7.3771e-08
3.39738e-06
4.95887e-06
7.27917e-06
9.06457e-06
8.08121e-06
8.96417e-05
2.62717e-06
8.26072e-05
-2.08647e-06
7.14994e-05
-1.18787e-06
6.31201e-05
1.30422e-06
6.30575e-05
4.251e-06
6.54495e-05
4.36571e-06
7.42927e-05
3.50144e-06
8.17512e-05
2.75354e-06
8.42595e-05
2.01944e-06
8.66302e-05
1.30569e-06
8.79422e-05
7.32763e-07
8.8955e-05
8.97046e-05
3.11633e-07
1.28778e-05
1.18882e-05
8.35968e-05
6.88097e-06
7.65066e-05
5.7981e-06
6.4203e-05
7.62133e-06
6.12342e-05
8.5031e-06
6.45677e-05
8.7218e-06
7.4074e-05
7.78804e-06
8.2685e-05
5.63467e-06
8.64129e-05
3.78061e-06
8.84843e-05
2.3474e-06
8.93754e-05
1.30672e-06
6.1313e-07
1.59792e-05
8.32576e-05
1.4621e-05
7.78648e-05
1.27869e-05
6.6037e-05
1.20304e-05
6.19908e-05
1.24253e-05
1.24999e-05
9.86291e-06
6.41054e-06
3.91253e-06
1.73918e-05
1.88218e-05
1.84854e-05
3.63799e-05
-8.19708e-08
3.64302e-05
7.63144e-08
-1.26559e-07
3.64454e-05
-1.81836e-07
3.63654e-05
2.97317e-07
-2.17314e-07
3.62762e-05
-2.26618e-07
3.6136e-05
3.93024e-07
-2.52887e-07
3.59484e-05
-2.87048e-07
3.57167e-05
5.28816e-07
-2.97053e-07
3.54482e-05
-2.8129e-07
3.51403e-05
5.70723e-07
-2.62766e-07
3.47965e-05
-2.4812e-07
3.44142e-05
6.17273e-07
-2.34979e-07
3.39951e-05
-2.23913e-07
3.35546e-05
6.48232e-07
-2.07687e-07
3.30889e-05
-1.87647e-07
3.26018e-05
6.54304e-07
-1.67199e-07
3.21124e-05
-1.4265e-07
3.16292e-05
6.00522e-07
-1.17353e-07
3.11674e-05
-9.26635e-08
3.07333e-05
5.0268e-07
-6.85681e-08
3.03233e-05
-4.87406e-08
2.9953e-05
4.00259e-07
-2.99836e-08
2.96298e-05
-7.81957e-09
2.93593e-05
2.54981e-07
1.5462e-08
2.91433e-05
3.12231e-08
2.897e-05
1.32947e-07
4.02941e-08
2.88294e-05
4.515e-08
2.87267e-05
5.4254e-08
4.84819e-08
2.86573e-05
5.37036e-08
2.85904e-05
1.18652e-08
5.49984e-08
2.85099e-05
5.17211e-08
2.8414e-05
4.64893e-08
4.94379e-08
2.8298e-05
4.60875e-08
2.813e-05
1.31099e-07
3.69354e-08
2.78887e-05
2.40071e-08
2.75724e-05
3.06505e-07
9.83308e-09
2.7207e-05
-1.39349e-09
2.68062e-05
4.09797e-07
-8.96351e-09
2.63756e-05
-1.71888e-08
2.59351e-05
4.6493e-07
-2.44719e-08
2.55174e-05
-2.74571e-08
4.03864e-07
-2.68157e-08
4.7506e-05
1.47393e-08
-1.45196e-07
4.76364e-05
4.74645e-05
2.96689e-07
4.75421e-05
-1.59484e-06
1.45981e-06
-5.02045e-06
-1.31596e-05
2.56946e-06
-5.67414e-07
1.87759e-06
-8.08117e-07
4.78312e-05
-2.57553e-07
1.47791e-07
4.7941e-05
4.78749e-05
-9.67726e-08
4.79227e-05
4.80127e-05
-2.75567e-07
7.6884e-08
4.82114e-05
4.81801e-05
1.13465e-08
4.82643e-05
4.83218e-05
-4.92968e-07
3.91339e-07
4.84235e-05
4.85064e-05
-3.18447e-07
4.85513e-05
4.85205e-05
-6.11018e-07
5.76685e-07
4.85548e-05
4.87614e-05
-6.67892e-07
4.86875e-05
4.85685e-05
-7.34285e-07
7.63734e-07
4.85391e-05
4.87764e-05
-9.08942e-07
4.86504e-05
4.84919e-05
-8.37716e-07
9.50847e-07
4.83787e-05
4.8658e-05
-1.1524e-06
4.85112e-05
4.82467e-05
-9.21081e-07
1.09787e-06
4.80699e-05
4.84161e-05
-1.37523e-06
4.81507e-05
4.78722e-05
-9.10625e-07
1.15366e-06
4.76292e-05
4.79838e-05
-1.47151e-06
4.76166e-05
4.73882e-05
-8.11913e-07
1.07968e-06
4.71204e-05
4.7429e-05
-1.38779e-06
4.71151e-05
4.68658e-05
-6.98974e-07
9.4675e-07
4.66181e-05
4.6906e-05
-1.26728e-06
4.65775e-05
4.63798e-05
-5.118e-07
7.62191e-07
4.61294e-05
4.62799e-05
-1.08458e-06
4.58029e-05
4.58468e-05
-3.44949e-07
5.42434e-07
4.56493e-05
4.56135e-05
-7.64416e-07
4.53008e-05
4.54893e-05
-1.66923e-07
2.80163e-07
4.53761e-05
4.52915e-05
-3.70825e-07
4.5213e-05
4.53291e-05
-3.64286e-08
4.03369e-08
4.53251e-05
4.5213e-05
-3.18384e-08
4.51454e-05
4.53544e-05
-3.32435e-08
-2.50498e-08
4.54127e-05
4.52466e-05
9.92696e-08
4.52793e-05
4.55114e-05
-8.46585e-08
-6.39097e-08
4.56599e-05
4.55111e-05
2.40951e-07
4.57609e-05
4.58544e-05
-2.77631e-07
6.48926e-08
4.60672e-05
4.60891e-05
1.9739e-07
4.64361e-05
4.62465e-05
-4.67768e-07
3.67063e-07
4.63472e-05
4.66536e-05
-1.68256e-07
4.68717e-05
4.63872e-05
-6.45266e-07
6.42126e-07
4.63903e-05
4.69424e-05
-6.1679e-07
4.69678e-05
4.63786e-05
-6.38684e-07
6.87134e-07
4.69769e-05
-7.3348e-07
-4.10484e-08
4.21026e-06
1.71733e-06
-4.17318e-08
4.17002e-06
1.6756e-06
-7.40202e-08
-4.09909e-06
3.99128e-06
-1.61997e-06
1.54595e-06
-8.68842e-08
-3.86177e-06
3.72204e-06
-1.45814e-06
1.37126e-06
-9.9992e-08
-3.55887e-06
3.37181e-06
-1.28154e-06
1.18155e-06
-9.90494e-08
-3.17982e-06
2.99758e-06
-1.07649e-06
9.77437e-07
-8.40038e-08
-2.82536e-06
2.66125e-06
-8.86885e-07
8.02881e-07
-7.42034e-08
-2.50441e-06
2.3547e-06
-7.24741e-07
6.50537e-07
-6.09672e-08
-2.21552e-06
2.08884e-06
-5.82027e-07
5.2106e-07
-4.5108e-08
-1.97559e-06
1.87805e-06
-4.67115e-07
4.22007e-07
-2.73535e-08
-1.79675e-06
1.73144e-06
-3.85955e-07
3.58601e-07
-1.22257e-08
-1.68163e-06
1.64511e-06
-3.39842e-07
3.27616e-07
2.29385e-09
-1.62085e-06
1.61073e-06
-3.21899e-07
3.24193e-07
1.69209e-08
-1.61548e-06
1.62978e-06
-3.34909e-07
3.5183e-07
2.12937e-08
-1.65047e-06
1.67433e-06
-3.71434e-07
3.92728e-07
2.43992e-08
-1.70061e-06
1.72991e-06
-4.14931e-07
4.3933e-07
2.43533e-08
-1.75952e-06
1.78689e-06
-4.64716e-07
4.8907e-07
2.35249e-08
-1.81243e-06
1.835e-06
-5.12964e-07
5.36489e-07
1.53377e-08
-1.85143e-06
1.8601e-06
-5.56992e-07
5.7233e-07
4.06773e-09
-1.861e-06
1.85554e-06
-5.81259e-07
5.85326e-07
-2.81832e-09
-1.84538e-06
1.83101e-06
-5.86522e-07
5.83704e-07
-9.45311e-09
-1.81364e-06
1.79563e-06
-5.76609e-07
5.67156e-07
-5.56311e-08
-8.78081e-08
-8.97177e-08
-1.0506e-07
-9.05514e-08
-7.81406e-08
-6.851e-08
-5.39451e-08
-3.60524e-08
-1.87594e-08
-5.71739e-09
1.07164e-08
1.96046e-08
2.22028e-08
2.53863e-08
2.38947e-08
2.05031e-08
8.92889e-09
1.19546e-09
-7.09479e-09
-1.02987e-08
-6.47956e-07
9.38676e-05
9.39483e-05
-7.91089e-07
9.38993e-05
9.39433e-05
-9.40512e-07
9.34739e-05
9.38778e-05
-1.49299e-06
9.32918e-05
-1.10657e-06
9.34914e-05
-3.77462e-07
9.39585e-05
-5.60615e-07
-3.66135e-07
4.70613e-05
3.07735e-05
3.13863e-07
-5.24282e-08
-1.73408e-06
9.29536e-05
-1.44836e-06
9.32056e-05
-4.61198e-07
9.36337e-05
-6.62319e-07
-4.69849e-05
-3.93779e-07
4.69175e-05
-3.05084e-05
3.02358e-05
3.12827e-07
-4.03041e-08
-2.04306e-06
-1.58915e-06
9.27517e-05
-5.27243e-07
-6.45619e-07
9.32174e-05
-4.67901e-05
-4.51786e-07
4.67147e-05
-2.99552e-05
2.96642e-05
3.1789e-07
-2.68818e-08
3.12135e-07
-4.70236e-08
3.14732e-07
-3.4147e-08
3.06521e-07
-2.09668e-08
2.93787e-05
4.5122e-05
4.84172e-07
4.495e-05
4.4869e-05
5.34988e-07
4.46488e-05
4.45149e-05
5.15861e-07
4.43055e-05
4.65849e-05
-1.49111e-08
2.07452e-06
5.99043e-07
-1.08078e-08
-2.0408e-06
2.0113e-06
-5.85738e-07
5.7493e-07
-6.30854e-09
-1.98609e-06
1.96552e-06
-5.65991e-07
5.59682e-07
-1.33049e-08
-8.93922e-09
-4.53485e-09
1.94909e-06
5.55148e-07
1.49344e-09
9.03775e-05
-9.00673e-05
-9.34166e-08
9.0945e-05
-1.21537e-07
-9.07285e-05
-1.30684e-07
4.51891e-05
-4.51518e-05
2.68042e-05
1.14595e-07
-2.69245e-05
5.68599e-09
1.13338e-07
9.08772e-05
-9.86569e-08
9.13031e-05
-1.4614e-07
-4.52188e-05
-1.72663e-07
4.52928e-05
-2.66672e-05
2.65035e-05
1.66404e-07
-2.69145e-09
-3.25884e-08
9.1353e-05
-1.65101e-07
9.16576e-05
-2.22001e-07
-4.53573e-05
-2.38972e-07
4.54312e-05
-2.63176e-05
2.6113e-05
2.1582e-07
-1.12518e-08
-3.50628e-07
9.1598e-05
-2.45875e-07
9.18435e-05
-2.90673e-07
-4.54838e-05
-2.90859e-07
4.55288e-05
-2.58997e-05
2.5683e-05
2.32485e-07
-1.58686e-08
-5.84054e-07
9.16279e-05
-2.86006e-07
9.18693e-05
-3.23831e-07
-4.55442e-05
-3.00148e-07
4.55584e-05
-2.54726e-05
2.52735e-05
2.15726e-07
-1.67012e-08
-6.35959e-07
-2.82579e-07
-3.23421e-07
-4.55392e-05
-2.71337e-07
4.5528e-05
-2.50931e-05
2.49334e-05
1.73389e-07
-1.36993e-08
1.3459e-07
2.3899e-09
1.93071e-07
-7.19508e-09
2.2708e-07
-1.36932e-08
2.27049e-07
-1.65671e-08
1.95956e-07
-1.55154e-08
1.47403e-07
-1.06586e-08
4.23952e-05
-4.24113e-05
1.51248e-07
4.23786e-05
4.23723e-05
2.10667e-07
4.23547e-05
4.23316e-05
2.74598e-07
4.2284e-05
4.22257e-05
3.06112e-07
4.21466e-05
4.20622e-05
3.04683e-07
4.19535e-05
4.18555e-05
2.67196e-07
-1.57371e-06
9.23016e-05
-5.32645e-07
9.27996e-05
-6.23231e-07
-4.38729e-07
4.6491e-05
2.91062e-05
2.87356e-07
-1.48868e-08
-1.45002e-06
9.18889e-05
-4.99049e-07
9.24173e-05
-5.68672e-07
-4.63424e-05
-3.96314e-07
4.62397e-05
-2.88479e-05
2.86059e-05
2.46093e-07
-4.09601e-09
-1.45195e-06
9.13167e-05
-4.55346e-07
9.19188e-05
-4.98157e-07
-4.60911e-05
-3.48988e-07
4.59848e-05
-2.83833e-05
2.8181e-05
1.97862e-07
4.41616e-09
-1.47195e-06
9.06176e-05
-4.083e-07
9.12943e-05
-4.39091e-07
-4.5847e-05
-2.9774e-07
4.57364e-05
-2.79953e-05
2.78275e-05
1.59675e-07
8.16926e-09
-1.15166e-06
9.01192e-05
-3.39842e-07
9.08385e-05
-3.55996e-07
-4.55894e-05
-2.32196e-07
4.54817e-05
-2.76786e-05
2.75543e-05
1.10497e-07
1.37577e-08
-5.8089e-07
8.99665e-05
-2.12283e-07
9.06806e-05
-2.10785e-07
-4.53405e-05
-1.51784e-07
4.528e-05
-2.74512e-05
2.73688e-05
6.49973e-08
1.7451e-08
-2.98775e-07
8.99617e-05
-1.25628e-07
9.06564e-05
-1.48941e-07
-4.51992e-05
-1.05874e-07
4.51794e-05
-2.72957e-05
2.72204e-05
5.98708e-08
1.55109e-08
-1.79384e-07
-1.12114e-07
-1.39358e-07
-4.51474e-05
-1.23793e-07
4.5159e-05
-2.71333e-05
2.7033e-05
9.07401e-08
9.59661e-09
2.67239e-07
-8.93506e-09
2.232e-07
-5.52187e-10
1.79907e-07
5.74315e-09
1.3756e-07
1.13668e-08
8.72285e-08
1.5848e-08
5.51573e-08
1.78872e-08
7.40969e-08
1.29347e-08
1.00646e-07
7.88054e-09
4.41542e-05
4.74684e-07
4.39467e-05
4.37965e-05
4.20105e-07
4.35996e-05
4.34485e-05
3.6037e-07
4.3268e-05
4.31299e-05
2.9202e-07
4.29755e-05
4.28538e-05
2.14732e-07
4.27263e-05
4.26395e-05
1.29984e-07
4.25647e-05
4.25187e-05
1.1689e-07
4.24759e-05
4.24428e-05
1.32143e-07
5.16197e-09
1.98205e-06
-1.98153e-06
6.39965e-07
-6.34803e-07
2.06955e-09
-1.98044e-06
1.97568e-06
-6.43967e-07
6.46036e-07
-1.61608e-09
-1.96818e-06
1.95854e-06
-6.46338e-07
6.44722e-07
-4.18337e-09
-1.9478e-06
1.93611e-06
-6.41777e-07
6.37594e-07
-5.34167e-09
-1.92443e-06
1.91307e-06
-6.32705e-07
6.27364e-07
-4.91104e-09
-1.90283e-06
1.89404e-06
-6.22094e-07
6.17183e-07
4.00186e-09
3.0226e-10
-2.94505e-09
-4.88842e-09
-5.26958e-09
-4.00478e-09
-2.47799e-09
1.93668e-06
5.5267e-07
1.36103e-09
-1.92782e-06
1.92237e-06
-5.5259e-07
5.53951e-07
4.02011e-09
-1.91965e-06
1.92004e-06
-5.5612e-07
5.6014e-07
4.73859e-09
-1.92147e-06
1.9249e-06
-5.64458e-07
5.69197e-07
6.78265e-09
-1.93049e-06
1.93746e-06
-5.74973e-07
5.81755e-07
8.62042e-09
-1.9456e-06
1.95443e-06
-5.89468e-07
5.98089e-07
8.31577e-09
-1.96326e-06
1.97046e-06
-6.07144e-07
6.1546e-07
6.21971e-09
-1.97602e-06
1.9794e-06
-6.22828e-07
6.29048e-07
-7.91946e-11
2.16821e-09
4.31867e-09
5.77565e-09
7.71291e-09
9.05543e-09
7.3686e-09
5.75461e-09
)
;

boundaryField
{
    inlet
    {
        type            calculated;
        value           nonuniform List<scalar> 0();
    }
    outlet
    {
        type            calculated;
        value           nonuniform List<scalar> 
52
(
3.75611e-05
4.48386e-05
4.42536e-05
4.27167e-05
4.07219e-05
3.9135e-05
3.85648e-05
3.84375e-05
3.87881e-05
3.92944e-05
4.05384e-05
4.20195e-05
4.25309e-05
4.36933e-05
4.4334e-05
4.48979e-05
4.49003e-05
4.49326e-05
4.5016e-05
4.51796e-05
4.53845e-05
4.56545e-05
4.41657e-05
2.0389e-05
2.10647e-05
4.41691e-05
4.46504e-05
4.37689e-05
4.2116e-05
4.02929e-05
3.89422e-05
3.85628e-05
3.83952e-05
3.89222e-05
3.95623e-05
4.12002e-05
4.20041e-05
4.28392e-05
4.3892e-05
4.46046e-05
4.48777e-05
4.49749e-05
4.49203e-05
4.50708e-05
4.51983e-05
4.54639e-05
4.56429e-05
3.60911e-05
1.74148e-06
5.56548e-07
1.87346e-06
6.53916e-07
)
;
    }
    wall
    {
        type            calculated;
        value           uniform 0;
    }
    empty_zmin
    {
        type            empty;
    }
    empty_zmax
    {
        type            empty;
    }
    procBoundary1to0
    {
        type            processor;
        value           nonuniform List<scalar> 
39
(
-9.73445e-05
-9.47168e-05
-9.36846e-05
-9.34134e-05
-9.19332e-05
-9.18482e-05
-9.18753e-05
-9.2114e-05
-4.62097e-05
-3.41013e-05
-4.5338e-05
-3.4345e-06
-1.32969e-06
-9.1376e-05
-9.24779e-05
-9.52989e-05
-9.46985e-05
-9.70347e-05
-0.000100438
-4.62064e-05
-4.69313e-05
1.4646e-06
-5.08359e-05
-3.75092e-05
3.66769e-06
8.26358e-07
-3.75544e-05
-5.1135e-05
-5.34424e-05
1.25431e-06
6.08468e-07
-3.60806e-05
1.63236e-06
-4.95453e-05
-5.16172e-05
-4.6958e-05
-4.6963e-05
-4.24975e-06
-1.75838e-06
)
;
    }
}


// ************************************************************************* //
