/*--------------------------------*- C++ -*----------------------------------*\
| =========                 |                                                 |
| \\      /  F ield         | OpenFOAM: The Open Source CFD Toolbox           |
|  \\    /   O peration     | Version:  2406                                  |
|   \\  /    A nd           | Website:  www.openfoam.com                      |
|    \\/     M anipulation  |                                                 |
\*---------------------------------------------------------------------------*/
FoamFile
{
    version     2.0;
    format      ascii;
    arch        "LSB;label=32;scalar=64";
    class       volScalarField;
    location    "4.36";
    object      Co;
}
// * * * * * * * * * * * * * * * * * * * * * * * * * * * * * * * * * * * * * //

dimensions      [0 0 0 0 0 0 0];

internalField   nonuniform List<scalar> 
2367
(
0.0657132
0.0881203
0.0857772
0.0821588
0.0751749
0.11377
0.169774
0.183351
0.0129187
0.0174138
0.0594775
0.105996
0.124488
0.0626031
0.0653859
0.067087
0.0687086
0.0588625
0.0416941
0.0543586
0.0589874
0.0440381
0.0357936
0.0432354
0.0499277
0.0557849
0.079553
0.107862
0.10967
0.103206
0.0987864
0.0958963
0.0934286
0.181256
0.108431
0.0998239
0.11455
0.0575716
0.0577919
0.0579701
0.0606044
0.0427384
0.0380198
0.0498526
0.0441363
0.0291058
0.0337337
0.0398773
0.0472129
0.067469
0.0995675
0.114156
0.111081
0.103516
0.0993421
0.0960655
0.0931606
0.179107
0.0956511
0.0958088
0.105104
0.0534735
0.0526035
0.0504878
0.0489529
0.030163
0.0339132
0.0345203
0.0224453
0.0222722
0.0288974
0.0412226
0.0637146
0.0921765
0.112285
0.116355
0.111079
0.103329
0.0992356
0.0955007
0.0925867
0.176377
0.0799142
0.0627868
0.0606472
0.0599521
0.102112
0.0601286
0.0607776
0.0878528
0.0619134
0.0633375
0.071028
0.0936066
0.0989487
0.0484891
0.0481608
0.0455192
0.0349271
0.0192701
0.0188014
0.011984
0.00838165
0.0235721
0.0434842
0.0658243
0.0894736
0.10845
0.115986
0.115323
0.108531
0.101871
0.098103
0.0938934
0.0910632
0.171507
0.0630512
0.0937213
0.0976691
0.045601
0.0446915
0.0410782
0.0227185
0.0100098
0.00724176
0.0129512
0.0278739
0.0483489
0.0689427
0.0886322
0.104255
0.11303
0.11466
0.111163
0.103776
0.0989255
0.0953949
0.0916655
0.0883102
0.163887
0.048815
0.0948451
0.0991495
0.0481522
0.0466355
0.0374508
0.0167044
0.0131742
0.0209511
0.0334921
0.0490021
0.068511
0.0838137
0.0982676
0.107466
0.111302
0.110197
0.105212
0.0988394
0.0948983
0.0913224
0.0880859
0.0844304
0.15429
0.038378
0.0975648
0.102773
0.0519433
0.0491604
0.0371672
0.0262579
0.0294845
0.039103
0.0506542
0.0631122
0.0795347
0.0895989
0.100281
0.104966
0.10445
0.102294
0.0969528
0.0928182
0.0893749
0.086523
0.0833271
0.079141
0.141907
0.0314103
0.10134
0.106647
0.0544313
0.0494751
0.0395469
0.037427
0.0426368
0.052553
0.0627439
0.0712077
0.0845206
0.0902031
0.0972452
0.097994
0.0961021
0.0946446
0.0897854
0.0874193
0.0842798
0.0819224
0.0783778
0.0732607
0.128706
0.0310615
0.103142
0.111193
0.0567609
0.0507299
0.0447144
0.0470764
0.0530003
0.061678
0.070441
0.075668
0.0855277
0.0877971
0.0913415
0.0902373
0.0891231
0.0882909
0.085046
0.0829234
0.0800314
0.0772074
0.073084
0.0676169
0.119628
0.03567
0.107527
0.116258
0.0609317
0.055256
0.0539576
0.0576333
0.0627215
0.0685708
0.0745914
0.0774682
0.0835333
0.0842005
0.0855614
0.0845521
0.0832968
0.0821059
0.0796968
0.0775067
0.0748882
0.0715805
0.0675461
0.062404
0.111344
0.0410869
0.116121
0.122157
0.0657313
0.0610863
0.0632396
0.0663834
0.0701295
0.0743108
0.0776166
0.0784287
0.0803778
0.0801895
0.0801046
0.0794161
0.0772588
0.075754
0.0736402
0.0712485
0.0689398
0.0661415
0.0625779
0.0579813
0.104369
0.0463496
0.116564
0.132019
0.0690639
0.0661498
0.0716437
0.0764441
0.0796167
0.0822479
0.0815608
0.080589
0.0790891
0.0774392
0.0753602
0.0742272
0.0716683
0.0704
0.0688344
0.0669009
0.0647105
0.0622503
0.0585574
0.0542339
0.0984246
0.0507876
0.108353
0.145775
0.0725822
0.0716137
0.0778506
0.083372
0.0846633
0.0865823
0.0845262
0.0832734
0.0794145
0.0764635
0.0724346
0.0704301
0.0674692
0.0666112
0.0651162
0.0638974
0.0614865
0.0586956
0.0547098
0.0507746
0.0934136
0.0546545
0.088893
0.156306
0.0809474
0.0785802
0.0833065
0.0891253
0.0897786
0.0899659
0.0859755
0.0836811
0.078786
0.0750722
0.0702878
0.0675276
0.0635863
0.0622348
0.0601383
0.059189
0.0566598
0.0538799
0.0506384
0.0475077
0.0887291
0.0579322
0.0749466
0.164625
0.0926339
0.0851245
0.0853347
0.0894026
0.0874459
0.085042
0.0821966
0.0800801
0.0754318
0.0707571
0.0656402
0.0622821
0.0581551
0.0566781
0.0545163
0.053376
0.0508596
0.0486121
0.0466488
0.0444858
0.0845188
0.0604821
0.0689106
0.147179
0.10683
0.10214
0.0899431
0.0843248
0.0818246
0.077369
0.073568
0.0707397
0.0664188
0.0616392
0.0571766
0.0539039
0.0505474
0.0494414
0.0480919
0.0473683
0.04543
0.0442761
0.0433543
0.042324
0.082331
0.0625198
0.0644621
0.12206
0.112515
0.120517
0.110087
0.0909914
0.0771943
0.0719332
0.0677546
0.0630936
0.0564726
0.0508917
0.0467534
0.0435574
0.0413884
0.0414305
0.0417522
0.0422505
0.0414831
0.0412935
0.0411225
0.0411654
0.0817058
0.0641262
0.0540896
0.111681
0.112847
0.130306
0.127207
0.112992
0.0901742
0.0721617
0.0622019
0.0556833
0.0478323
0.0412043
0.0364613
0.0329625
0.0322134
0.0339485
0.036132
0.037687
0.0383851
0.0391595
0.0399294
0.040463
0.0804763
0.0651332
0.0371416
0.090088
0.105786
0.131109
0.132862
0.127175
0.111049
0.0900265
0.0712865
0.0573804
0.0460938
0.0368865
0.0298144
0.0253102
0.0260145
0.0289099
0.031679
0.0337883
0.0359048
0.0375989
0.039396
0.0399348
0.0793449
0.0657501
0.0174393
0.0551864
0.0898323
0.125298
0.130769
0.129749
0.122053
0.107515
0.0908955
0.0756672
0.0620391
0.0512271
0.042867
0.0357019
0.0330997
0.0319381
0.0317335
0.0325278
0.0346125
0.0367823
0.0391662
0.0393542
0.0781038
0.0661041
0.00915882
0.0329504
0.0676764
0.110495
0.122443
0.125947
0.123432
0.114949
0.103349
0.0916036
0.0790639
0.0682516
0.0592559
0.050902
0.0467437
0.0430858
0.0406487
0.0386277
0.0369364
0.0367443
0.0385262
0.0384929
0.0768532
0.0673121
0.021721
0.0485094
0.0580103
0.0916968
0.10787
0.117759
0.119956
0.116024
0.107723
0.0989482
0.0885225
0.0792188
0.0706143
0.0629026
0.0585582
0.0540808
0.0512573
0.0484538
0.0445916
0.0411932
0.04031
0.039272
0.076932
0.0690844
0.0358468
0.0628
0.0560051
0.0794682
0.0898328
0.103651
0.111217
0.112431
0.107723
0.101103
0.0928766
0.0857775
0.0784019
0.0721772
0.0680207
0.06343
0.0606012
0.0575267
0.0531702
0.0480914
0.0447116
0.0422881
0.079534
0.0714255
0.0475007
0.0704339
0.0523949
0.0680319
0.0746429
0.0868948
0.0972266
0.102491
0.103
0.0996384
0.0937901
0.0888159
0.0835448
0.0790556
0.0755562
0.0714082
0.0686281
0.0649713
0.0609203
0.0552891
0.0499934
0.0555788
0.0742721
0.0487573
0.0594082
0.0643521
0.0731321
0.0834742
0.0901601
0.0938359
0.0942299
0.0920389
0.0894375
0.0865834
0.0838491
0.081451
0.0787383
0.0764776
0.0725423
0.0688161
0.0623742
0.0545232
0.0603707
0.0756646
0.0446306
0.0506185
0.0559078
0.0644341
0.0730542
0.0801467
0.0847334
0.0875985
0.0886952
0.0882632
0.0880612
0.0872626
0.086496
0.0855453
0.0834101
0.0799082
0.0763716
0.0692539
0.0631756
0.0754728
0.0403999
0.0454513
0.0518086
0.0586752
0.0653791
0.0724824
0.0770637
0.0815539
0.0847458
0.0862265
0.0887374
0.0892327
0.0901475
0.0903577
0.0648748
0.0668465
0.0553681
0.0690456
0.0711686
0.0429891
0.0731436
0.0751078
0.0345764
0.0772669
0.0798265
0.0296987
0.082021
0.0831208
0.0331071
0.0833732
0.0834817
0.0382482
0.0825233
0.0812549
0.0437939
0.0772411
0.0707606
0.0486285
0.064221
0.0591148
0.0527661
0.0558255
0.0542335
0.0563972
0.0543454
0.0539344
0.0592869
0.0535838
0.0524274
0.0614984
0.0504816
0.0482421
0.0632704
0.0452618
0.0411574
0.0646675
0.0356703
0.029056
0.0654844
0.0215179
0.0141748
0.0658756
0.00783965
0.0036232
0.0665717
0.00261809
0.00638923
0.0681629
0.0116497
0.0174477
0.0701049
0.0232538
0.0286299
0.0734424
0.0332452
0.0368933
0.0393099
0.0405216
0.0409646
0.0410166
0.0410171
0.0411308
0.125775
0.110396
0.135314
0.131327
0.120323
0.115195
0.102601
0.126724
0.123514
0.119823
0.166581
0.163569
0.18108
0.111024
0.106871
0.0971703
0.116651
0.114409
0.111009
0.160267
0.156735
0.178773
0.103426
0.100895
0.0946967
0.107098
0.103411
0.101838
0.152606
0.148084
0.175486
0.0987282
0.0976534
0.0933653
0.0981009
0.0960168
0.0972308
0.14211
0.135947
0.16973
0.0980874
0.098593
0.0942255
0.0948915
0.0961387
0.0987337
0.128318
0.121762
0.161097
0.0989987
0.100176
0.0959044
0.0972348
0.0995037
0.100855
0.114198
0.108694
0.150815
0.102005
0.104268
0.0997853
0.102495
0.105912
0.105163
0.101759
0.0972136
0.137261
0.105538
0.106895
0.10213
0.107851
0.111157
0.109561
0.0932706
0.0914549
0.125004
0.108624
0.111575
0.105383
0.11217
0.115416
0.11415
0.0902309
0.0883586
0.115608
0.113598
0.113839
0.11017
0.118786
0.123729
0.119169
0.0880078
0.0866904
0.10803
0.118823
0.124842
0.117928
0.127515
0.133438
0.127383
0.0860775
0.0847254
0.101508
0.130311
0.136096
0.114014
0.136354
0.140051
0.136961
0.0839775
0.0829176
0.0959502
0.140932
0.141451
0.098581
0.145054
0.151563
0.151122
0.0823056
0.081339
0.0911823
0.139149
0.133024
0.0803234
0.159049
0.16955
0.162575
0.0804925
0.079542
0.0866997
0.121868
0.108538
0.0713291
0.179794
0.185103
0.159447
0.0789183
0.0782472
0.0831664
0.0978231
0.0927166
0.0673407
0.188838
0.183362
0.133438
0.0781697
0.0777461
0.0813488
0.0890964
0.0854074
0.060107
0.173685
0.160233
0.116519
0.0782013
0.0778743
0.0805369
0.0799939
0.0722946
0.0466101
0.151862
0.143341
0.103992
0.0780618
0.0777891
0.079643
0.0601773
0.0463373
0.0269993
0.131284
0.116969
0.0740581
0.077902
0.0774462
0.0788144
0.0316119
0.0200008
0.0104648
0.0951198
0.0774245
0.040795
0.0772347
0.0768116
0.0777531
0.0160945
0.0230044
0.0147661
0.0570198
0.0583418
0.038666
0.0765511
0.0763675
0.076502
0.0319117
0.0395672
0.0288181
0.0704067
0.0741921
0.055211
0.0764047
0.0767462
0.077424
0.0472461
0.0531994
0.04213
0.0807012
0.0827804
0.067249
0.0775791
0.0800974
0.0834545
0.0580399
0.0620139
0.0520518
0.0837541
0.0855083
0.0731255
0.064894
0.0671349
0.0582698
0.0842097
0.0848431
0.075525
0.0687412
0.0699869
0.0619752
0.0824112
0.0817141
0.0759195
0.0708243
0.0713354
0.0640115
0.079086
0.0779284
0.0750421
0.0123018
0.0162836
0.00890043
0.012092
0.00522824
0.00761897
0.0107169
0.0143406
0.00690676
0.00975124
0.00323096
0.00587518
0.0043721
0.00576511
0.0078237
0.00777872
0.00993769
0.00984297
0.0104053
0.0116873
0.00957084
0.0116026
0.00628726
0.00956622
0.00603679
0.00616762
0.011649
0.00242777
0.0159679
0.00213461
0.0195316
0.00430431
0.0222623
0.00583466
0.0242978
0.00673989
0.0257685
0.00729847
0.0268091
0.00755945
0.0280839
0.00774688
0.0299456
0.00830283
0.0316681
0.00880664
0.0341075
0.00967306
0.036537
0.010808
0.0389697
0.012217
0.0063495
0.00673903
0.0089128
0.00876887
0.0108341
0.0109941
0.00979679
0.0116873
0.00817333
0.0107856
0.00476018
0.00796692
0.00901214
0.00427999
0.0139268
0.00153017
0.0178512
0.0033018
0.0210262
0.00516376
0.0233406
0.00634477
0.0250554
0.00702335
0.026181
0.00742953
0.0273165
0.0076306
0.0290286
0.0079884
0.0306978
0.00854259
0.0328588
0.00918457
0.0353047
0.0102106
0.0377843
0.011479
0.0402045
0.0131093
0.0277882
0.0286921
0.0220486
0.024604
0.0144017
0.0193153
0.0304515
0.0252677
0.0268792
0.0184484
0.0220645
0.0101364
0.0165543
0.00687517
0.0138664
0.0132293
0.00902317
0.0208313
0.00383379
0.0280612
0.00301563
0.0349119
0.00832288
0.0398331
0.0132203
0.0460362
0.0190455
0.0451162
0.0218104
0.0434675
0.0217655
0.0430263
0.0228824
0.0450222
0.0257039
0.043954
0.0278547
0.041304
0.0282398
0.0367052
0.0270063
0.0275991
0.0201475
0.0146123
0.00737464
0.01681
0.011211
0.0147688
0.0155551
0.0135805
0.0150494
0.00786502
0.010894
0.00919037
0.0052992
0.0133777
0.00191884
0.0149618
0.00400005
0.0154602
0.00511427
0.00822747
0.0114216
0.0174684
0.00641065
0.024358
0.00221581
0.0318222
0.00566206
0.03731
0.0107647
0.0431863
0.0161099
0.046667
0.021099
0.0444497
0.0218104
0.0422029
0.0219585
0.0441596
0.0242351
0.0451398
0.0270058
0.0431051
0.0282398
0.0394064
0.0281331
0.0329057
0.0244219
0.0209525
0.014335
0.0142783
0.00648237
0.0170838
0.0144178
0.0141372
0.0155551
0.0113676
0.0133303
0.00680827
0.00810751
0.0116506
0.00266476
0.0143871
0.00300288
0.0152757
0.00467156
0.0156342
0.00543998
0.0537346
0.0994414
0.0782779
0.0758096
0.0470351
0.0883704
0.07586
0.0506862
0.0960614
0.0789684
0.0779899
0.0786461
0.0993066
0.102887
0.103811
0.0835758
0.08826
0.0933587
0.0923144
0.0959225
0.0988031
0.0415163
0.0176613
0.040986
0.0180575
0.0412355
0.0141411
0.0423795
0.0163528
0.0420698
0.0152897
0.042146
0.0171309
0.0578451
0.108376
0.0720468
0.0872612
0.0810958
0.0729072
0.062931
0.117706
0.066153
0.0902511
0.0943161
0.0961099
0.0965974
0.0953435
0.0913285
0.0860961
0.0785545
0.0686148
0.125634
0.064899
0.0883191
0.0931952
0.0957037
0.0979888
0.096717
0.0927095
0.0878206
0.0805568
0.0751707
0.13439
0.0649631
0.0683404
0.0652054
0.0651577
0.0649691
0.0897612
0.0928595
0.0951037
0.0939673
0.091662
0.105561
0.10589
0.11313
0.106235
0.106359
0.121806
0.105879
0.103
0.130469
0.0977513
0.0925598
0.133485
0.0644904
0.0743005
0.0382337
0.0429617
0.048697
0.0544401
0.0597322
0.0661912
0.0704495
0.0760963
0.0803938
0.0836536
0.0881304
0.0647928
0.0728671
0.0379579
0.0414959
0.0456917
0.0501981
0.0543224
0.0596989
0.0640791
0.0700947
0.0751962
0.0801705
0.065042
0.0719396
0.0369616
0.0402305
0.0432071
0.0462105
0.0490618
0.0531925
0.064849
0.0702467
0.0352081
0.038383
0.0413414
0.0415029
0.0415501
0.0415718
0.0415834
0.0414325
0.0410966
0.0406397
0.086044
0.0576922
0.0631385
0.06911
0.0757007
0.0820708
0.0405334
0.0423208
0.0441787
0.0471762
0.0511269
0.0558495
0.0619
0.0685878
0.0739246
0.0817081
0.0886689
0.0912011
0.0951461
0.0953573
0.0913915
0.0863842
0.0840144
0.0824615
0.133836
0.0643211
0.0633744
0.0667834
0.0330007
0.0355697
0.0367789
0.0373485
0.038356
0.0403923
0.0434525
0.0479331
0.0540615
0.0614684
0.0670441
0.0734701
0.0828971
0.0875855
0.0923266
0.093967
0.0903936
0.0900527
0.0950803
0.0891289
0.122671
0.0610226
0.0613392
0.0627632
0.0313046
0.0328928
0.0330092
0.0324507
0.0325777
0.0335593
0.0356182
0.0395704
0.045749
0.0535801
0.0608667
0.0655208
0.0733835
0.0804275
0.0883133
0.0927094
0.0944475
0.100276
0.104178
0.0896262
0.108333
0.0513834
0.05872
0.0599389
0.0307775
0.0315406
0.0304541
0.0286373
0.0275766
0.0272317
0.0282987
0.0318669
0.0379222
0.0460274
0.0557592
0.062876
0.0696834
0.0761992
0.0844145
0.0944307
0.103087
0.109348
0.107828
0.0850954
0.0900617
0.0383121
0.0557075
0.0577715
0.0305026
0.0311142
0.0293648
0.0265448
0.0244296
0.0228322
0.0226075
0.0256704
0.0319277
0.0401466
0.0490668
0.0581126
0.0678068
0.0788567
0.092062
0.10487
0.111194
0.113426
0.107808
0.0763925
0.0697189
0.0278807
0.0530068
0.0554556
0.0295267
0.0302536
0.0298586
0.0284812
0.0278234
0.0276659
0.0283406
0.0318186
0.0382388
0.0467345
0.0560237
0.0668665
0.0780237
0.0904795
0.103206
0.111693
0.113612
0.112971
0.104521
0.0648691
0.0534203
0.022701
0.0521911
0.054267
0.0309914
0.0333205
0.0347171
0.0342754
0.0346209
0.0357233
0.037461
0.0415518
0.0483052
0.057428
0.067002
0.0780905
0.0890893
0.0999467
0.108582
0.112392
0.112254
0.109789
0.0976016
0.0554252
0.054603
0.0248516
0.0532362
0.0578198
0.0347137
0.0380118
0.0397269
0.0399182
0.0406869
0.042419
0.0450278
0.0501622
0.0579338
0.0679881
0.0771166
0.0874051
0.0962626
0.104155
0.109656
0.111376
0.109649
0.103488
0.0875388
0.0484906
0.0611839
0.0303797
0.0563187
0.0627501
0.0384351
0.0414625
0.0427294
0.0441785
0.0459413
0.048503
0.0520024
0.0575978
0.0649488
0.0745649
0.0832857
0.0928695
0.100303
0.106953
0.110252
0.109775
0.105562
0.0949234
0.0803135
0.0483765
0.0680429
0.0370162
0.0605993
0.0687173
0.0410608
0.0439328
0.0454477
0.0486747
0.0512924
0.0541667
0.0584212
0.0640121
0.0708505
0.079027
0.0868694
0.0947475
0.101405
0.1062
0.106779
0.104208
0.0967735
0.0839799
0.0710761
0.0480754
0.074225
0.0437931
0.065591
0.0750729
0.0438472
0.0473638
0.0496446
0.0533094
0.0558872
0.0587322
0.063143
0.0678094
0.074068
0.080646
0.0881151
0.0947418
0.0998275
0.101629
0.100318
0.0958492
0.0862761
0.0745216
0.0628481
0.0476419
0.0792572
0.0495533
0.07096
0.0816218
0.0469334
0.0505536
0.0532232
0.0559256
0.0582541
0.0610633
0.0648827
0.0691192
0.075536
0.08131
0.0873606
0.0918018
0.0942617
0.0940422
0.0909127
0.084684
0.0754512
0.0657032
0.056096
0.0465604
0.0819917
0.0535167
0.0759643
0.0884264
0.0497069
0.0525258
0.0551651
0.0569142
0.0593763
0.0627007
0.0662972
0.0708353
0.0759704
0.0804104
0.0843332
0.0871628
0.0878676
0.086358
0.0829101
0.0774559
0.0698788
0.0621124
0.0521792
0.0443165
0.0821779
0.0552811
0.079844
0.0948461
0.0522617
0.0544946
0.0575075
0.0600864
0.06387
0.0677863
0.0706495
0.0743601
0.07696
0.0796147
0.0815567
0.0832025
0.0827901
0.0803721
0.0771486
0.0713666
0.0643405
0.0578753
0.049046
0.0431563
0.0814856
0.0555291
0.0824162
0.0997949
0.0543106
0.0565059
0.0592096
0.0621615
0.0649941
0.0676019
0.0706925
0.0741409
0.0760934
0.0779353
0.0787028
0.0789008
0.0783637
0.076025
0.072917
0.0677445
0.0616714
0.0562633
0.048496
0.0430889
0.0818953
0.0552959
0.0837997
0.102351
0.0552834
0.0576292
0.0599973
0.0630665
0.0660548
0.0692769
0.0726321
0.0746836
0.076337
0.07744
0.0774665
0.0771767
0.0764974
0.0729694
0.0682177
0.0629735
0.0566208
0.0516989
0.0452625
0.0413819
0.0802414
0.0550152
0.0844753
0.10289
0.0548956
0.0570818
0.0595598
0.0623222
0.0658588
0.0691496
0.0722429
0.0749869
0.0776169
0.079089
0.0785409
0.0769586
0.0742512
0.069142
0.0638467
0.0592367
0.0532134
0.0484915
0.0435511
0.0402128
0.0775154
0.0546112
0.0850294
0.102248
0.0538564
0.0555878
0.0584499
0.0613243
0.0646775
0.0678454
0.0708373
0.0736294
0.0751941
0.0760651
0.0756488
0.074167
0.0711144
0.0660755
0.0606375
0.0548574
0.0489654
0.0448492
0.041315
0.0382897
0.0732898
0.0540885
0.0857271
0.101012
0.053566
0.0555781
0.0575445
0.0597927
0.0633577
0.0671294
0.0706401
0.0730027
0.0735421
0.0736447
0.0728693
0.0704197
0.0668574
0.0622547
0.0570793
0.0511755
0.0459402
0.0420578
0.0387943
0.0359232
0.0688746
0.0530593
0.0849975
0.0977041
0.0529902
0.0564384
0.0603192
0.0642316
0.0640058
0.0638388
0.0675161
0.0689613
0.0696632
0.0701082
0.0693999
0.0655373
0.0611028
0.0557892
0.0503159
0.0442748
0.0396277
0.036581
0.0340756
0.0323939
0.0629289
0.052203
0.0834906
0.0971703
0.104355
0.111922
0.120652
0.131778
0.143652
0.140397
0.134563
0.131951
0.137
0.139183
0.135111
0.125907
0.118776
0.105744
0.0933735
0.0804664
0.0725135
0.0675762
0.065017
0.0663111
0.0613516
0.0509824
0.100166
0.109454
0.114445
0.12187
0.132027
0.145552
0.162113
0.176068
0.173437
0.161465
0.146642
0.14313
0.138211
0.130492
0.119387
0.100929
0.0835303
0.0707746
0.0712139
0.073242
0.0757977
0.0784507
0.0765787
0.0670737
0.0632442
0.0401727
0.0397679
0.0571097
0.0394497
0.0392252
0.0449167
0.0390778
0.0389531
0.032616
0.0388424
0.0387366
0.024716
0.0388519
0.0392869
0.0225238
0.0399094
0.0406405
0.0271324
0.0415066
0.0426049
0.0334059
0.043836
0.0452027
0.0403822
0.0465787
0.0480189
0.0468094
0.0494319
0.0508924
0.0517883
0.0524002
0.0539468
0.054657
0.0554705
0.0569435
0.0555224
0.0582986
0.0595184
0.0554875
0.0605149
0.0613331
0.0551503
0.0619324
0.0624043
0.0548155
0.0627338
0.062891
0.0543306
0.06303
0.0630549
0.0536416
0.0630454
0.0628192
0.0526565
0.062105
0.0608235
0.0516323
0.06023
0.0626376
0.0538197
0.0724767
0.106002
0.112034
0.117487
0.125679
0.137261
0.151415
0.168168
0.178322
0.16892
0.15412
0.143545
0.141875
0.136711
0.128026
0.114996
0.0962027
0.0778693
0.0715645
0.0718394
0.0736709
0.0767445
0.0779642
0.0765931
0.0715011
0.0714936
0.064712
0.075648
0.0742225
0.0736142
0.0711334
0.0708063
0.0647799
0.0742988
0.0732085
0.0723783
0.0706539
0.0702143
0.0651256
0.0723557
0.0706664
0.071261
0.0694142
0.0683498
0.0642276
0.0687992
0.0667648
0.0688055
0.0887811
0.0854534
0.125472
0.0670713
0.0659506
0.0624372
0.0641442
0.0624367
0.0648084
0.0842487
0.0801206
0.11478
0.0648755
0.0638419
0.0601058
0.0603515
0.0597588
0.0613306
0.0740456
0.0664568
0.0997675
0.0626379
0.061248
0.0572382
0.0588672
0.0590356
0.0589687
0.0581283
0.0510664
0.0809531
0.0596722
0.057856
0.0542231
0.0581225
0.0583631
0.0569543
0.0444193
0.0403786
0.0630498
0.056012
0.0544674
0.0521802
0.056686
0.0565708
0.0544775
0.0367098
0.0371479
0.0515073
0.054128
0.0547242
0.0524924
0.0572033
0.058321
0.0554514
0.0407665
0.0423419
0.0547475
0.0560648
0.0579469
0.0546293
0.0619779
0.0640217
0.0598125
0.0471178
0.0500687
0.0621207
0.060132
0.0627689
0.0584142
0.0684647
0.0711102
0.0655169
0.0549428
0.0586736
0.0708229
0.0655026
0.0686656
0.0630938
0.0747133
0.07685
0.0718673
0.0625473
0.0658547
0.0770139
0.071732
0.0751375
0.0682825
0.0799226
0.0822761
0.0783648
0.0686576
0.0710408
0.0816219
0.0784491
0.0819216
0.0735814
0.0855728
0.0887675
0.0851726
0.0725141
0.0736761
0.0829631
0.0851268
0.0882245
0.0780998
0.0919702
0.0952501
0.0919277
0.0740782
0.0743866
0.0821278
0.0906264
0.0925024
0.0813199
0.0981763
0.101115
0.0977619
0.0742234
0.0744456
0.0818268
0.0934209
0.0938633
0.0832854
0.103322
0.105803
0.101625
0.0742885
0.073838
0.0802655
0.0937471
0.0936618
0.0842116
0.107107
0.108768
0.102969
0.0737189
0.0726066
0.0781401
0.0935519
0.093452
0.084623
0.109233
0.109001
0.102567
0.0719281
0.0702454
0.0745118
0.0939238
0.0938517
0.0852671
0.108684
0.106947
0.101117
0.0692461
0.0672635
0.070896
0.0945768
0.0940846
0.0857024
0.106201
0.10346
0.0990072
0.0651422
0.06264
0.0657277
0.0933236
0.0921454
0.0836212
0.1019
0.100526
0.0964634
0.0606906
0.0593504
0.0614323
0.0929898
0.0949713
0.0848595
0.101161
0.101285
0.0984916
0.107946
0.10691
0.103601
0.116072
0.115462
0.110945
0.123652
0.125598
0.121339
0.135544
0.13798
0.133306
0.142612
0.151005
0.147731
0.137779
0.148532
0.152536
0.132057
0.13942
0.143316
0.134919
0.132898
0.133855
0.137848
0.135889
0.134528
0.138141
0.13368
0.135545
0.132233
0.129097
0.130106
0.124979
0.122132
0.124396
0.116884
0.113016
0.114771
0.102909
0.100099
0.102829
0.0906518
0.0849961
0.0899032
0.0774004
0.0715233
0.075238
0.0702288
0.0632826
0.066277
0.0652726
0.0646515
0.0631018
0.0655772
0.067419
0.0668517
0.0650852
0.0674422
0.0683711
0.0579405
0.0589698
0.0637519
0.0404402
0.0181069
0.0396567
0.0188916
0.0401032
0.0205751
0.039691
0.022438
0.0396409
0.0183209
0.040074
0.0197231
0.0403303
0.0216098
0.0388628
0.0230149
0.0378629
0.0233479
0.0355301
0.0229253
0.0286791
0.0176883
0.0169613
0.00841832
0.00642546
0.00380665
0.00468427
0.00774806
0.00325103
0.00855878
0.00332316
0.00787795
0.00872068
0.00529122
0.0143444
0.00191713
0.0189173
0.00378181
0.022084
0.00660308
0.0237749
0.00848921
0.0247016
0.009688
0.025297
0.0105008
0.0256539
0.0109672
0.0264316
0.0114909
0.0271706
0.0120066
0.0285724
0.0124306
0.0313641
0.0135342
0.034069
0.0148542
0.0454929
0.0202786
0.0366955
0.0233479
0.0329853
0.0210599
0.0231636
0.0132959
0.011111
0.00421186
0.00494306
0.00627394
0.00390776
0.00855877
0.00252437
0.00840479
0.00556904
0.0066742
0.0115717
0.00353021
0.0167551
0.0020716
0.0206879
0.00529984
0.0230835
0.00765826
0.0243039
0.00915001
0.025098
0.0101485
0.0254467
0.0107467
0.02601
0.0112178
0.0269686
0.0118218
0.0276914
0.0121712
0.0298515
0.0128865
0.0326035
0.0141917
0.0391751
0.0170697
0.0157999
0.00571116
0.0156928
0.00598655
0.0155477
0.00597697
0.0150681
0.00563969
0.0157983
0.00589075
0.0156065
0.00598655
0.0153708
0.00586372
0.014647
0.00532389
0.0141976
0.00497155
0.0134252
0.00428679
0.0128864
0.00367286
0.0124497
0.0030537
0.0121556
0.00251112
0.0129275
0.00235165
0.0140927
0.00259903
0.0158473
0.00326935
0.0179622
0.00436195
0.0203202
0.00572039
0.0228898
0.00724161
0.025461
0.00887377
0.0277019
0.0104274
0.0294624
0.0117618
0.0307513
0.0128245
0.0317996
0.0137105
0.0327237
0.0144915
0.0336997
0.0152918
0.0342847
0.0159492
0.0345357
0.0163974
0.0386658
0.0185879
0.0137851
0.00462166
0.0131245
0.00397238
0.0126617
0.00336612
0.0122661
0.00275591
0.0124608
0.00236161
0.0134649
0.00244336
0.0149202
0.00287695
0.016894
0.00377976
0.0191332
0.00502249
0.0215777
0.0064575
0.0242084
0.00805757
0.0266463
0.0096745
0.0286623
0.011133
0.0301763
0.012331
0.0312955
0.0132794
0.0322148
0.014091
0.0331974
0.0148874
0.0341456
0.0156782
0.0341549
0.0160605
0.0360938
0.0173745
)
;

boundaryField
{
    inlet
    {
        type            zeroGradient;
    }
    outlet
    {
        type            zeroGradient;
    }
    wall
    {
        type            zeroGradient;
    }
    empty_zmin
    {
        type            empty;
    }
    empty_zmax
    {
        type            empty;
    }
    procBoundary1to0
    {
        type            processor;
        value           nonuniform List<scalar> 
35
(
0.105729
0.102326
0.0981977
0.0954584
0.0935488
0.0935488
0.183356
0.119275
0.17249
0.0739552
0.0483995
0.0529698
0.0623563
0.0581126
0.0415876
0.0462056
0.0518685
0.0557506
0.0659318
0.0958729
0.0124556
0.0175035
0.115259
0.135137
0.0698906
0.0698906
0.0737737
0.0755151
0.0756929
0.0658113
0.130781
0.137138
0.0322928
0.0302666
0.0302666
)
;
    }
}


// ************************************************************************* //
