/*--------------------------------*- C++ -*----------------------------------*\
| =========                 |                                                 |
| \\      /  F ield         | OpenFOAM: The Open Source CFD Toolbox           |
|  \\    /   O peration     | Version:  2406                                  |
|   \\  /    A nd           | Website:  www.openfoam.com                      |
|    \\/     M anipulation  |                                                 |
\*---------------------------------------------------------------------------*/
FoamFile
{
    version     2.0;
    format      ascii;
    arch        "LSB;label=32;scalar=64";
    class       volVectorField;
    location    "4.06";
    object      U;
}
// * * * * * * * * * * * * * * * * * * * * * * * * * * * * * * * * * * * * * //

dimensions      [0 1 -1 0 0 0 0];

internalField   nonuniform List<vector> 
2367
(
(1.49431 -0.258848 -9.9933e-24)
(1.3625 -0.546813 3.70293e-23)
(1.3786 -0.459526 0)
(1.42232 -0.398299 -2.94628e-25)
(1.46849 -0.313679 2.93437e-25)
(2.51916 -0.0392483 -5.96731e-24)
(3.08511 -0.0170696 0)
(3.13004 -0.0473052 -9.38956e-22)
(0.153296 -0.0018065 0)
(-0.144128 -0.00210561 0)
(1.57721 -0.255385 -1.27557e-23)
(2.21934 0.241504 1.54126e-21)
(3.27354 0.522382 1.46622e-22)
(3.28679 0.732345 5.63552e-21)
(3.34823 0.813561 -6.31666e-21)
(3.41567 1.23243 -4.4408e-21)
(3.37017 1.36021 0)
(3.04485 1.61279 5.48042e-21)
(2.52846 1.6139 -4.28e-20)
(1.89786 1.46133 -1.97233e-20)
(1.25809 1.14853 1.72112e-20)
(0.557136 1.08046 -1.85822e-21)
(-0.0106268 0.923721 2.29553e-21)
(-0.426119 0.49595 0)
(-0.650005 0.247115 0)
(-0.167394 -0.0990886 0)
(0.446353 -0.238554 0)
(2.32629 -0.207661 -5.86401e-21)
(2.71653 0.234172 -3.56155e-21)
(2.80113 0.0558287 1.06015e-21)
(2.97702 0.0695443 6.0488e-23)
(3.05828 -0.000570311 -1.7618e-22)
(3.12391 0.0116649 0)
(3.13301 -0.00207923 0)
(2.49967 -0.0300754 -5.65752e-24)
(1.8012 0.204867 -5.66367e-22)
(3.0864 0.515019 -1.81841e-21)
(3.10917 0.728491 4.8429e-21)
(3.04842 0.900666 -4.79508e-21)
(3.13471 1.06432 0)
(3.02594 1.56372 -5.27446e-21)
(2.87257 1.73566 2.29953e-20)
(2.49938 1.89491 6.7476e-22)
(1.90878 2.02048 2.78153e-20)
(1.42904 1.86842 -1.40927e-20)
(0.781918 1.81794 0)
(0.268692 1.57465 -2.9114e-22)
(-0.0306287 1.0944 1.92246e-22)
(-0.30711 0.879556 0)
(0.16758 0.334277 0)
(0.57688 0.0693802 -3.14454e-21)
(1.87826 0.0257869 7.00698e-21)
(2.67588 0.454661 9.20665e-22)
(2.85203 0.0962501 2.60626e-22)
(3.02507 0.172003 -6.25379e-23)
(3.09188 0.0575358 -1.31983e-22)
(3.14238 0.0729858 7.0224e-23)
(3.14974 0.00684109 -8.88713e-23)
(2.48224 -0.0115158 -1.29385e-22)
(1.44935 0.153013 6.85612e-22)
(2.87547 0.44077 1.08471e-21)
(2.90014 0.64155 4.83824e-22)
(2.80428 0.900173 1.95275e-21)
(2.836 0.973737 -1.97433e-21)
(2.71599 1.46028 3.19334e-21)
(2.54689 1.73849 0)
(2.29347 1.97655 -6.58427e-21)
(1.88715 2.1164 0)
(1.40125 2.14459 -5.79321e-21)
(0.929368 2.12551 4.71277e-21)
(0.592545 1.91288 5.23575e-22)
(0.358498 1.49544 -3.56836e-23)
(0.0277213 1.37184 -4.4916e-22)
(0.494903 0.787451 0)
(0.824056 0.535807 3.35455e-21)
(1.71631 0.35584 9.16071e-22)
(2.69169 0.587893 0)
(2.9754 0.368961 7.32069e-23)
(3.0845 0.341905 -7.88666e-22)
(3.14166 0.156413 -1.33197e-22)
(3.18093 0.11545 2.36106e-22)
(3.18559 0.0236421 1.7128e-24)
(2.48123 0.00546683 -2.91591e-24)
(0.902433 0.019143 0)
(0.748518 0.00626415 -1.34685e-21)
(0.633355 -0.00457683 6.43833e-22)
(2.49257 -0.021051 -2.62018e-23)
(0.497 0.00124362 5.45553e-22)
(0.388847 0.00683094 7.65912e-23)
(2.48132 0.00273624 3.93716e-24)
(0.296631 0.0131031 -5.27255e-22)
(0.21239 0.0150399 -7.39765e-23)
(2.48379 0.0055161 -8.40343e-25)
(1.30142 0.0753261 9.12155e-22)
(2.65136 0.302442 -2.35464e-22)
(2.68391 0.569121 -3.65931e-22)
(2.64065 0.742888 1.09917e-21)
(2.49889 1.03218 0)
(2.43634 1.22423 9.45341e-22)
(2.172 1.64741 -1.12223e-21)
(2.00544 1.84219 7.33204e-21)
(1.72977 2.06845 0)
(1.36483 2.18683 2.81336e-22)
(1.05204 2.15657 5.58831e-22)
(0.831977 2.00833 -3.74381e-23)
(0.626454 1.7747 -1.56839e-22)
(0.350904 1.73379 -1.42147e-22)
(0.833335 1.17368 4.1987e-22)
(1.12845 0.968851 -1.49956e-21)
(1.74609 0.571346 -2.48412e-22)
(2.6961 0.724106 0)
(3.12566 0.541977 7.05646e-22)
(3.23505 0.397421 -1.9753e-22)
(3.27027 0.198135 0)
(3.27875 0.123618 7.03793e-23)
(3.2481 0.040264 -1.73642e-23)
(2.48881 0.00364992 4.8157e-23)
(1.22591 -0.07246 9.05147e-23)
(2.38945 0.135009 7.93204e-22)
(2.43918 0.438109 -2.63012e-22)
(2.38364 0.653314 -4.79704e-22)
(2.2266 1.00285 0)
(2.17222 1.11636 0)
(1.96299 1.45054 -7.64884e-22)
(1.77086 1.65626 2.01511e-22)
(1.46854 1.90608 0)
(1.29089 2.02715 -3.64248e-22)
(1.13449 2.0479 -1.81116e-21)
(0.914143 2.04662 -9.40559e-22)
(0.747917 1.99018 0)
(0.605187 1.96781 1.47632e-21)
(1.19868 1.36818 -9.68458e-24)
(1.42283 1.26484 4.2549e-22)
(1.95853 0.714463 0)
(2.78625 0.674121 0)
(3.35508 0.42945 -2.57746e-22)
(3.42593 0.271098 1.66542e-22)
(3.42482 0.115544 6.78247e-23)
(3.36832 0.0618937 -1.34632e-22)
(3.30905 0.00990169 1.55581e-22)
(2.48752 -0.00512359 4.44143e-23)
(1.22988 -0.12955 0)
(2.11924 0.0367096 0)
(2.1545 0.31655 -4.95845e-23)
(2.10369 0.570384 -5.00844e-23)
(2.03399 0.792152 0)
(1.8987 1.03701 0)
(1.74084 1.28027 1.44008e-22)
(1.48592 1.54638 -3.46997e-22)
(1.35232 1.68894 8.83948e-23)
(1.25846 1.79629 6.38558e-22)
(1.02599 2.01344 3.73273e-21)
(0.845753 2.13602 1.41868e-21)
(0.818295 2.1247 -2.81684e-21)
(0.964343 1.96179 -1.06286e-21)
(1.50344 1.49856 1.01499e-22)
(1.73031 1.43891 7.84752e-24)
(2.32408 0.788064 0)
(3.01763 0.56983 -1.86212e-22)
(3.54287 0.299528 0)
(3.54447 0.175522 3.10617e-23)
(3.49955 0.0320017 -4.9376e-24)
(3.41227 0.00254157 -4.48449e-23)
(3.35178 -0.0440553 -9.17782e-23)
(2.44237 -0.0155889 0)
(1.25713 -0.128965 7.7462e-24)
(1.88636 0.00724228 -4.55043e-24)
(1.92468 0.270382 5.7381e-23)
(1.88879 0.416144 4.74696e-23)
(1.74104 0.706097 0)
(1.64203 0.932871 0)
(1.51364 1.10107 4.99117e-23)
(1.32627 1.34134 9.58069e-23)
(1.18926 1.53807 -1.59503e-23)
(0.979292 1.81157 -5.04062e-22)
(0.799825 2.07996 7.00414e-23)
(0.829626 2.14663 -7.76701e-22)
(0.906087 2.11066 9.76615e-22)
(1.29662 1.81426 4.57451e-22)
(1.63165 1.61351 -4.57874e-22)
(2.10638 1.44737 0)
(2.69675 0.83704 5.96784e-22)
(3.30412 0.666571 -2.67746e-22)
(3.6905 0.351979 -1.62627e-23)
(3.69616 0.230362 1.78675e-22)
(3.57933 0.0186178 3.22705e-24)
(3.46787 -0.0507338 2.64546e-23)
(3.37362 -0.135812 2.74897e-23)
(2.31371 -0.0657415 0)
(1.2792 -0.0952996 -1.94449e-25)
(1.69191 0.0124572 1.4458e-24)
(1.74725 0.25609 2.74131e-23)
(1.67528 0.377249 0)
(1.5259 0.63056 0)
(1.52469 0.676118 4.4621e-23)
(1.22645 0.976203 0)
(1.0258 1.2387 -2.55953e-22)
(0.84092 1.52967 -2.44891e-22)
(0.68775 1.80179 -1.38975e-23)
(0.676763 1.94437 3.26043e-22)
(0.82028 1.95372 3.65046e-23)
(1.1247 1.8017 -7.24514e-23)
(1.40953 1.64388 7.14562e-23)
(1.94053 1.2991 6.02123e-22)
(2.51805 1.12519 -1.37804e-22)
(3.01599 0.728717 -6.19989e-22)
(3.62033 0.626598 4.957e-22)
(3.92723 0.244097 -5.01405e-22)
(3.91233 0.137219 -1.71855e-22)
(3.74751 -0.0780573 7.90993e-23)
(3.59863 -0.18682 -6.30813e-24)
(3.40157 -0.282278 1.20684e-23)
(1.87051 -0.13215 -1.40718e-23)
(1.28445 -0.0704249 0)
(1.55501 0.0184019 7.71974e-24)
(1.55791 0.228215 1.36761e-23)
(1.50996 0.378391 0)
(1.4604 0.483333 -1.70625e-23)
(1.36942 0.55431 -4.52489e-23)
(0.868932 0.988411 1.29588e-22)
(0.735043 1.16691 3.0739e-22)
(0.590106 1.3947 1.95744e-22)
(0.596055 1.47048 -3.0637e-22)
(0.695837 1.47239 -1.54036e-22)
(0.967229 1.36898 -9.99221e-23)
(1.35835 1.13994 3.47343e-22)
(1.79174 0.90263 -1.79718e-22)
(2.2567 0.588649 0)
(2.75526 0.533787 -8.28389e-23)
(3.31042 0.258313 8.33667e-23)
(3.94791 0.0608662 2.36215e-23)
(4.14818 -0.219421 7.97462e-22)
(4.03599 -0.253607 4.81385e-24)
(3.90153 -0.335353 6.51804e-23)
(3.7564 -0.408905 1.35996e-24)
(3.4772 -0.472371 -8.60575e-24)
(1.33909 -0.141916 0)
(1.27333 -0.0517303 -3.02389e-24)
(1.45165 0.00537208 6.71842e-24)
(1.39897 0.138382 -1.07818e-22)
(1.41906 0.258366 0)
(1.3621 0.329603 1.69975e-23)
(1.00094 0.566296 0)
(0.632623 0.809904 -1.30055e-22)
(0.569501 0.912764 -2.34476e-22)
(0.550198 0.970147 5.88283e-23)
(0.636839 0.92331 2.24861e-22)
(0.818067 0.853763 0)
(1.1747 0.691685 -1.64034e-22)
(1.58287 0.478365 1.80272e-22)
(1.94593 0.439202 0)
(2.36443 0.187705 -7.73209e-22)
(2.91408 0.0840623 0)
(3.63862 -0.397456 0)
(4.09147 -0.551757 0)
(4.18563 -0.596977 -2.84635e-22)
(4.03526 -0.496454 -1.79933e-23)
(3.9364 -0.546437 -3.55778e-22)
(3.79623 -0.525837 2.54796e-24)
(3.44662 -0.509998 -1.66307e-23)
(0.926514 -0.0445265 -3.01386e-24)
(1.27474 -0.0458639 -7.11979e-24)
(1.37709 -0.0346515 1.50173e-23)
(1.3179 0.0214386 8.61538e-23)
(1.31902 0.0985747 2.61858e-24)
(1.15836 0.259681 -4.30851e-23)
(0.775215 0.492805 1.94107e-24)
(0.587023 0.52304 8.28235e-23)
(0.569396 0.513622 1.78116e-22)
(0.602724 0.443215 -3.10447e-22)
(0.710412 0.366872 -2.23421e-22)
(0.955323 0.268097 0)
(1.30287 0.179762 3.35099e-23)
(1.66309 0.0800255 1.95361e-22)
(2.08047 -0.000371723 0)
(2.60183 -0.298868 7.9092e-22)
(3.2848 -0.547861 -7.76795e-23)
(3.82506 -0.897501 6.01411e-22)
(4.07562 -0.773982 4.65044e-22)
(4.14293 -0.7157 9.78001e-24)
(4.00219 -0.569021 -9.96311e-24)
(3.92308 -0.594194 1.99478e-22)
(3.77732 -0.55414 0)
(3.28582 -0.522005 2.40594e-23)
(0.674905 -0.0849859 4.51592e-24)
(1.29746 -0.0390442 0)
(1.3611 -0.0443701 -1.89021e-23)
(1.29384 -0.0392016 -3.03348e-23)
(1.19449 -0.0195686 -2.02854e-24)
(0.976581 0.162475 -5.0854e-24)
(0.71716 0.201224 -5.03048e-24)
(0.616984 0.145863 -3.70678e-24)
(0.626847 0.108054 -3.05468e-23)
(0.684526 0.0025419 3.39648e-22)
(0.810182 -0.0886259 0)
(1.05488 -0.240091 8.18982e-23)
(1.42642 -0.354564 1.03598e-23)
(1.84389 -0.529698 -3.89005e-22)
(2.39517 -0.743856 3.0464e-24)
(2.95842 -1.04655 9.5495e-23)
(3.46852 -1.16137 -3.75642e-23)
(3.80569 -1.09625 -9.60157e-22)
(3.98518 -0.932468 -4.28406e-22)
(4.00554 -0.782863 1.4318e-22)
(3.90807 -0.653532 0)
(3.89168 -0.567264 -1.20184e-22)
(3.71817 -0.546576 -6.44158e-24)
(2.9909 -0.44312 -1.35678e-22)
(0.413605 -0.136488 0)
(1.31762 -0.0544562 -2.86539e-24)
(1.35823 -0.0589034 3.98682e-23)
(1.28873 -0.0360213 4.49708e-23)
(1.11427 -0.0679283 0)
(0.918385 0.0719361 4.32176e-23)
(0.766415 0.0236036 0)
(0.725977 -0.103277 -8.70304e-23)
(0.750069 -0.263974 8.15564e-23)
(0.82601 -0.487173 0)
(0.97501 -0.682414 5.74256e-23)
(1.27503 -0.876446 -5.74773e-23)
(1.64362 -1.07418 6.95864e-23)
(2.07488 -1.25418 6.77464e-23)
(2.58139 -1.36815 0)
(3.0175 -1.45944 -2.40215e-22)
(3.41486 -1.36074 -5.60881e-24)
(3.67191 -1.22177 4.31252e-22)
(3.7567 -1.07778 0)
(3.80696 -0.769325 -2.50196e-22)
(3.78741 -0.631233 9.47776e-23)
(3.81217 -0.478783 2.36778e-22)
(3.63764 -0.321727 -9.05e-23)
(2.75075 -0.233388 2.1791e-22)
(0.157542 -0.0840735 1.80649e-23)
(1.36259 -0.0205293 -2.72435e-24)
(1.37622 -0.0581092 3.81329e-23)
(1.27921 -0.0556675 -4.61729e-23)
(1.0909 -0.102449 4.71493e-23)
(0.941447 -0.0539366 0)
(0.902133 -0.309807 -1.96357e-25)
(0.893431 -0.487412 -4.42172e-24)
(0.946813 -0.699036 -8.37846e-23)
(1.07609 -0.847153 2.03493e-23)
(1.20549 -1.07195 -4.53576e-23)
(1.43846 -1.3359 1.01272e-22)
(1.81083 -1.42672 -5.43088e-23)
(2.14813 -1.56951 -2.03637e-22)
(2.57251 -1.61197 0)
(2.97621 -1.55898 2.92093e-22)
(3.26981 -1.44929 -2.60965e-23)
(3.4181 -1.23594 0)
(3.50078 -1.05209 -6.30818e-24)
(3.57879 -0.757443 1.2311e-22)
(3.60621 -0.506894 -1.83676e-22)
(3.61236 -0.371274 -1.12139e-22)
(3.4257 -0.0731584 -4.08795e-23)
(2.58927 0.0293245 1.15424e-22)
(0.13264 0.0182919 -1.77371e-23)
(1.39906 -0.0137429 1.16445e-23)
(1.42282 -0.0602845 0)
(1.2786 -0.0834244 2.80137e-23)
(1.12357 -0.130173 -1.80287e-23)
(1.09662 -0.22633 -2.15025e-24)
(1.14182 -0.493825 2.17651e-24)
(1.11262 -0.638024 0)
(1.14691 -0.893471 0)
(1.24863 -1.07742 0)
(1.39306 -1.30476 0)
(1.6221 -1.43332 -1.07945e-23)
(1.89942 -1.57168 -2.1589e-23)
(2.19995 -1.62467 6.83523e-23)
(2.54952 -1.65277 -4.7958e-23)
(2.86649 -1.57404 1.72686e-23)
(3.05113 -1.3967 -4.29255e-24)
(3.18105 -1.18724 -1.33062e-23)
(3.26205 -0.970323 0)
(3.31539 -0.710498 1.83349e-24)
(3.35193 -0.502701 5.14215e-23)
(3.35376 -0.267168 -2.17046e-23)
(3.12498 0.0459427 -4.03782e-23)
(2.42439 0.189737 6.8638e-23)
(0.289053 0.0816458 0)
(1.46115 -0.0193246 -9.00454e-24)
(1.46961 -0.0992943 4.29823e-23)
(1.30598 -0.137409 5.29714e-25)
(1.24484 -0.201084 -2.5722e-23)
(1.30853 -0.373091 0)
(1.34599 -0.579443 0)
(1.29437 -0.790428 4.07034e-25)
(1.34694 -1.01778 9.05383e-25)
(1.43761 -1.17015 0)
(1.57523 -1.33394 1.07175e-23)
(1.75026 -1.46312 3.01051e-23)
(1.9878 -1.55658 -3.54716e-25)
(2.22089 -1.59275 -4.75409e-23)
(2.48399 -1.61173 5.82048e-23)
(2.71402 -1.42167 2.32729e-24)
(2.85394 -1.28333 7.13659e-24)
(2.96711 -1.08682 6.87848e-24)
(3.03235 -0.905124 -7.29157e-25)
(3.07459 -0.66967 -2.12291e-24)
(3.1123 -0.477118 2.09663e-23)
(3.08459 -0.238973 2.23643e-23)
(2.85254 0.0497384 2.08338e-24)
(2.28629 0.224304 5.86375e-23)
(0.522125 0.0912698 -1.45697e-24)
(1.57644 0.0391483 0)
(1.55176 -0.0910781 1.94091e-23)
(1.38591 -0.249795 3.82193e-23)
(1.36305 -0.2784 -1.85702e-23)
(1.48064 -0.486335 -3.2357e-23)
(1.54624 -0.621985 2.49128e-24)
(1.49062 -0.849703 1.4862e-23)
(1.52876 -1.03367 -2.17603e-24)
(1.60251 -1.1646 8.63879e-25)
(1.70083 -1.33043 0)
(1.8513 -1.41161 -1.84143e-23)
(2.02439 -1.50649 8.32889e-24)
(2.22326 -1.47344 1.19967e-23)
(2.37892 -1.45023 1.56276e-23)
(2.58614 -1.27207 -1.30034e-23)
(2.68616 -1.16464 0)
(2.7665 -1.02295 0)
(2.84667 -0.777673 -4.3196e-24)
(2.87361 -0.665815 0)
(2.90483 -0.417039 -3.69159e-26)
(2.83938 -0.263263 3.68908e-26)
(2.61781 0.0356563 -3.27434e-24)
(2.14775 0.172834 0)
(0.746563 0.0711818 0)
(1.68629 0.0376018 -8.01202e-24)
(1.67982 -0.0979646 0)
(1.49237 -0.295069 -1.25958e-24)
(1.45017 -0.327952 1.98209e-23)
(1.63291 -0.533393 3.03845e-23)
(1.73393 -0.570956 1.64355e-23)
(1.68721 -0.791673 -1.91452e-23)
(1.71395 -0.936834 1.28864e-24)
(1.75697 -1.09313 5.01829e-25)
(1.81289 -1.26655 0)
(1.93605 -1.30697 -1.99141e-24)
(2.04174 -1.3954 -7.89319e-26)
(2.18447 -1.30748 3.21777e-24)
(2.29281 -1.31035 -1.37282e-23)
(2.43951 -1.16514 2.0875e-23)
(2.54527 -1.02903 1.06373e-24)
(2.61836 -0.883718 6.23427e-25)
(2.66904 -0.730003 5.48708e-24)
(2.70821 -0.606173 0)
(2.716 -0.380814 4.95108e-24)
(2.61883 -0.240712 -3.12822e-24)
(2.42926 0.0230233 2.29475e-24)
(2.04186 0.10657 0)
(0.916999 0.0490384 9.66107e-25)
(1.7417 0.0202372 1.32919e-23)
(1.81707 -0.136472 3.5354e-23)
(1.58891 -0.207035 0)
(1.56752 -0.367579 0)
(1.7481 -0.57198 0)
(1.86581 -0.601744 -2.39302e-23)
(1.82771 -0.808796 1.65662e-24)
(1.82145 -0.964282 0)
(1.87296 -1.06644 0)
(1.91643 -1.17203 -6.27403e-25)
(1.99571 -1.22243 1.24715e-24)
(2.05623 -1.25608 1.99769e-25)
(2.14248 -1.2169 0)
(2.22967 -1.20657 -5.12203e-24)
(2.33196 -1.0923 -5.58914e-24)
(2.39365 -1.02299 -2.74585e-25)
(2.48123 -0.834274 -1.03476e-24)
(2.51707 -0.744543 -1.52942e-24)
(2.54491 -0.536828 0)
(2.52889 -0.373805 -4.71599e-24)
(2.42586 -0.193139 3.12214e-24)
(2.28727 -0.00985526 7.58094e-24)
(1.96567 0.0737465 0)
(1.03877 0.036216 -2.07679e-24)
(1.76525 0.0306801 0)
(1.91381 -0.0796564 -2.63622e-23)
(1.68931 -0.151262 -5.16587e-23)
(1.76 -0.398669 -4.05035e-25)
(1.86171 -0.606743 -2.28341e-24)
(1.98573 -0.658593 8.32791e-24)
(1.99868 -0.756861 1.74492e-24)
(1.97635 -0.930619 -1.07169e-24)
(2.04077 -0.970566 1.07169e-24)
(2.00519 -1.13591 -2.59659e-25)
(2.02609 -1.18883 1.63618e-24)
(2.06961 -1.19398 -1.1914e-25)
(2.10741 -1.17794 9.99798e-26)
(2.18002 -1.11886 0)
(2.23321 -1.05492 -1.79938e-24)
(2.28545 -0.955492 -4.65282e-25)
(2.31982 -0.828812 -4.56174e-25)
(2.3669 -0.693327 4.49642e-25)
(2.36776 -0.521022 0)
(2.34405 -0.359286 0)
(2.26012 -0.186113 0)
(2.15438 -0.0410129 0)
(1.89777 0.0606975 0)
(1.13217 0.0268281 -2.24914e-24)
(1.72089 0.0112905 -8.08328e-24)
(1.98164 -0.059166 -1.11737e-25)
(1.85782 -0.251938 7.63455e-24)
(1.99035 -0.495519 -1.14259e-24)
(1.99637 -0.683046 2.77996e-24)
(2.06241 -0.853501 -1.23119e-24)
(2.11538 -0.86812 0)
(2.04 -1.10864 -2.66241e-24)
(2.07992 -1.12635 7.1946e-28)
(2.07679 -1.15536 -1.87893e-26)
(2.05459 -1.18837 7.38603e-25)
(2.06644 -1.18647 0)
(2.06728 -1.13968 6.85689e-25)
(2.10097 -1.08096 0)
(2.15142 -1.01387 0)
(2.19226 -0.903004 1.54306e-25)
(2.19903 -0.804904 1.88657e-24)
(2.20326 -0.64135 2.7068e-25)
(2.20291 -0.500876 -7.96494e-25)
(2.17901 -0.332579 0)
(2.1138 -0.191916 2.37446e-24)
(2.02089 -0.0487311 -1.24142e-23)
(1.83042 0.0331522 -3.08314e-25)
(1.20126 0.0167881 0)
(1.6116 -0.0646854 0)
(2.10984 -0.124287 -3.2055e-23)
(2.08209 -0.390656 -2.35172e-23)
(2.20531 -0.560978 -2.8283e-23)
(2.17165 -0.724011 0)
(2.17852 -0.976421 0)
(2.22529 -1.02627 -4.52533e-25)
(2.1892 -1.13859 3.1016e-24)
(2.11655 -1.2362 2.55729e-24)
(2.14936 -1.14773 3.22828e-24)
(2.04062 -1.31907 1.39691e-24)
(2.0518 -1.18919 2.88156e-25)
(2.00126 -1.17132 -2.24473e-24)
(2.02257 -1.10027 9.63946e-25)
(2.04599 -0.986756 4.24006e-24)
(2.07625 -0.854845 -3.34004e-25)
(2.06365 -0.710881 1.43872e-24)
(2.04468 -0.596533 -8.15075e-25)
(2.06082 -0.435464 8.15411e-25)
(2.03429 -0.295696 -2.85233e-25)
(1.98242 -0.174194 -2.08942e-24)
(1.91313 -0.0406207 -7.54353e-24)
(1.77107 0.00462068 2.99378e-23)
(1.24524 0.00519553 0)
(1.54602 -0.0867901 -4.25773e-26)
(2.34774 -0.0433997 -4.24071e-23)
(2.3264 -0.4033 1.60088e-23)
(2.3494 -0.432187 2.84158e-23)
(2.37403 -0.678439 -4.70602e-23)
(2.3668 -0.887475 -6.41208e-25)
(2.33479 -1.06907 0)
(2.29583 -1.17613 0)
(2.15837 -1.30833 -2.54547e-24)
(2.07598 -1.40606 -3.23315e-24)
(2.05933 -1.32907 -8.90372e-24)
(1.98482 -1.27385 -2.88294e-25)
(1.92852 -1.21982 1.02415e-24)
(1.91296 -1.11162 -1.02344e-24)
(1.89883 -0.993733 -3.57135e-24)
(1.929 -0.847365 -9.06695e-26)
(1.91368 -0.664676 5.01782e-25)
(1.89334 -0.575121 7.42592e-25)
(1.92339 -0.383713 -2.6774e-25)
(1.9036 -0.264079 -4.75591e-25)
(1.8699 -0.150347 8.81446e-24)
(1.8365 -0.0511371 -1.96455e-25)
(1.72477 -0.0158172 7.36418e-24)
(1.26314 -0.00338502 -3.05577e-24)
(1.527 -0.0443622 4.22065e-24)
(2.44746 0.123874 1.62733e-23)
(2.60743 -0.150577 6.6914e-23)
(2.48358 -0.248153 5.9117e-23)
(2.59375 -0.579696 4.73267e-23)
(2.60388 -0.68668 0)
(2.50724 -0.979601 0)
(2.41007 -1.14209 -1.17019e-23)
(2.25354 -1.29148 2.8081e-23)
(2.16236 -1.3666 0)
(2.00697 -1.41425 4.59234e-24)
(1.88092 -1.3661 1.70477e-25)
(1.84867 -1.22813 3.40405e-25)
(1.79281 -1.14213 2.61806e-24)
(1.73786 -1.02044 -1.7485e-24)
(1.76471 -0.866148 6.47608e-25)
(1.76339 -0.686615 -4.46815e-24)
(1.74858 -0.583975 0)
(1.77669 -0.414807 9.85811e-24)
(1.78323 -0.2698 9.20011e-25)
(1.7695 -0.179815 -9.03995e-24)
(1.52515 0.0206566 -8.14251e-24)
(2.28776 0.156736 1.65697e-23)
(2.80161 0.317097 6.7529e-23)
(2.72536 -0.140091 -3.05118e-24)
(2.81545 -0.362816 -3.68627e-23)
(2.79673 -0.574065 -4.96069e-25)
(2.73157 -0.741408 5.59194e-26)
(2.58031 -0.953212 1.17527e-23)
(2.40341 -1.16943 1.61306e-23)
(2.26437 -1.20106 0)
(1.97196 -1.41774 -1.39157e-24)
(1.85193 -1.23211 4.5476e-25)
(1.71177 -1.30105 2.75979e-23)
(1.67825 -1.07346 -3.80355e-23)
(1.59907 -1.02247 -2.86602e-24)
(1.60928 -0.865621 1.67966e-24)
(1.61375 -0.697665 7.46263e-25)
(1.60599 -0.57908 -1.2914e-26)
(1.62713 -0.451717 -3.18624e-24)
(1.66215 -0.294501 0)
(1.67037 -0.229094 0)
(1.51397 0.0535753 -1.59886e-23)
(2.0337 0.0784023 0)
(2.80351 0.561143 5.79564e-23)
(3.15004 0.295403 -5.7394e-23)
(3.0673 0.0596086 -2.37437e-23)
(2.99524 -0.297395 7.41242e-25)
(2.90655 -0.444135 3.4393e-23)
(2.78162 -0.617257 -7.59944e-23)
(2.59606 -0.811204 -4.43151e-23)
(2.37955 -0.882209 0)
(2.1199 -0.9221 0)
(1.81779 -1.10674 2.12403e-24)
(1.65869 -1.11379 8.35581e-24)
(1.54455 -0.990555 3.39697e-23)
(1.47869 -0.907705 2.51256e-24)
(1.4671 -0.782842 1.99164e-24)
(1.47332 -0.643334 -1.98154e-24)
(1.47722 -0.543678 0)
(1.50549 -0.433485 -7.01383e-24)
(1.55331 -0.316608 0)
(1.48317 0.0905424 -1.43371e-23)
(1.84051 0.197081 0)
(2.67871 0.628249 -5.54919e-23)
(3.23662 0.896761 0)
(3.39878 0.55044 3.41773e-23)
(3.29843 0.225753 0)
(3.08563 -0.111389 -3.14297e-23)
(2.94064 -0.290102 7.32361e-23)
(2.74464 -0.444501 -1.3684e-22)
(2.47057 -0.594825 -7.78067e-23)
(2.20262 -0.707686 -5.95544e-25)
(1.92876 -0.82864 0)
(1.64064 -0.865056 -2.94537e-23)
(1.46021 -0.786502 6.36381e-23)
(1.37605 -0.740658 0)
(1.35638 -0.640349 0)
(0.152507 -0.00677431 -3.41455e-23)
(0.141036 -0.0377705 -4.98897e-22)
(2.49047 -0.000422797 0)
(0.177637 -0.0687207 -2.54212e-23)
(0.252245 -0.0909846 -1.55058e-22)
(2.47296 -0.011878 0)
(0.346557 -0.104746 0)
(0.440064 -0.10422 0)
(2.40038 -0.0291815 0)
(0.532369 -0.0960567 -2.20977e-24)
(0.617717 -0.0873152 1.65185e-24)
(2.12744 -0.108606 9.76333e-24)
(0.693623 -0.0790914 5.57545e-25)
(0.760814 -0.0705304 2.31855e-24)
(1.59888 -0.160952 0)
(0.820098 -0.0617896 7.93895e-25)
(0.871331 -0.0525111 -2.48232e-24)
(1.10918 -0.0903831 5.48061e-25)
(0.914345 -0.0443361 0)
(0.950493 -0.0364998 0)
(0.789417 -0.0537941 2.16938e-24)
(0.983915 -0.0302925 0)
(1.01084 -0.0246823 2.40538e-24)
(0.551509 -0.127855 6.80975e-24)
(1.0363 -0.0235905 0)
(1.06521 -0.0254672 2.86534e-24)
(0.261276 -0.131372 0)
(1.10166 -0.0216551 3.14688e-24)
(1.13404 -0.00954284 0)
(0.104251 -0.0401138 -6.12761e-26)
(1.14897 0.00175495 -5.64083e-24)
(1.14984 0.00517125 1.28173e-26)
(0.182977 0.0515749 -1.03683e-23)
(1.14733 0.0106658 -6.18292e-24)
(1.14134 0.0266749 -4.61619e-24)
(0.396295 0.0896764 -2.46344e-24)
(1.13029 0.0389247 -3.64602e-24)
(1.09898 0.0467867 3.94573e-24)
(0.637802 0.0823758 0)
(1.0452 0.041574 0)
(1.00324 0.0121505 0)
(0.839014 0.0590176 0)
(0.983757 -0.0271447 0)
(0.982279 -0.0456753 5.9879e-24)
(0.982751 0.0416027 2.10093e-25)
(0.989454 -0.0612612 -8.11848e-25)
(1.00957 -0.0777105 1.26929e-24)
(1.08868 0.0320465 -1.42567e-25)
(1.03184 -0.0851498 -4.40704e-25)
(1.05524 -0.0867351 -1.50866e-26)
(1.17019 0.0220757 0)
(1.08606 -0.0794609 8.2978e-24)
(1.12556 -0.0602061 -9.22213e-24)
(1.22626 0.0114536 0)
(1.17152 -0.0368463 5.3033e-25)
(1.21616 -0.0190923 0)
(1.25786 -6.30843e-05 0)
(1.2565 -0.00743909 -1.15756e-24)
(1.29015 -0.00135665 1.04469e-23)
(1.26367 -0.00421953 2.92087e-24)
(1.31281 0.0011272 2.33588e-24)
(1.32012 0.00186338 -2.2641e-24)
(1.31714 0.00270683 0)
(1.30112 0.00561356 8.7993e-24)
(1.27798 0.0107738 0)
(1.24684 0.0183408 -4.30048e-24)
(1.205 0.030776 -3.94786e-24)
(1.14724 0.046064 -6.89793e-24)
(3.14273 0.376665 -6.677e-22)
(2.42687 0.247014 -3.16824e-22)
(3.40241 0.580351 1.47715e-21)
(3.36126 0.471944 0)
(3.01999 0.373007 3.33895e-21)
(2.89517 0.380856 -2.82573e-21)
(2.0122 0.222772 -5.85742e-22)
(3.34625 0.521614 -4.22657e-21)
(3.2531 0.593002 5.35641e-21)
(3.18692 0.492216 -7.34704e-22)
(3.08697 -0.0103243 0)
(3.09633 -0.00144287 2.66244e-22)
(3.14056 -0.00534424 -2.70924e-22)
(2.76805 0.359884 5.92814e-22)
(2.63665 0.325563 8.38697e-22)
(1.60694 0.180607 -1.12905e-21)
(3.1771 0.512808 2.40443e-21)
(3.06966 0.560908 -2.2407e-21)
(2.99 0.467877 2.2546e-21)
(3.10509 0.0123907 -7.53353e-23)
(3.11967 0.0294496 0)
(3.16524 0.0356459 0)
(2.50647 0.280433 -1.08652e-21)
(2.38513 0.229559 2.5822e-22)
(1.35247 0.121909 -1.38016e-22)
(2.97756 0.460971 -1.93645e-21)
(2.87171 0.475646 0)
(2.76122 0.364589 2.3566e-22)
(3.1344 0.0344934 1.59326e-24)
(3.15182 0.0401195 -8.64199e-24)
(3.21859 0.0570584 1.56593e-23)
(2.26469 0.149244 -1.29968e-21)
(2.15258 0.0552424 2.07371e-22)
(1.25091 0.00586806 6.17049e-22)
(2.77501 0.364 0)
(2.6429 0.356294 -1.05733e-21)
(2.52546 0.210806 5.64531e-22)
(3.17023 0.0372067 -3.67807e-23)
(3.19786 0.0286294 -6.79033e-23)
(3.28291 0.0508209 6.77346e-23)
(2.04889 -0.0270475 -2.07215e-22)
(1.94299 -0.0862732 3.10411e-22)
(1.22501 -0.109418 -2.29142e-22)
(2.50903 0.223032 -2.93946e-22)
(2.362 0.214491 0)
(2.25102 0.0722178 0)
(3.21581 0.00981185 -5.64952e-23)
(3.22218 -0.0089437 1.13475e-23)
(3.33942 0.00502426 -1.47714e-22)
(1.84386 -0.122725 0)
(1.75734 -0.130183 -2.72103e-23)
(1.24284 -0.134929 0)
(2.2346 0.118286 0)
(2.10893 0.130459 -3.69043e-23)
(1.99569 0.0102425 0)
(3.21976 -0.0227173 8.63956e-23)
(3.20782 -0.0368322 -3.96513e-24)
(3.36403 -0.0474114 0)
(1.68184 -0.121897 1.81902e-23)
(1.61341 -0.110024 1.46083e-23)
(1.26926 -0.114263 -8.77681e-24)
(1.99924 0.0726888 9.82571e-24)
(1.89282 0.102773 7.80174e-24)
(1.78471 0.0102064 -1.44585e-24)
(3.18058 -0.0582065 2.11635e-23)
(3.12143 -0.117004 -2.67391e-23)
(3.38496 -0.203279 0)
(1.55648 -0.0990315 5.72956e-24)
(1.51111 -0.0813755 -4.37988e-24)
(1.28453 -0.0794936 -1.67672e-24)
(1.80151 0.0567809 0)
(1.71088 0.0691053 0)
(1.61432 0.0133306 0)
(3.07197 -0.264911 4.1184e-23)
(3.02074 -0.345051 -7.5048e-24)
(3.45789 -0.359881 1.81193e-23)
(1.47054 -0.0616566 0)
(1.4293 -0.0431371 1.08964e-23)
(1.27847 -0.0593626 0)
(1.63115 0.0369218 1.01807e-23)
(1.55098 0.0776664 -1.79125e-23)
(1.50329 0.0206199 0)
(2.91927 -0.406804 -1.51221e-24)
(2.71958 -0.41075 8.99075e-24)
(3.47062 -0.489317 -3.54642e-24)
(1.3933 -0.035783 -1.92602e-24)
(1.36833 -0.0349432 3.47754e-24)
(1.27253 -0.0481278 3.85887e-24)
(1.47871 0.0539436 0)
(1.41627 0.0561113 2.36305e-23)
(1.40691 -0.0128478 -2.69321e-23)
(2.48389 -0.392066 -1.53517e-23)
(2.14648 -0.278876 -3.34911e-24)
(3.36176 -0.548791 2.66459e-23)
(1.35563 -0.0403928 0)
(1.35215 -0.0406109 2.13865e-23)
(1.2842 -0.0369207 -6.37765e-24)
(1.37175 -0.0041066 5.8859e-23)
(1.34878 -0.010938 -4.89401e-23)
(1.36507 -0.0355091 -1.57206e-23)
(1.87815 -0.233642 0)
(1.61028 -0.190551 -3.47185e-23)
(3.073 -0.545052 -2.40143e-23)
(1.3525 -0.0411977 -1.69395e-23)
(1.35494 -0.0447989 5.37317e-24)
(1.30632 -0.0497755 2.52041e-24)
(1.33964 -0.0503011 3.2475e-23)
(1.34275 -0.0258233 -1.86105e-23)
(1.35792 -0.0474989 1.67972e-23)
(1.44593 -0.209901 1.04167e-23)
(1.29505 -0.166231 7.96555e-23)
(2.78112 -0.444508 1.13363e-22)
(1.35858 -0.0609122 9.16433e-25)
(1.3686 -0.0591249 -4.75645e-24)
(1.33796 -0.0398606 3.58701e-25)
(1.34517 -0.111852 -2.11634e-23)
(1.35362 -0.0630737 -2.30709e-23)
(1.36603 -0.0522347 3.41238e-23)
(1.23246 -0.109503 -7.84428e-23)
(1.1388 0.00660099 0)
(2.62907 -0.210118 2.24605e-22)
(1.38691 -0.0490904 -1.88682e-23)
(1.41028 -0.0342007 0)
(1.38365 -0.00849834 -3.36491e-24)
(1.35266 -0.110484 -2.47482e-23)
(1.36524 -0.0669062 -7.58782e-23)
(1.39784 -0.0411961 -2.75451e-23)
(1.11715 0.0898753 -9.97689e-24)
(1.11496 0.153703 4.58697e-23)
(2.46785 0.0377758 3.34408e-23)
(1.437 -0.0298379 2.05297e-25)
(1.46348 -0.0337975 -1.64688e-23)
(1.42166 -0.0243957 4.21768e-24)
(1.37872 -0.116331 1.32002e-22)
(1.4018 -0.0623929 -3.15928e-23)
(1.44737 -0.0685002 0)
(1.16709 0.215302 -1.71118e-23)
(1.21087 0.231081 -4.58566e-24)
(2.33371 0.154339 0)
(1.49311 -0.0466208 -1.20116e-25)
(1.53456 -0.0518195 -9.46612e-24)
(1.51174 0.0121445 9.28035e-24)
(1.40297 -0.127321 -1.69189e-22)
(1.41955 -0.110575 -4.88944e-25)
(1.5045 -0.0894764 4.60604e-23)
(1.28967 0.234112 -8.39197e-24)
(1.34515 0.210755 2.76245e-24)
(2.1927 0.157128 0)
(1.59039 -0.0588272 1.98973e-23)
(1.65009 -0.0731059 -2.61669e-23)
(1.64297 0.0459579 0)
(1.45087 -0.1687 -2.09791e-22)
(1.50596 -0.160016 1.05461e-23)
(1.61327 -0.0771758 2.0835e-23)
(1.41167 0.183877 0)
(1.45677 0.152269 1.20154e-24)
(2.07648 0.104066 2.71236e-24)
(1.70484 -0.0876774 2.16688e-23)
(1.75968 -0.0978102 -1.14964e-23)
(1.71296 0.0254432 -1.11533e-23)
(1.58106 -0.207789 -2.15293e-23)
(1.63998 -0.205614 1.10485e-23)
(1.75071 -0.115256 5.81648e-24)
(1.4968 0.125402 -8.80534e-25)
(1.52198 0.102668 0)
(1.99362 0.0647931 0)
(1.82338 -0.10411 -2.9725e-24)
(1.89426 -0.108872 -3.09187e-24)
(1.76157 0.0254147 1.52332e-24)
(1.69718 -0.223252 -4.70329e-23)
(1.72381 -0.193623 0)
(1.87919 -0.10969 6.08744e-24)
(1.54423 0.0852067 1.244e-24)
(1.56138 0.072762 9.75596e-25)
(1.92676 0.0552183 -3.11955e-23)
(1.95824 -0.0966978 2.63578e-23)
(2.00964 -0.0651914 1.38706e-23)
(1.75793 0.0318223 -1.31101e-23)
(1.76877 -0.170721 2.05764e-22)
(1.79796 -0.145816 -2.19987e-25)
(1.94748 -0.0479149 1.11941e-25)
(1.57796 0.0613741 1.37982e-24)
(1.59122 0.0518772 -9.09947e-24)
(1.85982 0.0420903 9.38548e-24)
(2.05219 -0.0141395 1.04133e-24)
(2.09218 0.024295 -9.30094e-25)
(1.66321 -0.0281173 8.64913e-24)
(1.87065 -0.11239 2.08277e-24)
(1.93488 -0.135172 -6.36379e-23)
(2.03498 -0.0861277 6.20158e-23)
(1.60104 0.0422167 3.08446e-25)
(1.60529 0.0344394 -3.08443e-25)
(1.79682 0.015049 4.00135e-23)
(2.13256 0.0441565 3.2149e-23)
(2.16162 0.0477757 7.94861e-24)
(1.57355 -0.0846627 -4.16417e-24)
(2.02069 -0.151934 0)
(2.11654 -0.199316 0)
(2.22049 -0.1104 0)
(1.60622 0.0276647 9.67424e-24)
(1.60499 0.0189655 -1.06617e-23)
(1.74291 -0.00831803 1.24202e-23)
(2.16237 0.0478117 -4.61582e-23)
(2.12011 0.0334228 -1.63194e-23)
(1.53263 -0.0731505 -3.32554e-26)
(2.23184 -0.158736 6.78394e-23)
(2.39314 -0.0513305 0)
(2.43142 0.070669 2.57204e-23)
(1.6008 0.00766788 -6.03877e-24)
(1.59205 0.000828185 -3.0721e-26)
(1.70208 -0.0224926 3.84496e-23)
(2.00138 0.0260543 -8.63316e-24)
(1.90592 0.00591326 0)
(1.52667 -0.00561193 -8.42589e-24)
(2.52102 0.0817961 -1.72112e-23)
(2.62533 0.18278 -2.83835e-22)
(2.42008 0.160693 0)
(1.83475 0.00272708 0)
(1.78614 -0.00101473 0)
(1.51991 0.0415976 1.28295e-25)
(2.64508 0.220866 1.61361e-23)
(2.63619 0.182232 -2.29375e-22)
(2.14693 0.148629 -1.70831e-23)
(1.76678 0.0195645 1.5993e-23)
(1.74898 0.0385354 1.52066e-23)
(1.50348 0.0721381 -7.81351e-24)
(2.54629 0.253419 2.4093e-22)
(2.27006 0.20681 -2.5793e-22)
(1.94705 0.142415 0)
(1.70288 0.0901735 1.42173e-23)
(1.6089 0.153192 0)
(1.44224 0.110684 -5.46805e-24)
(2.10972 0.401762 0)
(1.91179 0.34809 -5.34836e-23)
(1.73527 0.303016 5.37521e-23)
(0.125187 0.00136503 0)
(-0.152613 -0.00340719 0)
(0.166284 0.0103943 0)
(-0.165896 -0.00960629 0)
(0.257578 0.0160536 0)
(-0.127613 -0.00139147 0)
(0.111326 0.00654231 0)
(-0.162786 -0.00843033 0)
(0.213457 0.0139722 0)
(-0.154103 -0.00311909 0)
(0.307259 0.0172377 0)
(-0.0932479 -0.000251883 0)
(0.350672 0.0168169 0)
(-0.0537846 0.000115871 0)
(0.417754 0.0155544 0)
(0.0122711 -0.00183598 0)
(0.498643 0.0244858 0)
(0.0797145 -0.00314102 0)
(0.65724 0.0578091 0)
(0.241516 -0.00131289 0)
(0.795854 0.038581 0)
(0.469254 -0.00770282 0)
(0.635451 -0.0281035 0)
(0.441931 -0.00426965 0)
(0.32786 -0.0358579 0)
(0.265492 -0.00297444 0)
(0.0906654 -0.0265016 0)
(0.116421 -0.00853865 0)
(-0.164328 -0.0317876 0)
(-0.0933315 -0.0138262 0)
(-0.363092 -0.023277 0)
(-0.327216 -0.0111385 0)
(-0.386297 0.00271325 0)
(-0.414639 -0.00183315 0)
(-0.271624 0.0204786 0)
(-0.34145 0.00636267 0)
(-0.0492316 0.025409 0)
(-0.190154 0.00733518 0)
(0.155788 0.018887 0)
(-0.0498877 0.00529654 0)
(0.294441 0.0109817 0)
(0.0455106 0.00327523 0)
(0.381492 0.00597661 0)
(0.101831 0.00214161 0)
(0.437978 0.00340314 0)
(0.13645 0.00148874 0)
(0.474281 0.00199419 0)
(0.158249 0.000888132 0)
(0.491572 0.000870545 0)
(0.169557 0.000242455 0)
(0.494468 -3.66387e-05 0)
(0.171232 -0.000364691 0)
(0.383793 0.0149379 0)
(-0.01973 -0.000900357 0)
(0.452693 0.018291 0)
(0.0410933 -0.00303699 0)
(0.564724 0.0373316 0)
(0.140903 -0.00343029 0)
(0.751653 0.0650545 0)
(0.373085 -0.000886203 0)
(0.77073 0.00388199 0)
(0.489861 -0.00569705 0)
(0.472156 -0.0372742 0)
(0.351326 -0.00354375 0)
(0.205027 -0.0282614 0)
(0.190385 -0.00585586 0)
(-0.0332053 -0.0279951 0)
(0.0236959 -0.0117662 0)
(-0.275117 -0.031403 0)
(-0.219168 -0.0145525 0)
(-0.406308 -0.00914129 0)
(-0.392565 -0.00728627 0)
(-0.341442 0.0123082 0)
(-0.3952 0.00280603 0)
(-0.166673 0.0248371 0)
(-0.269995 0.00729722 0)
(0.0585666 0.0226319 0)
(-0.116264 0.0063616 0)
(0.233181 0.0146413 0)
(0.00420845 0.00430093 0)
(0.343699 0.00809553 0)
(0.0777203 0.00256278 0)
(0.413576 0.00453293 0)
(0.121452 0.00183301 0)
(0.458845 0.00267803 0)
(0.148858 0.00116219 0)
(0.485302 0.00132522 0)
(0.165228 0.000588919 0)
(0.494394 0.000454421 0)
(0.171643 -0.000142613 0)
(0.493034 -0.000317124 0)
(0.169659 -0.000394436 0)
(-0.556074 -0.0145056 0)
(-0.441226 0.00103354 0)
(-0.499783 -0.00491598 0)
(-0.387234 -0.00213703 0)
(-0.515686 0.00451538 0)
(-0.391391 0.00334498 0)
(-0.598061 -0.0166045 0)
(-0.514537 -0.0100229 0)
(-0.407447 -0.00175149 0)
(-0.519259 0.000166128 0)
(-0.380473 1.0925e-05 0)
(-0.525388 0.00749693 0)
(-0.421279 0.00372926 0)
(-0.525618 0.00721305 0)
(-0.449681 0.00280253 0)
(-0.455923 -0.00701148 0)
(-0.45594 -0.00220334 0)
(-0.340679 -0.0172527 0)
(-0.354044 -0.0060834 0)
(-0.144357 -0.018885 0)
(-0.220005 -0.00566091 0)
(0.0257422 -0.0133723 0)
(-0.110103 -0.00344349 0)
(0.155324 -0.00881078 0)
(-0.036256 -0.00233041 0)
(0.249378 -0.00597589 0)
(0.0132604 -0.00110442 0)
(0.321052 -0.00441266 0)
(0.045348 -0.000542027 0)
(0.37095 -0.00245439 0)
(0.0643448 -0.000293658 0)
(0.411882 -0.00282369 0)
(0.0836904 -0.000735155 0)
(0.43561 -0.00377326 0)
(0.0993304 0.00121596 0)
(0.456762 -0.00767687 0)
(0.116432 0.00248013 0)
(0.476923 -0.0118763 0)
(0.141051 0.00568249 0)
(0.473919 -0.00520116 0)
(0.15007 0.004866 0)
(0.469898 0.00120231 0)
(0.148071 -0.00353392 0)
(0.517949 -0.000236764 0)
(0.174672 -0.00606076 0)
(0.589132 0.000682238 0)
(0.217959 -0.0076258 0)
(0.666396 -0.00250096 0)
(0.266399 -0.00451381 0)
(0.745036 -0.00866305 0)
(0.321794 -0.00258296 0)
(0.805977 -0.00766101 0)
(0.372208 -0.00236731 0)
(0.828006 -0.00326717 0)
(0.408751 -0.00300779 0)
(0.81118 0.000991493 0)
(0.428542 -0.00322633 0)
(0.769156 0.00238125 0)
(0.4388 -0.0029136 0)
(0.694793 0.00651684 0)
(0.429736 -0.000229263 0)
(-0.50533 0.00200681 0)
(-0.466458 0.000973578 0)
(-0.398053 -0.0134653 0)
(-0.41439 -0.00485777 0)
(-0.238815 -0.0202936 0)
(-0.286071 -0.00611882 0)
(-0.0558629 -0.0163577 0)
(-0.159755 -0.0045507 0)
(0.0952883 -0.0107632 0)
(-0.0703118 -0.00274889 0)
(0.205752 -0.00708493 0)
(-0.00857047 -0.00167685 0)
(0.287583 -0.00516845 0)
(0.0307691 -0.000728069 0)
(0.347185 -0.00302591 0)
(0.0561589 -0.000275607 0)
(0.393605 -0.00271337 0)
(0.0735159 -0.000794781 0)
(0.42459 -0.00287082 0)
(0.0925578 0.000278303 0)
(0.446331 -0.00525158 0)
(0.106454 0.00159929 0)
(0.467795 -0.0102318 0)
(0.128854 0.00424239 0)
(0.479225 -0.0105609 0)
(0.149161 0.00701334 0)
(0.467079 0.00061927 0)
(0.146524 -2.42306e-05 0)
(0.488113 0.000176058 0)
(0.158599 -0.00458882 0)
(0.551818 0.0003923 0)
(0.194939 -0.00742076 0)
(0.627405 0.000162146 0)
(0.241582 -0.00665647 0)
(0.706194 -0.00654027 0)
(0.293497 -0.00295964 0)
(0.779392 -0.00866749 0)
(0.348571 -0.00232128 0)
(0.822589 -0.00575803 0)
(0.392404 -0.00281412 0)
(0.824723 -0.000448825 0)
(0.420377 -0.00301391 0)
(0.792762 0.0015773 0)
(0.434876 -0.00320785 0)
(0.73716 0.00420725 0)
(0.438157 -0.00182306 0)
(0.641259 0.00936696 0)
(0.411428 0.00126265 4.40243e-34)
(1.56632 -0.139232 1.5275e-23)
(1.57423 -0.0656436 0)
(1.20309 -0.00583962 2.88929e-26)
(1.18754 -0.00622939 2.15852e-26)
(1.76385 -0.076213 8.85863e-24)
(1.68411 -0.0242097 -3.73566e-23)
(1.26158 -0.00477919 0)
(1.66958 -0.106986 8.65632e-24)
(1.63871 -0.0368028 0)
(1.23692 -0.00583967 -3.75721e-24)
(1.25297 -0.00540258 6.2614e-25)
(1.21961 -0.00569716 -5.84519e-25)
(1.50917 -0.0311679 0)
(1.47347 -0.0286544 -1.25086e-23)
(1.52605 -0.0822709 8.33233e-24)
(1.58133 -0.00788768 -2.40495e-24)
(1.5697 -0.0192775 -9.257e-24)
(1.65887 -0.0301477 -2.75233e-23)
(1.55658 -0.0295345 2.28174e-24)
(1.53713 -0.0329531 -8.77122e-24)
(1.60723 -0.0539303 -2.57858e-23)
(0.466133 -0.00204828 0)
(0.15008 -0.000702846 0)
(0.45856 -0.00200789 0)
(0.143874 -0.000718859 0)
(0.489808 -0.00046205 0)
(0.16724 -0.000411602 0)
(0.480798 -0.00131674 0)
(0.161236 -0.000493939 0)
(0.486566 -0.000679228 0)
(0.164966 -0.000403976 0)
(0.474166 -0.00190143 0)
(0.156415 -0.000637352 0)
(1.4684 -0.14801 -7.45081e-24)
(1.47809 -0.0840784 -2.30489e-23)
(1.17282 -0.00639147 1.1532e-24)
(1.37497 -0.302557 -5.8374e-25)
(1.40649 -0.243965 -1.27982e-23)
(1.41964 -0.218772 2.27645e-23)
(1.384 -0.111864 1.36652e-23)
(1.37965 -0.0832406 3.8185e-23)
(1.14112 -0.00536597 -3.36541e-24)
(1.42791 -0.16551 1.7801e-22)
(1.2713 -0.173501 -2.06666e-23)
(1.26463 -0.203831 -1.50638e-22)
(1.27881 -0.215627 8.94943e-23)
(1.29147 -0.145568 -3.695e-23)
(1.35327 -0.151824 0)
(1.37699 -0.108251 -1.71969e-23)
(1.368 -0.122892 -5.41915e-25)
(1.32786 -0.0418015 -2.88776e-23)
(1.31083 -0.0535594 -1.63675e-23)
(1.12049 -0.00344518 4.58295e-24)
(1.44108 0.0915865 -1.48589e-22)
(1.28274 0.0545495 -1.86049e-23)
(1.26767 0.0540923 1.52657e-22)
(1.25552 0.0815297 8.18684e-24)
(1.27951 0.0694225 3.63557e-23)
(1.35419 0.00925933 0)
(1.37527 0.017981 6.97811e-23)
(1.35261 -0.0233545 0)
(1.30594 0.0236255 1.77747e-23)
(1.27855 -0.00429921 -1.68276e-23)
(1.12662 -0.00432927 5.02226e-24)
(1.15687 -0.00635165 0)
(1.12775 -0.00430321 -1.15809e-24)
(1.11995 -0.00313674 -9.25728e-26)
(1.13821 -0.0113192 -5.40637e-24)
(1.42386 -0.515587 -5.98236e-23)
(1.29949 -0.473155 -8.00446e-24)
(1.27682 -0.39755 0)
(1.29667 -0.366382 -1.26879e-22)
(1.32145 -0.317133 5.84282e-25)
(1.43372 -0.0290069 -8.08936e-24)
(1.39067 -0.0311666 4.10825e-24)
(1.42387 -0.0945029 -7.88844e-24)
(1.34787 -0.03008 2.04025e-24)
(1.30675 -0.0232996 -8.2359e-24)
(1.33949 -0.082994 3.04065e-23)
(1.27307 -0.00919143 1.43172e-23)
(1.25042 0.00564471 -2.18988e-24)
(1.28945 -0.0385893 8.1927e-24)
(1.24188 0.0190963 -8.8254e-24)
(1.24377 0.0264666 2.38432e-24)
(1.27653 0.00386691 -2.54722e-23)
(1.37908 0.129038 1.30256e-23)
(1.62142 0.316925 0)
(2.21905 0.731725 0)
(3.17357 1.07351 -1.15208e-23)
(3.71017 0.998391 3.51841e-25)
(3.67444 0.759078 1.15049e-22)
(3.39655 0.310078 0)
(3.11459 -0.0181336 4.10289e-24)
(2.8728 -0.159346 1.32693e-22)
(2.56568 -0.363983 -1.11132e-22)
(2.30999 -0.467467 1.09438e-22)
(2.00957 -0.436419 6.22974e-24)
(1.67007 -0.497889 -6.22538e-24)
(1.19818 0.159732 -7.19828e-24)
(1.37923 0.353764 2.82938e-23)
(1.87925 0.722207 -2.44643e-23)
(3.0173 1.16741 1.18165e-23)
(3.80914 1.21014 1.88037e-22)
(3.96816 1.04977 -1.10049e-22)
(3.84425 0.799303 -1.36094e-23)
(3.44746 0.36731 7.8277e-24)
(3.04453 0.0999196 1.92067e-22)
(2.69842 -0.0564732 -2.48005e-23)
(2.38501 -0.10383 -1.21723e-22)
(2.02653 -0.0975879 0)
(0.995068 0.154953 2.8507e-24)
(1.08635 0.353 -8.36833e-24)
(1.56932 0.597696 2.70528e-23)
(2.71778 1.12792 -2.55278e-24)
(3.81327 1.20009 -1.5537e-22)
(4.10635 1.05729 0)
(4.0597 0.998314 0)
(3.81884 0.831905 0)
(0.825852 0.105209 4.6969e-24)
(0.832179 0.241511 4.84483e-23)
(1.25245 0.360089 2.58824e-22)
(2.51858 0.867567 1.0665e-23)
(1.07308 0.059849 0)
(0.983736 0.0690905 0)
(0.887492 0.0721399 0)
(0.790352 0.070146 9.54277e-25)
(0.700363 0.0640395 -9.54255e-25)
(0.621489 0.0551347 -2.03576e-24)
(0.559124 0.0431319 2.03598e-24)
(0.51523 0.0294505 8.42631e-24)
(1.70319 -0.179921 0)
(3.35409 0.554202 2.01122e-22)
(2.88229 0.369403 2.47302e-22)
(2.44723 0.222949 -1.3489e-22)
(2.05427 0.148566 0)
(1.73017 0.08775 0)
(3.81955 1.04959 -3.87655e-22)
(4.11977 0.980599 0)
(4.07543 1.00772 2.31019e-22)
(3.90053 1.03846 3.90352e-23)
(3.53038 0.985629 -4.16622e-22)
(3.06424 0.884165 4.06398e-22)
(2.60529 0.711976 -9.77082e-23)
(2.16555 0.638184 -2.78247e-23)
(1.80373 0.54432 1.40523e-23)
(1.47259 0.533484 0)
(1.31682 0.459176 0)
(1.30343 0.348565 0)
(1.27319 0.310907 0)
(1.31525 0.252714 1.11085e-23)
(1.39723 0.171381 0)
(1.40722 0.143764 -3.77565e-23)
(1.36632 0.0509044 6.95356e-23)
(1.3057 0.0632695 -9.94008e-24)
(1.27945 0.0378445 2.02316e-23)
(1.14589 -0.0197543 0)
(0.741216 0.0310774 1.43388e-23)
(0.694278 0.0491561 -1.34537e-22)
(1.04837 -0.00108775 -2.55505e-22)
(2.30541 0.309933 -9.3983e-22)
(3.76846 0.68284 4.22101e-22)
(4.06957 0.800917 9.88671e-24)
(4.01269 0.987607 -2.76092e-22)
(3.86219 1.07865 0)
(3.5192 1.18378 0)
(3.08448 1.28454 -4.30837e-22)
(2.69626 1.19458 6.26139e-23)
(2.25804 1.22172 1.41899e-24)
(1.89393 1.12918 1.25308e-23)
(1.5814 1.05338 -2.7329e-22)
(1.4387 0.897073 0)
(1.39009 0.764338 0)
(1.34029 0.679756 0)
(1.41675 0.510548 -1.11844e-23)
(1.48077 0.397287 3.19344e-24)
(1.5053 0.294352 -1.55002e-22)
(1.4474 0.187126 -7.49878e-23)
(1.33898 0.112468 -9.2717e-24)
(1.31321 0.0799242 3.5256e-23)
(1.14719 -0.026378 -6.48137e-24)
(0.757416 -0.0346673 0)
(0.717867 -0.130778 -9.57559e-23)
(1.01972 -0.317009 6.27826e-23)
(2.02779 -0.332834 9.40859e-22)
(3.42739 0.159311 0)
(3.78549 0.554517 0)
(3.82615 0.875488 -1.17915e-22)
(3.69185 1.19271 -1.60397e-23)
(3.45416 1.2762 0)
(3.02166 1.47299 2.05793e-22)
(2.66086 1.48591 1.91626e-22)
(2.26761 1.54786 1.00354e-23)
(1.96919 1.44236 0)
(1.69019 1.41584 2.74768e-22)
(1.59038 1.19189 0)
(1.53926 1.05193 0)
(1.51486 0.8839 -1.61762e-25)
(1.5857 0.675533 1.61688e-25)
(1.59824 0.561336 -9.42752e-24)
(1.62338 0.37473 1.56874e-22)
(1.53579 0.308665 6.10418e-24)
(1.4436 0.151695 -1.64854e-22)
(1.40502 0.114714 7.07095e-23)
(1.13428 0.00691651 4.06297e-24)
(0.870677 -0.0804263 2.01428e-24)
(0.871857 -0.254849 3.73886e-23)
(1.11471 -0.521157 4.67304e-23)
(1.83007 -0.664723 2.32235e-23)
(2.82098 -0.246405 1.24512e-22)
(3.19708 0.248089 -2.438e-23)
(3.35496 0.661453 1.294e-22)
(3.36951 1.09572 -1.71686e-23)
(3.2186 1.38223 -1.47199e-23)
(2.9519 1.54284 -4.03276e-22)
(2.60157 1.62684 0)
(2.27614 1.68343 -1.18276e-23)
(2.02926 1.61166 0)
(1.84754 1.52958 1.80919e-23)
(1.74801 1.3689 -1.8083e-23)
(1.68768 1.24722 -8.26253e-23)
(1.68649 1.05791 0)
(1.76746 0.82983 0)
(1.76643 0.721939 -1.27574e-23)
(1.77226 0.4858 1.27518e-23)
(1.64965 0.408815 8.92085e-24)
(1.57754 0.161757 1.06294e-22)
(1.53602 0.141164 1.81683e-23)
(1.14233 0.0262231 -2.41836e-23)
(1.02126 -0.0828815 2.06479e-23)
(1.08 -0.2595 6.10738e-24)
(1.25918 -0.448733 -2.52459e-23)
(1.75307 -0.60385 5.99225e-23)
(2.36059 -0.279112 -1.36629e-22)
(2.74311 0.0968756 -2.5202e-22)
(2.92056 0.512402 3.10412e-22)
(2.96628 0.882532 -2.10824e-22)
(2.89051 1.28543 -4.97293e-23)
(2.75587 1.50418 1.94588e-22)
(2.54579 1.64546 9.14412e-24)
(2.28728 1.69391 1.35196e-23)
(2.10727 1.63422 1.31051e-22)
(1.95122 1.60924 -1.68523e-23)
(1.91309 1.42664 0)
(1.87841 1.28517 8.24659e-23)
(1.88584 1.11513 -1.32875e-22)
(1.93922 0.928051 0)
(1.9482 0.803793 -3.13349e-23)
(1.94498 0.562172 3.13229e-23)
(1.82486 0.453979 -1.06859e-23)
(1.73347 0.153971 1.06892e-23)
(1.66751 0.151136 2.79299e-23)
(1.19895 0.0485233 0)
(1.15876 -0.0625488 0)
(1.25588 -0.19807 -6.42417e-23)
(1.3633 -0.293239 7.40054e-24)
(1.70647 -0.375746 -1.41798e-22)
(2.07984 -0.146805 2.49793e-22)
(2.40946 0.0931539 3.00259e-22)
(2.56232 0.425874 -3.53303e-22)
(2.58453 0.786093 2.59833e-22)
(2.61154 1.02371 2.30324e-23)
(2.49861 1.3687 0)
(2.40285 1.51873 3.82718e-23)
(2.28377 1.61159 1.22261e-23)
(2.13909 1.61553 -1.02316e-22)
(2.03096 1.58649 -2.36555e-23)
(2.00926 1.50162 0)
(1.99597 1.40892 -5.07967e-23)
(2.04616 1.19065 1.89788e-23)
(2.09108 1.03205 -3.15769e-23)
(2.13213 0.842763 0)
(2.12581 0.640204 -6.63889e-22)
(2.04291 0.470394 -3.9521e-22)
(1.89115 0.185718 0)
(1.77981 0.165822 0)
(1.28415 0.0528746 -6.81338e-24)
(1.25675 -0.0368147 9.25943e-25)
(1.365 -0.121415 0)
(1.40812 -0.143493 -2.94541e-24)
(1.64752 -0.169458 7.74873e-23)
(1.90145 -0.0102294 -1.95868e-22)
(2.16379 0.15059 -3.69023e-23)
(2.26105 0.425093 4.00209e-23)
(2.31228 0.718421 -2.98293e-22)
(2.32276 0.920761 0)
(2.28623 1.20567 0)
(2.27479 1.35084 3.79468e-23)
(2.175 1.51074 0)
(2.1584 1.52345 -7.90617e-23)
(2.127 1.52807 1.50809e-22)
(2.16126 1.39219 -2.35198e-22)
(2.18258 1.28651 -2.22477e-23)
(2.22599 1.15314 1.76599e-22)
(2.27417 1.01947 -3.08305e-23)
(2.32535 0.829596 0)
(2.29664 0.705163 6.14889e-22)
(2.2683 0.478034 4.41777e-22)
(2.05409 0.288639 -4.62736e-22)
(1.90476 0.163157 1.43434e-22)
(1.37487 0.0467636 -2.99208e-23)
(1.30363 -0.0149669 0)
(1.41117 -0.0470985 7.28908e-25)
(1.41217 -0.0312541 4.73535e-23)
(1.58559 -0.00369306 0)
(1.77526 0.111951 0)
(1.96316 0.223442 0)
(2.01279 0.466164 -6.16995e-23)
(2.07276 0.66067 1.59034e-22)
(2.07505 0.910785 -4.95661e-24)
(2.08486 1.06211 -8.66729e-23)
(2.1041 1.32363 4.10128e-23)
(2.12628 1.33723 -1.13532e-23)
(2.06462 1.52119 8.3721e-23)
(2.14734 1.49891 -1.49759e-22)
(2.21402 1.48841 -1.04002e-22)
(2.27334 1.36687 7.14673e-23)
(2.35009 1.21694 5.33486e-23)
(2.45373 0.983507 -5.29493e-23)
(2.47642 0.881027 3.94106e-22)
(2.45665 0.706126 7.75246e-22)
(2.47788 0.471019 -8.49561e-22)
(2.25238 0.390121 4.6166e-22)
(2.08516 0.104936 -2.50816e-22)
(1.45746 0.0359098 0)
(1.30274 -0.0040449 -2.01442e-25)
(1.41482 0.0132701 0)
(1.38156 0.0994281 -2.74371e-23)
(1.53071 0.12357 -7.16877e-24)
(1.67128 0.217633 -2.01856e-22)
(1.79197 0.325079 -4.35245e-23)
(1.82492 0.529739 1.02003e-23)
(1.86202 0.702171 1.93939e-22)
(1.88989 0.913389 -1.85495e-23)
(1.8867 1.06898 8.23507e-23)
(1.97791 1.20861 -9.10939e-23)
(1.97792 1.43674 1.1338e-23)
(2.09316 1.35761 -3.07315e-22)
(2.14236 1.49101 0)
(2.32305 1.39434 3.41157e-22)
(2.39641 1.37752 -2.89626e-23)
(2.51652 1.21205 2.89672e-23)
(2.61965 0.969868 -2.92034e-22)
(2.62716 0.866936 -3.97143e-22)
(2.65923 0.582954 -7.76827e-22)
(2.63674 0.37664 8.52534e-22)
(2.52093 0.333012 0)
(2.30153 -0.0189979 3.22722e-23)
(1.52766 0.01495 4.39389e-24)
(1.25224 0.00405834 4.37779e-24)
(1.34938 0.0855668 8.53307e-24)
(1.34498 0.149932 -1.20305e-23)
(1.48682 0.181266 4.87683e-24)
(1.57873 0.264204 1.57786e-22)
(1.63611 0.348852 -1.39966e-23)
(1.64582 0.528158 -6.29441e-23)
(1.66451 0.683212 0)
(1.70051 0.877859 -5.94492e-23)
(1.73686 1.03586 5.94384e-23)
(1.78145 1.1815 6.87382e-23)
(1.92597 1.36279 -6.87488e-23)
(1.99746 1.41549 3.07764e-22)
(2.11742 1.45306 8.10482e-22)
(2.40853 1.2501 1.48413e-21)
(2.5414 1.22889 -1.1633e-21)
(2.69975 1.07883 -5.89578e-22)
(2.80647 0.890024 2.92416e-22)
(2.86667 0.631615 0)
(2.90085 0.406501 9.08666e-23)
(2.77585 0.179568 1.44958e-21)
(2.77554 0.0302375 0)
(2.41795 -0.125864 -2.37843e-22)
(1.55558 -0.00356655 -1.65572e-24)
(1.17846 0.0104944 -1.00585e-23)
(1.27252 0.103766 -1.81876e-23)
(1.31799 0.160365 1.06928e-22)
(1.43481 0.190661 -1.26026e-23)
(1.49731 0.295995 4.15347e-23)
(1.50959 0.369011 -1.6112e-22)
(1.48437 0.550794 -2.65002e-22)
(1.49103 0.686025 0)
(1.53052 0.851342 -9.13452e-22)
(1.56797 1.00484 -1.30422e-21)
(1.6318 1.13138 0)
(1.84997 1.21968 1.14542e-22)
(1.98925 1.33893 -1.14574e-22)
(2.27641 1.04874 -2.26223e-21)
(2.49075 1.09862 -1.03301e-21)
(2.68905 0.912702 1.15749e-21)
(2.88318 0.819799 -4.31354e-22)
(3.04559 0.600593 -3.49734e-22)
(3.11582 0.380294 -2.61238e-22)
(3.11952 0.199305 -1.53338e-22)
(3.00693 -0.00145003 -8.94259e-23)
(2.87845 -0.336193 0)
(2.38108 -0.177763 4.34153e-22)
(1.49848 -0.0244902 -3.94817e-24)
(1.11284 0.0152014 4.85951e-25)
(1.20008 0.0974176 2.57607e-25)
(1.28922 0.137809 -1.15869e-22)
(1.36898 0.162817 4.92205e-22)
(1.40469 0.270024 6.43995e-23)
(1.38121 0.331567 1.27115e-22)
(1.32869 0.504531 3.25389e-22)
(1.33525 0.61394 0)
(1.37192 0.768883 9.11215e-22)
(1.44013 0.935557 1.30201e-21)
(1.5478 0.963347 -1.11916e-21)
(1.76936 1.08072 -1.90594e-22)
(2.13812 0.9868 1.52245e-21)
(2.34629 0.920933 1.01683e-21)
(2.60822 0.814203 -1.88062e-21)
(2.80321 0.642334 -4.73823e-22)
(3.08108 0.494317 1.0191e-21)
(3.22879 0.306537 2.93896e-22)
(3.29565 0.158005 5.11444e-22)
(3.29893 -0.0325955 0)
(3.29518 -0.205216 -1.38061e-21)
(2.87269 -0.463845 5.4179e-23)
(2.14704 -0.22996 1.09838e-22)
(1.34613 -0.0355225 -1.00438e-22)
(1.06074 0.0108972 -4.88266e-23)
(1.14201 0.0673302 0)
(1.26176 0.0744488 0)
(1.31288 0.107178 2.7141e-22)
(1.31966 0.163458 -8.1457e-23)
(1.25409 0.227421 0)
(1.18406 0.35811 0)
(1.19333 0.488762 0)
(1.22985 0.61469 -4.44389e-22)
(1.33735 0.734731 4.44248e-22)
(1.53406 0.823375 1.12061e-21)
(1.83222 0.63753 4.08041e-23)
(2.1885 0.750997 -1.36951e-21)
(2.47791 0.642311 0)
(2.69155 0.651706 -4.54182e-22)
(2.96138 0.41881 -4.53374e-21)
(3.24895 0.273246 0)
(3.36266 0.140738 -2.8089e-22)
(3.47819 -0.104832 8.83012e-23)
(3.50993 -0.286328 -1.11852e-24)
(3.43127 -0.520741 -1.06213e-21)
(2.8014 -0.487342 -6.23698e-22)
(1.9129 -0.218883 1.80006e-22)
(1.17604 -0.0364471 0)
(1.03229 -0.000369407 4.68666e-24)
(1.11849 0.0208263 -2.67924e-22)
(1.23993 0.0143303 -8.84466e-23)
(1.26739 0.054265 -3.77175e-22)
(1.26629 0.118041 -2.14816e-22)
(1.18953 0.197048 0)
(1.08235 0.218815 -2.52141e-21)
(1.0682 0.3319 -2.25287e-21)
(1.11297 0.399151 0)
(1.26721 0.483985 6.59062e-22)
(1.57845 0.490363 8.67382e-22)
(1.8757 0.484771 2.05006e-22)
(2.21796 0.335017 -2.04254e-22)
(2.5351 0.32394 0)
(2.8348 0.323897 2.83629e-21)
(3.12451 0.184888 4.58405e-21)
(3.37043 0.117346 -5.16712e-21)
(3.58498 -0.0618429 3.30646e-22)
(3.71781 -0.352056 2.28921e-21)
(3.75346 -0.532867 0)
(3.4235 -0.672859 1.02012e-21)
(2.44569 -0.460818 6.84492e-22)
(1.68597 -0.175716 -6.00177e-22)
(1.03565 -0.038986 -6.88639e-23)
(1.02934 -0.0105322 1.93032e-24)
(1.11599 -0.0155469 -5.31891e-22)
(1.23047 -0.047139 5.06582e-22)
(1.23249 -0.03763 -6.32252e-22)
(1.2028 -0.0183504 0)
(1.13153 0.0499238 0)
(1.02871 0.0889938 -1.61834e-22)
(0.997561 0.139532 1.9251e-21)
(1.05444 0.158413 2.0902e-21)
(1.24642 0.195299 -1.19893e-21)
(1.58065 0.164004 -1.74081e-21)
(1.92856 0.242827 2.05271e-22)
(2.247 0.18296 1.78387e-21)
(2.56413 0.121718 -2.57863e-21)
(2.89413 0.0428419 4.91106e-21)
(3.21174 -0.0029237 -6.12891e-21)
(3.56869 -0.140174 1.03053e-21)
(3.85312 -0.363749 5.58107e-21)
(3.94333 -0.548946 -2.29422e-21)
(3.89517 -0.696524 4.81504e-22)
(3.37585 -0.706439 4.44889e-23)
(2.06107 -0.383352 -4.14912e-23)
(1.48605 -0.211592 -4.97123e-25)
(0.92277 -0.0556771 3.51301e-23)
(1.052 -0.0294633 0)
(1.14021 -0.0679866 0)
(1.23253 -0.103525 -6.56604e-22)
(1.22491 -0.107443 8.10609e-22)
(1.1707 -0.134079 -6.23255e-22)
(1.08101 -0.11858 -2.7412e-22)
(0.985064 -0.104281 4.29227e-21)
(0.967847 -0.0629914 -1.30559e-21)
(1.04183 -0.0425495 0)
(1.25043 -0.0452928 7.76529e-22)
(1.57335 -0.0635611 -9.98571e-22)
(1.93853 -0.0933789 1.62332e-22)
(2.29363 -0.0568863 -6.41329e-24)
(2.61875 -0.0975918 -9.31938e-22)
(2.95521 -0.198639 -3.31926e-21)
(3.35675 -0.321354 5.87788e-21)
(3.78602 -0.504699 2.1856e-21)
(4.00085 -0.624195 -1.81041e-21)
(4.05063 -0.680742 0)
(3.90638 -0.734936 -5.59357e-22)
(3.19242 -0.730721 5.66921e-21)
(1.77903 -0.269126 4.54541e-21)
(1.29091 -0.25289 3.05626e-22)
(0.809227 -0.0691162 -3.22012e-27)
(1.1061 -0.0467434 -4.44838e-22)
(1.17556 -0.101354 -5.2816e-22)
(1.25832 -0.13149 1.1101e-21)
(1.25168 -0.135 0)
(1.19677 -0.157531 -5.81035e-22)
(1.10356 -0.171731 1.42381e-21)
(1.00273 -0.224972 -8.45158e-22)
(0.949955 -0.318997 2.32295e-21)
(1.05883 -0.311348 9.07456e-23)
(1.27359 -0.348874 0)
(1.59244 -0.305717 2.15077e-22)
(1.94694 -0.39118 -1.56147e-22)
(2.36371 -0.389599 0)
(2.71576 -0.467817 1.79838e-21)
(3.10432 -0.542565 1.51834e-21)
(3.52679 -0.678797 2.57231e-21)
(3.85957 -0.741937 1.95476e-21)
(4.01464 -0.712657 -2.93694e-23)
(4.05613 -0.70409 6.81548e-21)
(3.89269 -0.710829 0)
(2.97887 -0.677845 -5.6147e-21)
(1.51636 -0.154615 -1.07369e-20)
(1.10459 -0.227005 0)
(0.697209 -0.0658004 2.11584e-22)
(1.17785 -0.06057 -1.02593e-23)
(1.22461 -0.131364 -5.96882e-22)
(1.27696 -0.241273 -1.10895e-21)
(1.26292 -0.286305 2.58599e-22)
(1.20834 -0.359144 1.27978e-21)
(1.15395 -0.416341 -5.36271e-22)
(1.0812 -0.470995 1.11219e-21)
(0.993018 -0.609351 -2.53632e-21)
(1.07592 -0.682908 -1.85838e-21)
(1.298 -0.755269 1.26491e-21)
(1.61821 -0.764824 -1.23353e-21)
(2.02219 -0.813147 4.00385e-22)
(2.41871 -0.79185 6.12013e-22)
(2.78912 -0.842377 -8.18528e-22)
(3.17429 -0.927713 -1.54626e-22)
(3.54868 -0.878694 -1.324e-21)
(3.83852 -0.813977 -2.46727e-21)
(3.98169 -0.723961 -1.89474e-21)
(4.02588 -0.664563 -1.20528e-20)
(3.84452 -0.562071 8.15908e-21)
(2.73476 -0.480222 -1.39594e-20)
(1.29116 0.00669304 6.20136e-21)
(0.965018 -0.12585 2.75793e-21)
(0.61825 -0.041839 0)
(1.26641 -0.0728522 4.82827e-23)
(1.30169 -0.166637 -6.68032e-22)
(1.37727 -0.229586 1.28314e-22)
(1.36947 -0.296206 -6.78184e-22)
(1.31243 -0.416082 -3.8097e-22)
(1.26294 -0.494622 9.61931e-22)
(1.23278 -0.589326 -1.00811e-21)
(1.16885 -0.71366 4.25085e-22)
(1.20091 -0.897619 8.40165e-22)
(1.34352 -1.05083 -5.66847e-22)
(1.64624 -1.11989 3.41941e-22)
(2.03512 -1.14953 1.57176e-22)
(2.38534 -1.10901 1.58561e-22)
(2.77197 -1.1296 -5.34286e-23)
(3.14465 -1.0746 -1.10457e-21)
(3.50435 -0.94215 1.07948e-21)
(3.73231 -0.843676 -4.36485e-22)
(3.84225 -0.730612 -6.20754e-23)
(3.91342 -0.569297 9.40708e-22)
(3.68187 -0.319728 0)
(2.52876 -0.0538416 1.37186e-20)
(1.21551 0.189967 -4.05833e-21)
(0.926995 0.0194165 -7.53395e-21)
(0.606453 -0.00516675 -1.84064e-22)
(1.37457 -0.0864013 1.3658e-23)
(1.39342 -0.18345 0)
(1.42085 -0.342906 -2.00375e-22)
(1.431 -0.420344 -1.42161e-22)
(1.38672 -0.52829 3.06232e-23)
(1.32255 -0.626632 -3.23582e-22)
(1.27245 -0.780212 3.66395e-22)
(1.27591 -0.931083 -4.09482e-22)
(1.33332 -1.10977 4.09989e-22)
(1.47255 -1.18865 0)
(1.72832 -1.3024 1.06292e-22)
(2.02239 -1.32628 -1.78168e-22)
(2.37234 -1.32178 8.56543e-23)
(2.72323 -1.29528 -1.85212e-22)
(3.07159 -1.17723 0)
(3.35653 -1.08129 -9.81239e-23)
(3.56675 -0.939396 -6.97262e-23)
(3.67964 -0.693007 -8.11657e-22)
(3.61778 -0.417622 -1.75343e-21)
(3.28851 -0.028409 2.68194e-21)
(2.22387 0.255705 -2.56723e-21)
(1.23601 0.291654 2.32749e-21)
(0.983709 0.173865 5.09652e-21)
(0.672255 0.0301227 -2.47082e-21)
(1.51857 -0.0982992 0)
(1.5108 -0.232008 1.22276e-22)
(1.50472 -0.378745 -2.02939e-23)
(1.53505 -0.456294 1.8967e-22)
(1.52187 -0.589407 -1.22477e-22)
(1.47161 -0.697099 -6.13334e-23)
(1.41564 -0.870012 -1.28825e-22)
(1.40832 -1.01131 -7.14268e-23)
(1.45824 -1.15709 1.30092e-23)
(1.54799 -1.25136 0)
(1.72974 -1.38321 0)
(2.00108 -1.38018 3.93603e-24)
(2.30665 -1.39171 -3.44612e-22)
(2.6234 -1.33935 0)
(2.93997 -1.25571 1.28818e-22)
(3.19549 -1.13676 9.9545e-23)
(3.34972 -0.956467 1.40322e-22)
(3.4177 -0.608539 1.16145e-22)
(3.25939 -0.365449 -1.72996e-22)
(3.05332 0.0329133 -5.03735e-22)
(2.17459 0.299853 -2.61183e-22)
(1.40223 0.321726 -4.01053e-22)
(1.11283 0.168915 0)
(0.801606 0.0469541 -3.70555e-21)
(1.67428 -0.0866734 1.57495e-22)
(1.6897 -0.272434 0)
(1.65015 -0.436412 -1.00332e-23)
(1.65434 -0.556576 1.24974e-24)
(1.65129 -0.689787 -4.04866e-25)
(1.63137 -0.807951 0)
(1.58946 -0.973385 -2.01645e-24)
(1.57054 -1.08097 -1.88107e-24)
(1.5774 -1.22588 5.40886e-24)
(1.66789 -1.3228 -2.21822e-24)
(1.79632 -1.3962 0)
(2.00129 -1.43221 0)
(2.24737 -1.43766 0)
(2.51407 -1.37917 3.43671e-24)
(2.79239 -1.25365 -3.2572e-24)
(2.99505 -1.09616 3.83228e-24)
(3.08597 -0.837323 3.13343e-24)
(3.06331 -0.542527 0)
(2.90601 -0.259905 0)
(2.66082 0.0797453 -2.18443e-23)
(2.04631 0.271163 -5.19163e-23)
(1.48642 0.254225 0)
(1.31438 0.136333 -1.09119e-22)
(0.935825 0.0327566 0)
(1.14831 -0.0253574 6.59997e-24)
(0.492243 0.0145539 -6.05204e-24)
(0.488288 0.00221634 0)
(1.14006 -0.0164647 0)
(0.502136 -0.0095819 9.80875e-24)
(0.533382 -0.0188936 -1.91016e-23)
(1.13546 0.0153264 9.13223e-24)
(0.573911 -0.0245358 -1.12642e-24)
(0.619244 -0.0269363 -2.5563e-24)
(1.16408 0.0381793 1.02191e-23)
(0.664582 -0.0266238 6.85308e-24)
(0.706563 -0.0246493 -2.49553e-24)
(1.23871 0.0537284 -6.32719e-24)
(0.742769 -0.0214187 0)
(0.772584 -0.0180099 -6.51608e-24)
(1.32971 0.0511635 2.26468e-23)
(0.795488 -0.0146367 8.77288e-24)
(0.81222 -0.0119962 -4.46943e-24)
(1.41684 0.0429913 0)
(0.823563 -0.00996207 3.85226e-24)
(0.831129 -0.00879222 -3.45888e-24)
(1.49467 0.0280838 0)
(0.836491 -0.00877661 -1.99444e-24)
(0.840475 -0.0075142 1.99448e-24)
(1.549 0.00469131 6.10939e-23)
(0.842176 -0.00461154 -1.72012e-24)
(0.841947 -0.00175215 1.48651e-24)
(1.54471 -0.0100776 -6.46654e-23)
(0.839518 0.000724994 7.41423e-26)
(0.834944 0.00275728 -4.08242e-25)
(1.4259 -0.0279895 7.48954e-24)
(0.828722 0.00390529 0)
(0.82168 0.00392254 -1.11327e-23)
(1.25815 -0.0341144 1.00433e-22)
(0.816036 0.00301702 1.18053e-23)
(0.812279 0.00148141 0)
(1.10032 -0.0336234 0)
(0.811793 -0.000438987 -9.89641e-25)
(0.814754 -0.00315483 -5.07965e-28)
(0.977293 -0.0443539 3.31154e-23)
(0.820622 -0.00521326 -3.76257e-23)
(0.835454 -0.00962998 3.5427e-23)
(0.865892 -0.0644348 1.98213e-27)
(0.847683 -0.0112827 -6.78562e-23)
(0.873795 -0.0160392 6.7845e-23)
(0.75075 -0.0718826 -2.11571e-22)
(0.899421 -0.0178332 -1.13075e-22)
(0.929278 -0.0207635 2.1055e-22)
(0.65101 -0.0585163 3.91575e-23)
(0.967128 -0.023171 7.24193e-23)
(1.00042 -0.0267398 -2.78712e-22)
(0.603644 -0.0262955 0)
(1.05127 -0.02707 4.49619e-22)
(1.08785 -0.031518 -1.46866e-22)
(0.623302 0.0117587 2.56127e-21)
(1.15153 -0.0301973 -1.94825e-22)
(1.1917 -0.0306758 8.64883e-26)
(0.714079 0.0373067 3.22116e-21)
(1.2641 -0.0344992 1.11393e-22)
(1.29247 -0.026921 -5.76734e-22)
(0.837218 0.0383338 -8.26359e-21)
(1.38123 -0.0307665 2.61466e-22)
(1.71697 -0.161392 6.44978e-23)
(1.66883 -0.33334 9.92192e-24)
(1.65782 -0.468809 0)
(1.66115 -0.586824 -1.55305e-24)
(1.65263 -0.716828 0)
(1.61651 -0.856703 2.81557e-24)
(1.59927 -1.00414 0)
(1.5698 -1.11763 0)
(1.63123 -1.23242 -3.67975e-24)
(1.71995 -1.33617 1.63115e-25)
(1.86125 -1.41033 0)
(2.07412 -1.4349 -1.5699e-24)
(2.3544 -1.39776 0)
(2.61106 -1.33471 -3.32319e-24)
(2.87112 -1.22435 2.52704e-24)
(3.02642 -1.04777 -6.9781e-24)
(3.05547 -0.844523 6.37613e-24)
(3.00876 -0.498192 5.48643e-25)
(2.87436 -0.223453 2.04187e-23)
(2.59643 0.0998937 2.58902e-23)
(1.90495 0.258611 -3.26975e-23)
(1.36702 0.230427 -1.69572e-23)
(1.21223 0.0960579 1.15952e-22)
(1.49849 0.220101 8.76018e-24)
(1.38467 0.265792 -1.96935e-23)
(1.29486 0.147522 1.68606e-23)
(1.79235 0.512869 0)
(1.61191 0.465732 0)
(1.512 0.356832 -2.82935e-23)
(1.27096 0.287331 0)
(1.15669 0.287594 2.07426e-24)
(1.09538 0.163641 -1.46783e-25)
(1.48316 0.622908 0)
(1.27956 0.55734 -6.85145e-24)
(1.23484 0.373572 1.98655e-24)
(1.04182 0.264493 -7.79046e-24)
(0.933889 0.232763 1.94583e-23)
(0.902532 0.135547 8.27892e-24)
(1.17175 0.59271 8.26525e-24)
(0.984089 0.485312 -2.29247e-23)
(0.947615 0.326668 5.74024e-23)
(0.841796 0.179466 -1.9917e-23)
(0.776375 0.122095 1.11361e-23)
(0.770312 0.0703776 -2.13896e-23)
(0.906643 0.396301 -3.67885e-23)
(0.790197 0.294705 2.3683e-22)
(0.742342 0.169518 -5.61821e-23)
(1.25778 0.0337664 0)
(1.29783 0.0319051 0)
(1.28895 0.0347871 0)
(0.742475 0.0465258 -2.25046e-23)
(0.738466 -0.00857261 -5.58997e-23)
(0.737386 0.000544945 -1.00197e-23)
(0.745926 0.0855189 -1.09867e-22)
(0.732189 0.0190741 -1.21258e-22)
(0.689283 -0.0180384 1.23792e-22)
(1.34087 0.0225116 -1.24145e-23)
(1.4012 0.0112572 1.36331e-23)
(1.34441 0.0625664 -4.48207e-23)
(0.761248 -0.0775129 1.24069e-22)
(0.820567 -0.129543 -8.31702e-23)
(0.806595 -0.0635383 0)
(0.750823 -0.217227 -1.14255e-22)
(0.802548 -0.232069 1.13987e-22)
(0.786363 -0.191543 1.32314e-22)
(1.44572 0.00397565 1.12734e-23)
(1.49948 0.00426672 0)
(1.45931 0.101175 9.56569e-23)
(0.897665 -0.161635 -9.33414e-24)
(0.988524 -0.175649 -5.3613e-23)
(0.944948 -0.0857446 3.45932e-24)
(0.885658 -0.409046 -3.49784e-22)
(0.987941 -0.359433 -8.25064e-23)
(0.977883 -0.266496 -7.21022e-23)
(1.54811 0.00661129 -1.36098e-23)
(1.60234 0.0244073 -2.13431e-23)
(1.60156 0.125933 1.38834e-22)
(1.07896 -0.171682 4.75474e-23)
(1.16433 -0.159233 3.23277e-23)
(1.09397 -0.0746164 -1.83841e-23)
(1.0942 -0.394718 1.00961e-22)
(1.18625 -0.324289 6.33557e-23)
(1.17591 -0.236541 6.42386e-23)
(1.64135 0.0380638 1.97305e-23)
(1.68771 0.048236 5.75801e-24)
(1.7244 0.150622 -8.85552e-23)
(1.23829 -0.136281 -8.33355e-24)
(1.29934 -0.113152 -6.08029e-23)
(1.2135 -0.0499028 -1.25625e-24)
(1.26175 -0.283894 -2.19106e-23)
(1.31858 -0.214589 -1.01812e-23)
(1.31926 -0.162464 -3.80314e-24)
(1.73374 0.0537296 6.21095e-24)
(1.7947 0.0545145 -1.98345e-23)
(1.84044 0.171213 2.65338e-23)
(1.34645 -0.0847482 3.36095e-23)
(1.38135 -0.057585 -1.646e-23)
(1.28726 -0.0247448 6.95534e-25)
(1.35553 -0.154724 -3.99509e-23)
(1.3764 -0.0980857 0)
(1.39522 -0.085187 0)
(1.85555 0.0590567 -2.80364e-23)
(1.92252 0.0563776 -9.08363e-23)
(1.99307 0.156621 -1.44849e-22)
(1.40398 -0.0289652 1.57472e-23)
(1.41361 -0.00554738 7.09374e-24)
(1.30703 -0.00885202 -3.47817e-25)
(1.38392 -0.0443879 0)
(1.38377 -0.0206137 -1.07325e-23)
(1.41877 -0.0164272 1.95116e-25)
(1.97343 0.0592784 1.20362e-22)
(2.00474 0.0524928 2.43949e-22)
(2.20681 0.0689692 2.50521e-22)
(1.41274 0.0122838 -1.11858e-23)
(1.39786 0.0354997 4.85216e-24)
(1.28386 0.000741518 -4.56781e-24)
(1.37119 0.0587226 8.38588e-24)
(1.34075 0.0852251 -4.02462e-24)
(1.38669 0.0549986 -3.35941e-24)
(2.00556 0.0532505 -2.67755e-22)
(1.98782 0.0352246 7.59171e-24)
(2.39391 -0.068484 0)
(1.36013 0.0614797 -7.84199e-24)
(1.31802 0.069582 7.86866e-24)
(1.21564 0.00707264 1.99823e-25)
(1.31863 0.143902 0)
(1.29094 0.129871 1.4036e-24)
(1.31046 0.0983934 -6.48964e-24)
(1.92423 0.00291871 2.45687e-22)
(1.88067 -0.0475162 -2.49436e-22)
(2.42055 -0.109474 2.25996e-22)
(1.27305 0.0681158 -1.91263e-23)
(1.22933 0.0651142 2.19853e-23)
(1.1444 0.0132604 1.0331e-23)
(1.27221 0.146576 -2.87577e-23)
(1.24847 0.125694 -2.07248e-23)
(1.23668 0.102151 1.53612e-23)
(1.81762 -0.0790179 -1.0827e-23)
(1.78011 -0.124037 -6.82957e-24)
(2.24392 -0.117679 -4.43156e-22)
(1.18768 0.0613957 3.50632e-23)
(1.15018 0.0538717 -3.55487e-23)
(1.08433 0.0144421 -6.13023e-25)
(1.23011 0.132561 5.63735e-23)
(1.2105 0.101178 1.94692e-22)
(1.16638 0.0847093 0)
(1.71929 -0.141212 -3.75847e-22)
(1.65664 -0.164178 3.63359e-22)
(1.99577 -0.141244 0)
(1.11898 0.0420851 -1.4844e-24)
(1.0954 0.0298635 -1.2017e-22)
(1.04311 0.00663568 5.37255e-23)
(1.19995 0.0838124 -3.11026e-22)
(1.19237 0.0485121 1.15797e-22)
(1.12668 0.0446744 0)
(1.57965 -0.153027 -2.4548e-22)
(1.51045 -0.144394 2.18614e-22)
(1.76111 -0.11337 1.4531e-22)
(1.08053 0.0138886 1.12994e-22)
(1.07415 -0.00140385 0)
(1.02861 -0.00675806 0)
(1.1898 0.0287788 0)
(1.18746 0.0013076 -2.91745e-22)
(1.11473 -0.00168482 5.37155e-22)
(1.44419 -0.118655 1.27792e-22)
(1.37723 -0.106042 2.12484e-23)
(1.55416 -0.116614 1.28728e-22)
(1.07365 -0.0117976 -1.70978e-23)
(1.0787 -0.0298379 -2.27313e-22)
(1.03575 -0.0220144 0)
(1.19028 -0.0193544 1.71526e-23)
(1.19558 -0.0538417 1.44696e-22)
(1.12511 -0.0454858 2.49612e-22)
(1.30799 -0.0892912 -1.26519e-22)
(1.22419 -0.0831812 -1.07995e-23)
(1.36075 -0.190411 -3.27319e-22)
(1.0959 -0.048848 2.67904e-22)
(1.11393 -0.065982 -5.04801e-23)
(1.074 -0.0413073 2.18662e-22)
(1.2056 -0.0808252 4.89449e-24)
(1.21145 -0.100494 -5.09935e-22)
(1.15291 -0.0895856 5.22438e-22)
(1.14401 -0.072362 -2.6933e-22)
(1.05536 -0.0668274 -5.4532e-22)
(1.17128 -0.235452 0)
(1.14393 -0.0749485 0)
(1.16768 -0.085108 -4.09848e-22)
(1.13252 -0.0543024 2.35896e-22)
(1.2299 -0.122971 5.83143e-22)
(1.23945 -0.13147 9.15995e-22)
(1.19358 -0.115677 0)
(0.979493 -0.0561774 8.14784e-22)
(0.908002 -0.0414545 1.17829e-22)
(1.01167 -0.206817 -2.90072e-21)
(1.20875 -0.0945399 2.92266e-22)
(1.23475 -0.109328 -3.9764e-22)
(1.20622 -0.0715254 0)
(1.26361 -0.155259 -9.23429e-22)
(1.28217 -0.184808 6.33401e-22)
(1.24848 -0.153665 1.14703e-21)
(0.860285 -0.0152098 0)
(0.82528 0.00909554 2.81773e-21)
(0.929802 -0.103732 7.81438e-21)
(1.29274 -0.115161 4.19658e-22)
(1.32631 -0.132636 0)
(1.30196 -0.0871712 0)
(1.3309 -0.205907 -5.08839e-22)
(1.35573 -0.223681 -3.2232e-22)
(1.33102 -0.179687 -1.89403e-22)
(0.822948 0.0389947 3.44399e-21)
(0.840534 0.0630051 -1.15058e-20)
(0.940391 0.0164593 -3.69243e-21)
(1.39647 -0.13672 0)
(1.43658 -0.161134 -3.89861e-23)
(1.4207 -0.0925012 -4.99577e-24)
(1.4081 -0.229513 0)
(1.43204 -0.27575 1.22657e-23)
(1.42953 -0.213456 2.21662e-23)
(0.900229 0.0944517 4.86452e-21)
(0.953043 0.104866 6.6085e-22)
(1.04612 0.135068 -3.69272e-21)
(1.52502 -0.165357 -9.96023e-23)
(1.57854 -0.172689 0)
(1.55502 -0.0939618 0)
(1.50121 -0.290552 -1.24972e-23)
(1.54614 -0.315853 0)
(1.55711 -0.272571 0)
(1.52502 -0.374238 -1.22308e-23)
(1.55961 -0.42572 2.37874e-24)
(1.53629 -0.432421 -2.36661e-24)
(1.53949 -0.485064 -3.75998e-23)
(1.56621 -0.536842 -5.82141e-24)
(1.56139 -0.51417 0)
(1.51311 -0.613935 6.03412e-23)
(1.55143 -0.662163 0)
(1.55168 -0.643869 1.75996e-23)
(1.46324 -0.729613 4.28263e-23)
(1.49894 -0.800551 -2.68848e-23)
(1.51073 -0.75896 0)
(1.44565 -0.88556 5.57754e-25)
(1.49428 -0.951211 -3.14169e-24)
(1.46263 -0.92912 2.6225e-23)
(1.44766 -1.02079 6.30891e-23)
(1.47538 -1.06777 -2.63272e-23)
(1.45666 -1.04198 2.81694e-23)
(1.51775 -1.14152 -7.64414e-23)
(1.54427 -1.19675 -2.21231e-23)
(1.48568 -1.20292 2.04681e-23)
(1.6035 -1.30212 1.06249e-23)
(1.64419 -1.34974 -1.07272e-23)
(1.57894 -1.31981 2.10835e-24)
(1.81418 -1.3737 0)
(1.83023 -1.42199 0)
(1.74961 -1.42054 0)
(2.05921 -1.4247 3.03403e-22)
(2.07187 -1.44525 2.71814e-23)
(2.00083 -1.42198 0)
(2.38999 -1.38331 0)
(2.38109 -1.40692 -2.90152e-23)
(2.27382 -1.44049 9.8782e-24)
(2.70677 -1.31233 -4.3124e-22)
(2.67244 -1.3532 1.98001e-23)
(2.57096 -1.40007 3.91655e-23)
(3.02836 -1.20672 -9.04736e-23)
(2.97307 -1.27229 -2.76668e-23)
(2.8862 -1.30051 -3.02294e-23)
(3.26629 -1.09262 3.07524e-22)
(3.19315 -1.10605 -9.10541e-23)
(3.13651 -1.15573 6.30297e-23)
(3.39384 -0.91371 2.77879e-22)
(3.29963 -0.919856 -6.13151e-24)
(3.27261 -0.940954 -5.44627e-24)
(3.37994 -0.619219 2.74133e-23)
(3.26427 -0.579137 -2.77003e-23)
(3.32032 -0.603895 0)
(3.24867 -0.328682 1.30629e-21)
(3.14185 -0.266941 1.08197e-22)
(3.14704 -0.31169 0)
(2.92974 0.0489205 0)
(2.82406 0.125645 -1.39034e-22)
(2.93046 0.106496 2.21289e-23)
(2.03167 0.281198 -1.13265e-21)
(1.98011 0.338791 -5.63921e-22)
(2.1383 0.325106 0)
(1.24708 0.294807 -8.14878e-21)
(1.27891 0.339331 -3.72345e-22)
(1.46941 0.327713 0)
(1.0546 0.108644 5.42565e-21)
(1.09186 0.128635 5.1868e-21)
(1.18426 0.196298 1.48272e-21)
(0.451109 -0.00206135 0)
(0.137257 -0.000765466 0)
(0.435021 -0.00249997 0)
(0.122416 -0.000898386 0)
(0.421073 -0.00168628 0)
(0.106973 -0.00091005 0)
(0.41684 0.000454779 0)
(0.0983635 -0.00158512 0)
(0.442762 -0.00232911 0)
(0.130157 -0.00083828 0)
(0.427362 -0.00251483 0)
(0.11433 -0.000885451 0)
(0.4184 -0.000856551 0)
(0.102064 -0.00104721 0)
(0.416626 0.00190486 0)
(0.0966206 -0.00270572 0)
(0.415028 0.00387959 0)
(0.0953806 -0.00372535 0)
(0.412685 0.00522106 0)
(0.0955225 -0.0048164 0)
(0.430587 0.00453487 0)
(0.105362 0.000828262 0)
(0.471079 0.00325076 0)
(0.127696 0.0014465 0)
(0.533416 0.00604617 0)
(0.16248 0.00257424 0)
(0.620762 0.00788325 0)
(0.218401 0.00312832 0)
(0.707807 0.00816264 0)
(0.278838 0.00336776 0)
(0.784056 0.00770201 0)
(0.339653 0.0036284 0)
(0.834524 0.00574919 0)
(0.392927 0.0035888 0)
(0.845393 0.00204503 0)
(0.430327 0.00302997 0)
(0.805587 -0.00200306 0)
(0.443084 0.00254088 0)
(0.720754 -0.0102836 0)
(0.422236 -0.000340789 0)
(0.603446 -0.0132535 0)
(0.362253 -0.0023601 0)
(0.491294 -0.0113974 0)
(0.294136 -0.00348906 0)
(0.387437 -0.0104345 0)
(0.224121 -0.00473761 0)
(0.278938 -0.0111446 1.44449e-26)
(0.139515 -0.00643203 -1.43728e-26)
(0.1734 -0.0107027 0)
(0.0427095 -0.00709992 0)
(0.102051 -0.00539288 0)
(-0.0417033 -0.00579667 0)
(0.0929637 0.00137941 1.59373e-24)
(-0.0796333 -0.00266879 1.57557e-24)
(0.151419 0.00835825 -1.48736e-22)
(-0.0650922 0.000860048 3.70084e-24)
(0.261087 0.012088 -3.54726e-22)
(-0.00686516 0.0020896 0)
(0.395899 0.0140069 8.66004e-24)
(0.0741592 0.00143985 0)
(0.41363 0.0053725 0)
(0.0958126 -0.00458197 0)
(0.417496 0.0050949 0)
(0.0978127 -0.00224214 0)
(0.450458 0.00387915 0)
(0.116714 0.00111095 0)
(0.498719 0.00419404 0)
(0.142264 0.0019801 0)
(0.576033 0.00765501 0)
(0.189123 0.00303406 0)
(0.665491 0.0080252 0)
(0.248556 0.00324287 0)
(0.74823 0.00825638 0)
(0.309574 0.00358983 0)
(0.813711 0.00690173 0)
(0.367741 0.00376976 0)
(0.845146 0.00457386 0)
(0.414011 0.00358264 0)
(0.831579 -0.000896627 0)
(0.439381 0.0028025 0)
(0.769463 -0.00609997 0)
(0.439388 0.00144109 0)
(0.663259 -0.0127288 0)
(0.394869 -0.00131147 0)
(0.545493 -0.0125032 0)
(0.327995 -0.00289022 0)
(0.4391 -0.0104515 -1.79389e-27)
(0.260052 -0.0040042 1.77966e-27)
(0.333655 -0.0106239 -8.89312e-27)
(0.183857 -0.00562175 0)
(0.2241 -0.0111768 0)
(0.0916099 -0.00705467 0)
(0.130721 -0.00885502 0)
(-0.00383959 -0.00697886 0)
(0.087992 -0.00162793 -1.59975e-24)
(-0.0676293 -0.00485552 -1.58106e-24)
(0.111645 0.00381264 -1.95244e-22)
(-0.080119 -0.000621873 9.91802e-23)
(0.191053 0.0105315 -9.70579e-24)
(-0.0428451 0.00164811 -2.62056e-22)
(0.309899 0.0154145 -8.31677e-24)
(0.0261154 0.00212679 0)
(0.576764 0.0126558 0)
(0.382377 0.00274088 -7.51887e-34)
(0.420622 0.019025 0)
(0.2887 0.00537138 0)
(0.251881 0.0212775 0)
(0.16114 0.00666974 0)
(0.111915 0.0172096 0)
(0.0353661 0.0059702 0)
(0.502213 0.0160195 0)
(0.341245 0.00415068 0)
(0.335279 0.0209153 0)
(0.227199 0.00625727 0)
(0.175682 0.0200063 0)
(0.095461 0.00660415 0)
(0.064508 0.0133161 0)
(-0.0151746 0.00485677 0)
(0.03516 0.00859444 0)
(-0.0521341 0.00336839 0)
(0.0298712 -0.000205776 0)
(-0.0835578 0.000700951 0)
(0.080992 -0.00675009 0)
(-0.0630308 -0.00168027 0)
(0.152527 -0.00828406 0)
(-0.0161824 -0.00245533 0)
(0.217384 -0.00681696 0)
(0.031877 -0.00225944 0)
(0.263351 -0.00442494 0)
(0.0688422 -0.00171331 0)
(0.290502 -0.00222025 0)
(0.0924458 -0.00127348 0)
(0.304884 -0.0008817 0)
(0.106571 -0.00125485 0)
(0.310112 0.000568007 0)
(0.114022 -0.000938022 0)
(0.304123 0.00144601 0)
(0.111979 6.54902e-05 0)
(0.291977 0.00195823 0)
(0.102686 0.000647575 0)
(0.280514 0.00175588 0)
(0.0900922 0.000850662 0)
(0.27741 0.000767362 0)
(0.0794266 0.000809042 0)
(0.285261 0.000134203 -9.64206e-27)
(0.0736429 0.000684022 -9.55657e-27)
(0.30733 -0.00180361 -9.53254e-27)
(0.0751635 0.000156944 8.80328e-30)
(0.346994 -0.00356441 0)
(0.088035 -0.000381697 0)
(0.400629 -0.00506334 1.18147e-29)
(0.110554 -0.000800623 -1.17033e-29)
(0.467379 -0.00642713 0)
(0.143808 -0.00119358 4.79832e-25)
(0.546377 -0.00778471 -3.66301e-24)
(0.18792 -0.00161954 3.62921e-24)
(0.635084 -0.0109231 -1.3117e-23)
(0.242712 -0.00211958 -4.58655e-25)
(0.72433 -0.00960413 9.20332e-25)
(0.297562 -0.00273885 -2.1521e-22)
(0.0241303 0.00430352 0)
(-0.0749068 0.00213204 0)
(0.0503921 -0.00412525 0)
(-0.078304 -0.000733672 0)
(0.11624 -0.00804786 0)
(-0.0410048 -0.00223617 0)
(0.186953 -0.00780321 0)
(0.0088007 -0.0024438 0)
(0.242963 -0.00566018 0)
(0.0520868 -0.00200175 0)
(0.279065 -0.00324686 0)
(0.0822188 -0.00145455 0)
(0.298821 -0.00142145 0)
(0.100295 -0.00120763 0)
(0.308913 -0.000174599 0)
(0.111429 -0.0011742 0)
(0.30856 0.00107307 0)
(0.114176 -0.000366849 0)
(0.298598 0.00176417 0)
(0.108123 0.000418201 0)
(0.285505 0.00198743 0)
(0.0964575 0.000800802 0)
(0.277008 0.00134034 0)
(0.0839546 0.000862445 0)
(0.280578 0.000108629 2.31677e-27)
(0.0761178 0.000605436 1.15131e-27)
(0.297272 -0.00092894 0)
(0.0735173 0.000398402 0)
(0.328454 -0.00271338 1.80184e-26)
(0.0810015 -8.87844e-05 0)
(0.373004 -0.00418768 -7.05656e-30)
(0.098414 -0.000486493 0)
(0.430858 -0.00610124 7.37998e-29)
(0.125434 -0.0010875 -1.29197e-25)
(0.499888 -0.00760775 1.30173e-23)
(0.162226 -0.00164147 -4.62487e-24)
(0.575148 -0.00774547 -6.08293e-25)
(0.207107 -0.00204952 0)
(0.666479 -0.00711073 3.23777e-23)
(0.265185 -0.00140163 -3.34199e-23)
)
;

boundaryField
{
    inlet
    {
        type            fixedValue;
        value           nonuniform List<vector> 0();
    }
    outlet
    {
        type            zeroGradient;
    }
    wall
    {
        type            noSlip;
    }
    empty_zmin
    {
        type            empty;
    }
    empty_zmax
    {
        type            empty;
    }
    procBoundary1to0
    {
        type            processor;
        value           nonuniform List<vector> 
35
(
(2.82004 -0.202484 2.4035e-21)
(2.83456 -0.0490174 6.92325e-22)
(2.96808 0.0170892 -9.67408e-22)
(3.0455 -0.0268572 -2.06645e-22)
(3.11239 -0.0122403 -7.17179e-22)
(3.11239 -0.0122403 -7.17179e-22)
(3.12885 -0.0322455 -3.91115e-22)
(2.53717 -0.0401946 -3.797e-23)
(3.08529 -0.0258859 0)
(3.08826 1.33195 -2.76967e-20)
(2.24713 0.870416 -1.69005e-20)
(1.51198 0.533674 -2.18925e-21)
(0.962604 0.296902 0)
(0.389673 0.252077 4.90626e-22)
(-0.336632 -0.0608574 5.8985e-21)
(-0.72061 -0.307298 -1.32523e-20)
(-0.820815 -0.298013 1.36819e-20)
(-0.314377 -0.501976 -6.44569e-21)
(0.553025 -0.465378 1.94143e-21)
(2.53831 -0.198685 -3.24972e-21)
(0.193267 -0.00356519 0)
(-0.132137 -0.00134462 0)
(2.6137 0.249614 2.84202e-21)
(3.42106 0.505943 2.98545e-21)
(3.4639 0.655768 0)
(3.4639 0.655768 0)
(3.53097 0.838604 0)
(3.67045 1.04895 -4.38114e-21)
(3.53709 1.20107 -2.35043e-20)
(1.05633 0.0286993 0)
(3.24881 0.356616 -5.08099e-21)
(3.48732 0.469972 0)
(-0.632111 -0.0190916 0)
(-0.467862 0.00225394 0)
(-0.467862 0.00225394 0)
)
;
    }
}


// ************************************************************************* //
