/*--------------------------------*- C++ -*----------------------------------*\
| =========                 |                                                 |
| \\      /  F ield         | OpenFOAM: The Open Source CFD Toolbox           |
|  \\    /   O peration     | Version:  2406                                  |
|   \\  /    A nd           | Website:  www.openfoam.com                      |
|    \\/     M anipulation  |                                                 |
\*---------------------------------------------------------------------------*/
FoamFile
{
    version     2.0;
    format      ascii;
    arch        "LSB;label=32;scalar=64";
    class       volScalarField;
    location    "3.81";
    object      p;
}
// * * * * * * * * * * * * * * * * * * * * * * * * * * * * * * * * * * * * * //

dimensions      [0 2 -2 0 0 0 0];

internalField   nonuniform List<scalar> 
2285
(
-0.506542
-0.375498
-0.522217
-0.424639
-0.252519
-0.229584
-0.293474
-0.235345
-0.193308
-0.164228
-0.14336
-0.127587
-0.1109
-0.104083
-0.119258
-0.106754
-0.122326
-0.126814
-0.345129
-0.283056
-0.237024
-0.20317
-0.176674
-0.157578
-0.142049
-0.132934
-0.266662
-0.229036
-0.202049
-0.183244
-0.167655
-0.157601
-0.280967
-0.245667
-0.21931
-0.198263
-0.183813
-0.177015
-0.289198
-0.258556
-0.23297
-0.214779
-0.201855
-0.191342
-0.283671
-0.254297
-0.23022
-0.214636
-0.206953
-0.200282
-0.269127
-0.242837
-0.224329
-0.2118
-0.204963
-0.20074
-0.230958
-0.215104
-0.2032
-0.200628
-0.197372
-0.213682
-0.20063
-0.192202
-0.191061
-0.188906
-0.176801
-0.178457
-0.177233
-0.157797
-0.161882
-0.162209
-0.136868
-0.143051
-0.144798
-0.146126
-0.168361
-0.184212
-0.196685
-0.201819
-0.199443
-0.193369
-0.183763
-0.169972
-0.153691
-0.135667
-0.136609
-0.149111
-0.155457
-0.160975
-0.17049
-0.175642
-0.179963
-0.188594
-0.194646
-0.194542
-0.200002
-0.206005
-0.202407
-0.203368
-0.206795
-0.201301
-0.200339
-0.203178
-0.198641
-0.194505
-0.196467
-0.189035
-0.183873
-0.185359
-0.177134
-0.169855
-0.170633
-0.161583
-0.152927
-0.152528
-0.143815
-0.134578
-0.133255
-0.103432
-0.103491
-0.118682
-0.11871
-0.132423
-0.13247
-0.157009
-0.15708
-0.176315
-0.17642
-0.190586
-0.190718
-0.200079
-0.200142
-0.200753
-0.20086
-0.197294
-0.197351
-0.189118
-0.189181
-0.177534
-0.177579
-0.162603
-0.162618
-0.145298
-0.145297
-0.145445
-0.145486
-0.16757
-0.167653
-0.18374
-0.18387
-0.196097
-0.196221
-0.201724
-0.201763
-0.199439
-0.199529
-0.193472
-0.193559
-0.184006
-0.184043
-0.170361
-0.170394
-0.154148
-0.154159
-0.136195
-0.13617
-0.0188891
-0.0453398
-0.0915464
-0.0925478
-0.0763206
-0.00771509
-0.0409999
-0.06617
-0.0838503
-0.104678
-0.0944802
-0.0671475
-0.0238138
0.00818928
0.0452516
0.0705068
0.0585178
0.0742609
0.0695107
0.0598028
0.0508683
0.0440563
0.00674494
-0.0160187
-0.0616909
-0.0762257
-0.0688261
-0.0658872
-0.137936
-0.104136
0.00338253
0.0261752
0.0626776
0.0783395
0.0884992
0.062801
0.0559377
0.0487731
0.0431634
0.0655317
0.0677272
0.0762658
0.0743533
0.0732669
0.0845778
0.0767144
0.0730335
0.074676
0.087306
0.0948086
0.112695
0.112177
0.0674103
0.0641037
0.0584722
0.061859
0.0638558
0.0576214
0.0322497
0.0123875
0.0483017
0.0474919
0.0396228
0.0370403
0.0271252
-0.000559608
0.00025339
-0.0021921
0.0254495
0.0290913
0.0177846
0.0216878
0.00821591
-0.0281922
-0.0467303
-0.0547883
0.012276
0.0160062
0.00825778
-0.00485509
0.0661073
0.0713428
0.0758942
0.0794887
0.0810717
0.0788539
0.0724461
0.0628385
0.0514436
0.0398461
0.0283449
0.0180643
0.0111207
0.00786
0.065656
0.0696906
0.0702821
0.0706083
0.0747586
0.0709922
0.0732495
0.0750835
0.0769401
0.078168
0.0772002
0.0744404
0.0747769
0.0718323
0.0736144
0.0743892
0.0687759
0.069652
0.0662657
0.0582668
0.0585745
0.0638737
0.0536433
0.0562603
0.0487799
0.0392026
0.0370993
0.0446295
0.034767
0.0380678
0.0306436
0.0236927
0.0165943
0.0255033
0.0216711
0.0221764
0.0179086
0.0142517
0.0107087
0.0177302
0.0158299
0.0139121
0.0656202
0.0656525
0.0752925
0.075354
0.0791306
0.0792952
0.0702713
0.0704506
0.0503626
0.0504304
0.0280656
0.0280731
0.0120352
0.0120693
0.0707629
0.0708542
0.0785087
0.0785625
0.0762143
0.0765317
0.0612605
0.0613444
0.0390596
0.039081
0.0183931
0.0184549
0.00927419
0.00926211
0.0109405
0.0146799
0.00912733
0.039241
0.0366888
0.0367784
0.0372378
0.0181919
0.0192099
0.0161327
0.0388324
0.0360962
0.0362267
0.038289
0.0294944
0.0275796
0.0254399
0.0199398
0.00866941
-0.0168129
-0.0626541
-0.0848333
-0.0657822
-0.122015
-0.139551
-0.0418709
0.0137203
0.0669288
0.0735362
0.059194
0.0526101
0.0483202
0.0417667
0.0377442
0.0346841
0.0325166
0.0340457
0.0345447
0.0411648
0.0378372
0.0365201
0.0307889
0.0229673
0.0156795
-0.0144845
-0.0701897
-0.078576
-0.0792474
-0.0910353
-0.0654094
-0.0233441
0.023129
0.0392208
0.0317119
0.0386306
0.0352463
0.032952
0.0311599
0.0296301
0.0281376
0.0296391
0.0290496
0.049876
0.0467022
0.0452454
0.0417799
0.0373645
0.0289966
0.0174774
-0.0195407
-0.0625092
-0.0624007
-0.0519505
-0.0404181
-0.0269063
-0.00670703
0.00751363
0.00739373
0.020888
0.0248773
0.0266578
0.0265627
0.025801
0.0242865
0.0249884
0.0236016
0.0554902
0.0539085
0.053716
0.0524876
0.0489384
0.0440775
0.0370313
0.0184492
-0.014228
-0.0365163
-0.0519325
-0.0442284
-0.0325752
-0.0271989
-0.0207159
0.00405835
0.0131075
0.017816
0.0205285
0.0214701
0.0212233
0.0205196
0.0215287
0.019761
0.0607502
0.0595317
0.0623672
0.0610749
0.0585811
0.056915
0.0504757
0.0363169
0.0145865
0.00715085
-0.0262009
-0.0623903
-0.0598517
-0.0548123
-0.0410819
-0.00945309
-0.00192543
0.00438856
0.0101762
0.0157523
0.0190382
0.0193518
0.0193987
0.0177672
0.0643888
0.0619444
0.0636105
0.0632244
0.0634837
0.0626193
0.0530496
0.0353892
0.0173165
0.00662572
-0.0165443
-0.0585014
-0.0681235
-0.0688544
-0.0424064
-0.0335792
-0.0178958
0.000523883
0.0101046
0.0164802
0.0191177
0.0194531
0.0198199
0.0182575
0.0578208
0.0641998
0.071471
0.061631
0.0579139
0.0618919
0.048022
0.029991
0.00529297
-0.0244482
-0.0325189
-0.0568402
-0.0574682
-0.0534479
-0.0533279
-0.0333454
-0.00303943
0.0087548
0.0145675
0.0180801
0.0191504
0.0203564
0.0211054
0.0205485
0.0481707
0.0578225
0.0707287
0.0727522
0.0712349
0.0607035
0.0419899
0.0288396
0.000566705
-0.0852204
-0.0518863
-0.0403658
-0.0444735
-0.0522255
-0.0373496
-0.00155954
0.00780258
0.0138013
0.0176574
0.0184335
0.0209369
0.0227873
0.0225535
0.0227236
0.045478
0.0542149
0.0618582
0.0577963
0.0676045
0.0722121
0.0321513
0.00442951
-0.015343
-0.0473336
-0.0381658
-0.0165338
-0.0368504
-0.0315427
-0.00115837
0.00819085
0.0130833
0.0182884
0.0210204
0.0216339
0.0244663
0.0248009
0.023747
0.0244681
0.0473324
0.0504718
0.049155
0.0575211
0.0525028
0.0341843
0.0131242
-0.00575884
-0.0227301
-0.00286646
-0.000173469
-0.0237653
-0.0242391
0.000391879
0.0139716
0.0171326
0.0212072
0.0245434
0.025707
0.0263108
0.0267366
0.0261168
0.0253907
0.0264842
0.0468568
0.045107
0.0364862
0.0360659
0.0294871
0.0117128
0.00735236
0.00561463
-0.00910379
-0.0146792
-0.0200998
-0.0276038
0.00264153
0.0205639
0.0220233
0.027393
0.0302052
0.0307799
0.0302827
0.0295255
0.0282293
0.0275104
0.0265859
0.0270044
0.043235
0.0363626
0.0222599
0.014198
0.0134148
0.00788092
0.00188254
-0.00924049
-0.0199022
-0.0198509
-0.0117938
0.00562319
0.0236266
0.030983
0.0347206
0.0359568
0.0370871
0.0351348
0.0330003
0.0314515
0.0287076
0.0274742
0.0266711
0.025786
0.0310326
0.0263232
0.00967695
0.00822739
-0.0104912
-0.0205861
-0.0187039
-0.0187814
-0.0249279
-0.011082
0.0101747
0.0218047
0.0298138
0.0405914
0.043425
0.0398731
0.0399776
0.0358318
0.0354008
0.0343542
0.0319123
0.027777
0.025875
0.0241718
0.0256199
0.0147493
0.00418366
-0.00160336
-0.0282129
-0.0372127
-0.0372681
-0.0323638
-0.0172688
-0.0145359
-0.00712371
0.0128418
0.0252717
0.0413319
0.0454625
0.0345981
0.0448887
0.0418462
0.0460845
0.036394
0.0315367
0.0247578
0.0234211
0.0208267
0.0182573
0.0110383
-0.0101995
-0.0204142
-0.02486
-0.0357165
-0.0506113
-0.0459811
-0.031888
-0.0229359
-0.00663201
0.00546269
0.0143576
0.0342172
0.0456527
0.0424108
0.0547889
0.0451696
0.0407987
0.0308218
0.0274959
0.0212197
0.0209277
0.0185565
0.00965906
0.0031483
-0.00524275
-0.0243208
-0.0336692
-0.028281
-0.0273154
-0.0300347
-0.0224955
-0.050944
-0.0550275
0.00780217
-0.00401809
0.0287908
0.0422992
0.0528428
0.0518034
0.0359663
0.033525
0.0259775
0.0213652
0.018004
0.0182108
0.0171945
-0.00253225
-0.00244863
-0.00416997
-0.00436418
-0.0265739
-0.0413124
-0.0363046
-0.0246946
-0.0296713
-0.0419733
-0.032753
-0.0130278
-0.00451909
0.0251923
0.0391582
0.042557
0.0339645
0.0303624
0.0224759
0.0175395
0.0158161
0.013049
0.0145625
0.0143694
-0.0110628
-0.00607844
-0.0040276
-0.00289843
-0.0125587
-0.0192672
-0.0269514
-0.0315007
-0.00207153
-0.0299397
-0.0248424
-0.0315114
-0.00912095
0.0131059
0.0221176
0.0321058
0.0246186
0.0197347
0.0120012
0.0096691
0.00958591
0.00799001
0.00597995
0.00949374
0.000255204
-0.0022895
0.00138629
-0.00554618
-0.00448782
-0.00719412
-0.00504319
-0.00439816
-0.00713792
-0.005858
-0.00338507
-0.00891957
-0.00221914
0.00475097
0.00497248
0.00879047
0.00694625
0.00406583
0.00399913
0.00332664
0.00185352
0.00264682
0.00152744
0.00100232
0.00760594
0.0107869
0.0382169
0.0154921
0.0208621
0.0368668
0.0272215
0.0336382
0.0318324
0.039525
0.0447143
0.0262008
0.0489236
0.0522307
0.0214501
0.0553245
0.0585585
0.0185342
0.0614537
0.0637676
0.0176969
0.0655301
0.0653506
0.0193243
0.0617108
0.0564079
0.0217268
0.0515193
0.0482057
0.0235887
0.0466932
0.0469844
0.0255087
0.0475967
0.0477954
0.027018
0.0473288
0.0452284
0.0264819
0.0412973
0.0369196
0.0251279
0.0318016
0.026767
0.0225066
0.0225316
0.0191299
0.0194466
0.0160563
0.0129999
0.0177936
0.0090573
0.003775
0.015966
-0.00192408
-0.00670918
0.0119013
-0.00886446
-0.0123012
-0.00348222
-0.00174597
-0.00264962
-0.00198662
-0.00387684
-0.00450152
-0.00475163
-0.00362638
-0.000238018
-0.0109134
-0.00726678
-0.00539559
-0.00173967
-0.00242898
0.00180562
0.00196811
0.00711011
0.0058174
0.00897749
0.00377167
0.00406256
0.00111006
0.00309955
-0.000239779
0.00474537
0.0141976
0.0168153
0.013864
0.0148126
0.0168526
0.0165609
0.0366008
0.0372643
0.036718
0.0200198
0.0241431
0.0235119
0.0198765
0.0231787
0.0227452
0.0367822
0.0354624
0.035459
0.0288582
0.0336651
0.035491
0.0271228
0.0313624
0.0326779
0.0333092
0.0308018
0.0319058
0.0384039
0.0428876
0.0460991
0.0356444
0.0403897
0.0426133
0.027906
0.0253594
0.0271507
0.0468608
0.0504488
0.0527531
0.0444633
0.0497809
0.0504827
0.0232794
0.0215122
0.0232287
0.0538545
0.0571363
0.058339
0.0537179
0.0581754
0.0570488
0.0199267
0.0190566
0.0205405
0.059888
0.0616797
0.0626617
0.0611087
0.0628469
0.0613181
0.0184302
0.0184513
0.0192029
0.0626351
0.063423
0.0624942
0.0639571
0.0641711
0.0633371
0.0190456
0.0199842
0.0203957
0.0623201
0.0589452
0.0528167
0.0671705
0.0648615
0.0603643
0.0210929
0.0222027
0.0218967
0.0568911
0.0542284
0.0463574
0.0615897
0.0608245
0.05672
0.0231915
0.0241161
0.0231023
0.052486
0.0514557
0.0460986
0.0587279
0.0551739
0.0526494
0.0251026
0.0260632
0.0247355
0.0505149
0.0492204
0.0474473
0.0527111
0.0480113
0.0479675
0.0267846
0.027099
0.0262807
0.04727
0.0441284
0.0456365
0.0450146
0.0374769
0.0407381
0.0267472
0.026045
0.0266574
0.039959
0.0352684
0.0383733
0.0317434
0.0251388
0.0312143
0.0253181
0.0248827
0.026099
0.029563
0.0240454
0.0267919
0.0196691
0.0171956
0.0219187
0.0240902
0.0222244
0.0246756
0.017773
0.0157168
0.0220304
0.0109585
0.00776402
0.0116058
0.020331
0.0190812
0.0221105
0.0136019
0.00938834
0.0143597
0.00475015
0.00251105
0.00557912
0.0180706
0.017591
0.0195438
0.00586157
0.0011455
0.00371739
0.000958912
-0.000299857
0.00111022
0.0170072
0.0157492
0.0163594
-0.00400543
-0.00717939
-0.00775251
-0.00356798
-0.00553165
-0.00461401
0.0138142
0.0108108
0.0105738
-0.00922567
-0.00812473
-0.0139265
-0.0058672
-0.00227275
-0.00422187
-0.00350759
-0.00372814
0.00139511
-0.00643214
-0.00685173
-0.00606297
-0.0110134
-0.00711631
-0.00816628
-0.0265506
-0.0111747
-0.0116758
-0.0327568
-0.0131078
-0.0123849
-0.0138152
-0.0206576
-0.0144077
-0.0134051
-0.00344681
-0.0120411
-0.0286627
-0.0164955
-0.0057158
-0.0316512
-0.0209621
-0.0246696
-0.00798179
-0.0136796
-0.0326631
-0.00395492
0.00147135
-0.00602886
0.0210174
0.00966119
0.0147132
0.0278011
0.0201363
0.0107157
0.0311484
0.0173174
0.0213314
0.0206255
0.0152019
0.0160067
0.0157288
0.00853244
0.00890795
0.0106611
0.00663153
0.0066583
0.00987901
0.00433674
0.00489931
0.00941623
0.00646979
0.00524383
0.00430097
0.000286038
0.0050504
0.00779389
-0.00465515
0.00115867
0.0368061
0.0368744
0.0373579
0.0374535
0.0339327
0.0339848
0.0286483
0.028677
0.023549
0.0235516
0.0198909
0.0198825
0.0180978
0.018079
0.0187523
0.0186851
0.0208604
0.0208122
0.0230267
0.022972
0.0247692
0.0247283
0.0264292
0.0264223
0.0266442
0.0266811
0.0253921
0.0254505
0.0236433
0.0236981
0.020524
0.0205803
0.0183431
0.0183845
0.0169665
0.0169822
0.0138862
0.013904
0.00859921
0.00856848
0.000140862
5.8059e-05
0.0375385
0.0376007
0.0361013
0.036163
0.031333
0.0313813
0.0260179
0.0260174
0.0214934
0.0214922
0.0187671
0.0187477
0.0180513
0.0180409
0.0197077
0.0196532
0.022016
0.0219646
0.0239244
0.0238689
0.0256375
0.0256349
0.0267974
0.0268063
0.026109
0.0261589
0.0246417
0.0247095
0.0221073
0.0221618
0.0191768
0.0192635
0.0176381
0.0176651
0.0157629
0.0157447
0.0113512
0.0114053
0.000759763
0.00060762
0.010056
0.00975897
0.0168796
0.0167395
0.0285337
0.0283743
0.0405375
0.040379
0.0492884
0.0492407
0.0551641
0.0552193
0.0612114
0.0612243
0.0640857
0.0642117
0.0593912
0.0596683
0.05023
0.0504767
0.0460137
0.0462718
0.0474468
0.0474526
0.0473066
0.0472471
0.0424367
0.0421309
0.0324304
0.032343
0.0237811
0.0235968
0.0168954
0.0167279
0.00894731
0.0088915
-0.00235222
-0.0023022
-0.00881703
-0.0086701
-0.00377374
-0.0035145
0.012632
0.0124016
0.0223583
0.0221914
0.0347959
0.03463
0.0454598
0.0453296
0.0523167
0.0523227
0.0583318
0.0583598
0.0632367
0.0632822
0.0629507
0.0632505
0.0546273
0.0548969
0.0472575
0.0474726
0.0468246
0.046845
0.0477171
0.0477024
0.0454578
0.0453508
0.0377028
0.0375275
0.0276974
0.0275873
0.0202373
0.0200605
0.0132516
0.013168
0.00351548
0.00349271
-0.00715143
-0.00699226
-0.0100001
-0.00997643
-0.348558
-0.415618
-0.514031
-0.659027
-0.852298
-0.964286
-0.851232
-1.03112
-1.05822
-0.96016
-0.80566
-0.655236
-0.266312
-1.10478
-1.2031
-1.09608
-0.288592
-0.274147
-0.3293
-0.305908
-0.897129
-1.02325
-0.979531
-1.05104
-1.27021
-0.996596
-1.08874
-1.24967
-1.16946
-0.891417
-0.949641
-1.14686
0.0231066
0.0205699
0.0362141
0.0429899
0.0418223
0.0444724
0.0396677
0.0366224
0.0319295
0.0286354
-0.0504469
-0.0260776
-0.00979694
0.0238712
0.0514678
0.0597788
0.0573938
0.0538474
0.0476732
0.0436652
0.0381773
0.0352112
-0.0262039
-0.000428264
0.0233713
0.0536103
0.0687409
0.0627076
0.0555463
0.0542229
0.0535435
0.0484729
0.0434364
-0.299323
-0.334861
-0.411779
-0.489426
-0.587334
-0.727632
-0.89041
-1.12417
-1.15538
-1.13577
-1.20104
-1.18844
-0.834559
-0.651193
-0.336606
-0.367753
-0.438079
-0.500284
-0.597334
-0.743017
-0.937171
-1.18674
-1.86231
-1.22061
-1.09002
-0.940211
-0.792473
-0.634334
-0.526913
-0.448405
-0.376427
-0.315279
-0.356784
-0.380395
-0.434244
-0.497169
-0.580062
-0.697835
-0.881509
-1.09248
-1.43457
-1.16147
-0.938984
-0.701085
-0.744906
-0.596714
-0.525498
-0.4531
-0.386436
-0.326639
-0.359577
-0.379172
-0.417957
-0.471605
-0.543803
-0.629998
-0.75693
-0.917453
-1.11871
-0.99288
-0.803803
-0.597934
-0.702546
-0.5552
-0.518431
-0.426629
-0.366139
-0.326752
-0.351828
-0.365985
-0.39337
-0.425782
-0.477081
-0.535795
-0.601566
-0.70009
-0.831207
-0.842923
-0.739908
-0.662137
-0.680533
-0.541935
-0.476223
-0.410021
-0.373492
-0.320839
-0.33311
-0.342673
-0.354067
-0.37049
-0.389974
-0.414755
-0.433886
-0.475638
-0.475693
-0.69968
-0.769361
-0.837638
-0.634808
-0.528538
-0.486679
-0.416422
-0.351362
-0.300767
-0.307848
-0.308969
-0.303337
-0.309858
-0.305293
-0.299611
-0.275984
-0.245491
-0.188706
-0.56695
-0.847469
-0.875064
-0.658668
-0.572231
-0.451361
-0.362012
-0.314064
-0.280642
-0.277243
-0.274065
-0.256596
-0.244934
-0.231213
-0.184225
-0.17136
-0.0429511
-0.0648047
-0.427166
-0.809484
-0.744279
-0.60844
-0.461677
-0.368072
-0.31403
-0.280028
-0.251846
-0.245473
-0.239965
-0.219873
-0.198576
-0.182662
-0.100116
-0.0969015
0.120824
-0.00637957
-0.308733
-0.595572
-0.499971
-0.413295
-0.3251
-0.285008
-0.256383
-0.233327
-0.213065
-0.201126
-0.213477
-0.208002
-0.187986
-0.16136
-0.148224
-0.0696578
-0.0283164
0.180452
0.00657424
-0.193174
-0.35305
-0.299921
-0.23773
-0.207452
-0.193597
-0.184561
-0.175909
-0.171536
-0.166861
-0.184699
-0.182403
-0.163062
-0.141196
-0.135133
-0.0683252
-0.0716808
0.085598
0.00670983
-0.110313
-0.144755
-0.127637
-0.110281
-0.10504
-0.108149
-0.116575
-0.120203
-0.127311
-0.12948
-0.158687
-0.156468
-0.151336
-0.142622
-0.142804
-0.104521
-0.109979
-0.102261
-0.0874002
-0.0926493
0.00600471
0.00945063
-0.0106556
-0.0186403
-0.0397169
-0.0622983
-0.0735874
-0.0871956
-0.0964229
-0.134628
-0.132181
-0.126638
-0.127456
-0.145391
-0.157532
-0.175541
-0.224919
-0.200744
-0.0917319
0.100128
0.0998714
0.0523471
0.0420554
0.00173674
-0.0163872
-0.0362988
-0.0540079
-0.0688878
-0.112007
-0.107641
-0.0981624
-0.0973421
-0.113727
-0.138198
-0.208023
-0.220512
-0.255761
-0.113064
0.102341
0.169474
0.0809957
0.106446
0.0518369
0.0358192
-0.0147897
-0.0336105
-0.0491152
-0.0894276
-0.0838897
-0.0740703
-0.0709921
-0.0795434
-0.0882904
-0.140724
-0.180567
-0.221886
-0.154904
0.0342721
0.184743
0.149277
0.151746
0.0741349
0.0471805
-0.00178926
-0.0136594
-0.0354467
-0.0481579
-0.0679463
-0.0616818
-0.0515806
-0.0465175
-0.0538172
-0.0531793
-0.0731505
-0.124136
-0.157037
-0.128283
-0.0302796
0.0843304
0.170671
0.126297
0.0729565
0.0454976
0.014971
-0.00567351
-0.0263886
-0.0350009
-0.0455864
-0.0374659
-0.0255455
-0.019322
-0.0235899
-0.0208588
-0.0372643
-0.0571609
-0.0827124
-0.110733
-0.0507761
0.0270944
0.0678254
0.0461387
0.0419025
0.021286
0.00463567
-0.00976938
-0.0226899
-0.0299788
-0.0226725
-0.0129995
0.00232587
0.00871489
0.0103961
0.0144727
0.00304567
-0.0099134
-0.0382276
-0.071045
-0.0681754
-0.0254842
-0.024556
-0.0415335
-0.0134047
-0.0128034
-0.0152871
-0.0186937
-0.0251016
-0.0300826
0.00326545
0.0113186
0.0260913
0.0355417
0.0401555
0.0421942
0.0418326
0.0290821
0.00533581
-0.0271114
-0.103866
-0.129016
-0.124451
-0.0558426
-0.0507417
-0.0361243
-0.0340647
-0.0301882
-0.0308589
-0.0271662
0.0277792
0.0332335
0.0488719
0.05531
0.0608105
0.0656863
0.0704468
0.0592224
0.0654049
-0.0117752
-0.115474
-0.188563
-0.188142
-0.106922
-0.0913888
-0.0615577
-0.0405163
-0.0267578
-0.0238675
-0.0196855
0.0496791
0.0526436
0.0672313
0.0750374
0.0775531
0.0782167
0.087446
0.0918937
0.0879103
-0.0408665
-0.134854
-0.186863
-0.169162
-0.137037
-0.0814324
-0.0429838
-0.0272527
-0.0166277
-0.0147739
-0.0120514
0.0898093
0.105518
0.0999845
0.0946246
0.115354
0.029482
-0.0716644
-0.131008
-0.144026
-0.139725
-0.0957971
-0.0401831
-0.0234075
-0.0136003
-0.00842198
-0.00677774
-0.00509688
0.0938558
0.108263
0.117889
0.125978
0.0715759
-0.0168271
-0.0871111
-0.0988113
-0.121306
-0.102689
-0.0328061
-0.0194628
-0.00888767
-0.0012129
0.00121942
0.00271014
0.00251703
0.000232211
-0.0366353
-0.0627671
-0.0783348
-0.0794431
-0.0346093
0.000227296
-0.000410394
0.0074382
0.0128652
0.012998
0.0128319
0.0111841
-0.0203173
-0.0509614
-0.0478548
-0.0323956
0.00549296
0.0236272
0.0225026
0.0262755
0.0266291
0.025546
-0.0309112
-0.0494401
-0.0269768
0.0102083
-0.28987
-0.310687
-0.327749
-0.341414
-0.349158
-0.353126
-0.354942
-0.353792
-0.348982
-0.341603
-0.332268
-0.321102
-0.308541
-0.294618
-0.279833
-0.264259
-0.248023
-0.231903
-0.21616
-0.200953
-0.186646
-0.173087
-0.159777
-0.146737
-0.134582
-0.123095
-0.111546
-0.100067
-0.0888913
-0.0780998
-0.0676107
-0.0571374
-0.0461575
-0.035104
-0.0242807
-0.0129318
0.000209845
0.0139151
0.0263319
0.0378847
0.0490077
0.0587035
-0.315583
-0.335491
-0.320721
-0.357716
-0.378062
-0.353536
-1.17651
-1.4859
-1.32402
-1.21434
-1.21921
-1.27693
-1.15464
-1.12475
-1.17419
-0.350285
-0.360321
-0.34803
-0.392088
-0.399719
-0.378487
-0.368342
-0.371601
-0.359928
-0.399892
-0.401495
-0.386759
-0.368472
-0.364423
-0.357141
-0.396823
-0.389633
-0.375097
-0.358014
-0.349174
-0.343575
-0.379054
-0.366756
-0.356709
-0.337758
-0.323727
-0.321148
-0.351308
-0.332222
-0.327583
-0.308099
-0.29197
-0.292831
-0.310975
-0.290763
-0.291108
-0.275812
-0.259428
-0.261596
-0.271913
-0.254214
-0.257164
-0.243076
-0.226979
-0.229165
-0.235965
-0.219053
-0.223228
-0.211687
-0.197292
-0.19861
-0.203465
-0.189822
-0.193653
-0.184066
-0.170488
-0.17145
-0.178001
-0.166443
-0.168729
-0.157635
-0.145426
-0.146393
-0.155409
-0.14415
-0.144339
-0.133814
-0.122403
-0.123258
-0.131654
-0.119236
-0.120423
-0.110668
-0.098766
-0.100724
-0.106746
-0.093499
-0.0953794
-0.0870611
-0.0755464
-0.078502
-0.0814846
-0.0700551
-0.0731426
-0.0639464
-0.0524534
-0.0570287
-0.0584487
-0.0475018
-0.0499987
-0.0412276
-0.0299013
-0.0342114
-0.0358619
-0.0232718
-0.02528
-0.0179758
-0.0053843
-0.00999418
-0.0106047
0.00430339
-0.000542645
0.00730001
0.0195148
0.0161434
0.0172276
0.0296779
0.0224704
0.0311933
0.0421902
0.0389127
0.0406291
0.0487713
0.0426825
0.0512128
0.0598404
0.0592127
0.0581261
0.0645462
0.0617498
-0.264993
-0.264976
-0.288025
-0.288081
-0.325453
-0.325696
-0.347428
-0.347656
-0.353576
-0.353857
-0.348268
-0.348496
-0.332086
-0.332274
-0.30864
-0.308816
-0.28032
-0.280451
-0.248813
-0.248913
-0.217401
-0.217404
-0.188137
-0.188071
-0.161488
-0.161318
-0.136849
-0.136539
-0.113992
-0.113532
-0.0902931
-0.0900541
-0.0685297
-0.0683211
-0.0464778
-0.0463664
-0.0241471
-0.0240772
0.000660447
0.000726761
0.0265906
0.0266154
0.0490961
0.0490952
-0.308481
-0.308539
-0.339296
-0.339473
-0.35152
-0.35184
-0.352723
-0.35295
-0.341214
-0.341424
-0.321056
-0.321247
-0.294954
-0.295106
-0.264832
-0.264946
-0.232937
-0.232989
-0.202389
-0.202352
-0.174606
-0.1745
-0.148745
-0.148515
-0.125499
-0.125094
-0.101908
-0.101599
-0.0792504
-0.0790308
-0.0577116
-0.0575409
-0.0352377
-0.035157
-0.0123821
-0.0123023
0.0141256
0.0141526
0.0381226
0.0381544
0.0585408
0.0585225
-0.189055
-0.181732
-0.161551
-0.159578
-0.133654
-0.135297
-0.104847
-0.110874
-0.115438
-0.123175
-0.126003
-0.0783269
-0.0880102
-0.0947243
-0.103075
-0.106345
-0.063271
-0.0694117
-0.0765622
-0.0848696
-0.0876386
-0.116105
-0.0968063
-0.0790414
-0.124732
-0.114814
-0.112985
-0.105125
-0.0959823
-0.0938271
-0.0869961
-0.0785233
-0.0766262
-0.126613
-0.126568
-0.107013
-0.106958
-0.0883536
-0.0882877
-0.116769
-0.116721
-0.0974992
-0.0974369
-0.0797903
-0.0797182
0.00124106
0.000101088
-0.00321475
-0.00518721
0.00981933
0.00793866
0.00386474
0.00214537
0.0184936
0.0156316
0.0120539
0.00986953
0.0262269
0.0237346
0.0210359
0.019321
0.0333272
0.030887
0.0284804
0.0278996
0.0379141
0.0348061
0.0331784
0.0343276
-0.00172744
0.00592831
0.0144917
0.0237969
0.0315064
0.0361062
-0.00504078
-0.00162457
0.000135869
0.00241457
0.00649542
0.00819323
0.0107662
0.0154224
0.0166481
0.0200031
0.0241285
0.0248775
0.0280063
0.0312947
0.0310278
0.0337854
0.035462
0.0352766
-0.0567919
-0.063062
-0.0690417
-0.0711772
-0.0460322
-0.051071
-0.0563613
-0.0573069
-0.0378528
-0.0411759
-0.0456516
-0.0458072
-0.034029
-0.0356358
-0.0377479
-0.036982
-0.0287506
-0.0287659
-0.030139
-0.0296798
-0.0207387
-0.0209682
-0.0233582
-0.0234167
-0.0135792
-0.0140809
-0.0167327
-0.0178413
-0.00656925
-0.0074574
-0.00994731
-0.0119596
-0.0639649
-0.0512364
-0.041098
-0.0331882
-0.0265093
-0.02058
-0.0149392
-0.00854888
-0.0707934
-0.0638871
-0.0624247
-0.0575473
-0.0517244
-0.050924
-0.0465452
-0.0418965
-0.0412568
-0.0380745
-0.0341524
-0.0338769
-0.0306978
-0.0275914
-0.0268342
-0.0243302
-0.0212768
-0.0198942
-0.0182991
-0.0152289
-0.0133036
-0.0119983
-0.00865476
-0.00671767
-0.00529542
-0.00526165
0.00216411
0.00217426
0.0101726
0.0101787
0.0193958
0.0193989
0.0277943
0.0278016
0.033998
0.0340056
-0.00172936
-0.00170143
0.00611479
0.00610532
0.0146999
0.0147139
0.0238097
0.0238106
0.0312725
0.0312824
0.0357698
0.0357904
-0.0719256
-0.0718611
-0.0581681
-0.0580787
-0.0467947
-0.0466775
-0.0378578
-0.0377285
-0.0304986
-0.0303695
-0.024092
-0.0239791
-0.018218
-0.0181373
-0.0122162
-0.0121288
-0.0647415
-0.0646651
-0.052185
-0.0520766
-0.0420474
-0.0419263
-0.0340276
-0.0338992
-0.0272523
-0.0271241
-0.0210993
-0.0210135
-0.0152375
-0.0151737
-0.00879448
-0.00874021
)
;

boundaryField
{
    inlet
    {
        type            zeroGradient;
    }
    outlet
    {
        type            fixedValue;
        value           uniform 0;
    }
    wall
    {
        type            zeroGradient;
    }
    empty_zmin
    {
        type            empty;
    }
    empty_zmax
    {
        type            empty;
    }
    procBoundary1to0
    {
        type            processor;
        value           nonuniform List<scalar> 
39
(
-0.385358
-0.285639
-0.221473
-0.18055
-0.148366
-0.125496
-0.107307
-0.0936789
-0.0951989
-0.0880072
-0.0906951
-0.0875738
-0.0875794
-0.273084
-0.326075
-0.406523
-0.550377
-0.7352
-0.519267
-0.247522
-0.273592
-0.295015
-0.935186
-1.07
-1.03784
-1.12775
-1.17995
-0.738737
-0.853024
-1.19944
-1.26439
-0.239757
-1.09193
-0.933632
-0.921946
-0.258671
-0.295015
-0.237973
-0.238026
)
;
    }
}


// ************************************************************************* //
