/*--------------------------------*- C++ -*----------------------------------*\
| =========                 |                                                 |
| \\      /  F ield         | OpenFOAM: The Open Source CFD Toolbox           |
|  \\    /   O peration     | Version:  2406                                  |
|   \\  /    A nd           | Website:  www.openfoam.com                      |
|    \\/     M anipulation  |                                                 |
\*---------------------------------------------------------------------------*/
FoamFile
{
    version     2.0;
    format      ascii;
    arch        "LSB;label=32;scalar=64";
    class       volVectorField;
    location    "3.12";
    object      U;
}
// * * * * * * * * * * * * * * * * * * * * * * * * * * * * * * * * * * * * * //

dimensions      [0 1 -1 0 0 0 0];

internalField   nonuniform List<vector> 
2284
(
(1.98369 0.284354 -2.39251e-21)
(2.05172 0.21895 8.82369e-22)
(2.09269 0.191788 -5.64078e-22)
(2.17162 -0.0323232 0)
(2.20593 -0.0575366 7.53193e-24)
(2.20557 -0.0970357 1.93792e-22)
(2.19301 -0.131689 -4.08402e-22)
(2.13922 0.270577 1.17401e-23)
(2.20474 0.231364 -5.82274e-22)
(2.27463 0.287241 5.70024e-22)
(2.34626 0.215236 -1.31473e-21)
(2.31975 0.166208 1.15688e-21)
(1.82631 -0.0191685 0)
(1.84264 -0.0171994 -2.89901e-24)
(2.21274 -0.0422821 4.48001e-24)
(2.22957 -0.0502742 2.22367e-23)
(2.18873 -0.0336165 -3.86952e-24)
(2.19886 -0.0477877 -8.24908e-23)
(2.21997 -0.112805 8.23351e-23)
(2.22866 -0.0699398 3.42944e-23)
(0.946421 -0.00438306 0)
(0.39616 -0.000542202 0)
(0.961885 -0.0037701 0)
(0.405178 -0.000539192 0)
(2.02167 0.00468774 7.99632e-23)
(2.02147 0.00475088 4.09548e-23)
(2.02177 0.00394128 -7.85893e-26)
(2.02253 0.00349229 1.24826e-24)
(2.02373 0.00356716 -1.03365e-24)
(2.02519 0.00333471 2.4716e-24)
(2.02722 0.0025924 -2.47004e-24)
(2.02982 0.00131346 0)
(2.03353 0.000228845 -1.54926e-22)
(2.03865 -0.00230931 -7.84535e-23)
(2.04432 -0.0039916 -1.54456e-22)
(2.05371 -0.00567698 -7.60121e-23)
(2.0675 -0.00235876 -9.64249e-23)
(2.08056 -0.00813387 -9.31218e-24)
(1.78034 -0.00449624 -2.62537e-24)
(2.02168 0.00482835 -8.04791e-23)
(2.02198 0.00496147 -6.2715e-25)
(2.02266 0.00523947 0)
(2.02391 0.00441088 1.55991e-25)
(2.02555 0.00372897 7.85602e-23)
(2.02798 0.00260897 0)
(2.03133 0.00189967 -7.73915e-23)
(2.03485 0.0024376 -1.51014e-25)
(2.03927 0.00121123 6.59669e-25)
(2.04524 0.00373821 7.69713e-23)
(2.05463 -0.00278595 9.26499e-27)
(2.06835 -0.00208734 -9.48467e-24)
(2.08203 -0.00842327 3.77355e-23)
(1.77063 -0.00416623 0)
(2.0218 0.00580527 3.92771e-23)
(2.022 0.00580833 6.14879e-25)
(2.02286 0.00485883 0)
(2.02438 0.00499642 7.64947e-23)
(2.02647 0.00432132 -7.36758e-23)
(2.02887 0.00504287 -2.45302e-24)
(2.03184 0.00329762 7.7806e-23)
(2.03535 0.00339732 -7.43523e-23)
(2.04013 -0.000313679 7.41191e-23)
(2.04712 -0.000559989 7.57473e-23)
(2.05653 -0.00115674 0)
(2.06991 0.000617299 1.87856e-23)
(2.08309 -0.00848365 -4.69509e-23)
(1.76136 -0.00428354 0)
(1.77718 -0.00260265 0)
(1.76761 -0.00225649 0)
(1.75844 -0.00201685 -5.08513e-24)
(2.06415 -0.00485003 -1.19382e-23)
(2.06413 -0.00457014 9.06772e-24)
(2.08117 -0.00221362 5.65403e-23)
(2.06387 -0.00461859 -9.06761e-24)
(2.0635 -0.00470794 9.38653e-24)
(2.08254 -0.00120833 -1.88845e-23)
(2.06336 -0.00475031 -8.84272e-27)
(2.06331 -0.00431182 8.95649e-24)
(2.08378 -0.00142933 -3.74377e-23)
(2.03813 0.00672516 7.92127e-23)
(2.03241 0.00547763 7.99094e-23)
(2.02843 0.00568734 1.26014e-24)
(2.02561 0.00540406 1.61544e-22)
(2.0237 0.0051397 -1.26105e-24)
(2.02246 0.00501669 -1.60184e-22)
(2.05405 0.00596985 4.98732e-24)
(2.06488 0.00540891 0)
(2.0465 0.00587056 2.00478e-23)
(2.03842 0.0063023 0)
(2.0326 0.00584006 -7.99179e-23)
(2.02856 0.00544352 -6.29612e-25)
(2.02571 0.00552035 -7.99961e-23)
(2.02374 0.00544379 2.52209e-24)
(2.0225 0.00542499 7.75588e-23)
(2.02188 0.00541083 -1.5734e-22)
(2.05205 0.00609023 -1.98963e-23)
(2.06509 0.00528144 0)
(2.04684 0.00414114 1.99962e-23)
(2.03851 0.00621117 -7.97195e-23)
(2.03264 0.00524581 0)
(2.02863 0.00562731 0)
(2.02565 0.0055268 1.73746e-26)
(2.02377 0.00583256 -7.87923e-23)
(2.02242 0.00521576 2.45714e-24)
(2.02183 0.00592929 1.52777e-22)
(2.05006 0.0062053 4.95107e-24)
(2.06572 0.00519916 -9.94307e-24)
(2.0471 0.00606012 -2.24566e-23)
(2.03875 0.00604863 8.22121e-23)
(2.03273 0.00513883 0)
(2.02863 0.00526465 7.6818e-23)
(2.02564 0.00552856 1.57916e-22)
(2.02364 0.00386551 8.27203e-23)
(2.02224 0.00792474 -1.00939e-23)
(2.0216 0.00436243 -1.56705e-22)
(2.02162 0.0090063 4.16351e-23)
(2.02234 0.00658261 0)
(2.02329 0.00697958 0)
(2.02476 0.00679865 0)
(2.02679 0.00668265 8.34262e-23)
(2.02919 0.00582629 -4.87179e-24)
(2.03234 0.00491458 -4.77782e-24)
(2.03642 0.00413245 8.15606e-23)
(2.04214 0.0026221 0)
(2.0481 0.00210862 -3.05207e-24)
(2.05758 -0.0045452 3.50777e-24)
(2.07244 -0.00289898 8.07983e-24)
(2.08481 -0.00723879 -1.84845e-23)
(1.75221 -0.00379604 7.61703e-24)
(2.04821 0.00607417 4.91208e-24)
(2.0662 0.00524735 -9.79924e-24)
(2.04732 0.00293992 -1.98951e-23)
(2.03889 0.00553807 0)
(2.03269 0.00474424 1.53313e-22)
(2.0285 0.00573908 -2.36234e-22)
(2.02536 0.00559111 -6.90941e-23)
(2.02304 0.00988609 1.04071e-26)
(2.02205 0.00408951 7.9812e-23)
(2.02129 0.00978982 7.02883e-23)
(2.02126 0.00315485 1.38583e-25)
(2.02223 0.00698955 0)
(2.02325 0.0074738 4.82634e-24)
(2.02484 0.00657876 -4.92491e-24)
(2.02698 0.00652697 -1.20532e-25)
(2.02992 0.00598467 9.63196e-24)
(2.03385 0.00457026 -9.8778e-26)
(2.03818 0.0045839 -9.55513e-24)
(2.0435 0.00194599 -7.49211e-23)
(2.05009 0.00383001 -1.49221e-22)
(2.05883 0.00364898 7.22609e-23)
(2.07353 0.00100815 1.15229e-24)
(2.08615 -0.00982873 -2.74324e-23)
(1.74357 -0.00510933 3.28225e-26)
(2.04629 0.00596151 1.72046e-23)
(2.06675 0.00490078 0)
(2.04776 0.00570631 -1.98498e-23)
(2.03913 0.00513978 7.98567e-23)
(2.03271 0.00413689 -3.13703e-22)
(2.02828 0.00360759 1.61388e-22)
(2.02501 0.00449766 -1.62629e-22)
(2.02257 -0.00150102 -2.02813e-23)
(2.02093 0.00758214 -4.98557e-23)
(2.02047 0.00402088 -9.085e-23)
(2.02074 0.0112347 1.6786e-25)
(2.02169 0.0104318 9.85176e-24)
(2.02315 0.00912947 -4.91266e-24)
(2.02511 0.00982273 -7.67009e-23)
(2.02773 0.00913795 -7.75402e-23)
(2.03091 0.00864638 1.54493e-22)
(2.03466 0.00806553 -1.61894e-22)
(2.03885 0.00836468 9.48717e-24)
(2.04421 0.00531456 -7.30725e-23)
(2.05121 0.00441425 7.39006e-23)
(2.06161 -0.00328382 -7.34165e-23)
(2.0758 -0.000263188 -7.16931e-23)
(2.08774 -0.0141994 -4.46903e-23)
(1.73555 -0.00491876 2.46126e-24)
(2.04458 0.00560357 1.94224e-23)
(2.06728 0.00436907 0)
(2.04815 0.00128656 -1.18863e-22)
(2.03938 0.00368163 -6.8183e-23)
(2.03275 0.00306206 2.84314e-22)
(2.02802 0.00449935 1.99482e-23)
(2.02451 0.00472862 3.0204e-22)
(2.022 0.0148992 -3.54985e-26)
(2.01991 0.00388743 2.04422e-23)
(2.01953 0.010123 8.13643e-23)
(2.01967 0.00430523 -4.05432e-23)
(2.02019 0.00576354 -5.0122e-24)
(2.02262 0.00996588 -8.83799e-23)
(2.02497 0.0112068 9.47041e-24)
(2.02787 0.0115951 -1.52635e-22)
(2.03107 0.0123561 -1.53449e-22)
(2.03508 0.010427 1.50671e-22)
(2.0399 0.00941539 -1.49095e-22)
(2.04626 0.00736233 1.47459e-22)
(2.05395 0.00816489 1.39467e-22)
(2.06335 0.0062033 6.77533e-24)
(2.0776 0.0027164 6.95615e-23)
(2.09028 -0.0170234 -8.84082e-24)
(1.72843 -0.0040258 -4.85703e-24)
(2.04323 0.00524806 0)
(2.06801 0.00350565 -5.82922e-23)
(2.04884 0.00387533 7.9279e-23)
(2.03935 0.00260087 -1.51976e-22)
(2.03238 0.00297354 -1.56379e-22)
(2.02701 0.00435349 0)
(2.02263 0.0048552 4.17727e-23)
(2.0206 -0.00283379 -4.07204e-23)
(2.01923 0.0121703 0)
(2.0186 0.00628085 1.442e-22)
(2.01875 0.0161749 4.10938e-23)
(2.01943 0.0146406 -1.69141e-25)
(2.02114 0.0114797 5.97661e-23)
(2.02425 0.0115895 2.54411e-22)
(2.02773 0.0127184 1.52413e-22)
(2.03155 0.010711 -1.92675e-23)
(2.03675 0.00997491 1.48826e-22)
(2.04217 0.00949731 1.4912e-22)
(2.0481 0.00586861 0)
(2.05584 0.0046384 -1.44659e-22)
(2.06561 0.00157682 -6.57278e-23)
(2.08126 0.00166816 -4.40223e-24)
(2.09317 -0.0217866 0)
(1.72177 -0.00457377 4.71356e-24)
(2.04204 0.00488686 4.07469e-23)
(2.06968 0.00333514 1.01973e-22)
(2.0493 0.000504735 -1.5692e-22)
(2.03936 0.00222403 1.72898e-22)
(2.0314 0.00145853 -2.21589e-22)
(2.02614 0.00122566 2.04521e-22)
(2.02171 0.00222571 -1.64471e-22)
(2.01934 0.0112949 -3.33961e-22)
(2.01762 -0.00324794 0)
(2.01604 0.0108312 -2.47734e-22)
(2.01727 0.00242144 8.28578e-23)
(2.0186 0.00951278 -8.18227e-23)
(2.02047 0.0155323 0)
(2.02337 0.01586 -1.59556e-22)
(2.02744 0.0171797 3.06144e-22)
(2.03232 0.0182766 0)
(2.03751 0.017617 -8.86867e-25)
(2.04309 0.0199325 -1.4592e-22)
(2.05062 0.0157132 0)
(2.05811 0.0151413 0)
(2.06905 0.00683916 7.44468e-23)
(2.08472 0.00381176 2.07389e-23)
(2.09543 -0.020692 5.14628e-23)
(1.71586 -0.00197378 4.16454e-23)
(2.04127 0.00360215 -3.8165e-23)
(2.07014 0.00203505 1.49113e-22)
(2.05017 -0.0027872 1.96095e-22)
(2.03939 -0.00377671 1.75694e-22)
(2.03118 -0.00341823 -2.0291e-22)
(2.02554 -0.00141744 -1.62214e-22)
(2.02073 0.00172794 0)
(2.0168 -0.00342741 3.34561e-22)
(2.01345 0.0204599 5.16421e-22)
(2.0135 0.00695029 -5.18694e-22)
(2.01293 0.0207022 -6.75084e-22)
(2.01512 0.0225515 7.3825e-22)
(2.01926 0.0182663 -4.89127e-22)
(2.02276 0.0215943 8.21568e-23)
(2.02757 0.020862 -2.23681e-22)
(2.0328 0.0188928 -3.76702e-23)
(2.03862 0.0165764 1.84868e-22)
(2.04525 0.00735237 4.69663e-22)
(2.05292 0.0080927 -3.57801e-23)
(2.06227 0.00876475 0)
(2.07254 0.00818746 -2.68624e-22)
(2.08711 0.00673429 2.33922e-22)
(2.09985 -0.0218874 -1.33114e-22)
(1.71154 -0.00252897 -4.47178e-24)
(2.04099 0.00193103 1.26034e-22)
(2.07238 0.00147062 2.28685e-22)
(2.05109 -0.00143487 -1.11384e-24)
(2.0396 0.00145496 -1.57634e-22)
(2.03084 -0.00183513 3.21011e-22)
(2.0234 0.00169935 0)
(2.01713 0.000876483 0)
(2.01283 0.0150054 0)
(2.0113 -0.00631836 -6.92046e-22)
(2.01096 0.0132162 6.88711e-22)
(2.01074 0.00989848 3.45091e-22)
(2.01223 0.00472272 5.11571e-22)
(2.01501 0.0191203 -3.35301e-22)
(2.02093 0.0202188 0)
(2.0274 0.0240301 0)
(2.03403 0.026183 0)
(2.041 0.0236276 -8.82787e-22)
(2.04803 0.0362797 -3.23758e-22)
(2.05486 0.0251411 3.06875e-22)
(2.06453 0.0195786 3.97835e-22)
(2.07601 0.0108137 -5.31299e-22)
(2.09235 0.00536384 0)
(2.10375 -0.0230567 0)
(1.70835 -0.000330796 8.6972e-24)
(2.04164 0.000942748 0)
(2.07508 0.000529472 7.53766e-23)
(2.052 -0.00965687 -1.49556e-22)
(2.03987 -0.0118992 3.13606e-22)
(2.02951 -0.00957327 -6.29963e-22)
(2.02127 -0.00914045 0)
(2.01472 -0.00604076 1.74505e-22)
(2.01003 -0.0162167 -1.74985e-22)
(2.00708 0.0190546 0)
(2.0044 0.00738304 4.46549e-23)
(2.00697 0.0218287 -4.47413e-23)
(2.0097 0.0403075 -1.73566e-22)
(2.0128 0.0275911 8.50249e-23)
(2.0185 0.0290354 2.42441e-22)
(2.02578 0.0262938 -1.57749e-21)
(2.0338 0.0318985 0)
(2.0417 0.0287585 5.82244e-22)
(2.04997 0.0158978 5.52672e-22)
(2.06042 0.018173 -8.18105e-24)
(2.07007 0.0195005 1.31877e-22)
(2.08253 0.0158039 0)
(2.09894 0.0111488 -7.9036e-25)
(2.10869 -0.0189781 2.47546e-22)
(1.70553 0.00107426 -6.47995e-23)
(2.04324 -0.00140861 -2.90003e-22)
(2.07761 -0.00384966 -5.925e-22)
(2.05489 -0.0108315 -1.41706e-22)
(2.04074 -0.00734191 -1.5798e-21)
(2.03 -0.0144639 1.84503e-21)
(2.02022 -0.0122033 -1.06324e-23)
(2.01187 -0.00783299 -2.83298e-21)
(2.00364 0.018276 -2.9939e-21)
(1.99851 -0.00856428 -7.50245e-22)
(1.9985 0.0146981 7.47999e-22)
(1.99813 0.0077405 0)
(2.00377 0.000851379 0)
(2.01014 0.0309958 0)
(2.01738 0.0381471 3.31294e-22)
(2.02481 0.0392398 9.62289e-22)
(2.03377 0.0361743 0)
(2.04424 0.0360817 1.11631e-21)
(2.05321 0.0431866 -2.20398e-21)
(2.06405 0.027801 -2.64509e-22)
(2.07497 0.0187008 7.36103e-22)
(2.0866 0.0131308 -4.92693e-22)
(2.10298 0.00849167 5.81237e-23)
(2.11386 -0.0218654 -1.77443e-22)
(1.70588 0.00162628 -5.17078e-23)
(2.0462 -0.00341358 6.93681e-23)
(2.08116 -0.00935717 6.46717e-22)
(2.05902 -0.0168404 8.80964e-22)
(2.04286 -0.0265958 0)
(2.02899 -0.0208706 0)
(2.01683 -0.0135074 0)
(2.00402 -0.00991471 1.37418e-21)
(1.99615 -0.0248882 1.38905e-21)
(1.99321 0.0110307 3.52956e-23)
(1.99208 0.00705336 1.54234e-21)
(1.99182 0.0341364 4.31337e-22)
(1.99423 0.0525949 -3.82867e-22)
(2.00224 0.0328245 1.41022e-21)
(2.01461 0.0322716 -2.8105e-21)
(2.02449 0.0431079 0)
(2.03493 0.0413474 0)
(2.04676 0.042225 0)
(2.05981 0.0346494 5.35406e-22)
(2.07051 0.0389399 0)
(2.0798 0.0398407 -2.44691e-22)
(2.09287 0.0284013 6.75261e-22)
(2.10999 0.0188744 -5.61679e-22)
(2.12026 -0.0167308 -5.67216e-23)
(1.7071 0.00246427 -7.3866e-24)
(2.05179 -0.00475021 -3.37884e-23)
(2.08995 -0.0116291 -5.43428e-22)
(2.06207 -0.0262354 -4.57106e-24)
(2.04689 -0.0163934 -1.27166e-21)
(2.02879 -0.0294869 1.15265e-21)
(2.01288 -0.031101 2.81333e-21)
(2.00083 -0.0309489 1.63685e-22)
(1.99153 -0.00593354 -3.19832e-21)
(1.98043 -0.0182814 -4.96104e-21)
(1.97492 0.0178513 -4.58389e-22)
(1.98161 0.00597341 -4.34689e-22)
(1.98872 0.0293013 2.30674e-21)
(1.99665 0.0553058 1.37361e-21)
(2.00846 0.0661118 1.18571e-21)
(2.0232 0.0627822 -1.90652e-22)
(2.03648 0.0629282 -4.84309e-21)
(2.05008 0.0546768 0)
(2.06348 0.0490943 0)
(2.07522 0.0344114 -4.56163e-22)
(2.08991 0.0226225 0)
(2.10355 0.0183291 -8.46484e-22)
(2.12093 0.0133988 5.76065e-22)
(2.12914 -0.0162938 0)
(1.71023 0.00232165 0)
(2.05785 -0.00861908 -5.0564e-22)
(2.09597 -0.0187423 -1.29986e-22)
(2.06975 -0.0310226 1.46943e-21)
(2.0502 -0.0520951 -2.29461e-21)
(2.03043 -0.0449065 -2.56482e-21)
(2.01254 -0.0400031 2.77359e-21)
(1.99729 -0.031078 0)
(1.97552 -0.0282185 3.17669e-21)
(1.9646 0.0231626 -3.22506e-22)
(1.96012 0.0041087 -1.36698e-21)
(1.95757 0.0501803 -1.27723e-21)
(1.97048 0.0602458 -7.28831e-22)
(1.99193 0.0584762 4.62659e-21)
(2.00748 0.0611939 -2.67446e-21)
(2.02358 0.0722261 2.61026e-21)
(2.04198 0.0652916 4.61645e-21)
(2.05938 0.0659888 -1.98632e-21)
(2.07158 0.0633597 1.08231e-21)
(2.08454 0.056607 -3.97652e-22)
(2.09596 0.0495443 4.67003e-22)
(2.10946 0.0338617 2.04888e-22)
(2.12673 0.0199971 -9.88336e-23)
(2.13707 -0.0145856 0)
(1.71587 0.0032594 5.0805e-23)
(2.06897 -0.0126412 1.78773e-22)
(2.10255 -0.0192008 -1.18698e-22)
(2.08072 -0.0474773 -9.58894e-22)
(2.05947 -0.0371531 2.11377e-21)
(2.03473 -0.0536568 -2.66063e-21)
(2.00912 -0.0653445 -1.65331e-22)
(1.98273 -0.0483137 3.31611e-21)
(1.96098 -0.0206549 -3.3384e-21)
(1.94106 -0.051186 7.59404e-21)
(1.93679 0.0238272 -7.04081e-22)
(1.9437 0.0253557 4.76626e-22)
(1.95977 0.0365486 1.67348e-21)
(1.97569 0.07612 -4.72112e-21)
(2.00241 0.0956569 -2.76029e-21)
(2.02612 0.0817826 2.32806e-21)
(2.04747 0.0845699 -4.56229e-21)
(2.06571 0.0759091 2.06012e-21)
(2.08208 0.0612699 1.72959e-21)
(2.09727 0.0507853 -7.44741e-22)
(2.10996 0.0399574 3.92283e-22)
(2.12278 0.0349953 1.60999e-22)
(2.13824 0.0262672 2.12338e-23)
(2.14672 -0.0113784 -8.46873e-23)
(1.72354 0.0040162 -5.58263e-23)
(2.08246 -0.0186785 1.46745e-22)
(2.12239 -0.026082 -6.46262e-22)
(2.09072 -0.0493899 1.80334e-21)
(2.06816 -0.0862465 -2.11965e-21)
(2.04466 -0.0825886 -5.19461e-21)
(2.01059 -0.0885288 7.73889e-21)
(1.97639 -0.0990664 0)
(1.94657 -0.105215 3.94433e-21)
(1.91873 -0.00774568 -5.70544e-21)
(1.89858 -0.00252511 -4.78154e-21)
(1.91025 0.0781013 2.97884e-21)
(1.93268 0.146583 -5.997e-21)
(1.96942 0.114194 0)
(2.0008 0.12496 2.72622e-21)
(2.03106 0.123278 2.31942e-21)
(2.05664 0.113325 -5.86688e-21)
(2.07756 0.0990721 0)
(2.09172 0.0880597 -8.23198e-22)
(2.10547 0.0704773 7.47027e-22)
(2.11867 0.0569187 0)
(2.13282 0.0355156 -4.30168e-22)
(2.15278 0.0220932 0)
(2.16012 -0.00764182 0)
(1.73372 0.00447037 9.2687e-24)
(2.09851 -0.0243021 2.08197e-22)
(2.13144 -0.0366454 8.02824e-23)
(2.11465 -0.0796317 -8.49594e-22)
(2.09015 -0.0854305 0)
(2.06147 -0.114324 -2.28552e-21)
(2.01975 -0.111852 2.25484e-21)
(1.97514 -0.134825 0)
(1.92729 -0.0592957 4.3844e-21)
(1.8594 -0.0951806 -1.45086e-20)
(1.8248 0.0235642 1.07564e-20)
(1.86123 0.0420262 -1.12536e-21)
(1.91879 0.0708702 3.97129e-21)
(1.96318 0.17146 -3.08016e-21)
(2.00659 0.142028 3.08866e-21)
(2.04263 0.137363 -2.31697e-21)
(2.07036 0.122296 3.89105e-21)
(2.09179 0.114186 3.03674e-21)
(2.11152 0.0950167 7.59644e-23)
(2.12455 0.0782691 -5.68157e-22)
(2.13676 0.0607873 0)
(2.14832 0.0502157 2.68599e-22)
(2.16162 0.0320918 7.2901e-24)
(2.17077 -0.00323632 -1.18846e-22)
(1.74784 0.00551174 -7.39086e-24)
(2.12123 -0.0288126 0)
(2.15905 -0.0413006 5.80182e-23)
(2.13432 -0.0589427 -3.00124e-22)
(2.10983 -0.0889322 2.88924e-23)
(2.08035 -0.116711 0)
(2.04343 -0.130966 2.01356e-21)
(1.98309 -0.170757 0)
(1.89713 -0.2104 4.76839e-21)
(1.82462 -0.0846075 5.33995e-21)
(1.74771 -0.0117236 -5.89378e-21)
(1.79036 0.166342 0)
(1.85664 0.252223 0)
(1.96234 0.229939 0)
(2.01775 0.21823 4.4875e-21)
(2.06393 0.195439 -2.07069e-21)
(2.09444 0.174157 9.79837e-22)
(2.11439 0.129506 -1.89655e-21)
(2.13066 0.103676 -2.19347e-22)
(2.14332 0.0774684 5.50725e-22)
(2.15392 0.0606852 2.92632e-22)
(2.16545 0.0400679 -1.37202e-22)
(2.18163 0.0284952 6.70832e-23)
(2.1836 -8.78446e-05 -6.06826e-23)
(1.76093 0.00680371 -8.41697e-24)
(2.14506 -0.0306908 2.0486e-23)
(2.17866 -0.0481494 2.15276e-23)
(2.15285 -0.111936 0)
(2.13508 -0.156775 4.83683e-22)
(2.10762 -0.205091 -1.34203e-21)
(2.0734 -0.251422 -6.43502e-22)
(2.01138 -0.271533 -6.87527e-21)
(2.12069 0.155441 -4.8074e-22)
(2.14362 0.132979 3.90879e-22)
(2.15539 0.112188 1.16606e-22)
(2.16107 0.0904628 -1.44604e-22)
(2.1685 0.0726117 -3.05771e-22)
(2.1784 0.0536927 1.59537e-22)
(2.19244 0.0331399 -4.67942e-23)
(2.19982 0.00113907 0)
(1.77673 0.00515503 -1.86375e-24)
(2.1656 0.216926 7.25212e-22)
(2.16995 0.155267 0)
(2.17408 0.128721 0)
(2.18276 0.0956724 1.23481e-22)
(2.19129 0.0694131 1.11309e-23)
(2.2016 0.049652 9.57907e-24)
(2.21182 0.0332803 -2.91414e-23)
(2.21425 0.00314591 0)
(1.7924 0.00555629 5.78208e-24)
(2.20698 0.171588 -9.61099e-23)
(2.2084 0.160181 0)
(2.21162 0.121645 0)
(2.21365 0.0904154 1.00398e-23)
(2.21452 0.0684844 -2.50336e-22)
(2.21662 0.0483309 9.06987e-23)
(2.22899 0.030133 7.56209e-24)
(2.23353 0.00595046 5.66652e-24)
(1.80805 0.0050127 -8.80226e-25)
(2.24924 0.232408 1.55042e-22)
(2.24159 0.141876 -1.56276e-22)
(2.23982 0.11499 0)
(2.23379 0.0868438 -4.69282e-23)
(2.23398 0.0688971 4.04855e-22)
(2.23642 0.0462829 -2.03172e-23)
(2.24424 0.030127 1.30256e-23)
(2.24768 0.00635505 -2.33427e-25)
(1.8234 0.00219379 0)
(2.29631 0.150295 -1.07874e-21)
(2.27159 0.121066 0)
(2.26192 0.0827407 -5.67601e-24)
(2.25774 0.055552 -1.09656e-22)
(2.25814 0.0383566 -4.79177e-23)
(2.26406 0.0232636 -7.92464e-24)
(2.26254 0.00704205 -3.66081e-23)
(1.83485 0.00211593 -6.13029e-24)
(1.75649 0.00496041 -5.4828e-24)
(1.75268 0.00415902 -2.73407e-24)
(1.74497 0.00466109 0)
(1.74122 0.00395717 -5.45324e-24)
(1.73365 0.00434848 5.45323e-24)
(1.72997 0.00373591 0)
(1.74951 -0.00123376 -5.01538e-24)
(1.72251 0.00428533 0)
(1.71897 0.0029781 -8.11574e-24)
(1.74106 0.000761645 4.98237e-24)
(1.71178 0.00407504 2.71481e-24)
(1.70841 0.0028892 1.62497e-26)
(1.73346 -0.000215087 2.40802e-24)
(1.70153 0.0034657 1.68556e-26)
(1.69837 0.00225674 1.06972e-23)
(1.72643 0.000788004 0)
(1.69187 0.0033128 -1.06545e-23)
(1.68908 0.00138092 5.31531e-24)
(1.72011 0.00142323 -4.71611e-24)
(1.68293 0.00251027 0)
(1.68008 0.00114892 0)
(1.71475 0.000475786 6.8961e-23)
(1.67535 0.0013402 0)
(1.67201 0.000569486 -8.32644e-23)
(1.71057 0.00187526 4.49965e-24)
(1.66817 0.000705212 0)
(1.66585 -0.00100105 0)
(1.70768 0.000808961 6.01932e-23)
(1.66287 0.000167913 -1.00679e-23)
(1.6615 -0.00163028 1.00791e-23)
(1.70584 0.00166643 -7.52592e-24)
(1.65954 -0.00170407 0)
(1.65893 -0.00305908 0)
(1.70644 0.00234779 -5.18545e-23)
(1.65933 -0.00378305 0)
(1.66044 -0.00451995 -1.41805e-22)
(1.70874 0.00329069 0)
(1.66208 -0.00525943 -1.73478e-23)
(1.6649 -0.0062346 1.76635e-23)
(1.71359 0.00416234 0)
(1.66816 -0.00703637 0)
(1.67407 -0.00909778 -1.57898e-23)
(1.72095 0.00511228 0)
(1.68046 -0.00930071 2.80369e-22)
(1.68735 -0.0106975 -1.50442e-23)
(1.72969 0.00586626 -1.01768e-23)
(1.69977 -0.0119829 -1.21588e-22)
(1.70759 -0.0126515 -8.62891e-23)
(1.74233 0.00539344 -9.26989e-24)
(1.72377 -0.0154427 3.43711e-23)
(1.73368 -0.0149826 1.502e-24)
(1.75358 0.00631168 7.39053e-24)
(1.75471 -0.0176513 1.60963e-24)
(1.7658 -0.0162228 7.26562e-24)
(1.76907 0.00580748 5.44159e-24)
(1.78914 -0.0187954 0)
(1.80162 -0.0168844 -5.47641e-24)
(1.7856 0.00509766 -2.00926e-24)
(1.79941 0.0055881 -8.86239e-25)
(1.81326 0.00269992 -1.04422e-24)
(1.8275 0.00123953 0)
(1.83792 8.84658e-05 -1.05261e-24)
(2.07374 0.00912559 1.46609e-23)
(2.0738 0.00678202 -1.99661e-23)
(2.05339 0.00595247 1.24472e-23)
(2.05545 0.00823803 -8.00115e-23)
(2.05553 0.00641111 -3.99437e-23)
(2.06496 0.00530736 0)
(2.07384 0.00855944 0)
(2.07397 0.00693297 0)
(2.05132 0.00603882 1.98779e-23)
(2.05565 0.00719507 3.97462e-23)
(2.05597 0.00658447 -5.95885e-23)
(2.0655 0.00520596 -1.95792e-23)
(2.07402 0.00761434 4.92763e-24)
(2.07417 0.00651078 4.91198e-24)
(2.0495 0.0060212 -1.477e-23)
(2.0562 0.006812 7.96442e-23)
(2.05641 0.00595398 0)
(2.06585 0.00506357 0)
(2.0628 -0.00440671 -1.06799e-23)
(2.06287 -0.00449082 -8.38003e-24)
(2.08594 -0.000280803 -9.20289e-24)
(2.07428 0.00860273 -3.46546e-23)
(2.07437 0.00490633 1.972e-23)
(2.0473 0.00605461 2.469e-24)
(2.05652 0.00791144 1.98584e-23)
(2.0567 0.0044855 9.91022e-23)
(2.06655 0.00465049 1.98229e-23)
(2.06241 -0.00432804 8.30512e-24)
(2.06292 -0.00385534 0)
(2.0866 0.00640242 3.6044e-23)
(2.07451 0.00824085 0)
(2.07477 0.00431837 0)
(2.04578 0.00575525 -1.95351e-23)
(2.05702 0.00787613 3.95568e-23)
(2.05722 0.00392381 3.95053e-23)
(2.06695 0.00429993 0)
(2.06284 -0.00364874 -2.03154e-24)
(2.06353 -0.00336328 2.04165e-24)
(2.08953 0.0103311 2.70668e-23)
(2.07494 0.00763069 1.95076e-23)
(2.07537 0.00323633 -1.95089e-23)
(2.04413 0.00539993 -1.95272e-23)
(2.05751 0.00733204 3.95404e-23)
(2.05784 0.00246064 2.73479e-25)
(2.06753 0.00370862 0)
(2.06347 -0.00328817 1.60804e-23)
(2.06361 -0.00319344 -1.64995e-23)
(2.09171 0.0160936 8.86472e-24)
(2.07564 0.00744037 0)
(2.07614 0.00199506 0)
(2.04289 0.00481244 -1.92233e-23)
(2.05826 0.00616949 9.82839e-23)
(2.05907 0.000397339 0)
(2.06918 0.00309667 1.70642e-25)
(2.06418 -0.00317283 -1.68875e-23)
(2.06495 -0.00161595 3.43337e-23)
(2.09417 0.0202638 -3.43713e-23)
(2.07642 0.00595492 -7.26164e-24)
(2.07687 0.00191334 -1.15362e-22)
(2.04177 0.00369984 1.53735e-22)
(2.05951 0.00697947 -1.94537e-23)
(2.05957 -0.000650184 -1.88631e-23)
(2.0698 0.0012473 -1.90742e-23)
(2.06499 -0.00221292 -4.86138e-23)
(2.06692 -0.00181998 -8.01578e-23)
(2.09809 0.0240588 1.5219e-22)
(2.07756 0.00349053 -7.67083e-23)
(2.07849 0.000857133 -2.68092e-22)
(2.04114 0.00344365 1.13761e-22)
(2.05982 0.00794866 -2.22848e-22)
(2.06059 -0.0105513 0)
(2.07152 -0.000897888 3.74139e-22)
(2.06841 -0.00107555 3.06551e-25)
(2.06921 0.0010017 1.63988e-23)
(2.10112 0.0260899 0)
(2.07907 0.00251665 -1.13043e-22)
(2.0802 -0.00284561 2.64199e-22)
(2.04123 0.00132116 0)
(2.0623 0.0143476 -3.04249e-22)
(2.0627 -0.0202444 -1.22156e-21)
(2.07321 -0.00392914 2.30763e-22)
(2.07024 -0.00106716 0)
(2.07243 0.0011202 -3.15968e-23)
(2.10607 0.0285769 0)
(2.08185 0.0013616 0)
(2.0827 -0.00506061 -2.97038e-22)
(2.04232 -0.000290105 3.5768e-23)
(2.06359 0.0160852 -6.09855e-22)
(2.06437 -0.0239592 4.57173e-22)
(2.0761 -0.00717935 2.96705e-22)
(2.07322 0.000661445 2.96927e-23)
(2.07576 0.00345517 0)
(2.11054 0.0306578 -1.84722e-22)
(2.084 -0.00104601 2.90338e-22)
(2.08629 -0.00865302 7.12875e-23)
(2.04474 -0.00250535 -7.07244e-23)
(2.0662 0.016987 7.40512e-22)
(2.06797 -0.0324375 1.32663e-21)
(2.07957 -0.00903156 -6.57129e-22)
(2.07788 0.000103596 1.75957e-22)
(2.08089 0.00552292 2.88748e-23)
(2.1166 0.0353345 -1.75734e-22)
(2.08821 -0.00378451 -1.41035e-22)
(2.09206 -0.0147606 9.00783e-22)
(2.04886 -0.00605856 -1.39022e-22)
(2.0714 0.0115315 -7.19922e-22)
(2.07252 -0.0436165 -1.14897e-21)
(2.08416 -0.0124611 -5.56355e-22)
(2.08283 0.00334692 2.77249e-23)
(2.08777 0.00624827 2.58693e-23)
(2.1242 0.0364081 0)
(2.0955 -0.00594991 5.44383e-22)
(2.09746 -0.0166625 0)
(2.0549 -0.0104264 0)
(2.07661 0.00855792 -1.37313e-22)
(2.07913 -0.0473885 1.24762e-21)
(2.09531 -0.0194569 1.30525e-22)
(2.09069 0.00390978 -2.62569e-23)
(2.09513 0.00929625 0)
(2.13305 0.0377928 2.0072e-22)
(2.1018 -0.00862829 5.64687e-22)
(2.10681 -0.0238687 -6.05406e-22)
(2.06186 -0.0148262 4.83872e-22)
(2.08275 0.02055 1.20985e-21)
(2.08423 -0.064641 -1.28362e-22)
(2.09683 -0.0265048 1.17757e-22)
(2.0975 0.00515265 -4.61391e-23)
(2.10331 0.0095507 0)
(2.14022 0.0403062 0)
(2.11427 -0.0188352 -4.01141e-22)
(2.11883 -0.0271242 0)
(2.07451 -0.0168865 5.55176e-23)
(2.09294 -0.000782568 -1.17852e-22)
(2.09857 -0.0871174 1.04407e-21)
(2.11413 -0.0382766 -1.03356e-21)
(2.10697 0.00684577 4.13679e-23)
(2.11384 0.0141496 -5.8548e-23)
(2.15156 0.0426476 7.79792e-23)
(2.12676 -0.0197531 9.82422e-23)
(2.13189 -0.03198 -9.84485e-23)
(2.08767 -0.0202203 -6.45603e-25)
(2.10826 0.0145158 7.49003e-22)
(2.11076 -0.0797081 8.8594e-22)
(2.1249 -0.0448795 -7.92164e-22)
(2.11747 0.00870177 0)
(2.12543 0.0119023 -1.61176e-23)
(2.16458 0.0406388 7.81618e-23)
(2.14215 -0.0317115 -3.41459e-22)
(2.15223 -0.0363898 3.66599e-23)
(2.10725 -0.0233657 -7.52667e-23)
(2.12261 -0.0148282 -1.71377e-22)
(2.13078 -0.106985 4.68326e-22)
(2.14344 -0.0553416 0)
(2.12954 0.0094909 0)
(2.13798 0.0145466 -2.35484e-23)
(2.1764 0.0407989 7.58763e-23)
(2.16403 -0.0367856 -5.57417e-23)
(2.17436 -0.0407258 5.57614e-23)
(2.1312 -0.0265414 -2.04872e-23)
(2.14841 -0.0185752 -2.92985e-22)
(2.15368 -0.102329 2.96946e-22)
(2.16719 -0.0590068 -1.6352e-22)
(2.14275 0.0118437 3.71439e-23)
(2.15256 0.0152814 0)
(2.19341 0.0400365 -1.332e-24)
(2.18588 -0.0400646 3.28248e-23)
(2.20027 -0.0457089 -1.42395e-23)
(2.15866 -0.0301693 4.99165e-24)
(2.16652 -0.0299459 -2.30481e-22)
(2.17709 -0.10611 6.93968e-23)
(2.1945 -0.0657473 0)
(2.15773 0.0105052 1.69903e-24)
(2.16713 0.0143871 7.33666e-24)
(2.20683 0.0388751 0)
(2.17325 0.011541 -9.97313e-24)
(2.18135 0.0143656 -4.10488e-25)
(2.22228 0.0367772 -3.26722e-24)
(2.19036 0.0119248 4.56171e-24)
(2.1967 0.0102886 5.33753e-24)
(2.23969 0.0307421 2.15793e-23)
(2.20528 0.00946127 -1.64332e-23)
(2.21204 0.00889944 0)
(2.25462 0.024837 -3.19841e-23)
(2.21914 0.00852202 8.20019e-25)
(2.2263 0.00621415 -2.44249e-23)
(2.27154 0.019504 3.70829e-23)
(0.643343 0.000584212 0)
(0.217934 -0.000614735 0)
(0.642909 0.00060317 0)
(0.218385 -0.000572162 0)
(0.641988 0.000490677 0)
(0.218716 -0.000585403 0)
(0.643914 0.000694263 0)
(0.218409 -0.000342986 0)
(0.643186 0.000627932 0)
(0.218996 -0.000285743 0)
(0.642838 0.00064349 0)
(0.219257 -0.0002424 0)
(0.641753 0.000604411 0)
(0.21917 -0.000556855 0)
(0.641521 0.000511801 0)
(0.219776 -0.000703645 0)
(0.642665 0.000606141 0)
(0.221108 -0.000693701 0)
(0.644123 0.000669941 0)
(0.222447 -0.00066956 0)
(0.646312 0.000697218 0)
(0.224165 -0.000835633 0)
(0.650754 0.000942147 0)
(0.227281 -0.00035366 0)
(0.655129 0.000899543 0)
(0.230194 -0.000516617 0)
(0.662506 0.00119169 0)
(0.23446 -0.000249189 0)
(0.67165 0.00139615 0)
(0.239753 9.36551e-05 0)
(0.681042 0.000985987 0)
(0.245511 -0.000242349 0)
(0.693977 0.00162209 0)
(0.252391 0.000130593 0)
(0.706755 0.00145803 0)
(0.260326 -2.23154e-06 0)
(0.720903 0.00146821 0)
(0.268389 3.88676e-05 0)
(0.736402 0.00170388 0)
(0.276659 0.000184233 0)
(0.753096 0.00155138 0)
(0.287121 0.00014893 0)
(0.770588 0.00177414 0)
(0.295023 0.000191187 0)
(0.78907 0.00174344 0)
(0.305447 0.000323171 0)
(0.802629 0.000843796 0)
(0.313365 6.77281e-05 0)
(0.816556 0.00121558 0)
(0.318463 0.000134815 0)
(0.827513 0.000690819 0)
(0.324888 0.000337722 0)
(0.829456 -0.000802274 0)
(0.325641 -2.62336e-05 0)
(0.828849 -0.000591604 0)
(0.322591 0.000314803 0)
(0.643061 0.000713012 0)
(0.22022 -0.000166519 0)
(0.644306 0.000844308 0)
(0.221141 1.02844e-05 0)
(0.645452 0.000836662 0)
(0.222548 -3.39785e-05 0)
(0.64724 0.000967683 0)
(0.22426 -3.66294e-05 0)
(0.650652 0.00111431 0)
(0.226106 0.000144252 0)
(0.653879 0.000954989 0)
(0.229657 -0.000113163 0)
(0.660082 0.00138694 0)
(0.232596 -9.52399e-06 0)
(0.668984 0.00144623 0)
(0.237606 -8.53112e-05 0)
(0.677803 0.00158069 0)
(0.243947 -4.53863e-05 0)
(0.690284 0.00205737 0)
(0.249511 -1.99772e-05 0)
(0.702664 0.00183805 0)
(0.257866 0.000125903 0)
(0.7166 0.00201442 0)
(0.265638 0.000173983 0)
(0.731428 0.00185086 0)
(0.273723 0.000159866 0)
(0.748065 0.00233014 0)
(0.283266 0.000382553 0)
(0.76275 0.00141668 0)
(0.291632 3.87469e-05 0)
(0.779813 0.0020808 0)
(0.300107 0.000316241 0)
(0.795957 0.001463 0)
(0.309986 0.000224652 0)
(0.808324 0.000942617 0)
(0.315418 3.03745e-05 0)
(0.822205 0.00104245 0)
(0.321415 0.000210908 0)
(0.828131 -0.000367701 0)
(0.326049 0.000361894 0)
(0.829136 -0.000767054 0)
(0.323692 -5.34225e-06 0)
(0.827919 -0.000755906 0)
(0.321546 -3.39416e-05 0)
(0.626262 -0.000348121 0)
(0.209774 0.000472901 0)
(0.623053 -0.000320591 0)
(0.208938 0.00043097 0)
(0.620011 -0.000312029 0)
(0.208195 0.000403249 0)
(0.617167 -0.000311968 0)
(0.207564 0.000395109 1.67242e-29)
(0.614797 -0.000323689 0)
(0.207252 0.000381297 2.13327e-30)
(0.612869 -0.000463134 0)
(0.207166 0.000405473 0)
(0.612172 -0.000556898 0)
(0.207548 0.000557389 0)
(0.61371 -0.000791394 0)
(0.208795 0.000420375 0)
(0.617317 -0.00101219 0)
(0.211204 0.000266428 0)
(0.623145 -0.00128394 0)
(0.214816 0.000221644 0)
(0.631614 -0.00144325 0)
(0.220061 0.000239586 0)
(0.64412 -0.00179564 0)
(0.227209 -6.01969e-05 0)
(0.660366 -0.00219022 0)
(0.23661 -5.54967e-05 0)
(0.679215 -0.00254992 0)
(0.247967 -7.82341e-05 2.67169e-30)
(0.703319 -0.00311424 0)
(0.261959 -0.000257478 2.49031e-30)
(0.732689 -0.00361793 0)
(0.279372 -0.000478952 -7.55525e-30)
(0.767815 -0.00398991 0)
(0.298526 -0.000619272 0)
(0.809821 -0.00475887 0)
(0.321545 -0.00082813 0)
(0.854915 -0.00483488 0)
(0.346448 -0.000869107 0)
(0.901413 -0.00479743 0)
(0.371929 -0.00072724 0)
(0.625282 -0.000381267 0)
(0.209534 0.00043078 0)
(0.62212 -0.000359315 0)
(0.208736 0.000405781 0)
(0.619155 -0.000363517 0)
(0.208047 0.000392785 7.29969e-30)
(0.616512 -0.000394376 0)
(0.207541 0.000337001 1.15515e-29)
(0.614266 -0.000428726 0)
(0.207275 0.000359443 0)
(0.612938 -0.000567874 0)
(0.207616 0.000294446 0)
(0.613529 -0.000760774 0)
(0.208255 0.000221469 0)
(0.615903 -0.000919904 0)
(0.210235 0.000220846 0)
(0.620655 -0.00112919 0)
(0.213303 0.000215025 0)
(0.628688 -0.00150748 0)
(0.217965 7.09919e-05 0)
(0.638772 -0.00180661 0)
(0.223847 7.45077e-05 0)
(0.650425 -0.00204874 0)
(0.231393 -5.71636e-05 0)
(0.668307 -0.00259532 0)
(0.241502 -0.000221982 0)
(0.691887 -0.00321981 0)
(0.254489 -0.000253467 5.17305e-30)
(0.719959 -0.00358879 0)
(0.270599 -0.000483344 -3.9736e-30)
(0.750774 -0.0036199 0)
(0.288986 -0.000400757 -3.53772e-30)
(0.785863 -0.00427458 0)
(0.30909 -0.000502079 0)
(0.826122 -0.00425426 0)
(0.332489 -0.000622653 0)
(0.869709 -0.00438165 0)
(0.356854 -0.00066608 0)
(0.91656 -0.00443791 0)
(0.381537 -0.000626972 0)
(2.02163 0.00284197 -7.53043e-24)
(2.02251 0.00213091 -7.99621e-23)
(2.02392 0.00171693 -7.4542e-23)
(2.0258 0.000315084 -1.58565e-22)
(2.0288 -0.000732076 0)
(2.03188 2.38847e-05 -1.5314e-22)
(2.03629 -0.00220523 -1.60816e-22)
(2.04187 -0.00461111 -2.42754e-24)
(2.05167 -0.00803769 -7.54211e-23)
(2.06518 -0.00325411 -1.01073e-23)
(2.07923 -0.0080437 -1.94012e-23)
(1.80108 -0.00505711 2.64943e-24)
(2.02208 0.00346599 -3.75732e-24)
(2.02313 0.00271199 -2.25836e-24)
(2.02465 0.00165133 7.95696e-23)
(2.02675 0.0017763 9.85177e-24)
(2.02924 0.000804313 -4.93348e-24)
(2.03239 0.000427375 1.56116e-22)
(2.03747 -0.00102213 -2.41817e-24)
(2.04352 0.00232426 7.72205e-23)
(2.05228 -0.00212653 7.90172e-23)
(2.06593 -0.00166173 9.10108e-24)
(2.08026 -0.00859122 1.91893e-23)
(1.79058 -0.00502647 5.2571e-24)
(1.79765 -0.00362135 0)
(1.78722 -0.00314151 2.60395e-24)
(2.06656 -0.00446456 -2.17005e-23)
(2.06629 -0.00459202 3.8194e-23)
(2.08002 -0.00521668 1.92945e-23)
(2.0657 -0.00494872 -1.90623e-23)
(2.06494 -0.00488197 1.67119e-23)
(2.08034 -0.00451468 -1.88583e-23)
(2.05606 0.00577017 0)
(2.06451 0.00540535 -4.00431e-23)
(2.04625 0.00506892 2.06189e-23)
(1.76817 0.00518888 0)
(1.76431 0.00433103 5.48282e-24)
(2.0737 0.00826414 0)
(2.07372 0.00744694 0)
(2.0554 0.00587175 0)
(2.05505 0.0087337 -8.01916e-23)
(2.05522 0.0061127 2.00215e-23)
(2.06465 0.00532271 2.00323e-23)
(0.646517 0.000730549 0)
(0.217912 -0.000666247 0)
(0.645024 0.000567233 0)
(0.218067 -0.000602804 0)
(0.646238 0.000762787 0)
(0.218217 -0.000551852 0)
(0.644675 0.000622441 0)
(0.218202 -0.000465965 0)
(0.629466 -0.000415588 0)
(0.210589 0.000521282 0)
(0.628501 -0.000424747 0)
(0.210377 0.000465659 0)
(2.00817 0.0276941 0)
(2.00255 0.0136752 3.22895e-22)
(2.00083 0.00829535 3.097e-21)
(2.00063 0.00565459 2.95754e-22)
(2.00039 0.003872 -3.7724e-22)
(2.00026 0.00276177 -1.59893e-24)
(2.00019 0.00202174 -2.04901e-22)
(2.00015 0.00145955 -9.00804e-23)
(2.00012 0.00104581 8.38047e-23)
(2.0001 0.000641791 0)
(2.00009 0.000340739 -2.76476e-23)
(2.00009 8.46116e-05 1.38382e-24)
(2.00009 -0.000128292 1.52071e-23)
(2.0001 -0.000386026 -7.75123e-23)
(2.00012 -0.000664042 4.71093e-23)
(2.00014 -0.00109793 -1.34394e-22)
(2.00021 -0.00149964 0)
(2.00022 -0.00236896 0)
(2.00044 -0.00294363 1.84664e-22)
(2.00058 -0.00425151 -3.8216e-22)
(2.001 -0.0062273 -1.91937e-22)
(2.00202 -0.00980718 -4.10938e-21)
(2.00374 -0.0238135 -3.67236e-21)
(2.01997 -0.041814 -3.42597e-20)
(2.03212 0.041355 3.29578e-21)
(2.0122 0.0264801 5.7726e-23)
(2.00554 0.0160332 -1.60346e-21)
(2.00334 0.0112737 0)
(2.0021 0.00803552 0)
(2.00142 0.00578928 2.16468e-24)
(2.00102 0.00427376 -3.65567e-22)
(2.00078 0.00312478 9.11872e-23)
(2.00062 0.00222927 9.01928e-23)
(2.00053 0.00140529 8.99534e-23)
(2.00049 0.000734101 -8.97766e-23)
(2.00047 0.000180324 -1.12135e-23)
(2.00055 -0.000418507 -2.23065e-23)
(2.00063 -0.000954676 -2.23364e-23)
(2.00073 -0.00165621 -2.24279e-22)
(2.0009 -0.00251242 -8.97307e-23)
(2.00122 -0.00365636 -1.80681e-22)
(2.0016 -0.00533533 -1.83026e-22)
(2.00242 -0.00703851 3.03832e-24)
(2.00359 -0.00982811 0)
(2.006 -0.0144628 0)
(2.01105 -0.0215666 6.28418e-21)
(2.01911 -0.0381795 1.30747e-20)
(2.05107 -0.0490494 -1.94069e-21)
(2.05268 0.0428364 7.72591e-22)
(2.0247 0.0310668 4.44927e-24)
(2.01375 0.0211483 3.70291e-22)
(2.00863 0.0152501 4.35132e-21)
(2.00573 0.0113995 -1.5066e-21)
(2.004 0.00843657 0)
(2.00294 0.00633874 -6.89701e-22)
(2.00225 0.00470547 0)
(2.00183 0.00339269 8.89906e-23)
(2.00166 0.00224821 1.76205e-22)
(2.00152 0.00113235 0)
(2.00141 0.000275097 4.41018e-23)
(2.00153 -0.000791125 -4.40971e-23)
(2.00168 -0.00163405 3.08668e-22)
(2.0018 -0.00276458 3.99374e-22)
(2.0023 -0.00393945 2.05312e-24)
(2.00275 -0.00583706 -1.6045e-21)
(2.00397 -0.00826462 1.79852e-21)
(2.00593 -0.0111372 -7.19049e-22)
(2.0091 -0.0144281 2.87993e-21)
(2.015 -0.0211605 -4.39786e-21)
(2.02481 -0.0277311 1.16398e-21)
(2.03573 -0.0413976 7.73615e-21)
(2.06104 -0.0515417 -1.55079e-21)
(2.0662 0.0377951 4.54e-22)
(2.03574 0.030435 1.47049e-21)
(2.02012 0.0222834 0)
(2.01299 0.0171623 -2.9453e-21)
(2.00892 0.0130866 0)
(2.00644 0.0100678 0)
(2.00479 0.00759537 -7.048e-22)
(2.00382 0.00560418 0)
(2.00312 0.00401312 3.54042e-22)
(2.00266 0.00261442 -1.7778e-22)
(2.00244 0.00153033 0)
(2.00246 0.000256301 5.5088e-24)
(2.00243 -0.00080697 -1.76951e-22)
(2.00256 -0.00227 -6.39357e-25)
(2.00305 -0.0037074 0)
(2.0037 -0.00598397 0)
(2.00498 -0.0073928 7.17175e-22)
(2.00666 -0.0108171 -7.18245e-22)
(2.00882 -0.0129809 7.1717e-22)
(2.013 -0.019157 -7.0227e-23)
(2.02095 -0.0223776 2.95773e-21)
(2.03496 -0.0295745 -2.85212e-21)
(2.04895 -0.0378324 0)
(2.05813 -0.0463535 0)
(2.0734 0.0306821 8.7482e-23)
(2.0438 0.0275618 1.40443e-21)
(2.02563 0.0213508 -7.40232e-22)
(2.01746 0.0173235 2.83155e-21)
(2.01221 0.0140434 7.13236e-22)
(2.00882 0.0109741 7.09534e-22)
(2.00674 0.00856451 7.15097e-22)
(2.00531 0.0065394 -7.03517e-22)
(2.00446 0.00481548 -3.53953e-22)
(2.00392 0.00329533 0)
(2.0036 0.00184078 0)
(2.0035 0.000501892 -1.64462e-23)
(2.00367 -0.000981634 0)
(2.0041 -0.00248506 -3.51631e-22)
(2.00494 -0.00400435 3.51457e-22)
(2.00586 -0.00542146 0)
(2.00739 -0.00785703 0)
(2.00925 -0.00925123 0)
(2.01322 -0.0136182 0)
(2.01825 -0.0144862 -2.87429e-21)
(2.02573 -0.0198269 0)
(2.0402 -0.024469 2.87408e-21)
(2.05731 -0.0324831 6.92796e-22)
(2.0439 -0.0391285 0)
(2.07586 0.0254042 7.06244e-22)
(2.04894 0.024519 1.3587e-24)
(2.03014 0.0196256 3.51977e-22)
(2.02115 0.0171113 -5.2925e-21)
(2.01531 0.0139731 1.01726e-23)
(2.01145 0.0112695 6.93361e-22)
(2.00888 0.0089639 1.39515e-21)
(2.00715 0.00688544 7.04064e-22)
(2.006 0.00505359 0)
(2.00527 0.00335008 0)
(2.00493 0.00188273 -4.36248e-23)
(2.00485 0.000213802 1.09668e-23)
(2.00503 -0.00118385 4.35991e-23)
(2.00552 -0.00257965 3.47232e-22)
(2.00606 -0.00423286 0)
(2.00741 -0.00640174 0)
(2.00896 -0.00810944 -6.98267e-22)
(2.01168 -0.0112663 6.98539e-22)
(2.01547 -0.0128539 0)
(2.02189 -0.019039 0)
(2.03165 -0.020312 1.72051e-21)
(2.04608 -0.0230758 -3.56908e-22)
(2.06211 -0.0278773 -2.04945e-21)
(2.02451 -0.0356852 1.82745e-22)
(2.07652 0.0217465 -3.36602e-22)
(2.05218 0.0222118 -1.70642e-22)
(2.03381 0.0178369 -3.4576e-22)
(2.02448 0.0157155 2.08944e-21)
(2.01816 0.0135252 2.08537e-21)
(2.01391 0.0111561 -1.05263e-21)
(2.01096 0.0090939 -1.60274e-23)
(2.00897 0.00715711 -1.03478e-21)
(2.00766 0.00537687 -6.91117e-22)
(2.00678 0.00372806 -3.46974e-22)
(2.00629 0.00205582 0)
(2.00627 0.000691621 3.25058e-23)
(2.00646 -0.000799221 -4.32838e-23)
(2.00698 -0.0028145 -1.45073e-24)
(2.00803 -0.00420451 -3.45993e-22)
(2.00921 -0.00617834 1.37622e-21)
(2.01171 -0.00819764 0)
(2.0145 -0.0100512 0)
(2.01879 -0.0129923 1.71369e-21)
(2.02516 -0.0132785 -3.44691e-22)
(2.0343 -0.0170132 -1.20808e-21)
(2.04934 -0.0206664 -1.51064e-21)
(2.06606 -0.0253409 0)
(2.00343 -0.0334573 -1.1352e-23)
(2.07699 0.0187452 3.60637e-22)
(2.0546 0.0203331 6.70156e-22)
(2.03666 0.0163089 1.26386e-21)
(2.02739 0.0147456 -3.42428e-22)
(2.02075 0.0125955 -1.04012e-21)
(2.01618 0.010719 3.44313e-22)
(2.013 0.00886689 -1.72871e-21)
(2.01078 0.00703794 1.38427e-21)
(2.00929 0.00534356 6.91775e-22)
(2.00834 0.00369892 -5.13211e-22)
(2.0079 0.00231149 -1.29048e-22)
(2.0077 0.000549608 -7.51706e-23)
(2.00799 -0.00103861 4.29689e-23)
(2.00861 -0.0022275 -1.02698e-21)
(2.00958 -0.00421665 1.36909e-21)
(2.01117 -0.00560066 -2.74301e-21)
(2.01324 -0.00766775 -3.42745e-22)
(2.01658 -0.00943552 0)
(2.0213 -0.0111093 -1.37241e-21)
(2.02809 -0.0148737 1.34509e-21)
(2.03782 -0.0155154 1.33539e-21)
(2.05172 -0.0179583 6.78487e-22)
(2.06847 -0.0241 -1.03225e-21)
(1.98215 -0.0310993 -1.05873e-23)
(2.07747 0.0158794 -1.58912e-22)
(2.05677 0.0183702 -4.13627e-23)
(2.03875 0.015233 -7.02758e-22)
(2.02955 0.0132384 1.17285e-21)
(2.02301 0.0116998 1.69016e-22)
(2.01834 0.0100577 0)
(2.01502 0.00851896 -3.41447e-22)
(2.01266 0.00692959 3.41103e-22)
(2.01107 0.00541099 -1.70802e-22)
(2.01001 0.00388706 1.02773e-21)
(2.00944 0.00206452 -1.70765e-22)
(2.00934 0.000761087 4.26547e-23)
(2.00946 -0.000721381 -2.1312e-22)
(2.01005 -0.00262716 6.84888e-22)
(2.01115 -0.00383227 -8.53668e-22)
(2.01299 -0.00579183 1.0307e-21)
(2.01541 -0.00706062 0)
(2.01904 -0.00940515 0)
(2.02393 -0.0108093 -1.67617e-22)
(2.03042 -0.0116167 -1.1786e-21)
(2.03974 -0.0148851 -1.33605e-21)
(2.05399 -0.0174935 6.2118e-24)
(2.07136 -0.0227932 -1.82272e-22)
(1.96151 -0.0280074 -4.43316e-23)
(2.07775 0.0130522 0)
(2.05881 0.016109 -3.48174e-22)
(2.04055 0.0138149 -6.4653e-22)
(2.03146 0.0121542 -1.34288e-21)
(2.02489 0.0105695 0)
(2.02022 0.00931426 -6.71279e-22)
(2.01677 0.00801417 0)
(2.01434 0.00658147 -1.69494e-22)
(2.01266 0.00511357 -6.75187e-22)
(2.01158 0.00369838 1.69482e-22)
(2.01096 0.00257885 -4.23715e-23)
(2.01075 0.00104019 -1.05133e-23)
(2.01107 -0.000327354 4.23399e-23)
(2.01188 -0.00142907 0)
(2.01316 -0.0031838 0)
(2.01484 -0.00447881 6.77214e-22)
(2.0177 -0.00624718 -5.00839e-22)
(2.02103 -0.00718197 -1.67633e-22)
(2.02578 -0.00874547 0)
(2.03273 -0.0108413 -8.23967e-23)
(2.04151 -0.0115263 7.36339e-22)
(2.05503 -0.0129948 1.29446e-21)
(2.07382 -0.0208371 2.00383e-23)
(1.94189 -0.0246948 -4.31831e-23)
(2.07749 0.0112822 2.42136e-24)
(2.06056 0.0136618 -2.05445e-23)
(2.04196 0.0128256 -4.10371e-23)
(2.03292 0.0110656 0)
(2.02651 0.00975254 -4.96731e-22)
(2.0218 0.00862944 5.05139e-22)
(2.01842 0.00747254 0)
(2.0159 0.00624495 -6.69465e-22)
(2.01412 0.00510504 5.07772e-22)
(2.01303 0.00386567 3.36649e-22)
(2.01244 0.00230468 -1.26254e-22)
(2.01233 0.0011622 -3.15105e-23)
(2.01263 -0.000272887 0)
(2.01332 -0.00181703 -1.67626e-22)
(2.01471 -0.00311529 4.54073e-25)
(2.0167 -0.00459045 -4.97884e-22)
(2.01909 -0.00588773 8.35265e-22)
(2.02261 -0.00759413 -6.61004e-22)
(2.02755 -0.00891602 -1.65437e-22)
(2.03388 -0.010803 0)
(2.04356 -0.0137954 -5.90387e-24)
(2.05719 -0.012762 -9.91326e-22)
(2.0753 -0.0179526 -8.02368e-23)
(1.92318 -0.0210539 4.29708e-23)
(2.07633 0.00886114 7.47062e-24)
(2.06182 0.0113895 -1.8202e-22)
(2.04297 0.0112204 -6.14222e-23)
(2.03402 0.00998535 1.2354e-22)
(2.02773 0.00894195 5.81512e-22)
(2.0232 0.00788635 0)
(2.01985 0.00693529 0)
(2.01741 0.00583849 5.03273e-22)
(2.01569 0.00461952 2.50549e-22)
(2.01454 0.0033973 -5.00354e-22)
(2.01397 0.00246346 -8.29832e-23)
(2.01381 0.00104523 -1.04082e-23)
(2.0141 2.23464e-05 0)
(2.01495 -0.00122221 0)
(2.01609 -0.00238217 -1.65987e-22)
(2.01796 -0.00350994 6.66632e-22)
(2.02081 -0.00449802 8.23484e-22)
(2.02428 -0.00535507 7.42685e-22)
(2.02905 -0.00633966 -8.20235e-23)
(2.03559 -0.00689652 4.05228e-23)
(2.04461 -0.00858925 -6.68615e-22)
(2.05835 -0.00839826 -3.79777e-23)
(2.07679 -0.0152301 7.92857e-23)
(1.90577 -0.0177678 0)
(2.07461 0.00706181 -2.47672e-24)
(2.06269 0.00946637 0)
(2.04391 0.0101027 -2.0559e-23)
(2.0349 0.00912424 4.08283e-23)
(2.02877 0.00814138 -8.23708e-23)
(2.02436 0.00731027 -5.75846e-22)
(2.02104 0.00647862 0)
(2.01861 0.00556566 0)
(2.01693 0.00470566 8.30567e-23)
(2.01588 0.00376454 2.09025e-22)
(2.01521 0.00250294 1.87643e-22)
(2.01504 0.00173166 2.08569e-23)
(2.01541 0.000399741 0)
(2.01618 -0.000656268 -3.29934e-22)
(2.0177 -0.00184465 0)
(2.01955 -0.00322207 0)
(2.02208 -0.0046515 -7.40377e-22)
(2.02551 -0.00587098 -6.50491e-22)
(2.02981 -0.00736469 8.14516e-23)
(2.03633 -0.00898105 -3.62815e-22)
(2.04623 -0.0120436 3.59941e-22)
(2.05963 -0.00816921 3.40313e-22)
(2.0771 -0.0133795 7.84189e-23)
(1.88934 -0.0149978 0)
(2.07265 0.00582844 -4.98402e-24)
(2.06314 0.00808329 1.60851e-22)
(2.04445 0.00891838 -3.24322e-22)
(2.03574 0.00836342 0)
(2.02964 0.00772158 -2.85798e-22)
(2.02526 0.00687475 9.86295e-22)
(2.02206 0.00603768 -4.10957e-23)
(2.01974 0.00516393 0)
(2.01801 0.00423448 -2.87974e-22)
(2.01689 0.00326373 -4.12988e-23)
(2.01637 0.00252435 -1.64754e-22)
(2.01633 0.00115446 3.1006e-23)
(2.01671 0.000336045 -2.06303e-23)
(2.0175 -0.000733698 3.30317e-22)
(2.0188 -0.00185563 0)
(2.02063 -0.00213137 0)
(2.02307 -0.00285404 2.43445e-22)
(2.02646 -0.00346655 7.72955e-22)
(2.03137 -0.00407008 -4.04556e-23)
(2.03764 -0.00424509 3.42657e-22)
(2.04716 -0.0066387 -3.39743e-22)
(2.0602 -0.00552148 -1.4878e-22)
(2.07753 -0.0116275 3.88184e-23)
(1.87425 -0.0122387 -2.40488e-23)
(2.07054 0.00494119 -4.24279e-23)
(2.06332 0.0071058 0)
(2.04485 0.00779866 3.04152e-22)
(2.0362 0.00771238 0)
(2.03022 0.00706797 3.26875e-22)
(2.02604 0.00638501 -1.3356e-24)
(2.02291 0.00574146 -2.86024e-22)
(2.02065 0.00503194 -3.68446e-22)
(2.0191 0.00434456 2.88463e-22)
(2.01808 0.00356077 4.10888e-23)
(2.01758 0.00253059 8.29655e-23)
(2.01746 0.00198503 0)
(2.01785 0.000979195 -2.0473e-23)
(2.01871 0.000202955 -1.01766e-22)
(2.01989 -0.00040137 -4.0818e-23)
(2.02179 -0.00201829 0)
(2.02445 -0.00333214 -3.65317e-22)
(2.02774 -0.00458495 4.04004e-23)
(2.03199 -0.0068969 0)
(2.03833 -0.00734601 0)
(2.04815 -0.0100641 -1.58224e-22)
(2.0614 -0.00484961 1.58649e-22)
(2.0777 -0.0102791 3.85758e-23)
(1.86034 -0.010196 2.14055e-23)
(2.06844 0.00447184 3.4974e-23)
(2.06349 0.0063838 1.00271e-23)
(2.04518 0.00733936 0)
(2.03666 0.00721447 -3.24061e-22)
(2.03081 0.00674656 0)
(2.02662 0.00615574 -6.52025e-22)
(2.02357 0.00548642 1.24732e-24)
(2.02142 0.00482888 6.53868e-22)
(2.01993 0.00411939 2.04441e-23)
(2.01894 0.00342262 -2.04132e-22)
(2.01841 0.00290592 1.02483e-22)
(2.01842 0.00199148 0)
(2.01881 0.00123569 2.037e-23)
(2.01962 0.000473099 3.05121e-22)
(2.02116 -0.000890348 0)
(2.02295 -0.000938714 0)
(2.02518 -0.00167748 4.02119e-23)
(2.02868 -0.00237938 -6.02309e-23)
(2.0332 -0.00240521 2.00233e-23)
(2.03891 -0.00276747 -3.08158e-22)
(2.04878 -0.00610182 3.05947e-22)
(2.06183 -0.00435335 1.57641e-22)
(2.07787 -0.00908808 0)
(1.84742 -0.00811501 1.34013e-23)
(2.06634 0.00444669 4.00532e-23)
(2.06359 0.00602036 8.03761e-23)
(2.04529 0.00649561 0)
(2.03713 0.00693979 1.72487e-22)
(2.03126 0.00649613 1.01646e-23)
(2.02712 0.00594397 1.42916e-22)
(2.0242 0.00539551 3.26045e-22)
(2.0221 0.0047719 -4.6866e-22)
(2.02062 0.00430805 -2.03683e-23)
(2.01973 0.00374607 1.6334e-22)
(2.01924 0.00289859 -5.08785e-24)
(2.0193 0.00235466 7.87726e-27)
(2.01973 0.0015303 -5.05978e-24)
(2.02052 0.000973568 -2.93651e-22)
(2.02166 0.000578491 -2.01486e-22)
(2.02343 -0.000695475 2.00978e-23)
(2.02597 -0.00196209 0)
(2.02914 -0.00311043 0)
(2.03372 -0.00510385 1.98164e-23)
(2.04006 -0.00393975 2.98272e-22)
(2.04968 -0.00687661 -1.57637e-22)
(2.06269 -0.00260625 -1.57644e-22)
(2.0779 -0.00840106 -8.23078e-23)
(1.83507 -0.00674056 2.67876e-24)
(2.06424 0.004648 2.50458e-24)
(2.06369 0.00571563 6.02104e-23)
(2.04545 0.00631162 -2.0144e-23)
(2.03729 0.00671977 3.23258e-22)
(2.03152 0.00618061 0)
(2.02754 0.00576735 3.54237e-25)
(2.0246 0.00528232 0)
(2.02254 0.00483176 4.48785e-25)
(2.02115 0.00418485 0)
(2.02029 0.00361552 0)
(2.01998 0.00327798 -2.5351e-24)
(2.01993 0.00248208 5.06679e-24)
(2.02028 0.00206866 0)
(2.02118 0.00108123 2.42187e-22)
(2.02254 4.52144e-05 1.81273e-22)
(2.02449 -0.000795647 -2.00177e-23)
(2.027 -0.0015121 -1.99277e-23)
(2.03012 -0.00156352 1.9883e-23)
(2.03485 -0.0031785 -1.57539e-22)
(2.04061 -0.00421156 0)
(2.05004 -0.00746261 -2.44783e-24)
(2.06329 -0.00449826 -7.31466e-24)
(2.07856 -0.00786205 3.71209e-23)
(1.82328 -0.00631352 0)
(2.06215 0.00503072 -5.01165e-24)
(2.06384 0.00565511 -3.01384e-23)
(2.0456 0.00582326 0)
(2.03759 0.00657171 -1.6152e-22)
(2.03187 0.0060864 0)
(2.02782 0.00564348 1.72177e-22)
(2.02496 0.00528124 -1.01253e-23)
(2.02297 0.00480593 1.72432e-22)
(2.02166 0.00452003 -1.72049e-22)
(2.02083 0.00403111 -5.06009e-24)
(2.02037 0.00329042 5.06292e-24)
(2.02052 0.00306138 -8.4692e-27)
(2.02117 0.00217595 0)
(2.02215 0.00187773 -8.05302e-23)
(2.02358 0.00121636 9.98956e-24)
(2.02541 0.000837297 1.49251e-22)
(2.02773 -0.000124419 0)
(2.03121 -0.00208192 1.58027e-22)
(2.03587 -0.00334765 3.14855e-22)
(2.04118 -5.57467e-06 0)
(2.05058 -0.00346226 7.78517e-23)
(2.06379 -0.0014081 7.72997e-23)
(2.07851 -0.00754448 -4.47927e-23)
(1.81191 -0.00548228 5.33225e-24)
(2.02195 0.00448949 1.56917e-22)
(2.02121 0.00415835 5.05573e-24)
(2.02097 0.00398525 -1.26056e-24)
(2.02116 0.0030103 1.25415e-24)
(2.02224 0.00483231 8.07388e-23)
(2.02157 0.00449457 0)
(2.02135 0.00392449 0)
(2.02144 0.00409529 1.25565e-24)
(2.00327 0.0248388 2.03516e-20)
(2.00062 0.00822777 1.97914e-23)
(2.0015 0.0133045 -2.08921e-21)
(2.00022 0.00235796 4.26354e-22)
(2.00041 0.00586447 1.24621e-24)
(2.00016 0.00278157 -4.08996e-24)
(2.00005 0.00409113 -2.1432e-22)
(2.00008 0.0021213 1.15641e-23)
(2.00009 0.00219906 -2.97111e-24)
(2.00005 0.00154367 4.86126e-23)
(2.00006 0.00142501 0)
(2.00004 0.00112877 3.70631e-25)
(2.00004 0.000995908 -4.82435e-23)
(2.00003 0.000818874 4.70689e-23)
(2.00003 0.000710011 7.1801e-23)
(2.00002 0.000578611 2.33139e-23)
(2.00002 0.000515627 -4.73135e-23)
(2.00001 0.000377094 1.16498e-23)
(2.00002 0.000357004 -4.10145e-23)
(2.00001 0.000228138 -8.65282e-24)
(2.00001 0.000269164 1.16425e-23)
(2.00001 5.62844e-05 0)
(2.00001 0.000157458 1.16126e-23)
(2.00001 -9.95883e-05 -8.86128e-24)
(2.00001 4.65509e-05 1.81341e-25)
(2.00001 -0.00018166 0)
(2.00001 -8.16234e-05 4.32074e-24)
(2.00001 -0.000265782 -2.32299e-23)
(2.00001 -0.00019937 1.15581e-23)
(2.00002 -0.000372683 -2.32668e-23)
(2.00002 -0.000350641 3.1841e-23)
(2.00002 -0.000466162 -2.36764e-23)
(2.00002 -0.000480492 -2.33985e-23)
(2.00002 -0.000692445 -4.73676e-23)
(2.00003 -0.000728326 4.69722e-23)
(2.00004 -0.000746987 -4.81967e-23)
(2.00003 -0.00093494 9.48278e-23)
(2.00006 -0.00130815 2.4647e-22)
(2.00006 -0.00139692 -9.83362e-23)
(2.0001 -0.00190316 -2.90424e-24)
(2.00008 -0.00199721 -1.98873e-22)
(2.00019 -0.00316751 -4.28446e-22)
(2.00013 -0.00304847 4.08557e-22)
(2.00023 -0.00641359 2.20688e-22)
(2.00026 -0.00472913 4.24466e-22)
(2.00157 -0.0132862 0)
(2.00061 -0.00576016 0)
(2.0033 -0.0246304 0)
(2.01974 0.041733 -1.87286e-20)
(2.0372 0.048948 0)
(2.03744 -0.0487579 7.53227e-21)
(2.05069 0.0491409 3.52845e-21)
(2.0575 0.0541071 -6.52816e-21)
(2.05795 -0.0539263 0)
(2.06041 0.0516125 3.28484e-21)
(2.05982 0.0486593 -6.37084e-22)
(2.06051 -0.0485408 1.42439e-21)
(2.0574 0.0460684 6.73318e-22)
(2.05298 0.0416803 2.24274e-29)
(2.05367 -0.0414455 -4.73275e-23)
(2.04391 0.0388645 0)
(2.03647 0.0369608 0)
(2.03746 -0.0368219 -1.71172e-22)
(2.02449 0.0357668 -2.06377e-22)
(2.01575 0.0345534 1.8322e-22)
(2.01692 -0.0342875 5.7169e-24)
(2.00291 0.0335622 1.11439e-26)
(1.99412 0.0322051 -9.02234e-23)
(1.99584 -0.0320052 -9.07087e-23)
(1.98129 0.0309994 -5.0985e-24)
(1.97291 0.0293579 9.10581e-23)
(1.97493 -0.0289462 1.767e-22)
(1.96041 0.0278939 -5.59244e-24)
(1.95259 0.0259959 0)
(1.95492 -0.025524 -4.23295e-23)
(1.94049 0.0243894 -4.37333e-23)
(1.93323 0.0224167 4.37337e-23)
(1.93557 -0.0220359 1.56893e-24)
(1.92154 0.0209242 -2.73441e-24)
(1.91487 0.0190545 -2.1676e-23)
(1.91741 -0.0185105 2.68944e-24)
(1.90374 0.017705 4.60666e-23)
(1.89752 0.0159267 -2.1668e-23)
(1.90035 -0.0151503 2.68085e-24)
(1.88686 0.0147655 2.72242e-24)
(1.88123 0.0131121 0)
(1.88436 -0.0121285 2.13687e-23)
(1.87113 0.0122552 0)
(1.866 0.010858 9.54716e-24)
(1.86967 -0.00975474 -2.14057e-23)
(1.85649 0.0101904 -8.17795e-24)
(1.85166 0.00908155 0)
(1.85605 -0.00804357 -8.03679e-24)
(1.84262 0.00865916 0)
(1.83806 0.00774403 1.0983e-23)
(1.84331 -0.00701918 0)
(1.82937 0.00754199 -1.0983e-23)
(1.82503 0.00680018 -2.74837e-24)
(1.83116 -0.005708 0)
(1.81657 0.00677006 -2.74972e-24)
(1.81244 0.00602339 5.507e-24)
(1.81953 -0.00488496 -5.33228e-24)
(1.80417 0.00618558 -5.50699e-24)
(1.80014 0.00549116 5.50599e-24)
(1.80833 -0.00428397 2.65679e-24)
(2.00382 0.0189586 -3.34357e-21)
(2.01086 0.0282848 1.16711e-20)
(2.01964 0.0377936 0)
(2.00141 0.0148334 8.52361e-22)
(2.00425 0.0101584 -4.01966e-21)
(2.00662 0.0211279 -1.68398e-21)
(2.00121 0.0063653 -3.13857e-21)
(2.00261 0.0101022 3.10828e-21)
(2.00333 0.0124164 0)
(2.00061 0.00398951 2.82724e-22)
(2.00145 0.00710981 0)
(2.00201 0.00858969 -3.90345e-22)
(2.0004 0.00275286 1.38661e-22)
(2.00095 0.00514965 7.48024e-22)
(2.00124 0.0058973 -3.75649e-22)
(2.00028 0.0019699 -1.39131e-24)
(2.00066 0.00378528 -1.8349e-22)
(2.00082 0.00413976 -3.70728e-22)
(2.0002 0.00144067 9.01951e-23)
(2.00048 0.00274027 -9.17147e-23)
(2.00059 0.00301324 3.66805e-22)
(2.00015 0.00105936 -8.94366e-23)
(2.00037 0.00194794 0)
(2.00045 0.00220057 -9.07068e-23)
(2.00012 0.000794015 0)
(2.0003 0.00128565 -8.97034e-23)
(2.00036 0.00155245 0)
(2.00011 0.000506483 2.7688e-24)
(2.00027 0.000806596 0)
(2.00031 0.00111681 8.97069e-23)
(2.0001 0.000328849 2.2135e-23)
(2.00024 0.000318896 0)
(2.00029 0.000681349 0)
(2.00009 0.000156194 1.0392e-23)
(2.00026 -0.000195124 -1.05169e-23)
(2.00027 0.000233597 -1.25743e-23)
(2.00009 -0.000153442 1.1063e-23)
(2.00027 -0.000634647 -3.34931e-23)
(2.00024 -0.000215507 1.1185e-23)
(2.0001 -0.000499958 -2.21645e-23)
(2.00031 -0.00105653 -5.91054e-27)
(2.00026 -0.000696427 3.34817e-23)
(2.00011 -0.000922977 2.21881e-23)
(2.00036 -0.00149969 -6.70933e-23)
(2.00031 -0.00120097 9.00758e-23)
(2.00015 -0.00141384 8.95316e-23)
(2.00046 -0.00209229 9.11742e-23)
(2.00036 -0.00176796 0)
(2.00018 -0.0020232 0)
(2.0006 -0.00282281 -3.63686e-22)
(2.00051 -0.00253025 9.43934e-25)
(2.00027 -0.00304921 -1.8471e-22)
(2.00082 -0.0037375 3.71962e-22)
(2.00062 -0.00326261 1.83249e-22)
(2.0004 -0.00394216 -4.67121e-23)
(2.00129 -0.00570059 0)
(2.001 -0.00499536 -3.7052e-22)
(2.00067 -0.0057311 1.44191e-21)
(2.00208 -0.00841303 -1.91762e-21)
(2.00143 -0.00704518 7.6428e-22)
(2.00121 -0.00862591 -7.89194e-22)
(2.00379 -0.0132382 -7.75196e-22)
(2.00238 -0.0104147 -7.80423e-22)
(2.00203 -0.0140819 1.50601e-21)
(2.00726 -0.0214038 1.56601e-21)
(2.00458 -0.0163869 8.09289e-22)
(2.00859 -0.0277418 3.62874e-20)
(2.01999 -0.0374131 -1.01971e-20)
(2.01106 -0.0219536 -6.59626e-21)
(2.01885 0.0332355 -1.32499e-20)
(2.02752 0.0359138 0)
(2.04307 0.0435583 -3.98991e-22)
(2.00805 0.0263959 1.27147e-20)
(2.01285 0.0180169 3.00533e-21)
(2.01823 0.0296895 0)
(2.00613 0.0145374 -1.57184e-21)
(2.00699 0.0154151 -1.51947e-21)
(2.01068 0.0206453 0)
(2.00359 0.00977787 -7.51112e-22)
(2.00417 0.0111756 7.43757e-22)
(2.00656 0.0144247 0)
(2.00233 0.00698151 -7.41954e-22)
(2.00274 0.00823561 -1.79295e-22)
(2.00425 0.0103052 0)
(2.00163 0.00507359 7.33169e-22)
(2.00194 0.00614871 -3.59415e-22)
(2.00291 0.00743952 7.24783e-22)
(2.00119 0.00372537 -2.71842e-22)
(2.00144 0.00449915 2.67155e-22)
(2.0021 0.00548304 3.58273e-22)
(2.00091 0.00272474 -8.92666e-23)
(2.00112 0.00321852 8.88256e-23)
(2.00159 0.00402249 -3.55134e-22)
(2.00073 0.00195774 2.36738e-25)
(2.00092 0.00217912 8.8509e-23)
(2.00126 0.00286993 -4.39815e-22)
(2.00064 0.00125653 0)
(2.00083 0.00137095 0)
(2.00101 0.00196218 0)
(2.00055 0.000652946 2.2323e-23)
(2.00077 0.000621577 -4.39625e-23)
(2.00088 0.00118531 1.32407e-22)
(2.0005 0.000129235 -4.48114e-23)
(2.00084 -0.000161497 2.20567e-23)
(2.00084 0.000400408 0)
(2.00049 -0.000466241 -8.97002e-23)
(2.00088 -0.000890888 8.82379e-23)
(2.00079 -0.000320907 4.40619e-23)
(2.00054 -0.00110589 1.34632e-22)
(2.00103 -0.00179791 -4.39608e-22)
(2.00083 -0.00116413 -8.76424e-23)
(2.00063 -0.00193744 -8.93785e-23)
(2.00131 -0.00276947 1.75837e-22)
(2.00099 -0.00202578 -1.32468e-22)
(2.00079 -0.00288278 2.70612e-22)
(2.00162 -0.00395553 -3.53995e-22)
(2.00113 -0.00308792 8.86034e-23)
(2.00103 -0.00413313 1.81369e-22)
(2.00222 -0.00529733 -7.08028e-22)
(2.00149 -0.00423559 3.57054e-22)
(2.00142 -0.00591142 0)
(2.00299 -0.00706152 -1.43281e-21)
(2.00194 -0.00567828 0)
(2.00218 -0.00797933 -3.71391e-22)
(2.0044 -0.0101967 0)
(2.00282 -0.00810141 3.64135e-22)
(2.00347 -0.0113537 7.65981e-22)
(2.00674 -0.0146196 -1.49256e-21)
(2.00421 -0.0114627 0)
(2.00608 -0.0167009 1.57502e-21)
(2.01118 -0.0209248 4.49592e-21)
(2.00696 -0.0157898 3.00219e-21)
(2.0115 -0.0247001 -6.43287e-21)
(2.02092 -0.0306603 -7.6372e-21)
(2.01281 -0.0234636 -1.56281e-21)
(2.0326 -0.0410174 5.13184e-21)
(2.04382 -0.0432505 0)
(2.02828 -0.0294832 -1.26789e-20)
(2.03513 0.0358674 7.23723e-22)
(2.04229 0.0355433 -6.0203e-21)
(2.0603 0.0422305 -9.24092e-23)
(2.01764 0.0324385 -7.62695e-21)
(2.02244 0.0222034 4.51236e-21)
(2.03042 0.0313524 0)
(2.05342 -0.0427352 0)
(2.06117 -0.0420544 -2.82021e-21)
(2.04305 -0.031322 0)
(2.0482 0.0334036 1.87437e-21)
(2.05322 0.0319575 0)
(2.07059 0.0352348 0)
(2.02674 0.0322874 -3.70363e-21)
(2.03071 0.0224419 2.51981e-21)
(2.04011 0.0293153 3.62309e-22)
(2.06711 -0.0378475 2.92032e-21)
(2.07144 -0.0351067 4.32886e-23)
(2.05389 -0.0290311 -4.48883e-23)
(2.05697 0.0293181 -4.40798e-22)
(2.05996 0.0281365 0)
(2.07506 0.0289181 -6.85041e-22)
(2.034 0.029464 -3.93293e-21)
(2.03688 0.0206576 1.51183e-21)
(2.04671 0.0261104 -1.41046e-21)
(2.07405 -0.0308147 0)
(2.07563 -0.0285458 -1.05521e-23)
(2.06002 -0.0257854 6.78965e-22)
(2.062 0.0261397 1.72314e-22)
(2.06375 0.0257232 0)
(2.07628 0.0245861 0)
(2.03916 0.0258548 1.21022e-21)
(2.04113 0.0185649 -2.85233e-21)
(2.05075 0.0233713 8.60371e-23)
(2.0763 -0.0251546 -3.3768e-22)
(2.07699 -0.0237523 -3.00512e-24)
(2.06421 -0.0237107 7.22731e-22)
(2.06509 0.0243689 -6.74262e-22)
(2.06645 0.0243361 6.5334e-22)
(2.07673 0.0213907 2.29699e-23)
(2.04267 0.0227459 1.54303e-21)
(2.04408 0.0170134 0)
(2.05343 0.0213336 0)
(2.07736 -0.0218148 3.45863e-22)
(2.07779 -0.0206105 1.28701e-24)
(2.06755 -0.022703 6.63213e-22)
(2.06768 0.023126 -3.53597e-22)
(2.06897 0.0230766 3.63917e-22)
(2.07722 0.0185639 -1.16416e-23)
(2.04523 0.0204399 3.37587e-22)
(2.0464 0.0159508 0)
(2.05566 0.0194486 -6.91249e-22)
(2.07799 -0.0193475 5.11118e-23)
(2.07844 -0.0173389 0)
(2.07001 -0.021526 3.29378e-22)
(2.07016 0.0217076 3.69708e-22)
(2.07138 0.0214949 -3.3863e-22)
(2.07762 0.0157565 1.64006e-22)
(2.0474 0.0185775 -3.32554e-22)
(2.04844 0.01504 1.07404e-21)
(2.0578 0.0173694 1.54553e-23)
(2.0787 -0.0167988 2.03233e-23)
(2.0792 -0.0148309 1.54499e-22)
(2.07283 -0.0200954 1.67192e-22)
(2.07244 0.0199322 2.04276e-23)
(2.0734 0.0195459 -6.3114e-25)
(2.07771 0.011874 5.84743e-25)
(2.04934 0.0167632 -6.61765e-22)
(2.05027 0.0140059 -8.24369e-23)
(2.05978 0.0149866 3.27793e-22)
(2.07921 -0.0132802 -1.99736e-23)
(2.07917 -0.0120855 2.7406e-24)
(2.07454 -0.0180342 3.54327e-22)
(2.07411 0.017768 -1.81005e-22)
(2.07467 0.0173597 1.60772e-22)
(2.07714 0.00971869 0)
(2.05103 0.0148552 2.04506e-22)
(2.0518 0.0128284 0)
(2.06133 0.0125926 1.61933e-22)
(2.07904 -0.0111607 -2.33791e-22)
(2.07878 -0.00947101 7.60054e-23)
(2.0762 -0.0160462 -1.58755e-22)
(2.07504 0.0156125 1.70089e-22)
(2.07529 0.0153448 -1.62485e-22)
(2.07578 0.00771072 0)
(2.05231 0.0130593 8.13174e-23)
(2.05287 0.011528 0)
(2.06237 0.0104466 2.5098e-24)
(2.07813 -0.00887159 7.80027e-23)
(2.07768 -0.00766142 -1.23287e-23)
(2.07702 -0.0139176 -1.47676e-22)
(2.07539 0.0137813 0)
(2.07535 0.0131503 -4.68756e-24)
(2.07397 0.00616828 0)
(2.05325 0.0115899 -8.0935e-23)
(2.0536 0.0102755 0)
(2.06294 0.00864108 -1.55854e-22)
(2.07666 -0.00704626 -1.56291e-22)
(2.07614 -0.00595516 7.85643e-23)
(2.07724 -0.0117908 0)
(2.07523 0.0129414 8.33494e-23)
(2.07513 0.0119795 -8.24423e-23)
(2.07195 0.00512156 -1.25093e-24)
(2.05388 0.0103863 0)
(2.05404 0.0095227 0)
(2.06326 0.00746267 5.0109e-24)
(2.07511 -0.00556115 2.4446e-24)
(2.07458 -0.00488244 2.9388e-23)
(2.07765 -0.0105069 -1.47149e-22)
(2.07498 0.0117218 0)
(2.07489 0.0110662 0)
(2.06984 0.0045929 -2.5425e-26)
(2.05409 0.00931532 1.58956e-22)
(2.05423 0.00893865 -7.9446e-23)
(2.06344 0.00674086 0)
(2.07351 -0.00480565 -8.40884e-27)
(2.0727 -0.00445665 -4.16474e-23)
(2.07787 -0.00941692 3.69511e-23)
(2.07473 0.0108156 -5.02326e-24)
(2.07463 0.0103449 9.29871e-27)
(2.06774 0.00444132 5.00409e-24)
(2.05433 0.00883542 0)
(2.05435 0.00840628 -2.01035e-23)
(2.06352 0.00618126 -6.5302e-23)
(2.072 -0.00451189 -2.44523e-24)
(2.07116 -0.00466767 0)
(2.07782 -0.00866066 7.11633e-23)
(2.0745 0.0101065 0)
(2.07434 0.00981315 -5.00907e-24)
(2.06565 0.00455982 -3.25115e-23)
(2.05437 0.0083279 0)
(2.05445 0.00812637 0)
(2.06365 0.00577627 0)
(2.07035 -0.00425198 7.33452e-24)
(2.06998 -0.00432688 0)
(2.07817 -0.00818712 0)
(2.07425 0.00963266 -4.00916e-23)
(2.07414 0.009265 4.51035e-23)
(2.06354 0.00479042 -5.0113e-24)
(2.05454 0.00812606 -1.00414e-22)
(2.05464 0.00787726 1.53203e-22)
(2.06377 0.00555855 -8.13309e-27)
(2.06918 -0.00449818 -1.9361e-23)
(2.06851 -0.00460919 1.94597e-23)
(2.07848 -0.00757307 3.5378e-23)
(2.07406 0.00927566 -4.51182e-23)
(2.07397 0.00892016 -8.89219e-28)
(2.06147 0.00511657 0)
(2.05464 0.00792057 -3.71664e-23)
(2.05466 0.00705743 3.80025e-23)
(2.06392 0.00552623 0)
(2.06756 -0.00462538 9.71838e-24)
(2.06722 -0.00447145 7.27232e-24)
(2.07875 -0.00606786 2.79925e-23)
(2.0601 0.0053824 -2.25241e-23)
(2.064 0.00547283 3.00842e-23)
(2.04574 0.00568191 5.79355e-23)
(2.03776 0.00663765 2.51932e-24)
(2.03208 0.00585829 -1.56338e-22)
(2.02808 0.00566779 -1.61564e-22)
(2.02531 0.00528661 -5.05514e-24)
(2.0233 0.00492669 1.61698e-22)
(2.05809 0.00563918 0)
(2.06426 0.00541669 4.01037e-23)
(2.04588 0.00573414 -8.01872e-23)
(2.03793 0.00640435 -8.04648e-23)
(2.03221 0.00596602 1.58882e-22)
(2.02831 0.00550652 1.64113e-22)
(2.02546 0.0053698 -1.66564e-22)
(2.02353 0.00511927 -1.56686e-22)
(1.79201 0.00574992 -8.26041e-24)
(1.78804 0.00504494 2.75519e-24)
(1.78003 0.00542872 -5.49821e-24)
(1.7761 0.0046866 5.49756e-24)
(2.07385 0.0089229 -1.00273e-23)
(2.07381 0.00860308 3.50851e-23)
(2.05943 0.00539162 2.75356e-23)
(2.05471 0.00897447 -1.95762e-23)
(2.05479 0.00632211 7.73517e-26)
(2.06419 0.00543145 0)
(2.07376 0.00868117 0)
(2.07371 0.00844535 0)
(2.05742 0.00570345 0)
(2.05487 0.00869719 8.02552e-23)
(2.05497 0.00621502 0)
(2.0644 0.00540788 -4.01048e-23)
(2.00055 -0.0529669 9.62802e-24)
(1.6955 -0.0305828 -5.6022e-22)
(1.92586 -0.0515764 -7.5996e-24)
(1.24804 -0.0257054 -1.25457e-22)
(1.75571 -0.0488364 3.74906e-24)
(0.844394 -0.0186088 3.50112e-24)
(1.56355 -0.0316897 -2.06069e-25)
(0.611314 -0.00357759 1.04428e-24)
(1.38473 -0.0196608 -7.94577e-28)
(0.497312 0.000773308 0)
(1.22758 -0.0143583 1.56305e-27)
(0.429985 0.00157164 0)
(1.09214 -0.0113571 -4.95553e-26)
(0.381461 0.00124734 0)
(0.976794 -0.00909055 -7.60326e-28)
(0.341265 0.00065464 -7.59086e-28)
(0.882815 -0.00688568 0)
(0.307813 7.72828e-05 0)
(0.809056 -0.00504503 0)
(0.280186 -0.000317932 0)
(0.754246 -0.00332035 0)
(0.257993 -0.000391481 0)
(0.716992 -0.00195198 0)
(0.24225 -0.000456726 0)
(0.690979 -0.000948504 0)
(0.231356 -0.000610186 0)
(0.674418 -6.8108e-05 0)
(0.224711 -0.000724763 0)
(0.66423 0.000383398 0)
(0.221204 -0.000788704 0)
(0.657983 0.000609021 0)
(0.21947 -0.000767719 0)
(0.653535 0.000704023 0)
(0.218345 -0.000748234 0)
(0.650495 0.000720828 0)
(0.217993 -0.000750497 0)
(0.648192 0.000698409 0)
(0.217834 -0.000682401 0)
(2.00457 -0.0440064 0)
(1.88631 -0.0220644 1.37699e-21)
(1.97806 -0.0520502 -2.53888e-22)
(1.47696 -0.0282348 -3.38241e-25)
(1.84722 -0.051868 1.25904e-22)
(1.03702 -0.023415 -1.21078e-22)
(1.66082 -0.0406896 0)
(0.703799 -0.0102619 -4.3661e-24)
(1.47301 -0.0243337 2.07221e-25)
(0.546331 -0.000381085 -2.03989e-25)
(1.3047 -0.0165337 0)
(0.460539 0.00137662 0)
(1.15873 -0.0126524 -1.56333e-27)
(0.404875 0.00151319 0)
(1.03378 -0.0101113 0)
(0.361162 0.000990133 7.59076e-28)
(0.929234 -0.00780868 7.60438e-28)
(0.324424 0.000413412 0)
(0.845877 -0.00586831 0)
(0.294036 -9.3282e-05 0)
(0.781277 -0.00416836 0)
(0.26904 -0.000404251 0)
(0.736263 -0.00247233 0)
(0.250185 -0.000361387 0)
(0.705277 -0.00133566 0)
(0.237106 -0.00045652 0)
(0.684295 -0.000316299 0)
(0.228372 -0.000616628 0)
(0.670962 0.000339413 0)
(0.223428 -0.000729032 0)
(0.662178 0.000662214 0)
(0.220652 -0.000797743 0)
(0.656455 0.00066035 0)
(0.219119 -0.000775476 0)
(0.652576 0.000778942 0)
(0.218317 -0.000743859 0)
(0.649821 0.000790339 0)
(0.217988 -0.000698717 0)
(0.647731 0.000771104 0)
(0.217959 -0.000657165 0)
(2.00041 0.052988 1.14098e-21)
(1.69539 0.0305755 5.73307e-22)
(1.92575 0.051613 -2.3586e-22)
(1.24764 0.0257174 1.33422e-22)
(1.75525 0.0488769 -3.55896e-24)
(0.843607 0.0186094 0)
(1.56297 0.0315874 1.23052e-27)
(0.61084 0.00348104 -4.06203e-28)
(1.38482 0.0195363 0)
(0.497519 -0.000762767 -3.45085e-25)
(1.22738 0.0145327 -4.89127e-26)
(0.429827 -0.00151776 -3.71022e-25)
(1.09057 0.0114773 -9.99924e-26)
(0.380308 -0.00127537 2.4819e-26)
(0.974851 0.00900667 -5.39632e-27)
(0.340055 -0.000689287 -2.16806e-25)
(0.880523 0.00685951 0)
(0.306536 -0.000103449 5.16071e-26)
(0.806594 0.00498137 0)
(0.278919 0.000306678 0)
(0.752132 0.00329614 0)
(0.256899 0.00038257 0)
(0.714565 0.00194903 0)
(0.240929 0.000463654 0)
(0.688542 0.000893307 0)
(0.229872 0.000600302 0)
(0.671072 0.000126368 0)
(0.222815 0.000716011 0)
(0.659582 -0.000335932 0)
(0.218569 0.000779609 0)
(0.651869 -0.000570573 0)
(0.216032 0.000801368 0)
(0.646494 -0.000675978 0)
(0.214536 0.00079674 0)
(0.642442 -0.000692797 0)
(0.213592 0.000764819 0)
(0.639046 -0.0006398 0)
(0.212875 0.00070555 0)
(2.00449 0.0440414 -3.74086e-35)
(1.88626 0.0220856 0)
(1.97783 0.0521027 -3.21715e-23)
(1.47659 0.0282486 3.46303e-23)
(1.84633 0.0519429 -1.22247e-22)
(1.0363 0.0234377 5.3085e-23)
(1.65947 0.0407054 3.14049e-23)
(0.70281 0.0102328 -1.38596e-23)
(1.4718 0.0242182 -1.00639e-28)
(0.545912 0.000361175 0)
(1.30399 0.0166013 0)
(0.460437 -0.00130886 -6.88295e-25)
(1.15704 0.0128914 -1.57579e-27)
(0.403823 -0.00148866 1.55962e-27)
(1.0308 0.0101988 2.40766e-26)
(0.359493 -0.00101039 0)
(0.925973 0.00790282 0)
(0.322835 -0.000395876 -1.51974e-25)
(0.842225 0.00588823 0)
(0.29236 0.000114619 -7.88402e-27)
(0.778003 0.00412365 0)
(0.267509 0.000416569 0)
(0.732845 0.00254963 0)
(0.248626 0.000389375 0)
(0.701556 0.00135798 0)
(0.235257 0.000521538 0)
(0.680182 0.000429388 0)
(0.226337 0.000649714 0)
(0.665968 -0.000176392 0)
(0.220827 0.000751756 0)
(0.656476 -0.000493105 0)
(0.217521 0.000791825 0)
(0.649919 -0.000659555 0)
(0.215514 0.000795435 0)
(0.645142 -0.000718363 0)
(0.214249 0.00077763 0)
(0.641355 -0.000702526 0)
(0.213395 0.000728014 0)
(0.638041 -0.000630127 0)
(0.212679 0.000659227 0)
(0.635837 -0.000556001 0)
(0.21215 0.000635712 0)
(0.632672 -0.000479044 0)
(0.211394 0.000571836 0)
(0.634861 -0.00055612 0)
(0.211945 0.000589298 0)
(0.631692 -0.000480319 0)
(0.211176 0.000523274 0)
(1.9045 -0.288783 7.95721e-21)
(1.70463 -0.330034 7.19949e-21)
(1.5725 0.00313301 -1.82448e-20)
(1.70989 0.159786 -1.39869e-20)
(1.85652 0.20851 1.18941e-20)
(2.17025 -0.171899 -6.60254e-22)
(2.12321 -0.251369 0)
(2.07353 -0.315609 -6.46231e-22)
(1.97135 -0.47496 -1.60886e-20)
(1.68422 -0.483049 -2.86785e-20)
(1.43134 -0.187875 -5.33581e-21)
(1.58145 0.191934 8.65055e-21)
(1.78094 0.516597 -9.03023e-21)
(2.03671 0.390935 7.06959e-22)
(2.10436 0.341818 -2.88388e-21)
(2.20523 -0.0282304 -1.96168e-23)
(2.24229 -0.0524298 -2.26405e-23)
(2.23284 -0.0886511 1.41815e-22)
(2.22311 -0.136353 -5.12919e-24)
(2.22477 -0.195411 6.6613e-22)
(2.21885 -0.279087 0)
(2.19285 -0.390719 4.04923e-21)
(2.11112 -0.589994 0)
(1.72531 -1.09602 3.77884e-20)
(1.0082 -0.574151 1.92839e-19)
(1.26116 0.558875 5.59526e-20)
(1.89043 0.782522 9.98505e-23)
(2.10086 0.454415 1.68877e-21)
(2.18018 0.310968 0)
(2.23558 -0.0245812 1.08419e-23)
(2.27174 -0.0513525 7.57673e-23)
(2.26541 -0.113874 -4.69305e-23)
(2.27195 -0.165473 2.41289e-21)
(2.29123 -0.226034 -2.39221e-22)
(2.32275 -0.299743 -9.05609e-22)
(2.37238 -0.319376 2.03988e-21)
(2.36818 -0.516603 -3.81965e-20)
(2.59828 -0.848917 -1.10881e-20)
(2.51306 0.865159 5.97744e-21)
(2.3201 0.484143 -1.78832e-21)
(2.30977 0.340868 0)
(2.26627 -0.0229935 -7.19316e-23)
(2.30964 -0.0548713 5.82524e-23)
(2.32835 -0.0829671 1.40824e-22)
(2.33975 -0.103984 8.59358e-22)
(2.36003 -0.150568 0)
(2.39234 -0.200433 -3.97691e-21)
(2.47142 -0.235779 -1.32568e-20)
(2.54202 -0.257715 0)
(2.02855 -0.32363 -1.12066e-19)
(2.10491 0.393121 -1.63611e-19)
(2.51034 0.32491 0)
(2.39434 0.274011 -3.5007e-21)
(2.29642 -0.0154579 -6.41182e-23)
(2.34003 -0.0396265 -7.39484e-23)
(1.86418 -0.0166665 0)
(1.88294 -0.014153 -1.22174e-23)
(1.46372 -0.903655 6.84568e-20)
(2.17859 -1.15372 -2.80464e-20)
(0.783092 0.16197 1.43157e-20)
(1.36009 1.25295 -5.44228e-20)
(2.05767 0.919544 9.15046e-21)
(1.90169 -0.0138843 -1.67238e-23)
(1.91933 -0.0102529 -9.91687e-24)
(2.66907 -0.516376 -1.21382e-21)
(2.41836 0.789703 -4.7315e-21)
(2.54919 0.495419 0)
(2.57507 0.60767 -9.9967e-21)
(1.93653 -0.0116214 2.47868e-23)
(1.95129 -0.00512313 0)
(-0.00122661 0.13406 -8.43425e-20)
(1.87158 -0.25328 -7.04612e-20)
(0.080801 -0.155503 0)
(1.96447 -0.00132844 2.21005e-24)
(1.91 -0.369282 2.63826e-20)
(1.94609 -0.492274 -2.95902e-20)
(2.03548 -0.46002 2.18971e-21)
(1.6274 -0.270228 0)
(1.45581 -0.647736 0)
(1.76999 -0.55354 4.74332e-20)
(1.35468 0.0771604 4.97615e-21)
(1.13172 0.0661073 3.50185e-20)
(1.18883 -0.282052 3.00954e-20)
(1.58506 0.537603 2.62296e-20)
(1.75589 0.399631 -1.44544e-20)
(1.31045 0.49079 -2.30776e-20)
(1.88711 0.399367 2.90205e-21)
(1.92884 0.4974 -1.29438e-21)
(1.82226 0.574207 -1.78964e-20)
(2.24615 -0.0381847 1.46634e-23)
(2.26031 -0.0466305 3.42902e-23)
(2.22006 -0.0321814 1.1139e-23)
(2.23937 -0.0454094 -1.47344e-22)
(2.24867 -0.104799 -8.70859e-23)
(2.25586 -0.0625047 3.86659e-23)
(2.05539 -0.613181 9.46518e-21)
(2.19457 -0.710761 2.0511e-20)
(2.22947 -0.555834 3.47054e-21)
(2.04592 0.605107 1.07216e-20)
(2.15335 0.72247 -4.07463e-22)
(2.09812 1.086 -7.67141e-23)
(2.14257 0.490945 0)
(2.20932 0.495039 0)
(2.18146 0.513343 0)
(2.27623 -0.0382932 -5.65324e-23)
(2.28951 -0.0418686 5.80337e-23)
(2.2493 -0.02771 1.41068e-23)
(2.26086 -0.0459072 3.00657e-23)
(2.27933 -0.0964362 -3.53999e-22)
(2.28549 -0.0624824 -3.73121e-23)
(2.49241 -0.685391 2.99193e-20)
(2.61128 -0.35908 -7.28973e-21)
(2.50469 -0.411276 -1.37732e-21)
(2.29101 0.496056 7.24518e-22)
(2.38198 0.433944 -1.12664e-21)
(2.44937 0.432441 -1.02256e-21)
(2.30709 -0.0394654 3.73006e-23)
(2.32326 -0.0280401 3.5874e-24)
(2.28203 -0.0170312 3.8821e-24)
(2.30593 -0.0568463 1.26297e-22)
(2.32753 -0.0736652 -6.75598e-22)
(2.32531 -0.0448693 -5.83286e-23)
(2.55884 -0.225308 0)
(2.45034 -0.115194 0)
(2.53594 -0.225029 2.5313e-20)
(2.51225 0.366128 1.24106e-20)
(2.45653 0.305756 -4.0719e-20)
(1.79457 0.391169 3.24844e-20)
(2.45388 0.380272 6.36093e-21)
(2.48911 0.315018 -2.99358e-22)
(2.50635 0.303341 0)
(2.33693 -0.0269035 4.76122e-23)
(2.34207 -0.0485222 0)
(2.59475 -0.764163 4.16414e-20)
(2.21953 -1.02255 4.18465e-20)
(0.0953168 -0.318295 1.08943e-18)
(-0.709765 -0.44192 -4.07808e-20)
(0.564104 -0.930654 -1.9069e-18)
(0.547655 -1.00153 1.91342e-18)
(-0.188356 -0.140931 -1.30442e-18)
(-0.100537 -0.0873595 3.45123e-19)
(0.701172 0.968604 8.20336e-19)
(0.661974 1.17623 -8.37024e-19)
(-0.18421 0.320902 0)
(-0.103945 0.236691 -2.42816e-20)
(2.49698 0.755345 -9.65718e-19)
(2.0418 1.05932 1.02863e-18)
(0.246518 0.270143 1.0573e-18)
(-0.642975 0.336629 -3.905e-20)
(2.00583 -1.44199 -5.07616e-20)
(1.70382 -1.3287 -5.00456e-20)
(1.25038 -1.14089 -7.98561e-19)
(1.12391 -1.4489 -4.30746e-19)
(2.4873 -0.238355 0)
(1.00166 -0.231852 5.74287e-20)
(0.428959 0.446377 3.23451e-19)
(0.234561 0.515555 -2.955e-19)
(0.98323 -0.00251631 0)
(0.41609 -0.000249104 0)
(1.00954 -0.00111757 0)
(0.427251 -0.000118476 0)
(1.02938 0.000673473 0)
(0.433032 -0.00107527 0)
(1.02566 0.00320125 0)
(0.427638 0.000228657 0)
(0.997402 -0.00205133 0)
(0.42223 -0.000163501 0)
(1.02235 -0.000900291 0)
(0.431396 8.00705e-05 0)
(1.02873 0.00218892 0)
(0.432024 -0.000455805 0)
(-0.410518 -0.360038 0)
(-0.557993 -0.513698 1.88255e-18)
(-0.0644091 0.339043 -1.03631e-20)
(-0.0172596 0.263403 -2.27389e-20)
(1.79892 1.46332 0)
(1.60198 1.3192 1.07787e-18)
(2.41436 0.279133 -4.42477e-20)
(0.929481 0.288644 1.85335e-20)
(-0.485522 0.434689 0)
(-0.5374 0.419518 2.91584e-20)
)
;

boundaryField
{
    inlet
    {
        type            fixedValue;
        value           uniform (2 0 0);
    }
    outlet
    {
        type            zeroGradient;
    }
    wall
    {
        type            noSlip;
    }
    empty_zmin
    {
        type            empty;
    }
    empty_zmax
    {
        type            empty;
    }
    procBoundary0to1
    {
        type            processor;
        value           nonuniform List<vector> 
39
(
(2.40674 0.165803 -4.44505e-21)
(2.35585 0.136811 1.22394e-21)
(2.32124 0.086421 -5.15182e-21)
(2.30444 0.0660208 -8.72457e-22)
(2.2892 0.0522211 -2.8963e-23)
(2.27568 0.0459252 1.96276e-22)
(2.27066 0.0317036 3.38206e-23)
(2.27469 0.0191759 8.49379e-24)
(2.27764 0.00493389 -3.20603e-23)
(1.84344 -0.0011596 -1.53988e-23)
(2.23241 0.00451998 0)
(0.82564 -0.00140804 0)
(0.319357 -0.000173371 0)
(2.34616 -0.0632939 -7.98494e-22)
(2.36522 -0.0892383 3.849e-21)
(2.40345 -0.104612 -8.6958e-21)
(2.45756 -0.123352 6.5156e-21)
(2.51004 -0.114943 -7.67135e-21)
(2.47972 0.176693 2.15097e-21)
(2.30934 -0.00568833 -6.34438e-23)
(2.35068 -0.0259481 1.40319e-22)
(2.34616 -0.0632939 -7.98494e-22)
(2.51932 -0.189282 -1.36531e-20)
(1.43198 -0.266857 0)
(-0.294336 -0.192465 -9.73279e-20)
(-0.0384431 0.345974 -3.02656e-20)
(1.61661 0.288601 1.36247e-20)
(2.5298 0.300134 -3.33306e-21)
(2.5298 0.300134 -3.33306e-21)
(-0.121726 0.137042 -5.28969e-20)
(-0.132751 0.0274629 -2.58943e-20)
(1.97538 0.000398469 2.20957e-24)
(-0.160205 0.312808 -1.73853e-20)
(2.39234 -0.146001 0)
(2.35033 0.289495 0)
(2.35083 -0.0160347 5.44011e-23)
(2.34828 -0.041851 3.58631e-22)
(1.01803 0.00457399 0)
(0.417453 0.000483884 0)
)
;
    }
}


// ************************************************************************* //
