/*--------------------------------*- C++ -*----------------------------------*\
| =========                 |                                                 |
| \\      /  F ield         | OpenFOAM: The Open Source CFD Toolbox           |
|  \\    /   O peration     | Version:  2406                                  |
|   \\  /    A nd           | Website:  www.openfoam.com                      |
|    \\/     M anipulation  |                                                 |
\*---------------------------------------------------------------------------*/
FoamFile
{
    version     2.0;
    format      ascii;
    arch        "LSB;label=32;scalar=64";
    class       volScalarField;
    location    "2.84";
    object      Co;
}
// * * * * * * * * * * * * * * * * * * * * * * * * * * * * * * * * * * * * * //

dimensions      [0 0 0 0 0 0 0];

internalField   nonuniform List<scalar> 
2367
(
0.0342351
0.0346573
0.0342474
0.034334
0.034188
0.131807
0.165567
0.168182
0.00692242
0.00785838
0.0367267
0.103815
0.156316
0.0824643
0.0861415
0.0928734
0.0979648
0.10072
0.0985283
0.0895947
0.0744345
0.0530658
0.0448113
0.0451573
0.0334055
0.037719
0.0408019
0.0644372
0.0886909
0.0902953
0.0881426
0.0861216
0.0845527
0.168234
0.129746
0.0899894
0.14329
0.0759524
0.0791485
0.0842974
0.0887779
0.0914506
0.0922438
0.088072
0.0791449
0.0623131
0.0505312
0.0481244
0.0426164
0.0509712
0.0533821
0.0677897
0.0902588
0.0922558
0.0894849
0.0871092
0.0853026
0.169086
0.12654
0.0791107
0.126485
0.0685643
0.072305
0.0762238
0.0794143
0.0801353
0.0797294
0.0800313
0.0750187
0.064338
0.0568138
0.0518754
0.0575156
0.062334
0.0656277
0.0743129
0.0931132
0.0948853
0.0921055
0.0887348
0.0867309
0.17083
0.123322
0.0424221
0.0368416
0.0318172
0.127925
0.0272618
0.0237053
0.124903
0.0220291
0.0234017
0.120941
0.0755149
0.111424
0.0602667
0.0638353
0.0670997
0.0694529
0.0705517
0.0674564
0.0702535
0.0682283
0.0627727
0.0597368
0.0573228
0.0648283
0.0680079
0.0743334
0.0827326
0.0989207
0.0988157
0.0941989
0.0902573
0.0891914
0.175505
0.117982
0.0744178
0.0985671
0.0531599
0.055872
0.0581418
0.0601352
0.0603496
0.05716
0.0609861
0.0607569
0.0591394
0.0579233
0.0592874
0.0653635
0.0699827
0.0774497
0.0863966
0.0988164
0.0984428
0.0964081
0.0955488
0.0937033
0.180109
0.107947
0.0726883
0.0888192
0.0480592
0.0496782
0.049648
0.05112
0.0492645
0.0484113
0.050704
0.0507093
0.0503049
0.0510931
0.0547684
0.059243
0.0651166
0.0730936
0.0880216
0.105458
0.108121
0.10387
0.100922
0.0975453
0.185336
0.0885139
0.0708647
0.0809142
0.043377
0.0446281
0.0436547
0.0422098
0.038016
0.0384296
0.0382485
0.0379656
0.0390342
0.0425645
0.0476225
0.0528591
0.0608691
0.0803967
0.104299
0.114739
0.111796
0.105527
0.102545
0.0992774
0.187052
0.0656131
0.0694766
0.0757448
0.0385916
0.0400659
0.0391166
0.0330347
0.0276992
0.0265472
0.0249293
0.0250382
0.0282001
0.0334987
0.0407143
0.0559234
0.0791232
0.102174
0.115046
0.117004
0.111495
0.105871
0.102912
0.0995222
0.182443
0.0459888
0.0694363
0.0739256
0.0347199
0.0351296
0.0335646
0.0250643
0.0199332
0.0172858
0.0151577
0.0180331
0.028542
0.043778
0.0615132
0.0819684
0.100548
0.113431
0.11745
0.116202
0.109821
0.105194
0.101866
0.0981993
0.173154
0.0327371
0.0706539
0.074798
0.0361468
0.0336677
0.0272974
0.0182727
0.0155443
0.0189257
0.0263264
0.0369944
0.0509458
0.0675233
0.0835254
0.0984251
0.109429
0.11537
0.115534
0.112744
0.106099
0.102366
0.0987315
0.0940644
0.159117
0.023122
0.0731052
0.0767524
0.0377229
0.0336095
0.026201
0.0225896
0.0269841
0.0347202
0.0440162
0.0551026
0.0673471
0.0810719
0.0930853
0.103118
0.110268
0.112533
0.110166
0.106667
0.100256
0.0967675
0.0926791
0.086391
0.140621
0.0131004
0.0752419
0.0791391
0.0382055
0.0338985
0.0308769
0.0345227
0.041073
0.0478016
0.0562395
0.0661344
0.075855
0.0863288
0.0957308
0.101968
0.105934
0.105328
0.102166
0.0991091
0.0939586
0.0907485
0.0860852
0.0785705
0.129074
0.0176516
0.0764925
0.0810352
0.0389015
0.0355414
0.0365255
0.0432828
0.0494742
0.0559535
0.0638687
0.0720955
0.0796803
0.0873755
0.0948241
0.0974165
0.0992906
0.0975242
0.0949371
0.0924107
0.0884994
0.0851096
0.0799856
0.0730017
0.121963
0.0275354
0.0806538
0.0859512
0.0412057
0.0400891
0.0442429
0.0522012
0.0574842
0.0625584
0.0686754
0.074904
0.0807441
0.085863
0.0907607
0.0911842
0.092559
0.0909002
0.0888547
0.0863354
0.0830319
0.0797117
0.07436
0.0673494
0.113618
0.036424
0.0873608
0.0909409
0.0451225
0.0455548
0.0499174
0.0573213
0.0616458
0.0657239
0.0710978
0.0761522
0.0802723
0.0833153
0.0860141
0.0859046
0.0863352
0.0845367
0.0825421
0.0804468
0.0777949
0.0744137
0.0688255
0.0619697
0.105933
0.0434114
0.0918334
0.0991576
0.0489595
0.0501376
0.055038
0.0624536
0.0669368
0.069918
0.0731
0.075707
0.0782394
0.0805516
0.0817787
0.081392
0.0810368
0.0793485
0.0777816
0.0760044
0.0731515
0.06938
0.0636523
0.0575327
0.0998319
0.0487603
0.0929377
0.108441
0.0512494
0.0546827
0.0608004
0.0672939
0.0713564
0.0726879
0.0744788
0.0767768
0.0778789
0.0789014
0.0787969
0.0780137
0.0774698
0.0762893
0.0744868
0.0721462
0.0689114
0.0647872
0.0592436
0.0540417
0.0952205
0.0531419
0.0918692
0.110234
0.0539303
0.0609664
0.0675812
0.0727184
0.0769891
0.078603
0.0788397
0.0794872
0.0784368
0.0785372
0.0771651
0.0757329
0.0741651
0.0727049
0.0704625
0.0677805
0.0644715
0.0602954
0.0556157
0.0509911
0.0907968
0.0565862
0.0850251
0.116565
0.0608307
0.068857
0.0747573
0.0788647
0.0825952
0.0844691
0.0834561
0.0829033
0.080544
0.0791678
0.0763724
0.073607
0.0706992
0.0687467
0.0663406
0.0628595
0.0595824
0.0558848
0.0520993
0.0480535
0.0866621
0.0590663
0.0769745
0.125205
0.0673578
0.0732106
0.0790704
0.08325
0.0860443
0.0882914
0.0868986
0.0843975
0.0817074
0.0789892
0.0750104
0.0710976
0.0673889
0.0643144
0.0615689
0.0575528
0.0545766
0.0516228
0.0485154
0.0454268
0.0835082
0.0605255
0.0727736
0.132447
0.0722317
0.0717383
0.0796146
0.0846178
0.0868855
0.0891576
0.08834
0.084592
0.0814207
0.0771991
0.0720661
0.0677432
0.0636092
0.0601251
0.0574676
0.0536388
0.0507361
0.048176
0.0457001
0.0435718
0.0813543
0.0609651
0.0727444
0.121891
0.0819466
0.0789885
0.0796306
0.0835425
0.0840473
0.0837447
0.081786
0.0788994
0.0773475
0.0726787
0.0669181
0.0627022
0.0584524
0.0550369
0.0524995
0.0496084
0.047329
0.0455151
0.0439473
0.0422616
0.0800093
0.0609796
0.0712363
0.106027
0.0875562
0.0952441
0.0880682
0.0819223
0.0803745
0.0801498
0.0790446
0.0765668
0.0721887
0.0649281
0.0593377
0.0553502
0.051718
0.0493372
0.0478287
0.0461411
0.0445368
0.0435049
0.0427243
0.0409417
0.0784838
0.0603442
0.0680824
0.0999063
0.0880743
0.109862
0.109509
0.0972055
0.0829686
0.0770689
0.0744758
0.0695161
0.0626422
0.0554583
0.050603
0.046703
0.0440306
0.0426152
0.0418559
0.0412829
0.0410656
0.0411315
0.0411042
0.0613771
0.0874322
0.0807645
0.114127
0.122911
0.116009
0.100274
0.0821766
0.0696539
0.0623975
0.0557626
0.0491773
0.0431118
0.0380311
0.0357695
0.0353712
0.0358215
0.0364897
0.0376463
0.0385387
0.0389882
0.0509063
0.0715062
0.0696129
0.111155
0.12655
0.125131
0.116781
0.100378
0.0816657
0.0669058
0.0552567
0.0452367
0.0371512
0.0313058
0.029289
0.0298228
0.0314662
0.0333538
0.0354157
0.0364263
0.0400864
0.0526935
0.0546758
0.102452
0.124644
0.126211
0.12331
0.113864
0.0982487
0.0827938
0.0692899
0.0571494
0.0478919
0.0406351
0.037141
0.0357812
0.0257854
0.0286505
0.113545
0.0318031
0.0350178
0.0994723
0.0381356
0.0410472
0.0768846
0.0436913
0.0460962
0.0549064
0.048318
0.0503975
0.0385044
0.0523178
0.0539633
0.0282983
0.055479
0.0571875
0.017901
0.059279
0.0613577
0.013529
0.0626773
0.0629392
0.0223943
0.0629587
0.0629955
0.0320846
0.0625125
0.0620562
0.0400486
0.0602657
0.0572861
0.0461657
0.0541688
0.0519725
0.0510334
0.0518468
0.0524415
0.0549795
0.0534746
0.0550644
0.0579316
0.0569997
0.0585686
0.0599188
0.0599214
0.0608978
0.0608943
0.0613056
0.0610686
0.06099
0.0611581
0.0605251
0.0607784
0.0589961
0.0569187
0.0597228
0.0541842
0.0507871
0.0466926
0.0422207
0.037553
0.0329544
0.0286108
0.0248392
0.148826
0.111966
0.1691
0.161928
0.142683
0.13524
0.0964867
0.160943
0.15776
0.150446
0.165321
0.165296
0.168995
0.128106
0.120038
0.084143
0.149367
0.144812
0.135836
0.165135
0.16488
0.169906
0.112287
0.105181
0.0764117
0.133971
0.127898
0.119002
0.165141
0.165178
0.172775
0.100238
0.0955048
0.0749865
0.118372
0.113605
0.105428
0.165411
0.164448
0.176926
0.0912247
0.087345
0.0735971
0.105221
0.101538
0.0940168
0.164256
0.163398
0.181918
0.0839107
0.0811097
0.071764
0.0951646
0.0908713
0.0848864
0.162752
0.159494
0.187662
0.0786732
0.0763821
0.0700391
0.0847978
0.0818436
0.0784713
0.152715
0.143433
0.186486
0.0746999
0.0737394
0.0692469
0.0768669
0.0740913
0.0738926
0.131756
0.120148
0.18012
0.0736336
0.0738027
0.0699096
0.0721799
0.0723216
0.0742657
0.107092
0.0975321
0.169388
0.0740866
0.0746988
0.0716786
0.0734693
0.0738872
0.0750898
0.087609
0.0813323
0.153634
0.0759526
0.0771921
0.0744864
0.0767115
0.0778945
0.0777337
0.0728777
0.0701219
0.134421
0.0780474
0.0785117
0.0755262
0.079772
0.0794039
0.0794504
0.0728925
0.0741407
0.124186
0.079985
0.0823819
0.0783389
0.0811246
0.0822423
0.0830669
0.0763792
0.0769584
0.116578
0.0850267
0.0868444
0.0840867
0.0851809
0.0870198
0.0880941
0.0783201
0.0784729
0.108732
0.0885114
0.0912924
0.0902737
0.0910273
0.0945728
0.0940286
0.0792319
0.0790089
0.101948
0.0952165
0.0997328
0.0920858
0.0998277
0.103913
0.104325
0.0793524
0.0791497
0.0969696
0.1045
0.107292
0.0928791
0.106235
0.107442
0.109898
0.0793728
0.0791806
0.0926233
0.109038
0.111224
0.0893298
0.108541
0.110739
0.112298
0.0792187
0.0787528
0.0885895
0.112625
0.112949
0.0805102
0.115619
0.120182
0.120963
0.0784851
0.0776786
0.0851205
0.111971
0.107875
0.0742968
0.124238
0.132181
0.131118
0.0772406
0.0765886
0.082501
0.101519
0.0951529
0.0721008
0.14165
0.148465
0.129561
0.0760499
0.075878
0.0810121
0.0909894
0.0885287
0.0723885
0.1533
0.147088
0.112881
0.0754124
0.0752383
0.079409
0.086436
0.0859281
0.0698227
0.141221
0.130472
0.102853
0.0747077
0.0740155
0.0776573
0.0840308
0.0804968
0.0654146
0.124944
0.116587
0.0947036
0.0741443
0.0673161
0.0564534
0.109486
0.100634
0.0801289
0.059463
0.0521901
0.0454254
0.0907159
0.0804296
0.063218
0.0445016
0.0383172
0.035633
0.065838
0.0571623
0.0446476
0.00439441
0.00870721
0.00516309
0.00909133
0.00914853
0.00729304
0.00334785
0.00909133
0.0070852
0.00846556
0.0120325
0.00595956
0.0155993
0.00418666
0.0234155
0.00595549
0.0244927
0.0129569
0.0220437
0.0119802
0.0116548
0.00596529
0.00902245
0.00338971
0.018333
0.0116635
0.0195675
0.0175234
0.0179861
0.0175496
0.0121143
0.0129964
0.00794378
0.00657232
0.0139266
0.00207426
0.0178514
0.00374428
0.0207352
0.00573022
0.0226354
0.00703629
0.0235768
0.00767364
0.0241055
0.0078687
0.0242682
0.0079646
0.0244236
0.00784161
0.0243492
0.00751056
0.0189708
0.00323106
0.0272134
0.0108425
0.023355
0.0129569
0.0171303
0.00917481
0.00779595
0.00304022
0.0143087
0.00735731
0.0206578
0.0154837
0.0175278
0.0175496
0.0158287
0.0157453
0.00779679
0.00966526
0.011148
0.00371649
0.0159714
0.00240778
0.0193591
0.00482395
0.0218125
0.00646808
0.0231907
0.00743101
0.023826
0.0077834
0.0243235
0.00796177
0.0243884
0.0079646
0.0243562
0.00765602
0.0244088
0.00739407
0.0339336
0.0270163
0.0293034
0.0252209
0.0267548
0.0238452
0.0359273
0.0316055
0.0260226
0.0275231
0.0244018
0.0259057
0.0230461
0.0241229
0.0215244
0.017714
0.0171101
0.00963423
0.0119603
0.00574249
0.00739815
0.0117847
0.00368419
0.0168635
0.0013002
0.0207068
0.00274436
0.0242449
0.00462791
0.026799
0.00654486
0.0285151
0.00805529
0.0308584
0.0102961
0.0307617
0.0115352
0.0301397
0.0115772
0.032643
0.0130468
0.0368214
0.015659
0.0407171
0.0186641
0.0431332
0.021412
0.0435752
0.02355
0.0419871
0.0244452
0.0390654
0.024287
0.0345017
0.0223866
0.0276793
0.0177125
0.0187267
0.01065
0.00926836
0.00344544
0.0212054
0.019474
0.013736
0.014523
0.00588893
0.00958051
0.00890207
0.00545348
0.0144493
0.00207675
0.0188737
0.00177456
0.0224894
0.00366485
0.0257648
0.00563441
0.0274174
0.00722764
0.0299285
0.00919014
0.0311453
0.0111303
0.0303567
0.0115772
0.0308617
0.0120514
0.0347318
0.0142857
0.0387991
0.0171194
0.0421588
0.02011
0.0436822
0.0225922
0.0426175
0.0241799
0.0407041
0.0244452
0.0370224
0.0236439
0.0314162
0.0204207
0.023395
0.0143878
0.0139308
0.00675088
0.00566663
0.00339081
0.0352796
0.0685629
0.0575457
0.0573367
0.0393044
0.0761758
0.0590967
0.0373384
0.0724383
0.0582047
0.0585949
0.0578776
0.0663858
0.0649795
0.0671827
0.0726948
0.0712311
0.0745882
0.0695282
0.0679875
0.070674
0.0247268
0.00665948
0.0249599
0.00653943
0.024484
0.00727114
0.0245876
0.00698546
0.024528
0.00713111
0.0246286
0.00682187
0.0334768
0.0653952
0.0577974
0.0426592
0.0394316
0.0366348
0.0351094
0.067379
0.0598902
0.0675812
0.0625365
0.058595
0.0551942
0.053675
0.0512075
0.047346
0.0419385
0.0381146
0.07242
0.0623731
0.0763267
0.0715628
0.0665988
0.0627989
0.0602579
0.0566795
0.0532216
0.046945
0.0415388
0.0767726
0.0629261
0.0586966
0.0612623
0.0630367
0.0628052
0.0552153
0.0503647
0.0477145
0.0452944
0.0442732
0.0641032
0.0644609
0.0659947
0.0650974
0.0669399
0.0696354
0.0696832
0.0729501
0.0746671
0.0758907
0.0793165
0.0795202
0.0318587
0.0345932
0.0374891
0.0866473
0.115965
0.122055
0.122466
0.118534
0.109
0.0975812
0.0859517
0.0737596
0.0640435
0.0313524
0.034897
0.0324566
0.0701516
0.0989932
0.111805
0.117962
0.117682
0.111849
0.103921
0.0953551
0.0851452
0.0400362
0.0497779
0.0409311
0.0686698
0.0846107
0.0947296
0.106871
0.112279
0.0491113
0.0628823
0.0451586
0.0648823
0.0217969
0.0198852
0.0195376
0.0215427
0.0241929
0.0271523
0.0301137
0.0328867
0.0763395
0.111016
0.105424
0.0987538
0.0911527
0.0839395
0.0720478
0.0787622
0.0916795
0.100814
0.104691
0.10357
0.0988413
0.0933329
0.0879622
0.0822325
0.0780062
0.07338
0.0703249
0.0669344
0.0622288
0.0581612
0.0511573
0.0454364
0.0828102
0.0619444
0.0564507
0.0709066
0.0443673
0.0568231
0.0608616
0.0676144
0.0781369
0.0875297
0.093586
0.0961191
0.0955186
0.0927752
0.0893249
0.085864
0.0826071
0.0789794
0.0769517
0.0738085
0.0693872
0.0643836
0.0563159
0.0495581
0.0910653
0.0605171
0.0614072
0.0739353
0.0411962
0.0481238
0.0525705
0.0609559
0.068788
0.0765583
0.0830566
0.0867729
0.0891386
0.0893052
0.0888544
0.0875232
0.0860998
0.0840775
0.082786
0.079761
0.075994
0.0706924
0.0627521
0.0538076
0.0988247
0.0628975
0.0641831
0.0737208
0.0374605
0.0421276
0.0485233
0.0571215
0.0632226
0.06973
0.075707
0.0801594
0.0838151
0.085399
0.0876145
0.0878958
0.0877267
0.086902
0.0866298
0.0841889
0.0809035
0.0760247
0.0694059
0.0585012
0.106602
0.0667428
0.0651533
0.0720442
0.0354697
0.0405778
0.0467268
0.0533598
0.0582601
0.0639792
0.06922
0.0744748
0.0791326
0.0819989
0.0861552
0.0882206
0.0896633
0.0901817
0.0902474
0.0878168
0.0844461
0.0803148
0.0745485
0.0635977
0.113006
0.0698655
0.0648543
0.0708066
0.0360468
0.040079
0.0444664
0.0493401
0.0533329
0.058285
0.0632118
0.0688829
0.0744252
0.0789043
0.0839684
0.0875522
0.0896777
0.0916419
0.0930952
0.0909499
0.0872115
0.0827525
0.0760553
0.0676655
0.117396
0.0720104
0.0641101
0.0702012
0.0361544
0.0398241
0.0429184
0.0462063
0.0493742
0.0533148
0.0576066
0.0628068
0.068706
0.0748427
0.0814303
0.0873937
0.0890336
0.0909414
0.0928571
0.091091
0.0871412
0.0821591
0.0745343
0.0709566
0.123716
0.0719235
0.0611037
0.0679956
0.0356384
0.0389426
0.0410132
0.0428417
0.0452483
0.048526
0.0523935
0.0569862
0.0629905
0.0689534
0.0747375
0.0827106
0.0865805
0.0883172
0.0900347
0.0892006
0.0859867
0.0817495
0.081514
0.0785146
0.121389
0.0702519
0.057128
0.0638569
0.0339817
0.0365765
0.0378494
0.038339
0.0399155
0.0425738
0.0458754
0.0502006
0.0561474
0.0621508
0.0658289
0.0716535
0.0782664
0.0825681
0.0869724
0.0877375
0.0861598
0.0879887
0.0915969
0.0802613
0.110489
0.0634666
0.0535931
0.0595132
0.0321988
0.0339553
0.0345595
0.0334202
0.0334755
0.0351053
0.0377617
0.0423759
0.0489292
0.0575361
0.063734
0.0684724
0.0745037
0.0795052
0.0853656
0.0885322
0.0927631
0.0994562
0.0991601
0.0773242
0.0960647
0.0531542
0.0510477
0.0561303
0.0309182
0.0320703
0.0323556
0.0307014
0.029703
0.030165
0.0309678
0.0345861
0.0410272
0.0498969
0.0586779
0.0651989
0.0711311
0.0766147
0.0850891
0.0957228
0.103547
0.10809
0.101619
0.0694795
0.0810904
0.0443653
0.0497046
0.0532622
0.0300579
0.0306748
0.0298346
0.0272643
0.0245574
0.0243421
0.0255529
0.0291577
0.0354142
0.0435457
0.0526666
0.0612735
0.0701503
0.0813459
0.0954145
0.106464
0.111137
0.111855
0.0998093
0.0599567
0.0699015
0.0382272
0.0507451
0.0553317
0.0320199
0.0326444
0.03212
0.0304093
0.0282251
0.027551
0.0286593
0.0329363
0.0406401
0.0496624
0.0594867
0.0700225
0.0803257
0.093483
0.105913
0.11223
0.11368
0.112105
0.0952932
0.0506687
0.0604423
0.0333822
0.0538743
0.0598795
0.0342552
0.0353591
0.0354346
0.0345554
0.033553
0.0343102
0.037063
0.0426678
0.0511337
0.0602826
0.0704288
0.080982
0.0911559
0.10262
0.109931
0.112517
0.112379
0.108756
0.0870441
0.0411023
0.0508559
0.0296861
0.0578972
0.0643053
0.0374745
0.0394451
0.0403219
0.0408518
0.0418861
0.0439664
0.0473215
0.0531021
0.0615037
0.070868
0.0808737
0.0898331
0.0980799
0.105655
0.109352
0.110085
0.108027
0.100733
0.0751322
0.0340473
0.048994
0.029488
0.0627491
0.06951
0.0399495
0.0419211
0.0431212
0.0450126
0.0477413
0.049632
0.0531391
0.0601401
0.0690233
0.0781923
0.0871582
0.094527
0.101765
0.107302
0.108768
0.107114
0.100823
0.0890475
0.0677182
0.0371292
0.0563928
0.0337119
0.0682351
0.0750674
0.0425275
0.0448313
0.0465524
0.0482741
0.0508852
0.0535194
0.0591585
0.0669228
0.0744415
0.0826908
0.0901649
0.0963146
0.102183
0.105046
0.103815
0.0992794
0.089364
0.0789751
0.0636321
0.0412722
0.0648245
0.0397772
0.0741446
0.0815413
0.0456938
0.0486553
0.051867
0.0549122
0.0581272
0.0609236
0.0653925
0.0712496
0.0777017
0.0848264
0.0911429
0.0969179
0.100866
0.100812
0.0978616
0.0904844
0.078799
0.0695526
0.057848
0.0431068
0.0723299
0.0458932
0.0796436
0.0879674
0.0482007
0.051135
0.0544035
0.0574006
0.0603334
0.0643145
0.0694131
0.0742454
0.0793291
0.0847577
0.0899452
0.0933922
0.0939973
0.0920283
0.0882207
0.0794524
0.0691103
0.0615352
0.0517302
0.0425192
0.0768608
0.0507514
0.0825313
0.0929335
0.0518599
0.0556682
0.0590812
0.0617137
0.0644382
0.0688127
0.072364
0.0756529
0.079444
0.0833174
0.0863648
0.087268
0.0866197
0.0843811
0.0795872
0.0714359
0.0630773
0.0554295
0.0458755
0.0398425
0.0769041
0.0531946
0.0809963
0.0971109
0.106272
0.112119
0.118725
0.125317
0.13261
0.14154
0.146243
0.151239
0.158499
0.164041
0.166042
0.166345
0.164999
0.160012
0.149928
0.136071
0.121769
0.108434
0.0906862
0.0806256
0.0736306
0.0525523
0.103139
0.116761
0.122012
0.127016
0.132504
0.139284
0.146851
0.151983
0.156217
0.160384
0.164488
0.166802
0.166988
0.167352
0.16466
0.15723
0.147958
0.136163
0.123622
0.112381
0.0986334
0.0882051
0.0845631
0.0657254
0.060675
0.035281
0.0372307
0.0614531
0.0386938
0.0397292
0.0648495
0.0404334
0.0408881
0.0684243
0.0411344
0.0412132
0.0710938
0.0412026
0.0412132
0.0720468
0.0411705
0.0409796
0.0717083
0.0406882
0.0403459
0.0675943
0.0400044
0.03968
0.0584756
0.0393915
0.0391372
0.0484224
0.0389389
0.0388043
0.0410522
0.0389871
0.0394107
0.0357571
0.0400351
0.0409329
0.0314432
0.0422514
0.0436159
0.0287991
0.0453155
0.0471671
0.0310562
0.0490734
0.0512436
0.0364956
0.0533277
0.0556208
0.0429782
0.0577707
0.0598741
0.0486416
0.0616521
0.0629493
0.0524168
0.0634955
0.0632449
0.0533119
0.06246
0.0659074
0.0555432
0.0774486
0.109499
0.120247
0.124801
0.130163
0.136261
0.143224
0.149764
0.154028
0.158155
0.163659
0.165738
0.165944
0.167517
0.166355
0.160676
0.152047
0.142629
0.131167
0.118932
0.108304
0.0954028
0.0869168
0.0833559
0.0322908
0.0291898
0.0297457
0.0420643
0.0379974
0.0295322
0.0333612
0.0386819
0.0354128
0.0438826
0.0471219
0.0408488
0.0452521
0.0513039
0.0447081
0.0585023
0.0644127
0.0566186
0.0568252
0.0614921
0.0530997
0.0708239
0.0760348
0.067956
0.0825218
0.0851661
0.0871788
0.0649739
0.0676437
0.0592479
0.0771695
0.079289
0.0732214
0.0878115
0.0910709
0.0953347
0.0693253
0.070392
0.0630385
0.0777733
0.0772868
0.0742526
0.0938076
0.0968402
0.102745
0.0708381
0.0708819
0.064895
0.0748472
0.0736795
0.0732247
0.099092
0.100549
0.110009
0.0705223
0.0700455
0.0650443
0.0703974
0.0689867
0.0706661
0.100372
0.0987561
0.11573
0.0699036
0.0701206
0.0647397
0.0696242
0.0691329
0.0706041
0.0970779
0.0941515
0.11995
0.0699465
0.0689761
0.0628135
0.0690973
0.0685246
0.0692886
0.0916278
0.0893808
0.120558
0.0673977
0.0651773
0.0591303
0.0678998
0.0668412
0.0661271
0.088834
0.0864362
0.114282
0.0627346
0.0601911
0.0552242
0.0648904
0.0633441
0.0615618
0.0838404
0.0788636
0.102521
0.0580057
0.0560231
0.0521854
0.0615599
0.0603176
0.0575947
0.0739787
0.0687567
0.0875357
0.0544526
0.0529436
0.0501021
0.0592449
0.0579397
0.0544856
0.0648463
0.0607256
0.0748959
0.0518774
0.0522032
0.0500561
0.0566125
0.0576274
0.0537484
0.0575197
0.0541226
0.0661287
0.0531841
0.0550118
0.0520071
0.060009
0.0621076
0.0577887
0.0501978
0.0470323
0.0571673
0.057239
0.0591394
0.0555935
0.0642109
0.066107
0.0620016
0.0431464
0.0409063
0.0490629
0.0616856
0.0641493
0.0602516
0.068788
0.0717132
0.0670794
0.0413423
0.0428417
0.0495418
0.0668077
0.0697518
0.0655636
0.0740776
0.0767511
0.072581
0.0475751
0.0509247
0.0584179
0.0725401
0.0758322
0.0712827
0.0791118
0.0819953
0.0785889
0.0557501
0.059724
0.0683472
0.0789022
0.0822743
0.0771269
0.0849774
0.0878446
0.0850728
0.0633616
0.066617
0.0753052
0.0852475
0.0878124
0.0816048
0.0907762
0.0927216
0.0906593
0.0687221
0.070181
0.0774615
0.089612
0.0905467
0.082509
0.0958281
0.0984481
0.094874
0.070339
0.0694328
0.0746318
0.0905072
0.0942542
0.0840364
0.101833
0.106698
0.101975
0.109864
0.113277
0.109935
0.115418
0.119033
0.115619
0.121855
0.12516
0.12173
0.128153
0.132278
0.128418
0.135909
0.14063
0.136822
0.144312
0.145504
0.143665
0.147151
0.149244
0.147319
0.155163
0.156229
0.152492
0.159805
0.158896
0.157171
0.16319
0.160685
0.161591
0.165541
0.162018
0.162166
0.165223
0.160856
0.161795
0.163056
0.157222
0.159956
0.155274
0.149014
0.153728
0.144866
0.138792
0.144287
0.131393
0.126389
0.131378
0.1168
0.112947
0.117975
0.103177
0.100603
0.105613
0.0883295
0.086165
0.0893453
0.0777901
0.0776511
0.0790693
0.0672747
0.0692733
0.075319
0.0253228
0.00659091
0.0258807
0.00680468
0.0265784
0.00741217
0.0270654
0.00833371
0.0256217
0.00668921
0.0262664
0.00705918
0.0270285
0.00792198
0.0270149
0.00863201
0.0274525
0.00899978
0.0293644
0.0101242
0.0329023
0.0122181
0.0373605
0.0153073
0.040346
0.0183039
0.0416819
0.0207625
0.0404699
0.0221301
0.0386583
0.0223618
0.0350414
0.020705
0.0277586
0.0159873
0.0202063
0.0107122
0.0141349
0.00597354
0.0092382
0.00205678
0.00511513
0.00369419
0.00330511
0.0047997
0.00736088
0.00451069
0.012932
0.00220581
0.0186183
0.00327467
0.0233099
0.00680032
0.0263218
0.00935962
0.028728
0.0112158
0.0344919
0.014058
0.0283206
0.00951077
0.0310789
0.0110699
0.0351645
0.0136766
0.0391539
0.0169022
0.0412491
0.0195971
0.0413008
0.0215934
0.0397082
0.0223618
0.0373418
0.021997
0.0316615
0.0185718
0.0238018
0.0132938
0.0169512
0.00826949
0.0116161
0.00374307
0.00715276
0.00235491
0.00378794
0.00454823
0.00476972
0.0047997
0.00996696
0.00354094
0.0158834
0.00187646
0.0212283
0.00514707
0.0250384
0.00821954
0.0275098
0.0103086
0.031288
0.0125427
0.00442953
0.00549844
0.0031134
0.00722367
0.00291917
0.00682148
0.0067736
0.00431607
0.00435505
0.0068128
0.00310471
0.00722367
0.00416853
0.00576542
0.00910587
0.00267277
0.0110268
0.00156303
0.0136508
0.00304194
0.0149396
0.00456203
0.0153645
0.00534389
0.0152222
0.00559738
0.0151116
0.00559473
0.0147818
0.00535244
0.0142159
0.00485346
0.013545
0.00418958
0.0129268
0.00348161
0.0126212
0.00292351
0.0133888
0.00268335
0.0153178
0.00317308
0.0177163
0.00413993
0.0206656
0.00557326
0.0240395
0.00739367
0.0275175
0.00946139
0.0306818
0.0115306
0.0327844
0.013151
0.0337172
0.0141198
0.0380034
0.0161934
0.012536
0.00192648
0.0144237
0.00390976
0.0152482
0.00503342
0.0153259
0.00551587
0.0151434
0.00559738
0.0149811
0.00551026
0.0145192
0.00512967
0.0138844
0.0045359
0.0132168
0.00383098
0.0127142
0.00317093
0.0128988
0.00275992
0.0141646
0.00281956
0.0163972
0.00359804
0.019229
0.00484343
0.0224285
0.00647037
0.0258453
0.00841575
0.0291796
0.0105094
0.0318584
0.0124027
0.0330818
0.0136163
0.0353676
0.0150447
)
;

boundaryField
{
    inlet
    {
        type            zeroGradient;
    }
    outlet
    {
        type            zeroGradient;
    }
    wall
    {
        type            zeroGradient;
    }
    empty_zmin
    {
        type            empty;
    }
    empty_zmax
    {
        type            empty;
    }
    procBoundary1to0
    {
        type            processor;
        value           nonuniform List<scalar> 
35
(
0.0843801
0.0860015
0.0854878
0.0844904
0.0838436
0.0838436
0.16744
0.133697
0.165451
0.104564
0.0967824
0.0805144
0.0588141
0.0360938
0.0369083
0.0373606
0.0289123
0.022324
0.0268263
0.0612573
0.00984827
0.00643984
0.120187
0.166616
0.087966
0.087966
0.0930144
0.100509
0.104958
0.0485975
0.155123
0.171558
0.0380984
0.0283449
0.0283449
)
;
    }
}


// ************************************************************************* //
