/*--------------------------------*- C++ -*----------------------------------*\
| =========                 |                                                 |
| \\      /  F ield         | OpenFOAM: The Open Source CFD Toolbox           |
|  \\    /   O peration     | Version:  2406                                  |
|   \\  /    A nd           | Website:  www.openfoam.com                      |
|    \\/     M anipulation  |                                                 |
\*---------------------------------------------------------------------------*/
FoamFile
{
    version     2.0;
    format      ascii;
    arch        "LSB;label=32;scalar=64";
    class       volVectorField;
    location    "2.41";
    object      U;
}
// * * * * * * * * * * * * * * * * * * * * * * * * * * * * * * * * * * * * * //

dimensions      [0 1 -1 0 0 0 0];

internalField   nonuniform List<vector> 
2367
(
(2.4512 0.859192 0)
(2.57783 0.801595 -6.06813e-21)
(2.68659 0.669544 1.53565e-23)
(2.7452 0.625292 1.73103e-21)
(2.78316 0.436554 1.0575e-22)
(2.80475 0.262088 0)
(2.81399 -0.0337533 3.22749e-22)
(2.69629 0.0258881 0)
(2.76927 0.0586045 0)
(2.80851 0.074246 0)
(2.8565 0.172865 -7.73832e-22)
(2.84326 0.337417 7.44109e-22)
(2.06112 0.0152055 0)
(1.08575 0.00123367 0)
(2.16366 0.0218481 0)
(1.15455 0.00341726 0)
(1.09355 0.272471 4.10924e-21)
(1.14559 0.447554 -1.91082e-20)
(1.29845 0.726411 0)
(1.52697 0.966901 -2.38958e-20)
(1.94017 0.918823 -1.71086e-20)
(2.01036 -0.552483 2.30473e-20)
(1.69458 -0.852276 -2.79e-20)
(1.55663 -0.489765 -1.28733e-21)
(1.22589 -0.43942 -3.11207e-20)
(1.10454 -0.235791 -1.52984e-20)
(2.38171 -0.0467815 -7.66752e-21)
(2.36167 -0.0526633 2.04955e-20)
(2.27941 -0.427774 5.29026e-21)
(2.494 -0.11371 1.32591e-21)
(2.4908 -0.13491 0)
(2.40846 -0.280866 -4.83644e-21)
(2.28934 -0.55172 1.02523e-20)
(2.16135 -0.609729 -2.26567e-20)
(2.6244 -0.11529 2.71149e-22)
(2.57198 -0.121682 -5.13606e-26)
(2.52366 -0.568166 2.08626e-21)
(2.44506 -0.587391 0)
(2.28436 -0.765344 -1.81387e-20)
(1.96506 -1.05277 -4.8601e-20)
(1.8933 -0.804756 5.50239e-20)
(1.46906 -0.833448 1.48837e-20)
(1.15193 -0.60625 -8.05779e-21)
(0.95199 -0.16857 -6.86442e-20)
(0.770955 0.114332 7.2697e-20)
(0.745064 0.696025 4.35039e-21)
(0.879864 1.12165 5.62312e-20)
(1.37918 1.15422 -2.2402e-20)
(2.04063 0.83782 8.64861e-21)
(2.15725 1.23828 -2.05504e-20)
(2.78576 -0.143403 1.74762e-21)
(2.76533 -0.204521 -1.06615e-20)
(2.73138 -0.423002 0)
(2.61304 -0.79847 0)
(2.4532 -0.961397 -1.64641e-20)
(2.31014 -0.98388 2.85069e-20)
(1.62976 -1.56641 -1.83329e-20)
(1.46071 -1.30927 -2.41283e-20)
(0.906756 -0.935999 -3.14196e-21)
(0.558702 -0.480956 -4.87373e-21)
(0.34823 0.234798 -7.29336e-20)
(0.291071 0.771771 0)
(0.527828 1.39676 -2.51787e-19)
(1.29456 1.44985 1.86779e-20)
(1.88792 1.51086 2.30338e-20)
(2.44174 1.28187 -9.34619e-21)
(2.57964 1.29158 1.19265e-20)
(2.7682 0.977893 -2.46697e-21)
(2.83155 0.714632 5.83354e-21)
(2.88994 0.484876 5.88763e-22)
(2.93373 0.338083 -1.21383e-21)
(2.9345 0.279205 0)
(2.92527 0.0241549 0)
(2.83113 0.0382356 9.52461e-23)
(2.9439 -0.172615 6.87411e-22)
(2.94448 -0.232272 1.28367e-21)
(2.89716 -0.692971 8.82965e-21)
(2.84688 -0.85347 1.79162e-20)
(2.77197 -1.09751 -1.79535e-20)
(2.28141 -1.74991 5.22423e-20)
(1.8694 -1.80254 1.26514e-19)
(1.46215 -1.94478 -4.94439e-19)
(1.7917 2.19984 -1.71668e-21)
(2.56848 1.58515 -7.21325e-21)
(2.93423 1.24106 -8.51183e-22)
(3.01725 1.03283 0)
(3.06992 0.882094 -2.43926e-21)
(3.07731 0.689767 4.34151e-21)
(3.07435 0.491692 -8.47691e-22)
(3.07084 0.301545 8.44761e-22)
(3.06106 0.0397141 -9.00039e-23)
(2.96154 0.03712 0)
(3.1363 -0.177774 -2.36724e-22)
(3.12504 -0.301875 -3.06267e-21)
(3.18265 -0.603449 -6.74557e-21)
(3.19815 -0.914073 -2.97147e-22)
(3.00465 -1.24612 1.25054e-22)
(2.76801 -1.70631 2.93768e-21)
(2.54418 -2.04879 -2.42719e-20)
(2.949 2.16043 3.82993e-20)
(3.2194 1.5028 6.57845e-21)
(3.36234 1.13376 2.615e-20)
(3.30865 0.678197 -4.1141e-20)
(3.26313 0.490259 1.49453e-20)
(3.2396 0.308652 -6.47167e-21)
(3.22407 0.231697 -2.75472e-21)
(3.20161 0.0591042 -4.44584e-22)
(3.09328 0.0308594 -9.85146e-23)
(3.33344 -0.16591 3.74078e-23)
(3.34298 -0.340199 3.09649e-22)
(3.4322 -0.634441 7.9264e-21)
(3.39772 -1.00643 -6.2418e-21)
(3.45096 -1.13895 -5.20575e-22)
(3.4091 -1.84308 3.45613e-19)
(3.77196 1.60417 -6.31298e-20)
(3.67665 0.822941 -2.24577e-20)
(3.56295 0.774754 3.81687e-21)
(3.47627 0.576385 -2.10204e-20)
(3.39728 0.41942 1.61676e-21)
(3.33968 0.26391 5.46473e-21)
(3.30787 0.0635041 -1.15565e-21)
(3.21954 0.0243849 -3.58179e-22)
(3.51133 -0.130792 7.37786e-24)
(3.53741 -0.312313 -3.71567e-23)
(3.687 -0.413841 2.32773e-21)
(3.71119 -0.770946 -4.7237e-20)
(3.88305 -1.13414 -9.01575e-20)
(4.25821 1.36167 -7.97985e-19)
(4.02541 0.735652 0)
(3.76506 0.463514 -1.51753e-20)
(3.62395 0.333545 -4.77091e-21)
(3.53124 0.233103 1.91678e-21)
(3.49516 0.17128 0)
(3.4237 0.0812753 0)
(3.33234 0.0186663 2.72106e-22)
(3.66809 -0.0709222 -7.45835e-23)
(3.69581 -0.219128 2.12333e-22)
(3.85569 -0.33332 1.4836e-20)
(3.97035 -0.510379 -6.96652e-20)
(4.18513 -0.776392 -1.31973e-20)
(4.56008 0.585884 -2.75367e-19)
(4.23112 0.507359 0)
(3.92495 0.416873 -1.71009e-20)
(3.76298 0.325755 2.27444e-20)
(3.66065 0.251924 -2.80832e-21)
(3.56562 0.0976953 1.40074e-21)
(3.51759 0.0572849 4.364e-21)
(3.43079 0.000180153 -2.09605e-22)
(3.78114 -0.0199519 2.40562e-22)
(3.82509 -0.105533 1.05497e-20)
(3.97747 -0.135525 2.09673e-21)
(4.05939 -0.291593 2.78797e-22)
(4.27596 -0.26716 2.48728e-20)
(4.52514 0.154168 -2.78785e-20)
(4.35256 0.125894 -2.24669e-21)
(4.00102 0.0027257 1.2373e-20)
(3.86213 0.0510362 0)
(3.74129 0.0118804 2.7276e-21)
(3.63937 0.0680386 -2.50265e-21)
(3.57126 0.0104053 -5.43551e-22)
(3.48306 -0.0106681 -1.50898e-22)
(3.84045 0.011269 5.9049e-22)
(3.89695 0.00563177 -1.1489e-20)
(3.98681 0.0735944 -1.93217e-21)
(4.07062 -0.0368874 3.80914e-21)
(4.22471 -0.0363089 -1.78738e-19)
(4.2884 -0.175453 5.10969e-19)
(4.29933 -0.17809 2.14597e-20)
(3.99312 -0.159559 4.903e-20)
(3.85323 -0.0655548 -3.23448e-20)
(3.73257 -0.0723801 -1.26547e-20)
(3.65152 -0.0685919 0)
(3.63427 -0.0417679 5.90297e-22)
(3.49336 -0.0448069 1.46833e-22)
(3.85646 0.0482731 -1.19094e-21)
(3.88835 0.0531993 8.27602e-21)
(3.9679 0.131556 9.11192e-21)
(4.0573 0.0833043 6.89826e-20)
(4.01952 0.258405 8.90543e-21)
(3.4383 -0.248591 -7.62407e-19)
(4.25973 -0.362146 3.70548e-20)
(3.94753 -0.287816 7.9399e-21)
(3.81469 -0.16424 -5.88487e-20)
(3.70243 -0.152193 -2.45769e-20)
(3.63792 -0.115292 5.22914e-21)
(3.62481 -0.0289588 -1.2417e-21)
(3.45893 -0.0607729 0)
(3.86023 0.0893005 -5.27017e-23)
(3.87385 0.100902 2.49049e-21)
(3.91832 0.182017 -6.31447e-21)
(4.01162 0.197173 4.42344e-21)
(3.81552 0.527677 2.31657e-20)
(1.04856 1.08559 -1.23215e-19)
(3.48 -0.653825 7.59583e-20)
(4.09964 -0.580879 2.36482e-20)
(3.84323 -0.434024 2.78553e-20)
(3.73908 -0.277345 -2.10506e-20)
(3.65597 -0.228269 9.11063e-21)
(3.60566 -0.157168 -2.64138e-21)
(3.58963 -0.0330151 1.91718e-21)
(3.39501 -0.0707051 -6.76369e-22)
(3.85506 0.11036 1.48046e-21)
(3.85811 0.11933 -2.17056e-21)
(3.85702 0.207407 2.09323e-21)
(3.86825 0.0594884 -3.31473e-21)
(3.65702 0.307989 0)
(0.73651 0.233832 -8.40258e-21)
(0.258218 0.270708 -2.59619e-19)
(0.69102 -0.639711 0)
(3.40115 -0.806431 2.69413e-20)
(3.76659 -0.609873 0)
(3.70752 -0.546737 -2.46087e-20)
(3.64402 -0.347981 -5.03795e-20)
(3.57848 -0.300884 -1.04565e-20)
(3.53892 -0.197327 1.04806e-20)
(3.5353 -0.0695588 -9.01077e-22)
(3.30038 -0.0889015 3.19631e-22)
(3.8377 0.136714 8.46218e-22)
(3.85173 0.147599 -8.87827e-22)
(3.83729 0.186994 0)
(3.81866 0.0468354 0)
(3.32116 0.111707 2.45463e-21)
(0.785632 -0.0549358 1.52925e-22)
(0.163751 0.115752 -4.52476e-21)
(-0.0475893 0.0324214 9.04095e-20)
(0.101715 -0.142435 -2.57794e-18)
(0.299341 -0.281499 -5.78578e-19)
(1.04912 -0.280654 -2.29699e-20)
(3.49925 -0.791418 -2.00759e-20)
(3.59725 -0.641531 2.39052e-20)
(3.56011 -0.555482 2.63573e-20)
(3.52317 -0.398747 4.13932e-20)
(3.48019 -0.335822 1.00811e-20)
(3.45837 -0.236632 -6.26738e-21)
(3.46836 -0.0898848 0)
(3.1732 -0.101497 0)
(3.81821 0.16929 0)
(3.85426 0.166321 -1.95677e-21)
(3.84973 0.179477 -6.18277e-24)
(3.83887 0.0457632 -9.41827e-22)
(3.35153 0.127204 -6.25224e-21)
(0.870762 -0.233107 4.61068e-21)
(0.131955 -0.470279 1.95242e-21)
(0.0346233 -0.602176 3.0075e-20)
(-0.0495247 -0.663599 6.87591e-21)
(-0.0279584 -0.627278 4.08956e-19)
(-0.0818964 -0.454311 1.78688e-24)
(-0.0715206 -0.202615 -6.35093e-20)
(-0.103336 0.0194597 2.08615e-20)
(0.0205714 0.10123 0)
(0.528953 0.100345 -2.33095e-20)
(2.37891 -0.601285 3.6358e-20)
(3.40836 -0.786774 1.07035e-20)
(3.44573 -0.647853 0)
(3.41467 -0.579409 1.75107e-20)
(3.40519 -0.418508 0)
(3.37433 -0.366479 3.63276e-21)
(3.37072 -0.261918 -8.5654e-21)
(3.39467 -0.110367 9.9252e-22)
(3.01462 -0.109236 1.10286e-21)
(3.7969 0.195792 -5.14445e-22)
(3.87389 0.17855 6.99844e-22)
(3.87889 0.206261 -3.52223e-22)
(3.88519 0.0806072 -5.39968e-21)
(3.51314 0.176498 0)
(1.11476 -0.181218 0)
(0.427087 -0.479377 0)
(0.150439 -0.725947 4.13415e-21)
(-0.0638241 -0.751961 0)
(-0.178383 -0.775305 0)
(-0.398474 -0.625727 -6.69852e-21)
(-0.259618 -0.3266 -1.6937e-20)
(-0.215392 -0.158761 -2.13266e-20)
(0.00747447 -0.122295 -5.99634e-21)
(1.21028 -0.253045 -2.86664e-20)
(2.81314 -0.860241 -2.44024e-20)
(3.34709 -0.883382 -1.07047e-20)
(3.3621 -0.6751 0)
(3.29917 -0.618904 -1.01265e-20)
(3.28989 -0.428095 -2.93629e-23)
(3.26536 -0.382188 2.94203e-23)
(3.26732 -0.274421 -2.91761e-22)
(3.30379 -0.125923 -4.44428e-22)
(2.83513 -0.106408 2.35818e-22)
(1.35249 -0.172404 2.59352e-21)
(0.659011 -0.44244 -5.57273e-21)
(0.283538 -0.867 2.78927e-21)
(-0.0450887 -0.989202 3.80963e-21)
(-0.376277 -0.946555 0)
(-0.480991 -0.906555 -4.91734e-22)
(-0.581459 -0.815026 7.11858e-21)
(-0.379072 -0.614647 6.15246e-21)
(0.11585 -0.648928 7.47802e-21)
(1.63515 -0.816295 1.48162e-20)
(2.90169 -1.15596 -9.68565e-21)
(3.23028 -1.01195 -8.43661e-21)
(3.26168 -0.754285 0)
(3.19065 -0.617289 -7.80143e-21)
(3.16683 -0.451821 0)
(3.15613 -0.364807 0)
(3.16158 -0.259375 7.44814e-23)
(3.20113 -0.126601 0)
(2.64997 -0.0933816 0)
(1.72399 -0.0914294 0)
(0.972188 -0.464995 0)
(0.774499 -0.705438 -3.54575e-21)
(0.102653 -1.26154 0)
(-0.314736 -1.31393 1.6311e-21)
(-0.533776 -1.26167 -3.21795e-21)
(-0.613895 -1.2046 -2.05965e-21)
(-0.336768 -1.12941 0)
(0.152242 -1.12827 -1.09355e-20)
(1.96195 -1.17444 0)
(2.81885 -1.22269 9.50462e-21)
(3.01606 -1.07472 2.10115e-21)
(3.05967 -0.754402 0)
(3.01202 -0.653881 4.99884e-21)
(3.04786 -0.440275 0)
(3.05918 -0.351569 0)
(3.07374 -0.246813 3.26729e-22)
(3.10296 -0.119679 -1.23121e-21)
(2.47538 -0.0803664 1.94729e-23)
(2.25067 -0.0352761 2.79709e-21)
(2.30351 -0.0776984 4.12009e-23)
(2.38736 -0.0534236 -1.33353e-21)
(2.46986 -0.0671455 -7.39636e-23)
(2.52263 -0.0618279 7.40545e-23)
(2.5983 -0.0773167 2.12659e-21)
(2.69529 -0.0749357 -1.97261e-21)
(2.77285 -0.0856522 1.55388e-22)
(1.12913 -1.15707 -4.941e-22)
(1.16248 -1.31857 3.01644e-20)
(1.17388 -1.67256 2.31779e-19)
(0.518925 -1.02687 -2.50702e-19)
(0.74039 -1.36831 0)
(0.25154 -0.442099 4.90692e-19)
(0.391507 0.35021 0)
(0.546742 0.925523 0)
(1.0655 1.28952 -2.91215e-19)
(0.909979 1.7456 6.66966e-19)
(1.69037 1.54964 -4.84573e-20)
(1.3892 1.96867 -1.84254e-20)
(1.36871 1.66808 2.73442e-19)
(2.90404 0.0511461 0)
(2.8735 -0.0836335 -4.62908e-22)
(2.97647 -0.0854651 0)
(1.62649 -1.81183 4.60099e-20)
(2.18876 -1.62918 -1.84521e-19)
(1.95655 -2.16743 2.98105e-20)
(1.73914 2.16821 0)
(2.22273 1.97036 -7.28913e-21)
(2.25774 2.37494 2.45056e-20)
(2.38265 2.05701 -2.24386e-20)
(3.033 0.0442396 0)
(3.07565 -0.0756152 0)
(3.1702 -0.0826823 3.11452e-22)
(2.62479 -1.90502 1.36103e-20)
(3.11365 -1.7945 1.68226e-19)
(3.17455 -1.68535 -8.84153e-20)
(2.87858 2.26434 0)
(2.96003 2.09731 -1.67963e-20)
(3.40145 1.92791 -2.29427e-21)
(3.40432 2.00475 0)
(3.1608 0.039599 3.59444e-23)
(3.27039 -0.0629406 -3.77699e-23)
(3.3593 -0.0621388 -4.41614e-24)
(3.77321 -1.43189 1.39652e-18)
(3.67774 2.05228 -5.81909e-19)
(4.01631 1.61034 -1.14775e-18)
(3.28184 0.0338067 -5.09394e-23)
(3.44959 -0.0491286 -4.16627e-24)
(3.52645 -0.0391232 5.37893e-24)
(4.02169 -1.13599 5.10535e-19)
(4.19521 -1.15276 2.9212e-19)
(4.0874 -0.852717 -2.17651e-19)
(4.1078 1.17585 -1.91776e-20)
(4.31177 0.973223 1.93247e-19)
(4.45448 1.10857 0)
(3.3919 0.0151679 -5.62634e-22)
(3.60143 -0.0308627 0)
(3.65487 -0.00700905 0)
(4.33731 -0.578916 3.07445e-19)
(4.33756 -0.465678 -6.06701e-20)
(4.26514 -0.412839 6.87219e-20)
(4.38308 0.82407 -2.25619e-19)
(4.43641 0.484016 1.05639e-19)
(4.54395 0.496771 -1.02219e-19)
(3.46754 -0.00514516 7.41421e-22)
(3.70607 -0.00673447 0)
(3.73198 0.0212389 -1.98088e-25)
(4.31437 -0.185586 -5.29985e-20)
(4.21191 -0.105735 -3.18679e-19)
(4.26379 -0.204577 -2.27818e-20)
(4.46448 0.150408 4.79425e-20)
(4.44935 0.081918 1.63188e-19)
(4.43844 0.00660161 -8.98953e-20)
(3.49648 -0.0348083 -1.33885e-22)
(3.75708 0.0266448 -1.5225e-22)
(3.76126 0.0540367 0)
(4.00406 0.059762 2.27632e-19)
(3.54439 -0.14423 -2.49763e-19)
(4.14063 0.0202626 1.22331e-19)
(4.39782 -0.0857755 0)
(4.3263 -0.250201 -1.74284e-19)
(3.93647 -0.170785 -8.33186e-19)
(3.48155 -0.0635006 0)
(3.75626 0.0605473 0)
(3.74442 0.0718796 -1.21456e-21)
(1.85184 0.74334 0)
(2.22964 -0.657985 0)
(3.42292 -0.0712791 -4.36992e-24)
(3.72675 0.0799529 -2.85754e-22)
(3.69917 0.0895118 1.40932e-21)
(0.338336 0.439336 0)
(0.439388 0.359023 8.89406e-20)
(1.73824 -1.06327 -8.51253e-20)
(1.53564 -0.769606 -5.00582e-19)
(1.0214 -0.85926 0)
(3.35053 -0.0892457 3.35961e-22)
(3.66881 0.0974803 -5.24152e-22)
(3.62105 0.111578 -2.28618e-22)
(-0.0271965 0.00080055 3.39521e-20)
(0.176515 0.15418 -1.80902e-20)
(0.540761 -0.582245 3.09014e-19)
(0.502439 -0.440885 3.42598e-20)
(0.281204 -0.364859 2.63882e-19)
(3.23284 -0.104469 9.45915e-22)
(3.56231 0.1209 2.28356e-22)
(3.50024 0.134629 1.94692e-22)
(-0.137761 -0.236449 -6.23621e-19)
(0.0205463 -0.424625 -8.8396e-20)
(0.0613182 -0.317839 -3.73518e-20)
(-0.0293058 -0.54682 -4.99553e-20)
(-0.0746594 -0.453356 2.11263e-19)
(-0.0395414 -0.601193 -1.20724e-18)
(0.025508 -0.183882 1.41321e-18)
(0.0335911 -0.0434884 2.61355e-19)
(0.0196486 -0.0473609 -1.03872e-19)
(0.230167 -0.164234 9.81489e-20)
(0.206441 0.037078 -9.23846e-20)
(0.0430221 -0.0100693 0)
(3.0921 -0.114173 0)
(3.40191 0.151264 -1.94068e-22)
(3.3287 0.160313 1.8136e-22)
(2.92129 -0.115409 1.04132e-21)
(3.18125 0.17523 -5.50419e-22)
(3.07106 0.186491 1.85461e-22)
(2.73841 -0.105356 -2.35845e-22)
(2.55554 -0.091104 -1.81843e-22)
(2.38841 -0.0755464 -5.84188e-22)
(2.37425 -0.0410441 5.11362e-21)
(2.41622 -0.243638 -4.99646e-21)
(2.41618 -0.146611 -5.08283e-21)
(2.35365 -0.0643697 -3.84803e-20)
(2.36642 -0.472208 0)
(2.39243 -0.37957 9.95691e-21)
(2.50159 -0.125884 5.7619e-22)
(2.54231 -0.252076 -3.38423e-21)
(2.56166 -0.140209 -2.71164e-22)
(2.4629 -0.132166 1.67941e-20)
(2.46011 -0.402872 -2.16358e-21)
(2.50149 -0.38015 8.98382e-21)
(2.60168 -0.115542 2.6705e-21)
(2.66402 -0.285539 -7.79399e-21)
(2.68446 -0.14571 -1.93725e-21)
(2.55583 -0.118906 -4.18658e-21)
(2.59672 -0.651798 -2.41843e-22)
(2.63532 -0.449815 3.60602e-21)
(1.2476 -0.894655 -1.44051e-20)
(1.26684 -0.947108 0)
(1.37981 -1.10793 0)
(0.995592 -0.610151 -5.94174e-20)
(0.738668 -0.810872 6.9247e-20)
(0.910006 -0.918006 -1.3801e-22)
(0.769963 -0.201117 0)
(0.598417 -0.381119 -1.68693e-19)
(0.751247 -0.367502 1.79014e-20)
(0.89084 0.104483 3.23342e-20)
(0.565042 0.260237 -2.71406e-20)
(0.63417 0.203388 2.1688e-21)
(1.06123 0.571513 -6.21877e-20)
(0.897581 0.675021 7.38515e-21)
(0.462977 0.682043 -8.77281e-21)
(1.29137 0.843241 2.58408e-20)
(1.04121 1.26039 -1.22101e-20)
(0.863555 1.14262 -9.87436e-21)
(1.60529 1.16604 0)
(1.47702 1.46366 0)
(1.46443 1.16503 1.05247e-20)
(1.80761 1.41821 1.41731e-20)
(2.1502 1.13667 1.20447e-20)
(1.90558 1.23279 -1.1873e-21)
(2.77847 -0.188489 7.82112e-21)
(2.8569 -0.28305 8.40811e-22)
(2.85879 -0.155292 -3.56751e-22)
(2.75861 -0.225615 0)
(2.77698 -0.623351 0)
(2.834 -0.454239 -3.09966e-21)
(1.76114 -1.2224 -4.97374e-20)
(2.02968 -1.02487 -1.5341e-22)
(1.9935 -1.39476 7.78108e-20)
(1.82416 1.77588 0)
(2.27525 1.50886 2.21213e-20)
(2.15314 1.4627 7.8725e-21)
(2.92597 0.0910993 -4.48124e-23)
(2.99164 0.148134 -8.02135e-24)
(2.97638 0.310572 1.62673e-22)
(2.9478 -0.238211 2.71023e-21)
(3.03634 -0.274344 0)
(3.04329 -0.150091 2.37349e-22)
(2.9278 -0.223991 -2.56137e-21)
(2.97765 -0.618604 -8.62627e-21)
(3.02051 -0.436986 0)
(2.37285 -1.28358 -8.67814e-20)
(2.59334 -1.39624 -3.33518e-20)
(2.71917 -1.41005 -1.16364e-20)
(2.5196 1.88544 -1.77727e-20)
(2.90087 1.62 3.4913e-20)
(2.83137 1.65141 -5.16676e-20)
(3.05469 0.103589 -3.18044e-22)
(3.12147 0.13977 -1.04976e-22)
(3.12228 0.282548 1.97837e-22)
(3.12737 -0.249906 2.73462e-21)
(3.21999 -0.245818 1.04162e-21)
(3.23137 -0.148807 -8.13966e-22)
(3.15099 -0.283903 0)
(3.23539 -0.561822 0)
(3.22976 -0.450563 -2.84012e-22)
(3.00068 -1.34945 4.079e-22)
(3.19982 -1.41611 1.79988e-21)
(3.26489 -1.22061 -1.78602e-22)
(3.19972 1.39604 -3.23077e-21)
(3.44182 1.40226 0)
(3.42401 1.56694 2.85846e-21)
(3.18553 0.10742 2.42975e-22)
(3.24239 0.118892 -2.67612e-22)
(3.24999 0.235183 1.55712e-21)
(3.3402 -0.251322 -2.07789e-22)
(3.43513 -0.223328 5.608e-23)
(3.4291 -0.126885 -6.3353e-23)
(3.36114 -0.326083 6.60283e-23)
(3.4482 -0.482395 -6.58623e-23)
(3.43709 -0.361627 -1.59561e-22)
(3.5033 -0.782748 0)
(3.6976 -0.714571 -9.37345e-21)
(3.61185 -0.772328 9.46036e-21)
(3.5077 -1.4296 -3.8812e-20)
(3.71482 -1.5305 0)
(3.66396 -1.17237 1.0562e-20)
(3.65644 1.25371 -2.79376e-20)
(3.87829 1.40149 -1.76865e-20)
(3.98843 1.56513 5.22016e-19)
(3.56728 1.1694 2.22638e-20)
(3.72823 0.847891 -6.62962e-21)
(3.82811 0.860904 2.92493e-20)
(3.30366 0.102727 5.62742e-22)
(3.35465 0.0957065 0)
(3.35657 0.193466 -2.8688e-21)
(3.52769 -0.214752 1.98356e-22)
(3.62037 -0.180124 1.74903e-22)
(3.59936 -0.0988701 7.45668e-23)
(3.5706 -0.344542 6.39555e-21)
(3.6433 -0.347691 -1.56172e-20)
(3.6308 -0.247889 -2.12027e-22)
(3.84042 -0.63827 2.59404e-20)
(3.97209 -0.576117 0)
(3.84769 -0.618541 0)
(3.85192 0.914103 -8.35736e-21)
(3.97445 0.651272 7.42978e-20)
(4.13065 0.625065 -1.56066e-19)
(3.41248 0.0871926 -4.18949e-22)
(3.46787 0.0594562 1.61253e-21)
(3.48014 0.145509 -9.42247e-22)
(3.67748 -0.136807 -1.75059e-22)
(3.75221 -0.115332 0)
(3.72475 -0.0608374 -2.40674e-22)
(3.7325 -0.245722 -2.1358e-20)
(3.79064 -0.220008 -4.29301e-21)
(3.7696 -0.162327 5.02004e-21)
(4.07808 -0.40608 3.83268e-20)
(4.17939 -0.28523 -1.05587e-20)
(4.03725 -0.377256 1.01014e-20)
(4.08382 0.603649 6.65273e-20)
(4.15305 0.362654 0)
(4.3435 0.241836 2.4389e-21)
(3.5048 0.0379492 2.50314e-22)
(3.54727 0.0245625 -5.38885e-22)
(3.55144 0.090141 1.15843e-21)
(3.79352 -0.0537532 0)
(3.82869 -0.0287992 -2.31677e-21)
(3.81039 -0.00398657 -7.51383e-22)
(3.84768 -0.118785 -1.11411e-20)
(3.91957 -0.105669 -7.74787e-22)
(3.86979 -0.0870316 2.0104e-21)
(4.19832 -0.134583 0)
(4.19037 -0.0876023 0)
(4.06466 -0.13971 0)
(4.15381 0.223609 -7.12841e-21)
(4.15779 0.128481 -1.57523e-19)
(4.3234 -0.000211027 -3.91617e-20)
(3.57587 -0.00449059 0)
(3.6032 -0.000198473 -3.29322e-22)
(3.60942 0.019389 -1.55656e-21)
(3.8662 0.0090627 1.28298e-21)
(3.87084 0.0483773 0)
(3.8547 0.0524267 0)
(3.93827 -0.0120042 9.91691e-21)
(3.93195 0.0502237 1.47634e-21)
(3.89458 0.0329052 2.44759e-21)
(4.17782 0.0672169 1.01574e-20)
(4.16949 0.107034 1.51213e-19)
(4.07038 -0.016917 -7.09187e-20)
(4.16562 -0.0962805 6.65344e-20)
(4.15656 -0.151501 0)
(4.29024 -0.299852 1.42345e-19)
(3.61989 -0.0461567 5.69642e-22)
(3.61602 -0.057858 5.71181e-22)
(3.63073 -0.0980104 0)
(3.87068 0.0410328 1.20655e-21)
(3.87177 0.0737764 1.0075e-21)
(3.86099 0.0763945 9.92083e-22)
(3.92204 0.00802646 -3.57213e-20)
(3.90198 0.114846 -5.30936e-21)
(3.88166 0.0745966 -2.49733e-21)
(4.1504 0.174545 -7.05823e-20)
(4.10537 0.204308 -7.69418e-21)
(4.02065 0.15927 0)
(2.90518 0.124847 4.92439e-19)
(2.90068 0.240445 3.09107e-20)
(3.95204 0.426872 -6.28723e-20)
(4.24483 -0.474714 -1.07128e-20)
(4.15537 -0.716299 1.0466e-20)
(3.54203 -0.545865 6.18929e-19)
(4.10565 -0.294423 7.58923e-20)
(4.04809 -0.365354 -1.11313e-20)
(4.17102 -0.521355 3.48863e-20)
(3.60372 -0.0817614 6.35764e-22)
(3.58114 -0.0693758 9.58598e-22)
(3.60265 -0.174716 -1.26786e-21)
(3.87058 0.0845864 0)
(3.86598 0.0958387 0)
(3.8581 0.0973226 -2.94014e-21)
(3.88572 0.0683298 1.30876e-20)
(3.87294 0.138657 5.2652e-21)
(3.86879 0.102192 0)
(2.77488 0.270441 0)
(2.55835 0.0863073 -5.89128e-21)
(3.74215 0.438815 -1.21596e-20)
(4.00732 -0.855324 -1.53199e-19)
(3.90676 -0.896599 9.63414e-20)
(3.44242 -0.757618 -3.36214e-20)
(3.98123 -0.473788 6.61779e-20)
(3.86206 -0.528758 0)
(3.97179 -0.658851 -3.18609e-20)
(3.56467 -0.112657 -2.57677e-23)
(3.54343 -0.0956714 -1.86846e-21)
(3.55673 -0.220136 3.1234e-22)
(3.86319 0.112007 -1.07266e-21)
(3.86229 0.135067 -6.5841e-23)
(3.85036 0.119692 -8.4695e-22)
(3.85702 0.104681 1.93599e-21)
(3.84505 0.134216 1.67328e-21)
(3.85289 0.135243 2.3674e-22)
(2.64159 0.0666586 -2.83983e-21)
(2.54491 0.049072 6.1454e-21)
(3.81312 0.334165 0)
(0.355437 0.177483 3.82546e-21)
(0.185461 -0.16603 -2.06032e-21)
(0.751836 0.092872 3.4871e-21)
(1.73239 -0.690462 2.2913e-20)
(2.02013 -0.771156 -5.73937e-20)
(0.836852 -0.357603 -2.48871e-20)
(3.71348 -0.859138 -5.96421e-20)
(3.67941 -0.850738 4.83261e-22)
(3.40561 -0.818843 -1.20028e-20)
(3.51602 -0.131126 1.21527e-21)
(3.47896 -0.113674 1.19657e-21)
(3.49479 -0.25056 -2.34251e-21)
(3.86121 0.136954 1.49203e-21)
(3.85637 0.150374 -7.2327e-22)
(3.82949 0.151705 0)
(3.84126 0.123719 0)
(3.84309 0.126195 0)
(3.85116 0.162056 -7.4524e-22)
(0.311018 -0.160301 1.08862e-21)
(-0.0186331 -0.260014 1.53355e-21)
(0.950371 -0.0503144 0)
(0.08246 -0.0537319 1.31054e-21)
(0.0445406 -0.301968 0)
(0.0824796 -0.230552 -1.52861e-21)
(0.605281 -0.350454 -1.17209e-20)
(0.615525 -0.157076 0)
(0.393433 0.0340436 0)
(2.29992 -0.677449 2.36558e-20)
(2.79056 -0.874335 -4.9374e-22)
(0.882167 -0.176174 -4.70636e-20)
(3.44623 -0.14963 0)
(3.40579 -0.136682 1.03875e-21)
(3.42623 -0.26207 4.41823e-21)
(3.85721 0.156376 2.57545e-21)
(3.86074 0.16218 0)
(3.81219 0.175965 6.79403e-22)
(3.8487 0.129957 -5.19645e-23)
(3.86013 0.130717 -1.36423e-21)
(3.86274 0.171052 1.39393e-21)
(0.166952 -0.526217 -1.96405e-21)
(0.135928 -0.618771 0)
(0.263081 -0.535409 -3.86006e-21)
(-0.0179501 -0.619423 -1.95885e-20)
(-0.0229127 -0.703466 -1.61222e-22)
(0.13502 -0.644118 -1.051e-20)
(-0.0420605 -0.672469 1.83941e-20)
(-0.0592643 -0.687169 4.62836e-21)
(0.00333595 -0.707176 0)
(-0.0902118 -0.551119 -1.6877e-19)
(-0.182178 -0.576149 -4.50406e-20)
(-0.119968 -0.649983 0)
(-0.075361 -0.326382 -1.78177e-24)
(-0.2478 -0.330973 2.46593e-20)
(-0.140169 -0.441377 0)
(-0.0873965 -0.0939332 -1.60857e-20)
(-0.150172 -0.105113 -3.78517e-20)
(-0.14813 -0.209915 3.87279e-21)
(0.0147858 0.0464204 9.07364e-20)
(-0.080137 0.073357 3.54744e-20)
(-0.112491 -0.0246708 2.17766e-20)
(0.2038 0.120705 6.01638e-20)
(0.121419 0.178009 -3.6104e-20)
(-0.0121382 0.090381 -3.5963e-20)
(0.732513 -0.00107539 4.77917e-20)
(1.06009 -0.129233 -5.97785e-20)
(0.455935 0.163523 0)
(3.36662 -0.163728 -3.0244e-21)
(3.31521 -0.147792 -8.90891e-22)
(3.34321 -0.273243 -9.92212e-22)
(3.86851 0.177467 -1.40057e-21)
(3.87485 0.187846 7.05544e-22)
(3.78845 0.200675 0)
(3.87152 0.147963 6.88704e-22)
(3.88101 0.156422 0)
(3.88223 0.192848 0)
(-0.116624 -0.780295 -4.4137e-21)
(-0.0342739 -0.835056 -4.43073e-21)
(0.0613781 -0.809721 6.48994e-22)
(-0.293665 -0.71755 1.16346e-20)
(-0.357867 -0.747089 -1.33952e-20)
(-0.0984211 -0.823233 0)
(-0.279671 -0.269763 3.7628e-20)
(-0.424658 -0.350061 -4.00843e-21)
(-0.376617 -0.581811 1.9322e-20)
(-0.131714 -0.117012 2.43743e-20)
(-0.208094 -0.199172 -1.16466e-20)
(-0.176492 -0.287731 -1.04026e-20)
(3.26764 -0.163103 9.21386e-22)
(3.20859 -0.141957 0)
(3.24787 -0.272074 0)
(3.1539 -0.148769 0)
(3.09365 -0.133151 -6.92502e-22)
(3.14628 -0.257196 1.3453e-21)
(3.04048 -0.128541 0)
(2.97498 -0.114769 5.50682e-22)
(3.04579 -0.238452 5.80053e-22)
(3.44175 -1.85757 -3.19056e-18)
(2.5458 -1.55035 1.45989e-18)
(-0.859692 -0.241604 0)
(-1.11912 -0.535835 0)
(2.42639 -2.1923 -4.06561e-19)
(1.97084 -1.77727 -1.55215e-19)
(-0.0397372 0.030179 5.76606e-19)
(-0.0824834 -0.0437931 9.75709e-21)
(1.33607 -1.92325 -7.72429e-20)
(1.09444 -1.62419 -3.67287e-18)
(0.0687919 0.160413 -3.85436e-19)
(0.0972652 0.175071 5.05928e-21)
(0.260782 -0.665817 -1.5395e-18)
(0.176525 -0.609875 1.46276e-18)
(0.127405 -0.0950344 0)
(0.0480874 -0.149042 -4.49855e-20)
(-0.00796263 -0.320876 4.46972e-24)
(0.0017512 -0.0101585 -8.13595e-21)
(0.187779 0.819926 1.34835e-18)
(0.117204 0.727578 -1.30987e-18)
(0.00839185 -0.155968 3.54147e-19)
(-0.00650952 0.0371875 -1.13828e-20)
(0.534634 1.37788 1.34569e-18)
(0.390558 1.28254 0)
(-0.00504898 -0.0132201 9.52433e-18)
(-0.0340888 0.0769687 -2.33962e-18)
(4.30946 1.40653 3.70166e-18)
(3.1569 1.11669 -1.40802e-19)
(4.52981 0.821789 -8.98519e-20)
(3.03906 0.532603 2.36078e-18)
(4.16925 0.161441 8.51431e-21)
(2.04777 0.0386437 0)
(2.39483 -0.110706 -3.79535e-18)
(0.364921 -0.0461104 6.76977e-22)
(-1.45696 0.641266 -4.97226e-18)
(-1.12349 0.602783 5.39634e-18)
(2.20967 0.0149891 0)
(1.18515 0.00212515 0)
(2.35525 0.0150801 0)
(1.27724 0.00143601 0)
(2.4838 0.0132688 0)
(1.35532 -0.000550319 0)
(2.58605 0.00758237 0)
(1.39957 -0.00266161 0)
(2.65972 0.00117675 0)
(1.4065 -0.00274097 0)
(2.66982 -0.0108343 0)
(1.37009 -0.00535223 0)
(2.63235 -0.0182953 0)
(1.27423 -0.0077947 0)
(2.53292 -0.030508 0)
(1.11729 -0.0142146 0)
(2.32847 -0.0354436 0)
(0.900439 -0.00974438 0)
(2.06278 -0.0402437 0)
(0.700768 -0.00686804 0)
(1.72626 -0.0396686 0)
(0.497118 -0.00359652 0)
(1.35368 -0.0388579 0)
(0.317178 -0.00144366 0)
(0.958319 -0.0359777 0)
(0.143393 -0.0024113 0)
(0.619873 -0.0284417 0)
(-0.0195295 -0.00409719 0)
(0.360293 -0.0200738 0)
(-0.158824 -0.00415764 0)
(0.169047 -0.011045 0)
(-0.252852 -0.00150109 0)
(4.21048 -0.95412 -6.99589e-20)
(3.06706 -0.892982 -1.80786e-19)
(4.15593 -0.424542 4.37949e-20)
(2.69725 -0.267091 -7.25773e-19)
(3.27682 -0.0092361 1.09706e-18)
(0.900619 0.063367 -1.09114e-18)
(-0.528578 -0.452533 0)
(-0.943451 -0.46324 -6.50555e-20)
(2.99953 -1.99946 -2.30607e-18)
(2.34731 -1.68258 -1.55711e-19)
(1.88325 -2.04722 0)
(1.55925 -1.7718 2.28345e-18)
(-0.0140963 0.0479487 6.66168e-19)
(0.0232313 0.0517186 4.82475e-22)
(1.05113 -1.57103 1.38398e-19)
(0.760548 -1.4182 2.26856e-18)
(0.63506 -1.40074 5.37694e-20)
(0.542611 -1.20165 0)
(0.422538 -1.00122 1.39797e-18)
(0.302289 -0.913645 0)
(0.116931 -0.398535 -1.39651e-18)
(0.0653599 -0.343926 4.5185e-20)
(-0.00375044 -0.196062 1.04981e-18)
(0.0456692 0.145335 -9.32092e-21)
(0.173644 0.444223 0)
(0.0775166 0.435751 0)
(0.383691 1.06496 -1.14208e-19)
(0.242643 1.02009 0)
(0.782706 1.77348 1.73326e-20)
(0.67213 1.53348 5.50694e-20)
(4.27898 0.448119 1.12684e-18)
(2.76745 0.271175 -1.15641e-18)
(3.49765 -0.0202809 0)
(1.11195 -0.11271 0)
(2.2981 0.0179505 0)
(1.24628 0.00266211 0)
(2.4243 0.0147806 0)
(1.32282 0.00189166 0)
(2.54502 0.0106159 0)
(1.38085 -0.000568922 0)
(2.63022 0.00375834 0)
(1.40777 -0.00279302 0)
(2.6739 -0.00664876 0)
(1.3974 -0.00263227 0)
(2.65616 -0.0132362 0)
(1.3261 -0.00629323 0)
(2.58398 -0.0207858 0)
(1.20595 -0.0111398 0)
(2.43161 -0.0365742 0)
(1.00528 -0.0138288 0)
(2.20232 -0.0343588 0)
(0.798857 -0.0081116 0)
(1.89551 -0.0412755 0)
(0.595315 -0.00597325 0)
(1.53925 -0.0380224 0)
(0.403879 -0.00329881 0)
(1.14721 -0.037731 0)
(0.228499 -0.00181745 0)
(0.778113 -0.0322661 0)
(0.0586841 -0.0037578 0)
(0.477266 -0.0238093 0)
(-0.0918728 -0.00448639 0)
(0.260653 -0.0158512 0)
(-0.216897 -0.00281826 0)
(0.0881449 -0.0076972 0)
(-0.281272 -0.00107217 0)
(1.61903 -0.0182969 0)
(0.781062 -0.00299002 0)
(1.79276 -0.0173655 0)
(0.908774 -0.00438663 0)
(1.99236 -0.0302655 0)
(1.06698 -0.00464092 0)
(2.20175 -0.0289731 0)
(1.23307 -0.00548194 0)
(2.41341 -0.0304683 0)
(1.3908 -0.00488957 0)
(2.62219 -0.0256567 0)
(1.53396 -0.00260095 0)
(2.81436 -0.0189192 0)
(1.65318 0.00113203 0)
(2.9686 -0.0105933 0)
(1.71631 0.0053899 0)
(3.06412 0.00221717 0)
(1.70448 0.00589341 0)
(3.07254 0.0189671 0)
(1.62179 0.00963672 0)
(3.00932 0.0327887 0)
(1.43493 0.0182918 0)
(2.82517 0.0452516 0)
(1.13497 0.0194734 0)
(2.53396 0.0515409 0)
(0.845165 0.0114378 0)
(2.14893 0.0523799 0)
(0.580996 0.00514223 0)
(1.67086 0.0567058 0)
(0.354661 -0.00607689 0)
(1.01624 0.055832 0)
(0.140681 -0.0118375 0)
(0.264344 0.0545125 0)
(-0.00202225 -0.0126042 0)
(4.06176 -1.28527 -2.26132e-18)
(2.98919 -1.05318 1.64458e-19)
(3.78102 -1.62393 1.77871e-19)
(2.84296 -1.28252 -5.22135e-18)
(4.29259 -0.762376 -2.68435e-18)
(2.87721 -0.524513 3.17938e-18)
(3.92329 -0.201143 1.33015e-19)
(1.907 -0.0504028 1.4343e-19)
(1.69194 -0.0575454 -9.29623e-19)
(0.118996 -0.00854346 1.00096e-18)
(-1.56139 -0.55183 -2.82312e-18)
(-1.64911 -0.911516 2.89177e-18)
(-1.49173 -0.611404 -2.67334e-18)
(-1.65337 -0.87563 0)
(0.15916 0.354437 -6.90686e-19)
(0.159323 0.391953 3.79544e-20)
(-0.0207373 -0.0160213 0)
(-0.0244348 0.101167 -5.88357e-20)
(1.242 1.93434 -1.63834e-19)
(0.902585 1.71848 -1.36455e-18)
(1.56922 2.25943 0)
(1.30517 1.93754 -3.78135e-20)
(2.15886 2.37834 0)
(1.75793 2.03901 1.07232e-18)
(2.74854 2.4438 0)
(2.18975 2.00343 -3.77524e-20)
(-0.386664 0.216203 -5.65102e-18)
(-0.493069 0.405729 5.61047e-18)
(3.30644 2.25062 0)
(2.57646 1.83935 0)
(3.74311 2.03399 3.17332e-18)
(2.75209 1.67612 0)
(-1.20611 0.610811 4.97257e-18)
(-1.47272 0.906607 3.02906e-19)
(1.73104 -0.0271613 0)
(0.86483 -0.0050191 0)
(1.89754 -0.0280342 0)
(0.988211 -0.00641663 0)
(2.08065 -0.0272705 0)
(1.13623 -0.00542236 0)
(2.29544 -0.0299772 0)
(1.29564 -0.00463957 0)
(2.51819 -0.0263187 0)
(1.46308 -0.00340884 0)
(2.71725 -0.0234857 0)
(1.59906 -0.00164243 0)
(2.89044 -0.013286 0)
(1.68752 0.00152068 0)
(3.01871 -0.00175138 0)
(1.7141 0.00588864 0)
(3.07863 0.0127855 0)
(1.67523 0.00775582 0)
(3.05047 0.0253628 0)
(1.53432 0.0154222 0)
(2.92821 0.0458606 0)
(1.28325 0.0219257 0)
(2.6933 0.0486539 0)
(0.988088 0.0164243 0)
(2.34793 0.0514748 0)
(0.708329 0.00861795 0)
(1.91043 0.0525937 0)
(0.458467 0.00144165 0)
(1.32094 0.0605573 0)
(0.2397 -0.00980193 0)
(0.70906 0.0595064 0)
(0.0718055 -0.0239077 0)
(-0.0293975 0.044466 0)
(-0.106587 0.0157994 0)
(-0.239042 0.0250409 4.88077e-19)
(-0.487786 -0.282608 -9.93106e-19)
(0.0753903 0.273164 -7.29091e-21)
(0.160062 0.288609 1.12264e-18)
(0.11795 0.170228 2.15272e-20)
(0.117571 0.354911 7.53855e-19)
(-0.00924958 -0.340547 -1.55661e-22)
(0.00627538 0.0291106 2.93431e-19)
(0.00302769 -0.24638 -4.46436e-24)
(-0.00252714 0.00270292 1.66813e-19)
(0.0172347 -0.0927588 -2.00414e-18)
(-0.0184079 0.0610503 -1.01771e-18)
(-0.00137088 0.00961609 -1.97521e-18)
(-0.0365914 0.103736 -6.53147e-20)
(-0.0455475 -0.000575242 4.64206e-18)
(-0.0560577 0.105689 -2.26919e-18)
(-0.115453 0.0434029 5.14527e-18)
(-0.140068 0.148382 -5.15262e-18)
(-0.702265 0.251246 0)
(-0.970432 0.675954 0)
(4.1026 1.73464 7.39391e-20)
(3.03936 1.3962 0)
(4.42444 1.02279 0)
(3.2373 0.912013 1.39454e-19)
(0.862696 0.159318 4.00121e-18)
(-0.824867 0.219901 0)
(-1.45865 0.629697 1.23898e-20)
(-1.57456 0.978032 5.82141e-18)
(3.77217 0.211738 9.27409e-22)
(3.8911 0.203161 3.48241e-24)
(3.89682 0.231924 -1.16527e-23)
(3.921 0.108035 -4.70186e-22)
(3.60485 0.12952 5.56e-21)
(3.73285 0.191308 -3.90149e-22)
(3.90132 0.217792 -1.3344e-21)
(3.92016 0.225376 -1.09072e-20)
(3.97641 0.153532 1.23227e-20)
(3.7255 0.212098 0)
(2.93404 0.183686 -2.05512e-22)
(2.81931 0.176953 0)
(2.70069 0.156597 0)
(2.57377 0.13334 -8.97044e-22)
(3.88501 0.197097 3.70339e-22)
(3.88993 0.198965 6.80864e-22)
(3.75653 0.202771 -3.76561e-22)
(3.88947 0.175831 7.16332e-22)
(3.89238 0.191481 -5.76187e-21)
(3.89958 0.211037 -1.45977e-21)
(3.88823 0.195009 0)
(3.87998 0.202198 1.42693e-21)
(3.69425 0.170583 -3.02892e-22)
(3.89653 0.194284 -7.25018e-22)
(3.90148 0.216864 1.32583e-21)
(3.89992 0.217245 6.3729e-22)
(-0.270441 0.0351665 0)
(-0.264724 0.024234 0)
(-0.533164 0.006114 0)
(-0.517794 0.0273785 0)
(-0.41735 0.0206729 0)
(-0.400341 0.0281986 0)
(-0.579106 -0.00742963 0)
(-0.586768 0.0255566 0)
(1.50736 -0.0476191 0)
(1.4918 0.163328 8.69779e-22)
(1.52725 0.284035 -2.93123e-20)
(1.61976 0.424438 0)
(1.75928 0.461163 -1.27401e-20)
(1.89943 0.559518 -2.15119e-20)
(1.31457 0.0943989 -9.44265e-21)
(1.35954 0.32915 6.14616e-20)
(1.48211 0.541266 1.28334e-20)
(1.65251 0.734054 3.51969e-20)
(1.86102 0.780104 4.00259e-20)
(2.02846 -0.350048 -7.19579e-20)
(1.94716 -0.321715 2.29599e-22)
(1.78136 -0.421329 0)
(1.68787 -0.251434 1.42279e-20)
(1.57727 -0.199001 -1.4194e-20)
(1.91795 -0.586972 5.10449e-20)
(1.82695 -0.331669 -2.53221e-20)
(1.53308 -0.511132 1.39085e-20)
(1.39691 -0.262099 5.37541e-20)
(1.34767 -0.060109 2.46149e-20)
(2.20247 -0.0152102 -5.74092e-21)
(2.16645 -0.0179472 -3.55806e-22)
(2.1169 -0.0480198 -2.84289e-21)
(2.22523 -0.0366189 0)
(2.20197 -0.0479065 1.06176e-20)
(2.13779 -0.311408 2.8405e-21)
(2.31612 -0.0482619 5.2728e-21)
(2.28156 -0.066508 -6.79556e-22)
(2.22922 -0.152367 -5.49445e-21)
(2.1133 -0.377315 4.73803e-20)
(2.21015 -0.348158 3.47777e-20)
(2.07534 -0.464197 -4.50849e-20)
(2.02617 -0.011861 4.86722e-23)
(2.05455 -0.0500998 -2.38061e-23)
(2.07554 -0.0236554 2.35532e-23)
(2.12833 -0.0548262 0)
(2.16603 -0.0282196 0)
(2.2181 -0.0592346 -2.86808e-21)
(2.19001 0.0160043 5.6412e-21)
(2.19812 -0.123107 5.41395e-21)
(2.2118 -0.0873471 -5.50579e-21)
(2.14455 -0.0253556 1.14789e-20)
(2.15099 -0.166061 0)
(2.17081 -0.152189 0)
(2.2225 -0.0283469 -1.09588e-20)
(2.25866 -0.204122 -5.44002e-21)
(2.25532 -0.118307 5.45323e-21)
(2.18694 -0.109431 -1.11995e-20)
(2.2037 -0.26148 0)
(2.24073 -0.250753 1.02538e-21)
(2.30953 -0.0405712 -5.18084e-21)
(2.32412 -0.191787 1.03921e-20)
(2.34874 -0.120622 2.61136e-21)
(2.24565 -0.0677218 2.18378e-20)
(2.25085 -0.321971 -2.60647e-21)
(2.29015 -0.244481 -1.03423e-20)
(1.22151 -0.00936065 0)
(0.513501 0.0003168 0)
(1.33787 -0.013112 0)
(0.587711 -0.000926877 0)
(1.46951 -0.0142498 0)
(0.675916 -0.00156897 0)
(1.3048 -0.0182243 0)
(0.561799 -0.0033416 0)
(1.42828 -0.0200092 0)
(0.647465 -0.00351078 0)
(1.57053 -0.0235476 0)
(0.743278 -0.004172 0)
(2.00841 0.0306934 9.01012e-20)
(2.00191 0.0208376 2.11107e-20)
(2.0012 0.00906048 5.577e-21)
(2.00051 0.00739612 -8.43094e-21)
(2.00027 0.00544964 3.16562e-21)
(2.00014 0.00527204 1.24421e-21)
(2.00015 0.00514875 -7.08596e-22)
(2.00007 0.00485693 8.78184e-23)
(1.9998 0.0048952 1.39226e-21)
(2.00009 0.00461745 0)
(2.00003 0.00421027 6.58285e-22)
(2.00022 0.00403683 -7.51645e-23)
(1.99977 0.00509159 -2.49323e-22)
(2.00019 0.00364295 -5.03301e-22)
(2.00011 0.00421676 0)
(2.00018 0.0033228 1.74406e-21)
(2.00021 0.00239863 1.33483e-21)
(2.00033 0.0010254 -2.0112e-21)
(2.0005 -0.000598685 -2.71524e-21)
(2.00133 -0.00122235 2.68324e-21)
(2.00133 0.00159739 5.38591e-21)
(2.00209 -0.00701906 -3.19342e-20)
(2.00384 -0.0276841 -3.18447e-20)
(2.02032 -0.0450597 -7.38938e-20)
(2.03065 0.0422502 -2.2687e-20)
(2.01217 0.0336793 -2.26928e-20)
(2.00601 0.0184415 -1.12517e-20)
(2.00265 0.0154564 0)
(2.00143 0.0117326 0)
(2.00029 0.0102317 -2.63804e-21)
(2.00049 0.00974334 -1.39434e-21)
(2.00015 0.00989141 -6.81893e-22)
(2.00004 0.00983642 -1.37156e-21)
(1.99992 0.00975509 -1.00816e-21)
(2.00013 0.00930799 0)
(2.00018 0.00927347 1.59761e-22)
(2.00029 0.00884627 -3.41237e-22)
(2.00059 0.00953963 2.09623e-22)
(2.00061 0.0082575 -1.02963e-25)
(2.00087 0.00728636 -1.35231e-21)
(2.00131 0.00535175 -1.35869e-21)
(2.00187 0.00276034 2.73162e-21)
(2.00275 0.00171131 -2.72966e-21)
(2.00484 -0.00303468 5.44175e-21)
(2.00677 0.000675112 1.07936e-20)
(2.01256 -0.0161298 2.13222e-20)
(2.02121 -0.0442666 -2.13211e-20)
(2.05199 -0.0512723 -1.16632e-20)
(2.05042 0.0442746 1.43171e-21)
(2.02393 0.0357923 6.84038e-20)
(2.01123 0.0188485 -5.58171e-21)
(2.00637 0.0254487 -1.39798e-21)
(2.00373 0.0166299 -5.92478e-21)
(2.00167 0.0165109 2.79118e-21)
(2.00066 0.014124 2.75264e-21)
(2.00018 0.0151161 -4.40216e-24)
(2.00008 0.0154612 -6.71345e-22)
(2.00019 0.0157703 3.321e-22)
(2.00021 0.014014 -1.70404e-21)
(2.00052 0.0145085 0)
(2.00102 0.0141317 3.36639e-22)
(2.00162 0.013765 2.03773e-21)
(2.00253 0.0128233 -4.0632e-21)
(2.00307 0.0114795 5.41452e-21)
(2.00395 0.00964551 -1.34946e-21)
(2.00591 0.00597367 2.67633e-21)
(2.00775 0.00718799 2.67358e-21)
(2.01191 -0.00324842 -2.25248e-20)
(2.01726 0.0121593 -7.96721e-21)
(2.02976 -0.0181696 2.66394e-21)
(2.0404 -0.048249 -8.03773e-20)
(2.06561 -0.0538667 -2.51829e-20)
(2.06327 0.040093 -7.1595e-22)
(2.0318 0.0333526 0)
(2.01611 0.0328126 1.14303e-20)
(2.00856 0.0135537 1.13347e-20)
(2.00539 0.0202493 5.65813e-21)
(2.00275 0.0181049 -5.66622e-21)
(2.00068 0.0187523 5.64488e-21)
(1.99986 0.018399 2.81172e-21)
(1.99983 0.017451 0)
(2.00008 0.0187314 2.68129e-24)
(2.00045 0.0202988 2.04401e-21)
(2.00069 0.0186412 0)
(2.00154 0.0190673 1.37361e-21)
(2.00244 0.0173235 -1.38251e-21)
(2.00352 0.0167847 0)
(2.00498 0.0145456 -2.73476e-21)
(2.00668 0.0105733 0)
(2.00907 0.00729996 -2.16446e-20)
(2.01393 -0.00526944 -2.15022e-20)
(2.01997 -0.0053827 4.29681e-20)
(2.02912 -0.0415518 2.14279e-20)
(2.0399 -0.0244064 2.14872e-20)
(2.05552 -0.045076 -1.33777e-20)
(2.06531 -0.0434615 6.9703e-22)
(2.06875 0.0334274 0)
(2.0389 0.0300198 -1.71811e-20)
(2.02196 0.0188012 1.61315e-21)
(2.01261 0.032112 -4.56332e-20)
(2.00581 0.022021 0)
(2.00282 0.0215247 0)
(2.0008 0.021631 -5.51602e-21)
(1.99964 0.0209303 -5.64573e-21)
(1.99924 0.0232093 2.7981e-21)
(1.99949 0.0224313 -2.76458e-21)
(2.00016 0.0236126 1.35411e-21)
(2.00112 0.0244775 3.37942e-22)
(2.00195 0.0218581 2.40761e-21)
(2.00375 0.0236743 1.36831e-21)
(2.00533 0.0200872 2.73118e-21)
(2.00867 0.0183424 0)
(2.01167 0.0164653 0)
(2.01485 0.0124754 1.62093e-20)
(2.01769 0.0170981 3.2264e-20)
(2.02472 0.00442255 -1.61637e-20)
(2.03503 0.0279235 -1.887e-20)
(2.05098 -0.00969971 -2.41778e-20)
(2.0676 -0.0439995 0)
(2.05598 -0.037346 0)
(2.06896 0.0260487 -1.62689e-22)
(2.04293 0.0264254 1.00304e-20)
(2.02262 0.0279178 1.0041e-20)
(2.01344 0.0177594 1.14507e-20)
(2.00754 0.0235923 -1.1273e-20)
(2.00308 0.0230967 0)
(2.00054 0.0228204 0)
(1.99917 0.0255926 0)
(1.99847 0.0227908 2.81144e-21)
(1.99834 0.0253064 -2.81109e-21)
(1.99939 0.0242413 -1.38065e-21)
(2.00079 0.0293099 -8.40267e-23)
(2.00295 0.0286075 -7.67404e-25)
(2.0046 0.0253095 0)
(2.00765 0.0265593 -5.48142e-21)
(2.0104 0.0233857 1.08813e-20)
(2.01435 0.0217694 0)
(2.01778 0.017239 0)
(2.02553 0.00666904 -2.15395e-20)
(2.02961 0.000622703 1.06596e-20)
(2.0432 -0.0337964 -2.67048e-21)
(2.06266 -0.0147808 1.26682e-20)
(2.07721 -0.0453617 7.96567e-21)
(2.04242 -0.0343543 0)
(2.06955 0.0218199 0)
(2.04358 0.0234629 0)
(2.0241 0.0208971 -1.07847e-20)
(2.01451 0.0253864 1.14694e-20)
(2.008 0.0214761 1.39588e-20)
(2.00305 0.0217066 -2.72253e-21)
(1.9999 0.023675 0)
(1.99814 0.0204907 -1.40835e-20)
(1.99726 0.0297318 2.82367e-21)
(1.99725 0.0269765 7.00105e-21)
(1.99745 0.0331741 -1.39676e-21)
(1.99988 0.0249048 1.71628e-22)
(2.00266 0.0340437 -1.32913e-21)
(2.00542 0.0333592 0)
(2.00881 0.0316003 0)
(2.01225 0.0303182 -1.08942e-20)
(2.01705 0.0251128 0)
(2.02334 0.0237061 2.68435e-21)
(2.03119 0.0154201 -1.58945e-23)
(2.04092 0.0200326 -1.06993e-20)
(2.05111 0.0251042 -3.99859e-21)
(2.06785 0.00546005 -2.02478e-20)
(2.08337 -0.0543712 4.29108e-21)
(2.02892 -0.0314394 7.20291e-22)
(2.06811 0.0183024 0)
(2.04489 0.0214405 -5.81647e-21)
(2.02578 0.0193087 1.40534e-21)
(2.0155 0.0188434 -1.54412e-20)
(2.00749 0.0203316 1.32571e-24)
(2.00236 0.0220786 5.55519e-21)
(1.99861 0.0228283 -5.69739e-21)
(1.99645 0.0302328 5.63961e-21)
(1.995 0.0225829 -2.83289e-21)
(1.9946 0.0323643 -5.61016e-21)
(1.99622 0.0294782 0)
(1.99745 0.0377114 -1.73913e-22)
(2.00103 0.0288255 0)
(2.00515 0.0368897 2.67033e-21)
(2.00968 0.0337468 -1.88582e-23)
(2.01597 0.0352342 5.42177e-21)
(2.02215 0.0317241 1.93559e-23)
(2.03094 0.0267965 2.69544e-21)
(2.03781 0.0219301 -1.06526e-20)
(2.04989 0.00389112 -1.32389e-21)
(2.06046 -0.0108833 1.32571e-21)
(2.07474 -0.0102536 1.05873e-20)
(2.09444 -0.0453717 2.26976e-21)
(2.01671 -0.0252484 -8.05216e-22)
(2.06871 0.0154206 -1.71595e-22)
(2.04595 0.0165894 -5.8531e-21)
(2.02554 0.0127309 1.74926e-22)
(2.0146 0.0166972 9.83644e-21)
(2.00644 0.0166733 4.31336e-25)
(2.00059 0.0178321 1.4283e-21)
(1.99678 0.0216232 1.1405e-20)
(1.99301 0.0161679 1.42106e-20)
(1.99133 0.0375458 -2.84735e-21)
(1.99225 0.0269088 -1.40904e-21)
(1.99319 0.0395244 1.40764e-21)
(1.99584 0.0410749 -1.73126e-22)
(1.9989 0.0464156 3.48706e-22)
(2.00451 0.042705 1.36806e-21)
(2.01019 0.0428054 1.35132e-21)
(2.01717 0.0416233 -1.63114e-20)
(2.02605 0.0416477 2.28253e-23)
(2.0339 0.0368227 -7.99191e-21)
(2.04288 0.0390573 1.06676e-20)
(2.05365 0.0404274 0)
(2.0678 0.0391077 5.22495e-21)
(2.08836 0.0162441 0)
(2.10475 -0.03894 -2.4409e-21)
(2.00941 -0.0195398 0)
(2.06884 0.0113117 -1.29019e-21)
(2.04774 0.0123228 -2.57118e-21)
(2.02462 0.0173722 8.98578e-22)
(2.0134 0.0121977 -7.22326e-22)
(2.00504 0.0154823 4.34417e-21)
(1.99818 0.0171056 1.44249e-21)
(1.99172 0.0214982 -1.14228e-20)
(1.98796 0.0415112 -1.4338e-21)
(1.98694 0.0166979 2.85838e-21)
(1.98675 0.0454447 -7.11508e-21)
(1.98825 0.0361245 -3.52291e-22)
(1.99226 0.0395915 2.92567e-24)
(1.99708 0.0471222 3.12235e-21)
(2.00366 0.0476625 5.47432e-21)
(2.01068 0.0542778 0)
(2.01795 0.0475457 1.33679e-21)
(2.0275 0.0477996 -1.34938e-21)
(2.03744 0.0464644 1.06468e-20)
(2.05077 0.0275748 -1.31594e-21)
(2.06321 0.0146019 6.51913e-21)
(2.08024 -0.000924103 -5.22665e-21)
(2.09978 0.00818602 -8.09989e-23)
(2.1157 -0.0406015 1.75463e-21)
(2.00459 -0.0149333 3.52172e-22)
(2.06985 0.00552353 1.31588e-21)
(2.04786 0.00849371 -3.36175e-22)
(2.02451 0.00145355 -5.67255e-21)
(2.01121 0.00510469 6.03044e-21)
(2.0028 0.0113619 -5.78359e-21)
(1.99319 0.0152829 1.44967e-21)
(1.98611 0.0185813 -5.81496e-21)
(1.98416 0.00311854 -1.44703e-21)
(1.98242 0.0437039 5.03586e-21)
(1.98153 0.0210324 6.43404e-21)
(1.98377 0.0421027 0)
(1.98764 0.0530375 -3.51879e-22)
(1.99221 0.0511524 -2.60709e-21)
(2.00077 0.0592049 6.59976e-24)
(2.01066 0.0623202 5.35228e-21)
(2.02091 0.0612159 5.36375e-21)
(2.03057 0.0555364 0)
(2.04686 0.0440516 0)
(2.05662 0.0511922 0)
(2.06958 0.0538184 -5.22139e-23)
(2.08848 0.0411608 0)
(2.10609 0.0183364 2.29563e-21)
(2.12933 -0.0419091 7.93784e-22)
(2.00229 -0.00988397 3.25089e-22)
(2.06887 0.00286615 7.67285e-22)
(2.04951 0.00288413 -1.20593e-21)
(2.02548 0.0136281 5.98472e-21)
(2.01117 -0.00427206 -3.3025e-22)
(1.99792 0.00246478 0)
(1.99046 0.00161342 -7.29742e-22)
(1.98315 0.00680301 5.79289e-21)
(1.97865 0.033015 7.2418e-22)
(1.9729 0.00597429 4.03e-22)
(1.97331 0.0499798 5.44547e-21)
(1.97325 0.0451324 -7.18034e-22)
(1.97849 0.0475464 -6.17241e-22)
(1.98739 0.0653249 7.51345e-22)
(1.99409 0.0608514 -5.58357e-21)
(2.009 0.0657401 -6.60414e-22)
(2.02294 0.0746329 -5.29178e-21)
(2.03623 0.0692687 6.73034e-22)
(2.04907 0.0754082 0)
(2.065 0.0687842 0)
(2.08412 0.0277391 -9.96443e-21)
(2.09744 0.0382652 -3.19667e-22)
(2.11912 0.0342334 -2.4559e-21)
(2.13807 -0.0455375 -1.32753e-21)
(2.00337 -0.00363138 -1.66697e-22)
(2.07142 -0.00617143 -2.21452e-23)
(2.05049 -0.0031937 -1.72878e-22)
(2.02854 -0.0242553 9.06276e-23)
(2.01127 -0.000193879 -5.6975e-21)
(1.9951 -0.0087584 2.94133e-21)
(1.98703 -0.00033391 0)
(1.9757 0.0116485 0)
(1.96443 0.00402289 5.89815e-21)
(1.96167 0.0588074 -5.87708e-21)
(1.96087 0.0233142 1.51164e-21)
(1.96519 0.0541068 -7.34505e-22)
(1.97064 0.0605149 -2.83908e-21)
(1.97773 0.0688093 -1.40167e-21)
(1.99034 0.0818029 7.03155e-21)
(2.00266 0.078216 -5.10994e-21)
(2.01928 0.0876026 -3.25114e-22)
(2.03715 0.0945427 3.28578e-22)
(2.05337 0.0743098 -5.30242e-24)
(2.07677 0.0574139 -3.24972e-22)
(2.09189 0.0933142 5.11364e-21)
(2.11277 0.0401507 -7.79637e-23)
(2.13884 0.0283592 -2.37738e-21)
(2.15522 -0.0591939 -5.48253e-22)
(2.00876 0.00150047 -1.66702e-22)
(2.07633 -0.00851249 -1.06512e-21)
(2.05396 -0.0110803 -9.0605e-23)
(2.02927 -0.00811635 0)
(2.01074 -0.0146788 0)
(1.99335 -0.0197148 -3.68163e-21)
(1.97691 -0.00215407 6.64103e-21)
(1.96148 -0.00583687 -5.97889e-21)
(1.95589 0.0305701 -5.93281e-21)
(1.95327 -0.0207327 -4.65098e-23)
(1.95042 0.0530501 -1.1067e-20)
(1.95153 0.0413683 -2.22038e-21)
(1.95576 0.0791482 0)
(1.96985 0.069381 7.17733e-22)
(1.98404 0.0950225 1.43954e-21)
(1.99958 0.10334 1.1013e-20)
(2.01862 0.103267 5.18771e-21)
(2.04244 0.0824848 5.25381e-21)
(2.06476 0.0918439 0)
(2.08296 0.0992286 2.52808e-21)
(2.10866 0.0372172 2.47951e-21)
(2.12891 0.073212 -2.43571e-21)
(2.14862 0.05201 2.45005e-21)
(2.16972 -0.047787 -1.81844e-21)
(2.0193 0.00633148 0)
(2.07822 -0.0125078 -3.50987e-22)
(2.06031 -0.013181 3.5803e-21)
(2.02924 -0.0490671 -1.43939e-21)
(2.0082 -0.0376814 -1.42798e-21)
(1.99048 -0.0266157 1.48123e-21)
(1.96986 -0.0317603 -5.95894e-21)
(1.95668 -0.0221509 1.80737e-20)
(1.9442 -0.0465031 0)
(1.93405 0.0587056 0)
(1.92719 0.0175645 1.20728e-20)
(1.92888 0.07426 1.39563e-21)
(1.94373 0.0545774 9.30629e-23)
(1.9503 0.120882 7.24547e-22)
(1.96793 0.100026 -5.6653e-21)
(1.99353 0.125206 -1.10483e-20)
(2.01787 0.13105 -1.55788e-20)
(2.04519 0.156874 -2.68946e-21)
(2.06924 0.135617 -2.59688e-21)
(2.09329 0.115738 -3.76753e-21)
(2.11625 0.13959 -3.70068e-21)
(2.14306 0.0745298 1.2442e-21)
(2.16999 0.0548518 -1.16973e-21)
(2.18603 -0.0656169 8.91257e-22)
(2.03342 0.00711838 1.6029e-22)
(2.0898 -0.00462783 2.90643e-21)
(2.06578 -0.0127074 3.59219e-21)
(2.03797 -0.0156179 1.4372e-21)
(2.00832 -0.0519934 0)
(1.98605 -0.0496311 6.00727e-21)
(1.9659 -0.0450634 0)
(1.94705 -0.0191878 1.49838e-22)
(1.92381 0.0441818 -2.49684e-20)
(1.90598 -0.0170564 1.25562e-20)
(1.90717 0.0547918 -6.12668e-21)
(1.91291 0.0469725 1.50966e-21)
(1.91435 0.112247 -3.72945e-21)
(1.9384 0.0811971 2.98353e-21)
(1.95687 0.141119 0)
(1.98231 0.13131 0)
(2.01607 0.13054 -1.05929e-20)
(2.05 0.11758 0)
(2.07955 0.135835 0)
(2.11765 0.106771 2.47621e-21)
(2.14765 0.0750061 0)
(2.1712 0.076777 1.18899e-21)
(2.19993 0.0644423 1.17357e-21)
(2.21771 -0.0626509 0)
(2.05487 0.00562841 1.17208e-21)
(2.09856 -0.00936928 1.61637e-21)
(2.08526 -0.0110736 7.27657e-22)
(2.04584 -0.104386 -2.9311e-21)
(2.01075 -0.06933 2.8951e-21)
(1.98459 -0.0826061 -1.77103e-20)
(1.95195 -0.0616115 -1.52359e-21)
(1.91627 -0.0581514 -1.07795e-20)
(1.89725 -0.0731304 2.52176e-20)
(1.88905 0.0159906 -2.54449e-20)
(1.88033 0.0212893 6.27543e-21)
(1.87333 0.081681 -5.4351e-21)
(1.88991 0.0853133 -1.3288e-21)
(1.90546 0.154435 1.17974e-20)
(1.93876 0.155018 -2.93294e-20)
(1.97209 0.189284 5.99507e-21)
(2.0072 0.204121 2.68392e-20)
(2.04658 0.224186 8.24567e-23)
(2.09776 0.164784 -9.77357e-21)
(2.12567 0.189449 5.01448e-21)
(2.15961 0.172038 0)
(2.19095 0.133037 3.38523e-21)
(2.21816 0.0901841 -4.49019e-21)
(2.23958 -0.0412904 -2.2183e-21)
(2.08633 0.00521252 1.0557e-21)
(2.12773 -0.0127911 -1.8102e-22)
(2.10011 -0.0230344 0)
(2.06965 -0.013034 1.45112e-21)
(2.02161 -0.102271 -2.94531e-21)
(1.98068 -0.109567 1.16279e-20)
(1.94097 -0.0716725 -3.74936e-20)
(1.90293 -0.0867463 1.3012e-20)
(1.88223 -0.0191038 -2.63282e-20)
(1.84998 -0.036857 2.58581e-20)
(1.83386 0.0360002 0)
(1.84154 0.0669632 1.60173e-21)
(1.85549 0.130968 5.92466e-22)
(1.88256 0.160992 1.18663e-20)
(1.92078 0.19216 -6.14302e-21)
(1.9654 0.216436 0)
(2.01117 0.221788 0)
(2.06543 0.177912 -3.02566e-20)
(2.10037 0.267904 2.90967e-20)
(2.15182 0.181623 4.72312e-21)
(2.19523 0.146203 6.6429e-21)
(2.22697 0.12185 -7.73862e-21)
(2.26334 0.090246 0)
(2.28726 -0.0825077 2.3853e-21)
(2.1265 0.00479815 -1.15738e-21)
(2.1446 -0.0205698 0)
(2.12445 -0.035523 3.54282e-22)
(2.06898 -0.204254 2.85585e-21)
(2.04784 -0.0985811 0)
(1.9824 -0.150322 -1.22408e-20)
(1.92476 -0.166439 4.93875e-20)
(1.89127 -0.110986 -5.17575e-20)
(1.83145 -0.12515 2.5059e-20)
(1.80848 0.00562194 -2.0186e-22)
(1.78363 0.0158262 2.63642e-20)
(1.77708 0.0912958 -7.91777e-22)
(1.79087 0.14344 -7.77756e-21)
(1.83015 0.198108 6.22839e-21)
(1.88353 0.250729 -1.71116e-20)
(1.93629 0.282687 2.29093e-20)
(2.00078 0.325561 0)
(2.05965 0.33483 4.79316e-22)
(2.13013 0.211199 -1.92784e-20)
(2.18793 0.241739 0)
(2.22904 0.239058 -1.94487e-21)
(2.27544 0.174469 -8.13246e-21)
(2.31283 0.120287 8.63026e-21)
(2.32592 -0.0623451 1.98413e-21)
(2.16706 0.00804083 -1.08293e-21)
(1.73809 -0.113881 1.3538e-20)
(1.722 0.0259368 -2.72936e-20)
(1.71765 0.101361 1.29428e-21)
(1.74094 0.184825 4.10253e-22)
(1.78773 0.261326 0)
(1.85672 0.307105 -5.82936e-21)
(1.91975 0.369573 -1.08866e-20)
(2.02268 0.28817 -2.01356e-20)
(2.10385 0.30073 2.1079e-20)
(2.15278 0.378339 0)
(2.22076 0.27801 0)
(2.27398 0.187791 1.984e-20)
(2.31367 0.179517 -1.57452e-20)
(2.34579 0.130949 4.15699e-22)
(2.38526 -0.0631364 1.24597e-22)
(2.23561 0.000756141 9.82253e-22)
(1.6721 -0.0663427 4.14636e-20)
(1.62236 -0.0262794 -2.45315e-22)
(1.61462 0.0956641 5.4073e-21)
(1.64005 0.200865 3.2586e-21)
(1.69478 0.322978 -3.25424e-21)
(1.79239 0.400878 1.13302e-20)
(1.90416 0.462471 -1.09469e-20)
(1.99619 0.515582 1.91995e-20)
(2.09713 0.504792 -4.17045e-22)
(2.20578 0.355686 7.80134e-23)
(2.27781 0.371448 -1.66553e-20)
(2.32404 0.381839 8.26869e-21)
(2.37789 0.261093 3.27953e-21)
(2.42217 0.1707 1.57594e-21)
(2.45015 -0.112678 1.02019e-22)
(2.29516 0.0104389 -1.78161e-21)
(2.06941 0.452211 -1.80489e-20)
(2.17118 0.491855 1.94049e-21)
(2.25269 0.518616 3.05685e-20)
(2.32964 0.420206 -4.16815e-20)
(2.41643 0.249653 3.40686e-20)
(2.47784 0.234746 -6.10007e-21)
(2.51773 0.167661 -2.33605e-21)
(2.52856 -0.104415 4.36497e-21)
(2.36427 0.00329286 1.20882e-23)
(2.00888 0.85729 -3.59736e-20)
(2.19319 0.690674 1.84743e-21)
(2.31867 0.585188 -2.34613e-20)
(2.42976 0.492158 -1.96834e-23)
(2.50031 0.49195 -1.03909e-20)
(2.5351 0.3436 1.55566e-20)
(2.57279 0.226945 -3.04357e-22)
(2.60799 -0.0452904 1.20786e-21)
(2.47793 0.00412906 -1.96426e-23)
(2.22195 0.754001 4.81408e-20)
(2.28836 0.859257 -1.18396e-20)
(2.45623 0.702477 3.65188e-20)
(2.55645 0.577497 -1.03548e-21)
(2.61437 0.362832 -2.1022e-21)
(2.65317 0.297464 -1.76694e-21)
(2.68247 0.214999 -4.51038e-22)
(2.70147 -0.0554412 -3.70796e-22)
(2.58878 0.0204357 0)
(2.00335 0.0244582 1.77565e-19)
(2.00059 0.00659339 -6.11402e-21)
(2.00157 0.0113147 -3.988e-20)
(2.00009 0.0044679 2.924e-21)
(2.00026 0.00393759 -2.99715e-21)
(2.00015 0.00392052 0)
(2.00014 0.00406392 -2.96085e-21)
(2.00004 0.00312906 -6.41144e-22)
(2.00008 0.00232613 0)
(2.00004 0.00255882 0)
(2.00005 0.00216501 3.72134e-22)
(2.00003 0.00209451 3.55414e-22)
(2.00009 0.00166338 -1.85942e-22)
(2.00002 0.00164355 3.60752e-22)
(2.00005 0.00162896 0)
(1.99996 0.00110152 4.57032e-23)
(2.00005 0.00140125 -2.77655e-22)
(1.99999 0.00208293 1.75771e-22)
(1.99987 0.00187039 -4.14674e-22)
(1.99999 0.00166438 5.34027e-27)
(2.00006 0.00178127 -1.1209e-26)
(2.00003 0.00171829 0)
(1.99999 0.00177011 5.33216e-27)
(2.00007 0.00140079 -2.41529e-23)
(2.00002 0.00157077 1.39591e-24)
(1.99985 0.0020661 4.33134e-23)
(1.99996 0.000796507 -2.26447e-23)
(2.00005 0.0017366 -2.01358e-22)
(2.00001 0.00182693 0)
(2.00001 0.00178063 1.739e-22)
(2.00002 0.000984779 1.80592e-22)
(2.00002 0.00135195 5.67902e-25)
(2.00003 0.000899248 -4.00835e-22)
(2.00004 0.00103583 1.37517e-24)
(2.00003 0.00102977 1.77261e-22)
(2.00005 0.000528952 -1.54156e-25)
(2.00005 0.000942934 3.50574e-22)
(2.00013 -7.30075e-05 1.06137e-21)
(2.00008 0.000729547 -3.60201e-22)
(2.00021 -0.00263916 -1.84703e-24)
(2.00016 -0.00100727 -2.10507e-21)
(2.00015 -0.00510972 -4.14226e-24)
(2.00018 -0.00453709 -2.76078e-24)
(2.00013 -0.00696843 -4.1818e-21)
(2.00023 -0.00490803 1.39959e-21)
(2.0016 -0.0126997 6.19247e-21)
(2.00059 -0.00428914 3.07049e-22)
(2.00345 -0.022851 0)
(2.01985 0.0425111 -2.15199e-19)
(2.03781 0.0492559 0)
(2.03852 -0.0444613 -2.36379e-20)
(2.04938 0.0496101 0)
(2.05685 0.0546479 -2.77915e-20)
(2.06142 -0.04867 2.34145e-20)
(2.05862 0.052233 2.25175e-20)
(2.05782 0.0488423 -5.8212e-21)
(2.0665 -0.0457072 0)
(2.0544 0.0489145 6.88385e-21)
(2.04946 0.0398124 3.12174e-21)
(2.06267 -0.0374668 -3.61186e-22)
(2.03817 0.0418719 -3.123e-21)
(2.03148 0.0358509 0)
(2.0519 -0.0310044 9.08006e-23)
(2.01753 0.0368469 1.96076e-22)
(2.00957 0.0323921 9.81681e-23)
(2.03829 -0.0275297 -7.20263e-22)
(1.99655 0.0345278 -7.84203e-22)
(1.98731 0.0286489 -1.01412e-25)
(2.02486 -0.0245229 0)
(1.97521 0.0326169 1.56886e-21)
(1.96636 0.0240502 -7.72246e-22)
(2.01433 -0.0226833 7.13934e-22)
(1.95455 0.0274641 0)
(1.94824 0.0212805 0)
(2.00738 -0.0188779 -3.5217e-22)
(1.9382 0.022481 -4.91415e-23)
(1.93118 0.0172703 -3.93086e-22)
(2.00412 -0.0134697 -3.40377e-22)
(1.92353 0.0201488 3.93088e-22)
(1.9185 0.0109282 -1.23089e-23)
(2.00284 -0.00831052 1.63831e-22)
(1.91198 0.011881 -2.46464e-23)
(1.9083 0.00773355 1.97199e-22)
(2.00614 0.00248146 1.64287e-22)
(1.90555 0.00186537 -4.19321e-22)
(1.9041 -0.000476793 3.95212e-22)
(2.01542 0.0105307 6.5949e-22)
(1.90124 -0.00533012 -3.95972e-22)
(1.90093 -0.00892575 1.04397e-21)
(2.02816 0.0174703 -8.07122e-23)
(1.90147 -0.00899782 1.30676e-25)
(1.90534 -0.0129256 -1.90895e-22)
(2.04629 0.0225949 -1.17003e-24)
(1.90885 -0.00709432 9.85659e-23)
(1.91643 -0.0202484 0)
(2.07459 0.0253995 1.3064e-21)
(1.92273 -0.00737303 -1.5706e-21)
(1.93898 -0.0201495 0)
(2.11364 0.0314923 1.25892e-21)
(1.9477 -0.0111688 -4.91254e-23)
(1.96526 -0.0318767 4.91567e-23)
(2.15121 0.0381491 1.12696e-21)
(1.97751 -0.0131484 0)
(2.00873 -0.0378619 -4.78185e-23)
(2.21145 0.0441403 -1.01976e-21)
(2.2778 0.0546537 -1.97312e-21)
(2.33577 0.0559773 0)
(2.42721 0.0645522 -7.54276e-22)
(2.55403 0.0613322 1.95956e-23)
(2.64209 0.0615234 0)
(2.0553 -0.233909 2.36085e-20)
(1.99955 -0.155812 0)
(1.92803 -0.165563 0)
(1.85335 -0.182551 2.72174e-20)
(1.80287 -0.0662407 -2.65716e-20)
(2.09176 -0.185079 3.63064e-22)
(2.00747 -0.267016 3.19704e-22)
(1.91804 -0.306409 -2.54902e-20)
(1.83687 -0.211899 0)
(1.71958 -0.250905 -2.77863e-20)
(2.00423 0.0266236 -3.35232e-20)
(2.00917 0.0200803 1.13268e-20)
(2.01944 0.0366161 0)
(2.00124 0.0170659 -1.64635e-20)
(2.00514 0.0050985 -1.6768e-20)
(2.00577 0.01514 1.13362e-20)
(2.00109 0.00661727 -1.90356e-23)
(2.00226 0.0131167 1.13152e-20)
(2.00381 0.0150367 0)
(2.00037 0.00513889 2.81512e-21)
(2.00103 0.00940811 2.82183e-21)
(2.00168 0.00959872 -2.83193e-21)
(2.00026 0.00406091 -1.43362e-21)
(2.00042 0.00846235 -5.69601e-24)
(2.00082 0.00824385 2.83257e-21)
(2 0.00517447 -4.5627e-21)
(2.0001 0.00730433 -3.29584e-21)
(2.00016 0.00781823 -4.9924e-24)
(2.00024 0.00468266 1.73291e-21)
(2.00033 0.00719959 -3.39192e-22)
(2.00032 0.00622652 2.13697e-21)
(1.99979 0.00536807 -1.05444e-21)
(1.99987 0.00643622 3.30019e-22)
(2.00011 0.00692302 -7.03233e-22)
(2.00004 0.00435891 0)
(2.00006 0.00673251 6.74775e-22)
(1.99996 0.00559102 6.07189e-25)
(2.00012 0.00486539 -3.21222e-22)
(2.00009 0.00654481 0)
(2 0.00644099 3.36486e-22)
(2.0001 0.00440187 -1.75465e-22)
(2.00016 0.00605235 1.31431e-22)
(2.00017 0.00719788 -8.22147e-23)
(2.00008 0.00402904 7.53305e-23)
(2.00011 0.00704665 -5.24075e-24)
(2.00024 0.00715198 -7.83757e-23)
(1.99985 0.00430725 3.98709e-22)
(2.00019 0.00487974 -8.3338e-23)
(1.99992 0.00613175 0)
(2.00033 0.00263488 1.93574e-22)
(2.00038 0.00693191 8.45998e-22)
(2.0005 0.00546851 -1.73773e-22)
(2.00012 0.0023736 -4.96952e-22)
(2.00041 0.00576049 -8.52167e-22)
(2.00029 0.00498287 3.44702e-22)
(2.00016 0.00243392 -6.7292e-22)
(2.00047 0.00454659 0)
(2.00051 0.0044533 -3.43792e-22)
(2.00027 0.00151204 -1.28845e-24)
(2.00077 0.00325843 1.21477e-24)
(2.00075 0.00368128 -1.35648e-21)
(2.00034 0.000657557 1.34601e-21)
(2.00101 0.00160292 0)
(2.00107 0.00289036 6.78673e-22)
(2.00081 -0.000570886 1.01047e-21)
(2.0024 -0.00190686 0)
(2.00127 0.000319939 0)
(2.00113 -0.000908355 -3.39405e-25)
(2.00322 -0.0067795 8.1392e-21)
(2.00252 -0.00269417 -1.09077e-20)
(2.0014 -0.00105824 2.11699e-20)
(2.00463 -0.0188015 -2.68609e-20)
(2.00296 -0.0140303 -5.38739e-21)
(2.0021 -0.0113473 3.11147e-20)
(2.00821 -0.0220499 0)
(2.00512 -0.0147062 1.07027e-20)
(2.0085 -0.0277269 1.0655e-19)
(2.02071 -0.034386 -2.13866e-20)
(2.01142 -0.0127635 -3.22087e-20)
(2.01886 0.0433196 9.06682e-20)
(2.02532 0.0278191 -2.29655e-22)
(2.04246 0.0437856 2.85356e-21)
(2.00825 0.0355064 5.75972e-23)
(2.01172 0.0132256 -4.51959e-20)
(2.01634 0.0273642 -4.53794e-20)
(2.00533 0.015384 6.79948e-24)
(2.00598 0.0197047 2.24275e-20)
(2.01173 0.0232359 1.08169e-20)
(2.00297 0.0139096 -5.62563e-21)
(2.00306 0.0138019 1.11586e-20)
(2.00562 0.0156175 -1.10954e-20)
(2.00113 0.0110659 2.78273e-21)
(2.0011 0.0139361 -9.6677e-21)
(2.00304 0.0143486 2.77673e-21)
(2.00079 0.0103785 5.26274e-21)
(2.00071 0.0126362 2.60427e-21)
(2.00159 0.0122299 1.62351e-20)
(2.00027 0.00976236 -1.31313e-21)
(1.99984 0.0123983 0)
(2.00124 0.0127627 -2.65713e-21)
(2.00027 0.00989548 -6.59283e-22)
(1.99995 0.0121221 0)
(2.00062 0.0120472 1.30323e-21)
(2 0.00936074 -6.52211e-22)
(1.99958 0.011944 0)
(2.00061 0.0121434 3.92695e-21)
(1.99998 0.00947737 7.71238e-22)
(1.99959 0.0119112 -2.04335e-21)
(2.00033 0.0118192 0)
(2.00018 0.0100718 -3.76135e-22)
(1.99973 0.0121873 -1.11904e-21)
(2.00051 0.0117803 6.41079e-22)
(2.00039 0.00965524 3.23717e-22)
(2.00005 0.011845 -3.18404e-22)
(2.00072 0.0117996 0)
(2.00073 0.00943361 3.32218e-22)
(2.00046 0.0115697 0)
(2.00132 0.0119564 -1.31328e-21)
(2.00062 0.00719432 0)
(2.00077 0.0113211 -3.31618e-21)
(2.00134 0.0107908 6.18021e-22)
(2.00111 0.00666456 -8.00833e-25)
(2.00129 0.0100066 1.32513e-21)
(2.00178 0.00990756 -3.33117e-22)
(2.00125 0.00581375 1.36209e-21)
(2.00174 0.00778115 1.33752e-21)
(2.00212 0.00847172 -1.32737e-21)
(2.00189 0.00446442 -1.36269e-21)
(2.00254 0.00557265 6.71141e-21)
(2.0028 0.00695084 -1.33294e-21)
(2.0024 0.00251113 5.45525e-21)
(2.00376 0.00268075 1.34281e-20)
(2.00354 0.00498537 0)
(2.00354 0.00114636 0)
(2.00574 -0.00299993 1.07073e-20)
(2.00448 6.01077e-05 -5.36012e-21)
(2.00483 -0.00375061 0)
(2.00811 -0.00930191 1.06761e-20)
(2.00698 -0.00390956 5.33109e-21)
(2.0076 -0.00343717 0)
(2.01409 -0.0262231 5.2874e-20)
(2.00923 -0.0205961 -3.19132e-20)
(2.01317 -0.0192195 0)
(2.02308 -0.0282853 1.0649e-20)
(2.01436 -0.0201578 -2.1243e-20)
(2.03396 -0.0404102 3.24046e-20)
(2.04685 -0.0391544 0)
(2.03104 -0.0166769 7.53811e-20)
(2.03367 0.046983 -6.87425e-20)
(2.03953 0.0265413 2.29704e-20)
(2.05883 0.0423513 0)
(2.01666 0.0429404 6.77592e-20)
(2.01952 0.018752 0)
(2.02783 0.03166 -2.29094e-20)
(2.05739 -0.0412254 6.73121e-21)
(2.06678 -0.0372968 -2.15137e-20)
(2.04777 -0.0140243 2.16514e-20)
(2.04472 0.0459025 0)
(2.04915 0.0231495 -1.57615e-20)
(2.06728 0.0346167 1.43474e-21)
(2.0239 0.0423824 0)
(2.02689 0.0178581 0)
(2.03689 0.0308479 2.86451e-21)
(2.07233 -0.0357698 2.359e-20)
(2.08027 -0.0286938 3.34911e-22)
(2.06087 -0.00738838 1.07908e-20)
(2.05225 0.0394992 2.88115e-21)
(2.05401 0.0233538 2.22146e-20)
(2.06938 0.0281163 6.82778e-22)
(2.02954 0.0393399 -2.85601e-21)
(2.0311 0.0185854 -7.18024e-22)
(2.04032 0.0286176 1.14753e-20)
(2.08365 -0.0297432 0)
(2.0888 -0.0178528 2.50642e-22)
(2.07131 0.00304391 -6.69404e-22)
(2.05557 0.0349009 -1.14632e-20)
(2.05666 0.0193157 -7.16763e-22)
(2.06902 0.0248042 -8.24455e-23)
(2.03282 0.0317956 7.1509e-21)
(2.03429 0.0180378 4.48877e-23)
(2.04335 0.0246436 -1.07595e-20)
(2.09114 -0.0278079 0)
(2.09495 -0.0080916 0)
(2.08011 0.0154469 -5.3282e-21)
(2.05744 0.0346033 5.73269e-21)
(2.05797 0.0205875 -1.14611e-20)
(2.0694 0.0210908 0)
(2.03437 0.0279661 -2.73171e-21)
(2.03427 0.0216128 3.27167e-22)
(2.04354 0.022769 4.90375e-21)
(2.0983 -0.0256867 -3.30383e-22)
(2.10022 -0.00413609 0)
(2.08722 0.0203987 -2.62745e-21)
(2.05842 0.0343159 5.37119e-21)
(2.05908 0.00911504 8.87685e-23)
(2.06806 0.0173743 -1.40325e-21)
(2.03451 0.0236921 -4.75055e-21)
(2.03545 0.0182694 5.70489e-21)
(2.04587 0.0189222 5.74677e-21)
(2.10386 -0.0132873 4.07901e-22)
(2.11007 -0.00339159 0)
(2.09848 0.025697 -1.24143e-23)
(2.05988 0.0337742 3.37275e-21)
(2.0613 0.00622392 -2.87007e-21)
(2.06874 0.0125111 2.75113e-21)
(2.03565 0.0173996 0)
(2.03637 0.0146171 -6.97963e-22)
(2.0467 0.0164702 0)
(2.11288 -0.00648078 -1.62266e-22)
(2.11839 0.000132147 0)
(2.10827 0.0311463 0)
(2.06224 0.0246878 -1.79566e-22)
(2.06288 0.00607756 0)
(2.06987 0.00747329 -1.32514e-21)
(2.03823 0.011843 -2.72278e-21)
(2.03785 0.0110182 -6.19877e-22)
(2.04745 0.0101298 2.57941e-21)
(2.12422 -0.00441685 1.60628e-22)
(2.13155 0.0084306 0)
(2.12124 0.0473893 -1.60538e-21)
(2.0637 0.0257606 0)
(2.06412 0.00333659 1.41682e-21)
(2.06868 0.00309525 -6.48961e-22)
(2.03796 0.00950883 1.65349e-21)
(2.03919 0.00973022 -8.68753e-23)
(2.04977 0.00412221 8.40748e-23)
(2.13625 -0.00114167 -1.58575e-22)
(2.14069 0.0169125 0)
(2.13184 0.0509015 1.56665e-21)
(2.06474 0.0125839 -1.68246e-21)
(2.06608 -0.00195288 4.51532e-23)
(2.07096 -0.00149118 0)
(2.03984 0.00288886 -1.37862e-21)
(2.03802 0.00319517 -1.387e-21)
(2.04895 -0.00133566 1.33507e-21)
(2.14609 0.000770356 7.83045e-23)
(2.15407 0.0289825 -6.96379e-22)
(2.14314 0.081722 1.00659e-21)
(2.06687 0.00686793 4.51058e-23)
(2.06793 -0.0186152 -4.52794e-23)
(2.07257 -0.00728417 -4.35177e-23)
(2.0374 -0.00642132 2.93797e-21)
(2.03884 -0.00927296 1.36253e-21)
(2.05302 -0.010628 9.04801e-23)
(2.15877 0.00446289 5.41261e-22)
(2.16352 0.036399 -6.07883e-22)
(2.15882 0.10432 6.03675e-22)
(2.07008 0.00945304 8.94386e-23)
(2.07142 -0.0283158 -7.24905e-22)
(2.07743 -0.0163147 -3.83164e-27)
(2.04344 -0.0110208 -1.42738e-21)
(2.04471 -0.0143092 9.087e-23)
(2.05544 -0.020778 6.23427e-22)
(2.17493 0.00469442 0)
(2.18572 0.0427012 0)
(2.17349 0.112364 6.32884e-24)
(2.07466 0.00746231 -7.24746e-22)
(2.07833 -0.0509862 -2.18212e-21)
(2.08198 -0.0239269 0)
(2.04574 -0.0238218 -2.89093e-21)
(2.04823 -0.0304147 2.83494e-21)
(2.06202 -0.0358084 -5.8274e-24)
(2.19204 0.0111733 -2.9342e-22)
(2.20295 0.0486805 2.93683e-22)
(2.19343 0.147034 -2.95444e-22)
(2.08357 0.0188326 -5.81615e-21)
(2.08745 -0.0643374 3.23514e-21)
(2.09287 -0.0373583 -1.81221e-22)
(2.05658 -0.029048 0)
(2.05986 -0.0518131 0)
(2.07464 -0.0618697 -4.31082e-21)
(2.21903 0.0120945 -1.43574e-21)
(2.22656 0.0568022 -1.12704e-21)
(2.22169 0.134752 0)
(2.10126 0.0189929 -3.58609e-22)
(2.10515 -0.104866 -2.89583e-21)
(2.11127 -0.0426403 3.0488e-21)
(2.06452 -0.0145529 5.82684e-21)
(2.07055 -0.112573 5.03721e-21)
(2.08541 -0.0649505 0)
(2.23922 0.0138543 1.51271e-21)
(2.27188 0.0713092 -1.21004e-21)
(2.25314 0.198815 -2.69983e-22)
(2.1202 0.0160801 0)
(2.12801 -0.094007 0)
(2.13588 -0.0542433 0)
(2.09806 -0.0446007 -5.10871e-21)
(2.09495 -0.0623375 9.86064e-22)
(2.1134 -0.0915595 0)
(2.29758 0.0155733 -1.06298e-21)
(2.30238 0.0823528 -3.09113e-21)
(2.29361 0.163273 2.03388e-21)
(2.14106 0.0108066 1.78212e-22)
(2.15844 -0.157209 -1.64971e-22)
(2.1651 -0.0764264 5.62073e-21)
(2.09835 -0.0592402 -1.00732e-21)
(2.10856 -0.167506 -1.08886e-20)
(2.14314 -0.158608 -5.64036e-21)
(2.31322 0.014814 3.07499e-21)
(2.33936 0.118289 7.15418e-22)
(2.33455 0.269645 -4.16339e-21)
(2.3951 0.00234071 -7.47662e-22)
(2.42724 0.132097 -1.83623e-21)
(2.39513 0.256163 5.63181e-23)
(2.4484 0.00332234 1.62164e-21)
(2.46683 0.148724 3.19584e-21)
(2.45986 0.27528 -3.21951e-21)
(2.49842 0.0167268 -1.51891e-21)
(2.527 0.190506 6.43316e-22)
(2.53177 0.361219 0)
(2.60416 0.050769 8.03992e-23)
(2.66222 0.178689 6.15761e-23)
(2.62296 0.363581 2.48337e-22)
(2.71936 0.0304134 1.64683e-22)
(2.75157 0.169638 0)
(2.74027 0.323633 -4.24398e-22)
(2.00111 -0.052899 9.55567e-24)
(1.69534 -0.0309805 -3.16774e-21)
(1.92598 -0.0512692 -4.99329e-23)
(1.24996 -0.0255483 -8.03897e-22)
(1.76132 -0.0488428 2.59345e-23)
(0.852298 -0.0187748 2.55361e-23)
(1.57551 -0.0309518 -1.60469e-24)
(0.621891 -0.00341737 7.99723e-24)
(1.40457 -0.0190257 -6.26128e-27)
(0.512922 0.000864981 0)
(1.25659 -0.0140303 1.24292e-26)
(0.450826 0.00134685 0)
(1.13035 -0.011161 -3.95842e-25)
(0.407258 0.00140599 0)
(1.0335 -0.00670955 -6.12598e-27)
(0.377458 0.00117696 -6.09871e-27)
(0.963364 -0.00482158 0)
(0.35584 0.000933155 0)
(0.911135 -0.0032093 0)
(0.339919 0.000288334 0)
(0.880842 -0.0010583 0)
(0.332366 0.000233478 0)
(0.877972 0.00256845 0)
(0.333756 -0.00195035 0)
(0.913869 0.00564949 0)
(0.345962 -0.00225153 0)
(0.976328 0.00703541 0)
(0.371442 -0.00121346 0)
(1.0443 0.00783971 0)
(0.408602 -0.000433565 0)
(1.11191 0.00688892 0)
(0.453558 -0.000147492 0)
(1.1705 0.00603175 0)
(0.493936 -0.00107152 0)
(1.2461 0.00849317 0)
(0.536803 -0.00077098 0)
(1.33134 0.00764924 0)
(0.593986 -0.000592039 0)
(1.4124 0.00633695 0)
(0.646907 -0.00260862 0)
(1.52831 0.0117629 0)
(0.714331 -0.000549287 0)
(1.65258 0.00963742 0)
(0.801663 -0.00167101 0)
(1.77672 0.0100409 0)
(0.884619 -0.00109633 0)
(1.91164 0.0149396 0)
(0.976264 0.00132802 0)
(2.00505 -0.0439417 0)
(1.88709 -0.0218221 6.79088e-21)
(1.97919 -0.0515405 -1.54284e-21)
(1.47872 -0.0278855 -2.85423e-25)
(1.85449 -0.0505564 8.47134e-22)
(1.04451 -0.0229843 -8.16374e-22)
(1.67113 -0.0396758 0)
(0.713159 -0.010115 -3.2119e-23)
(1.49179 -0.0234046 1.6138e-24)
(0.560675 -2.34183e-05 -1.59489e-24)
(1.33534 -0.01487 0)
(0.48077 0.00185256 0)
(1.20269 -0.0109309 -1.24341e-26)
(0.43079 0.0021184 0)
(1.08909 -0.00781674 0)
(0.393761 0.00152601 6.09859e-27)
(1.00336 -0.00583162 6.12668e-27)
(0.36885 0.000541481 0)
(0.9366 -0.00401954 0)
(0.349067 0.000191752 0)
(0.89442 -0.00122125 0)
(0.335852 0.000198212 0)
(0.875627 0.00212152 0)
(0.332996 -0.000523398 0)
(0.899266 0.00598097 0)
(0.340831 -0.000923648 0)
(0.959806 0.00926859 0)
(0.362459 -0.001027 0)
(1.0276 0.0105693 0)
(0.396403 0.000355865 0)
(1.09897 0.0115375 0)
(0.440635 0.0015805 0)
(1.15896 0.00990521 0)
(0.48441 0.00211494 0)
(1.22508 0.0115008 0)
(0.523916 0.00186042 0)
(1.31731 0.0149635 0)
(0.578065 0.00314417 0)
(1.39482 0.0142623 0)
(0.636504 0.00362729 0)
(1.49818 0.019242 0)
(0.691624 0.00367308 0)
(1.62733 0.0233729 0)
(0.780261 0.00498758 0)
(1.74607 0.0223397 0)
(0.862054 0.00496091 0)
(1.87122 0.0228174 0)
(0.946373 0.00469081 0)
(2.01508 0.025428 0)
(1.05342 0.00471306 0)
(2.00053 0.053138 6.77904e-21)
(1.69522 0.0307058 3.35768e-21)
(1.92247 0.051789 -1.59514e-21)
(1.24553 0.025718 9.04438e-22)
(1.7504 0.0491662 -2.73465e-23)
(0.839709 0.0186918 4.36419e-22)
(1.55476 0.0320013 1.00523e-26)
(0.605741 0.00377889 4.87511e-21)
(1.37393 0.0199452 0)
(0.491052 -0.000604726 -1.45708e-24)
(1.21745 0.0142627 -4.16043e-25)
(0.423938 -0.00157238 -1.35471e-24)
(1.08476 0.0111688 -8.59344e-25)
(0.376503 -0.00121793 6.39306e-25)
(0.973148 0.00868663 -4.70014e-26)
(0.33788 -0.000445501 -9.202e-25)
(0.886167 0.00641582 0)
(0.308006 -5.77336e-06 2.33449e-25)
(0.821979 0.00404225 0)
(0.284265 0.000180312 6.11643e-30)
(0.776961 0.00215749 0)
(0.267525 0.000410788 -3.06075e-30)
(0.752182 -0.000505809 0)
(0.259279 0.000842786 1.83967e-30)
(0.760798 -0.00382056 0)
(0.258835 0.00209358 0)
(0.805958 -0.00731391 0)
(0.26961 0.00243237 0)
(0.873631 -0.00802121 0)
(0.298836 0.000209781 0)
(0.929421 -0.00621107 0)
(0.334734 0.000267687 -3.64469e-46)
(0.986021 -0.00612923 0)
(0.372099 0.000341597 -1.23118e-29)
(1.04929 -0.00760569 0)
(0.408379 0.000244796 2.80046e-29)
(1.13031 -0.00867769 0)
(0.457901 3.0547e-05 1.0866e-29)
(2.00467 0.0439739 -2.00351e-34)
(1.88666 0.0219903 -7.38553e-21)
(1.97764 0.0523155 -2.04313e-22)
(1.47674 0.0283857 2.11823e-22)
(1.84728 0.0520595 -8.70989e-22)
(1.03524 0.0235304 3.78845e-22)
(1.65989 0.0407387 2.47301e-22)
(0.701055 0.0101187 4.63247e-21)
(1.47058 0.0242777 -8.37882e-28)
(0.542929 0.000200738 0)
(1.30013 0.0163821 0)
(0.456642 -0.00146981 -2.91463e-24)
(1.15346 0.0124457 -1.34272e-26)
(0.401335 -0.00147556 -1.33165e-26)
(1.02961 0.00987184 2.08217e-25)
(0.358162 -0.00117935 -1.0657e-25)
(0.930434 0.00693163 0)
(0.323309 -0.000772585 -6.72928e-25)
(0.853549 0.0051571 0)
(0.295839 -5.17922e-05 -2.89394e-26)
(0.79798 0.00313697 0)
(0.275546 7.10337e-05 6.12027e-31)
(0.76492 0.00129889 0)
(0.262657 -0.000178759 6.12591e-31)
(0.752303 -0.0018444 0)
(0.258418 0.00198653 0)
(0.782311 -0.00569054 0)
(0.263469 0.00249272 0)
(0.856543 -0.00956318 0)
(0.286931 0.00142414 0)
(0.916083 -0.00931259 0)
(0.324596 -0.000391394 6.18627e-30)
(0.975041 -0.0095213 0)
(0.361325 -0.00140048 -1.8495e-29)
(1.0291 -0.00903779 0)
(0.397852 -0.0010113 8.58571e-30)
(1.11043 -0.0125202 0)
(0.441968 -0.00208061 3.0339e-29)
(1.19632 -0.0140592 0)
(0.497872 -0.00235199 0)
(2.06975 -0.0394938 0)
(1.31651 -0.487078 9.17087e-21)
(1.00302 -0.881236 -8.98784e-21)
(0.575381 -1.1988 -3.4451e-21)
(-0.281949 -1.61838 0)
(-0.66482 -1.58901 0)
(-0.706591 -1.59969 0)
(-0.416674 -1.51525 0)
(0.125417 -1.48825 1.50811e-20)
(1.9348 -1.30023 0)
(2.6049 -1.24106 2.31932e-21)
(2.74482 -1.04645 1.03948e-20)
(2.84976 -0.728171 0)
(2.86439 -0.65907 -4.68377e-21)
(2.90909 -0.479822 0)
(2.95248 -0.364223 3.37028e-21)
(2.96749 -0.238178 -2.99786e-21)
(3.00187 -0.104558 -1.86863e-21)
(2.3149 -0.0653154 8.10135e-23)
(1.68799 -0.485159 -2.4538e-20)
(1.32816 -0.879837 2.13096e-20)
(0.95888 -1.03213 -4.67201e-21)
(-0.0643427 -1.63039 8.13382e-21)
(-0.596394 -1.79341 2.55428e-22)
(-0.730243 -1.78984 -4.19367e-21)
(-0.511739 -1.73325 -3.43714e-21)
(0.0293418 -1.69326 3.24857e-21)
(1.77214 -1.32811 0)
(2.39073 -1.17521 -3.93557e-22)
(2.57546 -0.928511 -7.46044e-22)
(2.66238 -0.804395 -7.15796e-21)
(2.73786 -0.590476 4.45103e-21)
(2.76434 -0.455952 -1.87274e-21)
(2.81506 -0.314248 2.04702e-21)
(2.84437 -0.201585 3.0994e-22)
(2.89178 -0.0915673 -5.64838e-22)
(2.1762 -0.047472 -3.54971e-22)
(2.50505 -0.618134 1.85927e-21)
(2.52139 -0.513284 3.585e-22)
(2.63423 -0.319778 -6.96921e-22)
(2.70061 -0.250599 -1.74132e-24)
(2.7619 -0.15272 -4.49725e-22)
(2.7983 -0.0717939 -2.54181e-22)
(2.06441 -0.0326637 -2.00998e-23)
(2.23682 -0.0592113 6.05427e-23)
(2.10957 -0.0423961 -2.74037e-22)
(2.9212 -0.111925 1.878e-21)
(2.86289 -0.0970775 -1.78718e-22)
(2.94577 -0.21722 -1.25356e-21)
(2.80733 -0.0881323 1.6196e-21)
(2.75649 -0.0796353 3.90107e-22)
(2.83964 -0.184014 -6.37358e-22)
(2.71117 -0.0607614 0)
(1.98929 -0.414355 -1.87842e-20)
(1.66799 -0.66452 -8.50929e-21)
(1.13687 -0.812381 -1.36331e-21)
(0.574177 -1.10202 0)
(-0.485875 -1.65587 2.80306e-22)
(-0.790796 -1.77833 3.45218e-21)
(-0.639637 -1.79139 -8.55569e-21)
(-0.0236126 -1.67607 1.00722e-20)
(1.12307 -1.32977 -5.00721e-21)
(2.21876 -1.05021 -3.16355e-21)
(2.36232 -0.893125 -1.42869e-21)
(0.0242744 -0.00509761 0)
(-0.302294 -0.00100492 0)
(-0.0684448 6.74892e-05 0)
(-0.326116 -0.00120975 0)
(-0.115248 0.00330215 0)
(-0.33105 -0.00289658 0)
(-0.029515 -0.00259842 0)
(-0.317473 -0.00105294 0)
(-0.0979848 0.00136525 0)
(-0.329995 -0.0020094 0)
(3.23595 0.224597 4.80878e-22)
(3.78874 0.370856 7.64317e-22)
(3.91072 0.443159 0)
(4.04312 0.42133 0)
(4.07776 0.37539 -3.00166e-21)
(2.82433 0.112304 -1.32212e-20)
(1.71249 0.0894187 0)
(3.6846 0.309722 -1.06539e-21)
(3.8505 0.326385 0)
(3.64133 0.152403 0)
(3.89217 0.240087 2.6488e-21)
(3.92552 0.280199 7.26714e-22)
(3.98745 0.216415 7.45087e-21)
(3.81533 0.324695 -7.45713e-21)
(3.46955 0.155341 2.68562e-22)
(3.84692 0.28811 5.523e-22)
(3.91711 0.390956 0)
(3.99672 0.247954 -7.99187e-21)
(3.92158 0.246099 8.2606e-21)
(2.37101 -0.0296103 2.46043e-20)
(2.45506 0.103176 9.47782e-23)
(2.30566 0.0790371 -9.45237e-23)
(2.15035 0.0631836 5.18654e-22)
(1.9801 0.0711286 -4.43357e-23)
(3.86453 0.191579 -3.08765e-21)
(3.82703 0.219094 1.22875e-21)
(3.56239 0.14359 -9.46476e-22)
(3.90057 0.226547 -6.26099e-22)
(3.89562 0.256805 -2.69827e-21)
(3.87995 0.235373 0)
(3.79306 0.225848 -6.69378e-22)
(3.72567 0.269792 -8.72282e-22)
(3.35996 0.174119 6.9291e-22)
(3.88794 0.250847 0)
(3.86322 0.301714 0)
(3.82352 0.300133 -5.58375e-22)
(-0.276241 -0.0531436 0)
(-0.298061 -0.000939101 0)
(-0.212557 0.00285788 0)
(-0.572799 -0.0256097 0)
(-0.615432 0.024706 0)
(-0.446189 -0.0465847 0)
(-0.516168 0.00261201 0)
(-0.514453 -0.0380768 0)
(-0.586006 0.00988122 0)
(-0.350781 -0.0565273 0)
(-0.410938 -0.00131467 0)
)
;

boundaryField
{
    inlet
    {
        type            fixedValue;
        value           uniform (2 0 0);
    }
    outlet
    {
        type            zeroGradient;
    }
    wall
    {
        type            noSlip;
    }
    empty_zmin
    {
        type            empty;
    }
    empty_zmax
    {
        type            empty;
    }
    procBoundary0to1
    {
        type            processor;
        value           nonuniform List<vector> 
35
(
(2.28777 -0.409971 -2.63196e-21)
(2.38689 -0.428224 1.06191e-21)
(2.5453 -0.276401 1.87243e-22)
(2.62498 -0.248156 -3.22234e-22)
(2.7529 -0.146866 -4.2068e-22)
(2.68465 -0.14575 0)
(2.7529 -0.146866 -4.2068e-22)
(2.01674 -0.0261365 -9.83785e-24)
(2.66618 -0.0454493 0)
(2.32344 -0.114089 -2.2597e-23)
(1.87277 -0.270965 -3.52177e-20)
(1.33453 -0.502231 -1.35599e-20)
(0.802212 -0.613854 1.20119e-20)
(0.186837 -1.00326 -1.19244e-21)
(-0.647764 -1.44687 1.43153e-21)
(-0.701308 -1.5806 0)
(-0.263051 -1.51276 0)
(0.65537 -1.23461 0)
(2.0548 -0.830721 0)
(2.08972 -0.802594 -3.31163e-21)
(-0.129261 0.00621817 0)
(-0.334583 -0.00652012 0)
(3.11627 0.278182 -2.64986e-23)
(3.75944 0.398469 0)
(3.88195 0.544899 3.66379e-21)
(3.82134 0.406865 5.5277e-22)
(4.03669 0.575279 -3.98727e-21)
(4.11525 0.768157 -2.83435e-21)
(3.40387 0.463722 0)
(1.47376 0.0856703 0)
(3.6152 0.3619 -1.25151e-22)
(3.82134 0.406865 5.5277e-22)
(-0.223694 -0.0351895 0)
(-0.168403 0.00579566 0)
(-0.223694 -0.0351895 0)
)
;
    }
}


// ************************************************************************* //
