/*--------------------------------*- C++ -*----------------------------------*\
| =========                 |                                                 |
| \\      /  F ield         | OpenFOAM: The Open Source CFD Toolbox           |
|  \\    /   O peration     | Version:  2406                                  |
|   \\  /    A nd           | Website:  www.openfoam.com                      |
|    \\/     M anipulation  |                                                 |
\*---------------------------------------------------------------------------*/
FoamFile
{
    version     2.0;
    format      ascii;
    arch        "LSB;label=32;scalar=64";
    class       surfaceScalarField;
    location    "0.19";
    object      phi;
}
// * * * * * * * * * * * * * * * * * * * * * * * * * * * * * * * * * * * * * //

dimensions      [0 3 -1 0 0 0 0];

oriented        oriented;

internalField   nonuniform List<scalar> 
4489
(
8.79156e-06
9.89616e-05
-1.03913e-05
9.68337e-05
6.65797e-06
5.21266e-06
-7.13179e-06
0.000100881
4.75276e-06
9.72936e-05
9.41493e-05
-9.42786e-05
-2.70298e-07
3.99614e-07
-4.60875e-07
5.13043e-07
9.40972e-05
4.11655e-06
9.60755e-05
2.81886e-06
9.46358e-05
2.27875e-06
9.25148e-05
1.71111e-06
9.24683e-05
1.12886e-06
9.24858e-05
2.83544e-07
2.64814e-07
9.27117e-05
1.33619e-07
4.63811e-05
3.43684e-05
-3.69808e-08
-3.76179e-08
4.45261e-09
3.44079e-05
-4.38896e-08
4.54854e-05
-1.41317e-07
4.56311e-05
4.65046e-05
3.58457e-06
9.72437e-05
3.57187e-06
9.46485e-05
2.60071e-06
9.3486e-05
1.58904e-06
9.34799e-05
8.79914e-07
9.31949e-05
1.88636e-07
9.32034e-05
1.99561e-07
8.1753e-08
4.66115e-05
3.44507e-05
-3.39096e-10
-4.25469e-08
6.76922e-07
9.37281e-05
-9.18988e-07
6.89233e-07
9.34676e-05
5.10015e-07
9.33742e-05
1.50867e-07
9.35399e-05
2.27274e-08
-4.67214e-05
8.51574e-09
4.68637e-05
-3.44782e-05
3.44775e-05
7.79862e-08
-7.73674e-08
3.16042e-08
9.37183e-05
-2.18149e-08
9.65559e-08
9.34027e-05
1.07221e-08
9.346e-05
-5.68924e-08
9.37507e-05
-1.43245e-07
-4.69274e-05
-1.18926e-07
4.69894e-05
-3.44605e-05
3.44002e-05
1.56212e-07
-9.59092e-08
7.82339e-08
9.40922e-05
-4.52117e-07
-1.8655e-07
9.36674e-05
-3.49164e-07
9.36226e-05
-1.59506e-07
9.37865e-05
-2.25433e-07
-4.70058e-05
-2.00288e-07
4.70466e-05
-3.4334e-05
3.42329e-05
2.02481e-07
-1.01452e-07
6.80384e-08
9.43298e-05
-3.05679e-07
-1.60345e-07
9.38958e-05
-2.96623e-07
9.37589e-05
-2.01285e-07
9.39373e-05
-2.4614e-07
-4.7062e-05
-2.43156e-07
4.71039e-05
-3.41155e-05
3.39889e-05
2.44551e-07
-1.17924e-07
-9.26958e-08
1.43859e-07
-1.79199e-07
9.39823e-05
-3.28933e-07
9.39086e-05
-1.8343e-07
9.4129e-05
-3.37232e-07
-4.71193e-05
-2.36657e-07
4.71725e-05
-3.38563e-05
3.37166e-05
2.48979e-07
-1.09278e-07
-3.04874e-07
9.40169e-05
-4.09251e-07
9.4013e-05
-1.36376e-07
9.42537e-05
-3.97584e-07
-4.71743e-05
-1.94985e-07
4.72329e-05
-3.356e-05
3.34095e-05
2.56249e-07
-1.05677e-07
-4.45644e-07
9.40017e-05
-4.86812e-07
9.40542e-05
-1.73962e-07
9.43339e-05
-3.93019e-07
-4.72122e-05
-2.27836e-07
4.72661e-05
-3.32418e-05
3.30667e-05
2.7402e-07
-9.89294e-08
-2.07131e-07
9.43672e-05
-4.62937e-07
6.3674e-07
-4.72383e-05
-2.39606e-07
4.72708e-05
-3.29003e-05
3.27178e-05
2.62004e-07
-7.95029e-08
-2.20253e-07
9.43087e-05
-4.41113e-07
7.19937e-07
-4.72242e-05
-2.5555e-07
4.72595e-05
-3.25153e-05
3.23102e-05
2.75303e-07
-7.01197e-08
-2.68639e-07
-4.6834e-07
7.80465e-07
9.42652e-05
-4.72135e-05
-2.82737e-07
4.72276e-05
-3.21105e-05
3.18936e-05
2.771e-07
-6.02687e-08
3.16298e-08
-5.90549e-08
1.04591e-07
-8.75253e-08
1.60222e-07
-9.40204e-08
2.31355e-07
-1.13938e-07
2.50033e-07
-1.17443e-07
2.66977e-07
-1.10396e-07
2.72961e-07
-1.05327e-07
2.53187e-07
-8.67284e-08
2.79505e-07
-7.70697e-08
2.6025e-07
-6.05545e-08
2.73615e-07
-5.62447e-08
3.16763e-05
4.57125e-05
-8.97214e-08
4.58339e-05
4.59204e-05
4.09571e-08
4.5984e-05
4.60213e-05
1.59648e-07
4.60219e-05
4.60241e-05
2.40841e-07
4.60146e-05
4.6016e-05
2.61542e-07
4.60045e-05
4.60168e-05
3.39026e-07
4.59447e-05
4.6006e-05
3.76866e-07
4.59021e-05
4.59483e-05
3.65293e-07
4.58362e-05
4.58586e-05
4.16279e-07
4.57218e-05
4.57416e-05
3.95187e-07
4.56066e-05
4.5601e-05
4.19285e-07
4.54553e-05
4.71786e-05
-1.73153e-08
3.46201e-06
1.33514e-06
-2.03583e-08
3.43848e-06
1.31479e-06
-1.82544e-08
3.41418e-06
1.29653e-06
-3.13817e-08
-3.37897e-06
3.33299e-06
-1.27269e-06
1.24131e-06
-3.76101e-08
-3.27896e-06
3.22066e-06
-1.20781e-06
1.1702e-06
-3.64392e-08
-3.16287e-06
3.09785e-06
-1.13397e-06
1.09753e-06
-4.32104e-08
-3.02472e-06
2.95001e-06
-1.05672e-06
1.01351e-06
-3.81501e-08
-2.87542e-06
2.80429e-06
-9.70664e-07
9.32514e-07
-3.49213e-08
-2.73116e-06
2.66041e-06
-8.95243e-07
8.60321e-07
-3.36511e-08
-2.59022e-06
2.52494e-06
-8.2518e-07
7.91529e-07
-2.49178e-08
-2.46643e-06
2.41185e-06
-7.63312e-07
7.38394e-07
-2.19589e-08
-2.3592e-06
2.31104e-06
-7.13976e-07
6.92017e-07
-1.78063e-08
-2.268e-06
2.22554e-06
-6.74497e-07
6.56691e-07
-2.38439e-08
-3.34961e-08
-3.62282e-08
-4.08088e-08
-4.28486e-08
-3.72717e-08
-3.51411e-08
-2.82175e-08
-2.44184e-08
-1.75197e-08
-1.66458e-08
2.18594e-06
6.40045e-07
4.17711e-06
8.19346e-05
-8.37114e-05
-2.40035e-06
6.97784e-06
7.99434e-05
-8.27441e-05
9.63467e-06
7.98568e-05
-8.25136e-05
1.30669e-05
7.79429e-05
-8.13751e-05
7.33449e-05
-7.75272e-05
1.72492e-05
1.20683e-07
8.38457e-05
-8.41759e-05
2.09537e-07
8.90926e-07
8.11644e-05
3.28663e-06
7.75477e-05
7.22031e-06
7.59231e-05
1.08515e-05
7.43117e-05
1.29672e-05
7.12292e-05
1.31252e-05
6.9763e-05
-6.9921e-05
1.05206e-05
6.89039e-05
-6.62994e-05
3.93259e-06
7.59276e-05
-6.93396e-05
-2.48686e-06
8.59096e-05
-7.94901e-05
-4.13405e-06
9.2898e-05
-9.12508e-05
-3.22379e-06
9.50145e-05
-9.59247e-05
-2.26318e-06
9.35788e-05
-9.45394e-05
-1.52293e-06
9.24513e-05
-9.31915e-05
-1.10167e-06
9.17262e-05
-9.21474e-05
-7.89402e-07
9.1323e-05
-9.16353e-05
9.12163e-05
-6.54256e-07
-9.13515e-05
-1.01103e-06
9.29651e-07
8.39271e-05
-1.10334e-06
8.12567e-05
-2.05837e-07
7.66502e-05
3.28066e-06
7.24366e-05
6.05122e-06
7.15412e-05
6.98208e-06
7.02983e-05
6.1802e-06
7.05649e-05
1.23541e-06
7.38487e-05
-4.6544e-06
8.18174e-05
-7.09967e-06
8.83548e-05
-6.5275e-06
9.23258e-05
-4.64169e-06
9.31287e-05
-3.16388e-06
9.2101e-05
-2.17975e-06
9.14671e-05
-1.55423e-06
9.11006e-05
-1.10227e-06
9.08711e-05
-8.41441e-07
9.09555e-05
-3.27842e-07
5.50186e-07
4.29724e-05
-4.31947e-05
-6.45824e-07
6.79293e-07
4.6873e-05
-4.69065e-05
9.31613e-05
-7.57401e-07
-9.43365e-07
-9.35586e-05
2.09807e-06
-2.03081e-07
-4.27426e-05
4.38775e-07
4.2507e-05
-4.67407e-05
-6.26713e-07
7.62369e-07
4.66051e-05
9.25023e-05
-9.04943e-07
-1.00769e-06
2.57173e-06
1.27261e-09
-4.22516e-05
2.66382e-07
4.1984e-05
-4.63826e-05
-5.24136e-07
7.6161e-07
4.61451e-05
3.26862e-06
9.13008e-05
-9.82862e-07
-1.08434e-06
4.71903e-06
9.10899e-05
-9.25403e-05
6.82247e-06
9.07124e-05
-9.28158e-05
9.5639e-06
9.11499e-05
-9.38913e-05
9.07539e-05
-9.34305e-05
1.22405e-05
1.03436e-07
-4.17148e-05
1.51242e-07
4.14601e-05
-4.5839e-05
-4.42909e-07
7.7055e-07
4.55114e-05
3.96934e-06
8.95053e-05
-1.06067e-06
-1.11315e-06
5.92285e-06
8.91364e-05
8.21148e-06
8.84237e-05
1.10031e-05
8.83582e-05
1.41545e-05
8.76025e-05
8.57832e-05
-8.78034e-05
1.61748e-05
2.2441e-07
-4.12234e-05
-1.67239e-08
4.10157e-05
-4.51569e-05
-2.95339e-07
6.13057e-07
4.48392e-05
3.99008e-06
8.75147e-05
-9.75076e-07
-1.02441e-06
6.08443e-06
8.7042e-05
8.4666e-06
8.60416e-05
1.13098e-05
8.5515e-05
1.42214e-05
8.46909e-05
8.37234e-05
1.62812e-05
2.70069e-07
-4.08378e-05
-1.36519e-07
4.07043e-05
-4.45215e-05
-1.83579e-07
4.87647e-07
4.42175e-05
3.03021e-06
8.61132e-05
-7.94676e-07
-8.3396e-07
4.80239e-06
8.52698e-05
7.1326e-06
9.90354e-06
1.20808e-05
1.44291e-05
2.32007e-07
-4.06196e-05
-1.99401e-07
4.0587e-05
-4.38901e-05
-3.72961e-09
2.88247e-07
4.36056e-05
1.30643e-06
-4.46825e-07
-3.19834e-07
8.55734e-05
2.64524e-05
-1.43021e-08
-2.6766e-05
2.61785e-05
2.86429e-07
-1.25027e-08
2.59789e-05
-3.42956e-09
2.58764e-05
9.06699e-08
1.1764e-08
2.5853e-05
2.47432e-08
2.58753e-05
-5.27818e-08
3.04166e-08
2.59466e-05
3.21129e-08
2.60766e-05
-1.67386e-07
3.73937e-08
2.62556e-05
4.54445e-08
2.64632e-05
-2.57534e-07
4.98957e-08
2.66839e-05
4.93866e-08
2.68958e-05
-2.57876e-07
4.6029e-08
2.70867e-05
4.10929e-08
-2.01772e-07
3.71254e-08
2.72513e-05
4.63851e-05
-4.64807e-05
-5.16138e-07
6.6973e-07
4.62315e-05
4.68319e-05
-4.691e-05
-8.02052e-07
4.66905e-05
4.60435e-05
-3.46014e-07
5.77888e-07
4.58117e-05
4.6548e-05
-8.00326e-07
4.63406e-05
4.55539e-05
-2.16421e-07
4.99642e-07
4.52707e-05
4.61194e-05
-8.0576e-07
4.58408e-05
4.4979e-05
-6.93317e-08
3.79331e-07
4.4669e-05
4.55507e-05
-7.33774e-07
4.51713e-05
4.4357e-05
7.96927e-08
2.4709e-07
4.40302e-05
4.48093e-05
-5.64767e-07
4.43496e-05
4.37101e-05
1.73188e-07
1.17859e-07
4.3419e-05
4.40426e-05
-4.45224e-07
4.36539e-05
4.32159e-05
2.10277e-07
-1.02308e-07
4.31079e-05
4.05955e-05
4.34953e-05
-1.04699e-07
4.32801e-05
4.33986e-05
-6.61458e-09
1.91729e-06
-1.92498e-06
6.00714e-07
-6.07329e-07
-4.51664e-09
-1.91221e-06
1.91329e-06
-5.93297e-07
5.88781e-07
6.69836e-09
-1.92375e-06
1.9418e-06
-5.90086e-07
5.96784e-07
9.0155e-09
-1.96323e-06
1.98633e-06
-6.05769e-07
6.14784e-07
1.50835e-08
-2.01265e-06
2.04301e-06
-6.25853e-07
6.40937e-07
1.82078e-08
-2.07519e-06
2.10637e-06
-6.58653e-07
6.76861e-07
1.61755e-08
-2.13491e-06
2.15983e-06
-6.94349e-07
7.10525e-07
-7.41682e-09
1.30478e-09
8.98483e-09
1.10689e-08
1.77162e-08
1.74886e-08
1.54271e-08
2.18153e-06
7.25952e-07
1.63286e-07
-2.29903e-07
4.06621e-05
2.05801e-07
-1.26918e-07
4.33197e-05
8.54959e-05
9.35622e-08
1.93447e-07
-5.31411e-07
9.13911e-05
-9.1514e-05
-2.01487e-07
9.17024e-05
-2.41343e-07
-9.1791e-05
-1.73383e-07
4.56518e-05
-4.56799e-05
2.69383e-05
1.04967e-07
-4.35369e-09
-2.70389e-05
5.31856e-08
-4.07842e-05
-2.20287e-07
4.09513e-05
-4.33227e-05
2.63506e-07
-2.96862e-07
4.33561e-05
8.56908e-05
3.46626e-07
3.88163e-07
-5.84223e-07
9.11339e-05
-1.8404e-07
9.15248e-05
-2.22578e-07
-4.55898e-05
-1.36795e-07
4.55425e-05
-2.68514e-05
2.6785e-05
6.69394e-08
-5.67999e-10
1.1516e-08
-4.11507e-05
-2.42255e-07
4.13815e-05
-4.34331e-05
3.97668e-07
-5.19493e-07
4.35549e-05
-2.17734e-06
8.63936e-05
6.69797e-07
8.0473e-07
-2.55257e-06
8.43023e-05
-2.58071e-06
8.12848e-05
-2.83e-06
7.68995e-05
-2.09094e-06
7.16976e-05
-4.97604e-07
6.99479e-05
2.81356e-07
6.95193e-05
-2.54409e-06
7.33903e-05
-7.62492e-06
7.89295e-05
-1.01228e-05
8.43153e-05
-1.00415e-05
8.82736e-05
-8.26126e-06
9.05456e-05
-5.94639e-06
9.08138e-05
-4.36858e-06
9.05231e-05
-3.26444e-06
9.0363e-05
-2.4129e-06
9.02491e-05
-1.7341e-06
9.01923e-05
-1.21238e-06
9.04338e-05
-7.63848e-07
9.06854e-05
-1.80919e-07
9.11504e-05
-2.08521e-07
-4.54591e-05
-1.0217e-07
4.53803e-05
-2.67424e-05
2.67262e-05
9.02478e-09
7.20529e-09
-8.88162e-08
-4.16226e-05
-1.6377e-07
4.18752e-05
-4.37687e-05
4.6111e-07
-7.90442e-07
4.40981e-05
-4.2898e-06
8.82359e-05
1.19493e-06
1.25256e-06
-5.9595e-06
8.5972e-05
-7.0617e-06
8.2387e-05
-6.70557e-06
7.65433e-05
-6.31642e-06
7.13084e-05
-5.75755e-06
6.9389e-05
-7.11588e-06
7.08777e-05
-1.08258e-05
7.71002e-05
-1.29393e-05
8.1043e-05
-1.30906e-05
8.44666e-05
-1.19948e-05
8.71778e-05
-9.68017e-06
8.82309e-05
-7.39482e-06
8.85284e-05
-5.83314e-06
8.89615e-05
-4.41969e-06
8.89495e-05
-3.28983e-06
8.91192e-05
-2.37866e-06
8.92811e-05
-1.60034e-06
8.96554e-05
-9.60881e-07
9.00459e-05
-1.59682e-07
9.05309e-05
-1.81685e-07
-4.52741e-05
-6.70323e-08
4.51815e-05
-2.67256e-05
2.67383e-05
-2.38004e-08
1.10778e-08
-3.53272e-07
-4.21365e-05
8.41369e-08
4.24056e-05
-4.45014e-05
3.60383e-07
-8.31403e-07
4.49724e-05
-5.63441e-06
9.1025e-05
1.44902e-06
1.39633e-06
-8.53837e-06
8.88759e-05
-1.03759e-05
8.42245e-05
-1.00643e-05
7.62317e-05
-1.03126e-05
7.15567e-05
-1.16718e-05
7.07482e-05
-1.42758e-05
7.34816e-05
-1.56554e-05
7.84798e-05
-1.54435e-05
8.08311e-05
-1.45604e-05
8.35836e-05
-1.26622e-05
8.52796e-05
-1.04829e-05
8.60515e-05
-8.41945e-06
8.6465e-05
-6.29252e-06
8.68345e-05
-4.65717e-06
8.73142e-05
-3.39843e-06
8.78605e-05
-2.39944e-06
8.82821e-05
-1.56834e-06
8.88244e-05
-9.0982e-07
8.93874e-05
-1.23924e-07
8.99019e-05
-1.56921e-07
-4.5057e-05
-1.26725e-08
4.49457e-05
-2.67697e-05
2.68224e-05
-6.70912e-08
1.43965e-08
-4.39689e-07
-4.26436e-05
2.53444e-07
4.28298e-05
-4.54481e-05
2.31842e-07
-7.30021e-07
4.59463e-05
-4.58228e-06
9.31558e-05
1.26531e-06
1.18615e-06
-7.82106e-06
9.21147e-05
-1.1413e-05
8.78165e-05
-1.32202e-05
7.80389e-05
-1.52029e-05
7.35395e-05
-1.74663e-05
7.30116e-05
-1.87179e-05
7.47332e-05
-1.78478e-05
7.76097e-05
-1.65482e-05
7.95315e-05
-1.43236e-05
8.13589e-05
-1.15414e-05
8.24975e-05
-8.71841e-06
8.32286e-05
-6.63551e-06
8.43821e-05
-4.88836e-06
8.50874e-05
-3.52757e-06
8.59534e-05
-2.43469e-06
8.67676e-05
-1.61348e-06
8.74609e-05
-9.91235e-07
8.82021e-05
-5.34852e-07
8.8931e-05
-7.21965e-08
8.95305e-05
-9.13197e-08
-4.47924e-05
2.2735e-08
4.46975e-05
-2.6881e-05
2.69379e-05
-7.24276e-08
1.55703e-08
-3.05872e-07
-4.29494e-05
2.51269e-07
4.3004e-05
-4.64487e-05
5.38408e-08
-4.85628e-07
4.68805e-05
-1.96583e-06
9.39322e-05
7.51756e-07
4.37627e-07
-4.12993e-06
9.42788e-05
-8.48227e-06
9.21688e-05
-1.34316e-05
8.29883e-05
-1.64326e-05
7.65404e-05
-1.83759e-05
7.49549e-05
-1.93799e-05
7.57372e-05
-1.86936e-05
7.69234e-05
-1.65099e-05
7.73478e-05
-1.31448e-05
7.79938e-05
-9.36547e-06
7.87182e-05
-6.23698e-06
8.01001e-05
-4.452e-06
8.25972e-05
-2.84429e-06
8.34797e-05
-1.70595e-06
8.48151e-05
-9.69509e-07
8.60312e-05
-5.1694e-07
8.70083e-05
-2.48844e-07
8.7934e-05
-7.81401e-08
8.87603e-05
1.609e-08
8.94342e-05
2.06382e-09
-4.45793e-05
4.2562e-08
4.45528e-05
-2.69833e-05
2.70193e-05
-4.73312e-08
1.13227e-08
-1.66222e-07
-4.29963e-05
2.50633e-07
4.29119e-05
-4.71624e-05
-2.07446e-07
1.03033e-07
4.72669e-05
2.70392e-07
9.39761e-05
-4.17029e-08
-2.72545e-07
-2.31678e-07
9.47809e-05
-2.68794e-06
9.46251e-05
-8.21268e-06
8.8513e-05
-1.27183e-05
8.10461e-05
-1.45796e-05
7.68162e-05
-1.55827e-05
7.67403e-05
-1.6092e-05
7.74327e-05
-1.42078e-05
7.54637e-05
-1.10213e-05
7.48073e-05
-7.40131e-06
7.50982e-05
-4.2557e-06
7.69545e-05
-2.12946e-06
8.04709e-05
-6.94253e-07
8.20445e-05
-8.23176e-08
8.42031e-05
1.0554e-07
8.58433e-05
1.41736e-07
8.69721e-05
1.31777e-07
8.7944e-05
1.17219e-07
8.87749e-05
6.5457e-08
8.94458e-05
4.0159e-08
-4.45108e-05
5.35301e-08
4.45228e-05
-2.70447e-05
2.70595e-05
-2.20686e-08
7.31151e-09
-8.14165e-09
-4.27472e-05
2.1482e-07
4.25405e-05
-4.72584e-05
-2.77281e-07
3.14358e-07
4.72213e-05
1.09356e-06
9.37301e-05
-3.42e-07
-5.05552e-07
1.5793e-06
9.42952e-05
1.38251e-06
9.48219e-05
-1.67019e-06
9.15657e-05
-6.35814e-06
8.5734e-05
-9.27055e-06
7.97286e-05
-9.75626e-06
7.7226e-05
-1.04379e-05
7.81143e-05
-9.7491e-06
7.47749e-05
-7.2497e-06
7.23079e-05
-4.46467e-06
7.23131e-05
-1.45292e-06
7.39427e-05
6.09134e-07
7.84089e-05
9.75427e-07
8.16782e-05
7.482e-07
8.44303e-05
5.4884e-07
8.60427e-05
4.21385e-07
8.70996e-05
3.1395e-07
8.80514e-05
2.29474e-07
8.88593e-05
7.62955e-08
8.95371e-05
6.19685e-08
-4.45107e-05
4.51855e-08
4.45418e-05
-2.70622e-05
2.70594e-05
-1.67002e-09
4.46506e-09
1.20904e-07
-4.23096e-05
1.2546e-07
4.20632e-05
-4.71119e-05
-3.29533e-07
4.67597e-07
4.69738e-05
1.79241e-06
9.32849e-05
-5.9242e-07
-7.54785e-07
2.60242e-06
9.34852e-05
3.58601e-06
9.38383e-05
3.14243e-06
9.20093e-05
4.94328e-07
8.83821e-05
-2.95092e-06
8.31739e-05
-4.31428e-06
7.85894e-05
-4.22296e-06
7.80229e-05
-3.50145e-06
7.40534e-05
-1.82025e-06
7.06267e-05
-5.09903e-08
7.05439e-05
2.02056e-06
7.18712e-05
2.70617e-06
7.77232e-05
2.08883e-06
8.22955e-05
1.76917e-06
8.475e-05
1.4449e-06
8.63669e-05
1.06865e-06
8.74758e-05
7.19554e-07
8.84005e-05
4.35775e-07
8.91431e-05
9.12095e-08
8.98092e-05
7.24081e-08
-4.45626e-05
8.80939e-09
4.4645e-05
-2.70382e-05
2.69927e-05
4.60693e-08
-5.38365e-10
1.46142e-07
-4.18014e-05
1.19514e-07
4.15357e-05
-4.67724e-05
-3.79745e-07
6.00478e-07
4.65517e-05
2.50808e-06
9.25042e-05
-7.93997e-07
-9.33369e-07
3.72576e-06
9.22675e-05
5.11129e-06
9.24528e-05
5.89755e-06
9.1223e-05
5.67158e-06
8.86081e-05
3.93562e-06
8.49098e-05
2.11943e-06
8.04056e-05
2.27519e-06
7.78672e-05
3.07721e-06
7.32514e-05
3.87448e-06
6.98294e-05
4.66192e-06
6.97564e-05
5.31465e-06
7.12184e-05
5.33746e-06
7.77004e-05
4.72971e-06
8.29033e-05
3.91859e-06
8.55611e-05
2.86123e-06
8.74243e-05
1.95751e-06
8.83796e-05
1.23794e-06
8.91201e-05
6.67616e-07
8.97134e-05
8.83638e-08
9.0333e-05
5.54414e-08
-4.47169e-05
-3.51221e-08
4.48404e-05
-2.69218e-05
2.68335e-05
9.60916e-08
-7.81382e-09
1.2715e-07
-4.12719e-05
1.2632e-07
4.10185e-05
-4.62793e-05
-4.04943e-07
6.9277e-07
4.59915e-05
3.19637e-06
9.12391e-05
-9.15333e-07
-1.01602e-06
4.67967e-06
9.07842e-05
6.40184e-06
9.07306e-05
7.72481e-06
8.99e-05
8.5472e-06
8.77857e-05
8.71681e-06
8.47402e-05
7.09094e-06
8.20314e-05
6.65822e-06
7.82999e-05
7.13381e-06
7.27758e-05
7.28157e-06
6.96817e-05
7.50316e-06
6.95348e-05
7.6999e-06
7.10217e-05
8.08241e-06
7.73179e-05
7.18541e-06
8.38003e-05
5.361e-06
8.73855e-05
3.69092e-06
8.90944e-05
2.39155e-06
8.96789e-05
1.44746e-06
9.00641e-05
7.19145e-07
9.04418e-05
6.49983e-08
9.09559e-05
3.12818e-08
-4.49464e-05
-8.04495e-08
4.50918e-05
-2.67304e-05
2.66179e-05
1.2497e-07
-1.25159e-08
1.08564e-07
-4.07828e-05
1.03426e-07
4.05708e-05
-4.56804e-05
-3.88487e-07
6.84724e-07
4.53842e-05
3.77905e-06
8.94533e-05
-9.48444e-07
-1.04475e-06
5.52186e-06
8.90414e-05
7.64442e-06
8.8608e-05
9.50392e-06
8.80405e-05
1.06458e-05
8.66438e-05
1.0954e-05
8.4432e-05
1.09486e-05
8.20368e-05
1.07784e-05
7.84701e-05
1.01286e-05
7.34256e-05
9.71884e-06
7.00915e-05
9.70987e-06
6.95438e-05
9.53425e-06
7.11973e-05
9.19048e-06
7.76617e-05
7.17081e-06
8.58199e-05
4.74599e-06
8.98104e-05
3.03158e-06
9.08088e-05
1.81576e-06
9.08948e-05
1.01739e-06
9.08625e-05
4.40487e-07
9.10187e-05
3.13152e-08
9.13807e-05
-1.56243e-08
-4.52153e-05
-1.01404e-07
4.5348e-05
-2.65014e-05
2.63887e-05
1.26843e-07
-1.41118e-08
8.82584e-08
-4.03884e-05
6.19057e-08
4.02382e-05
-4.50893e-05
-3.58363e-07
6.3377e-07
4.48139e-05
3.83093e-06
8.76248e-05
-9.33632e-07
-1.06885e-06
5.5638e-06
8.73085e-05
7.74474e-06
8.64271e-05
9.7114e-06
8.60739e-05
1.09404e-05
8.54149e-05
1.14456e-05
8.39268e-05
1.24109e-05
8.10715e-05
1.35777e-05
7.73033e-05
1.38566e-05
7.31467e-05
1.32735e-05
7.06746e-05
1.23715e-05
7.04458e-05
1.07878e-05
7.2781e-05
8.05809e-06
8.03914e-05
4.66781e-06
8.92102e-05
2.42871e-06
9.20494e-05
1.25696e-06
9.19805e-05
5.54172e-07
9.15975e-05
1.82145e-07
9.12345e-05
-4.41619e-08
9.1245e-05
-3.31421e-08
9.14868e-05
-1.17092e-07
-4.54366e-05
-1.04667e-07
4.55081e-05
-2.62843e-05
2.61916e-05
1.05184e-07
-1.24834e-08
6.42039e-08
-4.01227e-05
1.94446e-08
4.00391e-05
-4.45174e-05
-3.02026e-07
5.95361e-07
4.4224e-05
3.10841e-06
8.63386e-05
-8.56735e-07
-9.6546e-07
4.73536e-06
8.56815e-05
6.75129e-06
8.44112e-05
8.46678e-06
8.43584e-05
9.80969e-06
8.40719e-05
1.10734e-05
8.26631e-05
1.37385e-05
7.84064e-05
1.54366e-05
7.56052e-05
1.52588e-05
7.33244e-05
1.44228e-05
7.15106e-05
1.26495e-05
7.22191e-05
8.92481e-06
7.65058e-05
4.16177e-06
8.51544e-05
1.15431e-06
9.22177e-05
-2.37255e-08
9.32275e-05
-4.29887e-07
9.23867e-05
-5.28688e-07
9.16963e-05
-4.93243e-07
9.11991e-05
-4.06083e-07
9.11578e-05
-9.53607e-08
9.13628e-05
-1.86767e-07
-4.55093e-05
-1.19461e-07
4.55334e-05
-2.61081e-05
2.60451e-05
7.14032e-08
-8.42039e-09
4.65807e-08
-3.9986e-05
-2.49992e-08
3.99644e-05
-4.39106e-05
-1.59483e-07
4.28017e-07
4.3642e-05
1.80224e-06
8.57019e-05
-5.72153e-07
-5.93365e-07
2.81917e-06
8.46646e-05
4.35525e-06
8.28751e-05
6.24821e-06
8.24654e-05
8.27833e-06
8.20418e-05
1.08467e-05
8.00948e-05
1.32612e-05
7.59919e-05
1.40088e-05
7.48576e-05
1.37628e-05
7.35704e-05
1.25268e-05
7.27466e-05
9.23146e-06
7.55144e-05
4.11695e-06
8.16203e-05
6.2741e-08
8.92086e-05
-1.10986e-06
9.33903e-05
-1.16131e-06
9.32789e-05
-1.0567e-06
9.22821e-05
-9.35735e-07
9.15754e-05
-7.70552e-07
9.10339e-05
-6.0006e-07
9.09873e-05
-1.33357e-07
9.11338e-05
-2.37718e-07
-4.54739e-05
-1.25267e-07
4.54659e-05
-2.59976e-05
2.59709e-05
2.85673e-08
-1.90135e-09
2.45754e-08
-3.99779e-05
-9.04641e-08
4.00438e-05
-4.34079e-05
1.97207e-08
1.13223e-07
4.32749e-05
6.799e-07
8.53976e-05
-1.38639e-07
-2.36933e-07
1.17205e-06
8.41724e-05
1.94445e-06
8.21027e-05
3.55695e-06
8.08529e-05
6.44959e-06
7.91492e-05
9.60004e-06
7.69443e-05
1.11449e-05
7.4447e-05
1.08002e-05
7.52023e-05
1.01895e-05
7.4181e-05
7.92915e-06
7.5007e-05
3.58915e-06
7.98544e-05
-6.12975e-07
8.58224e-05
-2.49516e-06
9.10908e-05
-2.40325e-06
9.32984e-05
-1.99889e-06
9.28746e-05
-1.74945e-06
9.20326e-05
-1.58935e-06
9.14153e-05
-1.42108e-06
9.08656e-05
-1.02801e-06
9.05943e-05
-1.9342e-07
9.06445e-05
-3.45252e-07
-4.53454e-05
-1.36388e-07
4.52883e-05
-2.59576e-05
2.5954e-05
9.22241e-10
2.73561e-09
-3.1751e-08
-4.01254e-05
-1.78336e-08
4.0175e-05
-4.31845e-05
-3.46854e-08
8.82632e-08
4.31309e-05
1.14614e-07
8.56085e-05
-2.85343e-08
-2.96969e-07
-2.46461e-07
8.45335e-05
1.35932e-07
8.17203e-05
1.91333e-06
7.90755e-05
4.70012e-06
7.63624e-05
6.79637e-06
7.48481e-05
6.85935e-06
7.4384e-05
6.74629e-06
7.53154e-05
6.06625e-06
7.48611e-05
2.53237e-06
7.85409e-05
-1.13795e-06
8.35247e-05
-3.289e-06
8.79734e-05
-3.39439e-06
9.11962e-05
-2.57395e-06
9.24779e-05
-1.95527e-06
9.22559e-05
-1.61647e-06
9.16938e-05
-1.47715e-06
9.1276e-05
-1.55904e-06
9.09475e-05
-1.45014e-06
9.04854e-05
-2.85876e-07
9.00656e-05
-5.85408e-07
-4.50748e-05
-1.8324e-07
4.49722e-05
-2.59585e-05
2.59654e-05
-1.40722e-08
7.13031e-09
-1.70209e-07
-4.02219e-05
2.38167e-07
4.01539e-05
-4.30632e-05
-2.91978e-07
2.80439e-07
4.30747e-05
-1.09696e-06
4.34204e-05
-4.11386e-08
-4.57667e-08
4.33719e-05
-1.90475e-06
4.27539e-05
4.25874e-05
-2.5094e-06
4.13058e-05
4.10192e-05
-1.28128e-06
3.896e-05
3.88875e-05
8.68842e-07
3.71372e-05
3.70751e-05
2.32977e-06
3.66913e-05
3.66959e-05
2.84243e-06
3.68177e-05
3.70537e-05
2.7831e-06
3.77089e-05
3.76658e-05
5.9032e-07
3.84002e-05
3.86536e-05
-2.94836e-06
4.08861e-05
4.11935e-05
-4.8384e-06
4.26796e-05
4.27352e-05
-5.33074e-06
4.41512e-05
4.43146e-05
-4.99274e-06
4.5388e-05
4.54702e-05
-4.01685e-06
4.56233e-05
4.58787e-05
-3.22093e-06
4.58353e-05
4.56247e-05
-2.55536e-06
4.55027e-05
4.55256e-05
-2.20806e-06
4.559e-05
4.53386e-05
-2.09935e-06
4.54634e-05
4.53755e-05
-2.20854e-06
4.55054e-05
4.50892e-05
-6.43461e-07
4.53329e-05
-1.30293e-06
4.44706e-05
-4.46316e-05
-4.38089e-07
4.44263e-05
-2.5955e-05
2.58828e-05
5.52956e-08
1.68695e-08
-8.85436e-07
-3.9969e-05
1.22704e-06
3.96274e-05
-4.32889e-05
-7.72492e-07
1.86564e-07
4.38748e-05
2.87969e-07
-7.06583e-07
4.3839e-05
8.85407e-07
-1.23612e-06
4.31046e-05
1.35372e-06
-1.64321e-06
4.15953e-05
1.68322e-06
-1.70062e-06
3.89774e-05
1.38878e-06
-1.01864e-06
3.6767e-05
6.32172e-07
-3.80053e-07
3.64392e-05
1.02584e-07
1.15761e-07
3.65993e-05
-3.1968e-07
1.98691e-07
3.78299e-05
1.7435e-07
-7.41147e-07
3.8967e-05
1.69354e-06
-2.16867e-06
4.13612e-05
2.55541e-06
-2.73564e-06
4.28598e-05
3.0934e-06
-3.12374e-06
4.41815e-05
3.13942e-06
-2.80866e-06
4.50573e-05
2.66758e-06
-2.49273e-06
4.54485e-05
2.16754e-06
-1.86992e-06
4.55377e-05
1.65004e-06
-1.49931e-06
4.5352e-05
1.31273e-06
-1.10661e-06
4.53839e-05
1.04319e-06
-9.04748e-07
4.53249e-05
8.72842e-07
-7.36462e-07
4.5369e-05
9.02931e-07
-9.10702e-07
4.53406e-05
-4.38987e-05
1.40415e-06
-1.48293e-06
4.39775e-05
-2.5645e-05
2.47675e-05
8.29939e-07
4.76351e-08
1.78011e-06
1.82875e-07
-4.03919e-05
8.38278e-08
-4.76351e-07
-4.45497e-05
8.23781e-07
-1.13683e-06
-4.42712e-05
1.53236e-06
-1.87025e-06
-4.34573e-05
2.17545e-06
-2.46392e-06
-4.18238e-05
2.55317e-06
-2.6184e-06
-3.8893e-05
2.54724e-06
-2.49117e-06
-3.65211e-05
2.40173e-06
-2.19644e-06
-3.61253e-05
1.85941e-06
-1.7858e-06
-3.65855e-05
1.92238e-06
-2.30134e-06
-3.79433e-05
2.86447e-06
-3.28157e-06
-3.96585e-05
3.54569e-06
-3.59928e-06
-4.16867e-05
3.58256e-06
-3.52733e-06
-4.29298e-05
3.50902e-06
-3.39185e-06
-4.40549e-05
3.23392e-06
-3.01135e-06
-4.48509e-05
2.76215e-06
-2.49896e-06
-4.51928e-05
2.18875e-06
-1.89652e-06
-4.52415e-05
1.70219e-06
-1.5086e-06
-4.51591e-05
1.29835e-06
-1.09878e-06
-4.51782e-05
9.65359e-07
-8.34007e-07
-4.52048e-05
6.85916e-07
-5.5386e-07
-4.5273e-05
4.68209e-07
-4.0943e-07
-4.54234e-05
4.68173e-07
-3.70726e-07
-4.46e-05
-2.25899e-05
-1.81488e-06
-2.12287e-08
2.7383e-05
3.16491e-08
2.74662e-05
-1.05842e-07
2.25698e-08
8.98824e-08
-2.93973e-09
2.75051e-05
1.43002e-08
2.75167e-05
-2.24674e-08
1.08749e-08
3.96183e-08
2.97661e-09
2.75172e-05
1.09815e-08
2.74952e-05
1.33132e-08
8.76421e-09
-9.15232e-09
9.70727e-09
2.74069e-05
-5.92251e-10
2.71999e-05
2.22054e-07
-1.49709e-08
-4.34385e-08
1.20495e-08
2.68817e-05
-3.5097e-08
2.65045e-05
4.30502e-07
-5.33565e-08
-7.46824e-08
1.60924e-08
2.61254e-05
-6.05833e-08
2.57921e-05
3.90083e-07
-5.67025e-08
-5.86163e-08
1.32345e-08
2.55329e-05
-4.67503e-08
2.53355e-05
2.36095e-07
-3.8659e-08
-3.51778e-08
9.75154e-09
2.51983e-05
-2.90444e-08
2.51298e-05
8.24503e-08
-1.39129e-08
-7.97707e-09
5.1884e-09
2.51211e-05
5.39359e-10
2.51745e-05
-6.38578e-08
1.04874e-08
1.84754e-08
2.79024e-09
2.52782e-05
1.71303e-08
2.54031e-05
-1.45769e-07
2.08726e-08
7.48241e-08
-3.93739e-09
2.55274e-05
2.18426e-08
2.56438e-05
-1.36446e-07
2.01182e-08
1.13256e-07
-1.01563e-08
2.57526e-05
1.83005e-08
2.58523e-05
-1.16803e-07
1.70968e-08
1.30108e-07
-1.35993e-08
2.59447e-05
1.62061e-08
2.60273e-05
-9.81989e-08
1.55666e-08
1.17609e-07
-1.31686e-08
2.61006e-05
1.50057e-08
2.61611e-05
-7.50798e-08
1.45108e-08
9.48428e-08
-1.14174e-08
2.62116e-05
1.3742e-08
2.62516e-05
-5.35657e-08
1.35238e-08
5.27724e-08
-5.24237e-09
2.62843e-05
1.3921e-08
2.63098e-05
-4.04458e-08
1.49254e-08
1.23133e-08
1.01661e-09
2.63219e-05
1.25069e-08
2.63185e-05
-8.68445e-09
1.20985e-08
-8.68907e-09
4.17317e-09
2.62794e-05
7.27515e-09
2.61988e-05
7.5018e-08
5.61065e-09
1.7475e-10
1.0233e-08
2.60243e-05
4.29798e-09
2.56859e-05
3.18834e-07
1.96292e-08
2.16399e-07
2.14183e-08
2.47509e-05
4.95295e-08
2.25174e-05
2.34327e-06
-1.09816e-07
2.26488e-06
-8.73372e-08
-4.65557e-08
-4.41016e-05
-4.44546e-05
-4.39296e-05
-4.29801e-05
-4.11633e-05
-3.83444e-05
-3.63265e-05
-3.63702e-05
-3.66744e-05
-3.84564e-05
-4.03058e-05
-4.19093e-05
-4.31626e-05
-4.42703e-05
-4.50565e-05
-4.52225e-05
-4.51695e-05
-4.51189e-05
-4.51392e-05
-4.52136e-05
-4.52786e-05
-4.53309e-05
-4.01681e-05
4.30838e-05
2.27977e-07
-2.4325e-07
4.30991e-05
4.32468e-05
2.46259e-07
4.3194e-05
4.27204e-05
-4.27888e-05
1.79296e-07
4.2631e-05
4.31423e-05
2.2185e-07
-3.18694e-07
4.32392e-05
4.32437e-05
3.95737e-07
4.32362e-05
4.25611e-05
1.3912e-07
4.24616e-05
4.33946e-05
2.27787e-07
-4.57234e-07
4.3624e-05
4.33865e-05
6.71037e-07
4.35202e-05
4.23685e-05
1.02308e-07
4.2257e-05
4.39214e-05
3.92953e-08
-4.24068e-07
4.43061e-05
4.39246e-05
8.2742e-07
4.43498e-05
4.21662e-05
5.7192e-08
4.20655e-05
4.47507e-05
-1.92565e-07
-3.00193e-07
4.52434e-05
4.49674e-05
7.75841e-07
4.55879e-05
4.19858e-05
3.62218e-09
4.19075e-05
4.57287e-05
-2.705e-07
-1.58835e-07
4.6158e-05
4.61232e-05
6.6127e-07
4.66481e-05
4.18578e-05
-2.69078e-08
4.18261e-05
4.64631e-05
-2.4378e-07
8.33842e-08
4.66235e-05
4.69142e-05
1.98567e-07
4.71533e-05
4.18213e-05
-4.40356e-08
4.18302e-05
4.66667e-05
-2.47143e-07
2.63517e-07
4.66504e-05
4.72146e-05
-2.71985e-07
4.7214e-05
4.18616e-05
-5.22207e-08
4.19059e-05
4.65879e-05
-1.67093e-07
3.06862e-07
4.64481e-05
4.71864e-05
-4.16323e-07
4.70972e-05
4.19494e-05
-4.11433e-08
4.2009e-05
4.62441e-05
-1.16095e-07
3.59675e-07
4.60005e-05
4.69723e-05
-5.61018e-07
4.67786e-05
4.20639e-05
-5.52531e-10
4.21392e-05
4.57402e-05
-1.27314e-07
4.01446e-07
4.54661e-05
4.6585e-05
-6.73835e-07
4.63255e-05
4.22002e-05
5.05421e-08
4.22629e-05
4.51875e-05
-1.18888e-07
4.04074e-07
4.49023e-05
4.61029e-05
-7.15165e-07
4.58021e-05
4.23075e-05
9.22337e-08
4.23453e-05
4.46172e-05
-8.41981e-08
3.78919e-07
4.43225e-05
4.55384e-05
-6.7375e-07
4.51674e-05
4.23708e-05
1.04156e-07
4.23842e-05
4.40261e-05
-4.04188e-08
3.44444e-07
4.3722e-05
4.48675e-05
-6.40993e-07
4.44397e-05
4.23847e-05
1.18346e-07
4.23612e-05
4.34395e-05
4.96844e-10
2.49013e-07
4.31899e-05
4.41783e-05
-5.62484e-07
4.37753e-05
4.23132e-05
1.27272e-07
4.22387e-05
4.30055e-05
5.39093e-08
6.61753e-08
4.28854e-05
4.36312e-05
-3.00366e-07
4.33382e-05
4.2142e-05
1.17233e-07
4.20371e-05
4.28146e-05
9.03291e-08
-3.18805e-08
4.27562e-05
4.33128e-05
-5.85161e-08
4.31343e-05
4.19016e-05
1.31749e-07
4.17612e-05
4.27037e-05
-2.81389e-08
6.50039e-08
4.26668e-05
4.31941e-05
-1.32736e-07
4.30298e-05
4.15638e-05
2.44833e-07
4.13192e-05
4.2613e-05
-5.03774e-07
4.70989e-07
4.26458e-05
4.32691e-05
-2.56825e-07
4.34802e-05
4.09364e-05
7.75369e-07
4.03774e-05
4.31003e-05
-1.57873e-06
5.77446e-07
4.39547e-05
9.74559e-08
-5.97382e-07
4.35508e-05
1.02956e-06
-1.40842e-06
4.2705e-05
1.76107e-06
-2.03617e-06
4.10592e-05
2.2647e-06
-2.3688e-06
3.85756e-05
2.28448e-06
-2.0533e-06
3.66886e-05
1.80736e-06
-1.44527e-06
3.64184e-05
1.13145e-06
-1.08322e-06
3.68498e-05
1.06937e-06
-8.94026e-07
3.80388e-05
1.00746e-06
-1.42503e-06
3.9606e-05
2.11647e-06
-2.81628e-06
4.15802e-05
3.14182e-06
-3.47089e-06
4.30929e-05
3.54086e-06
-3.61056e-06
4.43302e-05
3.48391e-06
-3.424e-06
4.53291e-05
3.21767e-06
-2.94507e-06
4.55535e-05
2.68943e-06
-2.35837e-06
4.54048e-05
2.06216e-06
-1.8268e-06
4.5339e-05
1.63394e-06
-1.41385e-06
4.52752e-05
1.20817e-06
-1.07218e-06
4.53435e-05
9.52089e-07
-8.22154e-07
4.52557e-05
7.26182e-07
-7.49149e-07
4.4964e-05
8.31869e-07
-1.19873e-06
3.97244e-05
1.82121e-06
-1.7414e-09
2.09218e-06
-2.09479e-06
6.87439e-07
-6.8918e-07
-8.68219e-10
-2.09079e-06
2.09109e-06
-6.85896e-07
6.85028e-07
1.90641e-09
-2.09378e-06
2.09907e-06
-6.85314e-07
6.87221e-07
3.46642e-09
-2.1058e-06
2.11341e-06
-6.90204e-07
6.9367e-07
5.11097e-09
-2.12162e-06
2.1309e-06
-6.97512e-07
7.02623e-07
6.35834e-09
-2.14073e-06
2.14994e-06
-7.08887e-07
7.15245e-07
5.03478e-09
-2.15758e-06
2.16387e-06
-7.2084e-07
7.25874e-07
3.89073e-09
-2.16895e-06
2.17237e-06
-7.30544e-07
7.34435e-07
3.29692e-09
-2.17432e-06
2.17549e-06
-7.37676e-07
7.40973e-07
1.81197e-09
-2.1754e-06
2.17305e-06
-7.43851e-07
7.45663e-07
-1.10601e-09
-2.16853e-06
2.16182e-06
-7.46251e-07
7.45145e-07
-3.49267e-09
-2.15395e-06
2.14493e-06
-7.42854e-07
7.39362e-07
-4.78178e-09
-2.13559e-06
2.12626e-06
-7.35103e-07
7.30321e-07
-4.81596e-09
-2.11781e-06
2.11015e-06
-7.25597e-07
7.20781e-07
-3.88706e-09
-2.10354e-06
2.09901e-06
-7.1597e-07
7.12083e-07
-1.4973e-09
-2.09655e-06
2.09615e-06
-7.09294e-07
7.07797e-07
2.81282e-10
-2.09754e-06
2.09999e-06
-7.07425e-07
7.07706e-07
1.93366e-09
-2.10331e-06
2.10851e-06
-7.0856e-07
7.10494e-07
5.57362e-09
-2.1156e-06
2.1269e-06
-7.13637e-07
7.1921e-07
2.11815e-08
-2.14131e-06
2.16776e-06
-7.26219e-07
7.474e-07
-1.36046e-08
-2.12434e-06
-7.03478e-07
-1.54294e-09
2.86324e-10
2.98309e-09
3.84165e-09
6.264e-09
5.59438e-09
4.67002e-09
3.24111e-09
2.87754e-09
5.88248e-10
-2.29062e-09
-4.25874e-09
-4.72381e-09
-4.81094e-09
-2.78936e-09
-3.72129e-10
8.54458e-10
3.14257e-09
7.00844e-09
-4.39219e-08
1.40338e-08
2.19914e-06
7.39986e-07
7.9558e-09
-2.21088e-06
2.21723e-06
-7.50815e-07
7.58771e-07
8.77385e-09
-2.22067e-06
2.22287e-06
-7.66206e-07
7.7498e-07
6.62355e-09
-2.22249e-06
2.21527e-06
-7.84128e-07
7.90751e-07
-7.77425e-09
-2.19848e-06
2.17116e-06
-7.92573e-07
7.84799e-07
-2.28917e-08
-2.13558e-06
2.09789e-06
-7.67019e-07
7.44127e-07
-2.0022e-08
-2.06412e-06
2.03739e-06
-7.21198e-07
7.01176e-07
-1.51595e-08
-2.01672e-06
2.00284e-06
-6.83185e-07
6.68025e-07
-2.9094e-09
-1.99805e-06
2.0015e-06
-6.58897e-07
6.55988e-07
4.36478e-09
-2.01061e-06
2.02337e-06
-6.57366e-07
6.61731e-07
7.1492e-09
-2.03781e-06
2.0525e-06
-6.68168e-07
6.75317e-07
6.01028e-09
-2.06603e-06
2.07832e-06
-6.81908e-07
6.87918e-07
5.6347e-09
-2.08968e-06
2.10025e-06
-6.93655e-07
6.9929e-07
5.65054e-09
-2.11018e-06
2.11953e-06
-7.04933e-07
7.10583e-07
5.58104e-09
-2.12835e-06
2.13651e-06
-7.16276e-07
7.21857e-07
6.28745e-09
-2.14425e-06
2.15189e-06
-7.27636e-07
7.33923e-07
6.53983e-09
-2.15967e-06
2.16564e-06
-7.41068e-07
7.47608e-07
4.63368e-09
-2.17127e-06
2.17391e-06
-7.54073e-07
7.58707e-07
2.05266e-09
-2.17641e-06
2.17865e-06
-7.61822e-07
7.63875e-07
2.37338e-08
-2.19119e-06
2.21698e-06
-7.7097e-07
7.94704e-07
-2.53366e-08
-2.16005e-06
-7.41823e-07
1.08295e-08
7.43536e-09
9.14792e-09
1.82161e-09
-1.77801e-08
-2.29286e-08
-1.79918e-08
-9.12785e-09
1.37849e-09
6.43691e-09
6.59081e-09
5.73663e-09
5.6434e-09
5.6921e-09
5.77939e-09
7.14477e-09
6.4649e-09
3.11522e-09
7.09552e-09
-5.28813e-08
-4.52047e-06
1.09862e-06
9.33794e-05
-6.08025e-06
9.41565e-05
-8.40316e-06
9.77609e-05
-9.67914e-06
9.59151e-05
-5.89393e-06
-6.54272e-06
9.95225e-05
-7.21412e-06
5.204e-05
7.73711e-06
-2.21928e-06
3.1802e-05
2.24575e-06
-6.80858e-06
9.29681e-07
-6.47965e-06
6.2401e-06
-6.24519e-07
-3.59549e-06
8.70924e-06
3.23204e-05
1.23885e-05
-8.40539e-06
-7.56891e-06
0.00010809
0.000102337
-1.11585e-07
3.64267e-05
-7.44321e-08
-5.85344e-06
-8.72695e-07
6.69544e-06
-1.16762e-05
2.17918e-06
-9.86045e-06
3.51348e-07
-6.15317e-07
4.72497e-05
4.64927e-05
9.01243e-07
4.71793e-05
4.72531e-05
4.98661e-05
5.91103e-06
-5.0286e-06
4.89837e-05
5.14083e-05
-2.40009e-06
6.95001e-07
-9.15915e-07
2.74684e-05
2.04949e-06
-6.95793e-06
4.98619e-06
4.02122e-06
-8.87005e-07
5.19645e-05
-5.77254e-06
5.01681e-05
3.1534e-05
1.1744e-06
9.13123e-05
-9.02167e-05
-2.26999e-06
9.11639e-05
-9.05378e-05
5.48332e-07
1.57844e-05
6.55499e-05
-6.33392e-05
-1.79951e-05
1.14652e-05
7.84993e-05
-7.41801e-05
6.51187e-06
9.10876e-05
-8.61343e-05
3.40148e-06
9.37521e-05
-9.06417e-05
1.66643e-06
9.32414e-05
-9.15064e-05
7.21791e-07
9.23224e-05
-9.13778e-05
2.0157e-07
9.18325e-05
9.14342e-05
-6.87891e-08
1.80183e-05
-8.11164e-05
2.08291e-05
7.1555e-05
-7.43658e-05
2.03998e-05
6.48126e-05
-6.43833e-05
1.81803e-05
6.45381e-05
-6.23186e-05
1.24636e-05
7.12666e-05
5.18467e-06
8.57783e-05
1.15542e-06
9.51168e-05
-4.70292e-08
9.49546e-05
-4.05874e-07
9.36003e-05
-4.72969e-07
9.23895e-05
-4.64406e-07
9.18239e-05
9.14319e-05
-4.62103e-07
1.88833e-05
1.73965e-05
1.2595e-05
4.37151e-06
-1.10105e-06
-1.90897e-06
-1.49375e-06
-1.08498e-06
-8.42852e-07
-6.54203e-07
-5.73743e-07
5.1083e-08
-3.31944e-07
4.67735e-05
6.01844e-07
-8.36387e-07
4.74876e-05
-1.9055e-06
9.3763e-05
1.14045e-06
3.81516e-07
-2.49469e-06
9.47457e-05
-4.40264e-06
9.96689e-05
-7.8887e-06
9.94011e-05
-1.01287e-05
0.000101763
-4.10965e-06
9.65638e-05
-2.1909e-06
-1.29299e-06
2.46518e-05
7.53851e-07
9.64245e-07
-1.15785e-05
-2.37388e-06
3.20478e-06
-1.71791e-06
8.41763e-06
8.16803e-05
-5.43633e-06
-2.95949e-06
9.81311e-06
0.000106694
0.000105018
-1.32507e-07
-4.68597e-05
-6.21951e-08
4.70544e-05
-4.76262e-05
2.41707e-07
-5.00658e-07
4.78852e-05
-1.68224e-06
9.46142e-05
8.17504e-07
1.3534e-08
-2.30902e-06
9.53725e-05
-3.05037e-06
0.00010041
-5.34259e-06
0.000101693
-5.27899e-06
0.000101699
-1.30731e-06
9.25921e-05
-1.23143e-06
2.58292e-05
-1.97895e-06
-2.39262e-05
-9.37354e-07
-2.92912e-05
1.50457e-05
1.39514e-05
2.7193e-06
-7.11096e-06
3.19415e-07
3.13489e-06
2.42249e-06
8.19772e-05
2.97926e-06
0.000106137
2.46585e-06
0.000105532
2.93752e-06
0.000100409
1.95721e-06
9.82739e-05
8.95925e-07
9.8305e-05
9.46255e-05
-3.04009e-07
-4.71257e-05
2.45855e-07
4.71839e-05
-4.79305e-05
-1.54312e-07
-5.62756e-08
4.81411e-05
-2.04954e-06
9.61583e-05
3.0521e-07
2.00205e-07
-4.70222e-06
9.80252e-05
-4.01115e-06
9.97192e-05
-3.44457e-06
0.000101127
-2.90849e-06
0.000101163
1.12809e-07
8.95708e-05
4.33296e-06
2.16091e-05
5.3559e-07
-2.54938e-05
-2.0933e-06
-4.48207e-06
-4.05701e-06
8.39409e-05
-2.72456e-06
0.000104805
-3.04724e-07
0.000103112
6.89975e-07
9.94143e-05
-1.284e-07
9.90923e-05
-1.18133e-07
9.82947e-05
9.44855e-05
-4.417e-07
-4.73058e-05
3.92817e-07
4.73547e-05
-4.82697e-05
-2.84519e-07
1.08079e-07
4.84461e-05
-8.20116e-07
9.70876e-05
1.31165e-07
-2.40408e-07
-1.44131e-06
9.86464e-05
-1.41413e-06
9.9692e-05
-9.33176e-07
0.000100646
-6.25439e-07
0.000100855
1.22468e-06
8.77207e-05
1.98272e-07
2.26355e-05
-5.29429e-06
-2.00012e-05
-1.00868e-05
3.10474e-07
-1.13806e-05
8.52347e-05
-6.52905e-06
9.99534e-05
-3.7293e-06
0.000100312
-2.15565e-06
9.78407e-05
-4.63638e-07
9.74003e-05
1.35922e-06
9.64719e-05
9.53926e-05
-5.20107e-07
-4.74024e-05
4.93288e-07
4.74292e-05
-4.85044e-05
-3.88189e-07
1.35024e-07
4.87575e-05
2.43781e-07
9.74459e-05
8.1225e-08
-6.83278e-07
7.92586e-08
9.88109e-05
1.63521e-07
9.96077e-05
2.77897e-07
0.000100531
3.71572e-07
0.000100761
1.63372e-07
8.79289e-05
-4.96484e-06
2.77637e-05
-1.21689e-05
-1.27972e-05
-1.66841e-05
4.82568e-06
-1.47698e-05
8.33204e-05
-9.60624e-06
9.47898e-05
-5.79042e-06
9.64962e-05
-2.88241e-06
9.49327e-05
-9.84832e-07
9.55027e-05
1.19001e-07
9.53681e-05
9.52059e-05
-5.66471e-07
-4.74032e-05
6.33983e-07
4.73357e-05
-4.86698e-05
-6.22219e-07
4.73404e-07
4.88186e-05
1.31825e-06
9.74709e-05
-3.70469e-07
-9.72734e-07
1.47981e-06
9.86493e-05
1.47803e-06
9.96095e-05
1.62321e-06
0.000100386
1.33096e-06
0.000101054
-1.09156e-06
9.03514e-05
-1.0281e-05
3.69531e-05
-1.77582e-05
-5.31996e-06
-1.95698e-05
6.63721e-06
-1.6364e-05
8.01146e-05
-1.14797e-05
8.99056e-05
-5.9856e-06
9.1002e-05
-3.51122e-06
9.24583e-05
-1.53086e-06
9.35223e-05
-6.37731e-07
9.44749e-05
9.47121e-05
-6.09763e-07
-4.7235e-05
7.42686e-07
4.7102e-05
-4.86751e-05
-7.81697e-07
7.12708e-07
4.87441e-05
2.30051e-06
9.71111e-05
-7.05174e-07
-1.23554e-06
3.06785e-06
9.7882e-05
3.85024e-06
9.88271e-05
4.56633e-06
9.96702e-05
5.29156e-06
0.000100328
4.41685e-06
9.12261e-05
-7.54965e-06
4.89196e-05
-1.65934e-05
3.72376e-06
-1.86982e-05
8.74204e-06
-1.26275e-05
7.40439e-05
-9.20967e-06
8.64878e-05
-4.40788e-06
8.62002e-05
-3.23978e-06
9.12902e-05
-1.6158e-06
9.18984e-05
-1.01298e-06
9.38721e-05
9.40987e-05
-6.28693e-07
-4.69315e-05
8.29568e-07
4.67307e-05
-4.85364e-05
-9.50175e-07
9.82441e-07
4.85041e-05
3.60369e-06
9.61785e-05
-1.08331e-06
-1.58783e-06
4.91402e-06
9.65716e-05
6.74977e-06
9.69914e-05
8.3559e-06
9.8064e-05
1.10088e-05
9.76756e-05
1.16124e-05
9.06225e-05
1.6469e-07
6.03673e-05
-1.01305e-05
1.4019e-05
-1.40902e-05
1.27017e-05
-4.81669e-06
6.47703e-05
-2.17339e-06
8.38445e-05
-1.41123e-06
8.54381e-05
-9.46277e-07
9.08252e-05
-6.74555e-07
9.16266e-05
-6.55252e-07
9.38528e-05
9.39565e-05
-6.13584e-07
-4.64785e-05
8.82397e-07
4.62097e-05
-4.8235e-05
-1.06764e-06
1.17989e-06
4.81227e-05
4.32879e-06
9.49649e-05
-1.34393e-06
-1.77126e-06
6.01547e-06
9.4885e-05
8.00747e-06
9.49994e-05
1.17993e-05
9.42722e-05
1.51595e-05
9.43154e-05
1.61477e-05
8.96343e-05
7.91646e-06
6.85986e-05
-3.83857e-07
2.23193e-05
-6.4766e-06
1.87945e-05
1.44623e-06
5.68475e-05
1.72682e-06
8.35639e-05
-6.17522e-07
8.77824e-05
-1.06709e-06
9.12748e-05
-1.29219e-06
9.18517e-05
-6.02981e-07
9.31636e-05
-5.68759e-07
9.39223e-05
9.41141e-05
-5.85728e-07
-5.40518e-07
-4.59137e-05
8.43613e-07
4.56106e-05
-4.78301e-05
-1.07943e-06
1.25641e-06
4.76531e-05
4.18504e-06
9.38538e-05
-1.44409e-06
-1.62986e-06
6.00229e-06
9.30677e-05
8.55353e-06
9.24482e-05
1.17471e-05
9.10786e-05
1.56267e-05
9.04357e-05
1.88852e-05
8.63758e-05
1.60186e-05
7.14652e-05
9.68515e-06
2.86527e-05
3.3079e-06
2.51717e-05
6.67417e-06
5.34812e-05
4.93824e-06
8.52998e-05
2.02874e-06
9.06919e-05
4.46784e-07
9.28568e-05
-7.47408e-07
9.30459e-05
-1.2233e-06
9.36395e-05
-8.97254e-07
9.35962e-05
9.38825e-05
-6.65609e-07
-4.39957e-07
-4.53212e-05
7.30718e-07
4.50304e-05
-4.7366e-05
-9.86406e-07
1.22087e-06
4.71315e-05
4.61826e-06
9.22426e-05
-1.43201e-06
-1.575e-06
6.50987e-06
9.11761e-05
9.06069e-06
8.98973e-05
1.10501e-05
8.90892e-05
1.48553e-05
8.66305e-05
1.86106e-05
8.26205e-05
2.03612e-05
6.97146e-05
1.83566e-05
3.06574e-05
1.25532e-05
3.09751e-05
1.11059e-05
5.49285e-05
8.70151e-06
8.77042e-05
4.03258e-06
9.53608e-05
1.46933e-06
9.542e-05
-5.0573e-07
9.5021e-05
-1.28214e-06
9.44159e-05
-1.51903e-06
9.38331e-05
9.36289e-05
-1.26549e-06
-3.09851e-07
-4.47383e-05
5.84205e-07
4.44639e-05
-4.68052e-05
-8.13839e-07
1.07135e-06
4.65476e-05
4.70555e-06
9.04414e-05
-1.38134e-06
-1.52304e-06
6.50744e-06
8.93742e-05
8.80722e-06
8.75976e-05
1.08425e-05
8.7054e-05
1.34677e-05
8.40053e-05
1.55241e-05
8.05641e-05
2.25112e-05
6.27275e-05
2.21711e-05
3.09975e-05
1.71301e-05
3.60161e-05
1.02476e-05
6.1811e-05
4.76039e-06
9.31914e-05
1.27483e-07
9.99937e-05
-1.53445e-06
9.70819e-05
-2.16057e-06
9.56471e-05
-2.09045e-06
9.43458e-05
-1.89995e-06
9.36426e-05
9.33876e-05
-1.65863e-06
-1.64665e-07
-4.42162e-05
3.73956e-07
4.40069e-05
-4.62433e-05
-6.66374e-07
9.33985e-07
4.59757e-05
2.95043e-06
8.96734e-05
-1.13591e-06
-1.04652e-06
4.29297e-06
8.80317e-05
5.65635e-06
8.62342e-05
8.92886e-06
8.37815e-05
1.03604e-05
8.25738e-05
1.17432e-05
7.91813e-05
2.17754e-05
5.26953e-05
2.00291e-05
3.27438e-05
1.19015e-05
4.41437e-05
2.6036e-07
7.34522e-05
-4.08587e-06
9.75377e-05
-4.45517e-06
0.000100363
-3.90699e-06
9.65338e-05
-3.31061e-06
9.50507e-05
-2.78216e-06
9.38173e-05
-2.46844e-06
9.33289e-05
9.29674e-05
-2.0482e-06
-6.57823e-08
-4.38051e-05
1.97516e-07
4.36734e-05
-4.57349e-05
-3.2931e-07
4.24349e-07
4.56399e-05
8.43266e-07
8.95851e-05
-4.27964e-07
-3.26991e-07
1.11557e-06
8.77594e-05
1.57168e-06
8.57781e-05
4.27175e-06
8.10814e-05
5.95346e-06
8.08921e-05
9.56136e-06
7.55734e-05
1.70804e-05
4.51762e-05
1.26998e-05
3.71244e-05
6.10871e-07
5.62326e-05
-8.99658e-06
8.30596e-05
-8.59459e-06
9.71357e-05
-6.69387e-06
9.84623e-05
-5.36359e-06
9.52035e-05
-4.32786e-06
9.4015e-05
-3.58923e-06
9.30787e-05
-2.94048e-06
9.26801e-05
9.2445e-05
-2.41809e-06
8.09793e-09
-4.35836e-05
2.80108e-08
4.35475e-05
-4.55912e-05
-7.21479e-08
1.04559e-07
4.55588e-05
9.42977e-08
8.96156e-05
-8.04342e-08
-4.43803e-08
-1.79476e-07
8.80331e-05
-5.33108e-07
8.61317e-05
-8.86778e-07
8.14351e-05
1.28813e-06
7.87172e-05
7.74432e-06
6.91172e-05
9.58628e-06
4.33342e-05
1.91576e-06
4.47949e-05
-1.0311e-05
6.84593e-05
-1.33104e-05
8.60591e-05
-1.08793e-05
9.47045e-05
-7.98388e-06
9.55669e-05
-6.03759e-06
9.32572e-05
-4.55826e-06
9.25357e-05
-3.60174e-06
9.21222e-05
-2.86831e-06
9.19467e-05
-2.41216e-06
9.19888e-05
9.214e-05
-9.25707e-05
-1.9814e-06
2.22927e-08
-4.35466e-05
-4.16855e-08
4.3566e-05
-4.55561e-05
7.35967e-08
-1.25823e-07
4.56084e-05
-1.00738e-06
9.01807e-05
2.22955e-07
2.193e-07
-1.74023e-06
8.8766e-05
-2.52205e-06
8.69135e-05
-4.37807e-06
8.32911e-05
-4.28616e-06
7.86253e-05
2.37907e-06
6.2452e-05
-5.71132e-07
4.62844e-05
-9.7421e-06
5.39659e-05
-1.65888e-05
7.53061e-05
-1.61468e-05
8.5617e-05
-1.26782e-05
9.12359e-05
-9.16919e-06
9.2058e-05
-6.78e-06
9.0868e-05
-5.24909e-06
9.10047e-05
-3.96325e-06
9.08363e-05
-3.13522e-06
9.11187e-05
-2.43953e-06
9.12931e-05
9.1529e-05
-1.82853e-06
-3.56943e-09
-4.36028e-05
-5.4646e-08
4.36611e-05
-4.56801e-05
1.62511e-07
-2.89393e-07
4.5807e-05
-2.47573e-06
9.15101e-05
5.28045e-07
6.18349e-07
-4.29402e-06
9.05843e-05
-6.50162e-06
8.91211e-05
-9.13451e-06
8.5924e-05
-9.06867e-06
7.85594e-05
-6.41477e-06
5.97981e-05
-1.11536e-05
5.10232e-05
-1.78403e-05
6.06527e-05
-2.00907e-05
7.75565e-05
-1.82894e-05
8.38156e-05
-1.45984e-05
8.7545e-05
-1.12138e-05
8.86734e-05
-8.6032e-06
8.82574e-05
-6.66806e-06
8.90696e-05
-5.04253e-06
8.92108e-05
-3.84531e-06
8.99214e-05
-2.69396e-06
9.01418e-05
9.06681e-05
-1.83312e-06
-1.2114e-07
-4.37318e-05
4.76909e-08
4.38053e-05
-4.59813e-05
1.45221e-07
-3.90119e-07
4.62262e-05
-2.86108e-06
9.30131e-05
7.13686e-07
6.44368e-07
-5.16824e-06
9.28914e-05
-8.71386e-06
9.26667e-05
-1.28928e-05
9.01029e-05
-1.36938e-05
7.93604e-05
-1.48705e-05
6.09748e-05
-1.94868e-05
5.56396e-05
-2.1649e-05
6.28149e-05
-2.16511e-05
7.75586e-05
-1.97353e-05
8.18997e-05
-1.58602e-05
8.367e-05
-1.18342e-05
8.46473e-05
-9.18471e-06
8.56079e-05
-6.89126e-06
8.67762e-05
-5.25581e-06
8.75754e-05
-3.84817e-06
8.85138e-05
-2.75281e-06
8.90464e-05
8.98629e-05
-1.94764e-06
-2.86813e-07
-4.386e-05
2.68283e-07
4.38785e-05
-4.64808e-05
-9.24321e-08
-1.42282e-07
4.67155e-05
-1.07436e-06
9.37015e-05
3.27531e-07
5.83807e-08
-2.628e-06
9.44451e-05
-5.59809e-06
9.56368e-05
-1.09908e-05
9.54956e-05
-1.64542e-05
8.48238e-05
-2.08469e-05
6.53676e-05
-2.35922e-05
5.83848e-05
-2.28639e-05
6.20866e-05
-1.98531e-05
7.45477e-05
-1.69926e-05
7.90393e-05
-1.34315e-05
8.01088e-05
-9.26519e-06
8.0481e-05
-6.99587e-06
8.33386e-05
-4.93553e-06
8.47158e-05
-3.66166e-06
8.63015e-05
-2.58759e-06
8.74397e-05
-2.03022e-06
8.84891e-05
8.93837e-05
-1.551e-06
-3.68021e-07
-4.38396e-05
4.71133e-07
4.37365e-05
-4.68814e-05
-4.53577e-07
3.71276e-07
4.69637e-05
8.12851e-07
9.37555e-05
-3.22212e-07
-5.44621e-07
6.53451e-07
9.46045e-05
-6.15031e-08
9.63518e-05
-3.24409e-06
9.86782e-05
-1.04137e-05
9.19934e-05
-1.90069e-05
7.39608e-05
-2.29687e-05
6.23466e-05
-2.27303e-05
6.18482e-05
-1.71209e-05
6.89383e-05
-1.18531e-05
7.37715e-05
-8.04067e-06
7.62964e-05
-4.9142e-06
7.73545e-05
-3.28535e-06
8.17097e-05
-1.98431e-06
8.34148e-05
-1.32961e-06
8.56468e-05
-9.04709e-07
8.70148e-05
-7.37166e-07
8.83215e-05
8.92368e-05
-5.90195e-07
-3.87168e-07
-4.35868e-05
5.68621e-07
4.34054e-05
-4.6962e-05
-5.8241e-07
5.84373e-07
4.69601e-05
1.51266e-06
-5.87884e-07
-7.27899e-07
1.92946e-06
9.41877e-05
2.68585e-06
9.55954e-05
3.01024e-06
9.83538e-05
-6.87816e-07
9.56914e-05
-1.00677e-05
8.33407e-05
-1.66633e-05
6.89422e-05
-1.78896e-05
6.30746e-05
-1.36023e-05
6.4651e-05
-7.74318e-06
6.79123e-05
-3.19352e-06
7.17468e-05
-1.16048e-06
7.53215e-05
-1.99819e-07
8.07491e-05
2.60191e-08
8.31889e-05
-1.33277e-08
8.56861e-05
-7.39669e-08
8.70755e-05
-8.27129e-08
8.83303e-05
8.92455e-05
-9.1477e-08
2.79852e-06
9.34872e-05
3.94645e-06
9.44475e-05
5.84539e-06
9.64548e-05
6.06416e-06
9.54727e-05
8.27853e-07
8.8577e-05
-7.4128e-06
7.71829e-05
-1.03624e-05
6.60242e-05
-7.99179e-06
6.22804e-05
-3.9633e-06
6.38838e-05
5.74036e-07
6.72094e-05
1.70322e-06
7.41923e-05
1.45996e-06
8.09923e-05
1.03673e-06
8.36122e-05
7.46702e-07
8.59762e-05
5.15544e-07
8.73066e-05
3.32872e-07
8.85129e-05
8.9405e-05
1.73411e-07
3.51863e-06
5.15031e-06
7.71385e-06
9.75604e-06
9.14521e-06
8.91878e-05
4.20872e-06
8.21194e-05
-6.81121e-07
7.0914e-05
5.89567e-08
6.15403e-05
2.44216e-06
6.15006e-05
5.16331e-06
6.44883e-05
5.22916e-06
7.41265e-05
4.3393e-06
8.18822e-05
3.41035e-06
8.45411e-05
2.48845e-06
8.68981e-05
1.6282e-06
8.81669e-05
1.01839e-06
8.91228e-05
8.98416e-05
5.81794e-07
1.36249e-05
1.29532e-05
8.27911e-05
8.33139e-06
7.55358e-05
7.13539e-06
6.27363e-05
8.70891e-06
5.99271e-05
9.67163e-06
6.35256e-05
9.95055e-06
7.38475e-05
8.7246e-06
8.31081e-05
6.2423e-06
8.70234e-05
4.18975e-06
8.89506e-05
2.62934e-06
8.97273e-05
1.53539e-06
8.3918e-07
1.6575e-05
8.23908e-05
1.57984e-05
7.63124e-05
1.42069e-05
6.43277e-05
1.32669e-05
6.08672e-05
1.34533e-05
1.31207e-05
1.00946e-05
6.47626e-06
3.92051e-06
1.75555e-05
1.95021e-05
1.94466e-05
3.65628e-05
-8.50891e-08
3.66207e-05
5.64366e-08
-1.14298e-07
3.66604e-05
-1.72168e-07
3.65937e-05
2.82469e-07
-2.15754e-07
3.65147e-05
-2.25012e-07
3.63953e-05
3.6187e-07
-2.42538e-07
3.62297e-05
-2.76054e-07
3.60248e-05
4.96906e-07
-2.92015e-07
3.57839e-05
-2.7918e-07
3.54977e-05
5.4777e-07
-2.61642e-07
3.51794e-05
-2.48146e-07
3.48316e-05
5.83525e-07
-2.35761e-07
3.44475e-05
-2.25644e-07
3.40382e-05
6.22469e-07
-2.13158e-07
3.36026e-05
-1.93078e-07
3.31404e-05
6.34605e-07
-1.72409e-07
3.26737e-05
-1.46884e-07
3.22095e-05
5.85573e-07
-1.21374e-07
3.1766e-05
-9.69661e-08
3.13539e-05
4.83411e-07
-7.14074e-08
3.09654e-05
-5.13902e-08
3.06172e-05
3.81494e-07
-3.33303e-08
3.03169e-05
-9.57606e-09
3.0068e-05
2.33186e-07
1.57868e-08
2.98698e-05
3.35008e-08
2.9721e-05
1.0541e-07
4.34026e-08
2.96084e-05
4.68383e-08
2.953e-05
3.10272e-08
4.73265e-08
2.94866e-05
5.15087e-08
2.94551e-05
-2.26467e-08
5.41509e-08
2.94226e-05
5.48267e-08
2.9383e-05
-1.49275e-08
5.4526e-08
2.93284e-05
5.09659e-08
2.92346e-05
4.96027e-08
4.41903e-08
2.90784e-05
3.51015e-08
2.8847e-05
2.10558e-07
2.08259e-08
2.8554e-05
6.18294e-09
2.82246e-05
3.31136e-07
-1.70807e-09
2.78641e-05
-7.54722e-09
2.74826e-05
3.94644e-07
-1.31242e-08
2.71112e-05
-1.57353e-08
3.60377e-07
-1.51855e-08
4.75196e-05
2.96926e-08
-1.68686e-07
4.76586e-05
4.74834e-05
3.07318e-07
4.75576e-05
-1.45505e-06
1.46529e-06
-4.8993e-06
-1.30858e-05
2.52645e-06
-5.66581e-07
1.78968e-06
-8.50397e-07
4.78381e-05
-2.11101e-07
8.38164e-08
4.79654e-05
4.78744e-05
-3.85446e-08
4.79265e-05
4.8057e-05
-2.39957e-07
3.90742e-08
4.82579e-05
4.81754e-05
8.95372e-08
4.82861e-05
4.83662e-05
-4.49226e-07
3.43727e-07
4.84717e-05
4.85253e-05
-2.85485e-07
4.85704e-05
4.85768e-05
-5.7378e-07
5.35867e-07
4.86147e-05
4.87867e-05
-6.23569e-07
4.8727e-05
4.86264e-05
-6.84235e-07
7.13865e-07
4.85968e-05
4.88299e-05
-8.57365e-07
4.87145e-05
4.85578e-05
-7.92974e-07
8.88215e-07
4.84625e-05
4.87221e-05
-1.09598e-06
4.85825e-05
4.83419e-05
-8.86785e-07
1.05556e-06
4.81732e-05
4.84816e-05
-1.32467e-06
4.82185e-05
4.79879e-05
-8.81489e-07
1.11478e-06
4.77546e-05
4.80544e-05
-1.40743e-06
4.76906e-05
4.75188e-05
-7.72888e-07
1.03901e-06
4.72527e-05
4.75029e-05
-1.32615e-06
4.71992e-05
4.6997e-05
-6.73635e-07
9.23038e-07
4.67476e-05
4.69881e-05
-1.24938e-06
4.66624e-05
4.6518e-05
-4.80921e-07
7.35173e-07
4.62637e-05
4.63525e-05
-1.03947e-06
4.58689e-05
4.59713e-05
-3.07178e-07
4.9408e-07
4.57844e-05
4.5667e-05
-7.34887e-07
4.53553e-05
4.56526e-05
-1.20854e-07
2.24178e-07
4.55493e-05
4.53517e-05
-2.72816e-07
4.52976e-05
4.55051e-05
2.18157e-08
-2.77031e-08
4.5511e-05
4.53217e-05
2.50116e-08
4.52523e-05
4.55429e-05
5.17606e-08
-1.11591e-07
4.56028e-05
4.53494e-05
1.8337e-07
4.53853e-05
4.57106e-05
2.1185e-08
-1.81494e-07
4.58709e-05
4.5624e-05
3.55724e-07
4.58866e-05
4.60639e-05
-1.55848e-07
-4.96648e-08
4.62694e-05
4.62102e-05
3.04279e-07
4.65503e-05
4.64452e-05
-3.70086e-07
2.85466e-07
4.65298e-05
4.67355e-05
-1.19505e-07
4.69134e-05
4.65474e-05
-5.44305e-07
5.49731e-07
4.6542e-05
4.69625e-05
-5.51462e-07
4.69693e-05
4.65282e-05
-5.71037e-07
6.18511e-07
4.69658e-05
-6.72065e-07
-3.859e-08
4.26441e-06
1.74494e-06
-4.30609e-08
4.22238e-06
1.70188e-06
-7.01146e-08
-4.16098e-06
4.05893e-06
-1.64898e-06
1.57887e-06
-8.83261e-08
-3.93042e-06
3.79373e-06
-1.49162e-06
1.4033e-06
-9.60038e-08
-3.63856e-06
3.45851e-06
-1.31593e-06
1.21993e-06
-9.8491e-08
-3.26959e-06
3.0889e-06
-1.11683e-06
1.01834e-06
-8.45386e-08
-2.91782e-06
2.75421e-06
-9.27779e-07
8.4324e-07
-7.4752e-08
-2.59705e-06
2.44616e-06
-7.64639e-07
6.89887e-07
-6.36823e-08
-2.30396e-06
2.17456e-06
-6.1893e-07
5.55248e-07
-4.69758e-08
-2.05857e-06
1.95866e-06
-4.98834e-07
4.51858e-07
-2.91202e-08
-1.87489e-06
1.80705e-06
-4.14253e-07
3.85132e-07
-1.31706e-08
-1.75533e-06
1.71711e-06
-3.65441e-07
3.52271e-07
1.36933e-09
-1.69101e-06
1.68006e-06
-3.45042e-07
3.46412e-07
1.77318e-08
-1.68546e-06
1.70123e-06
-3.56804e-07
3.74536e-07
2.22805e-08
-1.72351e-06
1.74807e-06
-3.95653e-07
4.17933e-07
2.30692e-08
-1.77366e-06
1.8021e-06
-4.39671e-07
4.6274e-07
2.43403e-08
-1.83214e-06
1.86263e-06
-4.86846e-07
5.11187e-07
2.38074e-08
-1.89259e-06
1.91975e-06
-5.35748e-07
5.59556e-07
1.83824e-08
-1.94239e-06
1.95911e-06
-5.81108e-07
5.9949e-07
6.18174e-09
-1.96706e-06
1.96706e-06
-6.12368e-07
6.18549e-07
6.02875e-11
-1.96284e-06
1.95523e-06
-6.2106e-07
6.2112e-07
-5.09933e-09
-1.94503e-06
1.93439e-06
-6.18198e-07
6.13099e-07
-5.28989e-08
-8.72463e-08
-8.73651e-08
-1.03096e-07
-9.05619e-08
-7.8601e-08
-7.09572e-08
-5.64139e-08
-3.76053e-08
-1.96913e-08
-7.22834e-09
1.03923e-08
2.11174e-08
2.17372e-08
2.41066e-08
2.45615e-08
2.15524e-08
1.28773e-08
2.51009e-09
-2.92172e-09
-5.77029e-09
-5.9141e-07
9.40074e-05
9.40995e-05
-7.14801e-07
9.40566e-05
9.41046e-05
-8.64548e-07
9.36556e-05
9.40206e-05
-1.45947e-06
9.34565e-05
-1.01466e-06
9.35757e-05
-3.23936e-07
9.40865e-05
-5.12046e-07
-3.16303e-07
4.71709e-05
3.1449e-05
2.78846e-07
-5.16117e-08
-1.65534e-06
9.30636e-05
-1.36129e-06
9.32817e-05
-4.10198e-07
9.37542e-05
-6.18749e-07
-4.70967e-05
-3.43965e-07
4.70304e-05
-3.12172e-05
3.09774e-05
2.7974e-07
-3.99302e-08
-1.92522e-06
-1.492e-06
9.28485e-05
-4.75531e-07
-5.97483e-07
9.33352e-05
-4.69001e-05
-4.01281e-07
4.68259e-05
-3.07301e-05
3.04711e-05
2.84085e-07
-2.51442e-08
2.78226e-07
-4.63677e-08
2.80657e-07
-3.3362e-08
2.73866e-07
-1.935e-08
3.02166e-05
4.54179e-05
4.37766e-07
4.52583e-05
4.51941e-05
4.88419e-07
4.49863e-05
4.48691e-05
4.70076e-07
4.46729e-05
4.66984e-05
-1.49554e-08
2.14928e-06
6.2509e-07
-1.1146e-08
-2.11627e-06
2.08749e-06
-6.11733e-07
6.00587e-07
-6.03359e-09
-2.06323e-06
2.04412e-06
-5.91485e-07
5.85451e-07
-1.33567e-08
-9.10233e-09
-4.40013e-09
2.02917e-06
5.81051e-07
2.43491e-07
9.0464e-05
-9.01256e-05
2.60306e-08
9.10624e-05
-8.14197e-09
-9.08368e-05
-1.96253e-08
4.53851e-05
-4.53394e-05
2.84426e-05
3.51885e-08
-2.84893e-05
1.14737e-08
3.33086e-07
9.097e-05
1.81754e-08
9.14083e-05
-3.10074e-08
-4.54204e-05
-6.13739e-08
4.54999e-05
-2.83779e-05
2.82888e-05
8.6091e-08
3.03417e-09
1.25004e-07
9.13934e-05
-5.25304e-08
9.16982e-05
-1.12383e-07
-4.55738e-05
-1.28786e-07
4.565e-05
-2.81737e-05
2.8041e-05
1.36775e-07
-4.06959e-09
-2.40379e-07
9.1565e-05
-1.52259e-07
9.18219e-05
-2.11779e-07
-4.56988e-05
-1.84634e-07
4.57311e-05
-2.78981e-05
2.77473e-05
1.57108e-07
-6.28582e-09
-4.63535e-07
9.15664e-05
-2.15038e-07
9.1831e-05
-2.57577e-07
-4.57396e-05
-2.25282e-07
4.57499e-05
-2.7591e-05
2.74369e-05
1.62548e-07
-8.38929e-09
-5.21321e-07
-2.16049e-07
-2.65273e-07
-4.57317e-05
-2.09567e-07
4.57252e-05
-2.72901e-05
2.71573e-05
1.40406e-07
-7.60179e-09
5.69704e-08
7.76545e-09
1.16151e-07
-1.12151e-09
1.48252e-07
-5.3096e-09
1.63735e-07
-7.48641e-09
1.55098e-07
-8.37365e-09
1.24664e-07
-6.26468e-09
4.31397e-05
-4.31241e-05
4.34315e-08
4.31532e-05
4.3178e-05
1.04827e-07
4.31893e-05
4.31973e-05
1.61147e-07
4.31844e-05
4.31568e-05
2.20278e-07
4.31003e-05
4.30376e-05
2.39392e-07
4.29533e-05
4.28841e-05
2.19989e-07
-1.49208e-06
9.23592e-05
-4.7983e-07
9.2898e-05
-5.75092e-07
-3.87009e-07
4.66056e-05
2.99783e-05
2.51097e-07
-1.28379e-08
-1.35947e-06
9.18901e-05
-4.40279e-07
9.24887e-05
-5.09829e-07
-4.6457e-05
-3.38537e-07
4.63552e-05
-2.97535e-05
2.95483e-05
2.04029e-07
1.17952e-09
-1.30295e-06
9.13599e-05
-3.81728e-07
9.19928e-05
-4.25355e-07
-4.6204e-05
-2.81925e-07
4.61042e-05
-2.93641e-05
2.92006e-05
1.53635e-07
9.86337e-09
-1.31136e-06
9.07236e-05
-3.34489e-07
9.13823e-05
-3.66355e-07
-4.59702e-05
-2.31258e-07
4.5867e-05
-2.90547e-05
2.89256e-05
1.13955e-07
1.50702e-08
-1.01402e-06
9.01867e-05
-2.65681e-07
9.09195e-05
-2.85549e-07
-4.57258e-05
-1.65269e-07
4.56254e-05
-2.88177e-05
2.87299e-05
6.76964e-08
2.00979e-08
-4.0942e-07
9.00059e-05
-1.32025e-07
9.07732e-05
-1.31142e-07
-4.54909e-05
-7.65721e-08
4.54354e-05
-2.86629e-05
2.8627e-05
1.19264e-08
2.39842e-08
-8.79053e-08
9.00023e-05
-2.83172e-08
9.07588e-05
-4.51203e-08
-4.53626e-05
-1.59899e-08
4.53503e-05
-2.86013e-05
2.85861e-05
-8.05062e-09
2.3178e-08
5.00846e-08
2.7984e-09
-3.07318e-08
-4.53235e-05
-1.63609e-08
4.53427e-05
-2.85629e-05
2.85302e-05
1.63398e-08
1.64393e-08
2.30435e-07
-5.60515e-09
1.77809e-07
6.43847e-09
1.33515e-07
1.23762e-08
9.03039e-08
1.76747e-08
4.63244e-08
2.06205e-08
2.03723e-09
2.37116e-08
2.65879e-09
2.05338e-08
2.72149e-08
1.36606e-08
4.4537e-05
4.26439e-07
4.4341e-05
4.42065e-05
3.58571e-07
4.40257e-05
4.38974e-05
2.91421e-07
4.37395e-05
4.36222e-05
2.25129e-07
4.34874e-05
4.33898e-05
1.51081e-07
4.32851e-05
4.32204e-05
5.83316e-08
4.31641e-05
4.31401e-05
1.83129e-08
4.31245e-05
4.31244e-05
2.75082e-08
6.38736e-09
2.13591e-06
-2.13082e-06
6.92171e-07
-6.85783e-07
3.02022e-09
-2.13862e-06
2.13864e-06
-6.9722e-07
7.0024e-07
1.89133e-10
-2.13623e-06
2.13197e-06
-7.01528e-07
7.01717e-07
-9.65071e-10
-2.12704e-06
2.12172e-06
-7.01336e-07
7.00371e-07
-2.27642e-09
-2.1159e-06
2.10978e-06
-6.98709e-07
6.96433e-07
-2.50685e-09
-2.10393e-06
2.09884e-06
-6.93909e-07
6.91402e-07
5.04899e-09
1.28838e-09
-3.81315e-10
-1.66155e-09
-2.52384e-09
-2.22178e-09
-2.05071e-09
2.01838e-06
5.79e-07
2.60913e-09
-2.01222e-06
2.01079e-06
-5.79553e-07
5.82162e-07
5.74616e-09
-2.01241e-06
2.01652e-06
-5.86988e-07
5.92734e-07
6.82683e-09
-2.02285e-06
2.03109e-06
-5.98785e-07
6.05612e-07
8.69027e-09
-2.04096e-06
2.05237e-06
-6.13416e-07
6.22106e-07
1.02674e-08
-2.0643e-06
2.07801e-06
-6.30801e-07
6.41068e-07
1.02098e-08
-2.09149e-06
2.10445e-06
-6.51307e-07
6.61516e-07
7.85392e-09
-2.11553e-06
2.12411e-06
-6.70976e-07
6.7883e-07
5.52781e-10
4.82576e-09
6.05084e-09
7.80437e-09
8.6943e-09
1.02386e-08
9.45981e-09
6.95312e-09
)
;

boundaryField
{
    inlet
    {
        type            calculated;
        value           nonuniform List<scalar> 0();
    }
    outlet
    {
        type            calculated;
        value           nonuniform List<scalar> 
52
(
3.8429e-05
4.49423e-05
4.45842e-05
4.37952e-05
4.21123e-05
3.89583e-05
3.6465e-05
3.59201e-05
3.65119e-05
3.83223e-05
4.00756e-05
4.17403e-05
4.28746e-05
4.39377e-05
4.46284e-05
4.49296e-05
4.49492e-05
4.49655e-05
4.49787e-05
4.50735e-05
4.5141e-05
4.53646e-05
4.45025e-05
2.4426e-05
2.43441e-05
4.43683e-05
4.48021e-05
4.43251e-05
4.32853e-05
4.12525e-05
3.82733e-05
3.62371e-05
3.60331e-05
3.6811e-05
3.90195e-05
4.05699e-05
4.18926e-05
4.31443e-05
4.41124e-05
4.48073e-05
4.49123e-05
4.49751e-05
4.49087e-05
4.50058e-05
4.50655e-05
4.5193e-05
4.53896e-05
3.79825e-05
2.11672e-06
6.89874e-07
2.13883e-06
7.16486e-07
)
;
    }
    wall
    {
        type            calculated;
        value           uniform 0;
    }
    empty_zmin
    {
        type            empty;
    }
    empty_zmax
    {
        type            empty;
    }
    procBoundary1to0
    {
        type            processor;
        value           nonuniform List<scalar> 
39
(
-9.73618e-05
-9.47001e-05
-9.35341e-05
-9.33381e-05
-9.19747e-05
-9.19006e-05
-9.19036e-05
-9.21312e-05
-4.62312e-05
-3.42938e-05
-4.53887e-05
-3.48231e-06
-1.35246e-06
-9.14432e-05
-9.25967e-05
-9.5438e-05
-9.46391e-05
-9.6765e-05
-0.00010034
-4.62529e-05
-4.69671e-05
1.48566e-06
-5.07198e-05
-3.73199e-05
3.63315e-06
8.64078e-07
-3.74341e-05
-5.10553e-05
-5.34485e-05
1.11049e-06
5.95118e-07
-3.62407e-05
1.61954e-06
-4.93431e-05
-5.16607e-05
-4.69858e-05
-4.69819e-05
-4.30025e-06
-1.78353e-06
)
;
    }
}


// ************************************************************************* //
