/*--------------------------------*- C++ -*----------------------------------*\
| =========                 |                                                 |
| \\      /  F ield         | OpenFOAM: The Open Source CFD Toolbox           |
|  \\    /   O peration     | Version:  2406                                  |
|   \\  /    A nd           | Website:  www.openfoam.com                      |
|    \\/     M anipulation  |                                                 |
\*---------------------------------------------------------------------------*/
FoamFile
{
    version     2.0;
    format      ascii;
    arch        "LSB;label=32;scalar=64";
    class       volScalarField;
    location    "4.1";
    object      p;
}
// * * * * * * * * * * * * * * * * * * * * * * * * * * * * * * * * * * * * * //

dimensions      [0 2 -2 0 0 0 0];

internalField   nonuniform List<scalar> 
2284
(
0.374106
0.250979
0.171392
0.0333026
0.0332144
0.0260944
0.0366981
0.066474
-0.0634516
-0.228779
-0.388099
-0.28728
0.0337537
0.00115921
0.0333801
-0.00245451
-0.00104954
0.0364461
-0.00578627
-0.00385194
0.0340147
0.0341205
0.00211989
0.00226691
0.347451
0.346657
0.345616
0.344385
0.342937
0.341434
0.33971
0.337956
0.336591
0.334513
0.334088
0.331874
0.330512
0.330826
0.33142
0.346245
0.345135
0.343782
0.342168
0.340408
0.338735
0.336661
0.334996
0.332613
0.330866
0.328982
0.32789
0.329036
0.328551
0.346164
0.34493
0.343428
0.341666
0.339509
0.337257
0.334576
0.332587
0.330654
0.32919
0.326745
0.325769
0.325177
0.32506
0.329943
0.327212
0.32363
0.330658
0.329258
0.32975
0.328202
0.327406
0.327772
0.323343
0.323623
0.324028
0.348335
0.348649
0.348736
0.348695
0.348479
0.348056
0.347076
0.34746
0.348361
0.348075
0.348467
0.348551
0.348536
0.34834
0.347821
0.347123
0.346574
0.347092
0.347359
0.347809
0.348318
0.348364
0.348417
0.348351
0.347881
0.34711
0.345832
0.346099
0.347184
0.347494
0.348263
0.348407
0.348603
0.348165
0.348216
0.347389
0.346473
0.345754
0.343123
0.340675
0.338174
0.335614
0.33317
0.330768
0.327124
0.325733
0.323816
0.322225
0.32283
0.322353
0.34475
0.34573
0.346701
0.347322
0.348384
0.348871
0.349239
0.349769
0.348964
0.35008
0.347056
0.342167
0.341965
0.339974
0.337412
0.334604
0.33141
0.328254
0.325431
0.322545
0.319465
0.318331
0.318175
0.317446
0.34364
0.34464
0.346258
0.347165
0.348571
0.349287
0.349931
0.349222
0.34983
0.349242
0.347807
0.346729
0.343156
0.339882
0.336595
0.332697
0.328528
0.325031
0.321454
0.318875
0.316424
0.313933
0.314137
0.313278
0.341892
0.342892
0.346107
0.346962
0.348935
0.350238
0.351609
0.353063
0.352201
0.348622
0.348688
0.34697
0.344645
0.339664
0.335406
0.331603
0.32723
0.323352
0.318777
0.314578
0.310681
0.307054
0.308483
0.307421
0.339555
0.34253
0.34398
0.346287
0.348946
0.35166
0.354216
0.355412
0.354908
0.353768
0.352456
0.349845
0.34476
0.340418
0.33587
0.330936
0.325115
0.319121
0.314155
0.310329
0.306714
0.303959
0.30179
0.300397
0.33731
0.339487
0.344797
0.346732
0.351006
0.353492
0.356609
0.35861
0.358035
0.358049
0.356024
0.351486
0.346803
0.341526
0.335936
0.329221
0.321976
0.315613
0.309912
0.30429
0.299531
0.294793
0.296682
0.295139
0.333751
0.337958
0.340418
0.346135
0.351403
0.355793
0.359096
0.36128
0.363402
0.362648
0.360848
0.358219
0.352201
0.344438
0.33533
0.327094
0.319374
0.312624
0.305221
0.298237
0.293237
0.288485
0.286727
0.285569
0.329239
0.33348
0.339986
0.345071
0.351482
0.35845
0.363943
0.371057
0.371165
0.370505
0.36845
0.360463
0.355257
0.346547
0.33712
0.327863
0.31805
0.306898
0.296552
0.289407
0.283993
0.278785
0.280262
0.277403
0.323782
0.329216
0.335071
0.344506
0.353765
0.36346
0.370741
0.374662
0.381709
0.381605
0.376667
0.37103
0.361157
0.350006
0.337557
0.325128
0.312055
0.301056
0.291121
0.281687
0.273151
0.266245
0.267327
0.265862
0.3155
0.32194
0.331894
0.344612
0.355931
0.366163
0.377944
0.387871
0.392364
0.392394
0.39123
0.383431
0.370337
0.355474
0.33678
0.322985
0.308697
0.29312
0.280747
0.270181
0.262723
0.255783
0.255096
0.253147
0.305587
0.312349
0.321135
0.340142
0.356897
0.3732
0.391635
0.404007
0.408103
0.410437
0.404947
0.393054
0.379021
0.36156
0.342237
0.320624
0.302261
0.284465
0.268663
0.256467
0.247028
0.24088
0.242467
0.238688
0.292092
0.298487
0.323004
0.336538
0.356037
0.380701
0.402127
0.41756
0.432315
0.436417
0.430596
0.412789
0.386266
0.365299
0.341442
0.31884
0.291565
0.270377
0.254934
0.241884
0.231143
0.222865
0.223253
0.221867
0.276171
0.287529
0.299029
0.324851
0.351575
0.381025
0.410139
0.437812
0.463332
0.468458
0.459383
0.443758
0.413556
0.370547
0.338429
0.30902
0.277581
0.255048
0.235239
0.220512
0.21141
0.204042
0.205469
0.201216
0.252845
0.26256
0.275674
0.308295
0.350512
0.38454
0.419781
0.475519
0.506369
0.517638
0.502771
0.463342
0.42644
0.383299
0.339563
0.291344
0.257135
0.234998
0.215222
0.200034
0.188258
0.179743
0.182196
0.181022
0.223785
0.234396
0.257288
0.28082
0.324535
0.389676
0.447226
0.500475
0.560638
0.592534
0.566593
0.510253
0.441161
0.378929
0.318759
0.269952
0.236301
0.207403
0.184679
0.171384
0.161583
0.154876
0.157958
0.155795
0.188731
0.200068
0.209867
0.240324
0.2902
0.362144
0.43804
0.542213
0.642015
0.702423
0.650864
0.561262
0.444284
0.362207
0.290018
0.239179
0.200508
0.173477
0.157061
0.141658
0.131985
0.125705
0.130694
0.127386
0.142682
0.151996
0.160141
0.192748
0.241404
0.322997
0.438545
0.570198
0.734509
0.881606
0.751866
0.606182
0.452822
0.33268
0.252485
0.191966
0.151289
0.129186
0.114965
0.104259
0.0986003
0.0941951
0.0994423
0.100178
0.091632
0.100868
0.104473
0.122829
0.160099
0.244095
0.373103
0.125782
0.0999917
0.0802429
0.0685752
0.0637977
0.0602718
0.0588592
0.0674289
0.0670196
0.0411197
0.0277386
0.0231528
0.0209974
0.0208594
0.0219358
0.0229002
0.0318834
0.0337202
-0.0578832
-0.0529443
-0.043107
-0.0356473
-0.0281433
-0.0211086
-0.0155569
-0.00328485
0.000524117
-0.17389
-0.136656
-0.109824
-0.0886657
-0.0734762
-0.0622295
-0.0533143
-0.0399597
-0.0359722
-0.220964
-0.177316
-0.145188
-0.122005
-0.103331
-0.0893902
-0.0748101
-0.0686953
0.347733
0.347369
0.347163
0.346715
0.346286
0.34583
0.320046
0.345143
0.344638
0.31581
0.343902
0.342996
0.310105
0.342064
0.341183
0.304487
0.339949
0.33874
0.297426
0.337331
0.335559
0.290815
0.333777
0.331574
0.281837
0.329278
0.326537
0.271793
0.323111
0.319101
0.260282
0.314853
0.310285
0.246097
0.304215
0.298018
0.231437
0.290326
0.28272
0.211868
0.273176
0.262109
0.191079
0.250168
0.235435
0.169388
0.221025
0.203904
0.141683
0.185517
0.165105
0.114178
0.140802
0.117406
0.0844818
0.0902337
0.0614694
0.0497467
0.0173354
-0.0175255
-0.0528021
-0.0844953
0.347394
0.347267
0.34679
0.347664
0.347478
0.347602
0.346961
0.346598
0.346246
0.346992
0.34674
0.346662
0.346232
0.345986
0.34533
0.346537
0.346578
0.346651
0.321143
0.321153
0.320704
0.345453
0.344873
0.344265
0.34604
0.345587
0.345322
0.315002
0.317074
0.316382
0.344341
0.343569
0.34274
0.345175
0.34476
0.344208
0.311183
0.311322
0.311406
0.342892
0.342084
0.341135
0.34407
0.343378
0.342345
0.30592
0.30515
0.304898
0.341216
0.340086
0.339042
0.343127
0.342595
0.341135
0.299412
0.297621
0.299925
0.33876
0.337456
0.335758
0.341484
0.340372
0.338641
0.294393
0.294483
0.291835
0.335984
0.334048
0.332084
0.33905
0.337309
0.335579
0.281046
0.285886
0.284576
0.33192
0.329589
0.32766
0.336224
0.334373
0.331943
0.275582
0.272827
0.274241
0.326648
0.323169
0.319639
0.331658
0.328359
0.324801
0.265702
0.261063
0.261026
0.319208
0.314791
0.31228
0.326247
0.322927
0.3189
0.252419
0.247194
0.249517
0.309321
0.303436
0.299582
0.317063
0.31288
0.307321
0.239017
0.232106
0.233167
0.297076
0.289319
0.284831
0.308527
0.303924
0.294635
0.221507
0.213156
0.214413
0.280873
0.270749
0.265004
0.296393
0.281889
0.276924
0.202147
0.192491
0.194905
0.257885
0.2434
0.237947
0.267249
0.257013
0.249758
0.180644
0.169794
0.17006
0.227807
0.213421
0.207368
0.246221
0.231879
0.221709
0.155609
0.143298
0.145139
0.194689
0.172379
0.167676
0.209296
0.181009
0.176734
0.128482
0.114557
0.114987
0.147605
0.121088
0.117445
0.155893
0.134629
0.128021
0.0992185
0.0839446
0.0840693
0.0945623
0.0659262
0.06315
0.109411
0.0764951
0.0703008
0.0668669
0.0500048
0.0499748
0.0327296
0.0157137
0.0140224
-0.00168893
-0.0190445
-0.0211254
-0.0374431
-0.054743
-0.0579658
-0.0714093
-0.087197
-0.0913737
0.330775
0.330893
0.327756
0.327914
0.324255
0.324462
0.329418
0.329501
0.326906
0.326874
0.323345
0.323332
0.321508
0.321652
0.316656
0.316875
0.312432
0.312602
0.306792
0.306912
0.299661
0.299899
0.294819
0.294771
0.28461
0.284931
0.27697
0.276984
0.265387
0.265495
0.252932
0.252967
0.238309
0.238389
0.22174
0.221766
0.200828
0.20094
0.180781
0.180823
0.155819
0.155837
0.12716
0.127292
0.100265
0.100289
0.0670818
0.0671328
0.0338802
0.0339257
0.00117029
0.00110613
-0.0353073
-0.0353204
-0.0682361
-0.0682666
0.319723
0.319721
0.315543
0.315495
0.309703
0.309751
0.304314
0.304272
0.297258
0.297276
0.290434
0.290448
0.281304
0.281355
0.271296
0.271373
0.259785
0.259856
0.24557
0.245675
0.230921
0.230981
0.211518
0.211579
0.190718
0.19084
0.169306
0.169312
0.141403
0.141488
0.114136
0.11419
0.0846532
0.0846553
0.0498869
0.0499672
0.0177534
0.0177815
-0.0169307
-0.0170129
-0.052213
-0.0522317
-0.0840006
-0.0840222
0.347156
0.347238
0.346604
0.346681
0.34576
0.345837
0.344672
0.34474
0.343377
0.343447
0.341518
0.341615
0.339201
0.339353
0.336625
0.336744
0.33318
0.333258
0.32862
0.328711
0.322524
0.322611
0.314203
0.31431
0.30375
0.303839
0.289798
0.289912
0.272687
0.272756
0.249541
0.249635
0.220575
0.220682
0.185154
0.185294
0.141032
0.141207
0.089962
0.0901288
0.346859
0.346938
0.346237
0.346303
0.34533
0.345399
0.344115
0.34419
0.342543
0.34261
0.340694
0.340736
0.338305
0.338334
0.335096
0.335152
0.330959
0.331053
0.325962
0.326034
0.318531
0.318631
0.309615
0.309683
0.297285
0.297394
0.281983
0.282097
0.261537
0.261665
0.235066
0.23522
0.203493
0.203596
0.164906
0.164973
0.117506
0.117557
0.061722
0.0619271
0.346041
0.345053
0.343935
0.342852
0.341266
0.340369
0.338369
0.338122
0.335908
0.336108
0.335523
0.335695
0.34523
0.344045
0.342729
0.341444
0.339833
0.338726
0.336587
0.335821
0.333676
0.333759
0.333747
0.333584
0.33463
0.332639
0.334949
0.334116
0.334716
0.333337
0.332034
0.332276
0.347502
0.347863
0.348385
0.348197
0.347968
0.347766
0.347622
0.347322
0.347903
0.347848
0.347897
0.334886
0.335015
0.332784
0.33293
0.333973
0.334075
0.332123
0.33217
0.347581
0.347673
0.347395
0.347483
0.509939
0.467193
0.443202
0.426038
0.414749
0.406686
0.400762
0.396449
0.393341
0.391183
0.389822
0.389166
0.389221
0.389947
0.391411
0.393772
0.397194
0.402032
0.408755
0.418203
0.432031
0.452814
0.484917
0.532183
0.460483
0.447246
0.43196
0.420034
0.411019
0.404158
0.398974
0.395098
0.392257
0.390259
0.388971
0.388335
0.388346
0.388989
0.390323
0.392419
0.395431
0.399621
0.405357
0.413083
0.423538
0.437
0.452194
0.461218
0.420011
0.421987
0.41167
0.406673
0.401727
0.397533
0.39407
0.391338
0.389268
0.387788
0.38684
0.386431
0.386579
0.387233
0.388372
0.390125
0.392605
0.395865
0.399752
0.404333
0.409351
0.412182
0.418673
0.414935
0.391924
0.39995
0.398929
0.397472
0.395094
0.392633
0.390301
0.388337
0.386755
0.385588
0.384826
0.384462
0.384426
0.384826
0.385719
0.387023
0.388727
0.390876
0.393017
0.39468
0.396022
0.394873
0.394393
0.379398
0.376005
0.384036
0.388004
0.389027
0.388634
0.387567
0.386291
0.385044
0.383941
0.383087
0.382488
0.382143
0.382107
0.382361
0.383118
0.383917
0.384758
0.385628
0.386517
0.386673
0.38464
0.380418
0.377947
0.364838
0.369095
0.374009
0.378981
0.381367
0.382379
0.38255
0.382139
0.381535
0.380891
0.380318
0.379911
0.379664
0.379599
0.379693
0.379842
0.380112
0.380333
0.380307
0.380051
0.378789
0.375964
0.371034
0.36839
0.359551
0.365242
0.368015
0.37177
0.374694
0.376625
0.377596
0.377922
0.377873
0.377654
0.377376
0.377108
0.376886
0.376684
0.37652
0.376389
0.376268
0.376013
0.375289
0.373827
0.37168
0.368616
0.364611
0.362948
0.355821
0.361154
0.363541
0.366209
0.369155
0.371483
0.372956
0.373771
0.374193
0.374301
0.374234
0.374066
0.373814
0.373534
0.373277
0.372827
0.372409
0.37151
0.370394
0.368725
0.366192
0.363182
0.359564
0.357036
0.351453
0.356521
0.359547
0.361966
0.364591
0.366996
0.368696
0.369813
0.370507
0.370861
0.370957
0.370904
0.370717
0.370387
0.369972
0.369377
0.368633
0.367585
0.366167
0.364016
0.361181
0.358518
0.355931
0.352497
0.346558
0.352067
0.355796
0.358526
0.361042
0.363221
0.364936
0.36619
0.367039
0.367558
0.367798
0.367799
0.367634
0.367332
0.366827
0.366143
0.365169
0.363755
0.362032
0.36011
0.357725
0.35483
0.352134
0.347551
0.342175
0.348412
0.352639
0.355853
0.358169
0.360091
0.361703
0.362977
0.363884
0.364439
0.364741
0.364804
0.364627
0.364208
0.363572
0.362647
0.361581
0.360218
0.358485
0.356407
0.35415
0.351991
0.350353
0.344611
0.339121
0.346601
0.350454
0.353729
0.355963
0.35759
0.358963
0.360118
0.360996
0.361589
0.361873
0.36189
0.36167
0.361231
0.360584
0.359749
0.35862
0.357158
0.355388
0.353638
0.351612
0.348745
0.347624
0.342481
0.337834
0.346137
0.349166
0.352173
0.354146
0.355517
0.356709
0.357699
0.358464
0.358972
0.359223
0.359204
0.358938
0.358468
0.357778
0.356785
0.355546
0.354151
0.352685
0.351158
0.349589
0.346769
0.34578
0.340592
0.33786
0.346268
0.348727
0.35109
0.352722
0.353907
0.354831
0.355645
0.356261
0.356638
0.356795
0.356743
0.356479
0.355969
0.355251
0.354285
0.353192
0.352039
0.350664
0.349106
0.347498
0.344241
0.34437
0.340196
0.33821
0.346744
0.348591
0.350345
0.351643
0.352581
0.353362
0.353946
0.354396
0.354682
0.354759
0.354637
0.354314
0.353789
0.353067
0.352153
0.351083
0.349803
0.348398
0.347079
0.34616
0.342894
0.342333
0.339629
0.338691
0.347198
0.348657
0.349943
0.350734
0.35151
0.352125
0.352587
0.352881
0.353018
0.352987
0.352762
0.352332
0.351706
0.350861
0.349925
0.348835
0.347853
0.346727
0.344972
0.344227
0.341694
0.34197
0.339684
0.338814
0.347612
0.348697
0.349588
0.350109
0.350723
0.351179
0.351474
0.351615
0.351601
0.351432
0.351086
0.350565
0.349883
0.349134
0.348237
0.347291
0.346124
0.345021
0.343774
0.343075
0.340105
0.340002
0.33849
0.338844
0.347895
0.348679
0.349388
0.349528
0.35005
0.350399
0.350555
0.350567
0.350427
0.350136
0.349706
0.349167
0.348486
0.347648
0.34665
0.345563
0.344427
0.343502
0.341546
0.341106
0.339116
0.338956
0.338322
0.338214
0.348048
0.348589
0.349066
0.349164
0.349559
0.349786
0.349871
0.349762
0.349516
0.34914
0.348639
0.347964
0.347149
0.346158
0.345169
0.343986
0.342855
0.341951
0.339997
0.340031
0.337564
0.337928
0.336763
0.337065
0.348837
0.348378
0.347748
0.346961
0.34836
0.347819
0.347085
0.346244
0.574327
0.494512
0.526044
0.45597
0.472614
0.435563
0.443895
0.420876
0.4272
0.410905
0.415505
0.403884
0.40717
0.398735
0.401131
0.394994
0.396728
0.392342
0.393562
0.390571
0.391369
0.38957
0.38999
0.389276
0.389346
0.389672
0.389374
0.390784
0.3901
0.392726
0.391626
0.395649
0.394032
0.39985
0.397547
0.405716
0.402519
0.413971
0.409368
0.425807
0.419298
0.443354
0.43365
0.470653
0.456065
0.524821
0.492808
0.572717
0.534388
0.495282
0.493012
0.463573
0.438372
0.435857
0.417696
0.397845
0.394989
0.382446
0.373188
0.370271
0.367556
0.364331
0.361603
0.362349
0.36077
0.357671
0.359173
0.35735
0.353788
0.355293
0.353059
0.349026
0.350804
0.348643
0.344226
0.346741
0.345148
0.34045
0.343962
0.343234
0.338279
0.342934
0.343007
0.337725
0.343351
0.343867
0.337965
0.344474
0.345119
0.338469
0.345743
0.346362
0.33878
0.346913
0.347417
0.338913
0.347837
0.348179
0.338625
0.348448
0.348607
0.337767
0.348725
0.348768
0.336374
0.486214
0.471637
0.485165
0.453174
0.447333
0.458644
0.433585
0.429795
0.437859
0.419857
0.417716
0.423545
0.410254
0.408867
0.413253
0.403426
0.402443
0.405678
0.398411
0.397703
0.400047
0.394752
0.394206
0.395915
0.392147
0.391702
0.392913
0.390404
0.390018
0.39082
0.389406
0.389057
0.38949
0.389106
0.388755
0.388839
0.389517
0.389146
0.388851
0.390593
0.390231
0.389535
0.392494
0.392058
0.390948
0.395359
0.394818
0.393196
0.399458
0.398723
0.396471
0.405237
0.404171
0.401017
0.413162
0.411629
0.407292
0.424509
0.421956
0.416058
0.441124
0.436543
0.428475
0.467514
0.457239
0.445991
0.507741
0.48329
0.46984
0.454722
0.437746
0.438664
0.439257
0.429732
0.434794
0.42496
0.419373
0.424405
0.414769
0.411296
0.415515
0.406967
0.40466
0.408043
0.401105
0.39949
0.402115
0.396712
0.395511
0.397499
0.393436
0.392494
0.393984
0.391071
0.390293
0.39136
0.389469
0.388776
0.389496
0.388541
0.3879
0.388269
0.388267
0.387615
0.387687
0.388641
0.387935
0.387697
0.389659
0.388877
0.3883
0.391386
0.39044
0.389514
0.393965
0.392828
0.391425
0.397607
0.396053
0.394172
0.40259
0.4004
0.397918
0.409318
0.40627
0.402922
0.418325
0.413595
0.409443
0.430204
0.42262
0.417594
0.444974
0.431293
0.426615
0.458051
0.436042
0.434636
0.422107
0.408472
0.404407
0.41974
0.410247
0.410298
0.41708
0.401509
0.405354
0.396987
0.387682
0.382513
0.401502
0.393793
0.391203
0.38912
0.379794
0.385339
0.38049
0.375205
0.371799
0.387134
0.381541
0.378392
0.373197
0.368868
0.372394
0.371348
0.368437
0.367078
0.376964
0.373307
0.370701
0.366023
0.364024
0.365542
0.365963
0.363678
0.363291
0.370292
0.367636
0.365709
0.362225
0.360024
0.360054
0.361375
0.359065
0.358857
0.365235
0.363121
0.361508
0.357337
0.354595
0.35452
0.356764
0.35455
0.354224
0.361204
0.35933
0.357635
0.352078
0.349727
0.350146
0.352494
0.350694
0.349979
0.357456
0.35576
0.354096
0.347488
0.345468
0.345673
0.349242
0.348134
0.347273
0.354313
0.353012
0.351424
0.343794
0.342656
0.343667
0.347326
0.346825
0.346248
0.35187
0.350884
0.349716
0.341772
0.341194
0.341262
0.346526
0.346499
0.346155
0.35014
0.349651
0.348877
0.340915
0.340422
0.340365
0.346686
0.346877
0.346478
0.349292
0.348948
0.348633
0.340277
0.339946
0.3399
0.347045
0.347191
0.346965
0.348696
0.34865
0.348594
0.339833
0.339626
0.339509
0.34735
0.347537
0.347422
0.348726
0.348661
0.348722
0.339524
0.339195
0.339198
0.347716
0.347817
0.347764
0.348505
0.348465
0.348627
0.338742
0.338352
0.33824
0.347926
0.348022
0.347993
0.348525
0.348491
0.348669
0.338114
0.337606
0.337847
0.348095
0.348166
0.348069
0.348352
0.348273
0.348565
0.336199
0.335846
0.336186
0.348025
0.348489
0.348833
0.348794
0.34914
0.349335
0.349326
0.349154
0.347843
0.348276
0.348652
0.34857
0.348853
0.348957
0.348902
0.348714
0.34873
0.348684
0.348549
0.348398
0.34816
0.348146
0.347931
0.34827
0.34829
0.348532
0.3481
0.348024
0.347688
0.348143
0.348104
0.348406
0.54191
0.547237
0.464091
0.465219
0.413462
0.412619
0.375767
0.373838
0.364887
0.363751
0.36127
0.36039
0.357247
0.356584
0.352203
0.351743
0.346671
0.34637
0.341766
0.341594
0.338397
0.338296
0.336897
0.336878
0.336755
0.336803
0.337048
0.337151
0.337566
0.337698
0.337767
0.337911
0.337838
0.337988
0.337298
0.337438
0.336251
0.336384
0.611222
0.634297
0.493557
0.494799
0.438375
0.438972
0.391131
0.389124
0.368218
0.366778
0.362926
0.36193
0.359384
0.358617
0.354878
0.354313
0.349498
0.349113
0.344076
0.343841
0.339874
0.339743
0.337479
0.337415
0.336726
0.336743
0.336872
0.336949
0.337325
0.337451
0.337745
0.337878
0.337881
0.338034
0.337723
0.33786
0.336969
0.337086
0.335619
0.335753
0.544078
0.549387
0.466505
0.467642
0.41618
0.415331
0.378706
0.376767
0.367678
0.366558
0.364166
0.363284
0.360626
0.359957
0.356034
0.355563
0.350895
0.350594
0.346334
0.346161
0.343251
0.343149
0.342025
0.342005
0.342263
0.342313
0.343316
0.343419
0.344613
0.344745
0.345837
0.34598
0.346826
0.346971
0.347517
0.347657
0.347891
0.34802
0.612923
0.636009
0.49584
0.497093
0.4409
0.441498
0.39397
0.391948
0.371098
0.369673
0.36576
0.36477
0.362516
0.36174
0.358463
0.357894
0.353472
0.353089
0.348486
0.348252
0.344554
0.344425
0.342435
0.342374
0.342006
0.342022
0.34274
0.342819
0.343974
0.344094
0.345266
0.345405
0.346385
0.34653
0.347206
0.347354
0.347732
0.34787
0.347986
0.348108
0.347984
0.348101
0.347877
0.347979
0.347989
0.348097
0.347772
0.347868
0.57765
0.853791
1.14378
0.921901
0.632202
0.0561142
0.102021
0.198478
0.357096
0.778279
1.36796
1.29063
0.703505
0.226419
0.119663
-0.0373938
-0.0420093
-0.0710248
-0.0742239
-0.0808998
-0.0821366
-0.0737678
0.0124069
0.248312
1.82647
1.48343
0.356454
0.0323468
-0.0620395
-0.105743
-0.115567
-0.157996
-0.185746
-0.239245
-0.321868
-0.445522
-0.548047
-1.41319
-1.30491
-0.472769
-0.307573
-0.174567
-0.198175
-0.259313
-0.312987
-0.393993
-0.532304
-0.697472
-0.855296
-1.69323
-1.74985
-0.851854
-0.529201
-0.241039
-0.268479
-0.032723
-0.0665834
1.01706
-0.627937
2.05151
0.580881
-0.0308151
-0.101932
-0.134374
-1.55334
-0.763866
-1.01925
-1.58265
-0.166683
-0.200595
-1.16137
-1.03443
-1.32019
-0.231453
0.542043
0.401655
0.212527
1.13415
1.19791
0.764413
1.45655
1.73066
1.57598
0.845803
0.947731
1.46478
0.517862
0.38463
0.592046
-0.0394045
-0.0745509
-0.071295
-0.0455037
-0.0829599
-0.0772474
0.107159
-0.35116
-0.249831
0.162551
-0.261241
-0.48028
-0.0289452
-0.188585
-0.192874
-0.110476
-0.148431
-0.139852
-0.123833
-0.167333
-0.15685
-0.862906
-1.07399
-0.779999
-0.374398
-0.563438
-0.726339
-0.185849
-0.220338
-0.208989
-0.210279
-0.250891
-0.23449
-1.03722
-0.88378
-0.879888
-1.04023
-0.96704
-1.21865
-0.694558
-0.759824
-0.876535
-0.252714
-0.287732
-1.48578
-1.95978
-1.83776
-1.90536
1.73962
1.77864
-1.01557
-1.00032
1.41691
1.44133
-1.16182
-1.16361
-1.40054
-1.9592
-1.87992
-1.93678
-0.921154
-1.36857
0.645065
0.646871
-1.87381
-2.09958
2.20845
2.29795
-0.0311622
-0.0311501
-0.10066
-0.100562
-0.164594
-0.164871
-0.229438
-0.229539
-0.0656823
-0.0655961
-0.132893
-0.132852
-0.198384
-0.198362
-1.12398
-1.11797
-1.10471
-1.09826
-0.502412
-0.759707
-1.85849
-2.0949
-1.2901
-1.30897
)
;

boundaryField
{
    inlet
    {
        type            zeroGradient;
    }
    outlet
    {
        type            fixedValue;
        value           nonuniform List<scalar> 0();
    }
    wall
    {
        type            zeroGradient;
    }
    empty_zmin
    {
        type            empty;
    }
    empty_zmax
    {
        type            empty;
    }
    procBoundary0to1
    {
        type            processor;
        value           nonuniform List<scalar> 
39
(
-0.504769
-0.375066
-0.293935
-0.23638
-0.192602
-0.162439
-0.140457
-0.124219
-0.107918
-0.0996916
-0.102692
-0.0991345
-0.0991807
-0.339747
-0.406741
-0.503027
-0.657167
-0.817524
-0.661983
-0.269012
-0.297128
-0.339747
-0.906358
-0.823021
-0.99869
-1.09089
-1.02419
-0.834528
-0.834528
-1.03151
-1.12434
-0.260247
-1.11032
-0.838018
-0.952535
-0.280727
-0.318706
-0.258586
-0.258645
)
;
    }
}


// ************************************************************************* //
