/*--------------------------------*- C++ -*----------------------------------*\
| =========                 |                                                 |
| \\      /  F ield         | OpenFOAM: The Open Source CFD Toolbox           |
|  \\    /   O peration     | Version:  2406                                  |
|   \\  /    A nd           | Website:  www.openfoam.com                      |
|    \\/     M anipulation  |                                                 |
\*---------------------------------------------------------------------------*/
FoamFile
{
    version     2.0;
    format      ascii;
    arch        "LSB;label=32;scalar=64";
    class       volScalarField;
    location    "3.29";
    object      initialResidual:p;
}
// * * * * * * * * * * * * * * * * * * * * * * * * * * * * * * * * * * * * * //

dimensions      [0 0 0 0 0 0 0];

internalField   nonuniform List<scalar> 
2285
(
-1.60254e-11
-2.29676e-10
-2.26992e-11
1.22787e-10
-1.34783e-10
-3.38661e-10
-2.14155e-10
3.07623e-11
7.96563e-11
7.44803e-11
-3.82922e-11
3.85616e-11
-1.64698e-11
2.74739e-12
2.6698e-11
-7.11547e-12
4.41205e-11
-8.88154e-11
2.36797e-10
2.66739e-10
-1.81559e-10
-1.12247e-10
9.14865e-12
-5.31256e-11
-2.49807e-10
4.71048e-11
-1.65852e-10
-2.37585e-10
-4.13483e-11
1.56858e-10
1.07471e-10
2.25689e-11
5.77501e-10
-7.8464e-09
-1.14628e-10
-1.03493e-10
-1.70919e-10
2.16133e-11
9.16055e-10
6.00055e-09
1.39237e-10
-1.5192e-10
3.11387e-11
-5.94098e-11
-5.91922e-10
8.76852e-10
1.82745e-10
1.12245e-10
2.38037e-11
8.44591e-12
5.65743e-10
4.28024e-10
-7.579e-11
-1.56781e-10
-4.72422e-11
2.9393e-11
-9.88928e-11
-2.22169e-10
1.69163e-10
-1.94862e-11
-2.1077e-11
-1.22704e-10
1.13356e-11
-4.00917e-12
-5.57071e-12
-1.44531e-11
1.0222e-10
-3.74431e-11
3.52593e-11
-5.04891e-11
5.97133e-12
-1.64245e-11
-5.61048e-11
-2.14022e-11
-4.5041e-12
-7.53816e-11
1.95417e-11
3.97049e-11
-4.55882e-11
5.91224e-11
-1.74089e-11
-2.54112e-11
4.18065e-11
-8.66275e-12
1.87699e-11
-3.23328e-11
-2.85637e-11
5.25888e-11
1.71679e-10
-3.95064e-11
-5.69467e-11
9.09696e-11
4.59317e-11
-6.8762e-12
-9.84544e-11
4.99536e-11
2.30162e-12
1.01982e-10
4.78912e-11
-4.7576e-11
-9.43885e-12
-3.53304e-11
7.55695e-11
5.37937e-11
-9.01065e-11
-4.1524e-11
1.53715e-12
1.32855e-10
2.4783e-11
1.94412e-11
-9.14006e-11
-2.75122e-11
-1.62978e-11
6.69278e-11
1.10471e-11
1.00771e-11
-3.54781e-11
-2.5414e-12
2.06646e-11
-6.06382e-12
1.75007e-12
1.61634e-11
1.98893e-12
5.2022e-13
1.16165e-12
-4.52079e-12
2.02979e-13
1.37404e-11
7.97509e-13
-1.5366e-11
-4.98018e-13
4.53513e-12
1.92379e-12
1.22316e-11
-3.07906e-12
-3.22834e-12
-1.89217e-12
-1.32326e-11
3.33001e-12
1.26403e-11
-1.50822e-12
-8.878e-12
1.39167e-12
4.15781e-12
-2.34049e-12
5.60268e-13
-2.87611e-12
-9.08866e-12
1.35688e-12
1.50171e-11
-1.29903e-12
-1.88883e-11
1.07194e-12
2.10993e-11
-1.10277e-12
5.86427e-12
-4.01582e-12
-1.95413e-11
2.99837e-12
1.51311e-11
1.49115e-12
-1.40577e-11
-2.15205e-13
6.11427e-12
-1.21239e-12
-2.83391e-12
-9.69475e-13
5.08592e-10
-8.85558e-10
-1.71393e-09
1.02898e-09
7.6456e-10
-1.08037e-09
1.16905e-09
3.07613e-09
2.27397e-09
-2.9634e-09
-7.23041e-09
1.60779e-08
-1.15687e-08
-1.62019e-09
-3.86375e-09
2.35299e-09
4.58155e-09
-6.91246e-10
-5.8451e-10
-1.7325e-10
2.50976e-11
-1.42191e-10
1.10427e-09
-4.82877e-10
9.112e-11
1.96528e-09
-3.5556e-09
4.43005e-09
8.35283e-10
-3.32945e-10
-2.29069e-09
4.60921e-09
4.93916e-09
-3.32357e-09
5.87064e-12
2.61763e-11
-2.84916e-11
1.26173e-11
2.65133e-11
5.64475e-11
2.58968e-11
8.7886e-11
8.83302e-11
1.18928e-10
6.46058e-10
1.20833e-10
3.2703e-11
-5.23349e-10
2.36001e-10
-5.66994e-11
9.07902e-10
-1.52563e-09
-1.11562e-10
-1.46716e-10
-3.47043e-10
1.9938e-10
3.74842e-10
-4.41599e-10
1.21197e-10
-4.04827e-10
-1.55963e-10
-6.31963e-11
5.52119e-10
-3.04423e-10
2.16024e-10
2.24544e-10
5.81008e-10
-1.4764e-11
4.03851e-10
-5.07173e-11
-4.15643e-09
-1.39257e-10
-2.86319e-10
-4.5463e-10
7.75927e-11
1.56917e-10
-3.10357e-10
7.89905e-11
5.51131e-10
6.42493e-10
-2.17091e-11
3.86286e-11
1.37779e-10
-7.23979e-11
-1.49538e-10
5.49535e-11
2.40739e-10
1.92183e-10
6.53488e-11
1.40616e-11
7.04027e-11
1.95385e-10
-7.36725e-11
-3.6302e-11
-6.76451e-12
-5.70745e-11
1.97028e-10
-1.1247e-10
-4.65095e-11
1.25529e-10
-7.35157e-11
-1.5045e-10
8.48879e-11
-2.69854e-10
1.35992e-11
1.14263e-10
-1.08272e-10
4.02547e-11
5.42078e-11
-1.68643e-11
2.68207e-10
-6.92893e-11
1.89293e-10
1.15264e-10
-7.52097e-11
2.71691e-10
9.32412e-11
-1.15237e-10
5.77054e-11
-4.49594e-11
-2.57093e-11
6.79177e-11
-1.71594e-10
6.55659e-11
-7.96917e-11
-4.93938e-11
-3.90446e-10
-3.0125e-10
3.6455e-09
3.00142e-10
5.23215e-11
2.60445e-10
3.96595e-10
6.52827e-11
8.44306e-11
-3.39516e-10
-7.24757e-11
6.2518e-11
1.50341e-12
8.4501e-12
3.76331e-11
-1.22043e-11
-7.02213e-11
3.06481e-11
-3.71208e-11
7.00196e-12
-5.63436e-11
1.70773e-11
6.93124e-12
-1.81125e-11
3.95034e-11
6.52199e-12
3.11635e-11
-1.14329e-11
-4.77523e-11
2.80755e-11
-5.8438e-11
1.87932e-11
-1.87748e-11
1.24438e-12
-1.12543e-10
3.64041e-11
-2.87357e-11
2.7283e-11
-2.09956e-11
-9.87479e-11
-4.46962e-11
4.41434e-11
-2.38785e-11
-2.08506e-11
-1.38002e-11
-1.73372e-10
-4.25663e-12
-5.43286e-10
1.36749e-11
4.63322e-11
-6.02695e-11
-2.18504e-11
-1.47418e-10
1.08361e-11
7.30039e-10
-3.22387e-10
4.79472e-09
-3.27206e-09
-8.77118e-09
5.54064e-09
2.40737e-09
-1.39976e-09
-2.72811e-09
3.10846e-09
1.53369e-09
-3.70517e-09
1.35518e-11
2.78172e-10
-1.10971e-10
-3.98459e-11
1.30684e-10
1.16716e-10
-8.46235e-12
-2.75155e-11
-1.49111e-11
5.30592e-12
-2.64187e-11
7.36358e-11
-2.43118e-10
-1.34837e-10
-9.02267e-09
5.50314e-09
8.03309e-09
-6.74803e-10
-3.60996e-09
-1.23724e-09
3.38142e-09
2.7511e-09
-1.67033e-09
3.56683e-10
-1.5075e-10
-4.44747e-10
4.47147e-10
1.10691e-10
1.65219e-11
-1.43739e-11
-7.87062e-11
-5.40598e-11
9.23045e-11
7.07031e-11
2.05162e-10
4.74152e-11
-1.26962e-09
5.72284e-10
3.62536e-09
-3.59301e-09
-3.42402e-09
-1.81686e-09
1.7427e-09
3.6374e-09
-2.29646e-11
-5.6032e-10
-2.71365e-11
1.26758e-09
-2.89621e-10
2.09517e-10
1.53696e-10
-1.99636e-10
-2.66378e-10
-9.18644e-11
1.68359e-11
1.08656e-10
-1.95542e-11
7.68925e-11
6.43355e-10
4.36311e-11
2.1851e-09
-1.03883e-09
1.4842e-09
-5.78486e-09
6.80072e-10
-1.20013e-09
-1.58704e-10
1.73248e-10
3.10546e-10
-1.05809e-09
3.01804e-10
2.669e-10
-3.07657e-12
5.25258e-11
-6.7324e-10
1.14077e-11
3.90224e-10
-9.54348e-12
1.59032e-10
-3.42322e-11
2.44488e-11
-6.5847e-11
-4.22765e-10
3.81873e-10
-6.5068e-10
-5.2657e-10
-2.85522e-09
5.14011e-09
8.63434e-11
1.40199e-09
-1.90072e-09
-1.50842e-09
-1.13104e-09
-1.19425e-09
-6.39873e-10
5.53842e-11
3.00991e-10
-1.52166e-09
4.30156e-10
8.38966e-10
4.77432e-10
-1.64688e-10
-2.18424e-10
-3.30203e-11
-8.78723e-11
9.88507e-11
1.21726e-10
-2.63696e-10
7.47873e-10
9.39672e-10
5.11486e-10
-1.9402e-09
5.05445e-10
-3.26153e-10
1.28139e-09
-3.2385e-09
8.21667e-10
-4.05287e-10
6.93083e-11
-3.90026e-10
-5.64826e-10
2.38494e-09
1.27323e-09
-1.70601e-09
-7.7728e-10
6.75013e-10
1.64185e-10
-8.31841e-11
1.45907e-10
-4.11798e-11
-1.71898e-10
5.3859e-12
-4.29013e-11
-5.45081e-10
2.47975e-09
2.30307e-09
-3.44891e-09
-4.25732e-11
-1.14868e-08
1.46508e-08
-1.74187e-09
3.60114e-10
-5.11328e-10
-2.54006e-11
3.57315e-09
-1.12201e-09
-2.3949e-09
1.87191e-09
1.50729e-10
-5.10857e-10
-1.73498e-10
-3.28586e-11
5.67663e-11
-4.17943e-11
-8.52986e-11
1.22124e-10
3.72281e-10
-2.81041e-10
-1.91198e-09
4.42978e-09
3.30929e-09
-5.05576e-09
4.60527e-09
1.5203e-09
-2.32987e-09
-6.89722e-10
-1.39243e-09
-2.27972e-11
-3.39619e-09
1.80999e-10
1.42161e-09
-6.41032e-10
-2.81929e-10
-3.00902e-10
9.97585e-11
1.28432e-10
-2.50827e-11
-3.17376e-11
-2.56972e-11
1.75839e-11
-7.52137e-11
2.80206e-10
-7.22987e-10
-2.62147e-09
3.51886e-09
4.5697e-09
-8.3386e-09
1.12341e-09
6.509e-09
-4.2619e-09
1.34844e-09
1.23712e-09
-1.83326e-09
-1.62656e-09
-6.23186e-10
-2.66182e-10
1.68639e-10
3.93331e-10
8.29211e-12
-5.876e-11
-5.29088e-11
-2.14926e-11
-6.96711e-11
-1.29454e-10
-1.19316e-10
1.87741e-10
3.89716e-10
-1.41539e-09
-1.24406e-09
3.62817e-09
9.08922e-10
-3.97343e-09
-5.74122e-09
5.52369e-09
2.34857e-09
-1.56674e-09
1.54448e-09
-1.2074e-09
1.57078e-10
1.39825e-10
1.5028e-10
-3.08802e-11
5.14731e-11
1.32302e-10
-1.22302e-10
-2.44066e-11
-2.34963e-10
-5.17422e-12
-1.37425e-10
-2.27143e-10
1.79274e-10
4.11684e-10
-8.439e-10
-2.57743e-09
3.13396e-09
9.77042e-09
2.33535e-09
-8.15404e-09
-2.38085e-09
-1.40919e-10
1.09963e-11
2.25335e-09
7.41816e-10
-8.04194e-10
1.02509e-09
-2.1502e-11
-1.05172e-10
-7.56119e-11
-3.04932e-11
-6.00343e-11
9.40171e-11
-1.38487e-10
3.09654e-10
6.67131e-11
-5.31071e-11
6.49475e-11
1.8427e-11
6.20544e-10
3.70211e-11
-7.31733e-09
1.0881e-08
1.90345e-09
5.6829e-10
-1.07238e-09
-1.0273e-09
7.22308e-10
-1.47329e-09
-1.70759e-11
-1.90161e-10
-5.55655e-11
-1.33092e-10
4.50143e-11
1.29642e-10
7.59953e-11
3.3058e-10
-4.03323e-11
-2.15404e-10
-7.49843e-11
1.99444e-10
-2.6517e-10
-4.73618e-10
-6.38811e-11
-1.64187e-09
-2.49365e-09
-3.43951e-09
2.00642e-09
-7.96474e-10
4.71856e-09
-2.72696e-09
-3.62818e-09
3.41205e-10
3.41814e-10
-7.61041e-11
2.28122e-10
2.3182e-10
6.11053e-11
-1.05978e-10
4.2013e-11
3.43857e-10
2.4054e-10
-4.612e-10
-3.36619e-10
-8.27846e-10
7.12041e-10
-6.46169e-10
3.42033e-10
5.00846e-10
-3.58118e-10
-3.08525e-10
-1.99108e-09
3.49723e-10
3.18036e-10
-3.72535e-09
2.5518e-09
3.40289e-09
-4.85875e-10
2.05813e-10
-5.53977e-10
-2.9756e-10
-4.30115e-11
-4.08418e-11
9.46321e-12
9.9608e-11
3.71688e-12
8.45443e-10
1.45677e-09
-3.96305e-10
-3.42172e-10
5.91231e-10
5.05022e-09
-1.08941e-08
2.1099e-08
-1.83072e-08
2.96313e-09
1.11369e-08
7.54108e-10
-9.47205e-09
2.70537e-09
-2.85184e-09
-4.34344e-11
-2.77486e-10
-6.72487e-12
4.66706e-10
1.64473e-10
-1.65392e-11
-2.07399e-11
1.10996e-11
-3.80177e-10
-1.1404e-09
1.36804e-09
6.61305e-11
-2.1081e-09
1.42528e-09
1.23621e-09
-2.63698e-09
4.15654e-09
1.00551e-09
-3.06173e-10
-1.14557e-08
-3.34381e-09
1.41039e-08
-2.02436e-09
-3.83792e-11
1.71647e-10
1.74932e-10
5.7565e-10
1.92608e-11
5.76845e-11
1.7806e-11
-2.69338e-11
6.66434e-11
4.32616e-10
-1.64303e-10
-1.85502e-09
3.3959e-10
1.74694e-09
-1.95542e-09
4.13389e-10
1.4328e-10
-2.5837e-09
-7.79927e-10
-2.74342e-09
4.20689e-10
1.34157e-09
5.64559e-10
-9.48014e-10
2.28461e-10
-1.727e-11
-2.35718e-10
-1.64216e-10
-2.78011e-10
-3.737e-11
4.51563e-11
4.57458e-11
3.20613e-10
1.28713e-10
-1.96336e-10
9.03698e-10
-1.3276e-09
-2.3225e-10
1.19924e-09
-6.99334e-10
9.87875e-10
4.62377e-10
-8.22249e-10
-1.059e-09
1.60527e-09
1.12337e-09
-1.03431e-09
-4.57645e-10
1.71934e-10
1.80673e-10
2.30905e-10
-4.04066e-11
-1.60639e-11
-6.52994e-11
2.50364e-11
6.62057e-12
-2.88924e-10
-9.43884e-11
-4.29799e-10
2.06016e-10
7.43196e-10
7.53554e-11
-2.0056e-09
-7.8805e-11
-3.89761e-10
5.95825e-11
3.20826e-09
2.95861e-10
-1.56799e-10
-1.32564e-09
8.53566e-12
3.03135e-10
6.75671e-11
-1.09429e-09
3.9911e-10
-1.34431e-12
1.83743e-11
2.91495e-11
5.11305e-11
2.52531e-11
4.61453e-10
2.94474e-10
-2.4437e-11
-1.21161e-10
-1.09737e-10
-1.74221e-11
-2.57153e-10
-2.97816e-10
4.78638e-11
-2.20088e-10
-6.39807e-11
9.37967e-11
-3.04137e-13
-1.27502e-10
1.6871e-11
-5.12053e-10
-2.40908e-10
-1.92914e-11
3.64624e-10
1.80658e-10
2.21259e-11
2.45699e-10
2.1017e-10
-4.7001e-11
9.37901e-11
-1.63231e-11
-3.42619e-11
4.79821e-11
7.27617e-11
-2.37961e-11
7.59924e-11
6.38354e-11
-1.07343e-11
3.56356e-11
4.27882e-11
-6.1163e-11
8.62454e-11
1.55673e-11
-3.27101e-11
-1.56729e-10
-2.27158e-10
9.0235e-11
-1.15881e-10
1.40299e-10
8.41832e-12
-2.41732e-10
-2.94351e-11
-9.13662e-12
1.40744e-10
1.5696e-10
5.38871e-14
5.99797e-11
-5.09687e-12
-3.36189e-12
-2.79089e-11
-2.07498e-10
2.18092e-12
-1.05664e-10
2.96246e-12
-2.27117e-11
-2.3938e-13
6.72322e-10
1.91311e-10
4.3582e-10
2.0257e-10
4.8965e-10
4.66093e-11
-1.02229e-09
3.96663e-10
1.65176e-10
1.29784e-09
-7.45418e-10
7.77366e-10
-2.78708e-10
5.92816e-10
-4.66212e-11
6.18232e-10
1.45108e-10
7.4036e-10
-5.24733e-11
1.65869e-12
-7.00269e-11
8.75066e-11
-1.10002e-10
-8.67272e-11
-1.30962e-10
-1.18215e-10
8.05238e-11
4.13425e-11
1.02587e-10
3.63897e-12
3.84496e-11
-2.23398e-11
3.25213e-10
9.19652e-11
-1.70231e-10
1.4607e-10
-1.15241e-10
1.9285e-11
5.72309e-11
4.68129e-11
-2.54516e-11
4.82457e-11
7.01776e-12
-1.07514e-10
2.41183e-10
-1.22968e-10
1.5381e-11
3.30733e-11
-9.0143e-13
1.62307e-11
-6.60298e-11
-1.82931e-10
3.65019e-10
-4.22209e-10
2.86111e-11
6.22842e-11
-3.26878e-11
-1.41322e-11
4.27294e-13
-5.8496e-11
-1.21484e-09
-4.71837e-10
-2.46471e-10
2.3148e-10
1.40524e-09
-2.84057e-11
9.61269e-14
-8.59847e-11
-2.60617e-10
-6.16014e-10
7.92502e-10
-6.03465e-10
-1.21982e-10
-1.33964e-10
-3.62062e-11
2.26884e-11
9.68672e-11
1.49314e-10
6.17757e-11
-7.11145e-11
-3.08611e-10
4.00454e-11
1.99568e-10
-1.55187e-11
-3.45471e-11
-1.51629e-11
-1.18113e-11
3.20913e-11
-4.73546e-11
-1.32726e-11
-2.14282e-10
-2.96465e-11
-6.83347e-11
-5.13777e-11
5.88917e-11
1.50607e-11
-9.0298e-12
-1.97536e-10
2.57067e-12
-5.69065e-11
4.901e-12
-3.79923e-11
-2.38367e-11
2.7011e-12
-1.52652e-11
-7.15429e-11
2.69874e-11
-2.62717e-10
-8.52944e-11
9.60262e-11
7.42565e-12
4.68099e-11
-5.946e-11
-2.85872e-11
3.19288e-11
-1.3209e-12
-8.8091e-11
1.52606e-10
2.14897e-11
1.24913e-10
4.78699e-11
3.77397e-12
7.02242e-12
9.68725e-11
-1.36396e-10
1.57721e-10
6.35631e-11
-1.1018e-10
-1.51319e-10
9.51456e-11
3.57485e-11
1.55155e-10
1.54005e-11
-6.12629e-11
3.02806e-12
8.03787e-11
-1.3882e-10
2.55502e-10
-5.18254e-11
-1.36746e-10
-1.26898e-10
-1.82981e-09
1.82479e-09
1.10657e-10
5.19385e-11
7.80039e-11
-1.0158e-10
-2.13849e-11
1.2029e-10
1.41821e-10
1.67277e-10
-3.51326e-10
-7.25708e-12
-3.654e-10
3.75229e-10
1.08398e-11
2.34208e-11
-6.75189e-11
-2.39045e-10
-4.57753e-10
1.7589e-10
-2.44017e-10
5.08224e-10
-5.57681e-11
-9.08522e-12
-2.58396e-11
-3.10036e-11
4.14101e-10
-6.7825e-11
-5.21097e-11
-3.54748e-10
1.43323e-10
-1.07682e-10
4.3092e-11
-1.86133e-11
2.33964e-11
1.78284e-10
-1.40773e-10
1.18581e-10
1.07132e-09
-8.01088e-10
1.94073e-10
-4.34439e-11
-4.95151e-11
-3.15989e-11
2.13711e-10
-1.71707e-10
4.28741e-11
-1.42397e-09
8.67736e-10
-3.50113e-12
-6.78059e-11
-4.25912e-11
2.05737e-11
-9.411e-10
2.17543e-10
2.87946e-10
2.82965e-11
5.14422e-10
3.45112e-10
-1.403e-10
-6.43187e-11
-2.42677e-10
-5.55133e-11
2.79906e-11
4.66829e-10
4.77669e-10
6.09865e-10
-1.37553e-10
4.16444e-10
2.64464e-09
-2.47747e-09
-1.15643e-09
-1.86235e-09
4.05111e-09
8.31216e-10
-6.22136e-10
-2.77148e-10
2.99295e-09
8.86987e-10
-8.81259e-10
-7.30685e-09
2.76706e-09
1.4287e-09
3.29037e-09
-3.38291e-09
5.04449e-10
4.6858e-10
4.37848e-10
3.41641e-09
-4.44857e-10
-6.81892e-10
-1.16664e-09
3.02001e-10
1.2791e-09
2.45122e-10
-2.35661e-10
3.20265e-10
-2.75592e-10
-8.63862e-11
1.84555e-10
3.41902e-10
-1.91197e-10
-2.23657e-10
2.41412e-10
-2.91883e-10
5.71234e-10
5.82354e-10
5.76237e-11
9.9653e-11
-6.80733e-10
3.3228e-11
5.09493e-11
-7.08376e-13
6.61155e-11
6.65197e-12
-8.32252e-11
-8.36969e-11
-4.33157e-11
6.02333e-11
3.91676e-11
8.28996e-11
-9.27025e-11
7.55967e-12
-1.52445e-12
1.6841e-11
-3.49945e-12
-1.80732e-11
8.9759e-12
-1.25242e-11
3.08225e-12
-1.63794e-11
4.22885e-12
1.39029e-11
-4.65645e-12
-3.28568e-11
1.07587e-11
1.43588e-11
-8.76783e-12
1.66832e-11
-7.10561e-12
2.67505e-11
-8.69754e-12
1.61318e-11
-2.99005e-12
1.49479e-11
-5.13864e-12
1.42361e-11
-3.94306e-12
-4.64931e-11
1.77307e-11
-2.03874e-11
7.44194e-12
-3.50367e-12
2.27044e-14
-6.50727e-12
2.50148e-12
-3.99168e-12
3.3733e-13
-2.6968e-11
6.15735e-12
-4.46714e-12
3.68164e-12
8.57103e-12
-3.19799e-12
1.2665e-11
-2.94573e-12
7.6868e-12
-7.63993e-13
-4.7981e-11
2.07344e-11
-2.37529e-11
6.80078e-12
-8.91065e-12
3.1504e-12
-1.82069e-11
8.07983e-12
4.36964e-12
-6.66923e-12
1.40287e-11
-7.41792e-12
2.14426e-11
-7.61617e-12
8.93225e-12
-6.38356e-13
1.85178e-11
-5.47532e-12
1.78175e-11
-5.17454e-12
1.25451e-11
-5.11344e-12
-3.74043e-11
1.587e-11
-1.77398e-11
4.74373e-12
-3.63369e-12
8.84693e-13
-3.30614e-12
-6.70898e-15
-1.18662e-11
4.49033e-12
-1.16598e-12
2.69288e-12
2.20719e-11
-1.22385e-12
-1.25982e-10
8.2785e-11
7.02695e-11
-6.08774e-11
1.02265e-10
-4.9922e-11
6.1318e-11
-1.50676e-11
6.25278e-11
-1.43881e-11
1.13774e-10
-2.83295e-11
4.30603e-11
-1.24498e-10
-8.96657e-11
4.06061e-11
-7.25288e-11
1.4755e-11
-2.98741e-11
1.30677e-11
-1.1108e-11
2.55903e-12
-6.99541e-11
4.81799e-11
-6.61854e-11
2.02569e-11
1.62222e-11
-1.37481e-11
5.2307e-11
-1.53275e-11
5.09006e-11
-1.47459e-11
-2.25236e-12
4.76266e-12
-2.21686e-12
-2.26126e-12
5.29115e-11
-2.5071e-11
4.15541e-11
-1.18722e-11
-5.72021e-12
2.24689e-13
-9.74745e-11
1.8304e-11
5.1498e-11
-3.42207e-11
1.01488e-10
-4.06368e-11
3.87885e-11
4.46266e-13
5.79787e-11
-2.15463e-11
3.74709e-10
-1.69034e-10
-5.43296e-11
2.96908e-11
-8.12566e-11
2.8052e-11
-1.33774e-12
-8.65326e-12
-5.40245e-11
2.30141e-11
-2.57403e-11
7.44007e-12
-4.76299e-11
1.2972e-11
-4.25076e-11
1.03584e-11
1.96845e-11
1.44005e-11
-1.32398e-11
4.01334e-12
2.97141e-11
-2.25036e-12
-2.48944e-11
8.82778e-12
7.61666e-12
-7.51224e-12
9.84673e-11
-3.40183e-11
-2.20754e-11
-1.97486e-12
-9.72434e-10
-3.06015e-10
-6.50076e-10
1.46157e-09
2.54835e-09
1.08247e-09
1.32917e-09
-6.50067e-10
-1.33782e-09
-7.38202e-10
7.34979e-10
-5.76862e-10
7.74861e-11
1.15444e-09
-2.59649e-10
-5.62442e-10
4.35947e-11
8.48383e-12
-3.99608e-10
-1.19718e-10
1.9925e-10
2.10615e-10
2.69401e-10
1.22648e-09
-2.02813e-09
7.64075e-10
2.58038e-09
-2.41539e-09
-1.08099e-10
-6.18741e-10
2.37133e-10
-1.02323e-09
-5.62646e-10
1.2219e-10
-5.69257e-09
5.83093e-08
-5.85143e-08
-4.67606e-10
-8.13714e-10
-2.99157e-10
7.70382e-11
-6.05916e-11
1.34194e-09
-6.3823e-09
-7.86197e-10
-1.17776e-09
3.90994e-09
2.19135e-09
-3.10892e-09
2.72555e-10
3.72077e-10
5.21181e-10
4.93464e-10
-8.04297e-11
-4.91172e-09
-2.43666e-09
1.66981e-09
3.04111e-09
-5.60507e-09
5.67179e-10
2.3246e-09
4.71677e-10
-6.84022e-11
-6.54181e-11
-8.15944e-11
-1.61057e-10
2.4382e-10
-3.73256e-10
9.47616e-12
-2.97416e-10
3.43444e-10
-1.64484e-09
-1.02103e-10
1.52797e-09
-1.62395e-09
7.18883e-11
-8.89132e-09
2.73148e-09
1.27178e-09
-1.66555e-10
-3.41716e-10
4.25906e-10
4.51144e-10
9.27451e-10
2.29746e-10
-1.52243e-10
-6.00801e-10
-1.22653e-08
3.94133e-09
-8.01925e-10
-1.00959e-08
2.61135e-09
-3.69164e-09
2.04083e-10
-8.97093e-11
-5.49888e-11
-9.09667e-11
5.75579e-11
-9.9031e-10
4.8837e-09
-2.14525e-10
-3.65581e-10
5.35723e-10
-3.42735e-10
-1.33135e-09
4.11086e-09
-6.80156e-09
4.18858e-09
7.06387e-09
-6.92441e-09
3.77505e-09
-9.64281e-10
3.47588e-10
-1.55463e-09
8.25163e-09
-4.13364e-11
-2.46396e-10
-9.85176e-10
3.22261e-10
4.64051e-11
-2.37565e-09
2.47474e-10
3.48985e-09
-5.53092e-09
6.78224e-10
5.9085e-09
4.72224e-09
-2.40788e-10
-4.58934e-10
-1.45548e-09
3.62076e-09
-2.86588e-09
-6.58906e-09
2.50307e-11
1.38101e-10
2.69872e-10
-2.20465e-10
9.84892e-10
5.93345e-10
6.95095e-09
3.22934e-09
-3.22793e-08
5.65562e-09
7.67546e-09
9.38969e-09
-6.72312e-10
4.06996e-10
-3.16733e-10
2.94004e-09
-2.88011e-09
-6.47005e-10
1.29978e-12
-6.28955e-11
2.93229e-10
1.03039e-10
-1.32918e-09
1.48255e-09
-4.6216e-09
-5.51123e-09
2.5485e-09
-4.05181e-09
-3.93166e-09
1.91815e-08
-7.18141e-09
1.40231e-09
-7.28937e-10
8.02606e-13
-5.72562e-10
2.19627e-10
-4.02233e-11
1.46814e-10
-3.0259e-10
3.19629e-11
1.55077e-10
-8.53892e-10
2.31281e-09
2.23251e-09
1.08875e-08
-1.29333e-08
1.61936e-10
7.59539e-09
-2.42956e-08
4.77807e-08
-2.58105e-08
-1.94447e-09
4.90229e-11
4.93994e-10
3.29508e-11
3.24403e-11
-2.32401e-10
2.50311e-10
-4.01076e-11
-7.13366e-10
-1.40307e-09
1.05268e-09
1.03466e-08
5.91546e-10
1.37719e-09
-1.53685e-08
1.14544e-08
1.38571e-09
-2.5069e-09
-3.4851e-10
1.0233e-09
-5.14699e-10
-2.19431e-11
-1.37749e-10
3.1671e-10
-2.29658e-11
-5.19927e-10
1.60666e-09
-1.48792e-09
-3.30864e-09
7.41376e-09
-1.09896e-09
6.46278e-09
-8.95428e-09
2.6935e-09
-5.07188e-09
7.44575e-10
-2.19749e-09
1.35595e-09
6.39843e-10
4.32059e-10
-4.66246e-11
5.65788e-11
3.51209e-10
1.16225e-10
2.06036e-10
-1.8752e-10
2.22573e-09
-3.2285e-09
1.14647e-08
-2.05518e-09
6.67805e-10
-1.29704e-08
-5.87256e-09
7.51704e-09
6.81388e-10
9.47164e-10
-2.08868e-09
-9.26846e-10
-1.01552e-10
6.72495e-11
6.0915e-11
-6.7834e-10
-1.04132e-10
6.66119e-10
-6.93493e-10
2.19558e-09
-3.38903e-09
1.2267e-08
1.691e-09
-1.03948e-08
-1.42204e-08
9.43837e-09
-8.09878e-09
-1.48481e-09
-3.13345e-10
4.23924e-10
1.87405e-10
1.43014e-10
-4.60554e-11
-2.97073e-10
8.84519e-10
-4.37426e-10
-1.78811e-10
-1.86636e-09
-1.38918e-09
-6.91192e-11
-4.01031e-09
3.29244e-09
-4.74729e-09
-6.7069e-10
-7.19112e-09
-4.88716e-09
2.58003e-10
1.70789e-09
1.06793e-09
-2.66253e-10
2.68536e-10
3.48211e-11
3.9453e-10
-9.73543e-11
3.9825e-10
-9.86705e-10
3.17505e-09
-3.13302e-09
6.64563e-09
-8.14523e-09
7.06501e-10
-2.53372e-09
1.52552e-08
-2.67375e-09
5.31154e-09
3.21832e-09
-6.27848e-10
2.17133e-11
4.00287e-10
-3.28739e-10
1.44421e-11
5.01962e-10
-1.71388e-09
8.16379e-10
-2.3961e-09
1.6545e-09
4.50235e-09
6.02754e-09
1.9282e-09
-3.36062e-09
1.59205e-09
4.09808e-09
4.55335e-09
2.10184e-09
-1.68636e-09
-2.76352e-10
-2.16093e-10
-4.03523e-10
4.90343e-11
3.95896e-11
-2.86749e-10
1.30295e-09
-3.58387e-10
2.45035e-09
-7.62577e-09
5.85715e-09
-7.97187e-09
-6.78119e-10
6.93051e-09
1.79984e-09
-1.08246e-09
4.71267e-10
-2.97256e-09
-1.18669e-10
-1.66262e-10
2.57811e-10
-2.35867e-10
6.09109e-11
-5.95417e-11
6.49725e-11
3.17151e-10
-1.33178e-10
-2.15746e-10
1.82653e-09
-4.90212e-10
-9.46106e-10
-5.20943e-09
-1.23457e-10
-2.10141e-09
5.34697e-09
1.69237e-09
-1.37131e-09
6.34838e-10
1.16939e-10
2.3659e-10
1.85729e-10
-1.49319e-11
1.27493e-10
-3.17367e-11
-8.45072e-11
-1.04594e-09
3.21954e-10
1.2197e-10
-1.33084e-09
3.69143e-09
-7.41501e-09
-9.57557e-10
1.55541e-09
3.22591e-09
-4.58657e-09
1.02989e-09
2.83073e-10
3.29967e-10
2.06306e-11
5.01573e-10
-1.55292e-12
2.73873e-11
7.86566e-11
-5.49206e-12
1.52246e-10
1.72146e-10
8.50669e-10
-2.65011e-09
1.90223e-09
2.75077e-09
1.27596e-09
-8.6586e-09
3.50968e-09
8.44128e-10
-1.22823e-09
-1.75344e-09
7.78691e-11
8.72939e-11
2.30942e-10
-2.6498e-10
-6.46296e-10
-4.84841e-11
-1.12856e-10
3.02989e-11
8.48495e-12
-4.10289e-10
-3.28721e-10
-6.81632e-10
-1.35645e-09
-5.4488e-09
5.34813e-09
-6.71289e-09
-6.42153e-09
-1.58653e-09
1.4036e-08
6.78266e-10
3.17578e-10
1.66152e-10
-1.10119e-09
9.13682e-11
7.3791e-10
-1.19749e-10
-1.03133e-10
-5.27217e-11
8.52498e-12
2.04071e-11
1.71633e-10
1.04587e-09
1.4114e-09
4.81413e-10
-4.80297e-09
-1.95856e-09
8.83921e-09
2.92047e-09
-8.6364e-09
2.39466e-09
-6.54127e-10
-2.33591e-09
9.81162e-10
9.79307e-10
9.39815e-10
-3.2061e-10
-2.34554e-10
2.73173e-11
-6.71594e-11
-4.1554e-11
-1.18321e-10
-4.04956e-11
3.06652e-10
4.1943e-09
3.6526e-09
-1.53304e-09
-4.60233e-09
5.42302e-09
-8.47973e-09
5.93561e-09
4.08251e-09
2.67814e-09
2.46462e-09
-1.85224e-09
-1.22394e-09
1.04872e-09
9.14023e-10
2.02632e-10
-3.44832e-10
-1.00901e-09
-2.91521e-09
5.26297e-09
3.07113e-09
-8.09535e-09
2.05731e-09
-4.1114e-08
-2.50751e-08
5.54597e-08
3.60553e-10
-2.70569e-09
2.20564e-09
-2.79013e-11
-6.50101e-10
-7.01099e-10
-2.341e-10
-7.06896e-11
2.33218e-10
-4.78797e-10
-3.8447e-09
3.87341e-09
3.30191e-09
1.04038e-09
4.31086e-08
2.9121e-09
-5.00244e-08
-2.45899e-09
-2.71925e-10
-3.72075e-10
7.55354e-13
-4.4802e-10
-5.51563e-10
-1.55606e-10
-6.15366e-10
-1.5308e-11
-4.92931e-09
2.98151e-09
1.0414e-08
4.82095e-10
-2.45091e-09
-3.86958e-09
-9.23068e-10
8.80275e-11
7.72262e-10
8.27078e-10
7.38166e-11
3.7384e-10
6.09651e-09
1.76985e-10
-3.58016e-09
-2.23342e-09
-1.29169e-09
4.91239e-09
4.91077e-10
4.93153e-10
-3.13497e-10
1.16292e-09
6.34467e-09
1.71354e-09
2.02987e-09
-2.75913e-11
1.9892e-11
-6.48744e-11
2.2881e-11
8.29059e-11
-9.5139e-11
-2.81158e-11
8.51283e-11
-2.19566e-11
-6.67375e-11
2.43169e-11
-2.37119e-13
-1.90479e-11
-3.66097e-12
-3.86969e-11
-1.77056e-11
-1.38842e-11
-2.82954e-11
2.3179e-11
1.28413e-11
-4.99577e-11
-1.33779e-11
1.39467e-12
2.21493e-11
3.48017e-11
4.69306e-11
4.98798e-11
2.2643e-11
4.66202e-11
1.36633e-10
1.96284e-11
2.95068e-10
-2.25414e-11
-1.94834e-11
-3.70543e-10
-1.79221e-10
-7.74157e-11
-1.08323e-10
-1.22571e-10
-5.40327e-11
-7.34772e-11
-1.45435e-10
-1.53854e-10
3.36823e-11
1.75098e-10
4.05509e-10
5.13779e-10
-2.09128e-11
3.6115e-09
2.90938e-09
3.74087e-09
3.20266e-09
1.33393e-09
1.17587e-10
2.70317e-09
5.66702e-09
-3.0143e-09
1.71013e-10
1.22681e-10
1.36114e-10
2.99624e-10
-3.84992e-10
1.54759e-10
-1.01461e-10
-5.84356e-11
-1.46488e-10
-3.94603e-09
4.33322e-10
3.50721e-11
-2.89847e-10
2.76998e-10
6.38701e-11
-2.63263e-10
-1.02801e-11
5.33554e-10
-1.372e-10
-3.67035e-11
1.85911e-11
3.37693e-10
-1.18094e-10
-1.60457e-10
8.7317e-11
1.32222e-10
-5.85857e-11
-6.98675e-11
-6.37106e-11
2.88627e-12
-4.15407e-11
-9.1182e-11
-1.51218e-11
-3.66471e-10
6.01912e-11
3.23517e-11
-3.40043e-11
4.69071e-12
4.28435e-11
3.92002e-10
1.74442e-10
-1.3447e-10
9.30464e-11
8.7964e-11
-4.27012e-11
5.56521e-11
-2.16474e-10
3.61569e-11
-4.23486e-11
-1.28946e-10
-2.89606e-11
-5.18044e-10
2.40826e-11
2.09217e-10
-7.17991e-11
3.14723e-11
4.482e-11
4.37551e-10
2.53608e-10
-2.43802e-10
1.90249e-10
5.295e-11
-1.59821e-12
1.83911e-10
-4.21624e-10
2.39404e-11
-1.19925e-10
-2.18151e-11
4.9299e-11
-3.11346e-10
4.78442e-11
-5.86024e-10
-4.70011e-11
-1.7775e-11
1.66355e-11
2.97608e-10
3.20946e-10
1.33714e-10
-5.29298e-11
3.21213e-11
3.33922e-12
1.88602e-10
-2.0299e-10
-1.92998e-10
5.09001e-11
-4.23357e-10
3.73068e-11
-1.07601e-11
-1.19674e-11
2.3485e-11
2.26937e-11
-6.20912e-11
2.25369e-10
7.26178e-10
-9.11768e-10
3.50928e-11
2.15491e-10
-1.07636e-09
-1.87821e-10
2.99593e-10
1.7904e-09
-9.81996e-10
1.41401e-09
5.93213e-11
-4.21963e-11
-1.19335e-09
-2.83059e-10
5.23923e-10
-8.81066e-11
1.94687e-12
3.64283e-11
3.03975e-11
5.69407e-11
-2.06109e-10
1.69474e-11
2.74672e-11
-9.09718e-11
4.7555e-11
2.94739e-11
-4.46433e-11
1.52966e-11
7.30633e-12
-5.04215e-12
1.1505e-12
-8.91734e-12
-6.17379e-12
1.78927e-11
-9.3962e-13
-2.26867e-11
2.75663e-12
-3.19136e-12
2.44665e-12
5.77653e-12
4.37237e-13
-6.20274e-12
5.74178e-13
-3.02472e-12
1.44443e-12
1.04615e-11
-1.39876e-12
-3.09516e-12
3.27711e-12
1.17834e-12
-5.25392e-13
6.6568e-11
-1.96556e-11
2.48891e-12
-1.27627e-12
-1.06571e-11
1.29589e-12
-2.80091e-11
7.62315e-12
-3.28194e-11
7.73128e-12
-4.6625e-11
1.29406e-11
2.09311e-11
5.49431e-12
3.27685e-11
-1.14727e-11
5.24998e-11
-1.54027e-11
-1.08555e-11
-6.79177e-13
4.69517e-12
-5.67905e-12
1.3067e-11
3.73807e-12
-4.20611e-11
-1.65367e-12
3.37881e-12
5.98159e-12
-3.31676e-13
-3.1825e-13
-5.45902e-12
4.20011e-13
-5.43329e-12
2.11868e-12
7.56951e-12
4.1853e-13
8.75832e-12
-6.6146e-13
-1.82466e-11
5.72483e-12
8.45447e-12
4.01471e-12
3.16423e-11
-9.02716e-12
-7.44394e-12
8.81013e-13
-2.06057e-11
4.47618e-12
-2.73174e-11
8.14304e-12
-7.76049e-11
1.87571e-11
-2.65664e-11
6.33787e-12
6.7168e-11
-2.64738e-11
5.4488e-11
-1.78417e-11
1.89952e-11
-2.87123e-12
1.20726e-13
-2.16302e-12
1.83974e-10
5.0024e-11
-8.57259e-11
-7.46576e-11
-2.63426e-10
6.94495e-11
4.09039e-11
1.05092e-10
-2.65531e-11
4.08754e-11
-1.85504e-11
1.9751e-10
-1.04484e-10
6.98367e-11
-3.00966e-11
-6.74944e-12
-2.29306e-12
5.48568e-12
1.55737e-11
4.38529e-12
-7.57988e-12
1.15405e-11
-7.89449e-12
-1.30689e-11
6.07679e-12
-6.40471e-12
3.48086e-12
-2.97998e-11
9.68129e-12
-8.23354e-12
-1.31665e-11
-5.56731e-12
2.00728e-11
-1.47592e-12
8.27232e-13
-3.90084e-12
9.53151e-13
-5.68749e-12
1.92255e-12
-2.20525e-12
1.80107e-12
-3.11822e-12
1.60732e-12
2.7289e-12
1.67374e-13
9.03304e-12
-2.61653e-10
5.86132e-11
-3.30417e-11
1.58538e-10
2.92626e-10
-2.08392e-11
-3.04005e-11
-2.81563e-11
1.14173e-10
3.42993e-11
-5.12528e-11
-7.83357e-12
-1.25067e-10
-2.19844e-11
-3.64885e-11
5.65717e-11
7.23368e-11
-1.34198e-11
-2.21665e-11
1.3543e-12
-1.66494e-11
-1.1009e-11
1.33642e-11
-3.25744e-11
-4.36421e-11
-4.79e-11
-1.11624e-11
-9.21527e-12
-5.37405e-11
-3.825e-11
-3.95022e-11
-8.61141e-12
-5.66402e-12
-3.07832e-11
1.64686e-11
-1.61145e-11
5.77333e-12
-1.72968e-10
8.65555e-11
-8.82011e-12
6.20071e-11
-1.03808e-11
8.33556e-12
-4.09459e-11
2.91012e-11
8.56071e-12
1.53178e-11
5.54136e-11
-1.88214e-12
3.53682e-11
1.36522e-11
-1.10905e-11
1.39784e-11
-4.85549e-11
5.46106e-12
-2.1256e-11
-4.59281e-11
6.84585e-12
-4.38908e-11
3.51539e-11
1.17057e-10
9.92963e-11
1.28997e-11
-4.22357e-11
-2.31975e-10
-4.65017e-11
4.65362e-11
3.01508e-11
3.88885e-11
-1.32182e-11
1.63467e-11
2.4306e-11
3.50678e-10
5.63379e-11
2.57003e-11
-1.31152e-11
-2.04048e-10
-2.37686e-11
3.96461e-11
-1.84077e-11
-1.11173e-11
-7.43311e-12
1.56653e-11
5.20149e-11
-4.25507e-12
5.45951e-11
6.61974e-11
-9.85611e-12
-8.75593e-12
-2.06929e-11
1.73887e-11
3.40462e-11
-2.40636e-11
-7.60885e-12
-1.29802e-11
3.22251e-11
3.37407e-12
1.98178e-11
-7.46516e-11
3.93068e-11
2.99351e-11
-2.33721e-11
-1.59459e-12
-3.84098e-12
-1.85351e-11
4.62503e-12
-2.86124e-11
5.40215e-11
4.10254e-11
-8.16019e-14
-9.7369e-11
-5.47857e-11
6.37243e-11
1.1816e-11
-6.41167e-12
1.98027e-11
-7.51728e-12
1.13036e-11
-2.07498e-12
4.10037e-12
3.79303e-13
-3.32537e-12
1.32139e-12
2.38727e-11
-1.72084e-11
1.79394e-11
-7.82348e-12
1.2528e-11
-4.20145e-12
5.01615e-12
-3.43781e-13
8.47631e-13
7.52571e-13
7.88855e-11
-1.09586e-11
5.82005e-12
-6.64596e-13
-1.05062e-11
6.80549e-12
7.6496e-12
-3.14607e-12
1.00689e-11
-2.14714e-12
-4.94589e-12
2.55298e-12
-1.60013e-11
3.52231e-12
-1.29977e-11
3.84404e-12
-6.91001e-12
5.82874e-12
9.88105e-12
-3.47688e-12
1.23369e-11
-3.28263e-12
9.73969e-12
-2.71399e-12
-2.42117e-16
7.38178e-13
-9.9142e-12
2.99927e-12
-1.52607e-11
3.62587e-12
-1.60043e-11
4.36363e-12
-4.34314e-11
-1.34284e-11
)
;

boundaryField
{
    inlet
    {
        type            zeroGradient;
    }
    outlet
    {
        type            zeroGradient;
    }
    wall
    {
        type            zeroGradient;
    }
    empty_zmin
    {
        type            empty;
    }
    empty_zmax
    {
        type            empty;
    }
    procBoundary1to0
    {
        type            processor;
        value           nonuniform List<scalar> 
39
(
-2.55759e-10
1.89917e-10
-2.02466e-11
-9.3279e-11
-1.02125e-11
-1.14064e-11
6.73892e-11
-6.57381e-12
1.23443e-10
-4.00773e-11
-1.64188e-11
-1.64983e-11
-2.66002e-12
1.19652e-09
3.99126e-10
5.98821e-10
-1.17873e-09
-2.04261e-09
7.11996e-10
1.42159e-11
2.3422e-10
-6.53708e-10
-1.83804e-09
1.68861e-09
-1.07708e-10
1.51622e-10
-7.6663e-10
4.52806e-10
1.08375e-10
-2.40109e-09
-1.03495e-09
1.18909e-10
-1.5998e-10
2.75852e-10
-5.48507e-10
-3.61497e-11
-6.53708e-10
8.49738e-13
6.2728e-12
)
;
    }
}


// ************************************************************************* //
