/*--------------------------------*- C++ -*----------------------------------*\
| =========                 |                                                 |
| \\      /  F ield         | OpenFOAM: The Open Source CFD Toolbox           |
|  \\    /   O peration     | Version:  2406                                  |
|   \\  /    A nd           | Website:  www.openfoam.com                      |
|    \\/     M anipulation  |                                                 |
\*---------------------------------------------------------------------------*/
FoamFile
{
    version     2.0;
    format      ascii;
    arch        "LSB;label=32;scalar=64";
    class       volScalarField;
    location    "4.38";
    object      Co;
}
// * * * * * * * * * * * * * * * * * * * * * * * * * * * * * * * * * * * * * //

dimensions      [0 0 0 0 0 0 0];

internalField   nonuniform List<scalar> 
2285
(
0.0616749
0.0602827
0.060773
0.0595632
0.0562603
0.0562244
0.0591448
0.0578102
0.0568396
0.0562339
0.055742
0.055439
0.110094
0.0888379
0.0889695
0.107669
0.107991
0.110543
0.0585042
0.0574166
0.0567746
0.0561969
0.0557055
0.0555329
0.110556
0.0890861
0.0570762
0.0564185
0.0559273
0.0556698
0.110897
0.0892028
0.0562905
0.0558082
0.0555576
0.0556503
0.111339
0.0891136
0.0561183
0.0558697
0.0557725
0.0559174
0.112009
0.0887745
0.0560184
0.0557135
0.0557302
0.0559653
0.112118
0.0880008
0.0560291
0.0558025
0.0557862
0.0559785
0.111898
0.0869438
0.0559073
0.0558029
0.0559251
0.111749
0.0857977
0.0558371
0.055715
0.055813
0.111494
0.0845347
0.0556279
0.111111
0.0831613
0.0554001
0.110663
0.0817684
0.0551007
0.110091
0.0804041
0.0891852
0.0892226
0.0890359
0.088447
0.0874678
0.0864223
0.0851801
0.0838565
0.0824745
0.0810777
0.0797515
0.108155
0.108465
0.110916
0.108586
0.108866
0.111096
0.109041
0.109294
0.111674
0.109418
0.109468
0.112199
0.109406
0.109322
0.11234
0.10902
0.109076
0.112381
0.108625
0.108582
0.112112
0.108124
0.108017
0.111858
0.107446
0.10731
0.111406
0.106729
0.106522
0.110851
0.105944
0.10572
0.110214
0.0400147
0.0154502
0.0398218
0.0152687
0.039601
0.0150735
0.0389647
0.0145489
0.0378449
0.0137898
0.0364265
0.0129078
0.0346397
0.0118568
0.0327691
0.0108604
0.0310319
0.00995882
0.0293569
0.00912991
0.0277897
0.00839311
0.0264694
0.00779941
0.0253748
0.00734161
0.039376
0.014849
0.0384848
0.0142011
0.0372168
0.013382
0.0355838
0.0123972
0.0336657
0.0113254
0.0319646
0.0104302
0.0301735
0.00953149
0.0285494
0.00874102
0.0271205
0.00808807
0.0258875
0.00755063
0.0249186
0.00716064
0.0574432
0.0573311
0.052914
0.0501348
0.0494969
0.0563389
0.0575478
0.0587254
0.0558951
0.0507013
0.0470873
0.0471093
0.0455838
0.0429963
0.0418575
0.04358
0.0477127
0.0494363
0.0506154
0.0512571
0.0517213
0.0520696
0.0562635
0.0574334
0.0589445
0.0582024
0.0555117
0.0504698
0.0455468
0.0424359
0.0412304
0.0418955
0.044617
0.0494151
0.0514707
0.0523775
0.0526753
0.0527314
0.0527481
0.0965638
0.10337
0.051529
0.0971071
0.104316
0.0527901
0.0981159
0.105726
0.054453
0.0552788
0.0556008
0.0537683
0.0485792
0.0992762
0.107279
0.0554581
0.0565877
0.0576359
0.0559987
0.050628
0.0487976
0.0997407
0.109088
0.0551942
0.0560839
0.0574624
0.056966
0.0526802
0.0520714
0.0994312
0.110822
0.0552924
0.0557132
0.0563631
0.0562188
0.0527884
0.0518594
0.0981631
0.111167
0.0555907
0.0562591
0.0683483
0.0682702
0.0681914
0.0679687
0.067538
0.0669011
0.0660313
0.064989
0.0638692
0.0627775
0.0617623
0.0608892
0.0602362
0.0598194
0.102679
0.102943
0.0967788
0.103195
0.103565
0.103784
0.103303
0.103727
0.0974851
0.104438
0.105305
0.104955
0.104479
0.105362
0.0987532
0.106535
0.10761
0.1065
0.106298
0.107316
0.0996176
0.108557
0.109459
0.108175
0.108261
0.108913
0.0996905
0.109659
0.10983
0.109933
0.109229
0.109279
0.0989126
0.110657
0.111173
0.111181
0.109106
0.108736
0.0973102
0.111258
0.111371
0.111073
0.0231794
0.00749516
0.0234173
0.0078842
0.0232313
0.00808058
0.0229784
0.00805023
0.0223136
0.00770404
0.0214597
0.00714516
0.0207149
0.00662971
0.0233355
0.00769602
0.0233688
0.0080217
0.0231345
0.00808058
0.0226944
0.00791784
0.0218953
0.00743993
0.0210351
0.00685638
0.0205199
0.00648674
0.0965064
0.110733
0.0556471
0.0523318
0.0526081
0.104254
0.0651832
0.0952707
0.109856
0.0555394
0.0527632
0.0528862
0.104624
0.0645463
0.0939341
0.108669
0.0552388
0.0560499
0.0571086
0.0586546
0.0588131
0.057652
0.0554062
0.0511362
0.0459086
0.0435594
0.0440031
0.0464584
0.0516277
0.0540587
0.0545033
0.0541798
0.0537407
0.0534004
0.0532001
0.0532144
0.10517
0.0636519
0.0926597
0.107135
0.0545552
0.0555748
0.0565638
0.0580642
0.0588273
0.0584085
0.0573302
0.0549032
0.0498256
0.0461285
0.0457332
0.0477265
0.0529568
0.0556759
0.05563
0.054793
0.0540888
0.0535949
0.0533838
0.0534484
0.10569
0.0626874
0.091644
0.105654
0.0534346
0.054397
0.0553074
0.0566913
0.0579367
0.0582646
0.0577426
0.0564348
0.0530038
0.0496003
0.0484985
0.0494894
0.053975
0.0560209
0.0554167
0.05445
0.0538079
0.0533866
0.0534316
0.0536532
0.106043
0.0618181
0.0909954
0.104095
0.0521501
0.0525736
0.0530697
0.0541092
0.0558096
0.0569637
0.0572365
0.0565768
0.0538923
0.0510624
0.0501616
0.0507051
0.0541396
0.0552027
0.054603
0.0540858
0.0538286
0.0536004
0.0536652
0.0537683
0.106148
0.0611409
0.0908396
0.10223
0.0509523
0.0507756
0.0504778
0.0506497
0.0522428
0.0538736
0.0548772
0.0550529
0.0527591
0.0503311
0.0498329
0.0507627
0.0541872
0.055617
0.0551499
0.0543852
0.0539363
0.0536521
0.0536955
0.0537677
0.106028
0.060667
0.0911595
0.101079
0.0500607
0.0493915
0.0483675
0.0473616
0.0480164
0.0492071
0.0504591
0.0515179
0.0497879
0.0484494
0.0487102
0.0518505
0.0558855
0.0561371
0.0552237
0.0543971
0.0539592
0.0537
0.0537173
0.0537454
0.105716
0.0603941
0.0919806
0.101127
0.0503531
0.0494525
0.0478504
0.0453646
0.044389
0.044678
0.0455518
0.0469307
0.0462464
0.0472893
0.0508481
0.055006
0.0568889
0.0563133
0.0553466
0.0545378
0.0540769
0.0538151
0.053749
0.0537148
0.105376
0.0602607
0.0927755
0.102514
0.051289
0.0502038
0.0485908
0.0462808
0.0448829
0.0444295
0.0447491
0.0455031
0.0470558
0.0514855
0.0546335
0.0566435
0.0572091
0.0563947
0.0554226
0.0547224
0.0542027
0.0539013
0.0537307
0.0535933
0.104983
0.0601336
0.0940699
0.104343
0.0528727
0.0519231
0.0503458
0.0478155
0.0462251
0.045964
0.0467796
0.048746
0.0517312
0.0550966
0.0563495
0.0572569
0.0571071
0.0562052
0.0553039
0.0546188
0.0540644
0.0537388
0.0535422
0.0533292
0.104478
0.0599589
0.095506
0.106392
0.0546942
0.0538822
0.0519202
0.0492766
0.0483246
0.0490733
0.0507688
0.0530042
0.0548457
0.0561827
0.0565338
0.0567827
0.0561273
0.0552099
0.0544693
0.0538375
0.0533942
0.0531646
0.0530946
0.0529831
0.103947
0.0597294
0.0964442
0.108345
0.0558601
0.0553052
0.0532321
0.0511365
0.0512286
0.0524725
0.0539074
0.0552085
0.0558402
0.0560243
0.0556122
0.0552082
0.0543843
0.0535681
0.0529908
0.052541
0.0523041
0.052325
0.052488
0.0526113
0.103381
0.0593844
0.0967815
0.109503
0.0556044
0.0554106
0.053825
0.0523793
0.0527846
0.0538174
0.0548639
0.0556958
0.0554961
0.0546307
0.0536845
0.0529034
0.0522432
0.0514863
0.0510534
0.0510102
0.0511163
0.0515271
0.0519639
0.0523348
0.102956
0.0589294
0.096623
0.110335
0.0548504
0.0546175
0.0534067
0.0521415
0.0522303
0.0528949
0.0538061
0.0546016
0.0535611
0.0522099
0.0513797
0.0504063
0.0500061
0.049293
0.0492347
0.049826
0.0503603
0.051089
0.0517085
0.0522167
0.102911
0.0584946
0.0954329
0.111127
0.0555087
0.0554637
0.0535812
0.0514238
0.0509089
0.0508512
0.0514099
0.0519895
0.0504325
0.0492408
0.0483956
0.0472262
0.0470797
0.0474879
0.0487015
0.0496731
0.0501195
0.0507736
0.0514521
0.0520491
0.102901
0.0580853
0.0937368
0.111292
0.0556213
0.0559581
0.0554846
0.053025
0.0503475
0.0492126
0.0497598
0.0497474
0.0474638
0.0460005
0.0445584
0.0436877
0.0452966
0.048098
0.0496526
0.0504331
0.0507724
0.0509982
0.0513728
0.0519123
0.102942
0.0578009
0.0912573
0.110191
0.0553579
0.0557317
0.0558967
0.0550702
0.0531912
0.0503122
0.0480861
0.0471068
0.0459734
0.0449163
0.0438222
0.0442708
0.0461114
0.0495443
0.0516304
0.0520702
0.0519724
0.0515978
0.0512817
0.0515667
0.102411
0.0573859
0.0875574
0.107697
0.0550008
0.0559009
0.0562981
0.0560631
0.055137
0.0539018
0.0519569
0.0497597
0.048178
0.0469088
0.0457836
0.0461319
0.0475594
0.0508486
0.0530293
0.0533965
0.0530105
0.0522454
0.0514097
0.0512003
0.101191
0.0559612
0.0838226
0.105915
0.109171
0.111031
0.112196
0.112945
0.111605
0.109608
0.107486
0.103693
0.0994983
0.0960019
0.0929733
0.0931693
0.095637
0.102476
0.107749
0.108858
0.108335
0.107008
0.105925
0.104993
0.101281
0.0535514
0.0985972
0.115939
0.118543
0.120042
0.121043
0.12188
0.122072
0.121204
0.119728
0.117773
0.115236
0.11085
0.106234
0.104805
0.106632
0.113529
0.119419
0.120752
0.119808
0.118714
0.118077
0.117534
0.115292
0.0626702
0.0596887
0.0598661
0.0648919
0.0601616
0.0605027
0.0641232
0.0608317
0.0611206
0.0631637
0.0613459
0.0614753
0.0622328
0.0615208
0.0615215
0.0614515
0.0615043
0.0614744
0.0608788
0.0613763
0.0611767
0.0605042
0.0609098
0.0605168
0.0603196
0.0599571
0.0593275
0.060203
0.0587736
0.0583468
0.0600515
0.0581141
0.0581263
0.0598549
0.0581962
0.0582593
0.0595734
0.0582649
0.0582528
0.0591566
0.058227
0.0581257
0.0587041
0.0579526
0.0577571
0.0582749
0.0575741
0.0573766
0.0579234
0.0571454
0.0568204
0.0576498
0.0563335
0.0554773
0.0568751
0.0542513
0.052643
0.0546496
0.0515955
0.0533167
0.0553996
0.0609555
0.110337
0.118001
0.119231
0.120779
0.121656
0.122165
0.121964
0.120793
0.119712
0.117146
0.114332
0.109188
0.104903
0.104952
0.1078
0.115118
0.119824
0.119995
0.119202
0.118266
0.117655
0.117362
0.105677
0.108159
0.107517
0.0958935
0.111162
0.110967
0.110377
0.0968573
0.0969352
0.104421
0.10682
0.106133
0.0946138
0.110553
0.110183
0.10933
0.0970537
0.0971442
0.104901
0.105418
0.104693
0.093275
0.109725
0.109167
0.107929
0.0971968
0.0971999
0.105447
0.103956
0.103245
0.0921124
0.108476
0.107685
0.106385
0.0971681
0.0970911
0.105891
0.102505
0.101743
0.0912759
0.106759
0.105898
0.104937
0.0969648
0.0967976
0.106128
0.100953
0.10029
0.0908578
0.104837
0.103934
0.10317
0.0965837
0.0963377
0.106142
0.0998128
0.0995478
0.090922
0.102743
0.101876
0.101496
0.0960434
0.0957734
0.105907
0.0994697
0.099571
0.0915691
0.101071
0.100823
0.100983
0.0954963
0.0952566
0.105548
0.0997847
0.100271
0.092306
0.101116
0.101592
0.101736
0.0949981
0.0947363
0.105187
0.101021
0.101948
0.0934083
0.102568
0.103225
0.103369
0.0944417
0.0941544
0.104706
0.102858
0.103739
0.0948122
0.104697
0.105734
0.105316
0.0938939
0.093668
0.10417
0.104586
0.105473
0.0960681
0.107468
0.108592
0.107396
0.093486
0.0932994
0.103625
0.106327
0.107046
0.0966587
0.109938
0.110619
0.109077
0.0931463
0.0929964
0.103064
0.10754
0.107956
0.0968554
0.110952
0.110422
0.109621
0.0929332
0.0929026
0.10278
0.108558
0.108673
0.0960886
0.11041
0.110935
0.11088
0.092944
0.0928906
0.102613
0.108615
0.108333
0.0946387
0.111596
0.111378
0.111205
0.0929615
0.0929698
0.102485
0.107927
0.107022
0.0925455
0.111796
0.111273
0.110873
0.0930066
0.0928697
0.102154
0.106002
0.104396
0.0894869
0.111082
0.110065
0.109056
0.092624
0.0919686
0.101361
0.102702
0.100774
0.0852386
0.109469
0.108479
0.106418
0.0910179
0.0897654
0.10031
0.0997714
0.100086
0.0840896
0.108313
0.108111
0.105995
0.110231
0.109762
0.10881
0.111824
0.111427
0.110599
0.112784
0.112524
0.111782
0.112479
0.112974
0.11299
0.110979
0.112126
0.112555
0.109665
0.110768
0.111134
0.107269
0.109471
0.109267
0.102217
0.105824
0.107195
0.0990096
0.102016
0.102983
0.0952024
0.0978475
0.0989383
0.0927358
0.0945175
0.0954461
0.0936432
0.095289
0.0948798
0.0966683
0.0982205
0.0970831
0.103707
0.105257
0.103781
0.107905
0.109636
0.109304
0.108162
0.109773
0.110547
0.10733
0.108705
0.109594
0.106384
0.107508
0.10814
0.105061
0.106072
0.107023
0.104547
0.105701
0.10581
0.0891154
0.0900788
0.103133
0.0227499
0.00761624
0.0226342
0.00762681
0.0223974
0.00755286
0.0220774
0.00741158
0.0217689
0.00725475
0.0215235
0.00711918
0.0213631
0.00702729
0.0213336
0.00701348
0.0213897
0.00705675
0.0214223
0.00710357
0.021443
0.00715993
0.0214149
0.00720955
0.0213587
0.00721933
0.021248
0.00720574
0.0211512
0.00718267
0.0210355
0.00713784
0.0210737
0.00717407
0.0211046
0.00724127
0.0208226
0.00721545
0.0204846
0.00728036
0.0217009
0.00731851
0.0226966
0.00762681
0.022534
0.00760357
0.0222368
0.0074856
0.0219193
0.00733313
0.0216347
0.00718248
0.021432
0.00706658
0.0213134
0.00700452
0.0213676
0.00703452
0.0214108
0.00708068
0.0214372
0.0071307
0.0214466
0.00719165
0.0213912
0.00721933
0.0212989
0.00721273
0.0211901
0.00719492
0.0210918
0.00715951
0.0210247
0.00714172
0.0211
0.0072081
0.0209619
0.00722615
0.0205631
0.00719182
0.0219106
0.00763848
0.020623
0.00644825
0.02112
0.00661363
0.0216571
0.00689159
0.0220356
0.00716169
0.0221777
0.00733162
0.0222948
0.00748312
0.0223294
0.00766848
0.0221716
0.00772536
0.0219099
0.00763353
0.0213938
0.00734835
0.0211389
0.00721238
0.0213169
0.0073283
0.0213872
0.00743047
0.0213696
0.00743392
0.0212262
0.00735363
0.0210933
0.00730985
0.0209562
0.00728634
0.0207172
0.00717762
0.0198861
0.00674251
0.0194084
0.00652279
0.0208117
0.00662775
0.020858
0.00651196
0.0213982
0.00674588
0.0218743
0.00703456
0.0221291
0.00725998
0.0222253
0.00739808
0.02234
0.00757977
0.0222407
0.00772536
0.0220941
0.00772321
0.0216358
0.00748629
0.0211845
0.00723728
0.0212309
0.00726557
0.021382
0.00739168
0.0213485
0.00743392
0.0213188
0.00740057
0.0211406
0.00732073
0.0210225
0.00729716
0.0208589
0.00725522
0.0203878
0.00699883
0.0193104
0.00645088
0.0206779
0.00684364
0.0586975
0.0598413
0.0619357
0.0643115
0.0671726
0.136948
0.0861807
0.0136613
0.00990227
0.0890669
0.0651518
0.0633185
0.0949654
0.01423
0.0235354
0.0250921
0.114042
0.111457
0.114703
0.114542
0.131655
0.129006
0.140478
0.00686433
0.0120121
0.0751908
0.00861346
0.010594
0.0103337
0.129136
0.125555
0.0786141
0.0531652
0.0530809
0.054785
0.0531916
0.0527621
0.0521757
0.0519871
0.0519285
0.0519823
0.052223
0.0525569
0.0545058
0.0542776
0.0526884
0.0508126
0.0495343
0.0499174
0.0497147
0.0502072
0.0506767
0.0511993
0.0517291
0.0506104
0.050119
0.0481011
0.046451
0.0460619
0.0474679
0.0484174
0.0498663
0.0505939
0.0511757
0.0516699
0.111566
0.114628
0.0581761
0.0587414
0.0601255
0.0628814
0.0663171
0.0632507
0.0694171
0.028848
0.0120725
0.0459118
0.0634211
0.062644
0.112417
0.114366
0.0575329
0.05784
0.0598231
0.0620852
0.0628856
0.0594079
0.0224456
0.0152246
0.00778002
0.0430338
0.0623211
0.0628734
0.0617917
0.0602135
0.058604
0.0576814
0.112856
0.115078
0.057542
0.058172
0.0580365
0.0589597
0.0614447
0.0597607
0.0260307
0.0153338
0.00701168
0.0395382
0.0607503
0.0615205
0.0606485
0.0598714
0.0583518
0.0568297
0.112895
0.114718
0.0575202
0.0576083
0.0577195
0.0589652
0.0609085
0.0598921
0.0276512
0.0175982
0.00640238
0.0386666
0.0593483
0.0599212
0.0585919
0.0570489
0.0565372
0.0565309
0.112614
0.114708
0.0572687
0.0574647
0.0578873
0.0589462
0.0598637
0.0586993
0.0268907
0.0180066
0.00925874
0.0403848
0.058976
0.0602474
0.0591228
0.0575768
0.0567291
0.056472
0.112133
0.114695
0.0571864
0.057425
0.0577438
0.0584204
0.0587434
0.0565062
0.0234031
0.0156509
0.0148197
0.0454974
0.0626392
0.0627441
0.060171
0.0583695
0.0572844
0.0565355
0.11145
0.114379
0.0568408
0.0568163
0.0568283
0.0565987
0.0564267
0.0525818
0.0174042
0.00821996
0.0211011
0.0537669
0.0658827
0.0640392
0.0609094
0.0592358
0.0580317
0.0569543
0.110716
0.113976
0.0565271
0.0562059
0.0559258
0.0546878
0.0542306
0.0483839
0.0119849
0.00562992
0.0309665
0.0601105
0.0666119
0.064904
0.0616452
0.0593487
0.0578739
0.0568258
0.109965
0.113701
0.0564503
0.0560755
0.0557186
0.0547421
0.0544052
0.045332
0.0132394
0.0140511
0.0399164
0.0615928
0.0650275
0.0634669
0.060865
0.0591293
0.0575346
0.0564098
0.0558874
0.109166
0.113525
0.0564046
0.056171
0.0559722
0.0560289
0.0564796
0.0471635
0.0215018
0.023351
0.0449529
0.0612829
0.063224
0.0620312
0.0596366
0.0585234
0.057258
0.0564173
0.0556406
0.108382
0.113583
0.0566811
0.056859
0.0570747
0.0572843
0.0576946
0.0497613
0.0294766
0.0291234
0.0451783
0.0593276
0.0606469
0.059236
0.0573841
0.0568917
0.0560058
0.0557434
0.055313
0.10746
0.113568
0.0569566
0.0572576
0.0579463
0.0590706
0.0587229
0.0513684
0.0348934
0.0318993
0.0418641
0.0550235
0.0553742
0.053628
0.0538038
0.0537757
0.0539922
0.0542708
0.0543747
0.106289
0.113521
0.0570199
0.0575466
0.0583321
0.0599576
0.0614596
0.0553539
0.0391785
0.0316343
0.0363365
0.0487671
0.0487844
0.047758
0.0507586
0.0513243
0.0526042
0.0531498
0.0536282
0.104815
0.11293
0.0567569
0.0574552
0.0584684
0.0601193
0.0621407
0.0598924
0.0453286
0.0302117
0.0307269
0.0408468
0.0442165
0.0461634
0.0497836
0.0506445
0.0521507
0.0527532
0.0533894
0.103085
0.111994
0.0562472
0.0566993
0.0577784
0.0591604
0.0614472
0.0611636
0.0537752
0.0362965
0.0269322
0.0355397
0.0459648
0.0496032
0.0518185
0.05202
0.0525705
0.0526783
0.0531696
0.0536155
0.101297
0.11067
0.0557136
0.05613
0.0571331
0.058097
0.0598079
0.0604338
0.0573669
0.0446965
0.0344879
0.0377905
0.0490336
0.0548939
0.0556758
0.0547343
0.0541814
0.0536204
0.0535217
0.0536549
0.0995166
0.109076
0.0549606
0.0556342
0.0564414
0.057538
0.0583718
0.05882
0.0577791
0.0479621
0.0400736
0.0412832
0.050873
0.058145
0.0580196
0.0561727
0.0548566
0.0539104
0.0538106
0.053976
0.0978278
0.107128
0.0536523
0.0542623
0.0547534
0.0560624
0.0566188
0.0565864
0.055742
0.0476785
0.0431125
0.0446047
0.0523871
0.0585286
0.0572687
0.0554183
0.0547186
0.0544619
0.0543252
0.0542013
0.0967358
0.105205
0.0521583
0.0521235
0.0521104
0.0528298
0.0538448
0.0540064
0.0520026
0.0456053
0.0432786
0.0453772
0.0521271
0.0578076
0.0576205
0.0565131
0.0556046
0.0548405
0.0544847
0.0543033
0.0962861
0.103409
0.0510236
0.0502318
0.0495007
0.0488993
0.0501591
0.0506859
0.0473388
0.0428307
0.0420833
0.0454647
0.0542089
0.0604458
0.0585802
0.0569101
0.0557459
0.0549759
0.054604
0.0543923
0.096302
0.103003
0.0509669
0.0499638
0.0487386
0.0463822
0.0462718
0.0461615
0.0425261
0.0401371
0.0413929
0.0498215
0.0590783
0.0611555
0.0585166
0.0568741
0.0555893
0.0548741
0.0544823
0.054252
0.0507595
0.0497565
0.0474756
0.0446721
0.0410866
0.0374715
0.0386827
0.0473849
0.0566702
0.0609175
0.0608075
0.0581493
0.0567043
0.0554895
0.0548762
0.0544078
0.054126
0.0527094
0.0521611
0.050163
0.046361
0.0410403
0.0389329
0.0462235
0.0549987
0.0595719
0.0611937
0.060132
0.057921
0.0567226
0.0556042
0.0550065
0.0544169
0.0540806
0.0444053
0.0455342
0.0533152
0.0583125
0.0604233
0.0604935
0.0591193
0.0573674
0.0562506
0.0552673
0.0546866
0.0540872
0.0537934
0.0509268
0.0563192
0.0585914
0.0590999
0.0582456
0.0567725
0.0555173
0.0545995
0.0539535
0.0535386
0.0535518
0.056732
0.0573011
0.0563765
0.0952011
0.0955234
0.0956402
0.095534
0.0953426
0.0949981
0.0944733
0.0938333
0.0931397
0.0923674
0.0915333
0.0906414
0.0897056
0.088763
0.0878059
0.0868083
0.0857966
0.0847625
0.0837195
0.0826535
0.0815429
0.0803717
0.0791449
0.0778868
0.0765925
0.0752908
0.0740704
0.072892
0.071774
0.0707421
0.0698105
0.069009
0.0683604
0.0678535
0.0674949
0.0674406
0.0675407
0.0677091
0.0679364
0.0681577
0.0683143
0.0683693
0.113971
0.113968
0.111928
0.115633
0.11452
0.114304
0.013811
0.0248442
0.0708346
0.0304475
0.0379864
0.0406746
0.0060085
0.00745436
0.02024
0.114321
0.114906
0.112734
0.114808
0.114962
0.114913
0.115058
0.115155
0.112966
0.114847
0.114908
0.115024
0.11512
0.115204
0.112786
0.114579
0.115178
0.115233
0.115126
0.115121
0.112396
0.114136
0.115129
0.115193
0.114956
0.114846
0.111838
0.113982
0.115057
0.115118
0.114528
0.114335
0.111075
0.113665
0.11442
0.114552
0.11412
0.113963
0.110344
0.113242
0.114022
0.114196
0.113776
0.113648
0.109567
0.113111
0.113736
0.113869
0.113507
0.113398
0.108777
0.11295
0.113568
0.113754
0.11328
0.113171
0.107953
0.113194
0.113737
0.11378
0.113005
0.112812
0.106914
0.113481
0.114074
0.113707
0.112632
0.112381
0.105625
0.11369
0.113835
0.113453
0.111874
0.111323
0.103962
0.11315
0.112987
0.112605
0.11067
0.109959
0.102203
0.112162
0.111882
0.111513
0.109128
0.108339
0.100398
0.111003
0.110508
0.109949
0.107527
0.106636
0.0986614
0.109646
0.108905
0.108219
0.105614
0.104678
0.0972174
0.107581
0.106573
0.106171
0.103829
0.103071
0.0963592
0.105131
0.104399
0.10438
0.102549
0.102407
0.0962694
0.10323
0.102636
0.10287
0.102464
0.102525
0.0963879
0.102744
0.102797
0.103119
0.0491148
0.0200076
0.0488818
0.0195886
0.0476153
0.0182378
0.0448412
0.0163101
0.0415341
0.0143172
0.0376873
0.0122453
0.0339374
0.0103635
0.0303988
0.00867242
0.0271346
0.00717513
0.0244075
0.00603009
0.0222771
0.005225
0.0206389
0.00465709
0.0193707
0.00426409
0.0185825
0.00410038
0.0183898
0.00420147
0.0186817
0.00445901
0.0190928
0.00474279
0.0196577
0.00508506
0.0202729
0.00542261
0.0212297
0.00594244
0.0220621
0.00650456
0.02279
0.00706294
0.0485091
0.0190246
0.0462484
0.0172715
0.0433275
0.0153552
0.0395881
0.0132494
0.0358024
0.0112841
0.0321483
0.0095012
0.0287083
0.0078869
0.0256834
0.00655088
0.0232782
0.00559249
0.0214123
0.00492134
0.0199535
0.00443417
0.0189235
0.0041586
0.0183482
0.00410603
0.0185278
0.00432937
0.0188719
0.00459673
0.0193689
0.00490876
0.0199323
0.00524755
0.0207291
0.00565577
0.0216619
0.00622767
0.0224631
0.00679104
0.0230145
0.00729472
0.0555847
0.0555171
0.0553081
0.0552682
0.0550438
0.0549527
0.0545995
0.0546842
0.0548079
0.109514
0.0791092
0.054036
0.0543
0.0546085
0.109014
0.0779364
0.0537705
0.0540939
0.0544472
0.108706
0.0768885
0.0785088
0.0773987
0.0763791
0.105174
0.104946
0.109596
0.104468
0.104338
0.109204
0.103967
0.103819
0.108828
0.0244934
0.00700769
0.0238679
0.00682439
0.0234173
0.00674082
0.0241581
0.00690196
0.0236271
0.00677287
0.0232478
0.00672448
0.0539279
0.0538635
0.106608
0.0671686
0.0536532
0.0535302
0.105972
0.0666072
0.0530994
0.0530841
0.105233
0.0662354
0.052488
0.0526852
0.104534
0.0660648
0.0521757
0.0525137
0.104156
0.0659205
0.052113
0.0525049
0.10413
0.0656583
0.0668624
0.0663978
0.0661353
0.0659987
0.0658153
0.0654387
0.0989231
0.0985696
0.106358
0.0981981
0.0978704
0.105677
0.0975185
0.0972472
0.104945
0.0970158
0.0968752
0.104352
0.0967902
0.0967733
0.104149
0.0967886
0.0968127
0.104196
0.0540188
0.0543666
0.108468
0.0758707
0.0540405
0.0543676
0.108409
0.0748313
0.0542037
0.0544354
0.108413
0.0737144
0.0542971
0.0544645
0.108331
0.0725134
0.0543498
0.0544643
0.108214
0.071278
0.0543642
0.0544137
0.108008
0.0700601
0.0542011
0.0542584
0.107627
0.0689159
0.0540376
0.0540735
0.107127
0.0679322
0.0753581
0.074283
0.0731225
0.0718987
0.0706659
0.0694845
0.0684099
0.0675347
0.103507
0.103399
0.108635
0.103142
0.103017
0.108587
0.102748
0.102592
0.108552
0.102288
0.102116
0.10846
0.101768
0.101538
0.108276
0.101147
0.100871
0.10799
0.100426
0.100117
0.107527
0.0996621
0.0993423
0.106976
0.0222147
0.00692161
0.0223419
0.00700664
0.022518
0.00712299
0.0227074
0.00728414
0.0228236
0.00743764
0.0228218
0.00754928
0.0222842
0.00696422
0.0224159
0.00705538
0.0226264
0.00720422
0.022778
0.00736346
0.022845
0.00750313
0.0227881
0.00758749
0.0230887
0.00671162
0.0228245
0.00671185
0.0226335
0.00674774
0.0224868
0.00678564
0.0223612
0.00681199
0.0222557
0.00683221
0.0221733
0.00684196
0.0221546
0.00686784
0.0229458
0.00670385
0.0227223
0.00672781
0.0225577
0.00676691
0.0224242
0.00679877
0.0223069
0.00682112
0.0222153
0.00683364
0.0221479
0.00684869
0.0221875
0.00689624
)
;

boundaryField
{
    inlet
    {
        type            zeroGradient;
    }
    outlet
    {
        type            zeroGradient;
    }
    wall
    {
        type            zeroGradient;
    }
    empty_zmin
    {
        type            empty;
    }
    empty_zmax
    {
        type            empty;
    }
    procBoundary1to0
    {
        type            processor;
        value           nonuniform List<scalar> 
39
(
0.0612305
0.0595782
0.0583642
0.0570798
0.0560277
0.0555154
0.0551702
0.0550507
0.109996
0.088661
0.107505
0.0401116
0.0155941
0.0583466
0.0593418
0.0609564
0.0629473
0.0656107
0.0632081
0.11111
0.114603
0.115686
0.13724
0.0793901
0.0389754
0.0297461
0.0825384
0.13051
0.133187
0.00543762
0.00667622
0.0946133
0.0256652
0.131228
0.128505
0.113773
0.115686
0.0493157
0.0203643
)
;
    }
}


// ************************************************************************* //
