/*--------------------------------*- C++ -*----------------------------------*\
| =========                 |                                                 |
| \\      /  F ield         | OpenFOAM: The Open Source CFD Toolbox           |
|  \\    /   O peration     | Version:  2406                                  |
|   \\  /    A nd           | Website:  www.openfoam.com                      |
|    \\/     M anipulation  |                                                 |
\*---------------------------------------------------------------------------*/
FoamFile
{
    version     2.0;
    format      ascii;
    arch        "LSB;label=32;scalar=64";
    class       surfaceScalarField;
    location    "4.95";
    object      phi;
}
// * * * * * * * * * * * * * * * * * * * * * * * * * * * * * * * * * * * * * //

dimensions      [0 3 -1 0 0 0 0];

oriented        oriented;

internalField   nonuniform List<scalar> 
4489
(
7.68691e-06
9.82915e-05
-9.51388e-06
9.58542e-05
6.53399e-06
6.03287e-06
-7.00268e-06
9.92613e-05
5.00058e-06
9.68864e-05
9.46497e-05
-9.51508e-05
-1.3029e-06
1.80391e-06
-1.79965e-06
2.44112e-06
9.40083e-05
4.98763e-06
9.53033e-05
3.47187e-06
9.46078e-05
2.76837e-06
9.26369e-05
2.13217e-06
9.26168e-05
1.36232e-06
9.26738e-05
3.01242e-07
3.15421e-07
9.28842e-05
1.35304e-07
4.64076e-05
3.4239e-05
-4.23084e-08
-3.19875e-08
-8.17644e-09
3.42849e-05
-3.77075e-08
4.54793e-05
-1.71453e-07
4.56426e-05
4.65516e-05
2.91567e-06
9.73882e-05
2.96675e-06
9.45567e-05
2.17297e-06
9.34306e-05
1.35588e-06
9.34339e-05
8.1909e-07
9.32106e-05
1.94192e-07
9.33171e-05
1.92007e-07
6.59898e-08
4.66798e-05
3.43067e-05
2.42667e-08
-4.61369e-08
1.77935e-06
9.4247e-05
-2.59574e-06
1.28802e-06
9.39253e-05
7.20443e-07
9.37781e-05
1.44702e-07
9.38678e-05
2.50439e-08
-4.67927e-05
9.84709e-09
4.69276e-05
-3.43196e-05
3.43206e-05
7.68118e-08
-7.77962e-08
6.79947e-08
9.44371e-05
-2.58047e-07
-4.23079e-08
9.40356e-05
-6.92943e-08
9.38051e-05
-6.60947e-08
9.39726e-05
-1.08005e-07
-4.70202e-05
-1.14673e-07
4.70688e-05
-3.42824e-05
3.42338e-05
1.46503e-07
-9.7945e-08
-1.38542e-07
9.48844e-05
-3.0879e-07
-3.20846e-07
9.42179e-05
-4.62317e-07
9.39466e-05
-2.43197e-07
9.40859e-05
-3.32494e-07
-4.71585e-05
-2.68173e-07
4.71835e-05
-3.41249e-05
3.39914e-05
2.53813e-07
-1.20406e-07
-6.58451e-08
9.52782e-05
-3.27886e-07
-3.07543e-07
9.44596e-05
-5.02636e-07
9.41417e-05
-2.33559e-07
9.42081e-05
-3.91248e-07
-4.71831e-05
-2.71634e-07
4.72212e-05
-3.3824e-05
3.36528e-05
2.90912e-07
-1.19735e-07
-5.42149e-07
6.69544e-07
-5.85979e-07
9.45034e-05
-6.64257e-07
9.422e-05
-2.48298e-07
9.42926e-05
-5.00419e-07
-4.71975e-05
-2.82722e-07
4.72319e-05
-3.34927e-05
3.33009e-05
3.06853e-07
-1.15043e-07
-1.00961e-06
9.42101e-05
-8.7263e-07
9.4083e-05
-2.51932e-07
9.42162e-05
-5.44347e-07
-4.7191e-05
-2.80129e-07
4.72192e-05
-3.30912e-05
3.28936e-05
3.02902e-07
-1.05376e-07
-1.33917e-06
9.37496e-05
-1.05309e-06
9.37969e-05
-3.15191e-07
9.40629e-05
-5.8455e-07
-4.71566e-05
-3.26755e-07
4.71682e-05
-3.26839e-05
3.24546e-05
3.31458e-07
-1.02165e-07
-3.38765e-07
9.38169e-05
-6.02639e-07
1.18733e-06
-4.70884e-05
-3.24574e-07
4.70742e-05
-3.22262e-05
3.19981e-05
3.08628e-07
-8.04658e-08
-3.61024e-07
9.35148e-05
-6.02877e-07
1.26608e-06
-4.69698e-05
-3.33567e-07
4.69423e-05
-3.17654e-05
3.15352e-05
2.98788e-07
-6.85877e-08
-3.45238e-07
-5.44158e-07
1.19393e-06
9.32102e-05
-4.68202e-05
-3.15777e-07
4.67907e-05
-3.13093e-05
3.10893e-05
2.71778e-07
-5.17574e-08
5.18845e-08
-6.47595e-08
1.27508e-07
-8.92951e-08
2.23968e-07
-1.14985e-07
2.94782e-07
-1.27332e-07
2.71959e-07
-1.11818e-07
3.27174e-07
-1.17473e-07
3.14113e-07
-1.04386e-07
3.21334e-07
-9.29337e-08
3.08605e-07
-7.59113e-08
2.85916e-07
-6.00446e-08
2.59391e-07
-4.55858e-08
3.08755e-05
4.57328e-05
-7.90844e-08
4.58638e-05
4.59505e-05
6.76348e-08
4.60103e-05
4.60422e-05
1.97727e-07
4.60684e-05
4.6054e-05
3.32103e-07
4.60167e-05
4.6036e-05
3.67531e-07
4.59404e-05
4.59646e-05
4.59505e-07
4.58322e-05
4.5855e-05
4.81788e-07
4.56873e-05
4.5692e-05
5.04738e-07
4.55086e-05
4.54927e-05
4.98206e-07
4.53031e-05
4.52683e-05
4.80774e-07
4.50734e-05
4.50294e-05
4.34115e-07
4.48547e-05
4.66807e-05
-1.49107e-08
3.42627e-06
1.3203e-06
-1.65849e-08
3.40515e-06
1.30371e-06
-1.97373e-08
3.37875e-06
1.28398e-06
-3.06153e-08
-3.33941e-06
3.29223e-06
-1.25856e-06
1.22794e-06
-3.6015e-08
-3.23778e-06
3.17585e-06
-1.1931e-06
1.15708e-06
-4.49104e-08
-3.10311e-06
3.02762e-06
-1.11484e-06
1.06993e-06
-4.36248e-08
-2.94718e-06
2.87107e-06
-1.02303e-06
9.79401e-07
-3.96335e-08
-2.79781e-06
2.7224e-06
-9.40845e-07
9.01212e-07
-3.52302e-08
-2.64594e-06
2.5758e-06
-8.60198e-07
8.24967e-07
-3.46063e-08
-2.50603e-06
2.43847e-06
-7.9035e-07
7.55744e-07
-2.53354e-08
-2.37635e-06
2.32122e-06
-7.24935e-07
6.99599e-07
-2.16579e-08
-2.26926e-06
2.22233e-06
-6.75644e-07
6.53986e-07
-1.51837e-08
-2.18047e-06
2.1439e-06
-6.35796e-07
6.20613e-07
-2.54198e-08
-3.48423e-08
-4.22473e-08
-4.6901e-08
-3.85555e-08
-4.10142e-08
-3.4617e-08
-3.08095e-08
-2.39552e-08
-1.81897e-08
-1.31168e-08
2.11143e-06
6.07496e-07
3.16285e-06
9.53609e-05
-9.63493e-05
-2.17446e-06
3.29569e-06
9.64353e-05
-9.65682e-05
-4.66673e-07
9.17303e-05
-8.79679e-05
-6.48551e-06
8.42036e-05
-7.81847e-05
7.61854e-05
-7.27557e-05
-9.91514e-06
3.12571e-06
9.33705e-05
-9.42746e-05
-2.22164e-06
4.51514e-06
9.39715e-05
6.2033e-06
9.47472e-05
5.85493e-06
9.20786e-05
2.42802e-06
8.76305e-05
-2.38237e-06
8.09958e-05
-3.59833e-06
7.50949e-05
-7.38789e-05
-2.1683e-06
7.05036e-05
-7.19336e-05
-7.12591e-07
6.75228e-05
-6.89785e-05
1.29231e-06
6.75712e-05
-6.95761e-05
3.18365e-06
7.15455e-05
-7.34368e-05
3.22918e-06
7.94119e-05
-7.94575e-05
2.55018e-06
8.31581e-05
-8.24791e-05
2.11206e-06
8.54695e-05
-8.50314e-05
1.55938e-06
8.70292e-05
-8.64765e-05
1.01635e-06
8.81715e-05
-8.76285e-05
8.90734e-05
5.55452e-07
-8.86125e-05
4.19676e-06
-2.86905e-06
9.20428e-05
6.13135e-06
9.20369e-05
8.33212e-06
9.25464e-05
9.48255e-06
9.09282e-05
9.37829e-06
8.77347e-05
6.49885e-06
8.38752e-05
3.92428e-06
7.76695e-05
4.44296e-06
6.99849e-05
5.50088e-06
6.64649e-05
6.13936e-06
6.69327e-05
6.78502e-06
7.08998e-05
6.69416e-06
7.95028e-05
5.65191e-06
8.42003e-05
4.23332e-06
8.68881e-05
2.87357e-06
8.8389e-05
1.79181e-06
8.92532e-05
9.82339e-07
8.98829e-05
1.84968e-08
-1.38676e-07
4.15679e-05
-4.14477e-05
2.50248e-07
-3.60372e-07
4.42677e-05
-4.41576e-05
8.78774e-05
5.00857e-07
5.96269e-07
-8.71341e-05
-1.84042e-06
-1.22545e-07
-4.17023e-05
-3.05719e-08
4.18554e-05
-4.445e-05
2.7044e-07
-5.41245e-07
4.47208e-05
8.96391e-05
9.08178e-07
9.5883e-07
-3.62868e-06
-3.42973e-07
-4.20161e-05
1.93759e-07
4.21653e-05
-4.50589e-05
1.64024e-07
-5.65023e-07
4.54599e-05
-4.52027e-06
9.20684e-05
1.07084e-06
1.02012e-06
-7.59669e-06
9.1423e-05
-8.83466e-05
-1.12614e-05
8.94124e-05
-8.57477e-05
-1.33479e-05
8.27709e-05
-8.06843e-05
7.11784e-05
-7.19229e-05
-1.26035e-05
-4.89153e-07
-4.22817e-05
4.16075e-07
4.23547e-05
-4.58757e-05
-4.05455e-08
-3.86991e-07
4.63032e-05
-2.98804e-06
9.36159e-05
7.95146e-07
6.4533e-07
-5.43064e-06
9.38656e-05
-9.57274e-06
9.35545e-05
-1.43745e-05
8.75727e-05
-1.71031e-05
7.39069e-05
6.86954e-05
-6.57414e-05
-2.00571e-05
-4.7265e-07
-4.23767e-05
4.99648e-07
4.23497e-05
-4.67084e-05
-3.41389e-07
3.49499e-08
4.70149e-05
-3.05714e-07
9.39755e-05
1.44712e-07
-1.98596e-07
-1.3394e-06
9.48993e-05
-3.89757e-06
9.61127e-05
-9.95916e-06
9.36343e-05
-1.67554e-05
8.07031e-05
7.24928e-05
-2.05527e-05
-3.24827e-07
-4.225e-05
5.1104e-07
4.20638e-05
-4.71647e-05
-5.16933e-07
4.91068e-07
4.71906e-05
1.0984e-06
9.39246e-05
-4.62285e-07
-5.85193e-07
1.23844e-06
9.47592e-05
1.00179e-06
-1.93212e-06
-9.19687e-06
-1.48888e-05
-1.05184e-07
-4.18075e-05
3.83613e-07
4.15291e-05
-4.71536e-05
-5.11599e-07
5.76989e-07
4.70883e-05
1.68977e-06
-6.27937e-07
-7.66108e-07
9.36289e-05
2.67724e-05
3.33261e-08
-2.67872e-05
2.67098e-05
3.50045e-08
2.763e-08
2.65689e-05
1.82746e-08
2.63348e-05
2.32731e-07
1.43962e-09
2.60085e-05
-1.67326e-08
2.56071e-05
4.36639e-07
-3.52288e-08
2.51681e-05
-5.01594e-08
2.47294e-05
4.97258e-07
-5.84976e-08
2.43185e-05
-6.17981e-08
2.3959e-05
4.18843e-07
-5.93566e-08
2.36813e-05
-4.70547e-08
2.34949e-05
2.15344e-07
-2.89932e-08
2.33989e-05
-9.21061e-09
1.77427e-08
6.64013e-09
2.33745e-05
4.40567e-05
-4.39451e-05
9.93729e-08
-2.76304e-07
4.42336e-05
4.40847e-05
-4.39442e-05
4.58631e-07
4.42224e-05
4.44735e-05
-7.203e-08
-2.29151e-07
4.47746e-05
4.45893e-05
5.6724e-07
4.49809e-05
4.51324e-05
-3.20298e-07
-7.63733e-08
4.55291e-05
4.54867e-05
4.92128e-07
4.60147e-05
4.59046e-05
-4.75262e-07
1.86317e-07
4.61936e-05
4.64228e-05
2.18892e-07
4.68493e-05
4.63518e-05
-5.18592e-07
4.70598e-07
4.63998e-05
4.70289e-05
-3.20759e-07
4.71511e-05
4.63939e-05
-4.71615e-07
5.25516e-07
4.634e-05
4.71799e-05
-5.62435e-07
4.71571e-05
4.6212e-05
-2.85425e-07
4.86051e-07
4.60114e-05
4.12614e-05
4.71062e-05
-6.41126e-07
4.69812e-05
4.69332e-05
1.77925e-08
1.99057e-06
-1.97504e-06
6.54679e-07
-6.36887e-07
1.41676e-08
-2.00121e-06
2.00532e-06
-6.71673e-07
6.8584e-07
7.1931e-10
-1.99905e-06
1.98159e-06
-6.93549e-07
6.94268e-07
-1.54923e-08
-1.95405e-06
1.91939e-06
-6.8658e-07
6.71087e-07
-2.41527e-08
-1.88159e-06
1.84394e-06
-6.50391e-07
6.26238e-07
-2.19876e-08
-1.80994e-06
1.78488e-06
-6.00879e-07
5.78891e-07
-7.36255e-09
-1.77134e-06
1.7695e-06
-5.63431e-07
5.56068e-07
1.69935e-08
7.70869e-09
-7.68862e-09
-2.06963e-08
-2.53596e-08
-1.54605e-08
-7.84157e-10
1.77692e-06
5.55284e-07
5.39979e-08
2.07035e-07
4.10004e-05
-4.499e-07
6.16924e-07
4.67662e-05
9.3073e-05
-7.87134e-07
-8.78654e-07
1.88501e-07
8.97979e-05
-8.94309e-05
-5.82915e-08
9.03927e-05
-8.78024e-08
-9.00581e-05
-1.29694e-07
4.47502e-05
-4.46788e-05
2.5361e-05
1.39333e-07
-4.87113e-09
-2.54954e-05
1.5581e-07
-4.07245e-05
1.32725e-07
4.04359e-05
-4.6535e-05
-4.23984e-07
6.89045e-07
4.627e-05
9.21241e-05
-9.15718e-07
-1.00435e-06
3.54553e-07
9.04256e-05
-7.27193e-08
9.0924e-05
-1.0403e-07
-4.48175e-05
-1.84579e-07
4.49294e-05
-2.51991e-05
2.50154e-05
1.99977e-07
-1.6257e-08
1.57248e-07
-4.01477e-05
1.13238e-07
3.98772e-05
-4.59529e-05
-4.24178e-07
7.63141e-07
4.5614e-05
3.71465e-06
9.05412e-05
-1.03747e-06
-1.09433e-06
5.45606e-06
9.03014e-05
7.63223e-06
8.98608e-05
1.00485e-05
9.01302e-05
1.18484e-05
8.91283e-05
1.28383e-05
8.67448e-05
1.27906e-05
8.39229e-05
1.06756e-05
7.97845e-05
9.00886e-06
7.16517e-05
9.08983e-06
6.63839e-05
9.5692e-06
6.64533e-05
1.02174e-05
7.02516e-05
9.79575e-06
7.99245e-05
7.49014e-06
8.65059e-05
5.03893e-06
8.93393e-05
3.17742e-06
9.02505e-05
1.84164e-06
9.0589e-05
9.57667e-07
9.07668e-05
2.89335e-07
9.1094e-05
-1.00396e-07
9.14447e-05
-1.31005e-07
-4.503e-05
-2.11905e-07
4.51415e-05
-2.4823e-05
2.46326e-05
2.11055e-07
-2.05846e-08
1.01758e-07
-3.96319e-05
1.08804e-07
3.94213e-05
-4.52756e-05
-4.22468e-07
7.36815e-07
4.49612e-05
4.26272e-06
8.85119e-05
-1.08059e-06
-1.1528e-06
6.31632e-06
8.82478e-05
8.55628e-06
8.76208e-05
1.12192e-05
8.74673e-05
1.34389e-05
8.69086e-05
1.47601e-05
8.54236e-05
1.56926e-05
8.29903e-05
1.60841e-05
7.9393e-05
1.48425e-05
7.28932e-05
1.34869e-05
6.77396e-05
1.26101e-05
6.73302e-05
1.17821e-05
7.10796e-05
9.40295e-06
8.23036e-05
6.00227e-06
8.99066e-05
3.50166e-06
9.18399e-05
1.96397e-06
9.17882e-05
9.80902e-07
9.15721e-05
4.05193e-07
9.13425e-05
-1.11492e-08
9.15103e-05
-1.40719e-07
9.17478e-05
-1.73512e-07
-4.52288e-05
-2.17663e-07
4.53057e-05
-2.445e-05
2.42804e-05
1.89605e-07
-2.00081e-08
2.43017e-08
-3.925e-05
1.02072e-07
3.91236e-05
-4.46607e-05
-4.13628e-07
7.10656e-07
4.43637e-05
3.81107e-06
8.68639e-05
-1.05077e-06
-1.11235e-06
5.76981e-06
8.6289e-05
8.10937e-06
8.52812e-05
1.11022e-05
8.44744e-05
1.36301e-05
8.43808e-05
1.55904e-05
8.34633e-05
1.72936e-05
8.12871e-05
1.84055e-05
7.82811e-05
1.82919e-05
7.30068e-05
1.71248e-05
6.89067e-05
1.48541e-05
6.96008e-05
1.07843e-05
7.51495e-05
5.73759e-06
8.73503e-05
2.49985e-06
9.31443e-05
1.00691e-06
9.33328e-05
2.96875e-07
9.24982e-05
-5.46744e-08
9.19236e-05
-2.17529e-07
9.15054e-05
-3.26892e-07
9.16197e-05
-1.78702e-07
9.18154e-05
-2.15749e-07
-4.53492e-05
-2.06743e-07
4.53772e-05
-2.41302e-05
2.39997e-05
1.46192e-07
-1.56938e-08
-9.60147e-09
-3.90316e-05
6.69185e-08
3.89743e-05
-4.40433e-05
-2.9641e-07
6.08853e-07
4.37308e-05
2.49716e-06
8.59896e-05
-8.48767e-07
-7.74054e-07
3.89011e-06
8.48961e-05
6.02533e-06
8.3146e-05
9.15349e-06
8.13463e-05
1.24905e-05
8.10438e-05
1.55113e-05
8.04424e-05
1.78712e-05
7.89272e-05
1.87089e-05
7.74434e-05
1.81675e-05
7.35482e-05
1.61964e-05
7.08777e-05
1.1924e-05
7.38732e-05
5.23419e-06
8.18393e-05
7.29084e-07
9.18554e-05
-4.75081e-07
9.43485e-05
-6.49551e-07
9.35073e-05
-5.80148e-07
9.24288e-05
-4.97845e-07
9.18413e-05
-4.56315e-07
9.14639e-05
-4.39361e-07
9.16027e-05
-1.88379e-07
9.17944e-05
-2.30056e-07
-4.53697e-05
-1.88438e-07
4.53697e-05
-2.38908e-05
2.38019e-05
9.83697e-08
-9.4042e-09
-9.30476e-08
-3.89513e-05
6.987e-08
3.89744e-05
-4.34708e-05
-1.18707e-07
2.61899e-07
4.33276e-05
9.93219e-07
8.5584e-05
-3.62011e-07
-2.25659e-07
1.71403e-06
8.41752e-05
3.1228e-06
8.17373e-05
5.74194e-06
7.87271e-05
9.1632e-06
7.76225e-05
1.2639e-05
7.69666e-05
1.47816e-05
7.67847e-05
1.47881e-05
7.74369e-05
1.39995e-05
7.43368e-05
1.07889e-05
7.40883e-05
5.046e-06
7.96162e-05
-5.25915e-07
8.74113e-05
-2.06014e-06
9.33896e-05
-1.63082e-06
9.39192e-05
-1.17302e-06
9.30495e-05
-8.27198e-07
9.2083e-05
-6.28435e-07
9.16426e-05
-5.45495e-07
9.13809e-05
-4.83293e-07
9.15405e-05
-1.88034e-07
9.1722e-05
-2.22826e-07
-4.53234e-05
-1.43238e-07
4.52786e-05
-2.3733e-05
2.36833e-05
5.14836e-08
-1.77845e-09
-2.32067e-07
-3.90576e-05
8.81449e-08
3.92015e-05
-4.3288e-05
-3.16207e-08
9.85912e-09
4.33098e-05
-1.98931e-07
8.56921e-05
3.54415e-08
5.54089e-08
-3.08369e-08
8.40071e-05
5.10119e-07
8.11963e-05
1.92951e-06
7.73077e-05
4.20544e-06
7.53466e-05
6.54352e-06
7.46285e-05
8.08341e-06
7.52448e-05
8.59485e-06
7.69254e-05
7.55531e-06
7.53763e-05
3.0282e-06
7.86154e-05
-1.70661e-06
8.4351e-05
-4.00391e-06
8.97086e-05
-3.59559e-06
9.29813e-05
-2.54002e-06
9.28636e-05
-1.77354e-06
9.2283e-05
-1.2821e-06
9.15915e-05
-9.5371e-07
9.13142e-05
-7.79529e-07
9.12067e-05
-6.04758e-07
9.13658e-05
-1.96715e-07
9.15622e-05
-2.48211e-07
-4.51961e-05
-1.21901e-07
4.51213e-05
-2.36479e-05
2.36226e-05
2.23197e-08
2.97601e-09
-2.69196e-07
-3.93759e-05
7.48272e-08
3.95703e-05
-4.33718e-05
1.07125e-07
-1.82402e-07
4.34471e-05
-1.07204e-06
8.6006e-05
2.81262e-07
4.76879e-07
-1.10429e-06
8.40394e-05
-1.20115e-06
8.12932e-05
-1.12139e-06
7.7228e-05
-4.89872e-07
7.47151e-05
1.12595e-07
7.40261e-05
6.24424e-07
7.4733e-05
1.67409e-06
7.58758e-05
-2.89045e-07
7.73394e-05
-4.39153e-06
8.27179e-05
-6.5115e-06
8.64709e-05
-6.52469e-06
8.97218e-05
-5.20962e-06
9.16662e-05
-3.96156e-06
9.16155e-05
-2.83322e-06
9.11547e-05
-2.14348e-06
9.09018e-05
-1.57267e-06
9.07434e-05
-1.18536e-06
9.08194e-05
-8.25552e-07
9.10059e-05
-2.31687e-07
9.12426e-05
-2.7429e-07
-4.50165e-05
-1.44701e-07
4.49295e-05
-2.35995e-05
2.35749e-05
2.09574e-08
3.60559e-09
-1.39454e-07
-3.97928e-05
-1.27972e-07
4.00603e-05
-4.36221e-05
4.12077e-07
-6.48134e-07
4.38582e-05
-2.88897e-06
8.69236e-05
9.08145e-07
1.06323e-06
-3.17665e-06
8.43271e-05
-3.29677e-06
8.14133e-05
-3.28732e-06
7.72185e-05
-3.12978e-06
7.45575e-05
-3.12255e-06
7.40188e-05
-3.27032e-06
7.48807e-05
-4.42269e-06
7.70281e-05
-7.26675e-06
8.01835e-05
-9.16996e-06
8.46211e-05
-9.37999e-06
8.6681e-05
-8.52756e-06
8.88693e-05
-6.87374e-06
9.00124e-05
-5.35023e-06
9.0092e-05
-4.11369e-06
8.99181e-05
-3.13746e-06
8.99256e-05
-2.31329e-06
8.99192e-05
-1.64528e-06
9.01514e-05
-1.08608e-06
9.04467e-05
-2.4338e-07
9.06739e-05
-2.73991e-07
-4.48178e-05
-1.47892e-07
4.47223e-05
-2.3545e-05
2.35115e-05
3.03242e-08
3.16014e-09
7.14573e-09
-4.03407e-05
-2.96458e-07
4.063e-05
-4.41437e-05
6.17653e-07
-9.82604e-07
4.45086e-05
-5.07199e-06
8.8967e-05
1.48074e-06
1.54786e-06
-6.33769e-06
8.55928e-05
-6.38877e-06
8.14644e-05
-6.06038e-06
7.68901e-05
-6.18862e-06
7.46858e-05
-6.85617e-06
7.46864e-05
-8.12555e-06
7.61501e-05
-1.01377e-05
7.90402e-05
-1.17262e-05
8.17721e-05
-1.16129e-05
8.45077e-05
-1.10954e-05
8.61635e-05
-9.87755e-06
8.76514e-05
-8.00065e-06
8.81355e-05
-6.23963e-06
8.8331e-05
-4.87115e-06
8.85496e-05
-3.62812e-06
8.86825e-05
-2.63664e-06
8.89277e-05
-1.80322e-06
8.9318e-05
-1.16026e-06
8.98038e-05
-2.44463e-07
9.00645e-05
-3.06435e-07
-4.45937e-05
-1.37484e-07
4.44867e-05
-2.34736e-05
2.34301e-05
4.04072e-08
3.11879e-09
3.32213e-08
-4.09153e-05
-2.81759e-07
4.11638e-05
-4.48958e-05
6.85293e-07
-1.1293e-06
4.53398e-05
-5.91727e-06
9.1515e-05
1.70578e-06
1.66346e-06
-8.27161e-06
8.79471e-05
-8.88461e-06
8.20774e-05
-9.18762e-06
7.71931e-05
-1.0599e-05
7.60971e-05
-1.26502e-05
7.67376e-05
-1.4319e-05
7.7819e-05
-1.476e-05
7.94813e-05
-1.41556e-05
8.11677e-05
-1.27532e-05
8.31054e-05
-1.11728e-05
8.45831e-05
-9.53363e-06
8.60123e-05
-7.69929e-06
8.63011e-05
-5.91143e-06
8.65431e-05
-4.45324e-06
8.70915e-05
-3.23379e-06
8.74631e-05
-2.24023e-06
8.79342e-05
-1.48004e-06
8.85578e-05
-9.21072e-07
8.92448e-05
-2.49246e-07
8.96787e-05
-2.85975e-07
-4.43314e-05
-1.57508e-07
4.42396e-05
-2.33731e-05
2.33022e-05
7.2704e-08
-1.8835e-09
-1.00571e-08
-4.13591e-05
-1.09351e-07
4.14785e-05
-4.57841e-05
5.31739e-07
-9.91597e-07
4.6244e-05
-4.49656e-06
9.33592e-05
1.43766e-06
1.21475e-06
-7.69685e-06
9.11474e-05
-1.05162e-05
8.48968e-05
-1.23484e-05
7.90254e-05
-1.40547e-05
7.78034e-05
-1.5448e-05
7.81309e-05
-1.64393e-05
7.88103e-05
-1.66284e-05
7.96703e-05
-1.55661e-05
8.01054e-05
-1.32004e-05
8.07396e-05
-1.04336e-05
8.18163e-05
-8.0007e-06
8.35794e-05
-6.31992e-06
8.46204e-05
-4.67068e-06
8.48939e-05
-3.16799e-06
8.55888e-05
-2.15015e-06
8.64452e-05
-1.34134e-06
8.71253e-05
-8.41005e-07
8.80575e-05
-4.91814e-07
8.88956e-05
-1.56152e-07
8.95069e-05
-1.63869e-07
-4.41142e-05
-1.32839e-07
4.40909e-05
-2.32175e-05
2.31261e-05
9.76457e-08
-6.18623e-09
-6.74108e-08
-4.15033e-05
1.49596e-07
4.14211e-05
-4.66896e-05
6.47548e-09
-3.4894e-07
4.70321e-05
-1.43766e-06
9.40774e-05
5.91755e-07
1.27722e-07
-3.8918e-06
9.36015e-05
-8.03505e-06
8.904e-05
-1.16337e-05
8.2624e-05
-1.35044e-05
7.96742e-05
-1.47347e-05
7.93611e-05
-1.57926e-05
7.98682e-05
-1.63689e-05
8.02466e-05
-1.50421e-05
7.87786e-05
-1.23352e-05
7.80328e-05
-9.45516e-06
7.89363e-05
-6.26166e-06
8.03859e-05
-4.24123e-06
8.25999e-05
-2.67468e-06
8.33273e-05
-1.43837e-06
8.43525e-05
-8.19238e-07
8.58261e-05
-4.63832e-07
8.67699e-05
-3.06536e-07
8.79002e-05
-2.09098e-07
8.87982e-05
-6.51875e-08
8.9464e-05
-1.00979e-07
-4.40363e-05
-9.17073e-08
4.40628e-05
-2.3036e-05
2.29476e-05
9.4995e-08
-6.56713e-09
-6.95924e-08
-4.12182e-05
3.37287e-07
4.09505e-05
-4.72109e-05
-3.95836e-07
3.85094e-07
4.72217e-05
9.23151e-07
9.40809e-05
-3.34813e-07
-5.91863e-07
4.11672e-08
9.44835e-05
-3.06029e-06
9.21415e-05
-7.30469e-06
8.68684e-05
-9.9261e-06
8.22956e-05
-1.08633e-05
8.02983e-05
-1.16765e-05
8.06815e-05
-1.26212e-05
8.11913e-05
-1.19494e-05
7.81068e-05
-1.02388e-05
7.63221e-05
-7.90605e-06
7.66035e-05
-4.77263e-06
7.72525e-05
-2.14457e-06
7.99719e-05
-5.74906e-07
8.17577e-05
-7.63149e-08
8.38539e-05
-7.91833e-08
8.5829e-05
-1.64014e-07
8.68548e-05
-1.47137e-07
8.78833e-05
-1.2742e-07
8.87785e-05
-2.92502e-08
8.94041e-05
-3.83212e-08
-4.40364e-05
-7.58776e-08
4.4083e-05
-2.2862e-05
2.27794e-05
8.99618e-08
-7.36471e-09
-8.31987e-08
-4.06439e-05
4.57413e-07
4.02697e-05
-4.71867e-05
-6.70159e-07
6.95558e-07
4.71613e-05
2.14484e-06
9.37135e-05
-6.92217e-07
-1.0852e-06
2.46592e-06
9.41624e-05
1.31325e-06
9.32941e-05
-1.79824e-06
8.99799e-05
-5.06721e-06
8.55645e-05
-6.4567e-06
8.16878e-05
-6.86891e-06
8.10937e-05
-7.21422e-06
8.15366e-05
-7.08188e-06
7.79744e-05
-6.51311e-06
7.57534e-05
-4.56274e-06
7.46532e-05
-2.04221e-06
7.47319e-05
5.96191e-07
7.73335e-05
1.17835e-06
8.11755e-05
7.91193e-07
8.4241e-05
5.20819e-07
8.60994e-05
2.95311e-07
8.70803e-05
1.7154e-07
8.80071e-05
1.14354e-07
8.88356e-05
8.73879e-08
8.94056e-05
2.55167e-08
-4.40661e-05
-9.47726e-09
4.41629e-05
-2.27135e-05
2.26629e-05
5.14675e-08
-7.97658e-10
-1.25754e-07
-3.98513e-05
6.06396e-07
3.93706e-05
-4.703e-05
-9.40081e-07
1.09471e-06
4.68753e-05
3.31948e-06
9.31243e-05
-1.14889e-06
-1.58144e-06
4.07328e-06
9.34086e-05
4.35692e-06
9.30105e-05
3.23194e-06
9.11048e-05
6.0487e-07
8.81916e-05
-2.23039e-06
8.4523e-05
-3.29622e-06
8.21595e-05
-2.1071e-06
8.03475e-05
-1.57103e-06
7.74384e-05
-1.295e-06
7.54773e-05
2.09235e-07
7.31489e-05
1.60764e-06
7.33335e-05
3.09197e-06
7.58491e-05
3.05228e-06
8.12152e-05
2.49096e-06
8.48024e-05
2.03879e-06
8.65515e-05
1.23917e-06
8.78799e-05
5.95061e-07
8.86512e-05
2.67309e-07
8.91634e-05
1.17728e-07
8.95618e-05
-6.62158e-09
-4.41567e-05
9.68254e-09
4.42647e-05
-2.26293e-05
2.26037e-05
1.92124e-08
6.35116e-09
-2.12498e-07
-3.89076e-05
7.04573e-07
3.84155e-05
-4.65741e-05
-1.10898e-06
1.37236e-06
4.63107e-05
3.95976e-06
9.26169e-05
-1.46986e-06
-1.9825e-06
4.63343e-06
9.2735e-05
5.50359e-06
9.21404e-05
5.98848e-06
9.06199e-05
5.76391e-06
8.84162e-05
4.12329e-06
8.61636e-05
3.25345e-06
8.30293e-05
3.87604e-06
7.97249e-05
3.74528e-06
7.75691e-05
4.00504e-06
7.52176e-05
4.41389e-06
7.27401e-05
4.87953e-06
7.28679e-05
5.61424e-06
7.51144e-05
5.85299e-06
8.09765e-05
4.91675e-06
8.57386e-05
3.41888e-06
8.80494e-05
2.02749e-06
8.92713e-05
8.45549e-07
8.98331e-05
6.25421e-08
8.99464e-05
5.79104e-08
8.98233e-05
-2.56948e-07
-4.42426e-05
-5.30179e-08
4.43535e-05
-2.2576e-05
2.25361e-05
3.15446e-08
8.39133e-09
-2.31155e-07
-3.79633e-05
7.64631e-07
3.74298e-05
-4.58707e-05
-1.28436e-06
1.68413e-06
4.5471e-05
5.17535e-06
4.55459e-05
-1.88257e-06
-2.19481e-06
4.59731e-05
6.16799e-06
4.58197e-05
4.59226e-05
7.37668e-06
4.54734e-05
4.54583e-05
8.18851e-06
4.50714e-05
4.47367e-05
8.72926e-06
4.41332e-05
4.37422e-05
8.89414e-06
4.30531e-05
4.29457e-05
8.27986e-06
4.18396e-05
4.1804e-05
7.4582e-06
4.03816e-05
4.0165e-05
7.07671e-06
3.90183e-05
3.89323e-05
7.44526e-06
3.75719e-05
3.72771e-05
7.82593e-06
3.62256e-05
3.61339e-05
8.01709e-06
3.62045e-05
3.64722e-05
7.9814e-06
3.73358e-05
3.78144e-05
7.083e-06
4.05899e-05
4.1285e-05
5.47774e-06
4.34876e-05
4.38563e-05
3.62096e-06
4.49194e-05
4.49868e-05
2.10704e-06
4.54722e-05
4.5313e-05
7.51099e-07
4.56196e-05
4.55694e-05
-5.40429e-07
4.5801e-05
4.5437e-05
-3.16914e-07
4.56907e-05
-1.05743e-06
4.49666e-05
-4.42592e-05
-3.46037e-07
4.42883e-05
-2.24587e-05
2.23197e-05
1.18947e-07
2.00686e-08
-7.36278e-07
-3.68304e-05
1.40078e-06
3.61659e-05
-4.51109e-05
-1.59823e-06
1.57236e-06
4.51367e-05
-1.60254e-06
1.56881e-06
4.55796e-05
-1.96223e-06
2.23906e-06
4.55429e-05
-2.69401e-06
3.06268e-06
4.51047e-05
-3.55501e-06
3.92241e-06
4.4704e-05
-4.27824e-06
4.43713e-06
4.39744e-05
-4.65929e-06
4.70909e-06
4.30033e-05
-5.08778e-06
5.14526e-06
4.17821e-05
-5.20065e-06
4.87951e-06
4.07028e-05
-4.81473e-06
4.57483e-06
3.92582e-05
-4.43493e-06
4.26994e-06
3.77369e-05
-4.23922e-06
4.11874e-06
3.6346e-05
-4.19357e-06
4.15218e-06
3.62459e-05
-4.1318e-06
4.13667e-06
3.73309e-05
-3.89143e-06
3.70659e-06
4.07747e-05
-3.27459e-06
2.88226e-06
4.38799e-05
-2.29869e-06
1.8709e-06
4.53472e-05
-1.43916e-06
1.1766e-06
4.57347e-05
-7.81945e-07
5.90589e-07
4.5811e-05
-3.30277e-07
1.95237e-07
4.5936e-05
2.30119e-07
-4.84322e-07
4.59449e-05
-4.39718e-05
1.17725e-06
-1.42718e-06
4.42218e-05
-2.19735e-05
2.10889e-05
8.37326e-07
4.71868e-08
1.65665e-06
1.93123e-07
-3.65139e-05
-3.92864e-07
5.38208e-07
-4.52365e-05
-8.24703e-07
1.11308e-06
-4.53187e-05
-1.4912e-06
1.88916e-06
-4.51083e-05
-2.28142e-06
2.61272e-06
-4.4696e-05
-2.97815e-06
3.41869e-06
-4.42074e-05
-3.89833e-06
4.3356e-06
-4.36206e-05
-4.68818e-06
5.09108e-06
-4.27532e-05
-5.44552e-06
5.63627e-06
-4.17157e-05
-5.87391e-06
6.05045e-06
-4.05444e-05
-6.18509e-06
6.24058e-06
-3.95132e-05
-6.23998e-06
6.02361e-06
-3.79728e-05
-5.78485e-06
5.47005e-06
-3.65506e-05
-5.17025e-06
4.88161e-06
-3.63455e-05
-4.52664e-06
4.1276e-06
-3.75473e-05
-3.61471e-06
3.14095e-06
-4.11165e-05
-2.51818e-06
1.95812e-06
-4.43971e-05
-1.46145e-06
1.10878e-06
-4.57822e-05
-8.16028e-07
6.16921e-07
-4.60427e-05
-4.46807e-07
3.15823e-07
-4.60171e-05
-2.13288e-07
1.20495e-07
-4.61261e-05
-7.19127e-09
-1.22332e-07
-4.62617e-05
3.39735e-07
-4.24086e-07
-4.50815e-05
-1.90066e-05
-1.5786e-06
-4.74279e-08
2.34103e-05
1.82294e-08
2.34987e-05
-1.14377e-07
2.59961e-08
1.72023e-07
-1.01727e-08
2.36231e-05
3.13898e-08
2.37523e-05
-1.63685e-07
3.45427e-08
2.11597e-07
-1.9241e-08
2.38762e-05
3.33397e-08
2.3983e-05
-1.36634e-07
2.98234e-08
2.02972e-07
-2.03746e-08
2.40612e-05
2.35103e-08
2.41018e-05
-5.69574e-08
1.63389e-08
1.68224e-07
-1.80571e-08
2.41146e-05
1.15802e-08
2.41121e-05
-8.79623e-09
1.12658e-08
1.21453e-07
-1.25936e-08
2.40909e-05
1.16339e-08
2.40308e-05
4.9498e-08
1.0548e-08
7.45394e-08
-5.69257e-09
2.39334e-05
4.35401e-09
2.37879e-05
1.53369e-07
-7.82696e-09
3.40905e-08
1.34796e-09
2.35794e-05
-2.35614e-08
2.33314e-05
2.82871e-07
-3.49178e-08
1.89341e-08
4.15635e-09
2.30977e-05
-3.55327e-08
2.29126e-05
2.12064e-07
-2.6949e-08
2.6314e-08
3.62566e-09
2.27905e-05
-1.7333e-08
2.27408e-05
5.28944e-08
-3.21706e-09
3.43338e-08
3.56185e-09
2.27392e-05
8.79147e-09
2.27544e-05
-2.53493e-08
1.01492e-08
5.52813e-08
1.7506e-09
2.27773e-05
1.02789e-08
2.27886e-05
-1.81444e-08
6.83288e-09
8.85516e-08
-3.85256e-09
2.27775e-05
1.11603e-09
2.27441e-05
4.0117e-08
-6.74923e-09
9.53396e-08
-5.26756e-09
2.26874e-05
-1.07157e-08
2.26193e-05
7.70339e-08
-8.92043e-09
9.16361e-08
-6.05032e-09
2.25538e-05
-4.13823e-09
2.24873e-05
7.00578e-08
-3.47134e-09
7.00959e-08
-4.2453e-09
2.24105e-05
-6.48932e-09
2.23197e-05
9.85589e-08
-7.6816e-09
3.09163e-08
2.66219e-09
2.22065e-05
-1.26172e-08
2.20646e-05
1.62181e-07
-2.02344e-08
2.10393e-08
6.65963e-09
2.18815e-05
-2.94107e-08
2.16952e-05
2.11964e-07
-2.56719e-08
7.08263e-08
6.581e-09
2.14773e-05
-1.32315e-08
2.11946e-05
2.59922e-07
2.2787e-08
3.1428e-07
3.19392e-08
2.0398e-05
6.03406e-08
1.85351e-05
1.94956e-06
-8.6711e-08
2.21962e-06
-1.3729e-07
1.24071e-08
-4.30216e-05
-4.5655e-05
-4.52236e-05
-4.49948e-05
-4.45622e-05
-4.3981e-05
-4.32555e-05
-4.22634e-05
-4.15057e-05
-4.02247e-05
-3.91414e-05
-3.75098e-05
-3.62162e-05
-3.66483e-05
-3.83782e-05
-4.21566e-05
-4.50284e-05
-4.58766e-05
-4.6048e-05
-4.60353e-05
-4.61479e-05
-4.62461e-05
-3.9113e-05
4.57686e-05
-1.61526e-07
4.36141e-07
4.54939e-05
4.6811e-05
-6.67272e-07
4.65996e-05
4.15209e-05
-4.15113e-05
1.55084e-07
4.15378e-05
4.52027e-05
-1.24556e-07
4.29479e-07
4.48978e-05
4.63729e-05
-7.46499e-07
4.61151e-05
4.15532e-05
2.04607e-07
4.15602e-05
4.45868e-05
-1.08669e-07
4.25099e-07
4.42704e-05
4.58408e-05
-7.63488e-07
4.55099e-05
4.15594e-05
2.18339e-07
4.1544e-05
4.39567e-05
-1.14389e-07
4.3191e-07
4.36392e-05
4.51661e-05
-7.32453e-07
4.47458e-05
4.15159e-05
2.16938e-07
4.14672e-05
4.33276e-05
-8.31664e-08
3.77645e-07
4.30332e-05
4.44057e-05
-6.98062e-07
4.39914e-05
4.14067e-05
2.0819e-07
4.13199e-05
4.28037e-05
-7.25553e-08
2.10104e-07
4.26661e-05
4.37515e-05
-4.70154e-07
4.34476e-05
4.12299e-05
1.83744e-07
4.11207e-05
4.26173e-05
-7.02479e-08
6.21386e-08
4.26254e-05
4.33475e-05
-1.01685e-07
4.32235e-05
4.10289e-05
1.40322e-07
4.09227e-05
4.26819e-05
-1.08436e-07
-5.73263e-09
4.27961e-05
4.32688e-05
6.77689e-08
4.32564e-05
4.08231e-05
1.43397e-07
4.06986e-05
4.2978e-05
1.04779e-08
-2.70624e-07
4.32382e-05
4.33553e-05
4.45666e-07
4.33865e-05
4.05749e-05
1.62571e-07
4.04386e-05
4.35223e-05
2.27565e-07
-5.36911e-07
4.38316e-05
4.36465e-05
8.22383e-07
4.38874e-05
4.03211e-05
1.45368e-07
4.021e-05
4.41528e-05
3.10596e-07
-6.76929e-07
4.45192e-05
4.43855e-05
1.06408e-06
4.48693e-05
4.0113e-05
1.51133e-07
4.00171e-05
4.49227e-05
2.13427e-07
-6.62617e-07
4.53719e-05
4.54458e-05
1.10693e-06
4.60023e-05
3.99323e-05
1.60547e-07
3.98603e-05
4.57943e-05
-1.53587e-08
-3.10482e-07
4.61201e-05
4.64484e-05
7.56174e-07
4.69069e-05
3.98251e-05
1.09275e-07
3.98112e-05
4.62762e-05
-2.79904e-07
2.51619e-07
4.63045e-05
4.71498e-05
-7.28138e-08
4.73503e-05
3.98145e-05
7.45592e-08
3.98315e-05
4.62459e-05
-3.767e-07
4.81864e-07
4.61408e-05
4.74006e-05
-5.16779e-07
4.73255e-05
3.98456e-05
2.13704e-08
3.98944e-05
4.5928e-05
-5.16964e-07
7.94275e-07
4.56507e-05
4.73288e-05
-9.25661e-07
4.71693e-05
3.99363e-05
-3.17657e-08
3.9999e-05
4.5317e-05
-6.25232e-07
9.9898e-07
4.49433e-05
4.71151e-05
-1.30022e-06
4.68339e-05
4.00279e-05
-1.55526e-08
4.00645e-05
4.45389e-05
-6.64182e-07
1.1602e-06
4.40428e-05
4.67364e-05
-1.6002e-06
4.63541e-05
4.0043e-05
1.62667e-07
3.99512e-05
4.35231e-05
-8.59334e-07
1.4849e-06
4.28975e-05
4.61556e-05
-1.84499e-06
4.58058e-05
3.97241e-05
7.40924e-07
3.92975e-05
4.27001e-05
-1.60154e-06
1.28001e-06
4.57756e-05
-1.18022e-06
1.30089e-06
4.55797e-05
-1.56175e-06
1.91779e-06
4.54677e-05
-2.35241e-06
2.82528e-06
4.4966e-05
-3.23393e-06
3.63767e-06
4.43809e-05
-4.13422e-06
4.53413e-06
4.352e-05
-4.8879e-06
5.1524e-06
4.2567e-05
-5.40245e-06
5.70606e-06
4.17487e-05
-5.77244e-06
6.01535e-06
4.02297e-05
-6.17372e-06
6.17875e-06
3.90722e-05
-5.92378e-06
5.85459e-06
3.73078e-05
-5.61872e-06
5.41676e-06
3.6059e-05
-5.21218e-06
5.05496e-06
3.64926e-05
-4.9554e-06
4.79966e-06
3.80596e-05
-4.58327e-06
4.26469e-06
4.1717e-05
-3.92288e-06
3.48323e-06
4.44399e-05
-2.96601e-06
2.37745e-06
4.54185e-05
-1.94248e-06
1.48439e-06
4.57077e-05
-1.1764e-06
8.36111e-07
4.58298e-05
-6.30021e-07
4.24515e-07
4.58623e-05
-2.34389e-07
-5.11894e-08
4.56595e-05
3.68058e-07
-9.54583e-07
3.87076e-05
1.81428e-06
1.54846e-09
1.95957e-06
-1.96599e-06
6.58886e-07
-6.57337e-07
-3.59664e-09
-1.95014e-06
1.93748e-06
-6.58149e-07
6.54552e-07
-6.17029e-09
-1.92352e-06
1.9091e-06
-6.49269e-07
6.43099e-07
-6.84985e-09
-1.89531e-06
1.88215e-06
-6.36521e-07
6.29671e-07
-5.90825e-09
-1.87062e-06
1.86083e-06
-6.23148e-07
6.17239e-07
-3.89077e-09
-1.85326e-06
1.84774e-06
-6.12219e-07
6.08328e-07
-8.34931e-10
-1.84457e-06
1.84362e-06
-6.05811e-07
6.04976e-07
1.40471e-09
-1.84439e-06
1.84596e-06
-6.05562e-07
6.06967e-07
1.92443e-09
-1.8481e-06
1.84978e-06
-6.08981e-07
6.10905e-07
2.15482e-09
-1.85131e-06
1.85232e-06
-6.12999e-07
6.15153e-07
2.79502e-09
-1.8532e-06
1.85353e-06
-6.17831e-07
6.20626e-07
1.07608e-09
-1.85286e-06
1.8499e-06
-6.23047e-07
6.24123e-07
-7.78456e-10
-1.84573e-06
1.84032e-06
-6.24437e-07
6.23658e-07
-1.2216e-09
-1.83561e-06
1.83026e-06
-6.23104e-07
6.21883e-07
-2.31815e-09
-1.82571e-06
1.82067e-06
-6.20381e-07
6.18063e-07
7.7117e-11
-1.81786e-06
1.81699e-06
-6.16626e-07
6.16703e-07
3.35755e-09
-1.81806e-06
1.82106e-06
-6.18288e-07
6.21646e-07
4.20201e-09
-1.82425e-06
1.82844e-06
-6.25106e-07
6.29308e-07
8.96286e-09
-1.83155e-06
1.84266e-06
-6.32782e-07
6.41745e-07
2.22858e-08
-1.86074e-06
1.88565e-06
-6.55596e-07
6.77882e-07
-2.24382e-08
-1.80889e-06
-6.17351e-07
-7.37102e-10
-5.28276e-09
-6.5782e-09
-6.52347e-09
-5.02043e-09
-2.51733e-09
5.86615e-10
2.01341e-09
2.09358e-09
2.67745e-09
2.42093e-09
3.13696e-10
-5.53827e-10
-1.50168e-09
-1.43727e-09
1.5855e-09
3.46082e-09
3.4739e-09
1.38509e-08
-6.05309e-08
4.19797e-09
1.79095e-06
5.59482e-07
1.0455e-08
-1.80932e-06
1.83025e-06
-5.67112e-07
5.77567e-07
1.27633e-08
-1.85228e-06
1.87286e-06
-5.90077e-07
6.02841e-07
1.01481e-08
-1.89058e-06
1.90394e-06
-6.14943e-07
6.25091e-07
6.03699e-09
-1.91272e-06
1.91826e-06
-6.32659e-07
6.38696e-07
7.97886e-09
-1.92286e-06
1.92652e-06
-6.45359e-07
6.53338e-07
7.02343e-09
-1.92834e-06
1.92567e-06
-6.62065e-07
6.69089e-07
-4.57462e-09
-1.91508e-06
1.8961e-06
-6.71847e-07
6.67272e-07
-1.33744e-08
-1.87261e-06
1.85045e-06
-6.55843e-07
6.42469e-07
-7.61652e-09
-1.83438e-06
1.82466e-06
-6.31592e-07
6.23975e-07
3.92083e-09
-1.82304e-06
1.82791e-06
-6.22384e-07
6.26305e-07
4.88878e-09
-1.83349e-06
1.83888e-06
-6.30872e-07
6.35761e-07
9.88296e-10
-1.84205e-06
1.84218e-06
-6.39424e-07
6.40412e-07
-4.09247e-09
-1.8377e-06
1.83108e-06
-6.38137e-07
6.34045e-07
-7.91022e-10
-1.82552e-06
1.82217e-06
-6.30681e-07
6.2989e-07
-7.36871e-10
-1.81856e-06
1.8128e-06
-6.30037e-07
6.293e-07
-2.73087e-09
-1.80589e-06
1.796e-06
-6.28536e-07
6.25805e-07
-1.24333e-08
-1.78241e-06
1.76543e-06
-6.19162e-07
6.06729e-07
-9.38894e-09
-1.75251e-06
1.74866e-06
-5.93981e-07
5.84592e-07
2.42202e-08
-1.76673e-06
1.80285e-06
-5.89313e-07
6.13533e-07
-8.95874e-10
-1.76207e-06
-5.67603e-07
7.62951e-09
1.25108e-08
1.21021e-08
7.568e-09
6.66293e-09
8.72726e-09
2.75814e-09
-1.14291e-08
-1.08769e-08
-1.59163e-09
4.56762e-09
3.66316e-09
-2.27486e-09
-3.36343e-09
1.4622e-10
-7.63882e-10
-6.64272e-09
-1.27478e-08
4.72046e-09
-4.59304e-08
-3.46834e-06
6.96271e-07
9.31879e-05
-5.19081e-06
9.43661e-05
-8.03947e-06
9.84375e-05
-9.53197e-06
9.73102e-05
-6.00367e-06
-7.03801e-06
0.000101629
-7.45207e-06
5.28186e-05
8.4521e-06
-3.41565e-06
3.12211e-05
-7.70696e-07
-6.20549e-06
3.91255e-06
-3.58315e-06
3.72433e-06
-1.44773e-06
-3.58107e-06
8.30072e-06
3.32592e-05
1.20088e-05
-7.78076e-06
-6.7258e-06
0.000105477
0.000101031
-6.97119e-08
3.6106e-05
-6.71772e-08
-6.59738e-06
2.28677e-06
2.29637e-06
-1.11805e-05
5.51112e-06
-9.42984e-06
2.89809e-07
-5.04608e-07
4.71564e-05
4.63672e-05
6.61743e-07
4.6992e-05
4.71073e-05
5.07042e-05
6.86137e-06
-6.30971e-06
5.01525e-05
5.26419e-05
-2.51464e-07
2.80703e-06
2.45263e-06
2.77184e-05
1.62805e-06
-3.52236e-06
2.39513e-06
2.75528e-06
-2.67372e-06
5.15334e-05
-4.46646e-06
4.92741e-05
3.11879e-05
-1.78627e-06
8.77409e-05
-8.84934e-05
2.53875e-06
8.86019e-05
-8.91555e-05
-1.23268e-06
-9.06429e-06
7.7854e-05
-8.18169e-05
1.30271e-05
-5.99421e-06
7.92034e-05
-8.22734e-05
-4.13509e-06
8.21535e-05
-8.40126e-05
-2.54289e-06
8.33091e-05
-8.49014e-05
-1.60241e-06
8.5054e-05
-8.59945e-05
-9.62548e-07
8.63127e-05
-8.69525e-05
-6.30184e-07
8.74085e-05
8.84129e-05
-4.41176e-07
-1.71041e-05
-7.05404e-05
-1.70057e-05
7.32843e-05
-7.33827e-05
-1.48345e-05
7.28889e-05
-7.50602e-05
-1.05231e-05
7.20361e-05
-7.63475e-05
-5.94081e-06
7.32718e-05
-2.95091e-06
7.62135e-05
-1.2934e-06
8.0496e-05
-3.23566e-07
8.23393e-05
-5.12673e-08
8.47817e-05
-2.81842e-08
8.62896e-05
-7.27317e-08
8.74531e-05
8.84589e-05
-1.1876e-07
-1.05097e-05
-9.5544e-06
-6.49682e-06
-2.80112e-06
-2.44811e-08
1.01401e-06
8.74263e-07
6.24597e-07
4.37637e-07
2.62257e-07
1.08683e-07
-3.06396e-08
-1.11383e-07
4.65093e-05
2.98892e-07
-5.84393e-07
4.73928e-05
-1.5927e-06
9.35726e-05
9.92131e-07
2.15864e-07
-1.76196e-06
9.45353e-05
-3.26426e-06
9.99398e-05
-5.90594e-06
9.99519e-05
-7.88131e-06
0.000103604
-3.7021e-06
0.000101259
-2.64344e-06
-3.20698e-06
2.72233e-05
3.60701e-06
-2.52966e-06
-1.05072e-05
2.36852e-06
-6.94503e-07
-4.34774e-06
7.11385e-06
7.52624e-05
-1.88112e-06
-3.32073e-08
8.72838e-06
0.000103863
0.000102757
-2.38749e-07
-4.66273e-05
1.49407e-07
4.67166e-05
-4.74778e-05
-3.82497e-08
-7.04329e-08
4.75865e-05
-1.05608e-07
9.37692e-05
2.46684e-07
-3.37675e-07
-3.88933e-07
9.48187e-05
-4.17295e-07
9.99682e-05
-1.95619e-06
0.000101491
-8.04497e-07
0.000102452
2.2506e-06
9.82036e-05
-1.46208e-06
3.8557e-05
-6.84626e-06
-2.7998e-05
-3.87678e-06
-2.25011e-05
1.25924e-05
1.23234e-05
-7.32184e-07
-1.16908e-05
2.65957e-06
5.88661e-06
5.8363e-06
6.8694e-05
6.74729e-06
0.000102952
6.82024e-06
0.000102684
6.21633e-06
9.98652e-05
4.74153e-06
9.83612e-05
3.21731e-06
9.89125e-05
9.51783e-05
-3.53387e-07
-4.67185e-05
3.20259e-07
4.67517e-05
-4.76166e-05
-2.87852e-07
2.46161e-07
4.76583e-05
-7.23147e-07
9.47913e-05
-8.16359e-08
-2.17305e-07
-2.5798e-06
9.66753e-05
-7.04413e-07
9.80928e-05
1.40277e-06
9.93836e-05
3.97338e-06
9.98818e-05
6.46831e-06
9.57087e-05
8.79169e-06
3.62336e-05
6.01198e-06
-1.97213e-05
-5.49901e-08
-5.62381e-06
2.93536e-06
6.57036e-05
3.43141e-06
0.000102456
3.53782e-06
0.000102578
2.63098e-06
0.000100772
7.93632e-07
0.000100199
3.7851e-07
9.93276e-05
9.52987e-05
-4.31135e-07
-4.67693e-05
3.89036e-07
4.68114e-05
-4.77132e-05
-2.81273e-07
7.86304e-08
4.79159e-05
-4.57369e-07
9.55461e-05
1.18937e-07
-4.16404e-07
-4.79538e-07
9.66975e-05
8.40334e-07
9.67729e-05
3.13661e-06
9.70873e-05
6.29439e-06
9.6724e-05
9.86124e-06
9.21418e-05
1.44143e-05
3.16805e-05
1.21633e-05
-1.74703e-05
3.15457e-06
3.38489e-06
1.02814e-06
6.783e-05
1.10858e-06
0.000102375
2.09361e-07
0.000103477
-4.5824e-07
0.00010144
2.34391e-07
9.9506e-05
1.49171e-06
9.80703e-05
9.64816e-05
-4.57002e-07
-4.68213e-05
4.47666e-07
4.68306e-05
-4.78752e-05
-3.62564e-07
1.43019e-07
4.80947e-05
5.4628e-07
9.56278e-05
2.51838e-08
-6.53114e-07
9.93832e-07
9.62499e-05
2.00293e-06
9.57638e-05
3.90362e-06
9.51867e-05
7.17482e-06
9.34528e-05
1.15721e-05
8.77445e-05
1.78191e-05
2.54335e-05
1.41821e-05
-1.38333e-05
4.18702e-06
1.338e-05
-5.46699e-07
7.25638e-05
-1.52722e-06
0.000103356
-2.16148e-06
0.000104111
-1.15713e-06
0.000100435
-5.04139e-08
9.83992e-05
4.61893e-07
9.7558e-05
9.66157e-05
-4.90629e-07
-4.68079e-05
5.24643e-07
4.67739e-05
-4.80105e-05
-4.92829e-07
3.249e-07
4.81784e-05
1.12761e-06
9.55801e-05
-2.06161e-07
-8.73767e-07
1.75629e-06
9.56212e-05
2.54959e-06
9.49705e-05
4.3975e-06
9.33387e-05
6.55793e-06
9.12924e-05
1.07587e-05
8.35438e-05
1.80841e-05
1.81081e-05
1.18393e-05
-7.58852e-06
4.80955e-07
2.47383e-05
-8.04471e-06
8.10894e-05
-7.05188e-06
0.000102363
-4.59449e-06
0.000101654
-2.80166e-06
9.86424e-05
-1.83565e-06
9.74332e-05
-1.14084e-06
9.68631e-05
9.61444e-05
-4.86506e-07
-4.67169e-05
5.37685e-07
4.66658e-05
-4.80172e-05
-5.11198e-07
3.49506e-07
4.81789e-05
1.09084e-06
9.5528e-05
-2.32041e-07
-8.06662e-07
1.35547e-06
9.53566e-05
1.44575e-06
9.48802e-05
2.1929e-06
9.25916e-05
2.50368e-06
9.09816e-05
7.22297e-06
7.88245e-05
1.1167e-05
1.41641e-05
2.45756e-06
1.12089e-06
-1.01776e-05
3.73734e-05
-1.4431e-05
8.53429e-05
-1.06045e-05
9.85365e-05
-7.42039e-06
9.84696e-05
-5.12624e-06
9.63483e-05
-3.79274e-06
9.60997e-05
-2.74307e-06
9.58135e-05
9.52052e-05
-4.89684e-07
-4.6605e-05
5.64449e-07
4.65302e-05
-4.80351e-05
-5.64711e-07
4.14685e-07
4.81851e-05
1.01714e-06
9.562e-05
-3.02496e-07
-8.06632e-07
9.35981e-07
9.54378e-05
6.23388e-07
9.51928e-05
-1.8757e-07
9.34026e-05
-1.04607e-07
9.08986e-05
3.20523e-06
7.55147e-05
5.18673e-07
1.68506e-05
-8.24394e-06
9.8835e-06
-1.79187e-05
4.70482e-05
-1.77537e-05
8.51779e-05
-1.32958e-05
9.40786e-05
-9.43277e-06
9.46066e-05
-6.59379e-06
9.35093e-05
-4.57482e-06
9.40808e-05
-3.34241e-06
9.45811e-05
9.43039e-05
-4.87352e-07
-4.6435e-05
5.92165e-07
4.63302e-05
-4.80501e-05
-5.88462e-07
4.68975e-07
4.81695e-05
1.03746e-06
9.57682e-05
-3.77281e-07
-8.08368e-07
6.88618e-07
9.57866e-05
1.88368e-07
9.56931e-05
-4.66746e-07
9.40577e-05
-2.0258e-06
9.24577e-05
-1.39231e-06
7.48812e-05
-8.01706e-06
2.34754e-05
-1.64649e-05
1.83314e-05
-2.13126e-05
5.18959e-05
-1.8638e-05
8.25032e-05
-1.43845e-05
8.98251e-05
-1.09798e-05
9.12019e-05
-8.22351e-06
9.0753e-05
-6.18826e-06
9.20455e-05
-3.8224e-06
9.22152e-05
-2.72685e-06
9.32084e-05
9.32641e-05
-1.98272e-06
-4.90622e-07
-4.6209e-05
6.21693e-07
4.60779e-05
-4.80671e-05
-6.42822e-07
5.30156e-07
4.81798e-05
1.15058e-06
9.58731e-05
-4.38904e-07
-8.16657e-07
9.981e-07
9.59391e-05
5.13049e-07
9.61781e-05
-1.9149e-06
9.64856e-05
-4.37253e-06
9.49153e-05
-6.42623e-06
7.69349e-05
-1.58623e-05
3.29114e-05
-2.23364e-05
2.48055e-05
-2.27581e-05
5.23176e-05
-2.01516e-05
7.98967e-05
-1.58344e-05
8.5508e-05
-1.24973e-05
8.78648e-05
-9.42221e-06
8.76779e-05
-7.24251e-06
8.98658e-05
-5.34216e-06
9.03149e-05
-3.48864e-06
9.13548e-05
9.20059e-05
-2.23036e-06
-5.06208e-07
-4.59288e-05
6.78465e-07
4.57566e-05
-4.80935e-05
-7.29974e-07
6.76482e-07
4.8147e-05
1.99415e-06
9.55166e-05
-6.50054e-07
-9.87605e-07
2.38297e-06
9.55503e-05
2.18968e-06
9.63714e-05
6.96247e-07
9.79791e-05
-2.71162e-06
9.83232e-05
-8.75215e-06
8.29754e-05
-1.92735e-05
4.34328e-05
-2.43179e-05
2.98499e-05
-2.09355e-05
4.89352e-05
-1.92417e-05
7.82028e-05
-1.51369e-05
8.14032e-05
-1.0184e-05
8.29119e-05
-8.27454e-06
8.57684e-05
-5.94139e-06
8.75327e-05
-4.65628e-06
8.90298e-05
-3.55376e-06
9.02523e-05
9.09891e-05
-2.53697e-06
-5.14997e-07
-4.55569e-05
7.42619e-07
4.53292e-05
-4.80184e-05
-8.37288e-07
8.48893e-07
4.80068e-05
2.8672e-06
9.49621e-05
-9.42511e-07
-1.37018e-06
3.19156e-06
9.52259e-05
3.8428e-06
9.57202e-05
4.47689e-06
9.7345e-05
3.85504e-06
9.8945e-05
-3.07344e-06
8.99039e-05
-1.64968e-05
5.68562e-05
-2.24913e-05
3.58443e-05
-1.73432e-05
4.37871e-05
-1.28664e-05
7.3726e-05
-9.42033e-06
7.79572e-05
-4.96234e-06
7.84539e-05
-4.19376e-06
8.49999e-05
-2.8987e-06
8.62376e-05
-2.54075e-06
8.86718e-05
-2.09929e-06
8.98109e-05
9.07206e-05
-1.83077e-06
-4.95375e-07
-4.50779e-05
7.73571e-07
4.47997e-05
-4.77634e-05
-9.92302e-07
1.13602e-06
4.76197e-05
3.64179e-06
9.41374e-05
-1.28159e-06
-1.53546e-06
4.51317e-06
9.43545e-05
5.52362e-06
9.47097e-05
6.76413e-06
9.61045e-05
8.495e-06
9.72142e-05
6.36611e-06
9.20328e-05
-7.36071e-06
7.0583e-05
-1.54821e-05
4.39658e-05
-1.30534e-05
4.13583e-05
-5.3229e-06
6.59955e-05
-1.83517e-06
7.44695e-05
-1.10688e-06
7.77256e-05
-1.16468e-06
8.50577e-05
-1.2372e-06
8.63101e-05
-1.31064e-06
8.87452e-05
-1.13593e-06
8.96361e-05
9.07112e-05
-1.12658e-06
-4.39299e-07
-4.44443e-05
7.80517e-07
4.41031e-05
-4.73781e-05
-1.01179e-06
1.17852e-06
4.72113e-05
3.83364e-06
9.32336e-05
-1.3691e-06
-1.56073e-06
5.21572e-06
9.29725e-05
6.54857e-06
9.33769e-05
9.03769e-06
9.36153e-05
1.17175e-05
9.45344e-05
1.2328e-05
9.14222e-05
3.98376e-06
7.89273e-05
-5.14966e-06
5.30992e-05
-6.64552e-06
4.28542e-05
1.33004e-06
5.802e-05
2.69808e-06
7.31014e-05
8.50215e-07
7.95735e-05
4.07523e-07
8.55003e-05
-2.18957e-07
8.69366e-05
-4.18844e-07
8.89451e-05
-6.36758e-07
8.98541e-05
9.08579e-05
-7.83407e-07
-3.59481e-07
-4.37601e-05
6.97649e-07
4.34219e-05
-4.69494e-05
-9.75508e-07
1.18173e-06
4.67432e-05
3.78193e-06
9.23111e-05
-1.37413e-06
-1.4853e-06
5.13913e-06
9.16153e-05
6.86042e-06
9.16556e-05
9.61639e-06
9.08594e-05
1.29745e-05
9.11763e-05
1.56038e-05
8.87929e-05
1.3271e-05
8.12601e-05
5.99279e-06
6.03774e-05
3.02339e-06
4.58236e-05
7.78417e-06
5.32592e-05
8.35005e-06
7.25355e-05
5.17936e-06
8.27442e-05
3.52509e-06
8.71546e-05
1.90944e-06
8.85522e-05
8.24304e-07
9.00303e-05
1.01667e-07
9.05767e-05
-3.37139e-07
9.12967e-05
9.16674e-05
-9.143e-05
-5.74621e-07
-2.50823e-07
-4.3092e-05
5.69444e-07
4.27734e-05
-4.64529e-05
-8.36875e-07
1.10496e-06
4.61849e-05
4.26257e-06
9.08379e-05
-1.34882e-06
-1.44058e-06
5.77478e-06
9.0103e-05
8.09385e-06
8.93365e-05
1.0086e-05
8.88673e-05
1.35394e-05
8.77229e-05
1.7255e-05
8.50772e-05
1.7593e-05
8.09222e-05
1.57834e-05
6.2187e-05
1.26469e-05
4.89601e-05
1.28688e-05
5.30373e-05
1.36162e-05
7.17881e-05
9.83854e-06
8.65219e-05
6.19756e-06
9.07956e-05
3.27043e-06
9.14794e-05
1.48674e-06
9.1814e-05
3.50644e-07
9.17128e-05
-2.64007e-07
9.19113e-05
9.19577e-05
-5.54272e-07
-1.31157e-07
-4.2454e-05
4.2654e-07
4.21587e-05
-4.58564e-05
-7.35981e-07
1.04047e-06
4.5552e-05
4.58702e-06
8.89657e-05
-1.33213e-06
-1.38272e-06
6.50482e-06
8.81852e-05
8.98248e-06
8.68588e-05
1.10438e-05
8.68059e-05
1.39989e-05
8.47678e-05
1.66715e-05
8.24046e-05
1.86687e-05
7.8925e-05
2.07968e-05
6.00588e-05
1.93193e-05
5.04376e-05
1.67602e-05
5.55964e-05
1.36852e-05
7.48632e-05
8.20535e-06
9.20017e-05
4.17493e-06
9.4826e-05
1.67296e-06
9.39813e-05
2.46495e-07
9.32404e-05
-4.73091e-07
9.24324e-05
-7.32519e-07
9.21707e-05
9.20292e-05
-8.04017e-07
9.81446e-09
-4.19027e-05
2.05789e-07
4.16871e-05
-4.52283e-05
-4.85512e-07
7.57996e-07
4.49558e-05
3.59374e-06
8.75122e-05
-1.06557e-06
-1.07463e-06
5.38826e-06
8.63907e-05
7.44536e-06
8.48017e-05
1.04484e-05
8.38029e-05
1.25588e-05
8.26574e-05
1.39236e-05
8.10398e-05
1.9175e-05
7.36736e-05
2.27979e-05
5.64359e-05
2.09757e-05
5.22598e-05
1.51843e-05
6.13877e-05
7.23359e-06
8.28139e-05
1.65651e-06
9.75788e-05
-3.17915e-07
9.68004e-05
-1.06442e-06
9.47279e-05
-1.22492e-06
9.34009e-05
-1.18883e-06
9.23963e-05
-1.05536e-06
9.20373e-05
9.19405e-05
-9.6669e-07
1.09195e-07
-4.15011e-05
3.45587e-08
4.13574e-05
-4.46731e-05
-2.61828e-07
4.87825e-07
4.44471e-05
1.63269e-06
8.70295e-05
-6.22001e-07
-5.27962e-07
2.71613e-06
8.53073e-05
4.15079e-06
8.33671e-05
7.22326e-06
8.07305e-05
9.22217e-06
8.06584e-05
1.17179e-05
7.85441e-05
1.85837e-05
6.68079e-05
1.99236e-05
5.50959e-05
1.5577e-05
5.66065e-05
5.78235e-06
7.11824e-05
-1.9404e-06
9.05366e-05
-3.19033e-06
9.88287e-05
-2.6163e-06
9.62264e-05
-2.22977e-06
9.43413e-05
-1.84763e-06
9.30188e-05
-1.62053e-06
9.21692e-05
-1.44118e-06
9.18579e-05
9.17506e-05
-1.25129e-06
1.46738e-07
-4.12758e-05
-1.28009e-07
4.12571e-05
-4.42329e-05
4.21583e-08
8.21037e-08
4.41086e-05
1.05808e-07
8.69955e-05
-1.0446e-07
3.26259e-08
2.63568e-07
8.51495e-05
7.91323e-07
8.28393e-05
2.62734e-06
7.88944e-05
5.45152e-06
7.78343e-05
1.04646e-05
7.35309e-05
1.55508e-05
6.17217e-05
1.40304e-05
5.66164e-05
6.22411e-06
6.44127e-05
-3.52083e-06
8.09273e-05
-6.33852e-06
9.33543e-05
-5.06888e-06
9.75591e-05
-3.73514e-06
9.48927e-05
-2.93361e-06
9.35398e-05
-2.26642e-06
9.23516e-05
-1.89322e-06
9.1796e-05
-1.6261e-06
9.15908e-05
9.15235e-05
-1.399e-06
9.19876e-08
-4.12804e-05
-1.57049e-07
4.13455e-05
-4.40738e-05
1.81129e-07
-2.07595e-07
4.41002e-05
-6.25499e-07
2.46897e-07
2.39998e-07
-8.09681e-07
8.53337e-05
-1.13399e-06
8.31636e-05
-9.19238e-07
7.86797e-05
1.89612e-06
7.50189e-05
6.93759e-06
6.84895e-05
8.99706e-06
5.96622e-05
4.49025e-06
6.11232e-05
-4.80282e-06
7.37058e-05
-9.60597e-06
8.57304e-05
-9.3137e-06
9.30621e-05
-6.81739e-06
9.50628e-05
-4.82161e-06
9.28969e-05
-3.4991e-06
9.22173e-05
-2.58225e-06
9.14347e-05
-2.05348e-06
9.12672e-05
-1.61562e-06
9.11529e-05
9.12404e-05
-1.33245e-06
-2.64739e-06
8.61407e-05
-3.25756e-06
8.37738e-05
-3.95753e-06
7.93796e-05
-2.41358e-06
7.3475e-05
8.1409e-07
6.52618e-05
-2.73723e-08
6.05037e-05
-7.17083e-06
6.82667e-05
-1.29522e-05
7.94871e-05
-1.35356e-05
8.63139e-05
-1.14468e-05
9.09733e-05
-8.34373e-06
9.19597e-05
-6.17038e-06
9.07235e-05
-4.64287e-06
9.06898e-05
-3.53328e-06
9.03251e-05
-2.74483e-06
9.04788e-05
-2.02891e-06
9.0437e-05
9.07245e-05
-1.51306e-06
-5.83458e-06
-7.80852e-06
-9.11321e-06
-7.56112e-06
-6.43706e-06
6.41378e-05
-9.50893e-06
6.35755e-05
-1.54488e-05
7.42066e-05
-1.71594e-05
8.11977e-05
-1.61837e-05
8.53382e-05
-1.3234e-05
8.80236e-05
-1.01422e-05
8.88679e-05
-7.95133e-06
8.85326e-05
-6.11461e-06
8.8853e-05
-4.71628e-06
8.89268e-05
-3.59258e-06
8.93551e-05
-2.64012e-06
8.94846e-05
8.99587e-05
-1.87428e-06
-1.42071e-05
-1.77083e-05
6.70767e-05
-1.92342e-05
7.57324e-05
-1.90007e-05
8.09643e-05
-1.73571e-05
8.36945e-05
-1.41326e-05
8.47991e-05
-1.08551e-05
8.55904e-05
-8.56043e-06
8.6238e-05
-6.49378e-06
8.67864e-05
-4.93829e-06
8.73713e-05
-3.65607e-06
8.80729e-05
-2.66491e-06
-1.86169e-06
-2.17934e-05
6.8813e-05
-2.06953e-05
7.46344e-05
-1.83407e-05
7.86097e-05
-1.54456e-05
8.07994e-05
-1.24634e-05
-9.14639e-06
-6.921e-06
-5.03596e-06
-3.65911e-06
-2.22802e-05
-2.10285e-05
-1.7479e-05
3.61763e-05
-1.01012e-07
3.61867e-05
1.50462e-07
-1.60851e-07
3.61474e-05
-1.99401e-07
3.60654e-05
2.83992e-07
-2.01991e-07
3.59331e-05
-2.21135e-07
3.57667e-05
4.12513e-07
-2.4604e-07
3.55866e-05
-2.51103e-07
3.53921e-05
4.41042e-07
-2.46516e-07
3.51794e-05
-2.44343e-07
3.49444e-05
4.72927e-07
-2.37912e-07
3.46822e-05
-2.2835e-07
3.44094e-05
4.93499e-07
-2.20778e-07
3.41323e-05
-2.09366e-07
3.38341e-05
4.91082e-07
-1.92899e-07
3.35162e-05
-1.7182e-07
3.31806e-05
4.85434e-07
-1.49785e-07
3.28265e-05
-1.33215e-07
3.24574e-05
4.85836e-07
-1.16806e-07
3.20688e-05
-1.01964e-07
3.16611e-05
4.96825e-07
-8.91219e-08
3.12299e-05
-7.50708e-08
3.07767e-05
5.12773e-07
-5.95376e-08
3.03059e-05
-4.42334e-08
2.98229e-05
5.15139e-07
-3.20651e-08
2.93458e-05
-1.8343e-08
2.88848e-05
4.62851e-07
-1.86235e-09
2.8432e-05
1.35187e-08
2.80082e-05
4.0162e-07
2.22238e-08
2.76224e-05
2.63252e-08
2.72803e-05
3.11289e-07
3.07525e-08
2.69944e-05
3.51365e-08
2.67669e-05
1.87355e-07
4.01177e-08
2.65939e-05
4.17922e-08
2.64843e-05
6.72461e-08
4.23687e-08
2.64452e-05
4.88979e-08
2.64536e-05
-6.84247e-08
6.00199e-08
2.64982e-05
6.46602e-08
2.65743e-05
-1.37968e-07
6.18273e-08
2.66614e-05
5.96322e-08
2.67339e-05
-1.2919e-07
5.66959e-08
2.67778e-05
4.813e-08
-4.75837e-08
3.81432e-08
4.73439e-05
-3.24139e-08
-7.58268e-08
4.74521e-05
4.73998e-05
1.60912e-07
4.74547e-05
2.85266e-06
3.41818e-06
-7.41179e-06
-1.13417e-05
5.59558e-06
-4.34489e-06
1.7966e-07
2.80602e-06
4.75633e-05
-2.82098e-07
2.31052e-07
4.76143e-05
4.7631e-05
-2.00943e-07
4.74943e-05
4.76467e-05
-3.94833e-07
3.19841e-07
4.77217e-05
4.76588e-05
-2.64942e-07
4.77064e-05
4.78295e-05
-4.31182e-07
3.58702e-07
4.7902e-05
4.7904e-05
-3.99418e-07
4.7887e-05
4.79871e-05
-4.95677e-07
4.74368e-07
4.80084e-05
4.80552e-05
-5.58618e-07
4.79607e-05
4.80402e-05
-5.50445e-07
5.72529e-07
4.80181e-05
4.80794e-05
-7.337e-07
4.79394e-05
4.80446e-05
-5.51851e-07
5.60562e-07
4.80359e-05
4.80568e-05
-7.04405e-07
4.79546e-05
4.80356e-05
-5.80617e-07
5.95969e-07
4.80203e-05
4.80668e-05
-7.31004e-07
4.79912e-05
4.8024e-05
-6.07039e-07
6.24969e-07
4.8006e-05
4.80828e-05
-7.27398e-07
4.80019e-05
4.79849e-05
-6.45961e-07
6.89274e-07
4.79416e-05
4.80931e-05
-7.75569e-07
4.8052e-05
4.78901e-05
-7.12468e-07
7.97287e-07
4.78053e-05
4.80785e-05
-9.25823e-07
4.80167e-05
4.77106e-05
-7.66474e-07
8.89416e-07
4.75877e-05
4.79231e-05
-1.13284e-06
4.76857e-05
4.73689e-05
-8.18257e-07
1.04111e-06
4.71461e-05
4.75402e-05
-1.28273e-06
4.72874e-05
4.69148e-05
-7.44641e-07
1.00691e-06
4.66525e-05
4.70968e-05
-1.2688e-06
4.68049e-05
4.63747e-05
-6.41178e-07
9.25954e-07
4.60899e-05
4.66125e-05
-1.21623e-06
4.63435e-05
4.58225e-05
-5.06697e-07
7.96055e-07
4.55331e-05
4.60996e-05
-1.12447e-06
4.57835e-05
4.52237e-05
-3.23183e-07
6.37937e-07
4.49089e-05
4.54918e-05
-9.61615e-07
4.50707e-05
4.46292e-05
-1.17563e-07
3.77757e-07
4.4369e-05
4.47631e-05
-6.60413e-07
4.43489e-05
4.41417e-05
5.64154e-08
1.22727e-07
4.39626e-05
4.42148e-05
-3.36981e-07
4.40238e-05
4.38767e-05
1.52539e-07
-1.44958e-07
4.38692e-05
4.40014e-05
1.10099e-07
4.39239e-05
4.38932e-05
1.49805e-07
-2.01655e-07
4.39632e-05
2.59e-07
-3.55791e-08
4.18133e-06
1.69587e-06
-4.90199e-08
4.12934e-06
1.64685e-06
-8.32797e-08
-4.03662e-06
3.9205e-06
-1.57872e-06
1.49544e-06
-8.27567e-08
-3.80043e-06
3.66205e-06
-1.41352e-06
1.33077e-06
-9.06606e-08
-3.50622e-06
3.34577e-06
-1.24056e-06
1.1499e-06
-8.35781e-08
-3.18492e-06
3.02416e-06
-1.06423e-06
9.80655e-07
-7.51915e-08
-2.86651e-06
2.71335e-06
-9.00395e-07
8.25204e-07
-6.847e-08
-2.56476e-06
2.42387e-06
-7.53012e-07
6.84542e-07
-5.42777e-08
-2.29368e-06
2.17614e-06
-6.21826e-07
5.67549e-07
-3.91907e-08
-2.07164e-06
1.97761e-06
-5.22268e-07
4.83077e-07
-2.81354e-08
-1.8941e-06
1.82027e-06
-4.49784e-07
4.21649e-07
-1.98184e-08
-1.75541e-06
1.70016e-06
-3.97388e-07
3.77569e-07
-9.51469e-09
-1.65539e-06
1.62068e-06
-3.62794e-07
3.53279e-07
-1.66231e-09
-1.5942e-06
1.57752e-06
-3.47688e-07
3.46026e-07
9.17075e-09
-1.57221e-06
1.57656e-06
-3.49476e-07
3.58647e-07
1.16737e-08
-1.5873e-06
1.60195e-06
-3.70124e-07
3.81797e-07
1.41828e-08
-1.61977e-06
1.64072e-06
-3.94736e-07
4.08918e-07
1.60427e-08
-1.66508e-06
1.69083e-06
-4.24681e-07
4.40724e-07
1.75544e-08
-1.71797e-06
1.74931e-06
-4.55949e-07
4.73504e-07
2.57008e-08
-1.7864e-06
1.82536e-06
-4.96436e-07
5.22136e-07
2.47434e-08
-1.86229e-06
1.89718e-06
-5.47033e-07
5.71776e-07
2.19427e-08
-1.92924e-06
1.95543e-06
-5.96412e-07
6.18354e-07
-6.81339e-08
-8.19155e-08
-9.02071e-08
-8.5666e-08
-8.02601e-08
-7.21916e-08
-6.27156e-08
-4.52812e-08
-3.32928e-08
-2.42607e-08
-1.47757e-08
-5.59075e-09
3.45024e-09
1.14767e-08
1.29383e-08
1.57629e-08
1.52254e-08
2.29321e-08
2.48964e-08
2.46355e-08
1.85322e-08
-1.53279e-06
9.32997e-05
9.34514e-05
-1.64647e-06
9.27158e-05
9.30711e-05
-1.60476e-06
9.17836e-05
9.26602e-05
-1.59134e-06
9.15442e-05
-1.0833e-06
9.21522e-05
-3.12044e-07
9.29164e-05
-4.77436e-07
-2.86618e-07
4.66553e-05
3.06724e-05
2.38319e-07
-3.52967e-08
-1.00791e-06
9.14255e-05
-9.31229e-07
9.20755e-05
-2.92615e-07
9.27614e-05
-4.83632e-07
-4.65574e-05
-2.50668e-07
4.65154e-05
-3.04778e-05
3.02877e-05
2.14583e-07
-2.44824e-08
-7.87865e-07
-7.82263e-07
9.20699e-05
-2.92366e-07
-4.14912e-07
9.26864e-05
-4.64127e-05
-2.77555e-07
4.63979e-05
-3.00965e-05
2.98948e-05
2.19013e-07
-1.73092e-08
2.23308e-07
-2.86862e-08
2.12994e-07
-2.17616e-08
2.19175e-07
-1.55973e-08
2.96912e-05
4.48064e-05
3.79514e-07
4.46502e-05
4.46141e-05
3.80949e-07
4.44462e-05
4.43876e-05
3.5042e-07
4.42564e-05
4.63334e-05
-8.94863e-09
2.08508e-06
5.98547e-07
-4.6135e-09
-2.06244e-06
2.04257e-06
-5.92508e-07
5.87894e-07
-2.01592e-09
-2.02451e-06
2.00922e-06
-5.84189e-07
5.82173e-07
-6.03926e-09
-3.70591e-09
-1.45795e-09
1.99508e-06
5.80715e-07
-1.25865e-06
9.04766e-05
-9.10923e-05
-3.3394e-07
9.09723e-05
-3.55108e-07
-9.15419e-05
-2.29592e-07
4.5356e-05
-4.54604e-05
2.61881e-05
1.03374e-07
-2.62976e-05
6.0541e-09
-1.20596e-06
8.98209e-05
-2.86073e-07
9.0359e-05
-3.06572e-07
-4.52202e-05
-1.79618e-07
4.51137e-05
-2.6096e-05
2.60224e-05
6.41091e-08
9.46668e-09
-7.99954e-07
8.93882e-05
-2.06542e-07
8.99882e-05
-2.22645e-07
-4.49638e-05
-1.09881e-07
4.48671e-05
-2.59709e-05
2.59404e-05
1.54634e-08
1.50345e-08
-3.18282e-07
8.92653e-05
-1.09541e-07
8.98985e-05
-1.18953e-07
-4.47405e-05
-6.70611e-08
4.4698e-05
-2.59128e-05
2.58818e-05
1.77072e-08
1.32347e-08
-1.50797e-07
8.92973e-05
-7.48596e-08
8.99266e-05
-1.04105e-07
-4.46437e-05
-7.06123e-08
4.46394e-05
-2.58423e-05
2.57867e-05
4.67703e-08
8.78806e-09
-2.49112e-08
-6.81197e-08
-8.82658e-08
-4.46246e-05
-1.01231e-07
4.46577e-05
-2.57079e-05
2.56081e-05
9.82355e-08
1.54171e-09
8.27858e-08
9.37393e-09
3.94441e-08
1.20798e-08
1.2202e-08
1.54034e-08
2.7586e-08
1.19449e-08
7.31043e-08
5.7376e-09
1.13184e-07
-4.70988e-10
4.21842e-05
-4.23105e-05
2.19261e-07
4.20478e-05
4.19323e-05
1.56618e-07
4.18151e-05
4.17207e-05
9.6018e-08
4.16369e-05
4.15875e-05
6.45934e-08
4.15505e-05
4.15266e-05
8.93001e-08
4.15105e-05
4.15075e-05
1.09384e-07
-6.709e-07
9.21662e-05
-2.71062e-07
9.26791e-05
-3.92501e-07
-2.73028e-07
4.63354e-05
2.94833e-05
2.2212e-07
-1.41699e-08
-6.83778e-07
9.22957e-05
-2.98937e-07
9.27014e-05
-4.07145e-07
-4.62916e-05
-2.98721e-07
4.62914e-05
-2.92698e-05
2.90471e-05
2.31555e-07
-8.92879e-09
-7.96993e-07
9.22887e-05
-3.30235e-07
9.26721e-05
-4.37494e-07
-4.62532e-05
-3.1938e-07
4.62424e-05
-2.88163e-05
2.85769e-05
2.45217e-07
-5.8241e-09
-8.94976e-07
9.22169e-05
-3.57673e-07
9.25945e-05
-4.59619e-07
-4.61937e-05
-3.33509e-07
4.61695e-05
-2.83333e-05
2.80889e-05
2.48419e-07
-3.99434e-09
-1.05843e-06
9.20241e-05
-3.88278e-07
9.23991e-05
-4.7484e-07
-4.61122e-05
-3.46283e-07
4.60702e-05
-2.78455e-05
2.76063e-05
2.423e-07
-3.0428e-09
-1.13835e-06
9.17634e-05
-4.06819e-07
9.21439e-05
-4.76266e-07
-4.59966e-05
-3.44171e-07
4.59339e-05
-2.73727e-05
2.71502e-05
2.24684e-07
-2.16186e-09
-1.0679e-06
9.14989e-05
-3.8442e-07
9.18961e-05
-4.35688e-07
-4.58383e-05
-3.08481e-07
4.57623e-05
-2.69387e-05
2.67518e-05
1.86628e-07
3.53187e-10
-1.10644e-06
-3.57055e-07
-3.95207e-07
-4.56593e-05
-2.68008e-07
4.55703e-05
-2.6578e-05
2.6433e-05
1.40808e-07
4.20967e-09
2.25365e-07
-1.18793e-08
2.38133e-07
-7.26309e-09
2.48762e-07
-5.2023e-09
2.47268e-07
-3.91694e-09
2.3662e-07
-3.06172e-09
2.13795e-07
-2.32186e-09
1.72643e-07
1.11743e-09
1.29973e-07
5.43425e-09
4.42055e-05
3.48759e-07
4.40821e-05
4.40149e-05
3.68936e-07
4.38841e-05
4.381e-05
3.88822e-07
4.36699e-05
4.35848e-05
4.02264e-07
4.34298e-05
4.33258e-05
4.01249e-07
4.31612e-05
4.30417e-05
3.80617e-07
4.28749e-05
4.2753e-05
3.32666e-07
4.2593e-05
4.24658e-05
2.85322e-07
2.64962e-09
1.92197e-06
-1.91857e-06
5.99221e-07
-5.96571e-07
3.96841e-09
-1.92718e-06
1.93268e-06
-6.03388e-07
6.07357e-07
6.97622e-09
-1.93953e-06
1.94758e-06
-6.12591e-07
6.19567e-07
6.84842e-09
-1.95561e-06
1.962e-06
-6.26939e-07
6.33788e-07
5.80322e-09
-1.96724e-06
1.97022e-06
-6.40494e-07
6.46297e-07
3.32051e-09
-1.97123e-06
1.96945e-06
-6.51026e-07
6.54347e-07
4.16737e-09
5.23417e-09
7.37233e-09
6.70584e-09
4.72931e-09
2.99077e-09
-1.38849e-09
1.9823e-06
5.79326e-07
3.93952e-10
-1.97103e-06
1.9617e-06
-5.78718e-07
5.79112e-07
1.29242e-09
-1.95346e-06
1.94634e-06
-5.80095e-07
5.81387e-07
1.45225e-09
-1.93985e-06
1.9344e-06
-5.82679e-07
5.84131e-07
1.22679e-09
-1.92927e-06
1.925e-06
-5.85341e-07
5.86568e-07
9.06883e-10
-1.92108e-06
1.91801e-06
-5.87433e-07
5.8834e-07
1.31901e-09
-1.91525e-06
1.91428e-06
-5.88778e-07
5.90097e-07
2.4685e-09
-1.91407e-06
1.91581e-06
-5.91425e-07
5.93893e-07
-6.08496e-10
9.83047e-10
1.29171e-09
1.21006e-09
8.65489e-10
4.37548e-10
1.32793e-09
2.67802e-09
)
;

boundaryField
{
    inlet
    {
        type            calculated;
        value           nonuniform List<scalar> 0();
    }
    outlet
    {
        type            calculated;
        value           nonuniform List<scalar> 
52
(
3.46641e-05
4.50912e-05
4.50303e-05
4.47103e-05
4.43647e-05
4.37669e-05
4.31833e-05
4.23503e-05
4.1525e-05
4.03679e-05
3.94577e-05
3.81892e-05
3.68654e-05
3.66341e-05
3.79463e-05
4.15903e-05
4.49572e-05
4.61348e-05
4.62418e-05
4.61481e-05
4.62189e-05
4.63912e-05
4.51658e-05
2.06326e-05
2.01794e-05
4.28219e-05
4.53685e-05
4.48455e-05
4.46025e-05
4.41968e-05
4.35013e-05
4.29029e-05
4.19089e-05
4.12681e-05
4.00901e-05
3.9142e-05
3.77485e-05
3.6516e-05
3.70033e-05
3.88911e-05
4.27794e-05
4.55251e-05
4.61694e-05
4.62181e-05
4.61378e-05
4.62612e-05
4.64635e-05
3.71103e-05
1.7839e-06
5.94913e-07
1.77537e-06
5.66707e-07
)
;
    }
    wall
    {
        type            calculated;
        value           uniform 0;
    }
    empty_zmin
    {
        type            empty;
    }
    empty_zmax
    {
        type            empty;
    }
    procBoundary1to0
    {
        type            processor;
        value           nonuniform List<scalar> 
39
(
-9.64645e-05
-9.47012e-05
-9.3757e-05
-9.3092e-05
-9.19334e-05
-9.19806e-05
-9.19039e-05
-9.21385e-05
-4.62417e-05
-3.41647e-05
-4.53863e-05
-3.44335e-06
-1.33521e-06
-9.17586e-05
-9.26436e-05
-9.55888e-05
-9.58177e-05
-9.8119e-05
-9.85364e-05
-4.61471e-05
-4.69501e-05
1.34275e-06
-5.13702e-05
-3.62575e-05
3.06364e-06
1.30655e-06
-3.79789e-05
-5.03235e-05
-5.26561e-05
7.48361e-07
-1.48478e-06
-3.59691e-05
2.24353e-06
-4.97042e-05
-5.10135e-05
-4.69416e-05
-4.69575e-05
-4.21293e-06
-1.73145e-06
)
;
    }
}


// ************************************************************************* //
