/*--------------------------------*- C++ -*----------------------------------*\
| =========                 |                                                 |
| \\      /  F ield         | OpenFOAM: The Open Source CFD Toolbox           |
|  \\    /   O peration     | Version:  2406                                  |
|   \\  /    A nd           | Website:  www.openfoam.com                      |
|    \\/     M anipulation  |                                                 |
\*---------------------------------------------------------------------------*/
FoamFile
{
    version     2.0;
    format      ascii;
    arch        "LSB;label=32;scalar=64";
    class       volScalarField;
    location    "3.28";
    object      initialResidual:p;
}
// * * * * * * * * * * * * * * * * * * * * * * * * * * * * * * * * * * * * * //

dimensions      [0 0 0 0 0 0 0];

internalField   nonuniform List<scalar> 
2367
(
-7.84195e-10
3.27667e-09
1.28547e-10
-9.91177e-10
2.5009e-10
1.81732e-09
-7.88127e-10
5.32741e-10
-6.88631e-11
9.38475e-10
-6.04556e-10
-8.64817e-10
-5.28893e-11
3.75234e-11
-3.34129e-10
3.63685e-11
6.8191e-10
1.67695e-09
-1.41498e-09
-3.25278e-09
1.11604e-10
6.82266e-10
5.79378e-11
-1.48968e-09
1.74002e-09
-4.22001e-09
2.2284e-09
1.48235e-08
-7.50435e-09
-2.42585e-09
-3.94838e-09
1.70406e-08
7.26577e-10
4.555e-12
4.6897e-09
3.11606e-09
-1.25796e-08
2.98805e-10
2.82218e-10
-4.61474e-09
-2.04508e-09
1.0751e-09
4.06262e-11
2.90759e-09
9.74817e-10
1.12149e-09
7.82496e-10
1.32168e-09
5.39994e-12
-2.80478e-09
-1.46993e-09
2.06596e-09
-7.77665e-10
1.04818e-10
-7.54231e-09
5.29427e-10
3.35282e-09
-1.78921e-09
6.16655e-11
-5.26589e-09
1.47317e-11
7.59222e-10
-1.64027e-10
-1.92389e-10
8.01525e-10
-1.18391e-09
1.95218e-09
-1.43277e-09
-1.6935e-09
-9.75732e-11
9.26878e-10
-2.42013e-10
-1.18234e-09
6.46875e-10
-5.07437e-10
-5.19198e-10
-4.77662e-10
-4.53841e-09
3.05875e-08
1.38213e-08
-4.42832e-09
-2.30185e-09
-3.45392e-09
6.03297e-09
-7.75775e-09
-1.29982e-09
7.39958e-10
1.11e-09
-4.17246e-10
-2.05056e-09
1.5774e-09
-9.91613e-10
1.40752e-09
-2.68642e-09
2.59258e-09
-6.26669e-10
-3.14438e-09
-9.14056e-09
5.59956e-09
-6.28651e-09
6.18797e-10
-2.70819e-09
-1.8571e-09
-1.41834e-10
-9.01234e-11
1.76555e-09
7.72818e-10
-3.51146e-10
-1.79713e-10
-4.25533e-10
-4.49729e-09
1.23838e-09
1.5415e-08
-1.07542e-08
6.58671e-09
-2.89933e-09
2.33873e-09
-2.23422e-10
7.1106e-10
-1.78624e-10
-1.7854e-09
6.70512e-10
-5.89461e-11
1.2312e-09
6.41807e-09
-3.54948e-09
3.29891e-09
-7.86845e-09
4.6392e-09
-3.18116e-09
2.02198e-09
-1.19123e-10
-2.85643e-09
4.89803e-10
-3.78147e-10
-2.5882e-10
-3.95563e-10
-7.40064e-08
3.24304e-08
-7.31374e-09
5.34511e-09
-1.44985e-09
-2.68765e-09
4.84352e-10
-1.84023e-09
3.0554e-09
5.47744e-10
-3.72214e-10
4.55173e-10
-6.38419e-10
1.35199e-07
-2.99952e-09
-7.7881e-08
3.43602e-09
4.33454e-08
-1.00589e-07
-2.55247e-09
8.38473e-10
4.46842e-11
-1.07864e-09
6.46399e-11
3.17934e-11
-6.74834e-10
-2.47499e-08
-5.83163e-08
5.99721e-08
-1.34077e-08
-9.79519e-08
1.23829e-07
-2.75209e-09
9.59368e-10
-2.4116e-09
-5.03737e-11
-2.84068e-10
-3.93342e-10
2.11411e-09
1.66403e-08
3.00436e-08
-1.33753e-08
-1.72307e-09
-4.67795e-09
-1.47926e-08
5.29863e-09
-4.14075e-09
1.08485e-09
2.82199e-10
1.31555e-10
1.49782e-09
2.0682e-09
-1.07771e-08
-3.27913e-08
5.69004e-09
-1.18005e-08
-1.12787e-10
8.45965e-09
-1.70069e-09
-1.82503e-09
7.19396e-09
9.72677e-09
-9.99999e-09
-2.21908e-10
-1.46939e-09
2.71822e-09
3.71188e-09
1.44229e-09
1.11171e-09
-7.01286e-09
5.41266e-10
-1.77197e-10
-2.30871e-10
2.09605e-09
-1.93076e-10
2.27482e-10
-2.67363e-09
-8.34593e-09
4.14191e-09
-3.8853e-10
4.33749e-10
-2.21039e-11
1.85999e-10
4.02884e-11
-5.32904e-10
2.57502e-09
8.09656e-11
4.37817e-10
-2.37915e-09
3.05723e-09
-2.25833e-09
3.55711e-09
1.89572e-08
-3.416e-10
-9.50411e-10
-1.19423e-09
1.32059e-09
-4.52616e-11
-2.03698e-11
-2.42992e-10
2.24865e-10
1.03351e-10
-3.31674e-10
-8.63037e-10
8.85387e-09
1.3698e-09
-2.16795e-08
1.02409e-09
-2.68402e-10
1.88766e-09
-3.84175e-09
9.69059e-10
1.03356e-08
7.1804e-09
-3.16438e-09
-2.14111e-08
-2.35662e-08
4.52099e-08
-1.4557e-09
1.24466e-09
1.18464e-09
-4.59676e-10
3.95456e-10
3.50673e-10
3.36407e-10
2.78174e-10
1.60447e-09
3.33707e-09
2.30126e-09
-1.27082e-08
-5.79385e-09
-4.22015e-10
7.36527e-09
-1.28077e-10
4.99998e-09
-1.02084e-09
-8.79756e-10
2.92178e-09
-1.86423e-09
4.55883e-08
-3.16459e-08
-2.26618e-08
-1.17496e-09
3.09294e-10
-1.15635e-09
1.25619e-09
6.67326e-11
-4.35558e-09
-1.24571e-08
-1.20578e-08
1.02306e-08
-1.11309e-08
-1.25787e-08
1.69323e-08
-5.24911e-10
-3.13511e-11
1.74186e-09
2.41865e-08
-2.23725e-08
9.71052e-09
-6.25296e-09
1.40668e-09
-1.83934e-09
1.53157e-09
-7.74805e-10
-1.1281e-10
-1.06219e-09
1.50564e-09
-1.29273e-08
-2.91728e-10
-6.59862e-10
3.73562e-09
9.57212e-10
1.18909e-09
1.45805e-08
-9.12399e-10
4.58847e-09
-1.56267e-08
8.87312e-09
-2.58809e-09
2.41245e-09
1.29514e-09
-2.03792e-09
3.67421e-10
-7.14567e-10
2.05374e-09
3.71039e-09
-4.25264e-09
-1.55307e-09
3.18099e-09
-2.50587e-09
-1.69968e-09
1.1325e-09
-1.05575e-09
4.57944e-09
-5.60521e-09
3.93832e-11
4.48124e-09
-1.05709e-10
-8.49232e-11
9.96478e-10
-1.59936e-09
9.37637e-10
-2.46879e-09
-4.09403e-10
1.31562e-10
-6.64767e-11
-3.10069e-10
-6.7364e-10
-1.49721e-09
1.21073e-08
-1.86959e-08
4.46309e-09
-1.27022e-09
1.24242e-09
-3.61461e-09
7.29325e-10
2.09942e-10
-1.09629e-10
1.51741e-08
-7.82467e-09
-1.68814e-08
-3.45038e-09
-1.77394e-09
-4.45598e-09
1.15575e-08
-3.16801e-10
5.42341e-11
7.83848e-10
2.45773e-08
1.2159e-08
-2.0305e-09
-5.14167e-10
-2.27834e-10
2.29489e-10
-1.8939e-08
3.52148e-08
1.26697e-09
6.32767e-09
7.75663e-09
3.75636e-11
2.7742e-10
-1.9683e-11
-8.46152e-10
1.88604e-09
-6.43746e-08
8.46473e-08
-1.62515e-08
-2.86158e-09
-6.03195e-09
1.80877e-10
4.86897e-10
-6.64259e-11
5.80337e-08
-2.83645e-08
-5.14437e-08
8.58899e-08
-7.21247e-08
5.91993e-09
-2.4821e-10
-9.71539e-11
5.28121e-11
1.88785e-08
7.76336e-09
1.86016e-08
-1.96706e-08
9.59867e-09
-1.37057e-09
1.58335e-10
-1.70481e-10
1.65491e-10
-6.28853e-09
-3.5668e-09
1.06674e-10
-1.77608e-10
-1.24984e-09
3.52741e-09
-6.17429e-10
5.71353e-09
1.69749e-09
1.54514e-09
1.45795e-09
3.94882e-11
1.55656e-09
1.21506e-09
9.52794e-10
-6.95389e-11
2.68604e-10
5.27998e-10
-6.21994e-10
-2.97285e-12
-8.73771e-10
-9.77123e-10
3.56941e-11
3.41509e-10
-1.06274e-09
-6.4738e-10
-2.76739e-10
-7.47824e-09
1.04699e-09
-1.19062e-09
9.94475e-10
7.88993e-10
-7.8007e-10
4.47169e-10
-4.13211e-10
-1.0111e-09
-2.51e-10
4.93955e-10
1.38862e-09
3.8143e-10
-2.68943e-10
1.67606e-10
-1.50323e-09
-2.21249e-09
1.99592e-09
-5.71557e-09
-6.20671e-09
-6.40228e-10
-3.85192e-10
1.27833e-09
-1.03914e-09
-3.34035e-09
5.92402e-09
-3.92572e-09
3.07633e-10
2.55587e-09
4.35845e-10
1.71056e-09
-7.55438e-09
9.28667e-10
2.32018e-09
-6.57716e-10
-2.55282e-09
-8.98924e-10
2.91232e-09
-6.97394e-10
-7.3245e-10
-1.97797e-09
1.30866e-09
-1.3905e-09
-7.08932e-10
1.88904e-09
-1.23883e-09
-8.91497e-10
8.45618e-10
8.18243e-10
2.4737e-09
-3.95338e-09
1.43975e-09
-1.38177e-09
4.15143e-09
5.56494e-10
1.90053e-09
-3.23205e-09
-1.21398e-09
1.47004e-09
6.83261e-10
2.38046e-09
1.43114e-09
-5.18416e-10
3.10652e-09
-1.93717e-09
7.93805e-09
3.02517e-10
1.36403e-09
-9.32954e-10
2.89765e-11
1.26126e-10
4.08908e-11
-2.79192e-10
-1.93848e-09
2.63489e-11
1.23825e-09
2.84239e-10
-3.72203e-10
-9.76447e-09
-6.32475e-09
-3.39168e-09
-2.79083e-10
8.79102e-10
1.81548e-09
1.31963e-10
-5.11438e-11
4.2833e-10
1.72958e-09
5.28988e-10
-8.49596e-10
-1.07254e-09
1.41968e-09
1.39748e-09
-3.86737e-10
-1.04937e-08
4.62251e-09
1.2211e-09
-1.7808e-09
1.08864e-08
-1.52695e-10
5.97911e-11
-4.4125e-10
6.96996e-10
-1.93207e-10
-5.45114e-10
-1.53567e-09
-1.17667e-09
-3.1896e-10
-1.32791e-09
-5.20974e-10
3.31226e-09
2.61008e-09
6.24489e-09
-1.36454e-09
-6.90269e-09
-5.16439e-09
2.05407e-09
3.62377e-09
4.00413e-09
1.33605e-09
-2.36438e-10
9.95301e-11
6.68543e-10
-1.35767e-09
5.92152e-10
8.41988e-10
8.06483e-10
-1.97664e-09
1.78928e-10
1.14346e-08
-2.70996e-08
-4.45892e-09
-1.16374e-10
-5.09375e-09
-4.3215e-10
7.07948e-10
-4.8945e-10
7.07608e-10
-4.09335e-10
1.08448e-10
-3.25284e-12
1.78867e-09
2.12082e-09
-1.28351e-09
-3.62133e-08
1.79984e-07
-1.10037e-07
2.03996e-09
8.06488e-09
-9.77017e-09
-1.19639e-10
-1.85419e-11
-5.38209e-10
1.99638e-10
-1.25988e-09
2.84522e-10
-1.77748e-09
-5.53606e-09
2.6114e-09
-1.01449e-07
-2.77556e-08
7.89894e-08
-9.4319e-08
6.90114e-08
7.54341e-08
-4.17577e-10
2.5896e-10
-3.21103e-10
-4.27428e-10
8.50041e-10
6.17459e-10
-2.22016e-09
-1.75822e-09
1.43254e-09
2.22976e-08
-1.88238e-08
-1.68866e-08
-1.48059e-08
1.56571e-10
2.77477e-08
1.13645e-09
-7.18872e-10
2.393e-09
1.2225e-10
5.99296e-11
-9.39098e-10
4.43879e-09
1.98284e-09
-1.41236e-09
-4.45189e-08
3.95056e-08
1.58625e-08
-1.71567e-08
1.01233e-08
-7.49506e-10
1.2207e-08
-5.6555e-09
-2.89049e-09
9.24031e-10
7.99302e-09
-8.98484e-09
-1.71425e-09
7.13007e-10
-1.96638e-09
-1.95346e-09
-5.91416e-10
1.21051e-09
3.80108e-10
-7.36915e-10
-4.18856e-09
1.03207e-08
-1.22835e-09
-6.89655e-09
3.1494e-09
1.46653e-09
-1.56535e-09
-3.06699e-09
-2.19015e-09
-2.78934e-09
-9.83359e-09
3.18279e-09
2.04778e-09
2.48308e-09
9.86454e-10
-8.98154e-10
2.30785e-09
5.79275e-10
-1.01841e-09
1.83272e-09
1.08924e-10
3.84735e-09
-5.25243e-09
4.15366e-10
-5.46364e-10
-2.2959e-09
3.0878e-09
-1.09816e-09
1.44689e-09
3.19584e-09
-1.43303e-09
6.06442e-09
4.16851e-10
1.86395e-09
-1.51503e-09
-2.7445e-10
2.819e-10
-2.0454e-09
-9.518e-10
-3.14458e-10
-1.73239e-09
6.09574e-10
1.36392e-09
-7.51146e-10
4.82658e-10
-3.2312e-11
-1.79747e-09
7.07495e-10
-1.57846e-09
5.00982e-09
1.08439e-09
2.99734e-09
-5.15233e-10
4.50497e-10
-4.62992e-11
4.1129e-10
-1.84702e-10
1.53762e-10
-9.21015e-11
1.12681e-09
-2.94619e-10
2.98972e-10
-2.12057e-08
4.0386e-09
2.12082e-08
2.92317e-08
1.06788e-08
-5.88695e-10
-2.90253e-09
-2.22184e-08
2.49521e-10
5.89564e-10
9.4545e-10
-5.17718e-10
1.64626e-09
-1.72342e-09
6.73452e-09
-5.3712e-09
1.29874e-09
-4.02385e-09
3.55271e-08
-2.12751e-09
-5.28997e-09
1.33908e-09
-3.96313e-08
-4.18974e-09
2.99904e-09
-5.83299e-10
-3.75461e-11
-6.59882e-10
1.85843e-10
-3.66309e-10
2.35327e-10
3.31532e-10
2.43822e-10
-7.0815e-11
4.81091e-11
-7.02697e-09
-1.18586e-09
4.31425e-10
-1.34164e-09
2.2918e-09
2.81285e-10
-1.76494e-10
-2.28348e-09
-3.22641e-09
4.38078e-09
4.59214e-11
1.4598e-09
2.47138e-10
1.76275e-10
-1.38701e-09
-1.16853e-13
2.79483e-10
2.83313e-10
5.84887e-10
2.49526e-10
-1.47701e-10
3.81419e-09
-1.71818e-09
9.37568e-10
-1.10393e-10
2.42821e-09
-1.40261e-09
-2.94881e-09
-3.46622e-10
-5.93214e-09
-1.17242e-09
-2.73207e-11
6.48119e-11
-2.15018e-10
4.59789e-10
1.7527e-10
-2.02467e-10
6.99905e-09
-5.34591e-09
5.14271e-11
-7.52502e-10
1.40554e-09
2.46115e-09
-8.75208e-10
-1.05917e-09
3.80189e-10
9.43497e-11
-2.20237e-09
-2.31661e-10
3.41391e-09
-1.15398e-09
-3.4017e-10
5.28328e-10
2.25499e-09
-5.01172e-10
-7.97377e-10
-5.92402e-10
3.35979e-10
9.76652e-11
-2.1361e-10
2.87765e-11
-8.20101e-11
-4.95945e-11
3.61118e-10
-6.59359e-12
4.59214e-11
-8.00995e-11
5.20536e-10
-2.59747e-11
2.77733e-11
-1.1763e-11
-6.25943e-11
-2.07313e-11
4.68102e-11
8.88144e-12
-2.50235e-11
6.31611e-11
6.81366e-11
-5.69957e-11
1.2369e-10
-4.42423e-11
2.69532e-10
-2.33721e-11
2.12353e-10
-6.67773e-11
7.97564e-11
-2.36861e-11
-2.99016e-11
1.06207e-11
-4.18098e-09
5.68541e-09
-1.2227e-08
-1.5748e-08
-1.47472e-08
-2.28451e-09
3.09433e-09
-9.21907e-10
-1.67042e-09
1.14447e-08
3.0175e-09
1.613e-09
-1.80293e-10
7.52723e-10
1.69429e-09
5.4608e-10
-2.03092e-09
1.64582e-09
5.56507e-10
6.03522e-10
5.90063e-11
-2.23224e-10
9.7719e-10
8.13171e-10
6.05742e-10
4.98222e-11
-3.45618e-10
1.59896e-09
3.23293e-09
-1.37054e-09
8.99542e-10
-9.16822e-10
1.63276e-09
5.12324e-10
-1.01836e-10
-1.63855e-10
3.16912e-10
1.38241e-10
8.78222e-11
5.08096e-11
-7.21785e-11
-1.38273e-10
-2.21719e-10
8.36461e-11
1.02736e-11
1.82683e-10
-3.15852e-11
-3.15626e-11
1.0892e-10
1.95543e-11
6.3059e-11
1.86135e-12
9.56362e-11
-2.72599e-11
3.83765e-13
-1.52943e-11
2.533e-10
-6.22185e-12
2.33696e-10
-8.66706e-11
2.32965e-10
-4.91657e-11
1.97326e-12
-2.18288e-11
-8.62339e-11
6.37064e-11
1.07187e-09
2.52555e-10
-7.1652e-10
-5.11747e-10
7.83863e-10
4.40676e-10
-2.90163e-10
-2.63828e-10
-1.02495e-10
-4.12458e-11
2.70624e-10
2.17504e-10
-2.81273e-11
-6.84493e-11
-3.803e-10
-2.80575e-12
8.91067e-11
5.54518e-11
-1.0872e-10
-5.18729e-11
-6.81967e-11
-6.99607e-11
-8.70079e-11
1.24172e-11
1.8903e-12
2.87876e-11
-2.77794e-10
-1.47745e-12
-1.96577e-11
2.60447e-13
-7.10708e-10
1.578e-10
-8.967e-11
1.24459e-11
-5.2979e-09
6.83836e-09
-2.67244e-08
-1.76101e-09
-4.81184e-09
9.8954e-09
2.93627e-08
9.50539e-09
-2.29385e-10
-3.49563e-10
-4.87246e-09
1.71042e-09
1.3174e-09
1.42633e-09
-2.83894e-10
3.83993e-10
-5.03699e-10
8.48295e-11
-8.17996e-11
3.61131e-10
1.35583e-09
-1.80728e-09
-1.97117e-09
-8.80749e-10
4.50411e-09
2.19357e-09
4.31089e-10
1.30598e-10
2.72263e-09
-5.67613e-09
-1.22088e-08
2.28365e-09
5.35185e-10
7.0964e-10
4.76122e-10
9.06148e-11
-7.01146e-10
1.36152e-10
1.61898e-10
-9.62773e-11
1.24427e-10
1.17403e-10
-3.54172e-10
-1.67361e-10
9.44136e-11
-1.5281e-11
5.94387e-11
9.52388e-11
3.2614e-11
-5.72834e-11
-2.64577e-11
-1.72764e-11
2.78923e-11
-1.80216e-11
-1.56593e-10
-3.52824e-13
1.81407e-10
-1.54172e-11
-2.40721e-10
-4.5596e-11
-2.7758e-10
6.83367e-11
-4.43729e-10
1.77478e-10
-2.31103e-10
1.7633e-11
-1.43775e-10
-3.3218e-11
1.36741e-09
-2.06331e-09
7.35096e-10
1.30297e-10
-5.85538e-10
4.9659e-10
-2.73583e-11
1.40276e-10
-6.64904e-09
7.66764e-09
9.63046e-09
-2.851e-09
1.92937e-10
4.72657e-11
-7.30245e-10
-7.80459e-11
-4.63034e-11
1.03751e-10
-7.08094e-10
4.9316e-11
-9.53392e-09
3.39398e-09
-1.27909e-09
-6.86073e-10
9.07738e-10
-6.8123e-10
-2.24697e-09
7.80491e-10
-4.32691e-10
-2.31334e-10
6.96446e-10
1.17078e-09
-2.02739e-09
2.3749e-10
3.93132e-10
-1.26549e-09
-3.67711e-09
-2.93528e-09
6.86009e-10
3.90882e-10
-2.42757e-10
-6.20061e-10
1.60133e-10
-1.32632e-10
-8.02954e-10
-1.10854e-09
-5.72997e-10
5.06213e-10
9.29691e-11
9.51031e-11
3.56509e-10
9.24335e-10
5.26889e-10
-3.92467e-10
1.69054e-10
-1.36137e-10
7.02659e-10
-1.89704e-10
8.29618e-10
-2.20155e-10
1.00185e-09
-4.12967e-10
-2.8801e-10
-6.30032e-11
5.19848e-10
-7.50363e-10
1.01341e-09
2.13009e-09
-2.4869e-10
-1.04373e-09
-1.0502e-09
-4.27943e-10
-3.87532e-10
-4.5578e-10
-2.92383e-09
-1.35008e-09
4.1044e-09
2.02057e-10
-3.13139e-10
1.02476e-09
1.23863e-09
-1.75407e-10
-8.43508e-11
6.31037e-10
-4.84456e-10
1.07779e-09
4.64969e-09
-5.15619e-08
-1.93899e-09
-9.08597e-09
1.78664e-09
4.37044e-09
-6.40823e-10
9.58659e-10
2.88636e-10
4.40002e-10
-1.52475e-09
1.14974e-10
5.24571e-09
-8.59408e-10
-2.75867e-09
8.50889e-10
8.53839e-10
-2.88729e-09
-1.38993e-09
-7.23904e-10
3.03608e-09
-5.35556e-09
-1.32643e-08
8.05775e-09
5.48249e-08
2.97427e-09
4.46793e-10
-3.93104e-09
3.06612e-09
-3.71877e-09
9.15104e-11
5.53076e-09
4.53777e-10
-1.63914e-10
3.13332e-11
5.73546e-10
-1.38125e-11
-2.78247e-10
-1.43108e-10
-3.45724e-10
-6.37484e-11
3.81055e-10
6.8794e-11
-9.91649e-10
-1.23892e-10
1.10386e-11
-4.79835e-12
-1.10585e-11
9.22743e-13
3.7626e-12
1.10509e-12
-1.25741e-11
1.63989e-11
1.85393e-12
-4.77473e-12
-2.18532e-12
8.64801e-13
-3.55367e-12
1.16936e-11
-1.31121e-11
8.1912e-12
-3.66786e-12
1.8032e-11
-3.56374e-11
3.70403e-11
-6.04273e-11
3.06201e-11
1.49565e-10
-8.99548e-11
-8.58684e-12
1.22011e-11
-1.68267e-12
-9.29066e-13
-5.13148e-12
-1.54404e-12
1.95628e-11
-2.04121e-11
-1.42173e-12
5.85545e-12
4.05088e-12
1.21041e-12
-4.76368e-12
1.14696e-11
-9.48724e-12
7.0275e-12
-3.71767e-12
3.30782e-12
-1.13496e-11
1.82734e-11
-1.58289e-12
2.47195e-11
-1.09116e-10
1.46184e-11
9.96114e-13
4.76188e-12
-1.02279e-11
7.47187e-12
-1.24723e-13
-4.57664e-13
1.44662e-12
-1.2788e-11
3.39157e-12
9.14714e-12
2.10419e-12
-4.68429e-12
-3.13208e-12
-4.46823e-12
-2.87224e-13
7.51007e-11
7.30015e-11
-1.24355e-10
6.54356e-11
6.26521e-12
-4.79652e-11
-1.35893e-10
-2.0391e-10
7.9951e-11
1.26909e-11
-1.53495e-11
2.236e-11
-8.79355e-12
-1.60373e-12
-9.05097e-12
5.76601e-12
8.24777e-12
-6.38089e-12
-4.59585e-12
-1.4402e-11
-1.38112e-11
5.3876e-11
-6.71566e-11
5.90402e-11
-8.13387e-11
-3.11922e-11
9.5159e-11
-7.01341e-11
9.8565e-11
-2.66664e-11
1.48243e-10
1.44139e-10
-2.73504e-11
-5.27989e-12
4.80462e-12
-3.70636e-12
1.93449e-12
-5.7026e-12
1.6946e-11
-2.28674e-12
-3.23868e-12
-1.29986e-11
-4.63658e-12
9.23293e-12
3.32662e-12
-2.35021e-11
4.59696e-11
-2.54985e-10
-4.93786e-11
-8.45409e-12
1.25511e-10
3.26942e-11
-2.68061e-10
1.9342e-10
2.4047e-10
-1.59088e-11
-7.25895e-11
2.48322e-11
-1.89209e-11
1.20607e-11
-7.7631e-12
5.51078e-12
-5.23519e-12
-1.50486e-11
-2.92716e-12
2.95683e-12
3.5337e-11
5.54367e-11
-2.88009e-11
-1.71538e-11
-7.65339e-11
2.59217e-10
1.58908e-10
1.38972e-10
-2.72075e-10
2.63956e-11
1.51528e-10
-2.51769e-10
-2.07536e-10
2.93284e-10
1.46396e-10
5.11609e-11
-5.38975e-12
1.31837e-11
-6.63226e-12
-4.65259e-12
-1.14407e-11
1.62577e-11
-3.41118e-12
1.30141e-11
-3.81855e-11
-8.36765e-11
-4.1771e-12
1.83475e-10
1.18349e-11
1.13693e-11
2.25117e-10
-8.3296e-11
-1.78149e-10
-9.37654e-11
4.03122e-11
-5.60032e-11
-2.23817e-10
-1.38671e-09
-8.90878e-11
2.58427e-11
-1.26288e-11
1.79664e-11
-3.21266e-11
-1.21338e-12
2.35549e-11
-9.64482e-12
4.3069e-11
3.5952e-11
-1.26228e-10
1.211e-10
-4.28805e-11
-1.15411e-10
-3.21338e-11
-2.14896e-10
1.75311e-10
2.08372e-10
-5.20152e-10
-6.32734e-10
1.49958e-10
7.31113e-10
-3.39948e-10
2.26879e-10
-5.80728e-11
-2.15466e-11
3.3973e-11
5.82371e-11
4.52964e-11
-5.17807e-11
-7.2298e-12
-6.10272e-11
-7.54178e-11
2.05779e-11
1.49741e-10
1.51134e-10
-2.17564e-10
-3.65214e-11
1.20531e-10
3.81705e-10
-4.1113e-10
-3.35848e-09
4.3917e-10
3.8046e-09
-4.08496e-10
-5.43614e-10
1.04196e-09
1.22667e-10
1.19834e-10
6.47051e-11
9.65275e-11
-8.8523e-11
-5.16453e-11
4.87216e-11
-1.45406e-10
2.48315e-10
9.79119e-11
-2.26002e-12
1.10643e-11
-2.14263e-10
1.4274e-10
2.06257e-10
-8.74255e-11
-1.46287e-10
-7.55287e-11
2.87416e-09
-8.0814e-10
-2.36015e-09
4.90026e-10
-2.64206e-10
-1.35906e-10
-6.38052e-10
-1.38655e-10
-2.92123e-10
2.74126e-10
-6.5838e-10
2.72086e-10
-6.54575e-11
-1.29567e-10
-1.72897e-10
-6.76697e-11
2.88329e-11
-7.39525e-11
8.73331e-12
-2.8659e-11
2.81965e-11
7.09653e-12
-2.81037e-10
-3.70276e-11
3.78671e-10
9.73537e-10
-3.72268e-10
-2.65956e-10
5.19418e-10
3.87985e-10
2.20492e-10
9.10691e-11
-3.89537e-10
-4.15747e-10
7.51549e-10
-6.27789e-10
3.4858e-10
6.26796e-10
-1.76982e-10
-3.14885e-11
-2.75943e-12
-4.18666e-11
-2.7607e-11
-1.55194e-11
1.68364e-10
2.57739e-10
1.03761e-11
-3.85881e-10
-7.9308e-11
-9.76852e-10
9.48882e-10
-4.92168e-10
-5.17902e-10
5.92389e-10
-2.94382e-10
-2.55193e-10
1.99138e-10
-2.08876e-10
-1.31171e-09
3.52267e-10
-6.01105e-10
-5.76777e-10
4.02509e-11
1.89389e-10
-3.71015e-11
3.01674e-11
1.70677e-10
-3.09168e-11
-2.53297e-10
-5.62837e-10
4.99396e-10
3.10206e-10
5.3786e-10
6.14415e-10
-1.2663e-09
4.98305e-10
-1.82853e-10
1.07818e-11
1.7326e-10
1.1561e-11
7.00844e-10
-1.59444e-09
4.20932e-09
-3.46041e-11
5.38579e-10
1.68853e-10
7.78374e-10
-9.98848e-11
-3.74891e-10
-1.08174e-10
7.1698e-11
-5.33703e-11
2.9461e-10
3.41499e-10
-8.72593e-10
1.6232e-10
-6.01544e-10
2.81939e-10
2.33034e-10
-5.12602e-11
1.22229e-09
-1.63291e-09
-6.56062e-11
2.72809e-10
-1.55183e-09
2.42121e-09
-1.97513e-09
-3.34102e-10
-2.52821e-10
5.87509e-10
-9.63946e-10
-3.90614e-10
6.0313e-10
-1.29819e-10
6.10203e-11
1.21252e-10
-3.70709e-10
3.49244e-10
2.86886e-10
-3.74484e-11
4.74098e-10
-1.05125e-09
3.57788e-10
-6.24937e-10
-1.06692e-09
2.90868e-09
9.69057e-10
-3.77968e-10
-1.82107e-10
-2.22121e-09
3.27211e-09
7.16709e-10
-2.59322e-10
-7.92492e-10
2.21218e-10
5.16733e-10
-2.72465e-10
2.7802e-10
-1.69248e-10
4.30892e-11
3.12628e-10
-6.74663e-10
4.655e-10
-3.34552e-10
4.69811e-10
7.29176e-10
4.93852e-10
7.35955e-10
9.38561e-10
-7.4802e-09
-5.34055e-10
9.88716e-10
7.71569e-10
1.44291e-09
-6.31182e-09
-8.38343e-10
3.08059e-10
4.31606e-10
3.69458e-10
-5.61735e-10
-7.27495e-11
-2.99556e-10
7.29501e-11
-2.53204e-10
1.77998e-10
2.42481e-10
-1.15772e-09
7.56838e-10
-4.1884e-10
-8.64154e-11
-3.34837e-10
6.02865e-10
1.31177e-09
2.39249e-09
2.71854e-09
-2.09262e-09
-2.56652e-09
-7.05978e-10
8.20366e-09
8.12252e-10
8.34048e-10
-5.16101e-10
-1.75405e-09
-5.6743e-11
6.18655e-10
4.98026e-10
-5.16676e-10
2.43456e-10
-3.37528e-10
8.66451e-10
4.65438e-10
-1.07685e-09
7.48775e-11
6.82544e-11
-2.57599e-10
-1.32876e-09
3.64869e-10
-5.48779e-09
5.34027e-10
4.17163e-10
-5.17654e-10
6.95265e-09
-7.95129e-09
-2.13734e-11
-1.67834e-09
7.1221e-10
1.41142e-09
1.97898e-09
-4.97648e-10
-1.79583e-10
2.27651e-11
2.50052e-10
8.40946e-11
-8.43736e-10
9.52739e-10
2.33509e-10
-2.31336e-12
-4.99067e-10
3.77289e-10
-3.28944e-11
-1.10228e-09
6.89009e-09
-2.8714e-09
3.7669e-10
-1.46837e-09
5.95902e-11
3.151e-10
-5.99145e-10
-1.4652e-10
-6.0676e-10
-1.16247e-09
4.99201e-10
8.43075e-10
7.07185e-11
3.2344e-10
2.41322e-10
-6.27321e-10
3.49636e-09
5.26452e-10
5.6127e-10
1.70257e-09
2.12979e-10
-2.66431e-11
1.87043e-10
1.15542e-09
1.14741e-09
-8.56106e-10
-1.51098e-10
-6.81643e-10
2.26907e-13
3.99924e-10
-2.35393e-10
3.07289e-10
-7.85051e-09
-1.19712e-09
-4.62088e-10
-2.04329e-09
-6.17409e-10
8.01271e-10
-8.65191e-10
-1.27616e-10
-1.45593e-09
6.65038e-09
-3.90562e-10
4.97837e-10
7.01409e-10
1.68305e-09
-3.50815e-10
-1.00675e-09
5.62244e-10
2.7152e-10
-2.83457e-09
4.6679e-10
-1.68e-11
2.6493e-09
-1.26055e-09
-1.28382e-09
2.16398e-09
2.92782e-10
-1.77694e-10
-8.76557e-10
2.10866e-09
-1.97906e-09
2.52447e-12
-1.0765e-11
-1.15578e-11
6.49596e-12
1.2946e-11
1.20472e-12
-4.81814e-12
-6.6938e-13
-1.07427e-12
1.22812e-12
9.17628e-13
6.04871e-12
-4.21618e-12
-2.85938e-12
-1.05242e-13
-2.40154e-14
-4.39194e-12
1.88914e-12
1.83464e-12
-5.26073e-13
-2.03326e-13
-9.23809e-12
4.82757e-13
-2.07822e-12
1.25872e-11
5.36734e-12
-1.54038e-12
2.86342e-12
-1.42764e-11
-7.99333e-12
9.56297e-12
-2.12536e-12
4.52692e-12
4.91607e-12
-6.18491e-12
4.45018e-12
-7.17189e-12
2.25574e-11
5.28132e-12
-1.7245e-11
-1.37351e-11
2.7645e-11
-7.70072e-13
2.75751e-10
-8.26019e-11
-1.86237e-10
-1.03629e-10
9.53474e-11
-5.29147e-12
5.01931e-12
-1.60964e-11
-6.03943e-12
4.60977e-13
-3.05202e-11
2.80794e-12
3.30329e-12
-9.17906e-11
-2.27944e-12
-2.05255e-11
1.32006e-10
4.67844e-12
5.48393e-12
-5.42318e-11
1.36769e-12
-3.59122e-12
-1.14286e-11
-9.78543e-12
1.41797e-11
1.8119e-10
-3.27117e-11
-3.26724e-11
-7.60747e-11
7.71391e-11
-6.80597e-12
-2.42657e-11
-1.38576e-11
1.11172e-10
5.79254e-13
-1.81345e-10
-2.66641e-11
-8.71466e-12
2.19093e-10
-7.39712e-12
2.1315e-10
-1.94393e-10
8.9295e-11
-2.65068e-10
2.09623e-10
-2.95314e-11
2.23055e-10
1.27917e-11
8.38132e-11
-1.97211e-10
4.58324e-10
-9.81379e-10
5.45298e-10
4.12214e-10
-1.52631e-10
6.04539e-10
7.55654e-11
5.53859e-10
-6.66959e-10
5.29731e-11
6.69091e-11
-7.52956e-10
8.32313e-10
-1.98633e-09
-8.07772e-12
2.08825e-09
-4.61152e-10
2.21024e-09
2.67102e-09
-5.58804e-11
2.04301e-10
-1.08957e-09
-2.8668e-09
-1.49046e-09
3.19312e-09
-6.56432e-10
-5.47528e-09
6.4796e-12
1.18078e-11
1.8261e-12
-2.50137e-12
1.45257e-13
-1.02138e-11
3.73906e-12
-5.15594e-13
9.97372e-12
9.45324e-13
8.74227e-13
-1.7096e-12
-2.37932e-12
-4.0926e-12
-3.71517e-12
2.0296e-12
-2.35538e-12
1.57256e-12
-1.02574e-12
9.24715e-12
-1.00365e-12
-3.78861e-12
-5.42603e-12
-1.19418e-12
-1.62461e-12
-4.08834e-12
-3.08218e-13
9.30211e-13
1.42851e-12
2.26806e-12
-9.33301e-13
-1.39074e-12
3.4547e-13
3.04793e-12
4.08958e-11
-4.09164e-11
1.04385e-12
-1.33252e-11
3.16754e-12
-3.90044e-12
2.62237e-12
-3.30237e-12
-9.07825e-13
1.11722e-10
1.30629e-11
1.68404e-11
-9.65557e-12
-1.31585e-10
-5.31061e-12
-2.48208e-12
1.21138e-11
-1.68549e-11
1.94594e-11
-8.57957e-12
4.17995e-11
-1.5781e-10
2.44035e-11
1.80052e-11
1.2917e-10
-8.86801e-12
7.1138e-12
-9.53188e-11
7.74252e-11
-1.6553e-10
-1.81765e-10
1.29268e-11
6.55384e-11
2.51361e-10
-4.89931e-11
-1.4577e-11
-1.4761e-11
1.23493e-11
1.23915e-11
-2.01861e-11
-9.57713e-12
7.7377e-13
-3.42345e-12
1.17036e-11
-4.16714e-12
9.45703e-13
-6.82665e-13
5.8301e-12
9.7306e-12
-4.47283e-13
-6.66484e-12
2.21775e-13
-1.11915e-12
-4.39767e-12
2.59717e-12
-1.44629e-11
1.37054e-11
6.72059e-12
7.20292e-12
2.31388e-12
4.21575e-12
-9.84301e-12
-3.11589e-12
3.35552e-12
-8.857e-12
-3.91076e-12
2.59967e-12
-3.08876e-12
-1.34488e-12
-1.13485e-11
-6.33015e-12
1.90381e-11
7.70134e-12
1.99305e-11
-3.19008e-12
1.68702e-13
-2.0289e-11
1.84925e-11
-4.64954e-11
1.91606e-11
-3.20182e-12
1.28551e-11
7.16524e-12
5.16168e-12
2.06727e-11
-1.3867e-13
-1.62302e-11
3.5023e-12
-5.4159e-11
1.48725e-10
-1.55455e-10
1.06755e-10
-1.62997e-10
1.20775e-10
-7.90542e-11
8.09618e-11
-7.24e-11
8.09298e-11
1.98537e-10
4.66415e-11
-4.90353e-11
-1.91792e-10
1.72443e-10
-3.78144e-11
2.44676e-11
-3.05685e-12
-2.00576e-11
-4.53763e-12
2.61001e-11
5.92232e-12
1.99714e-11
-9.24777e-11
8.46179e-11
-8.86288e-12
7.92844e-12
9.15504e-12
-1.38646e-11
-1.34266e-11
2.16136e-12
6.33417e-11
-3.3546e-11
9.56326e-11
-4.69089e-12
-2.46127e-12
-8.99746e-12
1.72033e-11
-3.67152e-12
1.32504e-11
-3.80025e-11
-2.29715e-11
-1.89212e-10
9.48239e-12
-5.75204e-12
-3.30191e-11
2.83617e-12
7.6848e-12
1.78474e-12
6.76394e-11
-3.80064e-10
1.15023e-09
2.98021e-12
-7.88652e-12
-3.64238e-11
-3.604e-11
-1.5448e-11
1.07211e-11
2.90585e-11
-4.3136e-11
1.0743e-10
4.13142e-11
5.95985e-12
7.20875e-11
4.08042e-11
4.02854e-11
-1.04249e-10
5.73704e-11
2.03806e-10
-1.94946e-10
1.69438e-11
3.39872e-10
-3.15551e-10
-2.12156e-11
-1.11746e-10
-1.23288e-10
-1.76462e-10
-2.40916e-11
-2.32834e-10
-1.57838e-10
-1.8777e-11
1.40447e-10
7.40664e-11
-5.91094e-11
-1.65102e-10
2.0101e-10
7.87412e-12
-2.06832e-10
1.64114e-10
-1.39385e-10
3.89366e-10
3.1275e-11
1.58621e-10
3.89717e-10
3.33677e-11
-1.32433e-10
-6.69772e-11
1.94973e-10
1.33652e-11
2.89962e-10
-2.55279e-10
8.33809e-12
-4.17415e-10
-4.60429e-10
1.13019e-09
-1.62346e-10
-1.79115e-10
9.17106e-11
-1.10129e-09
2.14663e-10
2.05423e-10
1.70844e-09
-1.72938e-10
-7.99467e-10
3.1405e-10
5.21348e-11
7.33991e-11
2.71708e-10
-1.9569e-09
1.94589e-12
-1.12152e-09
4.42468e-10
9.33624e-11
4.86938e-10
8.27489e-12
-2.99127e-10
9.94228e-10
-7.63127e-11
-1.07372e-10
-7.95239e-10
-4.48657e-10
-1.1074e-09
-2.37982e-10
1.79872e-10
3.95434e-10
4.41301e-10
6.29527e-10
6.27998e-10
1.69062e-09
1.94674e-09
4.20572e-11
-6.45475e-10
-3.35197e-09
2.46365e-09
-2.24689e-10
2.81759e-09
-3.11424e-09
-2.22869e-09
-1.7479e-09
-3.65071e-10
2.68523e-10
1.3863e-09
-3.4989e-10
1.79044e-09
-2.78058e-10
9.0683e-10
-4.51725e-10
7.0992e-10
3.84407e-09
1.20734e-09
-1.11336e-09
-6.0545e-10
2.40693e-10
-2.41963e-09
-8.09202e-11
-1.61565e-09
-2.73123e-09
-2.99392e-09
3.25923e-10
2.06818e-09
-1.16111e-09
-1.0794e-09
1.98442e-09
3.55135e-09
1.68486e-09
-1.66433e-09
-2.63589e-09
7.07674e-10
4.89299e-09
-7.67822e-10
-3.55563e-09
-1.91323e-09
5.82248e-11
2.44659e-09
-7.85155e-12
3.47437e-13
-2.06633e-11
-1.09322e-11
3.95443e-11
1.58389e-11
-6.31077e-11
3.91707e-12
-5.2103e-11
4.50219e-13
1.39516e-10
-1.13744e-11
-4.81775e-11
2.53389e-12
-6.76927e-11
1.43472e-11
1.2003e-10
-2.48036e-11
-6.91851e-11
1.55021e-11
2.52765e-11
-7.92681e-12
1.09282e-10
-3.05624e-11
1.80968e-11
1.30667e-12
5.22949e-10
-1.14837e-10
-1.29531e-10
-6.75808e-11
7.66347e-10
-1.48168e-10
-8.65463e-10
1.00555e-10
7.54786e-10
-1.01487e-10
-3.64338e-10
8.50162e-11
-6.10787e-11
-3.64782e-11
3.57045e-10
1.77572e-11
-1.07459e-09
1.69496e-10
1.95986e-10
1.01513e-10
6.16632e-11
-9.05417e-11
-1.45941e-12
2.84289e-12
1.68153e-11
6.08002e-12
-1.46543e-11
-3.11916e-12
-8.39637e-12
-1.39394e-11
1.00792e-10
-2.37241e-13
-1.06381e-10
1.20472e-11
-4.17848e-11
5.17718e-12
6.93908e-11
-6.23387e-12
-5.97973e-11
6.98254e-12
-1.25391e-11
6.61478e-12
4.02508e-11
1.59775e-12
1.07749e-10
-5.02648e-11
-1.06887e-10
5.65248e-11
-4.76083e-10
7.21461e-11
2.64429e-10
-2.72014e-11
-5.0229e-10
8.14649e-11
3.70486e-10
-2.6989e-11
2.63315e-11
4.87586e-11
8.35852e-11
-7.83677e-11
-8.17462e-11
-4.30734e-11
-3.74378e-11
9.91457e-11
1.05633e-10
-1.94954e-10
1.56507e-10
2.33758e-10
5.89231e-11
-5.44933e-11
1.706e-12
-1.76763e-12
-2.16077e-13
-5.34169e-13
-3.2995e-12
-1.3135e-12
3.62627e-12
1.13075e-12
6.23673e-12
-4.77621e-14
3.33937e-12
-4.81553e-13
1.37554e-11
-2.27738e-12
1.95164e-11
-3.72141e-12
6.42295e-12
-1.54013e-12
1.0943e-11
3.57518e-12
-2.9066e-11
2.47572e-12
-2.8907e-11
-9.91896e-12
2.12067e-11
-6.70624e-12
1.25805e-10
-3.122e-11
-1.42532e-10
4.21705e-11
-6.10729e-11
-3.5512e-13
5.45592e-11
-7.98843e-12
5.58351e-11
1.91038e-11
-1.54834e-10
-2.44531e-11
5.89058e-11
-8.75678e-12
2.27729e-12
-5.18168e-13
-2.56426e-14
1.19357e-12
1.44266e-12
1.26888e-12
-2.06581e-12
8.32509e-14
-6.5049e-12
-2.89608e-13
1.40966e-12
6.25717e-13
-9.3311e-12
-3.50511e-15
-7.27032e-12
2.09447e-12
-3.30159e-12
-2.08649e-12
4.47348e-13
-6.4373e-12
3.91147e-11
5.37321e-12
-1.30814e-11
1.57995e-11
-5.53014e-11
6.70466e-12
3.86411e-11
-2.14453e-11
2.33826e-11
-7.49421e-12
-4.3684e-11
2.03483e-11
5.06789e-11
-2.79794e-11
-6.27113e-11
-1.90612e-11
1.19409e-10
9.03393e-11
4.72072e-11
-3.46387e-11
9.20867e-09
2.89235e-09
-2.18026e-08
4.05895e-09
1.72955e-08
9.37757e-09
-4.10764e-09
1.52218e-08
-1.79476e-08
-1.80667e-09
-4.02669e-11
-1.28245e-08
-1.98888e-09
4.59947e-09
-9.02048e-10
-1.32696e-09
2.03315e-09
1.82261e-09
7.95764e-10
1.98673e-08
2.94317e-09
1.57228e-08
2.08242e-08
5.52947e-09
-9.54173e-09
1.77207e-08
-6.34994e-09
-3.84552e-10
-1.20661e-10
3.17802e-09
-3.83303e-09
-2.70947e-09
5.71305e-09
-5.92369e-09
2.81317e-09
-8.99849e-10
-1.71603e-09
5.91206e-11
-9.62715e-09
2.85215e-09
7.09023e-09
-6.55075e-10
6.85459e-11
9.81803e-10
-5.0014e-10
6.61139e-11
-1.34769e-09
-5.51286e-10
-2.19417e-10
1.43238e-09
-2.34934e-10
-1.2044e-09
-8.74998e-10
-9.59236e-10
-1.01561e-07
1.16334e-07
6.16517e-09
9.49829e-09
9.61499e-09
2.02219e-07
1.64601e-09
-4.77007e-09
3.87349e-09
-1.44664e-08
-3.59212e-11
1.04269e-11
-2.58958e-10
4.23917e-11
-7.07401e-10
1.92272e-10
-7.5084e-11
2.07121e-11
-2.57847e-10
1.27184e-10
1.50987e-10
4.55487e-10
3.49738e-10
-6.66748e-10
8.55298e-10
3.92479e-09
-4.17437e-10
1.99649e-10
3.89087e-10
-1.08441e-09
-6.8281e-10
3.32154e-10
4.21546e-10
2.49e-09
-5.00533e-10
6.72975e-10
7.38651e-10
3.40257e-09
2.07275e-09
-2.87061e-09
-4.12582e-10
-6.00609e-10
-4.80808e-10
-5.41656e-10
7.12825e-10
3.28056e-10
-7.70946e-10
-1.59304e-10
-2.3496e-10
-2.42093e-10
-1.87202e-10
1.05754e-11
-5.01011e-10
-1.47572e-09
-1.45918e-10
6.9839e-10
-4.06575e-11
1.4012e-11
3.83033e-11
2.72585e-10
-9.61556e-11
-1.42268e-10
2.61194e-11
-1.16395e-10
3.71405e-11
9.10232e-11
-8.61091e-12
)
;

boundaryField
{
    inlet
    {
        type            zeroGradient;
    }
    outlet
    {
        type            zeroGradient;
    }
    wall
    {
        type            zeroGradient;
    }
    empty_zmin
    {
        type            empty;
    }
    empty_zmax
    {
        type            empty;
    }
    procBoundary0to1
    {
        type            processor;
        value           nonuniform List<scalar> 
35
(
-7.24333e-09
4.10676e-08
1.15886e-08
-1.68949e-08
8.22899e-10
1.36096e-09
8.22899e-10
9.79437e-11
-4.82188e-10
3.31928e-08
-3.40173e-08
-3.02265e-08
2.53342e-08
-5.18715e-09
7.98082e-10
-2.26654e-07
-4.34985e-09
-1.72241e-08
-1.4207e-09
-3.54214e-08
-6.15726e-10
1.77056e-10
-1.74295e-10
-2.18707e-10
-2.992e-09
3.32815e-10
-4.80259e-09
2.80321e-10
-2.89237e-10
-3.13778e-10
-2.07304e-10
3.32815e-10
-8.84437e-11
2.38875e-11
-8.84437e-11
)
;
    }
}


// ************************************************************************* //
