/*--------------------------------*- C++ -*----------------------------------*\
| =========                 |                                                 |
| \\      /  F ield         | OpenFOAM: The Open Source CFD Toolbox           |
|  \\    /   O peration     | Version:  2406                                  |
|   \\  /    A nd           | Website:  www.openfoam.com                      |
|    \\/     M anipulation  |                                                 |
\*---------------------------------------------------------------------------*/
FoamFile
{
    version     2.0;
    format      ascii;
    arch        "LSB;label=32;scalar=64";
    class       surfaceScalarField;
    location    "3.18";
    object      phi;
}
// * * * * * * * * * * * * * * * * * * * * * * * * * * * * * * * * * * * * * //

dimensions      [0 3 -1 0 0 0 0];

oriented        oriented;

internalField   nonuniform List<scalar> 
4647
(
9.87236e-06
-9.6425e-05
-3.26297e-06
8.98157e-05
-3.11413e-05
-0.000103131
3.79024e-05
9.63698e-05
-2.44479e-05
-0.000104304
9.76103e-05
-1.76351e-05
-0.000103848
9.70348e-05
-0.000101689
9.39263e-05
7.78649e-07
1.22003e-07
3.39867e-05
2.26015e-06
5.21446e-05
5.46823e-05
1.11994e-08
-9.59302e-07
-1.67784e-06
-0.000104113
1.06337e-05
-2.94566e-06
-3.9217e-06
-6.66402e-05
6.01628e-06
6.45456e-05
-7.7913e-05
-6.7799e-06
7.17696e-06
7.7516e-05
1.31957e-05
0.00016185
-7.25564e-06
-7.48597e-06
1.03964e-05
0.000168122
4.06018e-06
0.00016701
-1.25484e-05
0.000118954
-2.44175e-05
9.00594e-05
-3.6396e-05
7.09165e-05
-4.65123e-05
4.57894e-05
-6.90193e-05
2.10935e-05
-8.11676e-05
-1.05993e-05
-8.3468e-05
-1.94174e-05
-7.63922e-05
-6.80462e-06
-5.96297e-05
1.29514e-05
-4.86854e-05
6.91575e-05
-4.02601e-05
7.65269e-05
-3.09411e-05
8.54336e-05
-2.4824e-05
9.30486e-05
-1.76282e-05
9.54303e-05
-1.20772e-05
0.000100817
-7.71438e-06
0.000103595
-1.81263e-06
0.000105577
-2.44143e-06
-1.07592e-06
5.39456e-05
3.32688e-05
4.62271e-07
2.55613e-07
-4.38347e-06
-6.16789e-05
7.98261e-06
5.80798e-05
-7.76099e-05
-9.21479e-06
9.90472e-06
7.692e-05
2.26032e-05
0.000160332
-1.01795e-05
-1.09058e-05
2.17489e-05
0.000168976
1.7413e-05
0.000171346
-2.23024e-06
0.000138598
-1.42615e-05
0.000102091
-2.45863e-05
8.12413e-05
-3.39708e-05
5.51739e-05
-4.80518e-05
3.51745e-05
-6.69368e-05
8.28569e-06
-7.39305e-05
-1.24236e-05
-6.98693e-05
-1.08658e-05
-5.78614e-05
9.43546e-07
-4.03981e-05
5.16942e-05
-3.67133e-05
7.28421e-05
-2.77846e-05
7.65049e-05
-1.89267e-05
8.41907e-05
-1.40467e-05
9.05504e-05
-1.04476e-05
9.72182e-05
-6.91508e-06
0.000100062
-1.46611e-06
0.000101951
-1.82311e-06
-5.28846e-05
-6.10902e-07
5.20294e-05
-3.27723e-05
3.24313e-05
-9.39931e-08
4.34975e-07
-3.59266e-06
-5.34872e-05
8.85477e-06
4.8225e-05
-7.65128e-05
-1.12996e-05
1.19523e-05
7.58601e-05
2.7757e-05
0.000158292
-1.21957e-05
-1.35207e-05
3.13833e-05
0.00016535
3.36739e-05
0.000169055
1.85747e-05
0.000153697
1.63351e-06
0.000119032
-7.31956e-06
9.01943e-05
-1.75037e-05
6.5358e-05
-2.6518e-05
4.41888e-05
-4.18464e-05
2.36141e-05
-5.36069e-05
-6.63064e-07
-5.72729e-05
-7.19991e-06
-5.43653e-05
-1.96401e-06
-3.21576e-05
2.94865e-05
-2.22041e-05
6.28885e-05
-2.00655e-05
7.43664e-05
-1.6177e-05
8.03021e-05
-1.38137e-05
8.8187e-05
-1.01615e-05
9.3566e-05
-6.28289e-06
9.61835e-05
-8.59974e-07
9.78614e-05
-1.33316e-06
-5.10507e-05
1.09197e-08
5.01798e-05
-3.21652e-05
3.20565e-05
-3.99703e-07
5.08364e-07
3.35234e-05
2.93006e-06
9.56324e-07
2.89521e-05
6.49602e-07
2.43916e-05
4.35177e-06
2.08696e-07
1.2927e-07
3.67245e-07
2.00597e-05
-5.15341e-08
1.60453e-05
4.13182e-06
-1.17372e-07
-1.99438e-07
4.65517e-07
1.25454e-05
-9.28001e-08
9.94586e-06
2.59224e-06
7.29814e-09
3.2072e-05
-5.42606e-07
5.27173e-07
-1.95246e-06
-4.19141e-05
8.61597e-06
3.52506e-05
-7.47801e-05
-1.24248e-05
1.38255e-05
7.33794e-05
3.20676e-05
0.000155753
-1.42006e-05
-1.53281e-05
3.79205e-05
0.000159497
4.4164e-05
0.000162812
4.2614e-05
0.000155247
2.69222e-05
0.000134724
1.36444e-05
0.000103472
2.89963e-06
7.61028e-05
-5.72242e-06
5.28108e-05
-1.27368e-05
3.06285e-05
-2.41566e-05
1.07568e-05
-3.31467e-05
1.79016e-06
-3.86563e-05
3.54553e-06
-2.78535e-05
1.86838e-05
-1.14458e-05
4.64808e-05
-9.25969e-06
7.21803e-05
-9.47408e-06
8.05165e-05
-7.81253e-06
8.65255e-05
-4.0694e-06
8.98228e-05
-1.28086e-06
9.33949e-05
-1.10407e-08
9.63079e-05
2.83666e-07
-4.9093e-05
3.443e-07
4.87376e-05
3.22746e-05
-7.21759e-07
5.19173e-07
-1.95027e-06
-2.90491e-05
7.05811e-06
2.39412e-05
-7.14452e-05
-1.26077e-05
1.48472e-05
6.92056e-05
3.60339e-05
0.000151825
-1.54347e-05
-1.66716e-05
4.34711e-05
0.00015206
5.08417e-05
0.000155441
5.62895e-05
0.000149799
5.41079e-05
0.000136905
4.49942e-05
0.000112586
3.35167e-05
8.75803e-05
2.33197e-05
6.30078e-05
1.39232e-05
4.0025e-05
4.43916e-06
2.02408e-05
-5.49888e-06
1.17282e-05
-1.41799e-05
1.22265e-05
-1.56994e-05
2.02033e-05
-6.94845e-06
3.77298e-05
-2.67161e-06
6.79034e-05
-1.87694e-06
7.97218e-05
1.04481e-06
8.36037e-05
2.61988e-06
8.82478e-05
2.7511e-06
9.32637e-05
1.20579e-06
9.64693e-05
1.38394e-06
-4.82733e-05
1.09095e-06
4.83882e-05
-3.26935e-05
3.32633e-05
-9.59571e-07
3.89831e-07
-3.42991e-06
-2.01258e-05
6.11887e-06
1.74368e-05
-6.63098e-05
-1.15123e-05
1.42747e-05
6.35474e-05
3.70864e-05
0.000145937
-1.52283e-05
-1.59702e-05
4.53749e-05
0.000143771
5.47653e-05
0.000146051
6.41133e-05
0.000140451
6.92307e-05
0.000131788
6.85333e-05
0.000113283
6.21466e-05
9.3967e-05
5.57957e-05
6.93588e-05
4.3555e-05
5.22657e-05
3.05105e-05
3.32853e-05
1.74667e-05
2.47721e-05
5.54777e-06
2.41454e-05
-1.76304e-06
2.75141e-05
-1.98664e-06
3.79534e-05
2.63761e-06
6.32792e-05
5.0903e-06
7.72691e-05
6.48942e-06
8.22046e-05
5.5512e-06
8.9186e-05
4.49293e-06
9.4322e-05
1.58739e-06
9.73339e-05
2.04091e-06
-4.8472e-05
1.35375e-06
4.87057e-05
-3.39297e-05
3.46316e-05
-1.06785e-06
3.6588e-07
-2.94969e-06
-1.50091e-05
5.44325e-06
1.25156e-05
-6.00349e-05
-8.56456e-06
1.11946e-05
5.74048e-05
3.2619e-05
0.000137726
-1.27473e-05
-1.16608e-05
4.13296e-05
0.000135061
5.29655e-05
0.000134415
6.562e-05
0.000127797
7.37892e-05
0.000123619
7.74011e-05
0.000109671
7.66998e-05
9.46683e-05
7.27942e-05
7.32644e-05
6.33134e-05
6.17464e-05
5.23396e-05
4.42591e-05
3.89517e-05
3.816e-05
2.59633e-05
3.71338e-05
1.38214e-05
3.96561e-05
6.30758e-06
4.54672e-05
1.00694e-05
5.95173e-05
1.24072e-05
7.49314e-05
1.02773e-05
8.43346e-05
7.59194e-06
9.18713e-05
5.51487e-06
9.63991e-05
1.94334e-06
9.86891e-05
2.21637e-06
-4.90039e-05
1.47677e-06
4.94705e-05
-3.54153e-05
3.60993e-05
-1.03687e-06
3.52863e-07
1.80693e-07
-1.04302e-05
4.8308e-07
9.76642e-06
-5.42443e-05
-2.27697e-06
4.78253e-06
5.17388e-05
2.49808e-05
0.000126122
-7.36091e-06
-6.01535e-06
3.56338e-05
0.000124408
4.76015e-05
0.000122447
5.84317e-05
0.000116967
7.09316e-05
0.000111119
7.84101e-05
0.000102193
8.05641e-05
9.25144e-05
7.84081e-05
7.54203e-05
7.41708e-05
6.59838e-05
6.43817e-05
5.40482e-05
5.31466e-05
4.93951e-05
4.14409e-05
4.88395e-05
2.89073e-05
5.21897e-05
1.88351e-05
5.55394e-05
1.62583e-05
6.20941e-05
1.72971e-05
7.38926e-05
1.33136e-05
8.83181e-05
9.07633e-06
9.61086e-05
6.52579e-06
9.89496e-05
1.95244e-06
0.000100505
2.75701e-06
-4.99107e-05
1.50299e-06
5.03602e-05
-3.68398e-05
3.76143e-05
-1.16058e-06
3.86115e-07
3.23237e-06
-1.01731e-05
-4.77673e-06
1.17174e-05
-4.83658e-05
4.40561e-06
-1.84634e-06
4.58066e-05
1.8797e-05
0.000111168
-2.10468e-06
-1.73908e-06
3.01397e-05
0.000113065
4.22973e-05
0.00011029
5.32092e-05
0.000106055
6.39003e-05
0.000100428
7.30734e-05
9.30196e-05
7.99896e-05
8.55981e-05
7.99547e-05
7.54553e-05
7.75572e-05
6.83812e-05
6.99221e-05
6.16833e-05
6.00611e-05
5.92561e-05
5.00109e-05
5.88897e-05
4.12495e-05
6.09511e-05
3.11794e-05
6.56096e-05
2.40868e-05
6.91867e-05
2.23391e-05
7.56403e-05
2.03652e-05
9.0292e-05
1.48018e-05
0.000101672
9.80139e-06
0.00010395
2.54614e-06
0.000104409
3.35208e-06
-5.08123e-05
1.83148e-06
5.15269e-05
-3.85967e-05
3.9477e-05
-1.30189e-06
4.21557e-07
4.21505e-06
-1.38841e-05
-6.56931e-06
1.62384e-05
-4.27284e-05
6.51556e-06
-4.04732e-06
4.02601e-05
1.33905e-05
9.74605e-05
3.4951e-07
-3.20635e-08
2.58096e-05
0.000100646
3.68002e-05
9.92991e-05
4.66108e-05
9.62441e-05
5.80046e-05
8.90339e-05
6.80844e-05
8.29398e-05
7.41287e-05
7.95539e-05
7.64806e-05
7.31033e-05
7.4756e-05
7.01059e-05
7.12485e-05
6.51908e-05
6.46169e-05
6.58877e-05
5.95544e-05
6.39522e-05
5.27413e-05
6.77642e-05
4.44135e-05
7.39373e-05
3.62417e-05
7.73585e-05
2.9274e-05
8.26079e-05
2.75724e-05
9.19937e-05
2.272e-05
0.000106524
1.52236e-05
0.000111446
3.59818e-06
0.000111502
4.53166e-06
-5.23882e-05
2.29704e-06
5.36893e-05
-4.05403e-05
4.15526e-05
-1.42286e-06
4.10586e-07
3.24934e-06
-1.84456e-05
-5.15597e-06
2.03523e-05
-3.78996e-05
5.22018e-06
-3.28765e-06
3.5967e-05
9.93259e-06
8.65183e-05
7.23983e-07
2.85616e-07
2.17993e-05
8.87793e-05
3.26756e-05
8.84228e-05
4.34549e-05
8.54647e-05
5.29955e-05
7.94933e-05
6.0763e-05
7.51722e-05
6.54124e-05
7.49045e-05
7.04569e-05
6.80588e-05
7.17206e-05
6.88422e-05
7.38389e-05
6.30725e-05
7.1949e-05
6.77776e-05
6.96702e-05
6.62309e-05
6.28774e-05
7.45571e-05
5.65742e-05
8.02405e-05
4.75581e-05
8.63746e-05
3.81465e-05
9.20195e-05
3.24275e-05
9.77126e-05
2.66682e-05
0.000112284
1.76656e-05
0.000120449
3.93222e-06
0.000120771
4.46511e-06
-5.52338e-05
2.28764e-06
5.68784e-05
-4.26028e-05
4.33223e-05
-1.09428e-06
3.74784e-07
2.10921e-06
-2.19326e-05
-3.34212e-06
2.31656e-05
-3.42124e-05
3.35672e-06
-2.00737e-06
3.28631e-05
1.02149e-05
7.62825e-05
1.75569e-07
-1.54696e-07
2.06796e-05
7.83146e-05
3.1111e-05
7.79914e-05
4.03196e-05
7.62561e-05
4.81405e-05
7.16725e-05
5.51991e-05
6.81136e-05
6.24755e-05
6.76281e-05
6.99108e-05
6.06235e-05
7.53297e-05
6.34233e-05
7.9085e-05
5.93172e-05
7.98822e-05
6.69803e-05
7.74985e-05
6.86147e-05
7.35287e-05
7.85268e-05
6.61347e-05
8.76345e-05
5.3222e-05
9.92874e-05
4.2075e-05
0.000103166
3.15194e-05
0.000108268
2.19531e-05
0.00012185
1.20991e-05
0.000130303
2.5491e-06
0.000128218
2.10302e-06
-5.88804e-05
1.28331e-06
6.01462e-05
-4.38363e-05
4.37894e-05
-3.14795e-07
3.61678e-07
1.28665e-06
-2.40736e-05
-1.89159e-06
2.46785e-05
-3.17799e-05
1.6915e-06
-8.19853e-07
3.09083e-05
1.09822e-05
6.71487e-05
-7.33011e-07
-1.11531e-06
1.96464e-05
6.96504e-05
2.85031e-05
6.91347e-05
3.66899e-05
6.80693e-05
4.59254e-05
6.24369e-05
5.49991e-05
5.90399e-05
6.50698e-05
5.75574e-05
7.2755e-05
5.29383e-05
7.97097e-05
5.64686e-05
8.21238e-05
5.69031e-05
8.28706e-05
6.62335e-05
8.11352e-05
7.03501e-05
7.65539e-05
8.31082e-05
6.6308e-05
9.78803e-05
5.3792e-05
0.000111803
3.90247e-05
0.000117934
2.3817e-05
0.000123476
1.20062e-05
0.000133661
3.12657e-06
0.000139183
-1.01534e-06
0.000134788
-2.4281e-06
-6.1875e-05
-2.35635e-06
6.3216e-05
-4.29668e-05
4.02015e-05
2.40398e-06
3.6131e-07
6.7724e-07
-2.50991e-05
-9.71266e-07
2.53932e-05
-3.01652e-05
7.80337e-07
-1.00704e-07
2.94855e-05
9.22941e-06
6.07159e-05
-1.28025e-06
-1.5164e-06
1.66517e-05
6.22281e-05
2.45549e-05
6.12315e-05
3.45943e-05
5.80299e-05
4.51771e-05
5.18542e-05
5.48377e-05
4.93793e-05
6.47413e-05
4.76539e-05
7.17164e-05
4.59632e-05
7.82758e-05
4.99092e-05
8.03101e-05
5.48688e-05
8.12394e-05
6.53043e-05
7.59711e-05
7.56183e-05
6.74679e-05
9.16114e-05
5.88856e-05
0.000106463
4.87988e-05
0.00012189
3.29691e-05
0.000133764
1.74308e-05
0.000139014
5.45732e-06
0.000145634
-2.77684e-06
0.000147417
-4.21817e-06
0.000142464
-6.23499e-06
-6.54529e-05
-5.64346e-06
6.68782e-05
-3.55113e-05
3.06765e-05
5.28558e-06
-4.50771e-07
3.61898e-07
-2.55675e-05
-4.19188e-07
2.56248e-05
-2.88099e-05
2.82645e-07
3.02163e-07
2.82251e-05
7.00677e-06
5.63813e-05
-1.31702e-06
-1.35508e-06
1.40113e-05
5.52236e-05
2.31812e-05
5.20616e-05
3.34434e-05
4.77677e-05
4.21614e-05
4.31362e-05
5.00558e-05
4.14848e-05
5.72046e-05
4.05051e-05
6.21249e-05
4.10429e-05
6.63216e-05
4.57125e-05
6.7326e-05
5.38644e-05
6.62926e-05
6.63377e-05
6.14144e-05
8.04965e-05
5.4733e-05
9.82928e-05
4.79313e-05
0.000113264
3.91537e-05
0.000130668
2.76957e-05
0.000145221
1.40933e-05
0.000152617
1.20128e-06
0.000158526
-8.41273e-06
0.000157031
-8.09409e-06
0.000151019
-8.87351e-06
-6.75049e-05
-7.88662e-06
6.72975e-05
-2.66271e-05
2.37519e-05
3.41245e-06
-5.37236e-07
2.09736e-07
-2.56052e-05
-1.77024e-07
2.55725e-05
-2.76821e-05
-5.10221e-08
4.72025e-07
2.72611e-05
6.00702e-06
5.28287e-05
-1.16727e-06
-1.2872e-06
1.23702e-05
4.88604e-05
1.99664e-05
4.44654e-05
2.7117e-05
4.06171e-05
3.31151e-05
3.71381e-05
3.83786e-05
3.62212e-05
4.2932e-05
3.59517e-05
4.58144e-05
3.81605e-05
4.68752e-05
4.46517e-05
4.47931e-05
5.59465e-05
3.95199e-05
7.16109e-05
3.51112e-05
8.49052e-05
3.2058e-05
0.000101346
2.79393e-05
0.000117383
2.35665e-05
0.000135041
1.68057e-05
0.000151982
4.50209e-06
0.00016492
-7.90993e-06
0.000170938
-1.79657e-05
0.000167087
-1.09278e-05
0.000155807
-1.18257e-05
-6.69287e-05
-9.01841e-06
6.50193e-05
-2.15366e-05
1.91401e-05
3.10852e-06
-7.12006e-07
-9.37056e-08
-2.55686e-05
1.18325e-07
2.55439e-05
-2.68136e-05
-2.90012e-07
5.92414e-07
2.65112e-05
5.85631e-06
4.94681e-05
-1.1889e-06
-1.30679e-06
1.01913e-05
4.45253e-05
1.42832e-05
4.03736e-05
1.78851e-05
3.70152e-05
2.10991e-05
3.39241e-05
2.37721e-05
3.35482e-05
2.54091e-05
3.43147e-05
2.58601e-05
3.77095e-05
2.49665e-05
4.55453e-05
2.20115e-05
5.89015e-05
1.86051e-05
7.50173e-05
1.43779e-05
8.91324e-05
1.14544e-05
0.00010427
8.53131e-06
0.000120306
4.15658e-06
0.000139415
-3.41349e-06
0.000159552
-1.21454e-05
0.000173652
-1.92913e-05
0.000178084
-2.50646e-05
0.00017286
-1.30775e-05
0.000156875
-1.30555e-05
-6.19676e-05
-7.89151e-06
5.67816e-05
-1.64439e-05
1.37457e-05
3.8088e-06
-1.11061e-06
-3.3297e-07
-2.54725e-05
4.59068e-07
2.53464e-05
-2.61893e-05
-5.93441e-07
7.68579e-07
2.60142e-05
5.05452e-06
4.68923e-05
-1.13588e-06
-1.34279e-06
6.72868e-06
4.28512e-05
7.29537e-06
3.98069e-05
7.71556e-06
3.6595e-05
7.85107e-06
3.37886e-05
8.02224e-06
3.3377e-05
8.41695e-06
3.392e-05
7.8387e-06
3.82877e-05
6.38955e-06
4.69944e-05
4.82884e-06
6.04622e-05
4.52199e-06
7.53241e-05
2.93089e-06
9.07235e-05
-6.25907e-07
0.000107826
-5.99578e-06
0.000125676
-1.41778e-05
0.000147597
-2.18327e-05
0.000167207
-2.40203e-05
0.00017584
-2.41418e-05
0.000178206
-2.49273e-05
0.000173645
-1.20769e-05
0.000156147
-1.21224e-05
-5.14505e-05
-7.56469e-06
4.69383e-05
-1.10654e-05
8.15721e-06
4.20031e-06
-1.29213e-06
-6.2669e-07
-2.52573e-05
5.39113e-07
2.53449e-05
-2.58146e-05
-4.83263e-07
5.77944e-07
2.57199e-05
2.75894e-06
4.58063e-05
-8.92421e-07
-7.80573e-07
2.93859e-06
4.26715e-05
1.56423e-06
4.11813e-05
-1.15893e-07
3.82751e-05
-1.61474e-06
3.52875e-05
-3.4302e-06
3.51925e-05
-5.46866e-06
3.59585e-05
-7.37999e-06
4.01991e-05
-8.61315e-06
4.82276e-05
-9.89113e-06
6.17402e-05
-1.21323e-05
7.75653e-05
-1.57989e-05
9.439e-05
-2.09892e-05
0.000113017
-2.80591e-05
0.000132746
-3.2731e-05
0.000152269
-3.11646e-05
0.000165641
-2.73529e-05
0.000172028
-2.39221e-05
0.000174775
-2.04168e-05
0.00017014
-7.95352e-06
0.000150389
-6.70517e-06
-4.33637e-05
-6.64333e-06
4.20535e-05
-4.9445e-06
2.16565e-06
3.95091e-06
-1.17205e-06
-7.86056e-07
-2.56207e-05
3.20181e-07
2.60865e-05
-2.57084e-05
8.43282e-08
-1.86947e-07
2.5811e-05
-4.84519e-07
4.58738e-05
5.83568e-08
3.58675e-07
-2.47046e-06
4.46575e-05
-6.19502e-06
4.49058e-05
-9.95126e-06
4.20313e-05
-1.3852e-05
3.91882e-05
-1.79857e-05
3.93262e-05
-2.22607e-05
4.02335e-05
-2.69954e-05
4.49337e-05
-3.16765e-05
5.29087e-05
-3.50389e-05
6.51027e-05
-3.84062e-05
8.09326e-05
-4.21143e-05
9.80982e-05
-4.49065e-05
0.000115809
-4.55467e-05
0.000133386
-4.19275e-05
0.00014865
-3.56294e-05
0.000159343
-2.85606e-05
0.000164959
-2.12264e-05
0.000167441
-1.2596e-05
0.00016151
-1.39856e-06
0.000139001
1.90025e-07
-4.03881e-05
-4.72709e-07
3.94622e-05
-4.34303e-07
2.97827e-07
3.9552e-07
-2.59045e-07
-1.02036e-07
-2.65403e-05
-3.88119e-07
2.70305e-05
-2.59174e-05
9.03136e-07
-1.09051e-06
2.61048e-05
-5.03477e-06
4.78792e-05
1.31308e-06
1.71633e-06
-9.14574e-06
4.87684e-05
-1.44547e-05
5.02148e-05
-1.98419e-05
4.74186e-05
-2.52529e-05
4.45991e-05
-3.09637e-05
4.50371e-05
-3.6875e-05
4.61448e-05
-4.31395e-05
5.11982e-05
-4.90058e-05
5.8775e-05
-5.42199e-05
7.03168e-05
-5.66995e-05
8.34122e-05
-5.76429e-05
9.90415e-05
-5.64456e-05
0.000114612
-5.32319e-05
0.000130172
-4.70799e-05
0.000142498
-3.81723e-05
0.000150435
-2.71928e-05
0.00015398
-1.58029e-05
0.000156051
-3.28136e-06
0.000148988
4.57789e-06
0.000125689
5.45335e-06
-3.80037e-05
4.42212e-06
3.81595e-05
-1.32565e-06
3.56634e-06
-2.84136e-06
6.00675e-07
3.47986e-07
-2.75945e-05
-9.31717e-07
2.81782e-05
-2.63515e-05
1.56609e-06
-2.26207e-06
2.70475e-05
-7.99826e-06
5.01973e-05
2.88756e-06
2.79256e-06
-1.24418e-05
5.3212e-05
-1.76488e-05
5.54218e-05
-2.31663e-05
5.29361e-05
-2.9201e-05
5.06338e-05
-3.60609e-05
5.1897e-05
-4.32284e-05
5.33123e-05
-5.03522e-05
5.8322e-05
-5.61459e-05
6.45687e-05
-6.09553e-05
7.51261e-05
-6.36193e-05
8.60762e-05
-6.33396e-05
9.87619e-05
-6.14223e-05
0.000112694
-5.67418e-05
0.000125492
-4.7907e-05
0.000133663
-3.7155e-05
0.000139683
-2.56607e-05
0.000142486
-1.20773e-05
0.000142467
8.66807e-07
0.000136044
6.71316e-06
0.000113295
6.54782e-06
-3.76456e-05
6.58555e-06
3.77732e-05
-6.43893e-06
9.50302e-06
-4.04698e-06
9.82889e-07
5.703e-07
-2.87385e-05
-1.13571e-06
2.93039e-05
-2.76587e-05
1.80959e-06
-2.48644e-06
2.83355e-05
-7.51575e-06
5.2362e-05
2.86942e-06
2.48161e-06
-1.24347e-05
5.81309e-05
-1.82458e-05
6.12329e-05
-2.47261e-05
5.94165e-05
-3.18661e-05
5.77737e-05
-3.97256e-05
5.97566e-05
-4.66049e-05
6.01915e-05
-5.27436e-05
6.44607e-05
-5.85168e-05
7.03419e-05
-6.17374e-05
7.83468e-05
-6.40109e-05
8.83496e-05
-6.39009e-05
9.8652e-05
-6.06996e-05
0.000109493
-5.33853e-05
0.000118178
-4.48869e-05
0.000125165
-3.46852e-05
0.000129481
-2.39111e-05
0.000131711
-1.1116e-05
0.000129672
8.80236e-07
0.000124048
5.62847e-06
4.446e-06
0.0001041
-3.79932e-05
5.33755e-06
3.82842e-05
-1.23474e-05
1.47783e-05
-3.17938e-06
7.48546e-07
4.43247e-07
-2.98239e-05
-8.70137e-07
3.02508e-05
-2.88268e-05
1.6393e-06
-2.04194e-06
2.92295e-05
-7.7061e-06
5.53723e-05
2.40353e-06
2.29228e-06
-1.22493e-05
6.26741e-05
-1.78003e-05
6.67839e-05
-2.4669e-05
6.62851e-05
-3.19597e-05
6.50644e-05
-3.91351e-05
6.6932e-05
-4.60131e-05
6.70694e-05
-5.1576e-05
7.00236e-05
-5.71366e-05
7.59025e-05
-6.019e-05
8.14002e-05
-6.13714e-05
8.9531e-05
-5.97066e-05
9.69872e-05
-5.55736e-05
0.00010536
-4.90933e-05
0.000111697
-4.12325e-05
0.000117304
-3.20437e-05
0.000120293
-2.15914e-05
0.000121259
-1.12301e-05
0.000119311
0.00011325
-4.32739e-07
5.22422e-07
-3.06016e-05
-7.59503e-07
3.08387e-05
-2.96117e-05
1.4302e-06
-1.86517e-06
3.00467e-05
-1.12008e-05
6.08718e-05
2.78478e-06
2.91647e-06
-1.498e-05
6.64533e-05
-1.85899e-05
7.03939e-05
-2.48465e-05
7.25417e-05
-3.14949e-05
7.17128e-05
-3.74855e-05
7.29225e-05
-4.43044e-05
7.38883e-05
-4.95752e-05
7.52945e-05
-5.36237e-05
7.9951e-05
-5.61153e-05
8.38918e-05
-5.69152e-05
9.03309e-05
-5.51841e-05
9.5256e-05
-5.14013e-05
0.000101577
-4.60479e-05
0.000106344
-3.82848e-05
0.000109541
-2.98283e-05
0.000111836
-2.01728e-05
0.000111604
-1.10286e-05
0.000110167
-1.89117e-06
6.03214e-07
-3.09318e-05
-5.80886e-07
3.09094e-05
-3.06977e-05
1.14969e-06
-1.80376e-06
3.13518e-05
-1.45078e-05
6.81652e-05
3.25869e-06
3.95576e-06
-1.88224e-05
7.07679e-05
-2.114e-05
7.27114e-05
-2.60047e-05
7.74065e-05
-3.19179e-05
7.7626e-05
-3.70165e-05
7.80211e-05
-4.21224e-05
7.89942e-05
-4.69043e-05
8.00764e-05
-5.00012e-05
8.30479e-05
-5.19224e-05
8.5813e-05
-5.21411e-05
9.05496e-05
-5.03876e-05
9.35026e-05
-4.63318e-05
9.75213e-05
-4.08098e-05
0.000100822
-3.43999e-05
-2.68675e-05
-1.91114e-05
1.02407e-06
-3.08742e-05
-1.06378e-06
3.09139e-05
-3.23226e-05
1.78997e-06
-2.7084e-06
3.3241e-05
-1.42948e-05
4.20687e-06
5.01404e-06
7.32391e-05
-1.91929e-05
7.5666e-05
-2.25546e-05
7.60731e-05
-2.60029e-05
8.08548e-05
-3.01784e-05
8.18015e-05
-3.52064e-05
8.30491e-05
-3.96768e-05
8.34646e-05
-4.40124e-05
8.4412e-05
-4.63869e-05
8.54224e-05
-4.75884e-05
8.70145e-05
-4.73586e-05
9.03198e-05
-4.58465e-05
9.19904e-05
-4.26368e-05
9.43116e-05
9.60876e-05
7.99261e-06
7.86843e-10
6.44471e-06
1.70135e-06
-1.53443e-07
-8.75725e-07
4.56759e-07
4.79923e-06
-3.04797e-07
2.62585e-06
2.75483e-06
-5.81452e-07
-1.0338e-06
3.67389e-07
3.48236e-08
-8.38885e-07
-2.43936e-06
3.52197e-06
-1.04779e-06
-1.15866e-06
3.7505e-07
-4.47627e-06
-9.12777e-07
-5.45831e-06
1.56675e-06
-5.84718e-07
-1.11392e-06
3.73397e-07
-5.18396e-06
-9.36559e-08
-3.84961e-06
-1.66996e-06
3.35612e-07
-1.41141e-06
4.28965e-07
-1.37305e-06
7.55809e-07
1.72797e-06
-4.05333e-06
9.52312e-07
-1.50632e-06
4.43067e-07
4.98013e-06
9.62881e-07
7.88247e-06
-3.84217e-06
9.39832e-07
-1.45566e-06
4.0545e-07
1.03249e-05
8.06875e-07
1.23333e-05
-2.63756e-06
6.29231e-07
-9.20989e-07
4.06973e-07
1.39645e-05
4.77994e-07
1.52483e-05
-1.62823e-06
3.4446e-07
4.45125e-07
3.77478e-07
1.6289e-05
2.45903e-07
1.70963e-05
-9.73498e-07
1.66239e-07
4.70693e-06
-1.66931e-08
1.76788e-05
9.47013e-08
1.81033e-05
-4.70043e-07
4.55534e-08
4.82854e-06
-7.79176e-07
1.84514e-05
1.3798e-08
1.87608e-05
-3.06569e-07
-2.79319e-09
2.7087e-06
-4.93424e-07
1.89881e-05
-1.75784e-08
1.91062e-05
-8.90971e-08
-2.90064e-08
3.68207e-06
-9.85839e-07
1.90704e-05
-5.79299e-08
1.89145e-05
2.15728e-07
-5.98498e-08
3.8884e-06
-1.20811e-06
1.86202e-05
-3.86156e-08
1.81912e-05
4.62361e-07
-3.3435e-08
4.54547e-06
-1.33277e-06
1.76229e-05
-5.8319e-08
1.6904e-05
8.15678e-07
-9.67855e-08
2.58734e-06
-8.55995e-07
1.62182e-05
-1.00306e-07
1.57801e-05
4.87218e-07
-4.91413e-08
-1.19759e-06
1.69764e-07
1.56644e-05
1.37541e-08
1.57568e-05
-1.4323e-07
5.077e-08
-3.71865e-06
8.4606e-07
1.60227e-05
8.20483e-08
1.64195e-05
-5.21008e-07
1.24283e-07
-3.75879e-06
9.14364e-07
1.68314e-05
1.58422e-07
1.71885e-05
-5.06547e-07
1.49389e-07
-2.51092e-06
5.68079e-07
1.67211e-05
1.75053e-05
1.2648e-07
1.78589e-05
-4.84973e-07
1.3139e-07
1.824e-05
1.41327e-07
1.86671e-05
-5.74623e-07
1.47444e-07
1.91234e-05
1.46906e-07
1.98014e-05
-8.63142e-07
1.85135e-07
2.06118e-05
2.13725e-07
-1.14632e-06
2.2675e-07
2.15314e-05
-4.86271e-06
5.48575e-06
7.53376e-05
-5.50856e-06
7.88405e-05
7.45739e-05
-7.21849e-06
7.90753e-06
7.38849e-05
7.87618e-05
-7.81355e-06
7.90894e-05
5.1531e-05
1.38047e-06
5.02798e-05
7.26527e-05
-8.72442e-06
1.02159e-05
7.11612e-05
7.88146e-05
-1.06231e-05
7.85319e-05
4.95749e-05
8.44353e-07
4.85311e-05
6.87164e-05
-8.90315e-06
1.16581e-05
6.59614e-05
7.82884e-05
-1.27382e-05
7.75059e-05
4.81423e-05
2.46344e-07
4.73534e-05
6.21526e-05
-7.90292e-06
1.25368e-05
5.75187e-05
7.71307e-05
-1.4471e-05
7.62736e-05
4.69759e-05
-7.47934e-07
4.68481e-05
5.19691e-05
-6.57031e-06
1.21887e-05
4.63507e-05
7.56862e-05
-1.50846e-05
7.40993e-05
4.69795e-05
-1.3001e-06
4.72458e-05
4.09572e-05
-5.94963e-06
1.02245e-05
3.66824e-05
7.31456e-05
-1.3737e-05
7.09124e-05
4.75317e-05
-1.74265e-06
4.81157e-05
3.35611e-05
-3.65214e-06
5.78285e-06
3.14304e-05
6.93598e-05
-8.94333e-06
6.66423e-05
4.85556e-05
-1.77616e-06
4.92178e-05
2.96365e-05
2.07662e-06
-1.30022e-06
2.88601e-05
6.4064e-05
-2.07272e-06
6.01213e-05
4.95602e-05
-2.30491e-06
5.04537e-05
2.8489e-05
6.21997e-06
-6.03545e-06
2.83044e-05
5.61703e-05
2.95724e-06
5.1474e-05
5.09833e-05
-2.49084e-06
5.19678e-05
2.82507e-05
6.04945e-06
-6.07407e-06
2.82753e-05
4.77762e-05
3.7135e-06
4.40306e-05
5.2842e-05
-2.98718e-06
5.43735e-05
2.83395e-05
4.21794e-06
-4.29104e-06
2.84126e-05
4.14669e-05
2.53645e-06
3.92161e-05
5.55669e-05
-2.46307e-06
5.71089e-05
2.84272e-05
2.53627e-06
-2.43823e-06
2.83292e-05
3.73843e-05
1.35503e-06
3.58746e-05
5.80775e-05
-3.74187e-07
5.88968e-05
2.81291e-05
1.39412e-06
-1.15331e-06
2.78883e-05
3.43217e-05
4.10237e-07
3.27962e-05
5.89444e-05
4.66497e-06
5.89864e-05
2.76973e-05
6.4438e-07
-4.94324e-07
2.75473e-05
3.14152e-05
-1.81332e-07
3.00801e-05
5.86285e-05
6.86173e-06
5.65953e-05
2.74108e-05
2.86935e-07
-3.46557e-08
2.71585e-05
2.90653e-05
-5.08299e-07
2.82185e-05
5.21211e-05
8.5047e-06
4.63251e-05
2.69304e-05
8.52123e-08
2.363e-07
2.66089e-05
2.75232e-05
-6.83868e-07
2.69199e-05
4.04152e-05
8.77406e-06
3.53232e-05
2.64372e-05
-2.87217e-07
5.079e-07
2.62165e-05
2.63234e-05
-8.29755e-07
2.58464e-05
3.12405e-05
7.72434e-06
2.74046e-05
2.60822e-05
-5.51398e-07
6.60183e-07
2.59734e-05
2.54791e-05
-8.59737e-07
2.4996e-05
2.40402e-05
8.5478e-06
2.00379e-05
2.60292e-05
-5.39902e-07
4.11499e-07
2.61576e-05
2.46816e-05
-4.23011e-07
2.4324e-05
1.73455e-05
5.0398e-06
1.4893e-05
2.65621e-05
-3.3462e-08
-3.09595e-07
2.69052e-05
2.41954e-05
4.15965e-07
2.41381e-05
1.48158e-05
-1.64856e-06
1.52668e-05
2.74202e-05
7.07266e-07
-1.1197e-06
2.78327e-05
2.43607e-05
1.36641e-06
2.47106e-05
1.68476e-05
-5.96726e-06
1.90962e-05
2.8467e-05
1.08124e-06
-1.60325e-06
2.8989e-05
2.53361e-05
2.21445e-06
2.59142e-05
2.16347e-05
-6.32778e-06
2.42037e-05
2.96629e-05
1.02659e-06
-1.67591e-06
3.03122e-05
2.62972e-05
2.1672e-06
2.66116e-05
2.63619e-05
-4.10693e-06
2.79579e-05
3.86232e-05
3.10814e-05
8.35771e-07
-1.52885e-06
3.17745e-05
2.69732e-05
1.91109e-06
2.73544e-05
3.24452e-05
6.6772e-07
-1.22724e-06
3.30047e-05
2.8274e-05
1.87829e-06
2.93122e-05
3.35735e-05
8.27883e-07
-1.32871e-06
3.40743e-05
3.07671e-05
2.29947e-06
3.24234e-05
3.48005e-05
1.29743e-06
-2.28716e-06
3.57902e-05
3.1065e-05
3.39219e-05
3.70111e-06
3.52348e-05
3.46549e-05
5.19366e-08
-7.55626e-07
-1.6259e-06
1.63166e-07
5.07344e-07
-2.35535e-07
1.50694e-06
-1.34377e-06
1.80552e-07
-5.83282e-08
3.8614e-07
1.17212e-06
-9.91568e-07
1.18963e-07
1.71654e-07
1.92863e-07
7.20449e-07
-7.98704e-07
2.08755e-07
1.03087e-06
-5.89949e-07
1.51222e-07
-1.29739e-06
1.536e-06
3.99711e-07
-2.4849e-07
1.39031e-07
-1.76663e-06
1.99348e-06
1.11731e-07
2.72992e-08
1.30535e-07
-2.22598e-06
2.4483e-06
-1.69849e-07
3.00385e-07
1.35907e-07
-2.69029e-06
2.94049e-06
-4.31798e-07
5.67705e-07
1.63646e-07
-3.20869e-06
3.46661e-06
-7.28471e-07
8.92118e-07
1.8453e-07
-3.72453e-06
3.95058e-06
-1.07726e-06
1.26179e-06
1.96244e-07
-4.16149e-06
4.34003e-06
-1.45633e-06
1.65258e-06
2.33289e-07
-4.51543e-06
4.64382e-06
-1.88415e-06
2.11744e-06
2.66334e-07
-4.7602e-06
4.85517e-06
-2.37854e-06
2.64487e-06
-8.0916e-08
-4.73937e-06
4.36952e-06
-2.74398e-06
2.66307e-06
-1.31873e-07
-3.81149e-06
3.40613e-06
-2.44192e-06
2.31004e-06
-2.15318e-07
-3.01637e-06
2.51968e-06
-2.20639e-06
1.99107e-06
-4.47567e-07
-1.89847e-06
1.23543e-06
-1.62643e-06
1.17887e-06
-6.16072e-07
-5.49321e-07
-1.26735e-07
-6.56866e-07
4.07938e-08
-6.25867e-07
8.05359e-07
-1.35155e-06
6.13349e-07
-1.23922e-06
-2.04777e-07
1.72125e-06
-1.77551e-06
1.72551e-06
-1.93029e-06
2.51647e-07
1.6161e-06
-1.26707e-06
1.91994e-06
-1.66829e-06
4.08119e-07
7.87011e-07
-2.12241e-07
1.30229e-06
-8.94172e-07
3.12367e-07
-3.27519e-07
7.63698e-07
5.19569e-07
-2.07201e-07
1.90238e-07
1.36758e-07
1.4255e-07
1.31413e-07
1.60766e-07
1.85147e-07
1.94537e-07
2.31575e-07
2.61102e-07
9.91085e-08
-2.21151e-07
-1.03658e-07
-3.64633e-07
-5.22002e-07
-6.54143e-07
-4.86295e-07
1.03494e-08
3.66001e-07
3.74603e-07
2.40828e-07
1.09095e-06
3.36264e-08
4.12217e-07
3.01097e-07
-6.37121e-08
-2.33468e-07
1.98884e-08
2.37805e-08
-9.52029e-08
6.47039e-08
-4.48156e-08
-1.28783e-08
1.93021e-07
-2.72943e-07
6.43687e-08
-7.72468e-08
1.68764e-07
-1.95532e-08
3.60068e-08
-3.01652e-07
-4.124e-08
4.06447e-08
-3.4151e-07
-5.95209e-10
-9.90331e-08
4.76431e-07
-6.82195e-07
1.91176e-08
-1.18151e-07
-3.96566e-07
1.01993e-06
-1.46225e-06
3.61871e-07
-7.58437e-07
-5.21135e-07
1.97118e-06
-2.36282e-06
1.2973e-06
-1.81843e-06
-1.47225e-07
2.57131e-06
-2.51774e-06
2.19466e-06
-2.34189e-06
3.09839e-07
2.24451e-06
-1.79854e-06
2.27951e-06
-1.96967e-06
4.49516e-07
1.29932e-06
-7.85954e-07
1.51657e-06
-1.06706e-06
3.24143e-07
2.42885e-07
2.39848e-07
6.70295e-07
-3.46152e-07
1.96232e-07
-6.14663e-07
8.96424e-07
9.17358e-08
1.04497e-07
9.62975e-08
-1.1022e-06
1.2518e-06
-2.43184e-07
3.39482e-07
3.41416e-08
-1.3546e-06
1.41516e-06
-4.02924e-07
4.37065e-07
1.60204e-09
-1.44647e-06
1.45866e-06
-4.5131e-07
4.52912e-07
-9.86154e-09
-1.4602e-06
1.45248e-06
-4.48583e-07
4.38721e-07
-2.3619e-08
-1.43555e-06
1.40124e-06
-4.26647e-07
4.03028e-07
-1.39582e-08
-1.36623e-06
1.34157e-06
-3.78189e-07
3.64231e-07
-1.33305e-08
-1.31523e-06
1.27024e-06
-3.5714e-07
3.43809e-07
-4.62453e-08
-1.20721e-06
1.15315e-06
-3.10048e-07
2.63803e-07
-5.95343e-09
-1.13498e-06
1.15468e-06
-2.32838e-07
2.26885e-07
1.88684e-08
-1.19771e-06
1.26089e-06
-2.34624e-07
2.53492e-07
5.31862e-08
-1.34851e-06
1.45374e-06
-2.90161e-07
3.43347e-07
3.85468e-08
-1.55324e-06
1.64117e-06
-3.9324e-07
4.31786e-07
4.5471e-08
-1.73226e-06
1.82811e-06
-4.72093e-07
5.17564e-07
4.69594e-08
-1.92757e-06
2.02752e-06
-5.65547e-07
6.12506e-07
7.85498e-08
-2.1483e-06
2.28347e-06
-6.76866e-07
7.55416e-07
-1.85224e-08
-2.4372e-07
-5.38863e-07
-3.76229e-07
6.23828e-08
4.53094e-07
3.96763e-07
2.54416e-07
1.38688e-07
6.34417e-08
1.42449e-08
-4.32946e-09
-1.20746e-08
-2.48384e-08
-7.09092e-09
-3.37614e-08
-3.09645e-08
7.73942e-09
3.66683e-08
4.98928e-08
4.03067e-08
4.79829e-08
6.43598e-08
8.7152e-08
2.42307e-06
8.42568e-07
9.6783e-07
-9.2097e-05
7.69989e-07
8.74136e-05
1.37086e-06
3.79505e-05
-3.83536e-05
2.23244e-05
-2.16416e-05
-8.21213e-07
1.38448e-07
-5.81087e-07
9.46237e-08
2.28108e-05
3.2141e-06
9.7632e-05
2.82155e-06
3.1793e-06
3.8658e-05
1.82931e-05
-1.99609e-06
4.24124e-07
1.98379e-06
1.66e-06
-3.87658e-05
2.2128e-06
3.85368e-05
-1.96231e-05
2.07358e-05
-1.37051e-06
2.57764e-07
-1.66192e-06
3.31922e-07
-1.1019e-06
1.96122e-07
3.23262e-05
-3.17766e-05
-1.06072e-06
3.28059e-05
3.76598e-05
2.91411e-05
-2.71373e-06
3.01929e-05
3.10352e-05
-1.84326e-06
6.00908e-08
1.87034e-06
-1.79199e-06
6.02612e-07
-5.42521e-07
4.27781e-08
1.92219e-06
6.4539e-07
1.79194e-07
1.33588e-06
2.1282e-07
1.08028e-07
-1.5292e-06
1.67894e-06
-3.51421e-07
4.59449e-07
1.38601e-07
8.30724e-08
2.68884e-07
8.37724e-05
1.09266e-07
6.51066e-07
3.72776e-05
2.31231e-05
-3.69355e-07
5.70648e-08
-1.50255e-05
9.05476e-05
2.15127e-05
-8.74801e-06
8.76488e-05
-3.39309e-06
8.44607e-05
-2.05783e-07
8.08671e-05
-2.81978e-07
-3.69548e-05
1.24613e-07
3.66244e-05
-2.33072e-05
2.33736e-05
-7.52122e-08
8.80022e-09
-4.13442e-05
8.61686e-05
-8.99097e-05
4.50852e-05
-3.63401e-05
8.59653e-05
-9.09694e-05
-3.16762e-05
8.59362e-05
-9.06002e-05
-2.58625e-05
8.41308e-05
-8.99445e-05
-1.98613e-05
8.50363e-05
-9.10376e-05
-1.39151e-05
8.46015e-05
-8.81907e-06
8.25528e-05
-4.5267e-06
8.01684e-05
-5.89112e-07
7.75917e-05
-6.62159e-07
-3.63511e-05
-2.57314e-07
3.60193e-05
-2.33484e-05
2.32081e-05
1.5761e-07
-1.7333e-08
-4.18534e-05
4.49199e-05
8.31021e-05
-3.79768e-05
8.20887e-05
-3.34721e-05
8.14316e-05
-2.82603e-05
7.8919e-05
-2.22392e-05
7.90152e-05
-1.65241e-05
7.88863e-05
-1.15257e-05
7.75544e-05
-7.09138e-06
7.5734e-05
-1.15755e-06
-1.31094e-06
7.29688e-05
-3.58097e-05
-6.95738e-07
3.53478e-05
-2.29555e-05
2.2645e-05
3.50269e-07
-3.97547e-08
-2.16934e-07
3.28616e-08
3.30647e-08
-7.87414e-09
2.82653e-07
-3.00118e-08
3.64321e-07
2.23348e-05
-5.41555e-08
-4.33404e-05
4.54212e-05
-3.99981e-05
-3.45108e-05
-2.80855e-05
3.30876e-05
-4.32078e-07
3.33027e-05
3.33521e-05
8.64032e-09
3.33765e-05
3.32768e-05
4.5253e-07
3.3107e-05
3.27615e-05
7.88297e-07
3.23375e-05
3.48252e-05
1.05418e-06
-1.26089e-06
3.12717e-05
2.57939e-06
-4.03243e-06
3.6108e-05
-1.46973e-05
7.71582e-05
5.20165e-06
5.57649e-06
-1.94531e-05
8.04218e-05
-2.54335e-05
8.20535e-05
-2.92469e-05
8.46682e-05
-3.29724e-05
8.5527e-05
-3.76081e-05
8.76849e-05
-4.17037e-05
8.75602e-05
-4.46274e-05
8.73357e-05
-4.6314e-05
8.7109e-05
-4.67895e-05
8.749e-05
8.89515e-05
7.53379e-07
-3.14623e-05
-8.93968e-07
3.16029e-05
-3.81149e-05
2.04945e-06
-4.16318e-06
4.02287e-05
-1.76437e-05
8.30146e-05
5.70083e-06
6.0865e-06
-2.2588e-05
8.5366e-05
-2.96894e-05
8.9155e-05
-3.46592e-05
8.96381e-05
-3.88782e-05
8.9746e-05
-4.19965e-05
9.08032e-05
-4.44271e-05
8.99907e-05
-4.52832e-05
8.81918e-05
-4.60653e-05
8.78911e-05
-4.61227e-05
8.75474e-05
3.61331e-07
-3.17229e-05
-4.73096e-07
3.18346e-05
-4.26877e-05
6.32906e-07
-2.41578e-06
4.44706e-05
-1.75042e-05
9.17447e-05
4.66611e-06
4.10797e-06
-2.3861e-05
9.17229e-05
-2.96568e-05
9.49508e-05
-3.51116e-05
9.50929e-05
-4.0033e-05
9.46674e-05
-4.23217e-05
9.30919e-05
2.80557e-08
-3.20066e-05
-3.75021e-07
3.23535e-05
-4.5576e-05
-2.88544e-07
1.71832e-07
4.56927e-05
-1.1031e-05
0.000100643
1.34574e-06
7.86691e-07
-1.8458e-05
9.91498e-05
2.23771e-05
2.08392e-07
2.3128e-05
-9.31222e-07
1.80324e-07
2.37284e-05
1.53042e-07
2.41706e-05
-5.66822e-07
1.24587e-07
2.44354e-05
9.65004e-08
2.45383e-05
-1.7742e-07
7.46094e-08
2.45088e-05
5.74664e-08
2.43164e-05
1.39013e-07
5.34704e-08
8.79139e-05
-4.44961e-05
9.21651e-05
-4.5901e-05
8.95968e-05
-4.75467e-05
8.95368e-05
-4.80479e-05
8.80485e-05
8.4786e-05
-2.25627e-05
9.90555e-05
-2.86296e-05
0.00010116
-3.54763e-05
0.000101514
-4.12176e-05
9.88332e-05
-4.5908e-05
9.68555e-05
-5.01739e-05
9.38627e-05
-5.12373e-05
9.06002e-05
-4.87642e-05
8.55755e-05
-4.60018e-05
8.20235e-05
-4.38736e-05
8.09739e-05
-3.97475e-05
7.79626e-05
-3.48186e-05
7.65027e-05
-2.9981e-05
7.40815e-05
-2.45303e-05
7.35645e-05
-1.95237e-05
7.38797e-05
-1.45353e-05
7.2566e-05
-9.46606e-06
7.06648e-05
-1.91361e-06
6.76916e-05
-2.27525e-06
-9.82248e-07
3.38938e-05
2.20355e-05
3.53256e-07
-5.39763e-08
-3.1604e-07
-3.29618e-05
-3.33128e-07
3.3611e-05
-4.51694e-05
-7.18292e-08
1.22598e-06
4.40153e-05
-8.20939e-07
0.000104001
-1.25806e-06
-1.27838e-06
-7.92967e-06
0.000106259
-1.37802e-05
0.000104906
-2.0587e-05
0.000107967
-2.77337e-05
0.000108661
-3.57451e-05
0.000106845
-4.16087e-05
0.000102719
-4.60871e-05
9.8341e-05
-4.96921e-05
9.42052e-05
-4.95778e-05
8.54611e-05
-4.70551e-05
7.95008e-05
-4.40108e-05
7.79296e-05
-4.0279e-05
7.42307e-05
-3.58912e-05
7.21149e-05
-3.09956e-05
6.91859e-05
-2.58469e-05
6.84158e-05
-2.08039e-05
6.88367e-05
-1.57345e-05
6.74966e-05
-1.04783e-05
6.54085e-05
-2.57926e-06
6.26028e-05
-2.81024e-06
-3.28288e-05
-1.3931e-06
3.16427e-05
-2.17451e-05
2.14537e-05
3.81462e-07
-9.00392e-08
-4.56932e-07
-3.41635e-05
2.32038e-07
3.43884e-05
-4.31484e-05
-2.22523e-07
1.34564e-06
4.20253e-05
8.80117e-06
0.000101274
-3.08084e-06
-2.99394e-06
4.09317e-06
0.000110967
-6.38322e-06
0.000115383
-1.39497e-05
0.000115533
-2.0669e-05
0.00011538
-2.69123e-05
0.000113088
-3.30028e-05
0.00010881
-3.81926e-05
0.000103531
-4.05094e-05
9.6522e-05
-4.40134e-05
8.89652e-05
-4.60255e-05
8.15129e-05
-4.27052e-05
7.46094e-05
-3.89546e-05
7.04801e-05
-3.40448e-05
6.72051e-05
-2.92258e-05
6.4367e-05
-2.44149e-05
6.36049e-05
-1.95014e-05
6.39232e-05
-1.4919e-05
6.29142e-05
-1.01636e-05
6.06532e-05
-2.65607e-06
5.78268e-05
-2.7316e-06
-3.03905e-05
-1.48741e-06
2.92218e-05
-2.11568e-05
2.08492e-05
4.30491e-07
-1.22958e-07
-4.62684e-07
-3.43245e-05
9.01894e-07
3.38853e-05
-4.16832e-05
-1.25713e-06
2.29902e-06
4.06414e-05
1.59252e-05
9.38111e-05
-4.62052e-06
-3.84151e-06
1.75422e-05
0.00010935
9.54645e-06
0.000123378
-1.97336e-06
0.000127053
-1.11597e-05
0.000124566
-1.71093e-05
0.000119038
-2.31599e-05
0.00011486
-2.93737e-05
0.000109745
-3.39186e-05
0.000101067
-3.812e-05
9.31667e-05
-4.04384e-05
8.38313e-05
-3.85389e-05
7.27098e-05
-3.41769e-05
6.61182e-05
-2.86691e-05
6.16973e-05
-2.36769e-05
5.93748e-05
-1.93667e-05
5.92947e-05
-1.54044e-05
5.99608e-05
-1.20487e-05
5.95585e-05
-8.50137e-06
5.71058e-05
-2.30819e-06
5.39226e-05
-2.28893e-06
-2.80231e-05
-1.31288e-06
2.70277e-05
-2.04471e-05
1.99478e-05
6.34947e-07
-1.35604e-07
-6.01528e-07
-3.31409e-05
1.50431e-06
3.22382e-05
-4.01596e-05
-2.25977e-06
3.8122e-06
3.86072e-05
2.1945e-05
8.3665e-05
-6.11481e-06
-5.684e-06
3.01757e-05
0.000101119
2.96808e-05
0.000123873
1.84137e-05
0.00013832
6.21385e-06
0.000136766
-4.43444e-06
0.000129686
-1.19517e-05
0.000122377
-1.88125e-05
0.000116606
-2.47573e-05
0.000107012
-2.82604e-05
9.66698e-05
-2.95721e-05
8.5143e-05
-2.92622e-05
7.23999e-05
-2.59311e-05
6.27871e-05
-2.27619e-05
5.85281e-05
-1.96957e-05
5.63086e-05
-1.59316e-05
5.55306e-05
-1.22224e-05
5.62517e-05
-9.07122e-06
5.64073e-05
-6.2226e-06
5.42572e-05
-1.67735e-06
5.0976e-05
-1.59864e-06
-2.60411e-05
-9.93582e-07
2.53574e-05
-1.93401e-05
1.87509e-05
7.0156e-07
-1.12386e-07
-8.93084e-07
-3.12666e-05
1.95818e-06
3.02015e-05
-3.72226e-05
-3.35831e-06
5.75261e-06
3.48283e-05
2.82259e-05
7.20554e-05
-8.35614e-06
-8.26024e-06
3.8927e-05
9.04177e-05
4.30544e-05
0.000119746
3.80602e-05
0.000143314
2.61373e-05
0.000148689
1.15962e-05
0.000144227
3.16145e-08
0.000133942
-6.41781e-06
0.000123055
-1.01862e-05
0.00011078
-1.21096e-05
9.85933e-05
-1.36727e-05
8.6706e-05
-1.55546e-05
7.42819e-05
-1.58897e-05
6.31222e-05
-1.52833e-05
5.79217e-05
-1.23251e-05
5.33504e-05
-9.38336e-06
5.25888e-05
-6.90146e-06
5.37698e-05
-4.76249e-06
5.42684e-05
-3.0551e-06
5.25498e-05
-8.03904e-07
4.94537e-05
-7.2888e-07
-2.47198e-05
-5.58555e-07
2.44745e-05
-1.8173e-05
1.77424e-05
5.06097e-07
-7.5492e-08
-1.16178e-06
-2.90341e-05
2.38711e-06
2.78087e-05
-3.26593e-05
-4.21527e-06
6.75833e-06
3.01163e-05
3.08671e-05
5.98276e-05
-9.62371e-06
-9.01558e-06
4.27555e-05
7.85293e-05
4.93467e-05
0.000113155
4.78117e-05
0.000144849
4.03678e-05
0.000156133
2.92419e-05
0.000155353
1.58249e-05
0.000147359
6.3635e-06
0.000132516
1.22076e-06
0.000115923
-2.10858e-06
0.000101923
-4.23421e-06
8.88316e-05
-5.01523e-06
7.50629e-05
-5.74579e-06
6.38527e-05
-4.4195e-06
5.65954e-05
-2.18435e-06
5.11152e-05
-9.39487e-07
5.13439e-05
-9.38614e-09
5.28397e-05
3.69718e-07
5.38892e-05
3.025e-07
5.26171e-05
9.76623e-08
4.96408e-05
1.77502e-08
-2.42652e-05
-3.53529e-08
2.43982e-05
-1.74063e-05
1.72994e-05
1.02597e-07
4.31504e-09
-1.18789e-06
-2.65737e-05
2.34448e-06
2.54171e-05
-2.80011e-05
-3.93028e-06
5.88532e-06
2.60461e-05
2.57371e-05
4.96549e-05
-8.1219e-06
-7.44258e-06
3.90278e-05
6.52386e-05
4.78333e-05
0.000104349
4.65423e-05
0.00014614
4.31399e-05
0.000159535
3.95873e-05
0.000158906
3.25432e-05
0.000154403
2.32863e-05
0.000141773
1.46754e-05
0.000124534
8.98491e-06
0.000107613
5.90735e-06
9.19092e-05
4.63314e-06
7.63371e-05
4.6807e-06
6.38052e-05
5.19131e-06
5.60847e-05
4.83473e-06
5.14718e-05
4.26959e-06
5.19091e-05
4.52112e-06
5.25881e-05
4.17877e-06
5.42316e-05
3.06707e-06
5.37288e-05
1.03193e-06
5.08996e-05
7.76304e-07
-2.44738e-05
6.4123e-07
2.48645e-05
-1.73031e-05
1.75384e-05
-3.21351e-07
8.60239e-08
-9.08521e-07
-2.44226e-05
1.66254e-06
2.36685e-05
-2.43431e-05
-2.63801e-06
3.80329e-06
2.31778e-05
1.55489e-05
4.32651e-05
-4.95799e-06
-4.20106e-06
2.73032e-05
5.34843e-05
3.80862e-05
9.35663e-05
4.07761e-05
0.00014345
4.14772e-05
0.000158834
4.22428e-05
0.00015814
4.23046e-05
0.000154341
3.93022e-05
0.000144776
3.44915e-05
0.000129344
2.95712e-05
0.000112533
2.50254e-05
9.64549e-05
2.17676e-05
7.95949e-05
1.90309e-05
6.65419e-05
1.74827e-05
5.76329e-05
1.61376e-05
5.28169e-05
1.45708e-05
5.34759e-05
1.25046e-05
5.46544e-05
9.67423e-06
5.7062e-05
6.50295e-06
5.69e-05
1.71138e-06
5.41484e-05
1.54281e-06
-2.51415e-05
1.11181e-06
2.57411e-05
-1.78601e-05
1.83578e-05
-6.36527e-07
1.38833e-07
-4.72895e-07
-2.31722e-05
6.8288e-07
2.29623e-05
-2.2241e-05
-9.44879e-07
1.23357e-06
2.19523e-05
3.61157e-06
4.17936e-05
-1.31289e-06
-8.27226e-07
9.52322e-06
4.75726e-05
2.21625e-05
8.0927e-05
3.13441e-05
0.000134269
3.75943e-05
0.000152584
4.17673e-05
0.000153967
4.5832e-05
0.000150277
4.90316e-05
0.000141576
4.97747e-05
0.000128601
4.86256e-05
0.000113683
4.6412e-05
9.86685e-05
4.26286e-05
8.33783e-05
3.77891e-05
7.13814e-05
3.33024e-05
6.21197e-05
2.77969e-05
5.83224e-05
2.34184e-05
5.78544e-05
1.92988e-05
5.8774e-05
1.46947e-05
6.1666e-05
9.43779e-06
6.2157e-05
2.27296e-06
5.90238e-05
2.28936e-06
-2.63009e-05
1.46481e-06
2.71091e-05
-1.88421e-05
1.94712e-05
-8.03976e-07
1.74874e-07
-1.09764e-07
-2.29417e-05
-5.48066e-08
2.31063e-05
-2.18544e-05
3.80947e-07
-7.28427e-07
2.22019e-05
-4.71812e-06
4.33879e-05
1.38495e-06
1.73887e-06
-5.57817e-06
4.84327e-05
2.78313e-06
7.25657e-05
1.69555e-05
0.000120096
3.04608e-05
0.000139079
4.08448e-05
0.000143583
4.84758e-05
0.000142646
5.39016e-05
0.00013615
5.73054e-05
0.000125197
5.90534e-05
0.000111935
5.83613e-05
9.93607e-05
5.5127e-05
8.66125e-05
5.05875e-05
7.59209e-05
4.39842e-05
6.8723e-05
3.58037e-05
6.65029e-05
2.92413e-05
6.44167e-05
2.28749e-05
6.51404e-05
1.6982e-05
6.75589e-05
1.12119e-05
6.79271e-05
2.74703e-06
6.44973e-05
2.99142e-06
-2.7866e-05
1.78218e-06
2.88309e-05
-2.01233e-05
2.08923e-05
-9.90653e-07
2.2166e-07
2.13843e-07
-2.34272e-05
-5.62022e-07
2.37754e-05
-2.26736e-05
1.23051e-06
-2.06009e-06
2.35032e-05
-1.02109e-05
4.73457e-05
3.0813e-06
3.17187e-06
-1.49322e-05
5.3154e-05
-1.32487e-05
7.08822e-05
1.56045e-06
0.000105287
1.90357e-05
0.000121603
3.48726e-05
0.000127746
4.73537e-05
0.000130165
5.66517e-05
0.000126852
6.15401e-05
0.000120309
6.38082e-05
0.000109666
6.42809e-05
9.88879e-05
6.15237e-05
8.93697e-05
5.61955e-05
8.12491e-05
4.86046e-05
7.63139e-05
4.10323e-05
7.40752e-05
3.35006e-05
7.19484e-05
2.53331e-05
7.33079e-05
1.92403e-05
7.36517e-05
1.33887e-05
7.37786e-05
3.38962e-06
7.04911e-05
4.00534e-06
-2.97487e-05
2.15586e-06
3.09824e-05
-2.17211e-05
2.2646e-05
-1.19029e-06
2.65439e-07
4.00333e-07
-2.40795e-05
-6.0514e-07
2.42843e-05
-2.44131e-05
1.16186e-06
-1.91218e-06
2.51634e-05
-9.28571e-06
5.12737e-05
2.7721e-06
2.58556e-06
-1.38302e-05
5.76985e-05
-1.36809e-05
7.07329e-05
-2.72844e-06
9.43347e-05
1.24082e-05
0.000106467
2.82595e-05
0.000111895
4.12598e-05
0.000117164
5.26574e-05
0.000115455
6.11877e-05
0.000111779
6.48603e-05
0.000105994
6.52049e-05
9.85433e-05
6.27093e-05
9.18653e-05
5.74072e-05
8.65512e-05
5.10548e-05
8.26664e-05
4.42633e-05
8.08667e-05
3.63132e-05
7.98985e-05
2.82081e-05
8.14129e-05
2.26732e-05
7.91867e-05
1.63253e-05
8.01265e-05
4.37046e-06
7.72813e-05
5.16466e-06
-3.22475e-05
2.72235e-06
3.38957e-05
-2.36701e-05
2.47737e-05
-1.41089e-06
3.07361e-07
4.71879e-07
-2.44017e-05
-5.14741e-07
2.44445e-05
-2.58795e-05
7.5229e-07
-1.21223e-06
2.63394e-05
-6.8066e-06
5.46942e-05
1.82572e-06
1.56041e-06
-1.08402e-05
6.1732e-05
-1.14179e-05
7.13107e-05
-3.07405e-06
8.59908e-05
9.13035e-06
9.42623e-05
2.26965e-05
9.83285e-05
3.50718e-05
0.000104789
4.60961e-05
0.00010443
5.5481e-05
0.000102394
6.19711e-05
9.95037e-05
6.35386e-05
9.69758e-05
6.2122e-05
9.3282e-05
5.90246e-05
8.96486e-05
5.44613e-05
8.72297e-05
4.83644e-05
8.69635e-05
4.02247e-05
8.80382e-05
3.24152e-05
8.92225e-05
2.53517e-05
8.62502e-05
1.82579e-05
8.72203e-05
5.0388e-06
8.48369e-05
5.66349e-06
-3.57078e-05
2.99783e-06
3.77488e-05
-2.59357e-05
2.70699e-05
-1.44388e-06
3.09719e-07
4.40933e-07
-2.44357e-05
-3.88447e-07
2.43832e-05
-2.66758e-05
3.04872e-07
-3.28985e-07
2.66999e-05
-2.77471e-06
5.65179e-05
5.42797e-07
4.0817e-07
-4.18165e-06
6.3139e-05
-3.38591e-06
7.0515e-05
2.4631e-06
8.01418e-05
1.15732e-05
8.51522e-05
2.21341e-05
8.77676e-05
3.45765e-05
9.23466e-05
4.32939e-05
9.57128e-05
5.02969e-05
9.53909e-05
5.50967e-05
9.47039e-05
5.84936e-05
9.3579e-05
5.90553e-05
9.27203e-05
5.66094e-05
9.20944e-05
5.26757e-05
9.11634e-05
4.70586e-05
9.25807e-05
4.03888e-05
9.4708e-05
3.35821e-05
9.60291e-05
2.41687e-05
9.56637e-05
1.7095e-05
9.42939e-05
4.72001e-06
9.26079e-05
4.60404e-06
-4.01277e-05
2.49367e-06
4.2354e-05
-2.8129e-05
2.9014e-05
-1.14069e-06
2.5567e-07
3.73131e-07
-2.43088e-05
-2.84573e-07
2.42202e-05
-2.67095e-05
-4.97585e-08
2.71341e-07
2.64879e-05
-1.38515e-06
5.80645e-05
-5.47732e-08
-1.06621e-07
-1.65891e-06
6.34127e-05
9.60468e-08
6.876e-05
5.41118e-06
7.48266e-05
1.35569e-05
7.70065e-05
2.21353e-05
7.91892e-05
3.26761e-05
8.18057e-05
4.26522e-05
8.57367e-05
4.89661e-05
8.9077e-05
5.40868e-05
8.95832e-05
5.88827e-05
8.8783e-05
5.91039e-05
9.24991e-05
5.6695e-05
9.45034e-05
5.18018e-05
9.60566e-05
4.5899e-05
9.84835e-05
3.96077e-05
0.000100999
3.15115e-05
0.000104125
2.16364e-05
0.000105539
1.40203e-05
0.00010191
2.52774e-06
0.000102131
1.96948e-06
-4.48965e-05
7.54218e-07
4.667e-05
-2.96187e-05
2.99004e-05
-4.29122e-07
1.47451e-07
3.14461e-07
-2.41012e-05
-2.11045e-07
2.39978e-05
-2.62919e-05
-8.23423e-08
2.38533e-07
2.61358e-05
-3.81912e-07
5.83543e-05
-6.93343e-08
1.61378e-07
6.65338e-07
6.23655e-05
3.71859e-06
6.57068e-05
9.49535e-06
6.90499e-05
1.70688e-05
6.94331e-05
2.48458e-05
7.14121e-05
3.33366e-05
7.33149e-05
4.19432e-05
7.71302e-05
4.91939e-05
8.18263e-05
5.41906e-05
8.45864e-05
5.64492e-05
8.65244e-05
5.79395e-05
9.10089e-05
5.43587e-05
9.80842e-05
4.85681e-05
0.000101847
4.21948e-05
0.000104857
3.43975e-05
0.000108797
2.58726e-05
0.00011265
1.7493e-05
0.000113918
7.98888e-06
0.000111414
-1.76752e-07
0.000110406
-1.09318e-07
-4.84933e-05
-6.35894e-07
4.89524e-05
-2.99017e-05
2.96083e-05
2.36872e-07
5.64885e-08
4.38245e-07
-2.39468e-05
-4.82397e-07
2.3991e-05
-2.6094e-05
3.92316e-07
-3.08314e-07
2.601e-05
-3.09596e-08
5.76303e-05
3.44455e-07
4.1048e-07
1.65547e-06
6.06791e-05
4.31445e-06
6.30478e-05
9.40851e-06
6.39558e-05
1.62985e-05
6.25431e-05
2.4291e-05
6.34196e-05
3.24509e-05
6.51551e-05
4.07143e-05
6.88667e-05
4.79895e-05
7.45511e-05
5.17915e-05
8.07845e-05
5.2357e-05
8.59589e-05
4.95024e-05
9.38635e-05
4.4666e-05
0.000102921
3.95073e-05
0.000107006
3.23095e-05
0.000112055
2.42507e-05
0.000116855
1.62352e-05
0.000120666
9.38825e-06
0.000120765
1.85791e-07
0.000120617
-1.70924e-06
0.000113541
-1.24009e-06
-4.9584e-05
-1.20186e-06
4.90767e-05
-2.90101e-05
2.83e-05
7.26479e-07
-1.642e-08
5.27585e-07
-2.40924e-05
-5.75142e-07
2.41399e-05
-2.60028e-05
5.94066e-07
-7.18796e-07
2.61276e-05
-1.64443e-06
5.72684e-05
9.60199e-07
1.04612e-06
8.33664e-07
5.8201e-05
4.58798e-06
5.92935e-05
9.87711e-06
5.86667e-05
1.62848e-05
5.61353e-05
2.37703e-05
5.59341e-05
3.05233e-05
5.84021e-05
3.66129e-05
6.27771e-05
4.19734e-05
6.91907e-05
4.34869e-05
7.92709e-05
4.14625e-05
8.79832e-05
3.846e-05
9.6866e-05
3.62781e-05
0.000105102
3.05431e-05
0.000112741
2.30002e-05
0.000119598
1.59922e-05
0.000123863
8.14888e-06
0.000128509
-1.36872e-07
0.000129051
-7.37506e-06
0.000127855
-2.93712e-06
0.000112018
-2.91524e-06
-4.82527e-05
-1.27231e-06
4.65879e-05
-2.77382e-05
2.71791e-05
5.695e-07
-1.04515e-08
6.88372e-07
-2.43504e-05
-8.57807e-07
2.45199e-05
-2.62645e-05
1.01412e-06
-1.26664e-06
2.6517e-05
-4.43533e-06
2.89174e-05
1.62601e-06
1.95935e-06
2.92011e-05
-3.67924e-06
2.87502e-05
2.86947e-05
-5.36494e-07
2.80498e-05
2.81009e-05
3.73149e-06
2.73312e-05
2.70675e-05
8.61761e-06
2.57213e-05
2.5528e-05
1.48419e-05
2.48391e-05
2.48708e-05
2.15181e-05
2.55644e-05
2.61615e-05
2.57237e-05
2.90267e-05
2.95448e-05
2.81255e-05
3.34328e-05
3.33561e-05
2.8672e-05
3.91377e-05
3.95867e-05
2.77769e-05
4.42209e-05
4.46575e-05
2.75725e-05
4.79237e-05
4.91467e-05
2.49681e-05
5.32642e-05
5.44426e-05
1.94181e-05
5.81496e-05
6.01412e-05
1.34651e-05
6.21127e-05
6.34378e-05
5.88452e-06
6.49289e-05
6.65151e-05
-2.8726e-06
6.82423e-05
6.90239e-05
-1.20005e-05
6.95419e-05
6.8637e-05
-1.54118e-05
6.5824e-05
6.5442e-05
-3.10317e-06
5.43852e-05
-4.34144e-06
4.96659e-05
-4.45332e-05
-1.28913e-06
4.27192e-05
-2.67507e-05
2.62008e-05
5.48852e-07
1.10498e-09
4.86951e-07
-2.47989e-05
-8.33432e-07
2.51453e-05
-2.6923e-05
1.45631e-06
-2.08542e-06
2.75522e-05
2.37851e-06
-2.55097e-06
2.90898e-05
2.73476e-06
-2.99827e-06
2.90137e-05
3.06954e-06
-2.79126e-06
2.77715e-05
2.12826e-06
-1.148e-06
2.6351e-05
1.64485e-07
7.77297e-07
2.47795e-05
-1.56729e-06
2.53515e-06
2.38712e-05
-3.56077e-06
4.76675e-06
2.43584e-05
-6.03285e-06
7.38992e-06
2.76696e-05
-8.17881e-06
8.8934e-06
3.27182e-05
-9.40149e-06
1.0353e-05
3.81862e-05
-1.0764e-05
1.14265e-05
4.35584e-05
-1.11978e-05
1.07483e-05
4.83732e-05
-1.08376e-05
1.055e-05
5.35518e-05
-9.41782e-06
8.19761e-06
5.93698e-05
-7.0606e-06
5.47522e-06
6.36981e-05
-3.84442e-06
1.48247e-06
6.72909e-05
1.04665e-06
-3.47372e-06
7.06693e-05
5.54626e-06
-6.86932e-06
7.0865e-05
8.86906e-06
-9.29779e-06
6.62528e-05
7.62183e-06
-5.39567e-06
5.21591e-05
-4.03275e-05
3.5567e-06
-2.19626e-06
3.8967e-05
-2.54965e-05
2.43544e-05
1.16663e-06
-2.45843e-08
2.38071e-06
-1.61557e-06
-2.63798e-05
2.38e-06
-3.06687e-06
-2.8334e-05
3.4433e-06
-3.72063e-06
-2.92835e-05
3.96306e-06
-4.09316e-06
-2.91473e-05
4.11849e-06
-4.1374e-06
-2.79241e-05
4.13348e-06
-4.13874e-06
-2.60896e-05
4.06755e-06
-4.04297e-06
-2.41349e-05
3.81039e-06
-3.51192e-06
-2.30014e-05
3.26351e-06
-2.58481e-06
-2.31358e-05
2.00908e-06
-1.18897e-06
-2.60691e-05
-1.96371e-07
1.68796e-06
-3.14638e-05
-2.79187e-06
4.07717e-06
-3.73565e-05
-4.86115e-06
5.39474e-06
-4.36836e-05
-6.20935e-06
6.12418e-06
-4.87441e-05
-5.83191e-06
5.33664e-06
-5.39325e-05
-4.34746e-06
3.46973e-06
-6.0438e-05
-2.27919e-06
9.16419e-07
-6.53088e-05
9.54035e-07
-3.09595e-06
-6.95814e-05
5.10171e-06
-6.93812e-06
-7.29603e-05
8.7149e-06
-1.00462e-05
-7.32855e-05
1.0092e-05
-9.1571e-06
-6.5824e-05
6.92002e-06
-4.75012e-06
-4.98286e-05
3.08646e-06
-1.59337e-06
-3.82481e-05
-2.19104e-05
-1.36873e-06
-6.57366e-08
3.59493e-07
-6.908e-08
2.39593e-05
4.09935e-08
2.35229e-05
4.2167e-07
1.4776e-08
3.98533e-07
-1.016e-07
2.30781e-05
-1.21108e-08
2.2636e-05
4.72296e-07
-3.02224e-08
5.37745e-07
-1.35614e-07
2.22168e-05
-4.35265e-08
2.17841e-05
5.00861e-07
-6.81018e-08
7.32312e-07
-1.24599e-07
2.12927e-05
-1.10191e-07
2.07155e-05
7.34493e-07
-1.57237e-07
6.77031e-07
-9.9123e-08
2.00304e-05
-2.08043e-07
1.92396e-05
1.04753e-06
-2.56721e-07
3.79057e-07
-4.29979e-08
1.8374e-05
-2.96147e-07
1.7479e-05
1.21541e-06
-3.20379e-07
-4.66263e-08
4.29242e-08
1.66149e-05
-3.23805e-07
1.58358e-05
1.08481e-06
-3.05759e-07
-4.24331e-07
1.02649e-07
1.51945e-05
-2.67156e-07
1.47111e-05
6.99043e-07
-2.157e-07
-6.32017e-07
1.47761e-07
1.43955e-05
-1.57229e-07
1.4216e-05
2.84204e-07
-1.04741e-07
-8.48657e-07
1.96501e-07
1.41604e-05
-5.41975e-08
1.42288e-05
-6.52391e-08
-3.1672e-09
-1.07802e-06
2.49183e-07
1.44011e-05
4.15629e-08
1.46545e-05
-3.29875e-07
7.64523e-08
-1.32071e-06
2.96576e-07
1.49559e-05
9.89945e-08
1.52918e-05
-4.48322e-07
1.12364e-07
-1.48687e-06
3.24772e-07
1.56426e-05
1.21142e-07
1.5992e-05
-4.72842e-07
1.23407e-07
-1.35628e-06
2.97194e-07
1.63133e-05
1.19667e-07
1.66262e-05
-4.29024e-07
1.16085e-07
-8.15427e-07
2.10724e-07
1.68898e-05
1.09546e-07
1.71286e-05
-3.53127e-07
1.14311e-07
-1.07353e-07
1.06069e-07
1.7341e-05
1.0204e-07
1.7623e-05
-4.12905e-07
1.30939e-07
5.52531e-07
4.56733e-08
1.79306e-05
1.30622e-07
1.82701e-05
-4.87475e-07
1.47989e-07
5.57172e-07
4.71248e-09
1.86285e-05
1.69202e-07
1.90252e-05
-5.7597e-07
1.79231e-07
4.3272e-07
-4.33449e-09
1.94793e-05
2.34323e-07
1.9926e-05
-6.84424e-07
2.37721e-07
7.10644e-07
-6.36746e-09
2.01042e-05
3.08727e-07
1.92472e-05
5.66172e-07
2.90799e-07
2.47685e-06
-3.27591e-08
3.3543e-07
-2.73926e-05
-2.90748e-05
-2.9346e-05
-2.89458e-05
-2.74232e-05
-2.55877e-05
-2.39115e-05
-2.29148e-05
-2.36129e-05
-2.72458e-05
-3.22871e-05
-3.84236e-05
-4.52732e-05
-4.96116e-05
-5.59553e-05
-6.22148e-05
-6.67054e-05
-7.11395e-05
-7.29135e-05
-7.20507e-05
-6.18684e-05
-4.60172e-05
-3.52193e-05
3.71088e-05
1.12177e-06
-2.48504e-06
3.8472e-05
3.6404e-05
4.49198e-06
3.74885e-05
3.96275e-05
6.86841e-07
-1.37537e-06
4.0316e-05
3.90262e-05
3.83445e-06
4.12782e-05
4.04758e-05
3.49344e-07
4.23373e-08
4.00842e-05
4.35285e-05
1.06308e-06
4.65734e-05
3.94206e-05
4.69259e-07
2.25378e-07
3.8726e-05
4.8091e-05
-7.48701e-07
4.96264e-05
3.17085e-05
1.21023e-06
3.08578e-05
3.8321e-05
1.30898e-07
2.19993e-07
3.79701e-05
4.95943e-05
-1.08681e-06
4.94027e-05
2.98461e-05
1.55806e-06
2.86866e-05
3.79796e-05
-5.36245e-07
8.41206e-07
3.76747e-05
4.76675e-05
-1.18328e-06
4.58569e-05
2.76297e-05
1.53282e-06
2.66346e-05
3.73194e-05
-1.24519e-06
1.91333e-06
3.66513e-05
4.35354e-05
-2.39505e-06
4.20889e-05
2.59567e-05
1.30232e-06
2.53867e-05
3.58958e-05
-1.70605e-06
2.8461e-06
3.47558e-05
3.97863e-05
-4.23066e-06
3.8333e-05
2.50947e-05
9.6108e-07
2.48106e-05
3.33556e-05
-2.21499e-06
3.95918e-06
3.16114e-05
3.57294e-05
-6.12819e-06
3.35974e-05
2.47582e-05
5.19609e-07
2.46176e-05
2.97833e-05
-2.45044e-06
4.26776e-06
2.7966e-05
3.0732e-05
-6.38289e-06
2.80993e-05
2.46848e-05
5.78125e-08
2.45804e-05
2.63802e-05
-2.07934e-06
3.42525e-06
2.50343e-05
2.58628e-05
-5.12824e-06
2.35484e-05
2.49003e-05
-4.99214e-07
2.49752e-05
2.40588e-05
-1.19534e-06
1.86856e-06
2.33856e-05
2.23937e-05
-2.80542e-06
2.09981e-05
2.54505e-05
-9.83e-07
2.58014e-05
2.31236e-05
-3.04747e-07
3.13282e-07
2.3115e-05
2.09188e-05
-4.11142e-07
2.05027e-05
2.64623e-05
-1.53239e-06
2.7146e-05
2.34412e-05
3.86187e-07
-9.08351e-07
2.39633e-05
2.11592e-05
1.38005e-06
2.1518e-05
2.79375e-05
-2.07364e-06
2.89332e-05
2.46318e-05
6.33979e-07
-1.3059e-06
2.53038e-05
2.25392e-05
2.21582e-06
2.34953e-05
2.98987e-05
-2.74022e-06
3.13182e-05
2.58605e-05
5.6566e-07
-9.79295e-07
2.62741e-05
2.43552e-05
1.69532e-06
2.52454e-05
3.26297e-05
-3.35248e-06
3.44953e-05
2.65117e-05
4.63991e-07
-5.34799e-07
2.65825e-05
2.58589e-05
8.71152e-07
2.65482e-05
3.60493e-05
-3.28464e-06
3.79776e-05
2.64989e-05
3.54592e-07
-1.75838e-07
2.63201e-05
2.6762e-05
1.85441e-07
2.69847e-05
3.93306e-05
-2.06151e-06
4.05767e-05
2.59858e-05
2.34173e-07
6.07525e-08
2.56909e-05
2.72013e-05
-2.56697e-07
2.73514e-05
4.09018e-05
-1.46234e-07
4.09407e-05
2.53975e-05
3.61893e-07
-1.18176e-07
2.51538e-05
2.75206e-05
7.63932e-08
2.76056e-05
4.05417e-05
7.40922e-07
4.03533e-05
2.50637e-05
5.88863e-07
-6.16894e-07
2.50917e-05
2.76417e-05
6.09753e-07
2.74424e-05
3.98779e-05
4.16119e-07
4.00189e-05
2.51106e-05
7.86484e-07
-8.96435e-07
2.52206e-05
2.76838e-05
1.03334e-06
2.76966e-05
3.93161e-05
8.60596e-07
3.88883e-05
2.53769e-05
9.63406e-07
-1.22751e-06
2.5641e-05
2.8056e-05
1.63357e-06
2.83818e-05
3.8148e-05
1.94973e-06
3.69089e-05
2.62639e-05
6.68263e-07
-1.79698e-06
2.86749e-05
2.57878e-06
-2.97871e-06
2.93849e-05
3.17242e-06
-3.13359e-06
2.8766e-05
3.2672e-06
-3.44699e-06
2.74379e-05
3.59956e-06
-3.58483e-06
2.6084e-05
3.32346e-06
-2.82719e-06
2.4738e-05
2.18263e-06
-1.35613e-06
2.38451e-05
4.86284e-07
4.44016e-07
2.48954e-05
-1.66664e-06
2.94916e-06
2.87559e-05
-4.54968e-06
6.05982e-06
3.2848e-05
-7.31422e-06
7.8751e-06
3.91757e-05
-8.7048e-06
9.45683e-06
4.48862e-05
-9.33164e-06
8.94464e-06
4.90574e-05
-8.57376e-06
8.01958e-06
5.55748e-05
-7.63891e-06
7.25834e-06
6.12782e-05
-6.19014e-06
5.25355e-06
6.50687e-05
-3.64285e-06
2.00614e-06
6.90442e-05
2.84404e-07
-2.37966e-06
7.10964e-05
4.67066e-06
-6.48775e-06
7.06367e-05
8.90829e-06
-1.03223e-05
6.37661e-05
9.89354e-06
-7.99583e-06
4.78269e-05
5.66535e-06
-3.85572e-06
3.58793e-05
3.13681e-06
2.82776e-08
1.95098e-06
6.73668e-07
9.91759e-09
-1.9646e-06
1.96349e-06
-6.92904e-07
7.02822e-07
1.34727e-09
-1.95204e-06
1.93336e-06
-7.06396e-07
7.07744e-07
-8.42835e-09
-1.90725e-06
1.87592e-06
-7.03839e-07
6.9541e-07
1.9236e-08
3.57468e-09
-3.90508e-09
-1.39793e-08
1.83575e-06
6.81431e-07
-1.44009e-08
1.79617e-06
6.6703e-07
-2.9812e-08
-1.74652e-06
1.6863e-06
-6.47598e-07
6.17786e-07
-4.4507e-08
-1.61931e-06
1.54086e-06
-5.83174e-07
5.38667e-07
-5.54921e-08
-1.45823e-06
1.37812e-06
-4.85681e-07
4.30189e-07
-4.93231e-08
-1.30566e-06
1.2426e-06
-3.78044e-07
3.28721e-07
-4.26125e-08
-1.19094e-06
1.15806e-06
-2.8126e-07
2.38648e-07
-1.71238e-08
-1.14848e-06
1.16992e-06
-2.05229e-07
1.88105e-07
1.24903e-08
-1.21664e-06
1.29018e-06
-1.84306e-07
1.96796e-07
3.56226e-08
-1.37295e-06
1.47616e-06
-2.16674e-07
2.52296e-07
5.2537e-08
-1.58325e-06
1.70559e-06
-2.92968e-07
3.45505e-07
7.52094e-08
-1.8392e-06
1.98565e-06
-4.0839e-07
4.83599e-07
9.88418e-08
-2.14601e-06
2.31261e-06
-5.72419e-07
6.71261e-07
1.24962e-07
-2.49407e-06
2.67647e-06
-7.86377e-07
9.11339e-07
1.366e-07
-2.86385e-06
3.03697e-06
-1.04874e-06
1.18534e-06
1.24032e-07
-3.19763e-06
3.32927e-06
-1.32187e-06
1.4459e-06
8.5847e-08
-3.43078e-06
3.49238e-06
-1.55511e-06
1.64096e-06
5.24123e-08
-3.52721e-06
3.53129e-06
-1.7122e-06
1.76461e-06
2.07973e-08
-3.52902e-06
3.4918e-06
-1.81255e-06
1.83335e-06
2.36765e-08
-3.46844e-06
3.43431e-06
-1.86142e-06
1.8851e-06
2.61803e-08
-3.40872e-06
3.38365e-06
-1.90635e-06
1.93253e-06
1.34592e-08
-3.35964e-06
3.3216e-06
-1.95017e-06
1.96363e-06
-3.45136e-08
-3.28996e-06
-1.96251e-06
-1.94319e-08
-3.46127e-08
-5.29855e-08
-5.21449e-08
-4.74609e-08
-3.34191e-08
-3.79884e-09
1.98775e-08
4.06713e-08
6.28853e-08
8.88201e-08
1.15116e-07
1.37396e-07
1.3653e-07
1.09215e-07
7.12397e-08
4.79393e-08
2.80736e-08
2.12547e-08
1.76384e-08
-1.12122e-09
8.36933e-08
2.54777e-06
9.26261e-07
6.99666e-08
-2.65234e-06
2.73542e-06
-1.00201e-06
1.07198e-06
5.43124e-08
-2.79756e-06
2.83975e-06
-1.13442e-06
1.18873e-06
4.48559e-08
-2.86581e-06
2.87842e-06
-1.23728e-06
1.28214e-06
7.57517e-08
6.2442e-08
4.85506e-08
4.65454e-08
2.88534e-06
1.32869e-06
4.32311e-08
2.88311e-06
1.37192e-06
2.45474e-08
-2.86375e-06
2.8271e-06
-1.40605e-06
1.43059e-06
1.19732e-08
-2.77959e-06
2.72409e-06
-1.44788e-06
1.45985e-06
-1.72213e-08
-2.65409e-06
2.56112e-06
-1.46175e-06
1.44453e-06
-6.60113e-08
-2.44389e-06
2.30186e-06
-1.40452e-06
1.33851e-06
-1.16365e-07
-2.13766e-06
1.95787e-06
-1.24599e-06
1.12962e-06
-1.41963e-07
-1.77138e-06
1.58954e-06
-9.95736e-07
8.53773e-07
-1.25999e-07
-1.42293e-06
1.28177e-06
-7.14629e-07
5.8863e-07
-8.16984e-08
-1.17197e-06
1.09644e-06
-4.8273e-07
4.01032e-07
-3.65834e-08
-1.05084e-06
1.03323e-06
-3.41888e-07
3.05305e-07
8.10644e-09
-1.04297e-06
1.07643e-06
-2.92391e-07
3.00498e-07
3.67265e-08
-1.12788e-06
1.19015e-06
-3.25498e-07
3.62224e-07
4.91002e-08
-1.25843e-06
1.33047e-06
-4.06307e-07
4.55407e-07
4.98062e-08
-1.4029e-06
1.47276e-06
-5.06391e-07
5.56197e-07
4.35895e-08
-1.54096e-06
1.60692e-06
-6.04077e-07
6.47666e-07
3.57807e-08
-1.67811e-06
1.74437e-06
-6.90787e-07
7.26568e-07
4.60444e-08
-1.83079e-06
1.91537e-06
-7.71089e-07
8.17134e-07
5.38476e-08
-2.01705e-06
2.1324e-06
-8.6344e-07
9.17288e-07
7.68438e-08
-2.25456e-06
2.41204e-06
-9.74362e-07
1.05121e-06
1.01988e-07
-2.57156e-06
2.7783e-06
-1.1294e-06
1.23139e-06
1.23457e-07
-2.98072e-06
-1.31977e-06
3.41279e-08
1.72876e-08
1.89755e-09
-4.00068e-08
-9.25229e-08
-1.33888e-07
-1.39144e-07
-1.059e-07
-5.9144e-08
-1.29137e-08
2.50001e-08
4.40831e-08
5.09837e-08
4.78795e-08
4.31209e-08
4.45211e-08
4.63065e-08
5.7074e-08
7.81986e-08
8.83783e-08
)
;

boundaryField
{
    inlet
    {
        type            calculated;
        value           nonuniform List<scalar> 0();
    }
    outlet
    {
        type            calculated;
        value           nonuniform List<scalar> 
52
(
2.56146e-05
2.90208e-05
2.95609e-05
2.92774e-05
2.7943e-05
2.60949e-05
2.41103e-05
2.27029e-05
2.24571e-05
2.5249e-05
2.99722e-05
3.60712e-05
4.315e-05
4.88292e-05
5.44278e-05
6.13158e-05
6.66716e-05
7.17233e-05
7.47967e-05
7.46168e-05
6.48892e-05
4.76587e-05
3.6755e-05
2.33448e-05
2.12925e-05
2.8157e-05
2.94512e-05
2.95884e-05
2.89711e-05
2.74193e-05
2.55165e-05
2.36789e-05
2.26664e-05
2.30371e-05
2.58604e-05
3.11832e-05
3.76397e-05
4.44586e-05
4.99039e-05
5.69445e-05
6.34054e-05
6.85758e-05
7.31452e-05
7.46903e-05
7.20965e-05
5.96313e-05
4.43536e-05
3.22572e-05
3.25874e-06
1.928e-06
3.19269e-06
1.44323e-06
)
;
    }
    wall
    {
        type            calculated;
        value           uniform 0;
    }
    empty_zmin
    {
        type            empty;
    }
    empty_zmax
    {
        type            empty;
    }
    procBoundary1to0
    {
        type            processor;
        value           nonuniform List<scalar> 
35
(
-9.91657e-05
-0.000102626
-0.000106368
-0.000107957
3.6265e-06
-0.000109037
-5.60487e-05
-3.48873e-05
-5.36261e-05
-7.81903e-05
-5.8938e-05
-3.56731e-05
1.41346e-06
2.27477e-05
2.17177e-05
-2.71178e-07
-2.97139e-05
-8.01018e-05
-8.49522e-05
-9.47526e-05
1.07011e-06
1.68904e-06
-6.85729e-05
-7.79358e-05
-0.000160304
5.64045e-06
-0.000165323
-0.000160674
-0.000102346
-3.74098e-05
-7.59606e-05
-7.89724e-05
7.06302e-07
6.45685e-07
5.51119e-07
)
;
    }
}


// ************************************************************************* //
