/*--------------------------------*- C++ -*----------------------------------*\
| =========                 |                                                 |
| \\      /  F ield         | OpenFOAM: The Open Source CFD Toolbox           |
|  \\    /   O peration     | Version:  2406                                  |
|   \\  /    A nd           | Website:  www.openfoam.com                      |
|    \\/     M anipulation  |                                                 |
\*---------------------------------------------------------------------------*/
FoamFile
{
    version     2.0;
    format      ascii;
    arch        "LSB;label=32;scalar=64";
    class       surfaceScalarField;
    location    "2.42";
    object      phi;
}
// * * * * * * * * * * * * * * * * * * * * * * * * * * * * * * * * * * * * * //

dimensions      [0 3 -1 0 0 0 0];

oriented        oriented;

internalField   nonuniform List<scalar> 
4480
(
8.41506e-06
-8.23494e-05
-8.07163e-06
8.2006e-05
8.31867e-06
-8.40364e-05
8.41328e-05
8.50128e-05
-8.47374e-05
8.04327e-06
4.891e-07
-8.19234e-07
4.38444e-05
-4.35143e-05
1.09808e-06
-1.22266e-06
4.43889e-05
-4.42643e-05
-4.76123e-06
1.69533e-06
1.75322e-06
-8.60446e-05
8.73573e-05
-8.57832e-05
-6.56419e-06
8.75862e-05
8.77493e-05
7.31282e-06
-1.00493e-05
9.04973e-05
9.05942e-06
-1.18074e-05
9.40133e-05
1.03031e-05
-1.38191e-05
8.42441e-06
-1.11068e-05
-9.27064e-05
6.68557e-06
3.36189e-05
1.24402e-07
-3.32542e-05
-4.90622e-07
1.18268e-07
3.39912e-05
4.46057e-05
-4.43269e-05
7.58795e-07
-1.0549e-06
4.49018e-05
4.41126e-05
4.43607e-05
-4.38881e-05
1.51766e-06
4.45963e-05
4.48517e-05
3.8893e-08
3.96955e-06
-3.88404e-06
1.66847e-06
-1.62958e-06
4.14507e-08
4.04637e-06
1.70992e-06
1.87702e-07
-1.89941e-07
8.29094e-05
-8.29072e-05
1.79136e-07
8.28415e-05
-8.28329e-05
1.59768e-07
8.27976e-05
-8.27783e-05
1.46985e-07
8.28777e-05
-8.28649e-05
1.2705e-07
8.29867e-05
-8.29668e-05
9.02913e-08
8.3119e-05
-8.30822e-05
3.2698e-08
8.3275e-05
-8.32174e-05
2.53729e-08
8.34236e-05
-8.34163e-05
1.09161e-08
8.36225e-05
-8.3608e-05
1.08289e-08
8.38831e-05
-8.3883e-05
6.5126e-09
8.41925e-05
-8.41881e-05
-5.79709e-08
8.46619e-05
-8.45974e-05
-1.50816e-07
8.5298e-05
-3.57539e-08
-8.51694e-05
-1.6003e-07
4.29424e-05
-4.29332e-05
3.3462e-05
1.13838e-07
-7.50317e-09
-3.35684e-05
1.95864e-07
8.28491e-05
-2.03491e-07
1.91891e-07
8.28016e-05
1.6801e-07
8.29016e-05
1.3871e-07
8.3016e-05
1.14361e-07
8.31433e-05
1.01764e-07
8.32876e-05
3.29272e-08
8.34924e-05
-4.47291e-08
8.37001e-05
-9.81512e-08
8.39365e-05
-1.65576e-07
8.42599e-05
-1.77555e-07
8.46739e-05
-1.37766e-07
8.52847e-05
-2.64641e-08
-4.29665e-05
-1.36535e-07
4.29653e-05
-3.33775e-05
3.3277e-05
1.06694e-07
-6.2408e-09
2.25721e-07
-2.32836e-07
8.28562e-05
2.17905e-07
8.28094e-05
2.18422e-07
8.29011e-05
2.26306e-07
8.30081e-05
2.22661e-07
8.3147e-05
2.05473e-07
8.33048e-05
2.45737e-07
8.34522e-05
2.66388e-07
8.36795e-05
2.03464e-07
8.39994e-05
1.24724e-07
8.43386e-05
-1.12391e-08
8.48099e-05
-1.65393e-07
3.60644e-08
8.54028e-05
-4.29835e-05
-1.62412e-07
4.29805e-05
-3.32025e-05
3.3098e-05
1.12064e-07
-7.53569e-09
8.23155e-08
2.25831e-09
6.61839e-08
8.34318e-09
5.79117e-08
3.30305e-05
9.52403e-09
4.25964e-05
-4.26426e-05
5.98703e-08
4.26189e-05
4.2589e-05
4.4616e-08
4.26106e-05
4.25603e-05
6.3013e-09
4.26119e-05
4.30228e-05
2.40088e-07
8.39437e-05
-2.38866e-07
-8.39449e-05
2.30375e-07
8.36478e-05
-8.36381e-05
2.2146e-07
8.34235e-05
-8.34146e-05
2.13399e-07
8.32511e-05
-8.32431e-05
2.03779e-07
8.31109e-05
-8.31013e-05
8.30013e-05
-8.29874e-05
-1.21975e-07
1.41412e-07
4.24018e-05
-4.24212e-05
-1.41911e-07
1.60017e-07
4.26003e-05
-4.26184e-05
2.49242e-07
8.43301e-05
-1.49523e-07
-1.04577e-07
-8.43252e-05
2.33434e-07
8.39595e-05
2.25565e-07
8.36556e-05
2.18952e-07
8.34301e-05
2.19514e-07
8.32506e-05
2.16925e-07
8.31135e-05
2.13368e-07
8.30048e-05
8.29193e-05
-1.20983e-07
-4.23837e-05
1.45732e-07
4.2359e-05
-4.26286e-05
-1.47746e-07
1.65716e-07
4.26106e-05
2.36135e-07
8.43387e-05
-1.50253e-07
-9.45164e-08
2.2915e-07
8.39664e-05
2.24051e-07
8.36607e-05
2.21952e-07
8.34322e-05
2.26779e-07
8.32457e-05
2.20365e-07
8.31199e-05
2.23125e-07
8.30021e-05
8.29096e-05
-1.18227e-07
-4.23432e-05
1.43856e-07
4.23176e-05
-4.26397e-05
-1.44804e-07
1.66186e-07
4.26183e-05
2.18242e-07
8.43561e-05
-1.54758e-07
-8.08186e-08
2.1836e-07
8.39663e-05
2.16974e-07
8.36621e-05
2.12194e-07
8.3437e-05
1.88366e-07
8.32696e-05
2.24213e-07
8.30841e-05
2.52973e-07
8.29733e-05
2.60248e-07
8.29023e-05
2.8506e-07
8.28314e-05
2.66782e-07
8.28277e-05
2.47319e-07
8.29205e-05
2.16856e-07
8.30386e-05
1.81219e-07
8.31826e-05
1.26732e-07
8.33593e-05
-3.97179e-08
8.36186e-05
-1.62936e-07
8.38027e-05
-1.40712e-07
8.39772e-05
-1.24586e-07
8.43225e-05
-8.30332e-08
8.47683e-05
-1.5324e-07
8.54586e-05
1.44009e-08
-1.56957e-07
4.30266e-05
3.29286e-05
1.10525e-07
-8.56342e-09
-1.125e-07
-4.23045e-05
1.38755e-07
4.22782e-05
-4.2654e-05
-1.38094e-07
1.6553e-07
4.26266e-05
2.24339e-07
8.43548e-05
-1.58266e-07
-6.48221e-08
2.05953e-07
8.39847e-05
2.07112e-07
8.3661e-05
2.19463e-07
8.34246e-05
2.83386e-07
8.32056e-05
2.4532e-07
8.31222e-05
2.22622e-07
8.2996e-05
2.35474e-07
8.28895e-05
2.08934e-07
8.28579e-05
2.73132e-07
8.27635e-05
2.92318e-07
8.29014e-05
2.77923e-07
8.3053e-05
2.55539e-07
8.3205e-05
2.55959e-07
8.33589e-05
3.83991e-07
8.34906e-05
4.27881e-07
8.37588e-05
2.27096e-07
8.4178e-05
8.03793e-08
8.44692e-05
-6.74863e-08
8.49162e-05
-1.67484e-07
8.55188e-05
3.97173e-08
-4.30642e-05
-1.46039e-07
4.30428e-05
-3.28596e-05
3.27676e-05
9.38846e-08
-1.89436e-09
-1.1043e-07
-4.22714e-05
1.44489e-07
4.22373e-05
-4.26643e-05
-1.40782e-07
1.5549e-07
4.26496e-05
1.70946e-07
8.43919e-05
-1.4103e-07
-6.70533e-08
1.76828e-07
8.39788e-05
1.72138e-07
8.36657e-05
1.80019e-07
8.34167e-05
1.25195e-07
8.32605e-05
2.07087e-07
8.30403e-05
2.9946e-07
8.29036e-05
3.33054e-07
8.28559e-05
4.23734e-07
8.27673e-05
3.80348e-07
8.28069e-05
3.63987e-07
8.29177e-05
3.77666e-07
8.30393e-05
3.85825e-07
8.31968e-05
3.58594e-07
8.33861e-05
1.61106e-07
8.36881e-05
3.70896e-08
8.38828e-05
1.66508e-07
8.40486e-05
1.79847e-07
8.44559e-05
1.26222e-07
8.49698e-05
-1.07122e-07
8.57045e-05
4.76493e-08
-4.30733e-05
-1.33676e-07
4.30998e-05
-3.27097e-05
3.26196e-05
9.52824e-08
-5.16609e-09
-1.03379e-07
-4.22406e-05
1.4131e-07
4.22027e-05
-4.26666e-05
-1.35811e-07
1.33112e-07
4.26693e-05
1.71328e-07
8.43881e-05
-1.2404e-07
-4.34908e-08
1.68861e-07
8.39813e-05
2.09517e-07
8.3625e-05
2.36631e-07
8.33896e-05
4.13311e-07
8.30838e-05
3.91073e-07
8.30625e-05
3.1134e-07
8.29834e-05
3.19107e-07
8.28481e-05
2.44894e-07
8.28415e-05
3.11674e-07
8.27401e-05
3.78803e-07
8.28506e-05
4.04689e-07
8.30134e-05
3.94938e-07
8.32066e-05
3.49301e-07
8.34318e-05
4.4743e-07
8.35899e-05
4.33196e-07
8.38971e-05
1.51709e-07
8.433e-05
-2.32083e-08
8.46308e-05
-9.41022e-08
8.50407e-05
-7.95259e-08
8.56675e-05
2.24328e-08
-4.31528e-05
-7.39101e-08
4.31471e-05
-3.25647e-05
3.2497e-05
6.08969e-08
6.72304e-09
-9.04984e-08
-4.22094e-05
1.24689e-07
4.21752e-05
-4.26939e-05
-1.19705e-07
1.29532e-07
4.26841e-05
1.07222e-07
8.44337e-05
-1.16868e-07
-3.59122e-08
8.92976e-08
8.39992e-05
9.28128e-08
8.36215e-05
1.2067e-07
8.33618e-05
-4.01987e-08
8.32447e-05
1.09868e-07
8.29124e-05
3.4572e-07
8.27475e-05
4.20049e-07
8.27738e-05
6.30781e-07
8.26307e-05
5.9193e-07
8.2779e-05
5.35341e-07
8.29072e-05
5.22025e-07
8.30267e-05
5.20382e-07
8.32082e-05
5.43568e-07
8.34086e-05
4.33492e-07
8.37e-05
3.68423e-07
8.39621e-05
5.13823e-07
8.41846e-05
5.26044e-07
8.46186e-05
3.53269e-07
8.52135e-05
-1.23214e-07
8.59026e-05
2.41382e-07
-4.31633e-05
-1.44995e-07
4.3185e-05
-3.24436e-05
3.2359e-05
8.7543e-08
-3.01225e-09
-9.60867e-08
-4.21825e-05
1.07901e-07
4.21707e-05
-4.27033e-05
-1.00496e-07
1.18764e-07
4.2685e-05
4.92811e-08
8.44354e-05
-1.0718e-07
5.61753e-08
4.76832e-08
8.40008e-05
2.43557e-08
8.36448e-05
6.37282e-08
8.33224e-05
3.44403e-07
8.2964e-05
3.14755e-07
8.29421e-05
2.17562e-07
8.28447e-05
2.95423e-07
8.26959e-05
2.07611e-07
8.27185e-05
2.75648e-07
8.27109e-05
5.67502e-07
8.26153e-05
6.38778e-07
8.29554e-05
6.24704e-07
8.32223e-05
5.62449e-07
8.34708e-05
5.19444e-07
8.3743e-05
4.13466e-07
8.40681e-05
1.28481e-07
8.44696e-05
-4.58358e-08
8.47929e-05
-1.41119e-08
8.51817e-05
-2.88443e-07
8.59338e-05
2.4317e-07
-4.32853e-05
-2.32368e-07
4.32292e-05
-3.23361e-05
3.22423e-05
9.27335e-08
1.13838e-09
-8.97072e-08
-4.21601e-05
1.51033e-07
4.20988e-05
-4.2762e-05
-1.69859e-07
1.59012e-07
4.27728e-05
-5.27342e-08
8.45485e-05
-9.17949e-08
3.14766e-08
-5.52044e-08
8.40033e-05
2.92676e-08
8.35604e-05
1.36522e-07
8.32151e-05
3.13156e-08
8.30692e-05
2.75964e-07
8.26974e-05
5.17602e-07
8.26031e-05
7.36593e-07
8.24769e-05
1.13159e-06
8.23235e-05
6.98104e-07
8.31444e-05
5.76969e-07
8.27365e-05
6.47978e-07
8.28844e-05
7.27336e-07
8.31429e-05
7.60788e-07
8.34374e-05
7.4855e-07
8.37553e-05
7.96402e-07
8.40203e-05
8.72843e-07
8.43932e-05
7.26425e-07
8.49393e-05
2.08046e-07
8.57001e-05
-3.54075e-07
8.61862e-05
3.09725e-07
-4.33299e-05
-2.81578e-07
4.32574e-05
-3.21963e-05
3.21164e-05
6.6194e-08
1.36606e-08
-7.59879e-08
-4.20992e-05
1.46745e-07
4.20285e-05
-4.28172e-05
-1.7671e-07
2.42136e-07
4.27518e-05
4.32086e-08
8.47222e-05
-2.56824e-07
3.9918e-08
-1.72027e-07
8.42185e-05
-1.74667e-07
8.3563e-05
-1.93753e-07
8.32342e-05
9.65324e-09
8.28658e-05
-9.60309e-08
8.28031e-05
9.3363e-08
8.24137e-05
3.24605e-07
8.22457e-05
1.17346e-07
8.25308e-05
8.89101e-07
8.23727e-05
1.05721e-06
8.25683e-05
1.09851e-06
8.28431e-05
1.09524e-06
8.31462e-05
1.03172e-06
8.35009e-05
9.45303e-07
8.38417e-05
7.2254e-07
8.4243e-05
2.71024e-07
8.48447e-05
-4.37157e-08
8.5254e-05
6.40102e-08
8.55924e-05
-3.35685e-07
8.6229e-05
3.56932e-07
-4.33674e-05
-2.7778e-07
4.33095e-05
-3.20786e-05
3.20007e-05
5.84107e-08
1.95248e-08
-4.29449e-08
-4.20286e-05
1.09765e-07
4.19618e-05
-4.28157e-05
-1.3385e-07
2.49034e-07
4.27005e-05
1.59959e-07
8.47079e-05
-2.93546e-07
1.47907e-07
-3.87777e-08
8.44173e-05
-4.51908e-07
8.39761e-05
-3.8801e-07
8.31703e-05
-3.40346e-07
8.28181e-05
2.64248e-07
8.21985e-05
5.70506e-07
8.21074e-05
5.47042e-07
8.22691e-05
9.90001e-07
8.20878e-05
1.15212e-06
8.22105e-05
1.16572e-06
8.25547e-05
1.39872e-06
8.26101e-05
1.48375e-06
8.30612e-05
1.4866e-06
8.3498e-05
1.40515e-06
8.39231e-05
7.77575e-07
8.48706e-05
4.39112e-07
8.51832e-05
2.06218e-07
8.54869e-05
-6.66964e-09
8.58053e-05
-3.25286e-07
8.62302e-05
3.1733e-07
-4.33966e-05
-2.59772e-07
4.3331e-05
-3.19802e-05
3.19367e-05
1.60174e-08
2.74318e-08
-1.2539e-08
-4.19756e-05
7.069e-08
4.19174e-05
-4.28396e-05
-9.37834e-08
2.31735e-07
4.27016e-05
1.51184e-07
8.46921e-05
-2.51869e-07
1.16486e-07
2.67982e-07
8.43005e-05
2.26826e-07
8.40173e-05
-2.26261e-07
8.36234e-05
1.7435e-07
8.24175e-05
2.7915e-07
8.20937e-05
4.98597e-07
8.1888e-05
6.5042e-07
8.21173e-05
1.43969e-07
8.25943e-05
1.7174e-07
8.21828e-05
6.94071e-07
8.20324e-05
1.05896e-06
8.22452e-05
1.47397e-06
8.26462e-05
1.12557e-06
8.38464e-05
3.63347e-07
8.46853e-05
2.52793e-07
8.49811e-05
2.49825e-07
8.51861e-05
3.53828e-07
8.53829e-05
3.58492e-07
8.58006e-05
-2.58721e-07
8.64452e-05
4.0222e-07
-4.34016e-05
-2.41179e-07
4.33841e-05
-3.19082e-05
3.18646e-05
1.18468e-08
3.17577e-08
3.34837e-08
-4.19144e-05
1.28122e-08
4.18681e-05
-4.27944e-05
-3.45365e-08
1.6888e-07
4.266e-05
5.26952e-08
8.45362e-05
-2.14428e-07
3.17632e-07
-2.95385e-08
8.43827e-05
3.91251e-08
8.39486e-05
1.87868e-07
8.34747e-05
-2.51904e-07
8.28573e-05
5.75905e-07
8.12659e-05
1.08519e-06
8.13787e-05
1.04959e-06
8.21529e-05
1.59952e-06
8.20444e-05
1.1636e-06
8.26187e-05
6.85375e-07
8.25106e-05
8.95479e-07
8.20351e-05
8.71168e-07
8.26705e-05
1.01265e-06
8.3705e-05
1.02483e-06
8.46732e-05
7.20544e-07
8.52854e-05
4.6224e-07
8.54444e-05
1.9392e-07
8.56513e-05
8.22938e-08
8.59122e-05
-2.78611e-07
8.63744e-05
4.31789e-07
-4.34724e-05
-2.1779e-07
4.34116e-05
-3.18606e-05
3.18447e-05
-2.34222e-08
3.93399e-08
7.02542e-08
-4.18861e-05
-3.18852e-08
4.18477e-05
-4.28814e-05
-8.65434e-09
2.15359e-07
4.26747e-05
-4.93744e-07
8.4771e-05
-1.85386e-07
4.44289e-07
-3.89533e-07
8.42785e-05
-2.07199e-07
8.37663e-05
3.87935e-07
8.28795e-05
1.60003e-06
8.16452e-05
1.30855e-06
8.15574e-05
9.29378e-07
8.17579e-05
7.63244e-07
8.23191e-05
-5.05258e-08
8.28581e-05
3.33712e-07
8.22345e-05
9.36353e-07
8.1908e-05
6.22665e-07
8.23488e-05
4.32472e-07
8.28607e-05
5.02576e-07
8.36348e-05
5.74963e-07
8.46008e-05
6.39522e-07
8.52209e-05
7.01994e-07
8.5382e-05
7.23171e-07
8.56301e-05
5.96152e-07
8.60393e-05
-1.84384e-07
8.66551e-05
4.99818e-07
-4.35015e-05
-1.94303e-07
4.35114e-05
-3.18681e-05
3.18559e-05
-2.04727e-08
3.26975e-08
1.058e-07
-4.18803e-05
-3.66139e-08
4.18111e-05
-4.29009e-05
4.58072e-10
3.29527e-07
4.25709e-05
1.83353e-07
8.4465e-05
-4.54359e-07
5.76956e-07
1.26364e-07
8.43355e-05
1.63364e-07
8.37293e-05
5.00024e-07
8.25429e-05
3.49671e-07
8.17955e-05
9.02378e-07
8.10047e-05
1.23258e-06
8.14277e-05
1.33151e-06
8.22201e-05
2.14209e-06
8.20476e-05
1.77013e-06
8.26064e-05
1.11812e-06
8.256e-05
1.22415e-06
8.22428e-05
1.43871e-06
8.26461e-05
1.5619e-06
8.35117e-05
1.2744e-06
8.48883e-05
9.25331e-07
8.55699e-05
7.22235e-07
8.55851e-05
5.90693e-07
8.57616e-05
4.78168e-07
8.61518e-05
-1.68498e-07
8.67608e-05
5.40915e-07
-4.36152e-05
-1.47631e-07
4.35944e-05
-3.19005e-05
3.19086e-05
-5.60982e-08
4.80752e-08
1.61205e-07
-4.18706e-05
-1.50311e-07
4.18597e-05
-4.28449e-05
1.19718e-07
1.94317e-07
4.25309e-05
-6.36635e-07
8.43931e-05
-1.66157e-07
8.74787e-07
-7.93619e-07
8.44925e-05
-4.19547e-07
8.33552e-05
-2.7789e-07
8.24012e-05
6.50828e-08
8.14526e-05
-3.54496e-08
8.11052e-05
2.4056e-07
8.11516e-05
8.67219e-07
8.15935e-05
1.14187e-06
8.17729e-05
2.39301e-06
8.13553e-05
3.08283e-06
8.18702e-05
2.68247e-06
8.26432e-05
1.97665e-06
8.33519e-05
1.14354e-06
8.43448e-05
9.16061e-07
8.51158e-05
9.53956e-07
8.55321e-05
1.09072e-06
8.54483e-05
1.04499e-06
8.58074e-05
8.40553e-07
8.63562e-05
-4.73325e-08
8.70466e-05
6.02073e-07
-4.36873e-05
-8.54354e-08
4.37254e-05
-3.19946e-05
3.203e-05
-8.13169e-08
4.59447e-08
2.31747e-07
-4.19811e-05
-2.43551e-07
4.19929e-05
-4.29734e-05
2.16941e-07
8.27214e-08
4.26737e-05
-8.99721e-07
8.42306e-05
-4.36307e-08
1.1058e-06
-8.88569e-07
8.44813e-05
-1.34678e-06
8.38134e-05
-1.56509e-06
8.26195e-05
-1.64192e-06
8.15294e-05
-5.77311e-07
8.00406e-05
6.28178e-07
7.99462e-05
1.59217e-06
8.06295e-05
3.46563e-06
7.98995e-05
3.75089e-06
8.107e-05
3.40515e-06
8.22159e-05
3.52504e-06
8.25233e-05
3.80481e-06
8.30722e-05
2.96923e-06
8.51804e-05
1.11015e-06
8.69748e-05
1.76184e-06
8.48804e-05
1.89776e-06
8.53124e-05
1.66938e-06
8.60357e-05
1.22861e-06
8.6797e-05
6.61597e-08
8.75382e-05
6.70861e-07
-4.38595e-05
-1.14996e-08
4.39371e-05
-3.21302e-05
3.21939e-05
-1.06169e-07
4.23893e-08
3.81374e-07
-4.21119e-05
-5.52352e-07
4.22829e-05
-4.30956e-05
6.25692e-07
-3.44603e-07
4.28145e-05
-1.42805e-06
8.3773e-05
3.95088e-07
1.49061e-06
-4.6587e-07
8.35191e-05
-2.74556e-06
8.60931e-05
-3.8714e-06
8.37454e-05
-2.92013e-06
8.05781e-05
-2.55391e-06
7.96744e-05
-1.4345e-06
7.88267e-05
1.3456e-06
7.78494e-05
1.56405e-06
7.9681e-05
3.51671e-06
7.91174e-05
4.6317e-06
8.11009e-05
4.4726e-06
8.26824e-05
3.88766e-06
8.36571e-05
4.42534e-06
8.46427e-05
4.63384e-06
8.67663e-05
3.98404e-06
8.55302e-05
3.03379e-06
8.62626e-05
2.1275e-06
8.6942e-05
1.47318e-06
8.74513e-05
1.9977e-07
8.81069e-05
7.04692e-07
-4.40834e-05
1.08229e-07
4.4175e-05
-3.23379e-05
3.24534e-05
-1.81328e-07
6.58534e-08
4.98292e-07
-4.24742e-05
-7.22898e-07
4.26988e-05
-4.33344e-05
8.37431e-07
-7.53302e-07
4.32502e-05
-3.78473e-06
8.49989e-05
1.04748e-06
1.51132e-06
-4.74414e-06
8.44785e-05
-5.27129e-06
8.66203e-05
-4.78646e-06
8.32605e-05
-5.68112e-06
8.14728e-05
-4.77521e-06
7.87685e-05
-1.64451e-06
7.5696e-05
2.83376e-06
7.33711e-05
7.17243e-06
7.53423e-05
8.29689e-06
7.79929e-05
7.04843e-06
5.69442e-06
4.61415e-06
4.55341e-06
8.47034e-05
3.84578e-06
8.7474e-05
2.8863e-06
8.64896e-05
2.56121e-06
8.65877e-05
2.18787e-06
8.73154e-05
1.59788e-06
8.80413e-05
2.70997e-07
8.87186e-05
7.15252e-07
-4.43532e-05
1.30891e-07
4.44933e-05
-3.25984e-05
3.27214e-05
-1.6693e-07
4.39822e-08
5.30343e-07
-4.29333e-05
-8.14906e-07
4.32179e-05
-4.37305e-05
1.02055e-06
-1.03073e-06
4.37407e-05
-4.33874e-06
1.36705e-06
1.92599e-06
-5.64338e-06
-6.34953e-06
8.73264e-05
-7.07069e-06
8.39817e-05
-8.26998e-06
8.26721e-05
6.80197e-06
8.59447e-05
6.105e-06
8.81709e-05
4.74594e-06
8.78487e-05
3.52932e-06
8.78043e-05
2.42627e-06
8.84184e-05
1.58873e-06
8.88789e-05
2.82366e-07
8.93936e-05
6.31367e-07
-4.46794e-05
1.68245e-07
4.47935e-05
-3.28718e-05
3.30138e-05
-1.88845e-07
4.68906e-08
5.36302e-06
8.78945e-05
4.79013e-06
8.87438e-05
3.31545e-06
8.93234e-05
2.81267e-06
8.83071e-05
2.33002e-06
8.89011e-05
1.66702e-06
8.95419e-05
2.82178e-07
9.00963e-05
6.82143e-07
-4.4946e-05
1.55578e-07
4.50726e-05
-3.31522e-05
3.32842e-05
-1.75077e-07
4.31309e-08
6.78653e-06
9.01674e-05
5.71241e-06
8.98179e-05
4.97194e-06
9.00639e-05
3.43685e-06
8.98422e-05
2.22766e-06
9.01102e-05
1.50108e-06
9.02684e-05
3.08008e-07
9.07046e-05
5.84691e-07
-4.52785e-05
1.80254e-07
4.54063e-05
-3.3434e-05
3.35666e-05
-1.46411e-07
1.38465e-08
7.76417e-06
5.8182e-06
9.17639e-05
4.5748e-06
9.13073e-05
3.57954e-06
9.08375e-05
2.76463e-06
9.09251e-05
1.82394e-06
9.12091e-05
3.93432e-07
9.15787e-05
5.56498e-07
-4.55703e-05
2.18299e-07
4.57454e-05
-3.37088e-05
3.38459e-05
-1.45915e-07
8.7591e-09
5.09123e-06
3.50179e-06
2.65238e-06
1.81189e-06
1.22244e-06
3.35514e-07
3.97869e-07
-4.59361e-05
1.84369e-07
4.60872e-05
-3.39694e-05
3.4071e-05
-9.299e-08
-8.59438e-09
3.30198e-05
-9.92929e-09
-3.31318e-05
3.29143e-05
1.12224e-07
-6.75071e-09
3.28031e-05
-9.82794e-09
3.27004e-05
1.08445e-07
-5.66482e-09
3.25915e-05
-9.37847e-09
3.24893e-05
1.07939e-07
-5.73172e-09
6.00261e-08
8.97305e-09
3.23846e-05
-7.7713e-09
3.22867e-05
1.01588e-07
-3.74584e-09
4.34986e-08
1.43277e-08
3.21835e-05
-7.24037e-09
3.20919e-05
9.31091e-08
-1.44067e-09
4.16002e-08
1.33779e-08
3.19928e-05
-4.34094e-09
3.19058e-05
8.46745e-08
2.34964e-09
4.1496e-08
1.19832e-08
3.18152e-05
1.0486e-10
3.17354e-05
7.07558e-08
9.09287e-09
-7.98373e-09
3.08715e-08
3.16332e-05
6.07711e-09
3.15376e-05
7.80952e-08
1.75156e-08
2.14401e-08
2.45687e-08
3.14354e-05
1.25139e-08
3.13541e-05
5.44634e-08
2.68431e-08
1.10749e-08
2.66812e-08
3.12582e-05
1.98896e-08
3.11865e-05
4.02042e-08
3.14333e-08
-1.89227e-08
3.94356e-08
3.11096e-05
3.39491e-08
3.10443e-05
2.60204e-08
3.92815e-08
-5.4851e-10
2.91175e-08
3.09895e-05
4.22885e-08
3.09444e-05
-7.49502e-09
5.26117e-08
-4.93631e-08
5.33609e-08
3.09187e-05
5.91998e-08
3.08885e-05
-3.54425e-08
6.56314e-08
-6.88028e-08
4.53479e-08
3.08821e-05
7.66216e-08
3.08845e-05
-8.31448e-08
8.07635e-08
-9.5134e-08
5.04719e-08
3.09025e-05
8.78241e-08
3.09732e-05
-1.70821e-07
1.00121e-07
-1.52572e-07
6.65178e-08
3.10335e-05
1.00851e-07
3.11555e-05
-2.36308e-07
1.14323e-07
-1.492e-07
4.90459e-08
3.12659e-05
1.21364e-07
3.14575e-05
-3.19666e-07
1.28077e-07
-2.00998e-07
5.70517e-08
3.16939e-05
1.44952e-07
3.19299e-05
-3.64364e-07
1.2841e-07
-2.02127e-07
5.70588e-08
3.22734e-05
1.54805e-07
3.25366e-05
-3.9663e-07
1.33368e-07
-1.91316e-07
4.08547e-08
3.29104e-05
1.56539e-07
-4.97827e-07
1.54059e-07
-1.8785e-07
4.93988e-08
-1.79465e-07
2.96225e-08
-1.55601e-07
1.34295e-08
-1.24115e-07
5.95994e-10
-6.27829e-08
-2.06188e-08
4.28059e-05
-4.28064e-05
-1.30286e-07
1.25586e-07
4.28106e-05
4.24116e-05
-4.24011e-05
-9.73267e-08
4.24043e-05
4.28086e-05
-1.24179e-07
1.19647e-07
4.28131e-05
4.24198e-05
-9.05403e-08
4.24158e-05
4.28121e-05
-1.21073e-07
1.15529e-07
4.28177e-05
4.24273e-05
-7.98707e-08
4.24263e-05
4.25654e-05
2.32887e-08
4.26022e-05
4.28183e-05
-1.08443e-07
1.03339e-07
4.28234e-05
4.24336e-05
-6.56323e-08
4.24344e-05
4.255e-05
-9.23405e-09
4.26028e-05
4.28272e-05
-8.98032e-08
8.6204e-08
4.28308e-05
4.24489e-05
-6.91677e-08
4.2451e-05
4.25644e-05
5.27069e-09
4.26007e-05
4.28363e-05
-7.79139e-08
7.00305e-08
4.28441e-05
4.246e-05
-4.5388e-08
4.24619e-05
4.25877e-05
-6.31015e-09
4.26355e-05
4.28491e-05
-6.34784e-08
5.28302e-08
4.28598e-05
4.24746e-05
-3.36921e-08
4.24724e-05
4.2578e-05
-1.41111e-07
4.27112e-05
4.28672e-05
-8.86766e-08
3.77966e-08
4.29181e-05
4.2484e-05
3.91841e-08
4.2501e-05
4.25715e-05
-1.42496e-07
4.27355e-05
4.28992e-05
-5.40285e-08
5.90788e-08
4.28942e-05
4.25682e-05
-1.4701e-08
4.26143e-05
4.25201e-05
-1.99759e-07
4.27309e-05
4.28642e-05
-4.00865e-08
3.46216e-08
4.28697e-05
4.25997e-05
2.93401e-08
4.26102e-05
4.25115e-05
-2.69842e-07
4.27625e-05
4.28456e-05
-1.21968e-08
1.53337e-08
4.28425e-05
4.25657e-05
1.237e-07
4.25899e-05
4.25187e-05
-2.46779e-07
4.27649e-05
4.28194e-05
4.48157e-09
-7.46424e-09
4.28223e-05
4.25698e-05
1.0021e-07
4.25861e-05
4.25356e-05
-3.13904e-07
4.28002e-05
4.28006e-05
5.33985e-08
-7.7202e-08
4.28244e-05
4.25405e-05
2.98553e-07
4.25596e-05
4.25589e-05
-3.41879e-07
4.2832e-05
4.27839e-05
1.15677e-07
-1.50398e-07
4.28186e-05
4.25896e-05
3.76573e-07
4.26573e-05
4.26172e-05
-3.95966e-07
4.29181e-05
4.27825e-05
2.30359e-07
-3.00276e-07
4.28524e-05
4.25325e-05
5.74358e-07
4.25351e-05
4.27143e-05
-4.48031e-07
4.30098e-05
4.28218e-05
3.57668e-07
-4.33429e-07
4.28975e-05
4.25632e-05
8.75914e-07
4.25621e-05
4.28431e-05
-4.67971e-07
4.31618e-05
4.28709e-05
4.38681e-07
-5.91747e-07
4.3024e-05
4.26012e-05
1.01361e-06
4.26934e-05
4.30442e-05
-5.24533e-07
4.33677e-05
4.30973e-05
5.55643e-07
-8.34072e-07
4.33758e-05
4.27439e-05
1.35392e-06
4.28805e-05
4.32946e-05
-5.26514e-07
4.3619e-05
4.34903e-05
6.31181e-07
-9.32465e-07
4.37916e-05
4.31747e-05
1.41279e-06
4.32733e-05
4.35829e-05
-5.29152e-07
4.39208e-05
4.39972e-05
7.94244e-07
-1.12389e-06
4.36096e-05
1.64751e-06
4.39002e-05
-4.78856e-07
4.41912e-05
4.41717e-05
-4.76194e-07
4.44684e-05
4.45023e-05
-4.20685e-07
4.47673e-05
4.48397e-05
-3.65854e-07
4.50815e-05
4.51728e-05
-2.62968e-07
-2.04335e-09
2.67381e-06
-2.67927e-06
9.0563e-07
-9.07674e-07
-2.37211e-09
-2.67386e-06
2.66999e-06
-9.07842e-07
9.0547e-07
-2.30453e-09
-2.67355e-06
2.66832e-06
-9.10246e-07
9.07942e-07
2.21114e-09
4.77671e-09
5.59979e-09
2.67225e-06
9.13541e-07
-3.83316e-09
2.66752e-06
9.09708e-07
4.63356e-11
-2.67206e-06
2.67012e-06
-9.14139e-07
9.14186e-07
-2.55669e-09
-2.677e-06
2.67439e-06
-9.21633e-07
9.19076e-07
3.79832e-09
-2.68148e-06
2.6844e-06
-9.25369e-07
9.29167e-07
-3.01156e-09
-2.69095e-06
2.69095e-06
-9.346e-07
9.31589e-07
8.44045e-11
-2.70741e-06
2.70846e-06
-9.46004e-07
9.46088e-07
5.91528e-09
-2.72401e-06
2.73175e-06
-9.55108e-07
9.61024e-07
6.10461e-09
-2.74812e-06
2.76154e-06
-9.71336e-07
9.7744e-07
1.12704e-08
-2.78592e-06
2.80208e-06
-9.92497e-07
1.00377e-06
9.54489e-09
-2.82178e-06
2.84399e-06
-1.01319e-06
1.02273e-06
1.61192e-08
-2.87647e-06
2.89969e-06
-1.04362e-06
1.05974e-06
1.06742e-08
-2.9279e-06
2.94992e-06
-1.07688e-06
1.08755e-06
1.62813e-08
-2.98317e-06
3.01497e-06
-1.10477e-06
1.12105e-06
1.85328e-08
-3.05597e-06
3.08338e-06
-1.14657e-06
1.1651e-06
1.36292e-08
-3.11493e-06
3.14369e-06
-1.1826e-06
1.19622e-06
2.45321e-08
-3.18389e-06
3.22521e-06
-1.21308e-06
1.23761e-06
1.57793e-08
-3.25945e-06
3.28766e-06
-1.26043e-06
1.27621e-06
1.26596e-08
-3.31638e-06
3.35061e-06
-1.28834e-06
1.301e-06
1.62576e-08
-3.38317e-06
3.41005e-06
-1.31783e-06
1.33409e-06
2.64827e-09
-3.42739e-06
3.43859e-06
-1.34637e-06
1.34902e-06
1.60431e-09
-3.4513e-06
3.45846e-06
-1.34973e-06
1.35134e-06
-4.61174e-09
-3.45932e-06
3.45534e-06
-1.35107e-06
1.34646e-06
4.43121e-09
7.44715e-09
6.29243e-09
5.43324e-09
1.44149e-08
9.02034e-09
1.03121e-08
1.50563e-08
9.42157e-09
2.08828e-08
1.71407e-08
1.7222e-08
2.55137e-08
1.74948e-08
1.68559e-08
2.28139e-08
1.21307e-08
1.68362e-08
1.22813e-08
7.14916e-10
-2.69429e-10
-1.0587e-08
-2.28579e-09
2.60267e-06
-2.61031e-06
8.71986e-07
-8.74272e-07
-2.24454e-09
-2.59706e-06
2.58948e-06
-8.7084e-07
8.68596e-07
-2.0556e-09
-2.5845e-06
2.57718e-06
-8.67909e-07
8.65853e-07
-1.38808e-09
-2.57231e-06
2.56593e-06
-8.6499e-07
8.63601e-07
-1.17556e-09
-2.56221e-06
2.55615e-06
-8.63572e-07
8.62396e-07
-3.48875e-10
-2.55396e-06
2.54996e-06
-8.63146e-07
8.62797e-07
4.19314e-10
-2.55012e-06
2.54981e-06
-8.64986e-07
8.65406e-07
2.59809e-09
-2.55492e-06
2.5584e-06
-8.69384e-07
8.71982e-07
4.80037e-09
-2.56887e-06
2.57658e-06
-8.79028e-07
8.83828e-07
7.70857e-09
-2.59311e-06
2.60529e-06
-8.94149e-07
9.01858e-07
1.27641e-08
-2.6253e-06
2.64648e-06
-9.13284e-07
9.26048e-07
1.57196e-08
-2.67109e-06
2.69766e-06
-9.40717e-07
9.56437e-07
2.21583e-08
-2.73087e-06
2.76791e-06
-9.75843e-07
9.98002e-07
2.93196e-08
-2.81091e-06
2.85821e-06
-1.02063e-06
1.04995e-06
3.18737e-08
-2.90963e-06
2.96558e-06
-1.0793e-06
1.11117e-06
3.53384e-08
-3.0277e-06
3.09322e-06
-1.14917e-06
1.18451e-06
4.37967e-08
-3.16538e-06
3.24294e-06
-1.22667e-06
1.27047e-06
5.41464e-08
-3.32523e-06
3.41603e-06
-1.31626e-06
1.37041e-06
5.56749e-08
-3.5e-06
3.59913e-06
-1.41484e-06
1.47052e-06
5.38181e-08
-3.68626e-06
3.78898e-06
-1.51676e-06
1.57058e-06
-1.14607e-09
-6.86575e-10
-8.63806e-10
-2.95396e-11
7.49558e-10
2.18949e-09
3.97815e-09
7.046e-09
1.03208e-08
1.14261e-08
1.46694e-08
1.94067e-08
2.26292e-08
2.93453e-08
3.79991e-08
4.21633e-08
4.57945e-08
4.44358e-08
4.62393e-08
5.90032e-08
1.02181e-07
8.28477e-05
-8.28278e-05
-1.22018e-07
6.899e-08
8.2951e-05
-8.29178e-05
2.763e-08
8.3073e-05
-8.30317e-05
-9.24557e-09
8.32078e-05
-8.31709e-05
-1.91249e-08
8.33587e-05
-8.33488e-05
-3.9627e-08
8.35487e-05
-8.35282e-05
-5.46098e-08
8.3802e-05
-8.3787e-05
-4.55984e-08
8.40864e-05
-8.40955e-05
-8.61116e-08
8.45656e-05
-8.45251e-05
-1.18229e-07
8.51906e-05
-6.15492e-08
-8.50969e-05
-1.37184e-07
4.2918e-05
-4.2899e-05
3.38523e-05
1.16538e-07
-8.5056e-09
-3.39603e-05
1.30937e-07
-1.48202e-07
1.15139e-07
1.0597e-07
9.63354e-08
3.87795e-08
-2.05782e-08
-1.01561e-07
-2.03255e-07
-2.3509e-07
-1.65994e-07
-4.79125e-08
-4.29318e-05
-1.59475e-07
4.29253e-05
-3.37622e-05
3.36544e-05
1.14646e-07
-6.76049e-09
8.88463e-08
1.1967e-09
8.24206e-08
3.56355e-09
4.26474e-05
-4.2668e-05
7.53935e-08
4.26608e-05
4.2616e-05
5.57951e-08
-1.22924e-07
1.41014e-07
4.24459e-05
-4.2464e-05
-1.41569e-07
1.47897e-07
4.25996e-05
-4.2606e-05
-1.27424e-07
-1.29099e-07
-8.43076e-05
3.32396e-05
-9.62454e-09
-3.33529e-05
1.14994e-07
-7.22072e-09
4.28058e-05
-4.28063e-05
-1.39646e-07
1.39029e-07
4.241e-05
-4.23895e-05
-1.20235e-07
-1.81112e-09
2.68444e-06
-2.69114e-06
9.04499e-07
-9.06311e-07
-1.39891e-09
-2.68394e-06
2.67858e-06
-9.06197e-07
9.04798e-07
1.69794e-09
2.87545e-09
-2.16833e-09
2.61623e-06
-2.62369e-06
8.75572e-07
-8.7774e-07
-1.29984e-09
-4.12051e-05
1.96437e-06
-1.24785e-06
4.04885e-05
-4.1516e-05
5.78765e-07
-2.22703e-07
4.11599e-05
-4.13278e-05
8.32093e-08
-5.68817e-08
4.13015e-05
-4.13057e-05
3.28653e-08
-1.826e-08
4.12911e-05
-4.13023e-05
1.00561e-08
-1.42112e-09
4.12937e-05
-4.13014e-05
-6.12564e-10
4.00661e-09
4.1298e-05
-4.13018e-05
-3.39461e-09
5.28145e-09
4.12999e-05
-4.13019e-05
-4.23525e-09
5.28615e-09
4.13008e-05
-4.13018e-05
-4.08057e-09
4.68727e-09
4.13012e-05
-4.13017e-05
-3.48587e-09
3.79765e-09
4.13014e-05
-4.13017e-05
-2.25448e-09
2.08607e-09
4.13019e-05
-4.13023e-05
-2.03188e-09
3.22616e-09
4.13011e-05
-4.13013e-05
-2.51738e-09
6.69842e-10
4.13032e-05
-4.13016e-05
-1.89608e-10
-1.22572e-09
4.1303e-05
-4.1302e-05
9.03887e-10
-1.35405e-09
4.13024e-05
-4.13021e-05
-2.36492e-10
-5.94471e-10
4.1303e-05
-4.13014e-05
1.05657e-09
-3.22984e-09
4.13036e-05
-4.13017e-05
2.16969e-09
-3.93937e-09
4.13035e-05
-4.13037e-05
2.88856e-10
3.87259e-09
4.12996e-05
-4.13059e-05
-1.47613e-08
2.24643e-08
4.12982e-05
-4.1317e-05
-3.44135e-08
5.61868e-08
4.12952e-05
-4.14095e-05
-1.14062e-07
2.48009e-07
4.12755e-05
-4.15382e-05
-5.2646e-07
1.18857e-06
4.08761e-05
-3.35737e-05
3.66426e-05
-1.95626e-06
-1.11262e-06
-6.50367e-07
-4.10188e-05
1.61881e-07
4.15073e-05
-4.10214e-05
1.68007e-07
-1.7651e-07
4.10299e-05
-4.1148e-05
1.2253e-07
-7.24748e-08
4.10979e-05
-4.12518e-05
4.4497e-08
-6.58935e-09
4.12139e-05
-4.12809e-05
3.93268e-09
1.60226e-08
4.12609e-05
-4.12922e-05
-7.81406e-09
1.92892e-08
4.12808e-05
-4.12972e-05
-1.03377e-08
1.78348e-08
4.12897e-05
-4.12997e-05
-9.9137e-09
1.50718e-08
4.12945e-05
-4.13008e-05
-8.41802e-09
1.2066e-08
4.12971e-05
-4.13014e-05
-6.85689e-09
9.2714e-09
4.1299e-05
-4.13017e-05
-4.70181e-09
5.14141e-09
4.13012e-05
-4.13035e-05
-3.87258e-09
4.54309e-09
4.13028e-05
-4.1303e-05
-3.27225e-09
5.37623e-10
4.13058e-05
-4.1304e-05
7.84323e-10
-5.21626e-09
4.13084e-05
-4.13056e-05
2.76561e-09
-6.62654e-09
4.13094e-05
-4.13067e-05
3.13285e-09
-8.50689e-09
4.1312e-05
-4.13056e-05
5.26491e-09
-1.43359e-08
4.13147e-05
-4.13049e-05
8.56856e-09
-1.99711e-08
4.13163e-05
-4.1304e-05
9.34588e-09
-1.67928e-08
4.13115e-05
-4.12955e-05
-3.73953e-09
4.78602e-09
4.12944e-05
-4.1254e-05
-3.05674e-08
3.8036e-08
4.12465e-05
-4.11392e-05
-1.12225e-07
1.74954e-07
4.10765e-05
-4.08471e-05
-1.11833e-07
-2.24514e-07
4.11835e-05
-3.78049e-05
3.83021e-05
6.50454e-07
-1.14766e-06
-9.46517e-07
-4.18993e-05
6.23492e-07
4.22223e-05
-4.13156e-05
-3.7608e-07
1.92575e-07
4.14991e-05
-1.32416e-07
8.24443e-05
-4.12958e-05
-4.08976e-05
7.71982e-08
-1.9562e-07
-1.2552e-07
8.24628e-05
-4.13559e-05
-4.11138e-05
-9.55879e-08
8.2528e-05
-4.13625e-05
-4.11954e-05
-7.02967e-08
8.25644e-05
-4.13548e-05
-4.12348e-05
-5.0276e-08
8.25814e-05
-4.13444e-05
-4.1257e-05
-3.26929e-08
8.25887e-05
-4.13349e-05
-4.12714e-05
-1.8337e-08
8.25933e-05
-4.13264e-05
-4.12812e-05
-8.55651e-09
8.25974e-05
-4.13183e-05
-4.12889e-05
1.80243e-09
8.25961e-05
-4.13106e-05
-4.12959e-05
1.69775e-08
8.25969e-05
-4.13065e-05
-4.13055e-05
1.89555e-08
8.26035e-05
-4.1297e-05
-4.13085e-05
2.71332e-08
8.26005e-05
-4.12912e-05
-4.13175e-05
4.42235e-08
8.25941e-05
-4.12841e-05
-4.13271e-05
5.56557e-08
8.25984e-05
-4.12739e-05
-4.13359e-05
5.96302e-08
8.2601e-05
-4.12595e-05
-4.13455e-05
8.75021e-08
8.25744e-05
-4.1245e-05
-4.13573e-05
1.34331e-07
8.25381e-05
-4.1213e-05
-4.13719e-05
1.28569e-07
8.2522e-05
-4.11424e-05
-4.13739e-05
-1.3169e-07
8.25829e-05
-4.0995e-05
-4.13276e-05
-2.94845e-07
8.29191e-05
-4.09882e-05
-4.12233e-05
-5.44422e-07
-4.14834e-05
-6.49665e-07
4.18382e-05
-3.85809e-05
3.87044e-05
9.43319e-07
-1.06686e-06
-8.24478e-07
-4.24232e-05
6.8942e-07
4.25583e-05
-4.17085e-05
-5.27231e-07
4.03526e-07
4.18322e-05
1.8751e-07
8.28647e-05
-2.17683e-07
-3.90218e-07
1.27771e-08
8.26375e-05
-1.86912e-08
8.25594e-05
-2.39983e-08
8.25697e-05
-2.19647e-08
8.25794e-05
-1.787e-08
8.25846e-05
-1.16342e-08
8.25871e-05
-1.53051e-09
8.25873e-05
3.39229e-09
8.25912e-05
9.63823e-09
8.25906e-05
2.70538e-08
8.25861e-05
3.64085e-08
8.25911e-05
3.61816e-08
8.25943e-05
3.91508e-08
8.25954e-05
5.8299e-08
8.25819e-05
4.51617e-08
8.25875e-05
-2.14444e-08
8.26047e-05
-1.5922e-07
8.26598e-05
-5.21941e-07
8.29456e-05
-4.90934e-07
8.34804e-05
-5.92305e-07
-4.19736e-05
-7.12679e-07
4.21954e-05
-3.8706e-05
3.86203e-05
8.31714e-07
-7.46063e-07
-6.71122e-07
-4.263e-05
6.11974e-07
4.26892e-05
-4.19595e-05
-5.2678e-07
4.49476e-07
4.20368e-05
4.31908e-07
8.31763e-05
-3.15999e-07
-4.27512e-07
1.77169e-07
8.28923e-05
5.65057e-08
8.26801e-05
1.98767e-08
8.26063e-05
4.62061e-09
8.25946e-05
1.79487e-09
8.25875e-05
3.71131e-09
8.25852e-05
6.02773e-09
8.2585e-05
1.36315e-08
8.25836e-05
1.88384e-08
8.25854e-05
1.25296e-08
8.25924e-05
8.47827e-09
8.25952e-05
1.01812e-08
8.25926e-05
6.51111e-09
8.25991e-05
-1.86457e-08
8.2607e-05
-5.38008e-08
8.26227e-05
-1.59802e-07
8.27107e-05
-4.37817e-07
8.29378e-05
-7.60487e-07
8.32683e-05
-5.03856e-07
8.37835e-05
-5.59652e-07
-4.22553e-05
-6.34281e-07
4.23857e-05
-3.84833e-05
3.83273e-05
6.75127e-07
-5.19135e-07
-5.88684e-07
-4.27274e-05
5.43904e-07
4.27722e-05
-4.21179e-05
-4.84133e-07
4.32434e-07
4.21696e-05
5.11047e-07
8.34008e-05
-3.27167e-07
-4.08456e-07
3.13769e-07
8.30896e-05
1.48267e-07
8.28456e-05
6.43168e-08
8.26903e-05
3.70558e-08
8.26219e-05
1.86031e-08
8.26059e-05
9.04463e-09
8.25947e-05
7.66687e-09
8.25864e-05
4.48647e-09
8.25868e-05
2.52466e-09
8.25874e-05
9.6841e-09
8.25852e-05
1.58463e-08
8.2589e-05
1.40363e-08
8.25944e-05
5.45266e-10
8.26125e-05
-2.46648e-08
8.26322e-05
-1.14492e-07
8.27125e-05
-2.73115e-07
8.28693e-05
-4.19132e-07
8.30838e-05
-6.20409e-07
8.34695e-05
-4.53291e-07
8.41062e-05
-4.89836e-07
-4.24052e-05
-5.58438e-07
4.25104e-05
-3.81566e-05
3.79856e-05
5.91181e-07
-4.20218e-07
-5.3353e-07
-4.28022e-05
4.97716e-07
4.2838e-05
-4.22282e-05
-4.50033e-07
4.04708e-07
4.22735e-05
5.3066e-07
8.35816e-05
-3.20889e-07
-3.90588e-07
3.77431e-07
8.32428e-05
2.34055e-07
8.2989e-05
1.19801e-07
8.28045e-05
5.99678e-08
8.26817e-05
4.26936e-08
8.26232e-05
3.38172e-08
8.26036e-05
2.60532e-08
8.25941e-05
2.6642e-08
8.25862e-05
3.05746e-08
8.25835e-05
2.63888e-08
8.25894e-05
1.32951e-08
8.26021e-05
-1.28667e-08
8.26206e-05
-4.15697e-08
8.26412e-05
-1.14116e-07
8.27048e-05
-2.20654e-07
8.28191e-05
-3.64821e-07
8.30135e-05
-5.645e-07
8.32835e-05
-7.34999e-07
8.364e-05
-4.3537e-07
8.4269e-05
-4.6244e-07
-4.25462e-05
-5.0355e-07
4.26143e-05
-3.78006e-05
3.76222e-05
5.31123e-07
-3.527e-07
-4.8086e-07
-4.28568e-05
4.57853e-07
4.28798e-05
-4.23228e-05
-4.21068e-07
3.80532e-07
4.23633e-05
5.17346e-07
8.37433e-05
-3.07527e-07
-3.71471e-07
3.98694e-07
8.33614e-05
2.8994e-07
8.30977e-05
1.85793e-07
8.29087e-05
1.00107e-07
8.27674e-05
5.40267e-08
8.26693e-05
3.65924e-08
8.2621e-05
3.00869e-08
8.26006e-05
2.32136e-08
8.2593e-05
1.20783e-08
8.25946e-05
5.98633e-09
8.25955e-05
1.46749e-09
8.26066e-05
4.71764e-09
8.26173e-05
-3.27363e-08
8.26787e-05
-1.02659e-07
8.27747e-05
-2.13504e-07
8.29299e-05
-3.23744e-07
8.31237e-05
-4.23126e-07
8.33828e-05
-6.1061e-07
8.38275e-05
-4.0331e-07
8.44848e-05
-4.23102e-07
-4.2636e-05
-4.6735e-07
4.27e-05
-3.74311e-05
3.72449e-05
4.79153e-07
-2.9296e-07
-4.23955e-07
-4.28842e-05
4.15071e-07
4.2893e-05
-4.24038e-05
-3.87831e-07
3.5766e-07
4.2434e-05
5.037e-07
8.38855e-05
-2.95273e-07
-3.50669e-07
3.93792e-07
8.34713e-05
3.02305e-07
8.31892e-05
2.18666e-07
8.29923e-05
1.43418e-07
8.28427e-05
8.18394e-08
8.27309e-05
5.31664e-08
8.26497e-05
4.09193e-08
8.26129e-05
3.53219e-08
8.25986e-05
3.7284e-08
8.25926e-05
3.31401e-08
8.25997e-05
1.85189e-08
8.26212e-05
-4.19734e-08
8.26778e-05
-1.17733e-07
8.27545e-05
-2.28998e-07
8.2886e-05
-3.17003e-07
8.30179e-05
-4.00447e-07
8.32071e-05
-5.37202e-07
8.35196e-05
-6.47325e-07
8.39376e-05
-3.77178e-07
8.4605e-05
-3.90336e-07
-4.27238e-05
-4.22465e-07
4.27691e-05
-3.70503e-05
3.68625e-05
4.28058e-07
-2.40257e-07
-3.67389e-07
-4.28837e-05
3.61828e-07
4.28893e-05
-4.24652e-05
-3.47002e-07
3.29129e-07
4.24831e-05
4.82505e-07
8.40025e-05
-2.73917e-07
-3.25501e-07
3.85796e-07
8.35681e-05
3.07756e-07
8.32673e-05
2.36773e-07
8.30633e-05
1.6975e-07
8.29097e-05
1.11116e-07
8.27895e-05
6.15247e-08
8.26993e-05
4.35162e-08
8.26309e-05
4.12551e-08
8.26009e-05
3.2708e-08
8.26012e-05
1.88684e-08
8.26135e-05
-8.5081e-09
8.26486e-05
-3.88854e-08
8.27082e-05
-9.15278e-08
8.28071e-05
-1.25078e-07
8.29195e-05
-1.95627e-07
8.30885e-05
-3.03207e-07
8.33147e-05
-3.99746e-07
8.36161e-05
-5.66071e-07
8.4104e-05
-3.36335e-07
8.47295e-05
-3.54257e-07
-4.27813e-05
-3.66116e-07
4.28111e-05
-3.66706e-05
3.64888e-05
3.68145e-07
-1.8632e-07
-3.16262e-07
-4.28853e-05
3.18819e-07
4.28827e-05
-4.25055e-05
-3.0247e-07
2.90417e-07
4.25175e-05
4.55102e-07
8.40855e-05
-2.44188e-07
-2.93931e-07
3.73435e-07
8.36497e-05
2.99588e-07
8.33411e-05
2.40536e-07
8.31223e-05
1.87303e-07
8.29629e-05
1.37722e-07
8.28391e-05
9.35371e-08
8.27435e-05
5.12368e-08
8.26732e-05
3.20052e-08
8.26201e-05
3.68202e-08
8.25964e-05
3.08132e-08
8.26195e-05
-1.7638e-09
8.26812e-05
-6.18486e-08
8.27683e-05
-1.21195e-07
8.28665e-05
-2.18398e-07
8.30167e-05
-2.97651e-07
8.31677e-05
-3.43095e-07
8.33602e-05
-4.18068e-07
8.36911e-05
-4.77142e-07
8.4163e-05
-2.77824e-07
8.48244e-05
-2.94224e-07
-4.27991e-05
-3.18634e-07
4.28399e-05
-3.63081e-05
3.6129e-05
3.13964e-07
-1.34858e-07
-2.59631e-07
-4.28645e-05
2.69052e-07
4.28551e-05
-4.25324e-05
-2.58539e-07
2.51419e-07
4.25395e-05
4.25784e-07
8.41352e-05
-2.16129e-07
-2.59391e-07
3.55432e-07
8.37201e-05
2.92033e-07
8.34045e-05
2.37083e-07
8.31773e-05
1.89777e-07
8.30102e-05
1.44614e-07
8.28842e-05
1.04017e-07
8.27841e-05
7.48092e-08
8.27024e-05
5.1467e-08
8.26435e-05
4.93882e-08
8.25984e-05
1.24615e-08
8.26564e-05
-2.9895e-08
8.27236e-05
-6.96609e-08
8.28081e-05
-1.1807e-07
8.29149e-05
-1.37783e-07
8.30364e-05
-1.85359e-07
8.32153e-05
-2.95618e-07
8.34704e-05
-3.84688e-07
8.37802e-05
-4.83799e-07
8.42622e-05
-2.45658e-07
8.48543e-05
-2.6805e-07
-4.28414e-05
-2.62497e-07
4.28582e-05
-3.59572e-05
3.5795e-05
2.55054e-07
-9.29351e-08
-2.14242e-07
-4.28319e-05
2.26507e-07
4.28196e-05
-4.25476e-05
-2.24907e-07
2.17906e-07
4.25546e-05
3.79384e-07
8.41703e-05
-1.85636e-07
-2.28876e-07
3.32418e-07
8.3767e-05
2.80613e-07
8.34563e-05
2.33342e-07
8.32245e-05
1.91841e-07
8.30517e-05
1.55971e-07
8.29201e-05
1.21386e-07
8.28187e-05
8.48828e-08
8.27389e-05
5.75061e-08
8.26709e-05
4.16954e-08
8.26143e-05
2.2705e-08
8.26754e-05
-5.07294e-09
8.27513e-05
-3.95686e-08
8.28426e-05
-7.54223e-08
8.29507e-05
-1.45125e-07
8.31061e-05
-2.04653e-07
8.32748e-05
-2.31323e-07
8.34971e-05
-2.70807e-07
8.38197e-05
-3.17885e-07
8.43092e-05
-1.86336e-07
8.49324e-05
-2.09593e-07
-4.28416e-05
-2.17702e-07
4.28729e-05
-3.56386e-05
3.54914e-05
2.09063e-07
-6.1871e-08
-1.81894e-07
-4.2799e-05
2.0243e-07
4.27784e-05
-4.2559e-05
-2.00768e-07
1.91346e-07
4.25684e-05
3.54671e-07
8.41912e-05
-1.66566e-07
-2.08967e-07
3.14433e-07
8.38073e-05
2.71865e-07
8.34989e-05
2.29856e-07
8.32666e-05
1.92191e-07
8.30894e-05
1.57796e-07
8.29545e-05
1.27622e-07
8.28489e-05
1.06051e-07
8.27605e-05
8.08259e-08
8.26961e-05
5.23714e-08
8.26427e-05
2.03131e-08
8.27075e-05
-1.41364e-08
8.27858e-05
-5.80569e-08
8.28865e-05
-1.09081e-07
8.30017e-05
-1.44809e-07
8.31418e-05
-2.03464e-07
8.33335e-05
-2.99858e-07
8.35935e-05
-3.74164e-07
8.3894e-05
-3.99084e-07
8.43342e-05
-1.73631e-07
8.49092e-05
-2.02315e-07
-4.28734e-05
-1.82697e-07
4.28825e-05
-3.53512e-05
3.52172e-05
1.73799e-07
-3.97529e-08
-1.63164e-07
-4.27542e-05
1.80079e-07
4.27373e-05
-4.25689e-05
-1.80471e-07
1.73022e-07
4.25763e-05
3.18258e-07
8.42147e-05
-1.48192e-07
-1.9353e-07
2.93842e-07
8.38317e-05
2.60313e-07
8.35324e-05
2.25093e-07
8.33018e-05
1.93339e-07
8.31211e-05
1.64141e-07
8.29837e-05
1.36284e-07
8.28767e-05
1.03337e-07
8.27934e-05
7.9176e-08
8.27202e-05
6.26384e-08
8.26592e-05
3.9333e-08
8.27308e-05
1.04457e-08
8.28147e-05
-1.19802e-08
8.29089e-05
-3.83751e-08
8.30281e-05
-8.46302e-08
8.31881e-05
-1.11839e-07
8.33607e-05
-1.32211e-07
8.36139e-05
-1.62179e-07
8.39239e-05
-2.23874e-07
8.43959e-05
-1.44908e-07
8.49985e-05
-1.6827e-07
-4.28635e-05
-1.61893e-07
4.28805e-05
-3.50893e-05
3.49616e-05
1.53562e-07
-2.58277e-08
-1.46081e-07
-4.27154e-05
1.63785e-07
4.26977e-05
-4.25751e-05
-1.65144e-07
1.58062e-07
4.25822e-05
2.9947e-07
8.4233e-05
-1.35267e-07
-1.82517e-07
2.75129e-07
8.3856e-05
2.49796e-07
8.35578e-05
2.2317e-07
8.33284e-05
1.91372e-07
8.31529e-05
1.63544e-07
8.30115e-05
1.39073e-07
8.29012e-05
1.20712e-07
8.28118e-05
9.7319e-08
8.27436e-05
6.71093e-08
8.26895e-05
3.98358e-08
8.27581e-05
1.35252e-08
8.2841e-05
-2.78914e-08
8.29503e-05
-7.26065e-08
8.30728e-05
-1.13981e-07
8.32295e-05
-1.81438e-07
8.34281e-05
-2.54173e-07
8.36866e-05
-2.87268e-07
8.3957e-05
-2.8596e-07
8.43945e-05
-1.30629e-07
8.49927e-05
-1.49472e-07
-4.28703e-05
-1.46118e-07
4.28858e-05
-3.484e-05
3.47183e-05
1.3774e-07
-1.6081e-08
-1.3539e-07
-4.26734e-05
1.54237e-07
4.26546e-05
-4.25807e-05
-1.54848e-07
1.50001e-07
4.25856e-05
2.86039e-07
8.42536e-05
-1.30324e-07
-1.76292e-07
2.65036e-07
8.3877e-05
2.45225e-07
8.35776e-05
2.18567e-07
8.33551e-05
1.95622e-07
8.31759e-05
1.71601e-07
8.30355e-05
1.49222e-07
8.29236e-05
1.23023e-07
8.2838e-05
1.00846e-07
8.27658e-05
8.27896e-08
8.27075e-05
5.72022e-08
8.27837e-05
2.56783e-08
8.28725e-05
-9.17077e-10
8.29769e-05
-3.4656e-08
8.31066e-05
-7.86543e-08
8.32735e-05
-8.98858e-08
8.34394e-05
-9.72291e-08
8.36939e-05
-1.55449e-07
8.40153e-05
-2.23593e-07
8.44627e-05
-1.21043e-07
8.50402e-05
-1.50062e-07
-4.28796e-05
-1.33654e-07
4.28922e-05
-3.46058e-05
3.4489e-05
1.27986e-07
-1.11975e-08
-1.29061e-07
-4.26298e-05
1.48373e-07
4.26105e-05
-4.25828e-05
-1.48651e-07
1.42951e-07
4.25885e-05
2.68962e-07
8.42711e-05
-1.21279e-07
-1.65271e-07
2.54293e-07
8.38917e-05
2.35683e-07
8.35962e-05
2.1826e-07
8.33725e-05
1.96254e-07
8.31979e-05
1.73707e-07
8.30581e-05
1.50984e-07
8.29463e-05
1.36252e-07
8.28527e-05
1.17407e-07
8.27847e-05
9.28635e-08
8.27321e-05
7.04848e-08
8.2806e-05
4.40554e-08
8.28989e-05
6.62866e-09
8.30143e-05
-2.67798e-08
8.314e-05
-5.30657e-08
8.32998e-05
-1.0599e-07
8.34923e-05
-1.69282e-07
8.37572e-05
-1.80354e-07
8.40263e-05
-1.84489e-07
8.44668e-05
-1.08234e-07
8.50889e-05
-1.24964e-07
-4.2879e-05
-1.25505e-07
4.28963e-05
-3.43798e-05
3.42698e-05
1.17828e-07
-7.79302e-09
-1.25609e-07
-4.25874e-05
1.42746e-07
4.25702e-05
-4.25884e-05
-1.43422e-07
1.41576e-07
4.25902e-05
2.74287e-07
-1.25372e-07
-1.62716e-07
8.42849e-05
2.50143e-07
8.39159e-05
2.34124e-07
8.36122e-05
2.17299e-07
8.33893e-05
1.99526e-07
8.32157e-05
1.82976e-07
8.30746e-05
1.67862e-07
8.29614e-05
1.42599e-07
8.2878e-05
1.22554e-07
8.28047e-05
1.06831e-07
8.27478e-05
8.50428e-08
6.61997e-08
4.88558e-08
1.79248e-08
-3.11387e-08
-6.70152e-08
-9.68063e-08
-1.65934e-07
-2.24202e-07
-1.21322e-07
-1.1091e-07
-4.28961e-05
-1.27698e-07
4.29025e-05
-3.41659e-05
3.4059e-05
1.12352e-07
-5.41123e-09
1.69212e-07
8.29804e-05
-1.88238e-07
1.59147e-07
8.2888e-05
1.43718e-07
8.28201e-05
8.27695e-05
1.88917e-07
-1.9592e-07
1.69765e-07
1.56996e-07
2.46423e-06
3.35684e-05
-6.63097e-07
1.24094e-07
-1.6355e-07
4.1548e-05
5.64844e-08
-2.12879e-08
4.14045e-05
-4.12043e-09
-1.43396e-11
4.13232e-05
-2.19666e-09
2.5981e-09
4.13041e-05
-3.41509e-09
3.48905e-09
4.13022e-05
-3.87496e-09
3.55402e-09
4.13018e-05
-3.21302e-09
2.89571e-09
4.13017e-05
-2.40255e-09
2.17492e-09
4.13016e-05
-1.7548e-09
1.58873e-09
4.13016e-05
-1.25174e-09
1.21454e-09
4.13014e-05
-8.96847e-10
2.89548e-10
4.1302e-05
5.63228e-10
-8.6829e-10
4.13017e-05
7.91888e-10
-1.05875e-09
4.13017e-05
1.26557e-09
-1.5795e-09
4.13017e-05
2.16465e-09
-3.10202e-09
4.13023e-05
3.84161e-09
-3.86665e-09
4.13014e-05
3.86512e-09
-4.17477e-09
4.13017e-05
4.38299e-09
-5.09862e-09
4.13025e-05
6.50404e-09
-8.0085e-09
4.13046e-05
9.34183e-09
-8.31518e-09
4.13069e-05
6.21181e-09
-1.10556e-09
4.13481e-05
-2.9085e-08
1.77415e-07
4.14747e-05
-1.47793e-07
-2.45733e-06
4.12219e-05
-6.61491e-07
3.6645e-05
-1.11219e-06
3.77998e-05
-1.80483e-08
-1.13679e-06
-2.66191e-08
-1.1357e-06
3.82987e-05
-1.14926e-06
3.8568e-05
8.93302e-07
-1.16257e-06
8.80494e-07
-1.15926e-06
3.86875e-05
-1.06611e-06
3.86856e-05
9.11223e-07
-9.09284e-07
9.0462e-07
-9.06203e-07
3.86022e-05
-7.41115e-07
3.84553e-05
7.47409e-07
-6.00451e-07
7.37934e-07
-6.00891e-07
3.83021e-05
-5.17969e-07
3.81307e-05
6.34458e-07
-4.63039e-07
6.31322e-07
-4.60593e-07
3.79638e-05
-4.21743e-07
3.77789e-05
5.71009e-07
-3.86095e-07
5.69129e-07
-3.84145e-07
3.75997e-05
-3.54341e-07
3.74041e-05
5.19032e-07
-3.23504e-07
5.09786e-07
-3.18667e-07
3.72175e-05
-2.94268e-07
3.70182e-05
4.64641e-07
-2.65302e-07
4.58124e-07
-2.6352e-07
3.68323e-05
-2.3807e-07
3.66377e-05
4.05634e-07
-2.10994e-07
4.0166e-07
-2.09798e-07
3.64558e-05
-1.8551e-07
3.62747e-05
3.40672e-07
-1.59584e-07
3.40196e-07
-1.5951e-07
3.60923e-05
-1.33888e-07
3.59188e-05
2.84393e-07
-1.109e-07
2.81842e-07
-1.10004e-07
3.57527e-05
-9.34482e-08
3.5593e-05
2.36364e-07
-7.67112e-08
2.3039e-07
-7.39578e-08
3.54423e-05
-6.34833e-08
3.52968e-05
1.95625e-07
-5.01275e-08
1.87294e-07
-4.70886e-08
3.51565e-05
-4.15883e-08
3.50228e-05
1.65338e-07
-3.16424e-08
1.5628e-07
-2.84155e-08
3.48868e-05
-2.71833e-08
3.47575e-05
1.49901e-07
-2.05954e-08
1.37968e-07
-1.63566e-08
3.46297e-05
-1.83532e-08
3.45068e-05
1.36561e-07
-1.36061e-08
1.20655e-07
-8.1107e-09
3.43846e-05
-1.31562e-08
3.42665e-05
1.27546e-07
-9.48164e-09
1.15837e-07
-6.68086e-09
3.41476e-05
-1.01427e-08
3.40323e-05
1.23087e-07
-7.79439e-09
1.06885e-07
-3.04461e-09
3.39157e-05
-8.99461e-09
1.20459e-07
3.38025e-05
-7.32935e-09
1.0084e-07
-2.1719e-09
4.0879e-05
5.48287e-07
-5.27457e-07
4.08581e-05
4.1265e-05
3.8892e-07
-2.60092e-07
4.11361e-05
4.12992e-05
1.06588e-07
-6.05583e-08
4.12532e-05
4.12959e-05
2.12215e-08
-1.32775e-08
4.1288e-05
4.13002e-05
4.54523e-10
1.33203e-09
4.12984e-05
4.13025e-05
-7.11768e-09
5.82683e-09
4.13037e-05
4.13027e-05
-8.54068e-09
6.32179e-09
4.1305e-05
4.13028e-05
-7.47132e-09
5.46696e-09
4.13048e-05
4.13028e-05
-5.87772e-09
4.09555e-09
4.13045e-05
4.1303e-05
-4.07603e-09
3.34594e-09
4.13037e-05
4.1302e-05
-3.53162e-09
1.11316e-09
4.13044e-05
4.13024e-05
1.25982e-09
-1.75422e-09
4.13029e-05
4.13021e-05
1.61446e-09
-1.26034e-09
4.13018e-05
4.13014e-05
2.24009e-09
-2.84837e-09
4.1302e-05
4.13007e-05
6.00218e-09
-6.7789e-09
4.13015e-05
4.13019e-05
1.04819e-08
-8.0623e-09
4.12994e-05
4.13007e-05
1.01199e-08
-7.35675e-09
4.12979e-05
4.12989e-05
8.77684e-09
-5.69434e-09
4.12958e-05
4.12938e-05
1.01637e-08
-4.65264e-09
4.12882e-05
4.1295e-05
1.96658e-09
3.23634e-08
4.12606e-05
4.12903e-05
-7.36391e-08
1.63501e-07
4.12004e-05
4.11963e-05
-2.99813e-07
5.93398e-07
4.09027e-05
4.04542e-05
-6.22392e-07
4.105e-05
4.1188e-05
-5.01284e-07
1.85113e-07
4.15042e-05
4.10822e-05
1.00544e-07
-1.68515e-07
4.11501e-05
4.12252e-05
-3.18497e-08
-3.87753e-08
4.12853e-05
-6.13472e-08
-9.28009e-09
4.13066e-05
-5.62367e-08
3.3882e-10
4.13127e-05
-4.62811e-08
4.1287e-09
4.13129e-05
-3.67716e-08
5.23973e-09
4.13115e-05
-2.83614e-08
4.90099e-09
4.13097e-05
-2.07937e-08
4.10097e-09
4.13083e-05
-1.4237e-08
4.20371e-09
4.13057e-05
-9.53497e-09
4.68935e-09
4.13042e-05
-1.95326e-09
-4.08862e-10
4.13031e-05
3.17967e-09
2.9521e-09
4.12995e-05
6.0838e-09
2.26246e-09
4.1298e-05
1.53882e-08
-1.46898e-09
4.12962e-05
2.53594e-08
-3.02269e-09
4.12921e-05
3.38336e-08
-1.18511e-09
4.12851e-05
4.21178e-08
-1.9821e-09
4.12677e-05
6.24181e-08
-7.68543e-09
4.12349e-05
8.71187e-08
5.37039e-09
4.11262e-05
7.57758e-08
5.54511e-08
4.09658e-05
9.13831e-08
-1.13794e-07
4.14759e-05
4.1371e-07
4.19427e-05
4.17516e-05
-7.1032e-07
4.93467e-07
4.19685e-05
4.14199e-05
-2.84018e-07
4.15083e-05
4.22363e-05
6.79837e-07
4.24611e-05
4.21306e-05
-6.75668e-07
5.56615e-07
4.22497e-05
4.16942e-05
-4.29348e-07
4.17333e-05
4.25801e-05
6.52212e-07
4.26659e-05
4.23349e-05
-5.96175e-07
5.24932e-07
4.24061e-05
4.18668e-05
-4.43788e-07
4.1883e-05
4.27067e-05
5.79176e-07
4.27589e-05
4.24659e-05
-5.41019e-07
4.80259e-07
4.25267e-05
4.19883e-05
-4.21683e-07
4.20015e-05
4.27916e-05
5.25627e-07
4.28351e-05
4.25743e-05
-5.00211e-07
4.48246e-07
4.26263e-05
4.20853e-05
-3.98994e-07
4.20938e-05
4.28627e-05
4.84093e-07
4.28884e-05
4.26631e-05
-4.60328e-07
4.17881e-07
4.27055e-05
4.21668e-05
-3.77406e-07
4.21727e-05
4.29002e-05
4.46868e-07
4.29114e-05
4.27328e-05
-4.14944e-07
3.80508e-07
4.27672e-05
4.22351e-05
-3.49249e-07
4.22337e-05
4.2917e-05
4.02532e-07
4.29162e-05
4.2782e-05
-3.44717e-07
3.38194e-07
4.27886e-05
4.22889e-05
-3.15817e-07
4.22792e-05
4.29182e-05
3.42287e-07
4.29161e-05
4.28049e-05
-3.02564e-07
2.94046e-07
4.28134e-05
4.23254e-05
-2.7915e-07
4.23106e-05
4.29114e-05
2.95738e-07
4.28975e-05
4.2824e-05
-2.59568e-07
2.52854e-07
4.28307e-05
4.23459e-05
-2.44792e-07
4.23313e-05
4.28901e-05
2.51372e-07
4.28691e-05
4.28323e-05
-2.16279e-07
2.18854e-07
4.28297e-05
4.23636e-05
-2.1448e-07
4.23492e-05
4.28605e-05
2.10101e-07
4.28377e-05
4.28314e-05
-1.89563e-07
1.92749e-07
4.28282e-05
4.2374e-05
-1.92302e-07
4.23573e-05
4.28288e-05
1.83323e-07
4.28017e-05
4.28278e-05
-1.71817e-07
1.76837e-07
4.28228e-05
4.23821e-05
-1.7804e-07
4.23667e-05
4.27934e-05
1.58029e-07
4.27733e-05
4.28214e-05
-1.60832e-07
1.64538e-07
4.28177e-05
4.23895e-05
-1.66011e-07
4.23729e-05
4.27649e-05
1.43284e-07
4.27423e-05
4.28171e-05
-1.52304e-07
1.55525e-07
4.28139e-05
4.23926e-05
-1.58254e-07
4.23746e-05
4.27366e-05
1.36891e-07
4.27156e-05
4.28136e-05
-1.46224e-07
1.50203e-07
4.28096e-05
4.23963e-05
-1.50375e-07
4.23814e-05
4.27079e-05
1.24811e-07
4.269e-05
4.28089e-05
-1.44016e-07
1.46714e-07
4.28062e-05
4.25467e-05
4.23976e-05
-1.4497e-07
4.23798e-05
4.25919e-05
4.26746e-05
1.07448e-07
-1.23328e-07
1.40677e-07
4.25293e-05
-1.40221e-07
1.38534e-07
4.25936e-05
2.47397e-07
8.43044e-05
-1.16023e-07
-1.50852e-07
2.45802e-07
8.39174e-05
2.3372e-07
8.36243e-05
2.19545e-07
8.34035e-05
2.05437e-07
8.32298e-05
8.30918e-05
-1.22787e-07
-4.25057e-05
1.40257e-07
4.24882e-05
-4.25979e-05
-1.38934e-07
1.40262e-07
4.25965e-05
2.70987e-07
-1.25987e-07
-1.48151e-07
2.43555e-07
2.29762e-07
2.18691e-07
2.05394e-07
3.36879e-05
-8.70887e-09
3.35763e-05
1.19011e-07
-7.39045e-09
3.34625e-05
-8.99809e-09
1.16963e-07
-7.33851e-09
4.28067e-05
-1.42659e-07
1.44293e-07
4.2805e-05
4.24023e-05
-1.40074e-07
4.23916e-05
4.28064e-05
-1.41206e-07
1.41267e-07
4.24058e-05
-1.31819e-07
-1.00075e-06
-8.39077e-06
8.2789e-06
-7.58131e-06
6.58057e-06
-8.86192e-07
-8.09872e-06
7.83725e-06
-5.62504e-06
4.73885e-06
-6.87027e-07
-7.49916e-06
7.11932e-06
-3.91769e-06
3.23066e-06
-3.37493e-07
-6.70862e-06
6.30005e-06
-2.73517e-06
2.39768e-06
-1.74574e-07
-5.93234e-06
5.58778e-06
-2.16449e-06
1.98991e-06
-1.16189e-07
-5.26544e-06
4.96141e-06
-1.85166e-06
1.73547e-06
-9.1264e-08
-4.67905e-06
4.41762e-06
-1.63369e-06
1.54242e-06
-7.60023e-08
-4.18067e-06
3.96371e-06
-1.46071e-06
1.38471e-06
-6.45299e-08
-3.76925e-06
3.59352e-06
-1.31564e-06
1.25111e-06
-5.17513e-08
-3.44113e-06
3.30656e-06
-1.1937e-06
1.14195e-06
-3.95839e-08
-3.19316e-06
3.09788e-06
-1.09585e-06
1.05627e-06
-2.767e-08
-3.02068e-06
2.95541e-06
-1.02347e-06
9.958e-07
-1.80105e-08
-2.90341e-06
2.85955e-06
-9.73845e-07
9.55834e-07
-1.09512e-08
-2.82561e-06
2.79681e-06
-9.4268e-07
9.31729e-07
-6.77229e-09
-2.77562e-06
2.75656e-06
-9.24507e-07
9.17735e-07
-3.54571e-09
-2.74378e-06
2.73125e-06
-9.1416e-07
9.10614e-07
-2.1429e-09
-2.724e-06
2.71495e-06
-9.09746e-07
9.07603e-07
-1.02414e-09
-2.70915e-06
2.70238e-06
-9.06721e-07
9.05697e-07
-2.49905e-10
-2.69907e-06
2.69391e-06
-9.05959e-07
9.05709e-07
-7.35477e-07
-9.5552e-07
-8.21162e-07
-4.95496e-07
-2.33188e-07
-1.38254e-07
-1.01786e-07
-8.17136e-08
-6.90626e-08
-5.74084e-08
-4.61023e-08
-3.27967e-08
-2.19553e-08
-1.31543e-08
-7.22155e-09
-3.57513e-09
-8.68053e-10
-8.81818e-10
2.62078e-10
6.01207e-10
-1.00054e-06
-8.38998e-06
8.27833e-06
-7.5805e-06
6.57996e-06
-8.86451e-07
-8.09806e-06
7.83526e-06
-5.62344e-06
4.73699e-06
-6.86666e-07
-7.49563e-06
7.11618e-06
-3.91404e-06
3.22737e-06
-3.35128e-07
-6.70316e-06
6.29717e-06
-2.73111e-06
2.39598e-06
-1.74286e-07
-5.92921e-06
5.58553e-06
-2.16349e-06
1.98921e-06
-1.17176e-07
-5.26158e-06
4.95702e-06
-1.85012e-06
1.73294e-06
-9.20374e-08
-4.67343e-06
4.41113e-06
-1.63043e-06
1.53839e-06
-7.62211e-08
-4.17107e-06
3.95302e-06
-1.45495e-06
1.37873e-06
-6.35431e-08
-3.75725e-06
3.58273e-06
-1.30919e-06
1.24565e-06
-5.17224e-08
-3.42916e-06
3.29537e-06
-1.18822e-06
1.1365e-06
-3.95406e-08
-3.18175e-06
3.0874e-06
-1.09054e-06
1.051e-06
-2.79203e-08
-3.00961e-06
2.94408e-06
-1.0179e-06
9.89976e-07
-1.87079e-08
-2.89026e-06
2.84548e-06
-9.67083e-07
9.48375e-07
-1.17167e-08
-2.80971e-06
2.77984e-06
-9.34024e-07
9.22308e-07
-7.10669e-09
-2.75657e-06
2.7365e-06
-9.13928e-07
9.06822e-07
-4.36431e-09
-2.72091e-06
2.70692e-06
-9.01811e-07
8.97447e-07
-2.81173e-09
-2.6962e-06
2.68586e-06
-8.94559e-07
8.91748e-07
-1.94316e-09
-2.67803e-06
2.66983e-06
-8.90092e-07
8.88149e-07
-1.68138e-09
-2.66329e-06
2.65597e-06
-8.86901e-07
8.85219e-07
-7.36287e-07
-9.56519e-07
-8.22945e-07
-4.96263e-07
-2.3249e-07
-1.3909e-07
-1.02509e-07
-8.34476e-08
-6.95332e-08
-5.74278e-08
-4.59565e-08
-3.31058e-08
-2.28932e-08
-1.43506e-08
-8.37935e-09
-5.01055e-09
-2.88759e-09
-1.6554e-09
-1.24832e-09
-1.23615e-09
2.64988e-06
8.83983e-07
-1.70387e-09
2.64288e-06
8.82279e-07
-1.87655e-09
-2.63682e-06
2.6297e-06
-8.80945e-07
8.79068e-07
-1.33462e-09
-1.32798e-09
-1.00666e-05
3.97534e-05
4.08117e-05
-6.16443e-06
3.56817e-05
3.61121e-05
2.65318e-06
3.22976e-05
3.22558e-05
5.36701e-06
3.70094e-05
3.56191e-05
3.78348e-05
3.74534e-05
-7.52649e-06
8.82887e-05
-9.22485e-06
8.56801e-05
-6.34516e-06
8.61493e-05
-6.35694e-06
-7.29703e-06
4.07053e-05
7.31717e-06
-7.32643e-06
3.5691e-05
3.93193e-06
-1.05704e-06
2.94228e-05
-1.93506e-06
7.32822e-06
3.16163e-05
-8.80472e-06
8.64814e-06
3.79914e-05
1.22093e-05
4.31931e-05
-7.08914e-06
-8.66487e-06
4.23576e-05
8.62928e-05
4.02753e-07
-7.30784e-07
4.44406e-05
1.03493e-06
-1.19479e-06
4.50115e-05
-4.65997e-06
8.88378e-05
1.6072e-06
1.57225e-06
-5.73541e-06
8.86616e-05
-6.64426e-06
8.91975e-05
-1.15671e-05
9.06029e-05
-7.93996e-06
9.12476e-05
-8.7255e-06
-4.27401e-05
-1.00045e-05
4.48046e-05
-3.94121e-05
6.37279e-05
-3.8271e-05
1.39551e-05
1.70208e-05
-3.316e-06
-2.2717e-05
9.01217e-06
-8.31111e-06
3.00565e-05
-2.84351e-05
6.68968e-06
-1.85775e-05
-3.68014e-05
1.35738e-05
4.18051e-05
-1.00936e-05
9.19726e-06
4.40894e-05
9.10919e-05
-7.94557e-06
-8.661e-06
4.2435e-07
-4.47118e-05
-7.57359e-07
4.50448e-05
-4.54263e-05
1.06658e-06
-1.32628e-06
4.5686e-05
-4.95771e-06
9.05137e-05
1.78312e-06
1.49867e-06
-8.00704e-06
9.17109e-05
-1.11256e-05
9.23162e-05
-1.33932e-05
9.28704e-05
-7.67215e-06
9.4799e-05
-9.27233e-06
-4.63971e-05
-9.43639e-06
4.81613e-05
-5.08571e-05
4.36692e-05
8.87431e-06
-1.68641e-06
1.667e-05
5.16565e-05
-6.4365e-05
-3.96155e-06
-1.40614e-05
-4.62663e-05
1.11198e-05
4.92078e-05
9.5786e-05
-8.93699e-06
-9.57619e-06
2.82397e-07
-4.53468e-05
-5.81686e-07
4.56461e-05
-4.60506e-05
8.91637e-07
-1.22035e-06
4.63793e-05
-4.33236e-06
1.73994e-06
1.37231e-06
-5.42067e-06
-8.74113e-06
-1.13886e-05
-6.92356e-06
-7.7341e-06
-4.83101e-05
-9.44761e-06
5.08342e-05
-4.57036e-05
4.49312e-05
1.04973e-05
-9.72481e-06
-4.93181e-05
1.03501e-05
4.87189e-05
-9.75088e-06
-5.0263e-05
-1.00699e-05
8.39728e-06
5.19356e-05
-7.51144e-06
-6.97911e-06
1.05858e-07
-4.59356e-05
-3.56735e-07
-4.6703e-05
6.42237e-07
-9.19791e-07
3.43001e-05
9.39267e-08
3.46252e-05
-4.16271e-07
9.11179e-08
-2.90309e-05
6.63962e-06
1.24383e-05
4.32502e-07
-2.24391e-05
1.0812e-05
4.53207e-05
-3.38416e-05
3.94395e-05
5.88119e-06
3.49736e-05
7.59524e-08
3.52764e-05
-3.41024e-07
3.82531e-08
1.07688e-05
-1.28032e-05
4.99757e-05
-4.7367e-05
-1.34666e-05
1.1818e-05
5.16242e-05
-1.11282e-05
3.55626e-05
-3.8615e-09
3.5805e-05
-2.00387e-07
-4.19985e-08
-1.07723e-06
2.10364e-06
8.05599e-06
-2.23919e-06
8.27043e-07
-6.46086e-08
4.08318e-05
8.39176e-06
-9.66634e-06
4.21064e-05
3.27176e-05
1.22463e-05
-8.55956e-06
2.92637e-05
1.85381e-06
4.97081e-06
3.41425e-05
-8.15199e-06
8.45291e-06
3.90124e-05
-9.64292e-06
3.99905e-05
4.5206e-05
6.87429e-07
-9.85814e-07
4.55044e-05
4.50087e-05
1.40056e-06
4.51804e-05
4.60571e-05
1.0318e-05
4.81774e-05
4.34707e-05
-1.68797e-05
1.29833e-05
4.36093e-05
-1.08064e-05
4.57547e-05
4.58136e-05
6.43064e-07
-9.37574e-07
4.61081e-05
4.56372e-05
1.30218e-06
4.58337e-05
4.76153e-05
9.42116e-06
4.8963e-05
4.79375e-05
-1.07629e-05
4.91242e-05
4.6418e-05
4.89883e-07
-7.68631e-07
4.66968e-05
4.63533e-05
1.09229e-06
4.66333e-05
5.00126e-05
8.43322e-06
5.19044e-05
-7.76912e-06
8.22815e-06
5.00101e-05
-7.36396e-06
-2.3457e-06
-9.9491e-06
1.06084e-05
-8.95054e-06
6.60484e-06
-3.70246e-06
-4.44212e-06
-1.58023e-06
3.20876e-08
-3.73454e-06
4.66287e-06
5.77647e-06
-1.42717e-06
6.05104e-06
-1.38817e-06
1.63866e-06
1.55074e-06
-9.17741e-08
1.66039e-06
-2.1729e-08
3.1079e-06
-3.84044e-06
7.42222e-06
-4.15624e-06
7.26413e-06
7.55214e-07
-1.07874e-06
1.71941e-06
-9.71392e-07
1.72661e-06
-3.58151e-06
-1.07897e-05
1.04096e-05
-9.77787e-06
6.19636e-06
-3.59751e-06
-5.25145e-06
-9.01921e-07
-2.26374e-07
-3.37114e-06
-5.29562e-08
-9.46364e-06
-9.00349e-06
2.95246e-06
-6.63693e-06
5.54441e-06
2.97971e-08
4.1105e-06
1.73972e-06
2.57197e-08
-4.17829e-06
4.22852e-06
-1.76305e-06
1.78877e-06
-7.12895e-09
-4.25513e-06
4.2584e-06
-1.80041e-06
1.79328e-06
-3.55462e-08
-4.24174e-06
-1.76794e-06
2.33285e-08
1.16424e-08
-2.53371e-08
2.07415e-06
9.93121e-07
2.51374e-06
-5.96999e-06
1.64453e-06
)
;

boundaryField
{
    inlet
    {
        type            calculated;
        value           nonuniform List<scalar> 
52
(
-3.53695e-05
-4.15086e-05
-3.86167e-05
-4.14397e-05
-4.16231e-05
-4.13191e-05
-4.13532e-05
-4.13045e-05
-4.13079e-05
-4.13023e-05
-4.13031e-05
-4.13015e-05
-4.13018e-05
-4.13014e-05
-4.13014e-05
-4.13014e-05
-4.13014e-05
-4.13014e-05
-4.13014e-05
-4.13014e-05
-4.13014e-05
-4.13014e-05
-4.13014e-05
-4.13014e-05
-4.13014e-05
-4.13014e-05
-4.13014e-05
-4.13014e-05
-4.13014e-05
-4.13014e-05
-4.13014e-05
-4.13014e-05
-4.13014e-05
-4.13014e-05
-4.13014e-05
-4.13018e-05
-4.13015e-05
-4.13031e-05
-4.13023e-05
-4.13079e-05
-4.13045e-05
-4.13532e-05
-4.13191e-05
-4.16231e-05
-4.14397e-05
-3.86167e-05
-4.15086e-05
-3.53695e-05
-8.31679e-06
-8.31679e-06
-8.31679e-06
-8.31679e-06
)
;
    }
    outlet
    {
        type            calculated;
        value           nonuniform List<scalar> 0();
    }
    wall
    {
        type            calculated;
        value           uniform 0;
    }
    empty_zmin
    {
        type            empty;
    }
    empty_zmax
    {
        type            empty;
    }
    procBoundary0to1
    {
        type            processor;
        value           nonuniform List<scalar> 
39
(
9.66956e-05
9.44452e-05
9.33583e-05
9.28967e-05
9.16869e-05
9.17656e-05
9.17986e-05
9.20677e-05
4.62221e-05
3.41544e-05
4.5373e-05
3.44531e-06
1.33587e-06
9.17338e-05
9.27992e-05
9.56366e-05
9.5518e-05
9.8068e-05
9.91698e-05
4.61865e-05
4.69805e-05
-1.3101e-06
5.15333e-05
3.57979e-05
-3.09763e-06
-1.39588e-06
3.87106e-05
5.03949e-05
5.27998e-05
-1.02641e-06
1.41215e-06
3.59755e-05
-2.16364e-06
4.96354e-05
5.14454e-05
4.69823e-05
4.70236e-05
4.21267e-06
1.7324e-06
)
;
    }
}


// ************************************************************************* //
