/*--------------------------------*- C++ -*----------------------------------*\
| =========                 |                                                 |
| \\      /  F ield         | OpenFOAM: The Open Source CFD Toolbox           |
|  \\    /   O peration     | Version:  2406                                  |
|   \\  /    A nd           | Website:  www.openfoam.com                      |
|    \\/     M anipulation  |                                                 |
\*---------------------------------------------------------------------------*/
FoamFile
{
    version     2.0;
    format      ascii;
    arch        "LSB;label=32;scalar=64";
    class       volScalarField;
    location    "3.92";
    object      p;
}
// * * * * * * * * * * * * * * * * * * * * * * * * * * * * * * * * * * * * * //

dimensions      [0 2 -2 0 0 0 0];

internalField   nonuniform List<scalar> 
2367
(
0.395919
-0.0692308
0.100521
0.215941
0.3239
-1.1945
-1.15928
-1.15515
-1.19954
-1.19815
0.302487
-1.4609
-1.38328
-1.2632
-1.2436
-1.37666
-1.58778
-1.76212
-2.03315
-2.66912
-2.95648
-2.93504
-2.65871
-2.16702
-1.94775
-1.70202
-1.49775
-1.44144
-1.43206
-1.28945
-1.24571
-1.12999
-1.1224
-1.14008
-1.1454
-1.15614
-1.05264
-0.916175
-0.881171
-0.918297
-1.04945
-1.25928
-1.32564
-1.86223
-2.4484
-2.74541
-2.76724
-2.71316
-2.46367
-2.42519
-2.18453
-2.15694
-1.80301
-1.42968
-1.29129
-1.19379
-1.13793
-1.05298
-0.989976
-0.843906
-0.758458
-0.610971
-0.564108
-0.582457
-0.641952
-0.791492
-1.01023
-1.47664
-2.27997
-2.73815
-3.02163
-3.16134
-3.12309
-3.11966
-2.89412
-2.73778
-2.011
-1.66846
-1.49676
-1.29259
-1.07929
-0.943425
-0.80422
-1.61178
-1.46463
-1.31584
-1.07476
-1.17012
-1.02083
-0.895936
-0.863436
-0.709278
-0.723462
-0.541351
-0.481971
-0.36468
-0.332558
-0.337054
-0.39367
-0.352732
-0.797908
-1.34676
-2.2472
-2.85069
-3.27216
-3.4634
-3.61525
-3.56012
-3.33738
-2.83349
-2.27813
-1.96113
-1.53122
-1.23571
-1.01749
-0.854872
-0.645711
-0.279968
-0.245791
-0.154186
-0.114677
-0.124223
-0.184833
-0.280249
-0.694208
-1.37353
-2.25395
-3.00042
-3.49064
-3.75747
-3.85126
-3.68617
-3.26769
-2.77198
-2.34057
-1.78722
-1.40394
-1.21648
-1.02419
-0.878274
-0.673127
-0.0610999
-0.0437424
0.0243506
0.055327
0.0353982
0.0174626
-0.254645
-0.703223
-1.39972
-2.27423
-3.05099
-3.59347
-3.83283
-3.76368
-3.47626
-3.04809
-2.54333
-1.95431
-1.54509
-1.34595
-1.18703
-1.0708
-0.980169
-0.894597
0.127135
0.13365
0.184639
0.183628
0.181862
0.139513
-0.182404
-0.664495
-1.32817
-2.18605
-2.87092
-3.29599
-3.42401
-3.34738
-3.07554
-2.6159
-2.06704
-1.58806
-1.36953
-1.23723
-1.09956
-1.1089
-1.09063
-1.06759
0.294374
0.293648
0.324922
0.300075
0.369325
0.231005
-0.0916313
-0.548936
-1.1132
-1.78384
-2.33101
-2.7155
-2.83447
-2.75267
-2.46592
-1.93842
-1.57601
-1.3221
-1.15368
-1.04668
-1.01617
-1.09
-1.16616
-1.17014
0.438294
0.429959
0.476971
0.460263
0.424093
0.300917
0.0574426
-0.332846
-0.8215
-1.34688
-1.75585
-2.04601
-2.14895
-1.9986
-1.7287
-1.39356
-1.19603
-1.04239
-0.928733
-0.866774
-0.885284
-0.990761
-1.1604
-1.20652
0.58225
0.563643
0.56931
0.557715
0.490392
0.404945
0.175987
-0.158088
-0.551162
-0.95521
-1.2486
-1.44054
-1.49254
-1.38191
-1.20774
-0.996053
-0.888763
-0.788757
-0.710304
-0.667109
-0.694874
-0.8043
-0.973076
-1.05255
0.71661
0.696086
0.67756
0.646309
0.562622
0.483136
0.27417
-0.00540857
-0.334784
-0.653231
-0.875736
-0.979198
-1.0448
-0.985456
-0.872644
-0.750262
-0.640923
-0.560875
-0.481571
-0.453489
-0.48816
-0.546874
-0.680321
-0.736696
0.847471
0.822474
0.81339
0.731723
0.637733
0.514455
0.307726
0.0693518
-0.202263
-0.45855
-0.613746
-0.73194
-0.784815
-0.716717
-0.666633
-0.544544
-0.431409
-0.364209
-0.314069
-0.294157
-0.297243
-0.316709
-0.40471
-0.437643
0.943509
0.923925
0.891955
0.786436
0.692329
0.502992
0.298615
0.0831524
-0.159155
-0.355154
-0.499789
-0.612329
-0.61658
-0.56341
-0.512104
-0.387532
-0.306924
-0.223462
-0.200724
-0.171941
-0.160827
-0.161391
-0.213942
-0.22458
0.953435
0.98634
0.944559
0.847559
0.729663
0.484867
0.249366
0.0337063
-0.182708
-0.360797
-0.495465
-0.559555
-0.541969
-0.491937
-0.400335
-0.294325
-0.225733
-0.141228
-0.109622
-0.0804978
-0.0630982
-0.0498712
-0.0866793
-0.0897276
1.01129
1.02778
0.967378
0.907257
0.767086
0.482605
0.167569
-0.0615873
-0.254977
-0.423922
-0.536621
-0.579493
-0.528899
-0.453354
-0.353415
-0.264249
-0.161747
-0.106244
-0.055964
-0.00958477
0.0124907
0.0238223
-0.00428283
-0.00406216
1.11242
1.10017
1.05521
0.923591
0.738673
0.411042
0.0432344
-0.196063
-0.431794
-0.584286
-0.623619
-0.623934
-0.564151
-0.452756
-0.350128
-0.257914
-0.146393
-0.083277
-0.0114631
0.0261435
0.0529124
0.0610339
0.0471312
0.0481044
1.15726
1.15841
1.05126
0.840011
0.575618
0.229956
-0.162148
-0.459775
-0.671879
-0.807035
-0.824258
-0.77204
-0.673752
-0.521715
-0.378137
-0.262211
-0.156264
-0.0673398
-0.00269549
0.0375432
0.0646564
0.0753823
0.0739117
0.0771931
1.11442
1.15424
0.965446
0.720311
0.364864
-0.0499275
-0.449064
-0.810854
-1.0518
-1.1432
-1.10337
-1.00253
-0.858721
-0.661753
-0.448356
-0.305632
-0.195485
-0.0773676
-0.00851291
0.0350966
0.0609319
0.0789356
0.0840868
0.0883955
1.06853
1.07809
0.898173
0.581092
0.141588
-0.363258
-0.7924
-1.19798
-1.39923
-1.47553
-1.53205
-1.37728
-1.13524
-0.860796
-0.586032
-0.393959
-0.246583
-0.112758
-0.0331746
0.0243366
0.0585786
0.0794688
0.086332
0.091968
0.909975
0.959001
0.65553
0.313543
-0.183058
-0.654
-1.11598
-1.48542
-1.77343
-2.00601
-1.92743
-1.68993
-1.43177
-1.08543
-0.753823
-0.503013
-0.316237
-0.162213
-0.059971
0.0090708
0.0557408
0.0837865
0.0917798
0.101239
0.595206
0.64381
0.246401
-0.182116
-0.555923
-1.00397
-1.46918
-1.79878
-2.13311
-2.2726
-2.15302
-1.97893
-1.68103
-1.28397
-0.907608
-0.608028
-0.376832
-0.201427
-0.0819681
-0.000327451
0.0591048
0.0924617
0.102003
0.113435
0.0966952
0.0244915
-0.437647
-0.738536
-1.03546
-1.34211
-1.72803
-2.05748
-2.28718
-2.45398
-2.51622
-2.27322
-1.85689
-1.41012
-0.999918
-0.663645
-0.406479
-0.218067
-0.0843059
0.0113394
0.0754818
0.113061
0.124429
0.135039
-0.501836
-0.72915
-1.33025
-1.45577
-1.45985
-1.56343
-1.82632
-2.13017
-2.47367
-2.68466
-2.64339
-2.36859
-2.00341
-1.52206
-1.00324
-0.659656
-0.377375
-0.182532
-0.0491476
0.051286
0.113249
0.15283
0.160976
0.171885
-0.996039
-1.33233
-2.14032
-2.22101
-1.70826
-1.61498
-1.80716
-2.06712
-2.37368
-2.52059
-2.51761
-2.34524
-1.96998
-1.48152
-0.990521
-0.621775
-0.325515
-0.13418
-0.0110912
0.0844869
0.153362
-1.22889
-1.58892
-2.51346
-2.48977
-1.66746
-1.4262
-1.54884
-1.81431
-2.01397
-2.19747
-2.22343
-2.05033
-1.72247
-1.31244
-0.857844
-0.518019
-0.270062
-0.0708306
0.0658081
0.140407
0.205063
-1.20591
-1.49887
-2.09606
-1.95189
-1.17586
-0.905899
-0.894157
-1.27803
-1.56956
-1.69188
-1.75091
-1.63934
-1.39176
-1.06555
-0.708237
-0.417138
-0.165222
0.0229562
0.142297
0.231976
-0.971384
-1.13334
-1.33791
-0.997339
-0.480197
-0.347128
-0.288428
-0.485448
-0.956596
-1.2112
-1.28003
-1.23536
-1.07387
-0.834598
-0.560026
-0.303593
-0.561375
-0.418901
-0.611037
-0.288214
-0.172163
-0.787967
-0.0654321
0.0361729
-0.987949
0.132547
0.221213
-1.12615
0.301013
0.373786
-1.20243
0.445687
0.519718
-1.15393
0.593564
0.661427
-0.903596
0.722182
0.78433
-0.577714
0.856286
0.923547
-0.320963
0.979214
1.00422
-0.149075
0.998173
0.995581
-0.0415446
1.00346
1.01247
0.0258177
1.04537
1.09275
0.0652592
1.1167
1.12525
0.0845777
1.12192
1.09661
0.0904481
1.04733
0.978482
0.0955402
0.879974
0.745323
0.107373
0.570723
0.351486
0.122349
0.0946494
-0.184732
0.151144
-0.464697
-0.721086
0.196026
-0.933059
-1.08533
-1.16885
-1.19329
-1.15455
-1.06656
-0.945511
-0.809725
-1.58987
-1.60792
-1.56188
-1.56233
-1.42972
-1.26692
-1.30983
-1.36514
-1.1831
-1.21471
-1.12445
-1.06483
-1.09955
-1.11115
-0.955835
-1.00189
-1.01079
-0.859882
-0.905168
-0.998725
-0.926814
-1.00036
-0.803603
-0.654725
-0.687948
-0.71148
-0.58111
-0.618639
-0.858616
-0.793217
-0.89149
-0.514606
-0.386676
-0.405425
-0.457984
-0.340413
-0.359632
-0.736645
-0.726211
-0.848286
-0.269055
-0.158915
-0.165802
-0.227006
-0.118861
-0.142542
-0.780082
-0.855882
-0.925551
-0.0560808
0.0404338
0.0352714
-0.0228842
0.0653796
0.0476363
-0.929586
-1.00651
-1.03775
0.129579
0.214578
0.216408
0.14915
0.216639
0.210712
-1.07862
-1.13136
-1.13774
0.293098
0.365072
0.365833
0.295529
0.366815
0.364645
-1.17448
-1.23029
-1.18618
0.434972
0.503862
0.510536
0.43167
0.481077
0.494703
-1.25418
-1.20871
-1.08826
0.571789
0.638018
0.650916
0.542097
0.605279
0.628268
-1.0712
-0.910306
-0.832711
0.701885
0.762665
0.782965
0.666185
0.736238
0.759215
-0.736827
-0.578563
-0.533022
0.824288
0.882884
0.904621
0.805637
0.865489
0.878836
-0.435217
-0.322604
-0.300355
0.933289
0.975515
0.950829
0.914194
0.946471
0.959774
-0.224821
-0.154266
-0.145101
1.00196
1.02445
0.97435
0.975412
0.987044
1.00447
-0.0921881
-0.0450318
-0.0424716
1.04689
1.06628
1.0531
1.01028
1.04812
1.05978
-0.0041067
0.02644
0.025141
1.09246
1.11803
1.15482
1.08143
1.11446
1.14009
0.0503394
0.0658899
0.0635804
1.12367
1.13347
1.13764
1.14542
1.15912
1.18062
0.0778601
0.0840201
0.080876
1.17358
1.1737
1.08883
1.14725
1.09579
1.04202
0.0869264
0.0883869
0.0844415
1.11053
1.03372
1.01161
1.01968
0.987362
1.0863
0.090387
0.0933638
0.088565
0.930771
0.8051
0.77297
0.860666
0.815804
0.831429
0.097463
0.102698
0.0956155
0.633893
0.384707
0.368794
0.651665
0.34349
0.371461
0.109608
0.118791
0.11222
0.0788547
-0.260859
-0.201886
-0.0792222
-0.492242
-0.35565
0.131495
0.147598
0.141785
-0.591432
-0.888237
-0.773409
-0.912461
-1.28021
-1.05493
0.167617
0.190935
0.184175
-1.13078
-1.2983
-1.15236
-1.59798
-1.79362
-1.5123
-1.37989
-1.38681
-1.25053
-1.83863
-1.8354
-1.58973
-1.32367
-1.2018
-1.10709
-1.7006
-1.52485
-1.34855
-1.03368
-0.859491
-0.822859
-1.25612
-1.00868
-0.922935
-1.16017
-1.15593
-1.00205
-0.999178
-0.822511
-0.81907
-1.09036
-1.08619
-0.910452
-0.907411
-0.741679
-0.738585
-0.672963
-0.669864
-0.706552
-0.703229
-0.893298
-0.893461
-1.06007
-1.06032
-1.16451
-1.16456
-1.19636
-1.1947
-1.04181
-1.03984
-0.734008
-0.733474
-0.438295
-0.438325
-0.225508
-0.225665
-0.089485
-0.0895364
-0.00281695
-0.00300124
0.0496269
0.0494051
0.0784096
0.0781716
0.0893049
0.0891554
0.0922695
0.0923176
0.101266
0.101354
0.113643
0.113751
0.1348
0.135145
0.172038
0.172319
-0.649182
-0.647739
-0.795782
-0.796147
-0.98366
-0.983919
-1.11922
-1.1195
-1.19594
-1.19507
-1.14406
-1.14286
-0.897324
-0.896047
-0.577316
-0.577211
-0.321366
-0.321408
-0.149558
-0.149695
-0.0412593
-0.041374
0.0269359
0.0267241
0.0664735
0.0662363
0.0854663
0.0852643
0.0914061
0.0911611
0.0956006
0.095748
0.107352
0.10742
0.12217
0.122396
0.151322
0.151628
0.196284
0.196533
-1.46648
-1.46566
-1.16795
-1.16726
-0.860735
-0.85994
-1.61745
-1.31711
-1.31634
-1.01652
-1.01564
-0.706591
-0.706022
-0.558384
-0.557812
-0.286521
-0.286289
-0.063036
-0.0624271
0.134591
0.135026
0.302682
0.303036
0.448082
0.448678
0.595828
0.596063
0.723883
0.724065
0.851245
0.852295
0.96023
0.961981
0.98858
0.99142
1.01428
1.01272
1.06357
1.06167
1.1178
1.11765
1.11512
1.11526
1.04677
1.04606
0.877888
0.875609
0.566217
0.563804
0.0929587
0.0915244
-0.458973
-0.458577
-0.921014
-0.919132
-1.15775
-1.15567
-1.14631
-1.14386
-0.941902
-0.940716
-0.416794
-0.416389
-0.170025
-0.169678
0.038624
0.0392313
0.223063
0.223415
0.375753
0.376311
0.522308
0.522816
0.663404
0.663482
0.783308
0.784314
0.914423
0.915825
0.980139
0.983756
0.997333
0.997537
1.03473
1.0314
1.10118
1.09992
1.12246
1.12274
1.09136
1.09104
0.97958
0.976904
0.741644
0.739259
0.347739
0.345639
-0.183
-0.183565
-0.71184
-0.710612
-1.07226
-1.06995
-1.18611
-1.18341
-1.06021
-1.05841
-0.808423
-0.807694
0.354727
0.355493
0.370052
0.415517
0.20217
0.209703
0.222948
0.273622
0.278312
0.290267
0.254015
0.330215
0.365882
0.417623
0.39858
0.217859
0.249191
0.241507
0.286922
0.324011
0.313828
0.372516
0.372453
0.418483
0.418451
0.22355
0.223807
0.290726
0.290938
0.254742
0.25501
0.330761
0.330856
0.436267
0.448318
0.467254
0.297473
0.421761
0.49172
0.5411
0.547268
0.573779
-0.569127
-0.402441
-0.196712
0.0169544
0.179027
0.354987
0.498642
0.592075
0.64911
0.637492
0.646235
-0.557137
-0.412429
-0.221588
-0.0175373
0.182455
0.387092
0.536759
0.666532
0.724065
0.703787
0.684947
0.521652
0.612587
0.673549
0.704956
-0.663629
-0.45681
-0.236286
-0.00968157
0.157757
0.466547
0.515758
0.492844
0.564091
0.601614
0.592492
0.632561
0.656742
0.67591
0.681214
0.709572
0.734288
-0.675412
-0.709556
-0.623359
-0.307182
-0.0297154
0.0974686
0.0364873
-0.09449
-0.373149
-0.681881
-0.87938
-0.909597
-0.836109
-0.427456
-0.396548
-0.221427
0.0214566
0.170223
0.246175
0.195349
0.0337912
-0.158782
-0.378266
-0.554778
-0.668511
-0.261125
-0.218265
-0.0586209
0.126698
0.209633
0.246579
0.204013
0.0752253
-0.166443
-0.128334
-0.0118289
0.0861123
-0.673377
-0.546903
-0.436512
-0.34468
-0.271423
-0.215161
-0.17416
-0.146692
-0.675446
-0.0951052
-0.292179
-0.468485
-0.577566
-0.593052
0.151344
0.16822
0.126264
0.02301
-0.134544
-0.309896
-0.48326
-0.603704
-0.656754
-0.61469
-0.491469
-0.326339
-0.146293
0.126425
0.367531
0.550005
0.707048
0.768345
0.761077
0.737193
-0.126225
-0.0935849
-0.0495541
0.0175008
0.0529997
0.0542233
0.00680412
-0.0862378
-0.240045
-0.409166
-0.587719
-0.730096
-0.798614
-0.781466
-0.70296
-0.494507
-0.309023
-0.0476493
0.269096
0.521428
0.701099
0.78662
0.821872
0.808181
-0.122054
-0.108848
-0.0815555
-0.059229
-0.0529102
-0.0679409
-0.132163
-0.235299
-0.399069
-0.584237
-0.764908
-0.922986
-1.00067
-1.01448
-0.956014
-0.781843
-0.506035
-0.219433
0.104648
0.421545
0.645838
0.82149
0.858087
0.841174
-0.141379
-0.136466
-0.137439
-0.146714
-0.158581
-0.193429
-0.278777
-0.406152
-0.588563
-0.801207
-1.00828
-1.22223
-1.34955
-1.29868
-1.18946
-1.05646
-0.75626
-0.394244
-0.056001
0.265962
0.565071
0.774376
0.814033
0.81153
-0.170912
-0.175989
-0.20024
-0.229809
-0.259583
-0.314161
-0.417441
-0.582005
-0.798886
-1.0544
-1.31083
-1.55841
-1.68988
-1.65304
-1.55451
-1.36863
-1.0221
-0.628199
-0.249595
0.094109
0.404841
0.600072
0.739157
0.713735
-0.204933
-0.216538
-0.259734
-0.29649
-0.34585
-0.431631
-0.561142
-0.748147
-1.00416
-1.30537
-1.59872
-1.87127
-2.02182
-2.01589
-1.86204
-1.61302
-1.3079
-0.900121
-0.509432
-0.148583
0.10294
0.28926
0.489089
0.471212
-0.237487
-0.251302
-0.305219
-0.350765
-0.415097
-0.516536
-0.67798
-0.888293
-1.17125
-1.50997
-1.83388
-2.07478
-2.21326
-2.31339
-2.11775
-1.80424
-1.56368
-1.16502
-0.785755
-0.474431
-0.259132
-0.199982
0.0200652
0.0684314
-0.262044
-0.279548
-0.332472
-0.387113
-0.45861
-0.567305
-0.752298
-0.97973
-1.28754
-1.65329
-2.00036
-2.26612
-2.37129
-2.41651
-2.29593
-1.98678
-1.74214
-1.36323
-1.01581
-0.791566
-0.562951
-0.555705
-0.402727
-0.342871
-0.271848
-0.290001
-0.332655
-0.394356
-0.479294
-0.559921
-0.796444
-1.00008
-1.33556
-1.70907
-2.04431
-2.4519
-2.5668
-2.33937
-2.36831
-2.19021
-1.84032
-1.45463
-1.16873
-1.05203
-0.932511
-0.816381
-0.742968
-0.673693
-0.264009
-0.290689
-0.330537
-0.384197
-0.452306
-0.550062
-0.749967
-1.00187
-1.33735
-1.72333
-2.07058
-2.39726
-2.56654
-2.46533
-2.29475
-2.08754
-1.7904
-1.50158
-1.29088
-1.21598
-1.3042
-1.10464
-0.994959
-0.906244
-0.238436
-0.258199
-0.299493
-0.351752
-0.423589
-0.52837
-0.692164
-0.925558
-1.24964
-1.64506
-2.00432
-2.23133
-2.33878
-2.33425
-2.13286
-1.88185
-1.71587
-1.45861
-1.20138
-1.15621
-1.43995
-1.31148
-1.10376
-1.0155
-0.18637
-0.207266
-0.237945
-0.294909
-0.362515
-0.452841
-0.610207
-0.818005
-1.07712
-1.39814
-1.71841
-1.93266
-2.02116
-1.99908
-1.81565
-1.70886
-1.45366
-1.04611
-0.920162
-0.909062
-1.19347
-1.31475
-1.07759
-0.993048
-0.117821
-0.136962
-0.16995
-0.22138
-0.29286
-0.371823
-0.494979
-0.637984
-0.845529
-1.10082
-1.34597
-1.52117
-1.60497
-1.55714
-1.4875
-1.30257
-0.892523
-0.579932
-0.555146
-0.556916
-0.784388
-0.979896
-0.871298
-0.816614
-0.0437034
-0.06075
-0.0988547
-0.145776
-0.200096
-0.266896
-0.357428
-0.466585
-0.629649
-0.816036
-0.991241
-1.1136
-1.17813
-1.1378
-1.01758
-0.750361
-0.407817
-0.260003
-0.214767
-0.196073
-0.34087
-0.540654
-0.565743
-0.551694
0.0283757
0.0168297
-0.0190439
-0.0618925
-0.105668
-0.162669
-0.237544
-0.337179
-0.453186
-0.585891
-0.696856
-0.771771
-0.793384
-0.726433
-0.579357
-0.314345
-0.126941
-0.036194
0.0644379
0.0513849
-0.0314261
-0.195486
-0.273208
-0.29686
0.0911108
0.0828823
0.0473251
0.00826163
-0.0376556
-0.0900387
-0.146966
-0.214505
-0.291154
-0.389353
-0.457248
-0.47834
-0.450053
-0.409363
-0.254262
-0.0701794
0.0150324
0.148231
0.203189
0.19652
0.135946
-0.00193099
-0.0783821
-0.108857
0.135843
0.12897
0.0989645
0.0612009
0.0225016
-0.0210955
-0.0735256
-0.110969
-0.167023
-0.229848
-0.252431
-0.246843
-0.254965
-0.212139
-0.0558323
0.0279478
0.118515
0.220203
0.247684
0.251044
0.204213
0.090647
0.0325611
0.00542822
0.154677
0.148755
0.120122
0.0893864
0.064547
0.0322532
0.00149507
-0.0501696
-0.0978129
-0.114085
-0.129455
-0.161551
-0.148676
-0.0577359
0.020646
0.0697554
0.164291
0.224692
0.243731
0.231697
0.192409
0.125904
0.0930317
0.0675355
0.142924
0.141669
0.118075
0.101543
0.0802582
0.0417105
0.0274618
0.000536291
-0.0337958
-0.0622615
-0.0892895
-0.0979284
-0.0511974
-0.00186281
0.0448782
0.11894
0.165287
0.204972
0.223315
0.199676
0.163782
0.121687
0.103646
0.0892226
0.10938
0.113025
0.103131
0.0966212
0.0843703
0.0604641
0.020536
-0.00664974
-0.0210877
-0.029371
-0.0410682
-0.00757785
0.0125645
0.0194389
0.0641288
0.122432
0.149786
0.169305
0.166645
0.144485
0.117718
0.0928349
0.0939578
0.0803299
0.0592644
0.0624287
0.0595328
0.0663487
0.0622442
0.0555937
0.0511154
0.0287584
-0.000532588
-0.0270967
-0.0223313
-0.00829909
-0.0352789
0.00244906
0.0427447
0.07004
0.0982763
0.107706
0.108298
0.0913782
0.0718134
0.0678342
0.0568642
0.0503055
0.0122204
0.0096687
0.0100128
0.0110765
0.0162511
0.0133939
0.0197882
0.0227912
0.0243345
-0.0128146
-0.00576051
-0.0050693
-0.0256703
-0.00916335
0.00436881
0.00635595
0.0139082
0.0185997
0.0208729
0.0205098
0.0139228
0.0104468
0.00886262
0.0110444
0.774116
-0.131013
-0.124907
0.830605
-0.126338
-0.13197
0.84225
-0.142058
-0.156221
0.767778
-0.172217
-0.18886
0.619871
-0.205717
-0.222175
0.280818
-0.237292
-0.250233
-0.144645
-0.260337
-0.266812
-0.520067
-0.269436
-0.267543
-0.802583
-0.260857
-0.250221
-0.980048
-0.234271
-0.211304
-1.01937
-0.183088
-0.15079
-0.923301
-0.115937
-0.0793346
-0.690397
-0.0418102
-0.00492244
-0.418579
0.0313046
0.0645499
-0.192873
0.0943374
0.119495
-0.0437952
0.137257
0.14876
0.0419055
0.152632
0.149901
0.0832258
0.14109
0.127019
0.088399
0.108295
0.084548
0.0671177
0.0594458
0.0302959
0.0283257
0.0131553
0.0120872
0.0120865
0.0137252
0.0164641
0.0205432
0.0158699
0.0175714
0.0272034
-0.00680157
-0.00849913
0.0010782
-0.0101988
-0.0237028
-0.0101656
0.00926796
0.00336886
0.017169
0.0229739
0.0205966
0.0165201
0.0135037
0.0112768
0.0102588
-0.686516
-0.536455
-0.541683
-0.736802
-0.532558
-0.534642
-0.412927
-0.31582
-0.334149
-0.371334
-0.256145
-0.291219
-0.243009
-0.188975
-0.205927
-0.185158
-0.129286
-0.163698
-0.151764
-0.129
-0.140421
-0.0892616
-0.0693978
-0.109428
0.747169
0.790198
0.795411
-0.116426
-0.110633
-0.121589
-0.0741193
-0.072307
-0.0951824
0.832245
0.857425
0.833057
-0.113321
-0.123032
-0.130213
-0.0905148
-0.105259
-0.118854
0.864022
0.863356
0.850673
-0.13593
-0.152751
-0.154547
-0.128192
-0.152534
-0.155099
0.835857
0.768838
0.788779
-0.171046
-0.190479
-0.187828
-0.179605
-0.205146
-0.196066
0.714737
0.631009
0.675389
-0.209352
-0.226774
-0.221786
-0.230046
-0.249633
-0.234866
0.464911
0.266075
0.263296
-0.242839
-0.257201
-0.251166
-0.267637
-0.282725
-0.266741
0.0407214
-0.17386
-0.195602
-0.268713
-0.276214
-0.269134
-0.29591
-0.30484
-0.287512
-0.367137
-0.533932
-0.579437
-0.279406
-0.279069
-0.270702
-0.305998
-0.309517
-0.291611
-0.685681
-0.811959
-0.880898
-0.274264
-0.263749
-0.253538
-0.311257
-0.302326
-0.279208
-0.92741
-1.01194
-1.07341
-0.246344
-0.223856
-0.215465
-0.281894
-0.257995
-0.237092
-1.07461
-1.08342
-1.12696
-0.194123
-0.159966
-0.15321
-0.225946
-0.191827
-0.173425
-1.04599
-0.973891
-0.994587
-0.123465
-0.0858631
-0.0810627
-0.154815
-0.119301
-0.0995468
-0.84727
-0.71349
-0.733182
-0.0475698
-0.00947902
-0.00723291
-0.0806043
-0.0412931
-0.0204008
-0.558705
-0.419617
-0.41811
0.0269528
0.0606266
0.0611299
-0.00173725
0.0329885
0.0525071
-0.290273
-0.18453
-0.164268
0.0903709
0.116492
0.116845
0.0650168
0.0907147
0.10925
-0.09975
-0.0343405
-0.0122803
0.135003
0.145593
0.149387
0.116723
0.133833
0.143611
0.0132823
0.0483225
0.0681506
0.150979
0.15021
0.152382
0.144247
0.143431
0.148259
0.0726676
0.0861185
0.106108
0.143961
0.13089
0.12823
0.138103
0.128545
0.129577
0.0945384
0.0943202
0.105823
0.111206
0.0862978
0.0855555
0.112805
0.0946166
0.0903067
0.0841209
0.0692319
0.0796776
0.0593023
0.0329665
0.0266429
0.0709724
0.0407746
0.033827
0.0677172
0.0395882
0.0332585
0.0592054
0.0395505
0.0347944
0.0560328
0.0206986
0.0329835
0.055232
0.0380585
0.0247672
0.03152
0.0275882
0.0454491
0.0194196
0.0511094
0.0363858
-0.0114524
-0.00201634
0.0412473
-0.0226989
-0.0305825
-0.0312628
-0.0330696
-0.0124486
-0.0306369
-0.0351222
-0.0542132
-0.0152246
-0.00972599
-0.0293474
-0.053107
0.0157939
-0.00114676
-0.00468935
0.0554968
0.0361996
0.0276239
0.0935417
0.0456205
0.0332455
0.101484
0.0631122
0.0567198
0.117114
0.0725507
0.0645024
0.0977283
0.0632947
0.0666722
0.088088
0.0542389
0.0603533
0.0725228
0.0452178
0.0460976
0.0593103
0.0385623
0.0434195
0.0526578
0.0300708
0.0327783
0.468526
0.468535
0.56644
0.567142
0.632283
0.63505
0.685228
0.685491
0.519366
0.519702
0.602896
0.604301
0.663321
0.664809
0.71037
0.709972
0.741676
0.741476
0.812027
0.811264
0.842225
0.842049
0.809422
0.809228
0.709423
0.706932
0.467817
0.465265
0.0722068
0.0710219
-0.334822
-0.335155
-0.665869
-0.66566
-0.899905
-0.898989
-1.01125
-1.00999
-0.987078
-0.985169
-0.812054
-0.810806
-0.550921
-0.550493
-0.299075
-0.299119
-0.11209
-0.112275
0.00286143
0.00275323
0.0658569
0.0657681
0.0883445
0.0882351
0.0798592
0.0798049
0.0502142
0.050325
0.0109737
0.0111061
0.77835
0.777946
0.833499
0.832994
0.838953
0.838231
0.766896
0.766545
0.61406
0.611232
0.281201
0.279256
-0.137893
-0.138555
-0.511577
-0.511753
-0.795918
-0.795324
-0.973509
-0.972329
-1.01921
-1.01704
-0.917589
-0.915873
-0.687029
-0.68613
-0.419218
-0.419067
-0.195763
-0.195924
-0.0467503
-0.0468866
0.0396697
0.0396171
0.0819796
0.0818519
0.0875854
0.0875016
0.0668377
0.0669213
0.0291659
0.0293088
-0.673774
-0.6735
-0.438433
-0.438699
-0.27351
-0.273872
-0.176029
-0.176371
-0.548331
-0.548427
-0.34681
-0.347156
-0.217138
-0.217492
-0.148418
-0.148742
-0.132484
-0.132777
-0.1265
-0.126742
-0.142044
-0.142387
-0.171309
-0.171612
-0.204741
-0.204973
-0.236238
-0.236352
-0.259167
-0.259186
-0.268328
-0.268242
-0.260247
-0.260098
-0.233423
-0.233056
-0.182455
-0.182152
-0.115336
-0.115085
-0.0413443
-0.0411329
0.0312745
0.0314604
0.0938169
0.0939358
0.136594
0.136595
0.152019
0.151963
0.140578
0.140528
0.107767
0.107756
0.0596765
0.0599989
0.0111539
0.0110306
-0.126029
-0.126285
-0.132219
-0.132508
-0.155605
-0.155937
-0.187897
-0.188169
-0.221159
-0.221333
-0.249127
-0.249192
-0.265675
-0.265651
-0.266632
-0.266502
-0.249549
-0.249332
-0.210591
-0.210251
-0.150202
-0.149926
-0.0787503
-0.0785071
-0.0046041
-0.00438955
0.0642375
0.0644033
0.118742
0.118761
0.14807
0.148021
0.14934
0.149293
0.126421
0.126395
0.0842352
0.0842289
0.0328106
0.0328074
)
;

boundaryField
{
    inlet
    {
        type            zeroGradient;
    }
    outlet
    {
        type            fixedValue;
        value           uniform 0;
    }
    wall
    {
        type            zeroGradient;
    }
    empty_zmin
    {
        type            empty;
    }
    empty_zmax
    {
        type            empty;
    }
    procBoundary1to0
    {
        type            processor;
        value           nonuniform List<scalar> 
35
(
-1.13716
-1.13673
-1.16934
-1.14781
-1.14544
-1.14544
-1.16296
-1.22295
-1.18221
-2.49499
-3.14543
-3.81522
-3.75948
-3.28145
-2.63427
-1.90495
-1.53736
-1.17079
-1.00723
-0.930029
-1.22396
-1.22338
-1.76073
-1.74327
-1.69562
-1.69562
-1.7117
-1.94149
-2.22001
-1.7637
-1.75569
-1.75846
-1.77271
-1.61633
-1.61633
)
;
    }
}


// ************************************************************************* //
