/*--------------------------------*- C++ -*----------------------------------*\
| =========                 |                                                 |
| \\      /  F ield         | OpenFOAM: The Open Source CFD Toolbox           |
|  \\    /   O peration     | Version:  2406                                  |
|   \\  /    A nd           | Website:  www.openfoam.com                      |
|    \\/     M anipulation  |                                                 |
\*---------------------------------------------------------------------------*/
FoamFile
{
    version     2.0;
    format      ascii;
    arch        "LSB;label=32;scalar=64";
    class       volVectorField;
    location    "1.5";
    object      U;
}
// * * * * * * * * * * * * * * * * * * * * * * * * * * * * * * * * * * * * * //

dimensions      [0 1 -1 0 0 0 0];

internalField   nonuniform List<vector> 
2367
(
(1.40163 -0.066248 -4.41285e-24)
(1.25959 0.0143074 6.28599e-23)
(1.30431 -0.00332244 0)
(1.37048 -0.0688248 4.68675e-25)
(1.39226 -0.0486918 -4.74179e-25)
(2.69077 -0.0533627 -2.66407e-24)
(3.35569 -0.0321135 0)
(3.41693 -0.0414577 -1.76559e-21)
(0.107701 -0.00282146 0)
(-0.141929 -0.0065418 0)
(1.43218 -0.146671 -8.22126e-26)
(2.0198 0.179798 1.95913e-21)
(2.93154 0.463076 4.79219e-24)
(2.89343 0.656449 5.40668e-21)
(2.79276 0.925217 -6.0608e-21)
(2.88273 0.991013 -4.14687e-21)
(2.74493 1.55157 0)
(2.6097 1.75011 5.44069e-21)
(2.25165 1.9449 -3.25539e-20)
(1.70461 2.10351 -1.72015e-20)
(1.11974 2.05573 1.52077e-20)
(0.378977 1.93506 -1.61274e-21)
(-0.0737002 1.61973 1.99799e-21)
(-0.370056 1.4056 0)
(-0.253106 1.15787 0)
(0.503362 0.703419 0)
(0.889481 0.471104 0)
(2.06494 0.281192 -7.83256e-22)
(3.10394 0.47139 2.75357e-22)
(3.30296 0.256052 -1.71141e-22)
(3.37345 0.195899 -2.50414e-22)
(3.42254 0.0478634 -3.55018e-23)
(3.44293 0.0247902 0)
(3.4354 -0.0125702 0)
(2.65882 -0.0453597 -2.84397e-24)
(1.74877 0.135541 -6.919e-22)
(2.72555 0.385953 -1.92544e-21)
(2.66943 0.605175 4.7879e-21)
(2.5843 0.834664 -4.73628e-21)
(2.56144 0.977738 0)
(2.43455 1.36608 -4.29219e-21)
(2.18227 1.74007 1.79359e-20)
(1.96943 1.97167 1.00452e-21)
(1.59154 2.15964 2.0053e-20)
(1.18765 2.22843 -1.10627e-20)
(0.60441 2.17556 0)
(0.180686 1.96105 -2.95471e-22)
(-0.132223 1.80979 2.3156e-22)
(0.0688096 1.50131 0)
(0.81442 1.01036 0)
(1.18911 0.792449 1.17354e-21)
(2.08315 0.402979 1.43216e-21)
(3.17244 0.52323 -1.39112e-22)
(3.46431 0.251015 -2.52389e-22)
(3.51675 0.152315 2.49768e-22)
(3.52133 0.0351882 1.97394e-23)
(3.4863 0.0197202 3.28586e-22)
(3.46676 -0.0113512 -6.40049e-22)
(2.61517 -0.0244068 -3.8394e-22)
(1.60317 0.0629056 7.56579e-22)
(2.49281 0.27758 1.11121e-21)
(2.45564 0.519291 4.8407e-22)
(2.36602 0.743055 1.85271e-21)
(2.22056 1.04303 -1.83943e-21)
(2.14786 1.20457 2.63812e-21)
(1.93889 1.51722 0)
(1.6144 1.80989 -5.15306e-21)
(1.37409 2.00766 0)
(1.07009 2.14838 -4.86276e-21)
(0.721067 2.18047 4.02188e-21)
(0.31599 2.16387 5.74139e-22)
(0.0924313 2.08783 1.30225e-23)
(0.430927 1.73498 -1.52712e-21)
(1.12189 1.25602 0)
(1.51871 1.02816 -1.17208e-21)
(2.2577 0.466064 -6.81288e-22)
(3.35949 0.408249 0)
(3.63541 0.160989 -2.61818e-22)
(3.61986 0.117399 1.21507e-21)
(3.56806 0.0131317 6.09213e-22)
(3.51432 0.0332916 -1.21937e-21)
(3.48523 -0.0231349 -7.02459e-23)
(2.55304 -0.0197572 -2.31396e-24)
(0.81552 0.00369868 0)
(0.703388 -0.0086083 -1.71227e-21)
(0.608353 -0.0124996 8.06489e-22)
(2.64331 -0.0371904 -5.48861e-23)
(0.500935 -0.0116495 6.68158e-22)
(0.434097 -0.0211391 9.18803e-23)
(2.59344 -0.0252699 2.10874e-23)
(0.403391 -0.0397921 -5.85927e-22)
(0.403426 -0.0566695 -7.81783e-23)
(2.52552 -0.0296981 -1.863e-23)
(1.49616 -0.0277296 8.08235e-22)
(2.26151 0.166272 -2.21153e-22)
(2.18077 0.403297 -3.74259e-22)
(2.09301 0.677522 1.19064e-21)
(2.04433 0.860019 0)
(1.91859 1.05443 8.82456e-22)
(1.68235 1.37731 -9.94068e-22)
(1.39626 1.58906 5.69712e-21)
(1.22094 1.75502 0)
(1.03014 1.94952 2.5944e-22)
(0.513919 2.20931 5.4185e-22)
(0.357582 2.23183 9.19555e-24)
(0.291357 2.19701 -2.35496e-22)
(0.919752 1.6555 -5.34529e-22)
(1.41357 1.34625 -1.22187e-21)
(1.9578 1.08299 3.83397e-21)
(2.61968 0.522376 -3.56022e-22)
(3.50385 0.47237 0)
(3.72164 0.216335 -1.67217e-21)
(3.68605 0.178255 8.16556e-22)
(3.60777 0.0207807 0)
(3.56651 -0.00809631 -2.74682e-22)
(3.51436 -0.0683481 1.29903e-22)
(2.4658 -0.0382737 -2.45929e-22)
(1.44797 -0.0725905 7.39645e-23)
(2.03644 0.0892443 7.20249e-22)
(1.95258 0.334644 -2.79864e-22)
(1.91335 0.475478 -5.45285e-22)
(1.80517 0.694768 0)
(1.60144 1.02442 0)
(1.55932 1.06838 -7.74915e-22)
(1.11438 1.4611 2.00833e-22)
(0.978018 1.62414 0)
(0.692163 1.95225 -4.83543e-22)
(0.409365 2.18614 -2.8439e-21)
(0.361794 2.1826 -1.34902e-21)
(0.58262 1.98945 0)
(1.32027 1.39341 4.56952e-21)
(1.70292 1.24623 1.04561e-21)
(2.31134 0.997647 -2.61419e-21)
(2.88778 0.559774 0)
(3.70644 0.505162 0)
(3.87308 0.16886 9.68689e-22)
(3.83169 0.0918592 -3.23889e-22)
(3.71542 -0.0665717 -3.00032e-22)
(3.64768 -0.150568 5.84929e-22)
(3.52188 -0.168023 -4.01695e-22)
(2.29823 -0.0572127 -8.55325e-23)
(1.41495 -0.0854458 0)
(1.83915 0.0619254 0)
(1.79996 0.289206 -1.12774e-22)
(1.70558 0.356269 -1.25567e-22)
(1.51784 0.63413 0)
(1.50099 0.723176 0)
(1.21385 0.980532 1.4587e-22)
(0.863273 1.31608 -4.53796e-22)
(0.638304 1.57426 9.54538e-23)
(0.406671 1.86281 9.59016e-22)
(0.376292 1.90616 5.63705e-21)
(0.562702 1.77951 2.74791e-21)
(1.11686 1.34137 -5.80609e-21)
(1.51522 1.08611 -2.9783e-21)
(2.0137 0.848378 3.26008e-22)
(2.57484 0.692524 4.49103e-23)
(3.25477 0.258381 0)
(4.00788 0.0649133 -1.00419e-21)
(4.08993 -0.220456 0)
(3.93759 -0.229553 -4.67271e-22)
(3.81667 -0.305432 4.43973e-22)
(3.68912 -0.307438 2.1423e-22)
(3.51904 -0.29971 9.12805e-23)
(1.87204 -0.104657 0)
(1.3898 -0.0730601 1.22597e-23)
(1.66926 0.0313421 -7.08312e-24)
(1.64095 0.233739 1.29898e-22)
(1.54339 0.35118 1.20934e-22)
(1.44513 0.445603 0)
(1.35548 0.481893 0)
(0.772764 0.961096 7.95179e-23)
(0.555499 1.17228 1.22253e-22)
(0.37342 1.38449 -4.52217e-23)
(0.374179 1.41059 -7.33907e-22)
(0.55529 1.31523 1.70295e-22)
(0.924679 1.05898 -1.39341e-21)
(1.3521 0.757235 1.94188e-21)
(1.74546 0.665643 1.13116e-21)
(2.24429 0.332266 -8.63352e-22)
(2.87701 0.175896 0)
(3.69566 -0.351926 1.26807e-21)
(4.13831 -0.533148 4.52292e-23)
(4.12957 -0.522244 -5.59297e-23)
(3.93544 -0.431571 6.6266e-22)
(3.82597 -0.465133 -4.64004e-22)
(3.68753 -0.425339 -1.62223e-22)
(3.50339 -0.420217 -7.58994e-23)
(1.35652 -0.126199 0)
(1.36632 -0.0644281 1.59564e-24)
(1.56368 0.0140357 1.63085e-23)
(1.48912 0.14891 -9.08302e-24)
(1.4798 0.278966 0)
(1.41794 0.271561 0)
(0.988991 0.485296 1.02281e-22)
(0.527825 0.782548 0)
(0.395291 0.863028 -4.41586e-22)
(0.385858 0.884825 -3.61996e-22)
(0.500056 0.763755 -3.81232e-23)
(0.753031 0.636368 4.75681e-22)
(1.13525 0.419242 5.10195e-23)
(1.51631 0.330214 -1.11534e-22)
(1.95281 0.142838 1.11533e-22)
(2.51981 -0.156816 1.0643e-21)
(3.31737 -0.54502 -2.08438e-22)
(3.87693 -0.865327 -1.27636e-21)
(4.11304 -0.725369 9.85939e-22)
(4.08219 -0.624099 -7.7665e-22)
(3.89657 -0.516429 -6.18596e-22)
(3.81032 -0.510808 2.6352e-22)
(3.68045 -0.455094 1.76065e-23)
(3.43431 -0.46152 -8.2683e-23)
(0.937959 -0.0674401 1.72557e-23)
(1.35867 -0.0612506 0)
(1.47714 -0.0364247 -1.97255e-25)
(1.39862 0.0232899 2.246e-23)
(1.42571 0.101083 0)
(1.27569 0.1999 2.26311e-24)
(0.736069 0.460191 -1.02488e-22)
(0.48968 0.498729 2.34445e-22)
(0.45034 0.416604 5.2412e-22)
(0.488418 0.31657 2.91519e-22)
(0.629779 0.187312 -4.17014e-22)
(0.907808 0.0551683 -2.1019e-22)
(1.28344 -0.0921767 -1.245e-22)
(1.71991 -0.281448 4.35e-22)
(2.31673 -0.579089 -2.23914e-22)
(2.95237 -0.917295 0)
(3.51054 -1.13922 -8.66393e-23)
(3.84497 -1.02071 7.85116e-23)
(4.00443 -0.889029 2.63217e-23)
(3.90994 -0.743411 1.13678e-21)
(3.80672 -0.562366 9.58013e-24)
(3.76561 -0.5543 -1.33344e-23)
(3.66259 -0.462342 4.35851e-24)
(3.30375 -0.441134 8.95805e-23)
(0.661562 -0.0424272 0)
(1.37877 -0.0543002 -1.52413e-24)
(1.4534 -0.066712 4.00528e-24)
(1.37244 -0.0745764 -5.50196e-23)
(1.32366 -0.0694636 0)
(1.05517 0.111634 -2.26992e-24)
(0.669837 0.181567 0)
(0.550452 0.101613 -2.32611e-22)
(0.561953 0.0303762 -2.66798e-22)
(0.627638 -0.16426 7.00957e-23)
(0.797509 -0.370549 2.27591e-22)
(1.11415 -0.586216 0)
(1.5665 -0.837979 -1.63266e-22)
(2.04638 -1.09641 1.91727e-22)
(2.59783 -1.31292 0)
(3.06581 -1.42335 -6.67021e-22)
(3.46169 -1.35443 0)
(3.70485 -1.17953 0)
(3.76313 -1.04174 0)
(3.71266 -0.810135 -3.40722e-22)
(3.70609 -0.60285 -1.96912e-23)
(3.6917 -0.526561 -5.76027e-22)
(3.60768 -0.443869 4.60601e-24)
(3.12004 -0.373337 -4.4222e-23)
(0.453925 -0.085719 -1.11459e-23)
(1.41535 -0.0624262 -5.21026e-24)
(1.46697 -0.0835659 1.11918e-23)
(1.38247 -0.110572 6.10799e-23)
(1.23461 -0.144197 1.61687e-24)
(0.97395 0.00633607 -2.61407e-23)
(0.73342 -0.000317006 4.27509e-26)
(0.69696 -0.214612 6.61443e-23)
(0.757203 -0.406691 1.96548e-22)
(0.874501 -0.709889 -2.56211e-22)
(1.08749 -0.930105 -2.29551e-22)
(1.37544 -1.22052 0)
(1.79915 -1.40153 2.98824e-23)
(2.20322 -1.54232 1.42337e-22)
(2.61977 -1.63578 0)
(3.01933 -1.5724 6.38155e-22)
(3.31557 -1.46782 -5.14856e-23)
(3.45112 -1.27219 3.55703e-22)
(3.54793 -1.00979 2.92284e-22)
(3.52116 -0.80753 8.46808e-24)
(3.55885 -0.587245 -8.5457e-24)
(3.56583 -0.467677 2.7792e-22)
(3.49299 -0.27013 0)
(2.91849 -0.20117 4.56108e-23)
(0.245612 -0.0608838 1.20199e-23)
(1.46657 -0.0644231 0)
(1.49129 -0.100953 -1.813e-23)
(1.4175 -0.0899886 -2.52608e-23)
(1.19999 -0.185292 -1.81616e-24)
(0.988399 -0.0793096 -2.20232e-23)
(0.895192 -0.336773 -2.44549e-24)
(0.924917 -0.602337 -3.27084e-23)
(0.99941 -0.789057 -2.22552e-23)
(1.13198 -1.05862 2.80258e-22)
(1.32152 -1.25209 0)
(1.55512 -1.47574 5.44836e-23)
(1.90809 -1.61584 2.99465e-24)
(2.25221 -1.66167 -2.62247e-22)
(2.5968 -1.69589 3.54919e-24)
(2.90934 -1.60168 5.40413e-23)
(3.09154 -1.41247 -1.94972e-23)
(3.18225 -1.29452 -5.5443e-22)
(3.32687 -0.858269 -2.75076e-22)
(3.29715 -0.79401 8.88647e-23)
(3.36948 -0.483812 0)
(3.38039 -0.403846 -9.15117e-23)
(3.29775 -0.105832 2.11927e-24)
(2.72226 0.0215917 -1.53132e-22)
(0.248969 0.0348065 0)
(1.52602 -0.0200013 -3.00727e-24)
(1.5476 -0.0778512 4.34298e-23)
(1.42401 -0.11108 4.9936e-23)
(1.21581 -0.187588 0)
(1.11184 -0.171327 4.67683e-23)
(1.18777 -0.514954 0)
(1.19389 -0.699834 -3.7594e-23)
(1.22461 -0.994782 3.77864e-23)
(1.34593 -1.20038 0)
(1.51072 -1.38475 3.31789e-23)
(1.71011 -1.53353 -3.32009e-23)
(1.98526 -1.64871 3.66726e-23)
(2.26712 -1.64807 3.05249e-23)
(2.5185 -1.67243 0)
(2.74801 -1.46273 -1.11874e-22)
(2.87732 -1.31602 -2.7187e-24)
(2.98427 -1.11272 2.32509e-22)
(3.06394 -0.882909 0)
(3.0913 -0.717837 -1.46275e-22)
(3.14092 -0.490164 5.55981e-23)
(3.15344 -0.323622 1.59428e-22)
(3.02344 -0.0277873 -5.00564e-23)
(2.49854 0.126284 1.34834e-22)
(0.404552 0.0862688 1.19632e-23)
(1.57939 -0.0409532 -2.89288e-24)
(1.6113 -0.111426 4.32813e-23)
(1.44187 -0.169066 -5.16057e-23)
(1.29471 -0.231539 5.44041e-23)
(1.32408 -0.381054 0)
(1.41299 -0.676276 2.04011e-24)
(1.40076 -0.838723 -3.12213e-24)
(1.41566 -1.11286 -4.04561e-23)
(1.52333 -1.23808 9.77746e-24)
(1.67643 -1.40438 -2.39543e-23)
(1.83727 -1.47697 5.21929e-23)
(2.0195 -1.61037 -2.67789e-23)
(2.26769 -1.53723 -9.89058e-23)
(2.37472 -1.54308 0)
(2.59645 -1.33512 1.41583e-22)
(2.68576 -1.23572 -1.2476e-23)
(2.79224 -1.01491 0)
(2.85879 -0.835814 -3.38271e-24)
(2.90226 -0.648426 6.84798e-23)
(2.93917 -0.48719 -1.02507e-22)
(2.91458 -0.292439 -6.42455e-23)
(2.76609 -0.00597066 -1.55621e-23)
(2.31208 0.145801 4.25313e-23)
(0.603943 0.0816921 -7.75338e-24)
(1.7032 0.00933919 1.33356e-23)
(1.69607 -0.116032 0)
(1.50249 -0.268282 3.19224e-23)
(1.44055 -0.318353 -2.19848e-23)
(1.51853 -0.497913 -2.462e-24)
(1.65194 -0.646928 2.4636e-24)
(1.631 -0.827093 0)
(1.63968 -1.05477 0)
(1.69997 -1.18674 0)
(1.75688 -1.41325 0)
(1.90023 -1.40621 -6.96608e-24)
(2.0342 -1.51378 -1.09548e-23)
(2.21811 -1.3623 3.69264e-23)
(2.2954 -1.38744 -2.84909e-23)
(2.44895 -1.21422 9.21989e-24)
(2.52796 -1.0944 -1.50556e-24)
(2.60163 -0.947623 -7.72681e-24)
(2.68874 -0.733266 0)
(2.72561 -0.649271 9.81708e-25)
(2.76568 -0.398091 2.67833e-23)
(2.70916 -0.287516 -1.02809e-23)
(2.54489 -0.00111854 -1.36793e-23)
(2.16016 0.120599 2.20446e-23)
(0.78661 0.0647323 0)
(1.83298 0.0717292 -9.66668e-24)
(1.84387 -0.0906214 4.89803e-23)
(1.63306 -0.351569 1.03202e-24)
(1.54688 -0.366447 -2.89834e-23)
(1.63708 -0.608756 0)
(1.81273 -0.666254 0)
(1.80228 -0.858996 7.97576e-25)
(1.77453 -1.07218 1.86816e-24)
(1.82945 -1.16001 0)
(1.9021 -1.24463 6.91728e-24)
(1.9493 -1.31309 1.74819e-23)
(2.03105 -1.34638 -2.7505e-25)
(2.13878 -1.27611 -2.99115e-23)
(2.22536 -1.23889 3.15733e-23)
(2.32015 -1.11572 1.2226e-24)
(2.38338 -1.01195 4.27363e-24)
(2.46512 -0.853144 4.9951e-24)
(2.51997 -0.73708 -6.40298e-25)
(2.57033 -0.574982 -1.44146e-24)
(2.5803 -0.383663 1.19372e-23)
(2.52208 -0.238046 1.04971e-23)
(2.36319 -0.00756438 1.42341e-24)
(2.04491 0.0818268 1.867e-23)
(0.930517 0.0494293 -4.3085e-25)
(1.88993 0.0608235 0)
(2.01846 -0.133022 2.11337e-23)
(1.77786 -0.280541 4.1957e-23)
(1.68096 -0.397909 -2.05502e-23)
(1.75886 -0.686985 -3.26158e-23)
(1.93509 -0.761147 1.77493e-24)
(1.97626 -0.849848 7.30382e-24)
(1.93181 -1.02116 -4.70504e-24)
(1.95901 -1.07459 2.04005e-24)
(1.95089 -1.2211 0)
(1.99104 -1.249 -1.48354e-23)
(2.03394 -1.25188 8.17317e-24)
(2.08011 -1.22729 8.78117e-24)
(2.15215 -1.16212 1.4324e-23)
(2.22085 -1.07134 -1.23362e-23)
(2.25813 -1.00564 0)
(2.32634 -0.851438 0)
(2.38174 -0.71801 -8.14569e-24)
(2.39896 -0.538058 0)
(2.39915 -0.395949 -6.79549e-26)
(2.33274 -0.183871 6.79088e-26)
(2.22233 -0.0368875 1.16488e-25)
(1.96156 0.0662711 0)
(1.04229 0.0393036 0)
(1.89373 0.0583237 -8.25106e-24)
(2.15535 -0.061159 0)
(1.89896 -0.171699 -1.39916e-24)
(1.92035 -0.439494 2.20407e-23)
(1.9414 -0.722933 3.09667e-23)
(2.03577 -0.892485 1.17777e-23)
(2.09559 -0.923736 -9.2972e-24)
(2.03106 -1.09208 1.52114e-24)
(2.00064 -1.19309 -1.24184e-24)
(2.02981 -1.2025 0)
(2.01191 -1.23806 -3.79005e-24)
(2.0338 -1.23483 -1.32533e-25)
(2.04923 -1.18375 3.58199e-24)
(2.0667 -1.1466 -1.08875e-23)
(2.12497 -1.05181 2.40105e-23)
(2.17658 -0.925386 1.89737e-24)
(2.16986 -0.845253 4.9845e-24)
(2.21971 -0.683751 3.58578e-24)
(2.23452 -0.523963 0)
(2.22424 -0.370537 1.09581e-25)
(2.16405 -0.187936 -4.56672e-25)
(2.09257 -0.0615078 2.10623e-25)
(1.88648 0.0583634 0)
(1.13196 0.030787 1.299e-25)
(1.77745 0.00531146 1.47766e-23)
(2.2578 -0.0327391 4.04592e-23)
(2.07167 -0.24237 0)
(2.20631 -0.527354 0)
(2.19047 -0.733021 0)
(2.14871 -1.05254 -1.56426e-23)
(2.19797 -1.07809 7.77718e-25)
(2.14621 -1.20238 0)
(2.05197 -1.36063 0)
(2.05329 -1.29639 -4.25337e-24)
(1.98719 -1.34915 1.58734e-24)
(2.01007 -1.26922 4.36648e-25)
(1.97801 -1.22879 0)
(1.98223 -1.10705 -6.80984e-24)
(1.99992 -1.04135 -5.71289e-24)
(2.07225 -0.870737 -1.80771e-24)
(2.05602 -0.781853 -3.90574e-24)
(2.05772 -0.634562 3.42541e-24)
(2.07435 -0.492234 0)
(2.06611 -0.3248 -9.3042e-26)
(2.02285 -0.198821 4.79626e-25)
(1.96122 -0.0581382 1.4266e-24)
(1.81252 0.0304951 0)
(1.20085 0.0189861 -4.11328e-25)
(1.61381 -0.0684274 0)
(2.43839 -0.0399726 -2.89175e-23)
(2.33617 -0.360251 -5.74324e-23)
(2.42825 -0.581644 -3.49139e-25)
(2.42892 -0.733992 -1.61514e-24)
(2.34232 -1.03923 5.97967e-24)
(2.30315 -1.17648 4.28961e-25)
(2.2691 -1.27151 2.93738e-24)
(2.11672 -1.45557 -2.97425e-24)
(2.04859 -1.41119 -6.29083e-25)
(1.9588 -1.43249 7.26039e-24)
(1.93523 -1.3604 -3.01328e-25)
(1.89038 -1.25945 3.31881e-25)
(1.85517 -1.12433 0)
(1.85317 -1.02894 -3.41364e-24)
(1.91135 -0.854485 -2.78329e-24)
(1.93954 -0.674688 5.91307e-25)
(1.91474 -0.561255 -5.65449e-25)
(1.92935 -0.425281 0)
(1.93109 -0.276496 0)
(1.89884 -0.172022 0)
(1.85456 -0.0431666 0)
(1.74716 0.00383835 0)
(1.24744 0.00823955 -4.13286e-25)
(1.52119 -0.0745877 -8.17317e-24)
(2.58474 0.151039 -1.10436e-25)
(2.71089 -0.220605 6.69015e-24)
(2.59667 -0.352812 -7.88725e-25)
(2.644 -0.644164 1.71733e-24)
(2.60185 -0.850831 -5.82561e-25)
(2.47125 -1.11878 0)
(2.39726 -1.29149 9.6976e-24)
(2.20314 -1.42633 -9.17051e-27)
(2.00385 -1.49724 -1.74609e-25)
(1.94116 -1.44888 3.84204e-24)
(1.83465 -1.43596 0)
(1.76126 -1.25533 3.06168e-24)
(1.7164 -1.16135 0)
(1.69861 -1.01431 0)
(1.72554 -0.878983 5.18692e-24)
(1.78436 -0.65151 -3.59447e-24)
(1.76676 -0.546511 3.15881e-25)
(1.7945 -0.383858 3.68451e-25)
(1.80768 -0.24278 0)
(1.79347 -0.14441 7.69101e-26)
(1.78165 -0.0435258 -1.47871e-24)
(1.7002 -0.00806834 -4.13595e-26)
(1.26915 0.000835256 0)
(1.49924 0.00284484 0)
(2.49225 0.21161 -2.7868e-23)
(3.00402 0.270823 -1.9842e-23)
(2.821 -0.0445022 -1.98762e-23)
(2.88869 -0.425101 0)
(2.85154 -0.615372 0)
(2.7015 -0.850283 1.16102e-24)
(2.57251 -1.03653 -1.09997e-23)
(2.38897 -1.09298 3.34875e-23)
(2.1205 -1.26698 1.86348e-23)
(1.89659 -1.45922 6.68333e-24)
(1.75289 -1.36025 1.26896e-24)
(1.61349 -1.26148 -1.03551e-23)
(1.58378 -1.12429 4.18868e-24)
(1.53842 -0.990915 2.66132e-23)
(1.55181 -0.850242 -6.97331e-24)
(1.60124 -0.637416 -7.71508e-24)
(1.61445 -0.524019 5.29077e-25)
(1.6548 -0.379643 -5.32441e-25)
(1.685 -0.236736 1.85638e-26)
(1.70403 -0.151962 -9.53355e-26)
(1.71662 -0.0676088 -7.76703e-25)
(1.66189 -0.0176849 2.94728e-24)
(1.27129 -0.00297143 0)
(1.45398 0.0683728 2.41817e-25)
(2.11551 0.170576 -3.15123e-23)
(3.02909 0.683007 1.27025e-23)
(3.25115 0.269313 1.99221e-23)
(3.21276 -0.020301 -1.4182e-24)
(3.05773 -0.359263 6.16581e-26)
(2.89652 -0.511164 0)
(2.73038 -0.695058 0)
(2.50288 -0.883281 -3.32551e-23)
(2.23516 -1.09156 -1.90954e-23)
(2.00531 -1.17955 -3.83385e-23)
(1.68862 -1.14431 -1.27692e-24)
(1.50714 -1.14014 4.48676e-24)
(1.44046 -0.994964 -4.47783e-24)
(1.39524 -0.878312 -2.16264e-23)
(1.40407 -0.770053 1.82826e-24)
(1.44971 -0.644891 -1.75653e-23)
(1.48131 -0.51229 -7.48091e-25)
(1.522 -0.396584 5.39184e-25)
(1.57341 -0.25591 2.13181e-25)
(1.61883 -0.188982 -6.0378e-25)
(1.63593 -0.0995532 -3.06889e-25)
(1.61659 -0.0255405 7.32809e-25)
(1.25967 -0.0032937 -3.37021e-25)
(1.37379 0.114341 1.99191e-24)
(1.87412 0.215424 1.22867e-23)
(2.9362 0.812099 3.70647e-23)
(3.55596 0.82655 4.95578e-24)
(3.54691 0.540719 1.35454e-24)
(3.35413 0.125431 0)
(3.08276 -0.171373 0)
(2.88242 -0.372329 -8.78817e-23)
(2.66348 -0.584652 1.09662e-22)
(2.41885 -0.687882 0)
(2.09899 -0.705903 2.03162e-23)
(1.72683 -0.764035 7.9647e-25)
(1.47375 -0.853736 1.06427e-24)
(1.34542 -0.758689 9.70289e-24)
(1.29038 -0.721577 -7.36113e-24)
(1.29699 -0.61652 3.10287e-24)
(1.3332 -0.532688 -4.94554e-24)
(1.37206 -0.41715 0)
(1.41829 -0.362287 -1.18308e-23)
(1.48023 -0.26068 -3.84811e-25)
(1.53959 -0.211687 7.11225e-25)
(1.23763 0.16312 -2.35684e-24)
(1.54107 0.437636 4.68935e-24)
(2.58237 0.923735 1.04779e-23)
(3.53061 1.1879 -3.01536e-23)
(3.86688 1.0184 4.49715e-23)
(3.78238 0.725146 6.30165e-25)
(3.38284 0.217101 6.69815e-25)
(3.06263 -0.0617432 8.72025e-23)
(2.79569 -0.212221 1.65878e-23)
(2.50509 -0.222253 0)
(2.15328 -0.299084 -3.90385e-24)
(1.81402 -0.372909 8.31865e-25)
(1.52212 -0.490264 6.4489e-23)
(1.30465 -0.459834 -8.70968e-23)
(1.22398 -0.449638 -8.38925e-24)
(1.22594 -0.376539 6.1099e-24)
(1.26255 -0.35163 3.03532e-23)
(1.30442 -0.284862 -1.713e-24)
(1.36523 -0.267563 -1.37798e-25)
(1.41991 -0.222062 0)
(1.47683 -0.192409 0)
(1.03331 0.175122 2.80703e-25)
(1.23701 0.448699 0)
(2.10425 0.897888 -6.33592e-23)
(3.46487 1.26294 2.51588e-23)
(4.07498 1.1731 1.04359e-22)
(4.09669 1.01061 -2.07589e-24)
(3.87736 0.751949 1.90952e-22)
(3.38456 0.3421 -2.29943e-22)
(2.92555 0.109123 -1.26501e-22)
(2.54581 0.0196286 0)
(2.19277 -0.112489 0)
(1.85786 -0.140036 3.884e-24)
(1.55508 -0.142107 2.97249e-24)
(1.30421 -0.133316 7.89251e-23)
(1.20182 -0.15993 5.14936e-24)
(1.20432 -0.136232 5.24877e-24)
(1.24371 -0.161474 -5.24283e-24)
(1.28834 -0.143973 0)
(1.35764 -0.171271 1.2041e-23)
(1.3966 -0.147622 0)
(0.822734 0.158555 7.61375e-24)
(0.94584 0.360086 0)
(1.77731 0.627358 5.05801e-23)
(3.33003 1.21367 0)
(4.11737 1.10036 4.4453e-23)
(4.19953 1.0496 0)
(4.08555 1.00959 -1.79931e-22)
(3.72934 0.840721 2.20546e-22)
(3.18423 0.543227 -2.53471e-22)
(2.68015 0.364534 -1.3753e-22)
(2.28316 0.204413 -1.13589e-24)
(1.8986 0.237964 0)
(1.56855 0.149987 -5.28461e-23)
(1.31809 0.158996 8.91273e-23)
(1.2129 0.0988637 0)
(1.22075 0.0739306 0)
(0.428548 -0.0758434 -3.03847e-23)
(0.482542 -0.0896945 -4.14158e-22)
(2.39555 -0.0456721 0)
(0.543715 -0.0937059 -2.08094e-23)
(0.609595 -0.0911785 -1.2548e-22)
(2.13604 -0.0850446 0)
(0.679619 -0.0862297 0)
(0.747765 -0.0811007 0)
(1.59974 -0.121845 0)
(0.810374 -0.0763609 -3.40297e-24)
(0.866808 -0.0709847 1.16585e-24)
(1.1274 -0.101246 -1.09473e-23)
(0.918856 -0.0647342 2.23589e-24)
(0.966992 -0.0577265 -6.56556e-25)
(0.777568 -0.0482542 0)
(1.01081 -0.0498176 8.85217e-25)
(1.05125 -0.0410666 -6.09982e-25)
(0.55333 -0.0630798 9.49192e-24)
(1.08754 -0.0357524 0)
(1.11951 -0.0343344 0)
(0.333925 -0.0927204 1.10434e-23)
(1.15418 -0.033633 0)
(1.19822 -0.0322985 2.06868e-24)
(0.217243 -0.0222511 1.26608e-23)
(1.24336 -0.0256259 0)
(1.27279 -0.00900156 2.9113e-24)
(0.308806 0.0623429 0)
(1.28095 0.00657639 3.20254e-24)
(1.28056 0.0118571 0)
(0.492717 0.0824924 -8.34347e-25)
(1.2785 0.0259242 -6.18276e-24)
(1.27133 0.0417312 3.20547e-26)
(0.691367 0.0690479 -3.58591e-24)
(1.24143 0.0524736 -7.24795e-24)
(1.17209 0.0434783 -5.19969e-24)
(0.859877 0.0535398 -7.18675e-25)
(1.1106 0.0201945 -3.94021e-24)
(1.06959 -0.0221533 4.07627e-24)
(0.988042 0.0424133 0)
(1.0562 -0.0633095 0)
(1.05667 -0.0811216 0)
(1.08944 0.0350126 0)
(1.06463 -0.0962388 0)
(1.08556 -0.0958602 6.84374e-24)
(1.16924 0.0254503 3.97934e-26)
(1.1168 -0.0775784 -9.06337e-25)
(1.155 -0.0477578 1.3819e-24)
(1.22729 0.0122553 -2.67496e-26)
(1.19545 -0.0221204 -4.75544e-25)
(1.23016 -0.00595432 -1.55583e-26)
(1.26148 0.0051371 0)
(1.25911 0.000674417 8.23879e-24)
(1.27816 0.000445308 -8.72781e-24)
(1.27162 -0.00208168 0)
(1.28293 0.0020161 4.79527e-25)
(1.27409 0.00812586 0)
(1.26853 -0.00318688 0)
(1.2443 0.0188991 -8.32235e-25)
(1.2028 0.0262323 7.32806e-24)
(1.24531 -0.00251879 3.30698e-25)
(1.1511 0.0356947 1.27281e-24)
(1.08392 0.0478545 -1.27266e-24)
(1.0039 0.0612504 0)
(0.913496 0.0731423 1.73387e-24)
(0.818422 0.0802139 0)
(0.721835 0.0823344 5.40818e-25)
(0.629396 0.0779762 1.37807e-24)
(0.544781 0.0684764 5.49699e-24)
(2.84986 0.312619 -8.17019e-22)
(2.17943 0.197513 -4.02454e-22)
(3.05748 0.555606 1.64551e-21)
(3.03282 0.43866 0)
(2.72988 0.286736 3.97239e-21)
(2.61276 0.261232 -3.28301e-21)
(1.87682 0.15968 -7.33664e-22)
(2.99264 0.39957 -4.77221e-21)
(2.86248 0.521531 5.7958e-21)
(2.83655 0.393298 -6.60788e-22)
(3.36296 -0.0266293 0)
(3.3718 -0.0116989 7.22704e-22)
(3.45579 -0.0227434 -7.21837e-22)
(2.50292 0.218475 6.85573e-22)
(2.38803 0.174363 9.62652e-22)
(1.66064 0.103678 -1.2932e-21)
(2.78653 0.358719 2.59581e-21)
(2.6604 0.456061 -2.34078e-21)
(2.61708 0.320378 2.35336e-21)
(3.37546 -0.00836474 -3.03351e-22)
(3.37523 -0.00607869 0)
(3.4763 -0.030466 0)
(2.27391 0.105814 -1.11306e-21)
(2.17061 0.0452528 2.38543e-22)
(1.54233 0.0124054 -1.45271e-22)
(2.55908 0.299057 -1.93941e-21)
(2.42764 0.334535 0)
(2.37235 0.203628 2.21338e-22)
(3.37279 -0.0180855 6.30318e-23)
(3.3677 -0.0109166 -7.08159e-24)
(3.50086 -0.046778 -5.98886e-23)
(2.06915 -0.002696 -1.15455e-21)
(1.96578 -0.0367138 1.70943e-22)
(1.46514 -0.0543894 5.14301e-22)
(2.32424 0.189214 0)
(2.2056 0.244894 -9.60031e-22)
(2.14876 0.120103 5.1193e-22)
(3.35747 -0.0422303 1.6049e-22)
(3.33105 -0.0521181 2.15899e-22)
(3.52366 -0.135147 -2.03016e-22)
(1.87507 -0.061863 -1.70805e-22)
(1.79735 -0.0662952 2.56676e-22)
(1.43166 -0.0837959 -1.97755e-22)
(2.10115 0.121971 -2.63679e-22)
(1.99324 0.166181 0)
(1.93559 0.0672401 0)
(3.29133 -0.11325 9.61555e-23)
(3.2078 -0.158086 -1.85284e-23)
(3.52404 -0.175128 3.60259e-22)
(1.7225 -0.0665698 0)
(1.65347 -0.0673738 -3.37057e-23)
(1.4011 -0.0799333 0)
(1.89984 0.0999633 0)
(1.80764 0.123247 -6.09557e-23)
(1.74584 0.0467997 0)
(3.15066 -0.260585 -1.52781e-22)
(3.05599 -0.327089 6.57979e-24)
(3.51538 -0.34491 0)
(1.59975 -0.0639814 1.61268e-23)
(1.55515 -0.0511041 2.72e-23)
(1.37785 -0.0679756 -1.47939e-23)
(1.72446 0.0487445 -1.11179e-23)
(1.64367 0.0769044 2.24615e-23)
(1.6123 0.0228774 -1.6312e-23)
(2.97262 -0.365333 -2.4833e-23)
(2.7886 -0.354608 4.27616e-23)
(3.4676 -0.467823 0)
(1.51205 -0.0436211 -1.11878e-23)
(1.47462 -0.0432359 8.8369e-24)
(1.35928 -0.0619666 1.09837e-24)
(1.57677 0.0413772 0)
(1.5156 0.0636869 0)
(1.51681 -0.00655487 0)
(2.62259 -0.342729 -7.33739e-23)
(2.34677 -0.302946 2.81612e-23)
(3.34559 -0.49151 -1.48618e-22)
(1.45171 -0.0513361 0)
(1.44453 -0.0583783 4.41587e-24)
(1.36289 -0.0598667 0)
(1.46682 0.00529224 2.49806e-24)
(1.43365 -0.0203109 -2.30051e-24)
(1.45727 -0.0562439 0)
(2.14386 -0.249322 -1.04203e-24)
(1.83354 -0.20758 9.63696e-23)
(3.17179 -0.483786 -3.48934e-23)
(1.445 -0.0630318 -7.4917e-26)
(1.45175 -0.0628111 2.17119e-24)
(1.39974 -0.0504578 2.98255e-24)
(1.42032 -0.0703829 0)
(1.4229 -0.0627622 1.05008e-23)
(1.457 -0.066922 -1.60973e-23)
(1.68843 -0.17825 -7.65592e-23)
(1.51746 -0.147705 -1.08456e-23)
(2.95926 -0.398867 8.35522e-23)
(1.46462 -0.0693727 0)
(1.47543 -0.0806311 1.93925e-23)
(1.43739 -0.0743246 -5.51862e-24)
(1.4335 -0.115983 4.00718e-23)
(1.46401 -0.103314 -3.91678e-23)
(1.47469 -0.0921105 -1.23108e-23)
(1.48166 -0.0846218 0)
(1.40586 0.026134 -5.76205e-23)
(2.78365 -0.179773 -4.56399e-23)
(1.49499 -0.0900681 -1.57537e-23)
(1.52411 -0.07258 5.66962e-24)
(1.49639 -0.0355377 2.48336e-24)
(1.4795 -0.170626 2.76489e-23)
(1.50072 -0.122989 -1.89368e-23)
(1.51727 -0.0799562 1.58593e-23)
(1.39369 0.0938755 2.56901e-23)
(1.38009 0.153806 7.1466e-23)
(2.57371 -0.00418791 1.00876e-22)
(1.55833 -0.0535543 1.51944e-24)
(1.59348 -0.0474969 -4.80332e-24)
(1.54947 -0.0262973 5.03727e-25)
(1.51348 -0.152307 -2.22386e-23)
(1.53953 -0.105773 -2.54808e-23)
(1.58027 -0.081431 3.84891e-23)
(1.39899 0.179792 -5.22318e-23)
(1.41366 0.189184 0)
(2.37324 0.0739034 1.08675e-22)
(1.62984 -0.0591046 -2.10605e-23)
(1.67052 -0.0710384 0)
(1.63121 -0.0308203 -3.73388e-24)
(1.55897 -0.149729 -2.86865e-23)
(1.58538 -0.137064 -8.94379e-23)
(1.64671 -0.118051 -3.16063e-23)
(1.45503 0.191171 -3.26181e-24)
(1.47657 0.167603 1.65951e-23)
(2.21084 0.0865184 1.04882e-23)
(1.72035 -0.0708611 2.90034e-25)
(1.78144 -0.0584703 -1.88421e-23)
(1.77536 0.0537482 4.74777e-24)
(1.61552 -0.185982 1.51676e-22)
(1.67927 -0.173773 -3.63706e-23)
(1.7625 -0.0888839 0)
(1.51667 0.152289 -5.58125e-24)
(1.53671 0.127617 -1.3283e-24)
(2.0849 0.0598943 0)
(1.85057 -0.0500904 -4.20436e-25)
(1.92608 -0.0629752 -1.00937e-23)
(1.87209 0.0684497 9.93856e-24)
(1.76121 -0.202498 -1.93931e-22)
(1.85352 -0.198222 -2.03552e-25)
(1.93004 -0.107008 5.10206e-23)
(1.55941 0.106812 -2.55041e-24)
(1.56954 0.0904296 8.54555e-25)
(1.993 0.043399 0)
(2.01072 -0.0846559 2.16662e-23)
(2.09754 -0.098336 -2.85891e-23)
(1.8962 0.0593322 0)
(1.91766 -0.229977 -2.31372e-22)
(1.97475 -0.208943 1.1403e-23)
(2.09629 -0.110505 2.27279e-23)
(1.5822 0.0766405 0)
(1.58924 0.0655594 -2.77329e-25)
(1.91824 0.0441799 -1.02907e-24)
(2.171 -0.0785535 2.4054e-23)
(2.2199 -0.0194174 -1.25611e-23)
(1.86615 0.05094 -1.21056e-23)
(2.03149 -0.191084 -2.34265e-23)
(2.09059 -0.12718 1.209e-23)
(2.20058 -0.0181275 6.54948e-24)
(1.599 0.0549425 -1.18415e-25)
(1.60492 0.0465712 0)
(1.84485 0.030336 0)
(2.25568 0.0492247 -3.64034e-24)
(2.28366 0.0859861 -3.34851e-24)
(1.68811 -0.0372125 1.74897e-24)
(2.16878 -0.105737 -5.37889e-23)
(2.2443 -0.114407 0)
(2.33706 -0.0546324 6.95758e-24)
(1.60825 0.0392782 2.38543e-25)
(1.60733 0.0351762 1.77811e-25)
(1.7753 0.00103165 -5.85364e-24)
(2.29105 0.0986852 2.74504e-23)
(2.27267 0.0921508 1.32004e-23)
(1.55845 -0.0782846 -1.44564e-23)
(2.33518 -0.10089 2.29711e-22)
(2.47955 -0.0600118 -2.3081e-25)
(2.53415 0.0580067 1.17282e-25)
(1.60239 0.0267486 2.49199e-25)
(1.5953 0.0191705 -1.48459e-24)
(1.71969 -0.0138408 1.53462e-24)
(2.16427 0.0745896 1.03072e-24)
(2.01132 0.0316907 -9.48958e-25)
(1.50521 -0.040988 8.18315e-24)
(2.63002 0.0585312 2.08855e-24)
(2.76576 0.213542 -5.97891e-23)
(2.57711 0.191813 5.22168e-23)
(1.58919 0.0104572 4.49996e-26)
(1.58144 0.00329885 -4.50006e-26)
(1.6794 -0.024489 4.92851e-24)
(1.89 0.0290583 2.93625e-23)
(1.79117 0.0382345 6.85149e-24)
(1.48577 0.0430304 -3.3512e-24)
(2.79102 0.318212 0)
(2.79203 0.321517 0)
(2.25532 0.263207 0)
(1.57203 -0.0028733 1.17462e-24)
(1.56081 -0.00930801 -1.19058e-24)
(1.63862 -0.0289674 1.28319e-24)
(1.72625 0.0873966 -4.0288e-23)
(1.69092 0.0978158 -1.29937e-23)
(1.41508 0.0922333 2.72389e-26)
(2.74481 0.35829 4.70586e-23)
(2.49885 0.297217 0)
(1.99299 0.1829 1.96648e-23)
(1.5484 -0.0190936 -5.50009e-25)
(1.53274 -0.0255166 -1.41867e-26)
(1.58768 -0.0445293 2.90661e-24)
(1.64207 0.13415 -5.87638e-24)
(1.55247 0.169051 0)
(1.31576 0.144267 -4.80869e-24)
(2.24194 0.518722 -1.12497e-23)
(1.96403 0.470239 -1.60764e-22)
(1.70241 0.381341 0)
(1.41836 0.223321 0)
(1.26845 0.26247 0)
(1.14025 0.173904 7.75105e-25)
(1.82561 0.61427 1.18601e-23)
(1.62618 0.502308 -3.78315e-23)
(1.37549 0.490764 -4.69613e-24)
(1.11724 0.289208 -2.80809e-25)
(0.977141 0.295667 -3.95851e-24)
(0.92426 0.17108 2.20678e-24)
(1.49349 0.629702 -5.61064e-23)
(1.26074 0.550325 1.06132e-22)
(1.08482 0.428679 0)
(0.85184 0.270916 -7.60733e-24)
(0.746445 0.233092 0)
(0.735348 0.13828 6.6873e-24)
(1.13582 0.587078 0)
(0.926879 0.487238 5.94641e-23)
(0.810674 0.309574 -5.97393e-23)
(0.0763831 0.00214518 0)
(-0.165669 -0.00818891 0)
(0.104571 0.0128286 0)
(-0.176309 -0.00647399 0)
(0.158082 0.0181642 0)
(-0.135669 -0.00527196 0)
(0.0737973 0.00776568 0)
(-0.17932 -0.0101634 0)
(0.128638 0.015511 0)
(-0.159071 -0.0047807 0)
(0.205538 0.0225015 0)
(-0.1082 -0.0067383 0)
(0.253252 0.0274055 0)
(-0.0683426 -0.00413979 0)
(0.372126 0.0412019 0)
(0.0520986 -0.0039297 0)
(0.511181 0.0462819 0)
(0.255689 -0.00317404 0)
(0.456963 -0.0115844 0)
(0.288286 -0.00408712 0)
(0.21942 -0.0273785 0)
(0.157222 -0.00314864 0)
(0.0034125 -0.0263194 0)
(0.0251515 -0.00424279 0)
(-0.203853 -0.0262638 0)
(-0.134891 -0.0100709 0)
(-0.349627 -0.0184148 0)
(-0.318422 -0.00865961 0)
(-0.342463 0.00632592 0)
(-0.372864 0.00038291 0)
(-0.204025 0.0205963 0)
(-0.285767 0.00606969 0)
(-0.00342274 0.0213718 0)
(-0.150813 0.00602826 0)
(0.172094 0.0156758 0)
(-0.0344055 0.00430462 0)
(0.295916 0.0097933 0)
(0.0476958 0.00287721 0)
(0.380449 0.00601124 0)
(0.100473 0.00211825 0)
(0.439801 0.00338476 0)
(0.135961 0.00166173 0)
(0.476022 0.00124532 0)
(0.156549 0.00089882 0)
(0.495997 0.000680679 0)
(0.164611 0.000107766 0)
(0.505123 0.000404819 0)
(0.168508 -0.000153444 0)
(0.504905 -0.000577371 0)
(0.165222 -0.000798431 0)
(0.503297 -0.000193128 0)
(0.158667 -0.000786662 0)
(0.304852 0.032202 0)
(-0.0165356 -0.00367444 0)
(0.452982 0.0550188 0)
(0.151213 -0.00190458 0)
(0.520103 0.017735 0)
(0.304441 -0.00812862 0)
(0.338194 -0.0252107 0)
(0.22653 -0.00415164 0)
(0.107607 -0.0275656 0)
(0.0896821 -0.00310175 0)
(-0.104221 -0.0261287 0)
(-0.0470784 -0.00759351 0)
(-0.28804 -0.0251883 0)
(-0.232748 -0.0108691 0)
(-0.372605 -0.00436068 0)
(-0.365356 -0.00547507 0)
(-0.294878 0.0142577 0)
(-0.341849 0.00394308 0)
(-0.108587 0.0217147 0)
(-0.219733 0.00621456 0)
(0.0866586 0.0185569 0)
(-0.0904619 0.00497004 0)
(0.236329 0.0125998 0)
(0.010397 0.00366847 0)
(0.339598 0.00744926 0)
(0.0759567 0.00241893 0)
(0.412512 0.00461025 0)
(0.119783 0.00193263 0)
(0.461508 0.00216141 0)
(0.148363 0.00140053 0)
(0.488293 0.000808927 0)
(0.161867 0.000353712 0)
(0.503169 0.000766816 0)
(0.167277 2.54414e-05 0)
(0.505867 -0.000217925 0)
(0.168249 -0.00049931 0)
(0.504467 -0.000381306 0)
(0.162145 -0.000825458 0)
(0.503521 -0.000333319 0)
(0.156357 -0.000738359 0)
(-0.661918 -0.0112842 0)
(-0.539329 0.000707171 0)
(-0.556734 -0.00712589 0)
(-0.498994 -0.00106066 0)
(-0.522698 -0.00134169 0)
(-0.482199 -0.000512363 0)
(-0.692777 -0.0130482 0)
(-0.60459 -0.0105663 0)
(-0.517619 0.00149991 0)
(-0.55689 -0.00101604 0)
(-0.48959 -0.00104859 0)
(-0.487855 -0.00515837 0)
(-0.467443 -0.00182095 0)
(-0.45037 -0.00946461 0)
(-0.436258 -0.00313303 0)
(-0.301713 -0.0157912 0)
(-0.343126 -0.00456611 0)
(-0.136286 -0.0155736 0)
(-0.234447 -0.00422119 0)
(0.0192005 -0.0131431 0)
(-0.139798 -0.00283679 0)
(0.157394 -0.0106271 0)
(-0.0651809 -0.00201809 0)
(0.273495 -0.00915628 0)
(-0.00549054 -0.00141255 0)
(0.367029 -0.00712871 0)
(0.0402814 -0.000819238 0)
(0.441258 -0.00586048 0)
(0.0760187 -0.00077995 0)
(0.502049 -0.00585854 0)
(0.112787 -0.00073107 0)
(0.540067 -0.00770067 0)
(0.142391 0.00201991 0)
(0.578132 -0.0144266 0)
(0.17949 0.00395406 0)
(0.607306 -0.014312 0)
(0.216542 0.00693054 0)
(0.601876 0.000142167 0)
(0.225309 -6.10381e-05 0)
(0.606022 0.00357275 0)
(0.234198 -0.00811491 0)
(0.673735 0.00115119 0)
(0.279527 -0.00874559 0)
(0.752795 -0.00473874 0)
(0.335191 -0.00437882 0)
(0.828752 -0.00987624 0)
(0.398163 -0.00292339 0)
(0.875429 -0.00768546 0)
(0.451748 -0.00360789 0)
(0.879047 -0.000349433 0)
(0.489686 -0.00404217 0)
(0.819137 0.00466881 0)
(0.499257 -0.00305013 0)
(0.714979 0.0107768 0)
(0.474756 0.000325997 0)
(0.563267 0.0186165 0)
(0.39953 0.00444475 0)
(0.375145 0.0239628 0)
(0.270526 0.00738506 0)
(0.182561 0.0239626 0)
(0.114776 0.00824314 0)
(-0.381715 -0.01319 0)
(-0.394421 -0.0039033 0)
(-0.218877 -0.016347 0)
(-0.288574 -0.0046521 0)
(-0.0583432 -0.0143902 0)
(-0.184427 -0.00351901 0)
(0.090309 -0.011933 0)
(-0.101457 -0.00232831 0)
(0.217135 -0.0096437 0)
(-0.0338518 -0.00167611 0)
(0.323703 -0.00830981 0)
(0.018864 -0.00110813 0)
(0.405434 -0.00611686 0)
(0.058728 -0.000680172 0)
(0.475731 -0.00589985 0)
(0.0945777 -0.00102084 0)
(0.522409 -0.00587091 0)
(0.129249 0.00066711 0)
(0.558307 -0.0112841 0)
(0.158529 0.00246464 0)
(0.596239 -0.0157361 0)
(0.200399 0.00586562 0)
(0.608792 -0.00865938 0)
(0.225139 0.0049812 0)
(0.597935 0.00437057 0)
(0.22483 -0.00553971 0)
(0.635346 0.00150334 0)
(0.254555 -0.00839238 0)
(0.712857 0.000363262 0)
(0.306066 -0.00719477 0)
(0.792451 -0.00904376 0)
(0.366837 -0.00335482 0)
(0.856778 -0.00918786 0)
(0.426282 -0.00291348 0)
(0.88317 -0.00444732 0)
(0.473719 -0.00412318 0)
(0.855969 0.00271756 0)
(0.497978 -0.00403524 0)
(0.772266 0.00747055 0)
(0.492502 -0.00156349 0)
(0.645156 0.014741 0)
(0.444472 0.00239279 0)
(0.472052 0.0218391 0)
(0.340547 0.00616396 0)
(0.276706 0.0247391 0)
(0.193588 0.0081155 0)
(0.0976714 0.0216687 0)
(0.0391107 0.0078818 -3.41931e-34)
(1.40984 -0.0760463 3.0233e-24)
(1.3997 -0.0591071 0)
(1.19094 -0.000267659 -5.10289e-26)
(1.18327 0.00122911 -6.87699e-26)
(1.5462 -0.115556 9.37787e-25)
(1.55801 -0.0491945 -2.59356e-24)
(1.23093 -0.00194041 0)
(1.4671 -0.113391 9.64795e-25)
(1.47915 -0.0651606 0)
(1.20816 -0.00125733 -5.28788e-25)
(1.21822 -0.00100633 8.45287e-26)
(1.19941 -0.00106257 -1.36123e-25)
(1.37778 -0.0157741 0)
(1.34809 -0.013265 -3.2714e-24)
(1.37 -0.0553617 2.0452e-24)
(1.51016 -0.0263544 -2.52145e-25)
(1.48039 -0.022274 -9.78316e-25)
(1.51903 -0.0680914 -1.81778e-24)
(1.44611 -0.0180292 3.15872e-25)
(1.41117 -0.0168445 -1.32527e-24)
(1.43526 -0.0728233 -2.52774e-24)
(0.503054 -0.000464334 0)
(0.137783 -0.000810071 0)
(0.506142 -0.000352125 0)
(0.13482 -0.000696103 0)
(0.502556 -0.000671811 0)
(0.152501 -0.000784953 0)
(0.501965 -0.000688208 0)
(0.145155 -0.000755024 0)
(0.502966 -0.000698796 0)
(0.149344 -0.000744548 0)
(0.502466 -0.000642438 0)
(0.14186 -0.000797345 0)
(1.37806 -0.00591354 -6.96706e-25)
(1.35327 -0.0304785 -6.6944e-24)
(1.18026 0.00307101 3.43948e-25)
(1.4174 0.133622 -1.51905e-24)
(1.40977 0.0845192 -2.19256e-24)
(1.3947 0.0189959 4.42294e-24)
(1.37149 0.0583803 1.09236e-23)
(1.34238 0.0078295 1.93406e-23)
(1.19823 0.00690692 -1.90552e-24)
(1.48533 1.12841 1.63042e-22)
(1.41761 0.920784 -2.17673e-23)
(1.44126 0.760866 -1.34892e-22)
(1.40618 0.693849 1.105e-22)
(1.47879 0.524882 -3.07564e-23)
(1.53379 0.405868 0)
(1.50789 0.307149 -2.4377e-23)
(1.4288 0.131712 -3.86423e-25)
(1.38244 0.12775 -1.93791e-23)
(1.3668 0.0763388 -1.28765e-23)
(1.25219 -0.00554997 3.48023e-24)
(1.63592 1.40314 -1.3921e-22)
(1.59711 1.17756 -1.48405e-23)
(1.54413 1.05753 1.41494e-22)
(1.52364 0.923002 6.17723e-24)
(1.63003 0.69367 3.12728e-23)
(1.66783 0.587478 0)
(1.66348 0.443279 7.77641e-23)
(1.55682 0.288195 0)
(1.44807 0.188197 1.80246e-23)
(1.43142 0.116469 -1.62903e-23)
(1.29891 -0.0273607 5.11682e-24)
(1.1831 0.00472715 0)
(1.22427 0.00462217 -9.68876e-25)
(1.28105 -0.0184828 -2.08354e-25)
(1.3039 -0.0294118 -5.48575e-24)
(1.37376 0.632264 -8.70504e-23)
(1.26534 0.505117 -1.02568e-23)
(1.31049 0.374913 0)
(1.3246 0.305007 -1.72567e-22)
(1.35818 0.248816 1.52345e-24)
(1.32501 -0.00148605 -2.93138e-24)
(1.3119 0.0140569 1.55767e-24)
(1.34392 -0.0127254 -3.66795e-24)
(1.30754 0.0312254 1.10081e-24)
(1.31006 0.0435194 -5.75346e-24)
(1.346 0.0308546 1.78826e-23)
(1.32817 0.0606204 1.04669e-23)
(1.38492 0.0717656 -1.94124e-24)
(1.38624 0.0974136 6.6604e-24)
(1.45372 0.0629636 -8.87247e-24)
(1.53169 0.0403421 2.64593e-24)
(1.47301 0.103555 -2.58243e-23)
(0.669915 0.105193 -1.14522e-23)
(0.706745 0.197507 0)
(1.42188 0.222145 0)
(3.16618 0.9537 2.88383e-22)
(4.10926 0.952032 -3.85884e-22)
(4.18763 1.01302 3.25915e-22)
(4.08767 1.0416 0)
(3.81273 1.1055 6.89336e-24)
(3.36176 1.03075 2.48288e-22)
(2.89305 0.969041 -1.09269e-22)
(2.44211 0.792753 1.29244e-22)
(1.97324 0.811651 8.0205e-24)
(1.64322 0.632016 -7.98606e-24)
(0.617928 0.0259992 1.52437e-23)
(0.596466 -0.0152914 -7.95584e-23)
(1.18244 -0.177149 -2.30883e-22)
(2.90582 0.397815 -2.98397e-22)
(4.01238 0.60558 5.85367e-22)
(4.10686 0.87888 -3.32423e-22)
(4.00333 1.06967 -1.9801e-23)
(3.77371 1.16937 1.01461e-23)
(3.33264 1.31289 1.84045e-22)
(2.9024 1.38183 5.32387e-23)
(2.50145 1.29742 -1.42437e-22)
(2.05725 1.3477 0)
(0.67505 -0.0472064 -4.81095e-23)
(0.657415 -0.211574 -8.16851e-23)
(1.14428 -0.468809 2.46095e-22)
(2.54425 -0.243056 -7.0528e-24)
(3.56573 0.132333 -3.77059e-22)
(3.77522 0.663334 0)
(3.76572 1.02683 0)
(3.60494 1.26954 0)
(0.819377 -0.0950578 -3.38569e-24)
(0.849862 -0.314626 5.1272e-23)
(1.21488 -0.644315 1.35396e-22)
(2.20923 -0.59455 7.90085e-24)
(0.476799 0.0524895 0)
(0.42966 0.0335402 0)
(0.406787 0.0125201 0)
(0.40661 -0.00464623 -8.3242e-24)
(0.428949 -0.0212171 8.40025e-24)
(0.470673 -0.0325105 -7.3853e-24)
(0.523343 -0.0388881 7.38635e-24)
(0.581865 -0.0403804 1.12972e-23)
(1.75895 1.17202 0)
(3.26708 1.41823 4.45168e-23)
(2.83269 1.58256 2.14813e-22)
(2.46989 1.58449 -9.57178e-23)
(2.11862 1.61799 0)
(1.86037 1.48486 0)
(2.95281 -0.159114 -7.75577e-23)
(3.16984 0.408816 0)
(3.3221 0.76238 1.28913e-23)
(3.23594 1.29338 1.09993e-23)
(3.08065 1.47816 -2.34537e-22)
(2.76992 1.64704 1.70878e-22)
(2.43538 1.70196 -3.17853e-23)
(2.15873 1.72092 -1.63306e-23)
(1.96484 1.63082 8.55935e-24)
(1.79675 1.5457 0)
(1.75414 1.3371 0)
(1.69754 1.21526 0)
(1.72308 1.0084 0)
(1.80763 0.786719 -1.18443e-23)
(1.80077 0.649096 0)
(1.806 0.457245 -4.84879e-23)
(1.68176 0.365195 9.23053e-23)
(1.59576 0.184993 -1.15786e-23)
(1.55112 0.108444 2.47379e-23)
(1.29742 -0.0268001 0)
(0.992267 -0.102008 1.83979e-23)
(1.09225 -0.30069 -9.07689e-23)
(1.34705 -0.52187 -1.63524e-22)
(1.99134 -0.593451 -1.09795e-22)
(2.46556 -0.178403 7.78487e-23)
(2.7401 0.218597 -2.5109e-24)
(2.83831 0.621259 -1.47562e-23)
(2.88304 1.0114 0)
(2.75173 1.41818 0)
(2.64234 1.54203 -1.8202e-22)
(2.39172 1.70645 4.6886e-23)
(2.18433 1.71081 1.25259e-24)
(2.05305 1.649 6.473e-24)
(1.93691 1.60244 -1.61822e-22)
(1.91586 1.40743 0)
(1.87602 1.32073 0)
(1.94527 1.06284 0)
(1.99803 0.889814 1.18229e-23)
(1.9661 0.746885 4.41137e-24)
(1.95773 0.520739 -1.94977e-22)
(1.8102 0.418072 -9.81925e-23)
(1.75555 0.155919 -1.10001e-23)
(1.71165 0.124156 4.21361e-23)
(1.25345 0.0212673 -7.25624e-24)
(1.14744 -0.0782179 0)
(1.28474 -0.222062 -4.56633e-23)
(1.45103 -0.306173 1.77379e-23)
(1.85739 -0.37821 1.09788e-22)
(2.13346 -0.0522461 0)
(2.40063 0.179639 0)
(2.46377 0.544871 6.30089e-23)
(2.51133 0.849456 2.78392e-24)
(2.52542 1.13736 0)
(2.39021 1.41689 6.54363e-23)
(2.29722 1.54114 7.5264e-23)
(2.18217 1.63417 4.21046e-24)
(2.08431 1.63356 0)
(2.04637 1.58552 1.61769e-22)
(2.03247 1.48652 0)
(2.03872 1.40194 0)
(2.1291 1.15897 1.72087e-25)
(2.15284 1.06129 -1.71438e-25)
(2.16379 0.872508 -1.08059e-23)
(2.14074 0.632303 1.93991e-22)
(2.0127 0.456823 7.3999e-24)
(1.91709 0.139146 -1.86797e-22)
(1.86101 0.140032 8.24685e-23)
(1.26102 0.0413367 4.40856e-24)
(1.25959 -0.0448027 1.20874e-24)
(1.40154 -0.132536 1.55703e-23)
(1.48074 -0.163883 1.34473e-23)
(1.73313 -0.131843 -9.81206e-25)
(1.92137 0.09893 -2.36212e-23)
(2.14211 0.244553 -5.38114e-23)
(2.18331 0.53617 -5.38971e-23)
(2.23507 0.779312 1.34868e-24)
(2.2459 0.996396 -6.43381e-24)
(2.19703 1.27418 -2.2369e-22)
(2.17678 1.38034 0)
(2.10602 1.51516 -9.34358e-24)
(2.09308 1.58674 0)
(2.09803 1.55796 1.64949e-23)
(2.15103 1.46327 -1.67412e-23)
(2.19867 1.34881 -1.78291e-22)
(2.25854 1.24388 0)
(2.33504 1.07968 0)
(2.38557 0.888691 -1.12425e-23)
(2.35704 0.731485 1.13203e-23)
(2.28263 0.471992 9.6471e-24)
(2.07654 0.201245 1.21018e-22)
(1.98478 0.163223 1.97084e-23)
(1.32515 0.0564774 -2.66395e-23)
(1.32391 -0.0198805 1.45619e-23)
(1.455 -0.0571397 3.50327e-24)
(1.45511 -0.027621 -1.01695e-23)
(1.61286 0.0327721 4.05382e-23)
(1.77288 0.19606 2.74869e-23)
(1.94143 0.308152 4.3032e-23)
(1.9573 0.557937 -3.48439e-23)
(2.01195 0.750082 1.03979e-22)
(2.00834 0.953509 1.19655e-22)
(2.02042 1.18928 1.44195e-22)
(2.05292 1.27992 1.30853e-23)
(1.97603 1.47184 8.82238e-24)
(2.0666 1.52135 2.01063e-22)
(2.14923 1.51833 -2.13476e-23)
(2.24211 1.43799 0)
(2.30795 1.3285 1.97744e-22)
(2.38792 1.25991 2.37761e-22)
(2.51301 1.00076 0)
(2.55197 0.880553 -2.01243e-23)
(2.55253 0.714325 2.03451e-23)
(2.53389 0.471241 -1.01441e-23)
(2.25283 0.314724 1.01478e-23)
(2.13899 0.123115 2.6815e-23)
(1.40216 0.0499549 0)
(1.34491 -0.0028425 0)
(1.4611 -0.0104293 -4.62605e-23)
(1.40066 0.091227 1.06588e-23)
(1.52852 0.122946 9.63753e-23)
(1.65336 0.240759 -1.13957e-22)
(1.76266 0.341306 -4.4069e-24)
(1.75983 0.566649 4.37959e-23)
(1.80269 0.721271 -1.38808e-22)
(1.7994 0.950631 -9.035e-23)
(1.85806 1.0884 0)
(1.86756 1.32077 1.80274e-22)
(1.91713 1.38675 2.34021e-23)
(2.06267 1.46205 -1.50865e-22)
(2.16796 1.50897 -5.13285e-23)
(2.24494 1.50284 0)
(2.38923 1.44071 -6.39406e-22)
(2.56186 1.24225 9.42101e-23)
(2.67247 1.00297 2.51306e-23)
(2.69746 0.867466 0)
(2.74339 0.624458 -3.69182e-22)
(2.71479 0.431012 -2.78866e-22)
(2.51002 0.331112 0)
(2.33689 -0.0198042 0)
(1.47108 0.0266793 -6.52505e-24)
(1.33259 0.00913835 1.58727e-24)
(1.40344 0.0576748 0)
(1.35791 0.152718 -1.19375e-23)
(1.47326 0.177577 -1.3757e-22)
(1.55124 0.271914 9.00865e-23)
(1.59991 0.369095 2.02288e-23)
(1.58686 0.560737 -3.40028e-23)
(1.604 0.702091 4.37391e-22)
(1.61171 0.912649 0)
(1.66745 1.02358 0)
(1.72053 1.30534 2.95245e-22)
(1.8303 1.30255 0)
(1.96167 1.46359 -3.07602e-22)
(2.16048 1.51351 5.83743e-22)
(2.3791 1.29067 -1.11693e-21)
(2.57731 1.27849 -3.62377e-22)
(2.79361 1.07554 -3.99378e-22)
(2.87276 0.938759 5.14365e-23)
(2.92626 0.663912 0)
(2.96333 0.446466 3.41861e-22)
(2.85157 0.240741 3.06019e-22)
(2.81275 0.0913795 -3.29622e-22)
(2.46612 -0.141077 1.18061e-22)
(1.51269 0.00448092 -2.51943e-23)
(1.26727 0.0184711 0)
(1.32627 0.107049 3.47959e-24)
(1.31739 0.180702 -2.73383e-22)
(1.42508 0.216083 0)
(1.46057 0.297048 0)
(1.46204 0.378098 0)
(1.43604 0.539227 1.0613e-22)
(1.43108 0.674426 5.95271e-23)
(1.44396 0.847046 9.44235e-23)
(1.48101 0.978333 -1.07332e-21)
(1.59602 1.14981 1.35763e-22)
(1.72573 1.27115 -4.37475e-23)
(1.9438 1.16962 3.07331e-22)
(2.24468 1.30077 -5.90709e-22)
(2.45725 1.16373 -2.46441e-22)
(2.74439 0.941384 9.70456e-22)
(2.96693 0.851852 -1.61838e-22)
(3.11301 0.659401 1.6184e-22)
(3.1899 0.382171 -2.38255e-22)
(3.18174 0.222211 7.25618e-23)
(3.06355 -0.00292548 -3.35224e-22)
(2.9587 -0.317938 3.29395e-22)
(2.43922 -0.182315 -1.4935e-22)
(1.49193 -0.0143439 0)
(1.18483 0.0191803 -1.95534e-24)
(1.24369 0.117142 0)
(1.28089 0.161031 -1.0816e-23)
(1.37212 0.19978 3.37895e-24)
(1.38372 0.280045 7.05633e-22)
(1.34532 0.333399 1.10129e-22)
(1.29628 0.49903 3.17047e-23)
(1.28242 0.611383 -7.063e-22)
(1.29125 0.748123 -2.44362e-22)
(1.33871 0.87943 1.06915e-21)
(1.47925 0.971317 -4.56459e-22)
(1.75847 1.06207 4.36884e-23)
(1.99612 0.931331 -8.63249e-22)
(2.33309 0.779337 0)
(2.61232 0.916685 1.36143e-21)
(2.86817 0.606793 -2.86373e-22)
(3.13129 0.571727 2.89016e-22)
(3.30948 0.326032 1.51268e-21)
(3.37735 0.172052 2.14577e-22)
(3.37627 -0.0217221 -4.84531e-23)
(3.36681 -0.220384 3.34838e-22)
(2.95927 -0.516324 0)
(2.16768 -0.278644 1.66362e-23)
(1.35871 -0.0374246 2.2277e-24)
(1.11133 0.0163416 6.80364e-23)
(1.17715 0.09476 2.88103e-22)
(1.25447 0.112045 1.017e-21)
(1.31824 0.142036 -7.70178e-22)
(1.32075 0.217673 2.38015e-22)
(1.23915 0.257194 9.35803e-22)
(1.16727 0.373854 -1.33017e-21)
(1.14844 0.47637 0)
(1.15854 0.584659 -2.97623e-22)
(1.23643 0.688038 2.98318e-22)
(1.43401 0.746301 2.1715e-22)
(1.80093 0.741759 -2.17183e-22)
(2.06438 0.821525 8.61952e-22)
(2.39193 0.512479 1.92408e-21)
(2.7368 0.534762 3.76448e-21)
(2.98503 0.401859 -3.24201e-21)
(3.28345 0.311568 -2.66852e-21)
(3.44431 0.16136 -1.51173e-21)
(3.5508 -0.0540934 0)
(3.59211 -0.263785 -1.70002e-23)
(3.56473 -0.480809 -2.72299e-22)
(2.90873 -0.558964 0)
(1.89944 -0.281599 -3.51519e-23)
(1.14876 -0.0464288 -1.07731e-23)
(1.0596 0.0104507 -7.79609e-23)
(1.13073 0.0625355 -1.61449e-22)
(1.2385 0.0745941 1.16419e-22)
(1.27432 0.0869961 6.73282e-22)
(1.26604 0.150846 -8.71128e-22)
(1.16439 0.2009 -2.20152e-21)
(1.08231 0.270089 -1.60953e-22)
(1.06306 0.362783 0)
(1.0755 0.397942 -2.49783e-21)
(1.19084 0.462352 -3.14693e-21)
(1.44297 0.428383 0)
(1.80607 0.425979 2.62529e-22)
(2.20453 0.360788 -2.55829e-22)
(2.45112 0.397489 -4.99829e-21)
(2.79081 0.259567 -2.73081e-21)
(3.10129 0.231795 3.26749e-21)
(3.39618 0.114307 -4.37423e-22)
(3.65146 -0.00788717 -2.39007e-21)
(3.79611 -0.307361 1.77187e-21)
(3.84244 -0.50715 9.85452e-23)
(3.58925 -0.658691 -6.81933e-22)
(2.67318 -0.551213 0)
(1.63388 -0.190662 -8.77969e-23)
(0.960351 -0.0407945 3.47719e-25)
(1.0319 -0.000407074 2.49537e-24)
(1.10595 0.0210269 1.31969e-24)
(1.23211 0.0042186 -7.21715e-22)
(1.25036 0.00917738 1.65774e-21)
(1.22061 0.021193 2.70601e-22)
(1.1141 0.0494338 8.72048e-22)
(1.01896 0.0501697 1.49535e-21)
(1.00162 0.126416 0)
(1.02939 0.153332 2.50015e-21)
(1.19044 0.202488 3.14839e-21)
(1.47301 0.166672 -1.95804e-21)
(1.81772 0.130015 -3.44295e-22)
(2.20701 0.135645 2.53161e-21)
(2.53604 0.157653 2.15641e-21)
(2.83987 0.049033 -3.23936e-21)
(3.17713 0.0248074 -9.90563e-22)
(3.57217 -0.147646 3.09773e-21)
(3.90644 -0.311671 1.80316e-21)
(4.02198 -0.514029 3.09871e-21)
(4.01291 -0.643063 0)
(3.56557 -0.698357 9.07344e-22)
(2.20869 -0.44072 -5.39993e-23)
(1.41616 -0.159853 -5.64468e-23)
(0.825791 -0.0424907 5.95431e-23)
(1.02981 -0.0116724 -1.42731e-22)
(1.10529 -0.0164296 0)
(1.23296 -0.0558233 0)
(1.24697 -0.0502471 1.67991e-22)
(1.21024 -0.066751 -2.20753e-22)
(1.11418 -0.0478649 0)
(1.00272 -0.106334 0)
(0.974442 -0.0643473 0)
(0.997361 -0.10198 -7.59652e-22)
(1.17693 -0.0612392 7.57941e-22)
(1.49604 -0.0439399 1.93548e-21)
(1.8344 -0.0495867 6.62151e-23)
(2.20231 -0.123919 -2.25184e-21)
(2.58923 -0.137197 0)
(2.91298 -0.182377 -1.84082e-23)
(3.31871 -0.302666 -7.54756e-21)
(3.78003 -0.508626 0)
(4.0329 -0.598394 -1.25953e-21)
(4.10282 -0.649744 -3.42418e-21)
(4.03902 -0.661819 5.31897e-22)
(3.48217 -0.70501 4.47145e-21)
(1.90016 -0.285885 1.88856e-21)
(1.23516 -0.19576 -2.86411e-22)
(0.71972 -0.0529684 0)
(1.05696 -0.0336331 1.13217e-23)
(1.13615 -0.0819761 -5.98003e-22)
(1.24407 -0.120951 -1.82487e-22)
(1.25789 -0.128104 -9.62127e-22)
(1.23338 -0.155106 -4.25265e-22)
(1.15838 -0.16983 0)
(1.02698 -0.242741 -3.65807e-21)
(0.977898 -0.254046 -2.88139e-21)
(1.00189 -0.330119 0)
(1.17228 -0.339988 9.15576e-22)
(1.50422 -0.430617 9.90737e-22)
(1.88925 -0.357968 2.7488e-22)
(2.24696 -0.409595 -2.70089e-22)
(2.67195 -0.488925 0)
(3.04773 -0.582773 4.25173e-21)
(3.4871 -0.713884 7.58801e-21)
(3.84209 -0.75579 -7.43169e-21)
(4.03186 -0.698198 1.77595e-22)
(4.09378 -0.681258 5.62972e-21)
(4.01825 -0.638752 0)
(3.28348 -0.663002 -4.57354e-21)
(1.62504 -0.110798 -2.04533e-21)
(1.07084 -0.176539 1.88366e-21)
(0.629297 -0.0522011 2.50833e-22)
(1.11628 -0.0502627 3.82209e-24)
(1.18133 -0.123068 -1.0287e-21)
(1.287 -0.214459 8.20224e-22)
(1.29691 -0.25494 -9.1286e-22)
(1.2618 -0.346993 0)
(1.18582 -0.395029 0)
(1.09815 -0.456858 3.11675e-22)
(1.04055 -0.546746 2.7035e-21)
(1.07377 -0.632127 2.42172e-21)
(1.24436 -0.736162 -1.36174e-21)
(1.55986 -0.805484 -2.17222e-21)
(1.9138 -0.850594 2.42905e-22)
(2.33346 -0.892285 1.97591e-21)
(2.73115 -0.85592 -2.86836e-21)
(3.10796 -0.959142 5.2318e-21)
(3.50432 -0.897543 -6.23991e-21)
(3.81264 -0.822956 1.73565e-21)
(3.98841 -0.710808 6.62967e-21)
(4.04399 -0.673439 -5.71201e-21)
(3.95457 -0.494161 1.1776e-21)
(3.09201 -0.490914 7.10426e-22)
(1.39462 0.0788514 -5.61005e-22)
(0.9656 -0.0842376 8.51691e-24)
(0.580049 -0.0340957 -2.57032e-22)
(1.19762 -0.0630659 0)
(1.24941 -0.155541 0)
(1.35853 -0.255364 -1.08608e-21)
(1.37314 -0.303016 1.23434e-21)
(1.3369 -0.396413 -7.83215e-22)
(1.27555 -0.466475 -2.36857e-22)
(1.19649 -0.583314 4.86167e-21)
(1.14397 -0.764026 -1.33253e-21)
(1.20322 -0.856767 0)
(1.36968 -1.08111 7.06635e-22)
(1.62165 -1.07976 -9.08947e-22)
(1.94841 -1.19866 1.55238e-22)
(2.35656 -1.18611 -1.04064e-22)
(2.70042 -1.17697 -5.04241e-22)
(3.06337 -1.19335 -3.32835e-21)
(3.44953 -1.01469 5.95134e-21)
(3.70052 -0.938423 1.95324e-21)
(3.84095 -0.79586 -3.45939e-21)
(3.91946 -0.61298 0)
(3.76261 -0.285913 -1.19463e-21)
(2.8232 -0.128029 8.91054e-21)
(1.30516 0.251036 1.02796e-20)
(0.961026 0.0453435 2.15851e-21)
(0.592885 -0.000148029 -1.63928e-26)
(1.29578 -0.0743093 -4.96871e-22)
(1.33851 -0.177289 -6.308e-22)
(1.42892 -0.287688 1.10046e-21)
(1.45491 -0.346555 0)
(1.43076 -0.445974 -6.13088e-22)
(1.40671 -0.531332 1.39291e-21)
(1.39721 -0.606903 -7.80507e-22)
(1.30122 -0.85059 1.65343e-21)
(1.34353 -1.06017 -1.08815e-23)
(1.48428 -1.19338 0)
(1.68272 -1.25655 1.54753e-22)
(1.99265 -1.41661 -1.07807e-22)
(2.33522 -1.34706 0)
(2.64956 -1.36565 1.4857e-21)
(3.01892 -1.25784 9.43489e-22)
(3.30953 -1.12668 1.54333e-21)
(3.47895 -1.01034 2.39283e-22)
(3.60461 -0.76057 -1.33922e-21)
(3.57537 -0.494049 2.87617e-21)
(3.37034 -0.0783485 0)
(2.5419 0.206462 -9.00494e-21)
(1.3256 0.354019 -1.49814e-20)
(1.02947 0.186912 0)
(0.666234 0.0311919 4.88144e-22)
(1.40876 -0.0820014 -7.30278e-24)
(1.44188 -0.19762 -3.86634e-22)
(1.50557 -0.344985 -1.09788e-21)
(1.53739 -0.418823 2.3085e-22)
(1.51888 -0.532405 1.04836e-21)
(1.47128 -0.682411 -4.20409e-22)
(1.50482 -0.800089 7.44627e-22)
(1.50658 -0.879215 -1.73205e-21)
(1.51923 -1.07097 -1.11506e-21)
(1.60328 -1.20857 6.66035e-22)
(1.77216 -1.39691 -6.57731e-22)
(2.05481 -1.45005 2.26183e-22)
(2.3056 -1.47589 3.44096e-22)
(2.61073 -1.4522 -4.4714e-22)
(2.90264 -1.39961 -3.66976e-22)
(3.13721 -1.23455 -5.99387e-22)
(3.26238 -1.06449 -1.38406e-21)
(3.31247 -0.704972 -1.04475e-21)
(3.16749 -0.400979 -4.13895e-21)
(2.95958 0.01378 2.24991e-21)
(2.28686 0.321741 -3.68213e-21)
(1.43227 0.400363 5.877e-21)
(1.17846 0.227549 2.77308e-21)
(0.790387 0.0461329 0)
(1.53913 -0.0806283 5.88337e-24)
(1.56478 -0.222444 -2.70327e-22)
(1.61595 -0.3667 3.34648e-23)
(1.6523 -0.423064 -6.51626e-22)
(1.67877 -0.518847 -2.47949e-22)
(1.64334 -0.630822 5.8924e-22)
(1.61014 -0.800057 -5.82901e-22)
(1.64699 -0.913177 2.43049e-22)
(1.70449 -1.08152 4.59073e-22)
(1.76298 -1.19189 -2.87678e-22)
(1.91255 -1.3692 1.6996e-22)
(2.11069 -1.40109 7.07653e-23)
(2.30852 -1.485 6.3457e-23)
(2.56854 -1.4507 -3.96213e-23)
(2.75957 -1.3241 -2.70136e-22)
(2.86941 -1.18668 2.74068e-22)
(2.96605 -0.907208 -2.71733e-22)
(2.92321 -0.604769 -1.4939e-22)
(2.77411 -0.299702 -2.25274e-22)
(2.60651 0.0480398 0)
(2.11853 0.287421 3.06353e-21)
(1.5436 0.310117 -7.20617e-22)
(1.35641 0.200805 -3.94984e-21)
(0.927229 0.0458076 -9.92758e-23)
(1.67277 -0.0665601 -2.99658e-23)
(1.72017 -0.226734 0)
(1.69032 -0.460913 -1.94392e-23)
(1.70156 -0.545157 -1.93628e-22)
(1.73732 -0.668083 1.38236e-23)
(1.76204 -0.734369 -2.02919e-22)
(1.73188 -0.870746 2.25248e-22)
(1.75083 -1.01826 -1.93683e-22)
(1.77194 -1.17379 1.93876e-22)
(1.88013 -1.23276 0)
(2.02752 -1.28443 3.9517e-23)
(2.16151 -1.3405 -6.1777e-23)
(2.33084 -1.39171 2.34774e-23)
(2.50642 -1.31965 -7.80059e-23)
(2.62333 -1.1976 0)
(2.71045 -1.03039 -6.1052e-24)
(2.76484 -0.785994 6.70089e-24)
(2.65543 -0.532168 1.80584e-22)
(2.49899 -0.282133 9.83231e-23)
(2.37201 -0.0166117 -1.41824e-22)
(1.96334 0.13919 1.38551e-22)
(1.61292 0.189997 3.21196e-22)
(1.4973 0.139714 1.63723e-21)
(1.04649 0.036289 -9.7152e-22)
(1.78721 -0.0480297 0)
(1.91735 -0.177858 2.86351e-22)
(1.85405 -0.369125 1.53152e-23)
(1.81683 -0.499627 6.01517e-23)
(1.82516 -0.6319 -5.62958e-23)
(1.85273 -0.747244 -3.99186e-23)
(1.87439 -0.847607 -7.37138e-23)
(1.88052 -0.999361 -4.62155e-23)
(1.88687 -1.06687 5.03042e-24)
(1.92784 -1.20606 0)
(2.04182 -1.2303 0)
(2.15933 -1.27667 1.33896e-24)
(2.31012 -1.24418 -9.7734e-23)
(2.38808 -1.19026 0)
(2.46387 -1.08083 1.8939e-23)
(2.51908 -0.912186 9.24232e-24)
(2.56055 -0.680119 -2.82887e-24)
(2.44436 -0.491504 -3.68214e-23)
(2.30843 -0.28835 6.67102e-23)
(2.22905 -0.0581994 9.96369e-23)
(1.94109 0.10938 1.41117e-25)
(1.64458 0.12708 -2.08894e-22)
(1.57381 0.0759397 0)
(1.13343 0.0317327 -9.54274e-22)
(1.84423 -0.0340273 1.76515e-22)
(2.09724 -0.118488 0)
(2.03247 -0.295233 -1.29978e-23)
(1.98175 -0.446283 1.69886e-24)
(1.96038 -0.592679 -2.22369e-24)
(1.97486 -0.723773 0)
(2.00059 -0.833351 -4.69014e-25)
(1.99347 -0.936194 -1.49073e-24)
(1.99256 -1.05201 1.93661e-24)
(2.00967 -1.14075 -8.21107e-25)
(2.06319 -1.19359 0)
(2.13187 -1.20188 0)
(2.22073 -1.1269 0)
(2.27569 -1.03199 6.49603e-25)
(2.34015 -0.905168 -3.13959e-25)
(2.34596 -0.761674 2.97917e-25)
(2.36683 -0.582806 -3.90266e-26)
(2.25707 -0.427212 0)
(2.13606 -0.285402 0)
(2.05305 -0.130849 2.41285e-24)
(1.83814 -0.0167033 2.13592e-24)
(1.64665 0.0352551 0)
(1.57939 0.0327461 -1.82773e-23)
(1.17676 0.024499 0)
(1.27018 -0.00787546 7.36979e-24)
(0.640604 -0.0377905 -8.69236e-24)
(0.694966 -0.0328519 0)
(1.25382 0.03186 0)
(0.741482 -0.0267851 6.8021e-24)
(0.778504 -0.0211983 -1.25933e-23)
(1.28714 0.0509964 1.00997e-23)
(0.806471 -0.0166856 -5.54808e-25)
(0.826757 -0.0132923 -1.75883e-24)
(1.36316 0.0565713 1.1062e-23)
(0.840901 -0.0106114 4.45393e-24)
(0.849981 -0.00808848 -1.93878e-24)
(1.43786 0.0402719 -6.40791e-24)
(0.854969 -0.00590476 0)
(0.856822 -0.00441421 -8.94904e-24)
(1.49746 0.0157885 1.9517e-23)
(0.856255 -0.00334056 1.42657e-23)
(0.852981 -0.00235194 -9.15129e-24)
(1.51158 -0.00250423 0)
(0.847099 -0.000919138 1.59134e-23)
(0.84058 0.000424068 -1.38847e-23)
(1.43602 -0.0222479 0)
(0.833237 0.0017635 -1.77038e-23)
(0.826388 0.00261426 1.77038e-23)
(1.25544 -0.0418828 1.83292e-23)
(0.819701 0.00324536 -1.95745e-23)
(0.813831 0.00353396 1.70691e-23)
(1.0462 -0.0416749 -1.08845e-23)
(0.808791 0.00304484 6.49889e-25)
(0.805967 0.0018753 -2.66718e-24)
(0.886404 -0.0378717 -1.92664e-24)
(0.805437 0.000426209 0)
(0.808368 -0.00173786 -3.90996e-23)
(0.769392 -0.0480074 -5.95433e-23)
(0.815514 -0.00425985 4.25403e-23)
(0.8247 -0.0065139 0)
(0.670028 -0.0559857 0)
(0.843267 -0.0115396 -2.46674e-24)
(0.862593 -0.0138841 -1.11323e-27)
(0.596824 -0.0473329 1.85189e-23)
(0.891849 -0.0176665 -6.70628e-23)
(0.923161 -0.0203752 6.28703e-23)
(0.579973 -0.0224731 3.31293e-26)
(0.956549 -0.0213087 -9.31685e-23)
(0.999101 -0.0248875 9.31544e-23)
(0.623638 0.0135724 -4.86961e-22)
(1.03604 -0.0241652 -1.15442e-22)
(1.08414 -0.0268854 1.9572e-22)
(0.72821 0.0396474 5.065e-23)
(1.12731 -0.0262126 2.15846e-23)
(1.17469 -0.0268314 -1.27375e-22)
(0.862347 0.0480672 0)
(1.22218 -0.0261526 -3.27484e-23)
(1.26309 -0.0249543 -1.43402e-22)
(0.99001 0.0421966 1.01584e-21)
(1.30976 -0.0230563 2.40525e-22)
(1.33874 -0.0229469 4.84707e-24)
(1.08786 0.0348603 8.62526e-22)
(1.38425 -0.0190509 2.60374e-22)
(1.38579 -0.0145468 -9.2339e-22)
(1.13993 0.0258384 -1.80448e-21)
(1.42626 -0.0143238 4.78685e-22)
(2.02509 -0.0679282 5.14724e-23)
(2.07698 -0.213529 1.29307e-23)
(2.00818 -0.362429 0)
(1.97674 -0.506246 2.46418e-24)
(1.97221 -0.622983 0)
(1.99392 -0.745535 7.95414e-25)
(1.99942 -0.867111 0)
(1.99354 -0.973425 0)
(2.00769 -1.07677 -1.2136e-24)
(2.02957 -1.149 6.9629e-26)
(2.09288 -1.18921 0)
(2.17372 -1.16831 -6.07204e-25)
(2.23977 -1.08452 0)
(2.30752 -0.989065 -7.1213e-25)
(2.31277 -0.888294 2.3515e-25)
(2.34302 -0.739543 -2.5837e-25)
(2.31951 -0.575702 -1.89723e-24)
(2.21894 -0.391671 2.4559e-24)
(2.11489 -0.257199 -3.08221e-24)
(2.02176 -0.114882 -1.97547e-24)
(1.80777 -0.0251251 5.50856e-24)
(1.63191 0.00285445 -1.40628e-24)
(1.47142 0.0242523 2.03573e-23)
(0.667183 0.165235 -1.71659e-23)
(0.622123 0.0985007 3.08533e-23)
(0.630261 0.0666953 -2.94348e-23)
(0.85052 0.361862 0)
(0.755704 0.265401 0)
(0.628785 0.113986 8.02216e-23)
(0.612662 0.0165228 0)
(0.631718 -0.0520101 -2.08128e-23)
(0.631418 -0.00798062 1.48111e-23)
(0.734021 0.0296835 0)
(0.732093 -0.0226995 8.415e-23)
(0.608634 -0.0839814 -4.76744e-23)
(0.680504 -0.129507 -4.86398e-23)
(0.760502 -0.175524 9.07395e-23)
(0.740601 -0.0759023 2.76172e-23)
(0.752623 -0.296945 8.1095e-23)
(0.811023 -0.298104 -7.40855e-23)
(0.744398 -0.258232 1.71734e-22)
(0.857981 -0.205052 -5.85736e-23)
(0.966852 -0.213547 1.23901e-23)
(0.906004 -0.10351 -3.36254e-23)
(0.897618 -0.483526 -6.15069e-23)
(1.01617 -0.425341 2.30306e-22)
(0.975303 -0.319002 -7.77255e-23)
(1.59905 0.00190851 0)
(1.67808 -0.0175587 0)
(1.6217 0.104163 0)
(1.07132 -0.203838 -1.94277e-23)
(1.16675 -0.186916 -3.66531e-23)
(1.07399 -0.093006 -7.93114e-24)
(1.13533 -0.451653 -4.0618e-23)
(1.24256 -0.373702 -7.11184e-23)
(1.1989 -0.269827 8.63023e-23)
(1.73364 -0.029975 -1.41875e-23)
(1.78698 -0.0129219 1.55377e-23)
(1.78533 0.124217 -5.08084e-23)
(1.24812 -0.158919 7.66179e-23)
(1.315 -0.13083 -4.77675e-23)
(1.20968 -0.0611368 0)
(1.32625 -0.321232 -4.26578e-23)
(1.3849 -0.24403 6.03324e-23)
(1.35238 -0.179712 6.38822e-23)
(1.82906 -0.00106214 1.27582e-23)
(1.88087 0.0238632 0)
(1.92383 0.145778 1.07512e-22)
(1.36625 -0.100712 -4.47728e-24)
(1.40284 -0.0743554 -3.0603e-23)
(1.29735 -0.0312022 2.11827e-24)
(1.42056 -0.175623 -1.11157e-22)
(1.44173 -0.11605 -2.89287e-23)
(1.43495 -0.0962992 -3.23589e-23)
(1.9244 0.0352832 -1.47811e-23)
(1.98136 0.0396428 -2.23528e-23)
(2.05736 0.16365 1.49171e-22)
(1.42592 -0.049784 2.70956e-23)
(1.43946 -0.0266649 2.61665e-23)
(1.33952 -0.0104962 -1.27974e-23)
(1.44597 -0.0703194 3.98961e-23)
(1.43958 -0.0337847 3.99083e-23)
(1.46458 -0.0321363 4.71024e-23)
(2.02693 0.0401668 2.10981e-23)
(2.05333 0.0389917 5.56059e-24)
(2.24656 0.0747833 -9.15299e-23)
(1.44504 -0.00693445 -6.94088e-25)
(1.44269 0.00709857 -7.56302e-23)
(1.34377 0.00250049 -1.49746e-24)
(1.41384 0.0319864 2.51764e-24)
(1.37725 0.0617856 1.93069e-23)
(1.43773 0.0216302 -5.48383e-24)
(2.05004 0.0431075 5.48819e-24)
(2.01707 0.0366595 -1.74422e-23)
(2.43205 -0.0793498 2.40693e-23)
(1.42535 0.0338637 4.86918e-23)
(1.39532 0.0561201 -5.42885e-23)
(1.30352 0.0147476 1.68023e-24)
(1.3447 0.109674 -4.64548e-23)
(1.31026 0.120276 0)
(1.36439 0.084629 0)
(1.93752 0.0167162 -2.39828e-23)
(1.88461 -0.0213373 -6.48672e-23)
(2.47571 -0.125454 -1.1032e-22)
(1.35786 0.0717768 5.07866e-23)
(1.31204 0.0788839 6.06983e-23)
(1.22684 0.0196412 -1.84957e-24)
(1.28613 0.150684 0)
(1.25805 0.151416 1.70059e-22)
(1.28547 0.116494 1.49573e-23)
(1.81148 -0.0532806 8.76332e-23)
(1.75765 -0.109007 1.41704e-22)
(2.29039 -0.144606 1.57968e-22)
(1.26296 0.0803897 -1.23316e-22)
(1.21715 0.0722055 6.873e-23)
(1.14548 0.0177466 -7.21901e-23)
(1.23618 0.155675 -2.60461e-22)
(1.21283 0.130755 1.34692e-22)
(1.20729 0.106791 -1.39297e-22)
(1.68084 -0.148763 -1.60414e-22)
(1.59681 -0.19688 3.03634e-24)
(1.9916 -0.206073 0)
(1.1765 0.0632727 -1.45218e-22)
(1.14206 0.0523361 1.45217e-22)
(1.08286 0.0137201 2.28451e-24)
(1.19868 0.118915 0)
(1.1888 0.0897949 -4.12835e-23)
(1.1518 0.0778486 -1.87362e-22)
(1.50003 -0.200096 3.58343e-23)
(1.413 -0.194818 -3.58325e-23)
(1.72701 -0.165021 3.51681e-23)
(1.11434 0.0421817 -1.56779e-22)
(1.09341 0.0279525 1.77266e-22)
(1.04231 0.00534406 7.95014e-23)
(1.18286 0.0784543 -2.51543e-22)
(1.17609 0.0470792 -6.05792e-24)
(1.11415 0.0423747 1.4128e-22)
(1.33553 -0.165482 1.13628e-24)
(1.26481 -0.144705 1.75731e-24)
(1.48806 -0.10773 8.63818e-23)
(1.07959 0.0137729 1.58943e-22)
(1.07333 -0.00222542 -1.61436e-22)
(1.02857 -0.00687228 -2.39533e-24)
(1.17485 0.0213097 3.32658e-22)
(1.17531 0.000301881 6.60669e-22)
(1.10333 -0.00132682 0)
(1.20372 -0.116022 2.21755e-22)
(1.13182 -0.0995186 -2.1583e-22)
(1.29829 -0.139982 0)
(1.07277 -0.0133188 -4.79459e-24)
(1.07841 -0.0283761 -3.01611e-22)
(1.03705 -0.020103 1.59522e-22)
(1.18313 -0.0252648 -1.01158e-21)
(1.19181 -0.0588639 3.39436e-22)
(1.11546 -0.0503277 0)
(1.06483 -0.0787878 3.55998e-22)
(0.987486 -0.0652319 -3.05869e-22)
(1.1292 -0.190048 -5.59117e-22)
(1.09878 -0.0563805 2.90797e-22)
(1.12291 -0.0665828 0)
(1.08175 -0.0389569 0)
(1.20636 -0.0910552 0)
(1.21424 -0.112852 -5.82115e-22)
(1.1527 -0.0999081 1.15292e-21)
(0.925329 -0.0406891 -4.70526e-22)
(0.868846 -0.0203576 -6.16808e-22)
(0.996014 -0.16658 -3.99611e-22)
(1.1558 -0.0864444 -3.24424e-23)
(1.19125 -0.0953612 -3.61158e-22)
(1.15471 -0.0586052 0)
(1.23871 -0.139502 8.53451e-23)
(1.25909 -0.167083 2.65473e-22)
(1.20829 -0.140039 4.46644e-22)
(0.836026 0.0148128 -5.61677e-23)
(0.817172 0.0351023 1.04621e-21)
(0.952443 -0.076142 -2.74815e-21)
(1.23404 -0.104878 4.19142e-22)
(1.28098 -0.115192 -6.43249e-23)
(1.2464 -0.0734333 2.60917e-22)
(1.3056 -0.18993 7.23845e-24)
(1.33053 -0.205489 -6.10793e-22)
(1.28957 -0.170098 6.22899e-22)
(0.826949 0.0649984 -9.92634e-22)
(0.86594 0.0798419 -8.32344e-22)
(0.982801 0.0319021 0)
(1.33167 -0.120615 0)
(1.38426 -0.132329 -3.4409e-22)
(1.35047 -0.0820473 2.39346e-22)
(1.38074 -0.218683 7.0949e-22)
(1.4053 -0.238545 8.15707e-22)
(1.38442 -0.188768 0)
(0.923592 0.109356 1.85782e-21)
(0.998851 0.117982 1.43968e-22)
(1.09578 0.144955 -2.95478e-21)
(1.4435 -0.140269 2.52199e-22)
(1.50284 -0.149657 -1.30699e-22)
(1.46843 -0.0834495 0)
(1.46334 -0.252795 -8.23768e-22)
(1.49864 -0.273638 3.44582e-22)
(1.49846 -0.210986 6.41872e-22)
(1.07862 0.124675 0)
(1.16549 0.128695 1.67773e-21)
(1.26995 0.18256 4.28556e-21)
(1.57701 -0.151818 1.61353e-22)
(1.64889 -0.14603 0)
(1.59876 -0.0763694 0)
(1.57425 -0.283149 -3.01e-22)
(1.61526 -0.293802 -1.41057e-22)
(1.63294 -0.226162 9.4794e-24)
(1.24592 0.115999 1.25476e-21)
(1.31868 0.106661 -4.73159e-21)
(1.43532 0.155682 -1.14142e-21)
(1.7408 -0.135984 0)
(1.81204 -0.128701 -1.22168e-21)
(1.71634 -0.0641154 3.01447e-22)
(1.70076 -0.287894 0)
(1.7581 -0.302278 2.88794e-22)
(1.79593 -0.213399 6.23046e-22)
(1.38046 0.0838849 1.74509e-21)
(1.42415 0.0724344 1.30204e-22)
(1.53828 0.0950122 -8.48418e-22)
(1.91045 -0.102202 1.01204e-23)
(1.94773 -0.089795 0)
(1.78451 -0.0434986 0)
(1.88418 -0.270057 -2.88763e-22)
(1.94308 -0.2597 0)
(1.97381 -0.154535 0)
(1.85215 -0.398421 -2.34004e-23)
(1.89672 -0.39825 -5.92287e-24)
(1.91076 -0.342481 5.94707e-24)
(1.83235 -0.517156 -4.74603e-24)
(1.87035 -0.530964 2.73321e-24)
(1.8659 -0.489231 0)
(1.84228 -0.629434 3.98475e-23)
(1.87552 -0.632778 0)
(1.86073 -0.629406 -4.89507e-24)
(1.871 -0.7551 3.07599e-23)
(1.90454 -0.76068 -1.21555e-23)
(1.88339 -0.751092 0)
(1.87806 -0.901022 3.03974e-24)
(1.91202 -0.904359 -2.031e-24)
(1.90732 -0.862368 1.19088e-23)
(1.90228 -0.979852 2.7564e-23)
(1.9283 -0.989506 -1.86438e-23)
(1.92325 -0.970983 1.98877e-23)
(1.90274 -1.08227 -3.24973e-23)
(1.92424 -1.09828 -8.76511e-24)
(1.91356 -1.07319 8.0877e-24)
(1.96494 -1.21581 4.73856e-24)
(1.98661 -1.19509 -4.76553e-24)
(1.95085 -1.18946 7.87308e-25)
(2.06027 -1.25659 0)
(2.08403 -1.21957 0)
(2.04225 -1.2298 0)
(2.18127 -1.30065 9.02896e-23)
(2.20619 -1.23786 8.71564e-24)
(2.15153 -1.26413 0)
(2.31644 -1.30687 0)
(2.31104 -1.20342 -8.08286e-24)
(2.29689 -1.18878 2.49373e-24)
(2.406 -1.17506 -9.41413e-23)
(2.39349 -1.07558 1.97183e-25)
(2.35868 -1.1293 9.34766e-24)
(2.46724 -1.04023 -9.01638e-24)
(2.42353 -0.983569 -1.91735e-24)
(2.42744 -1.02048 -2.87867e-24)
(2.52113 -0.878115 2.7955e-23)
(2.47269 -0.819517 -1.04666e-24)
(2.46708 -0.861091 2.21155e-24)
(2.51699 -0.678569 -2.71367e-23)
(2.45424 -0.644387 1.82678e-24)
(2.50293 -0.64253 6.0602e-25)
(2.41558 -0.451699 -3.53247e-23)
(2.35308 -0.424583 3.23466e-23)
(2.3861 -0.471735 0)
(2.30823 -0.262068 -3.0817e-22)
(2.24889 -0.26192 -2.23949e-23)
(2.25329 -0.297285 0)
(2.20643 -0.0521996 0)
(2.15086 -0.0814895 2.33567e-23)
(2.17584 -0.0978566 9.6826e-25)
(1.88579 0.0745897 -1.24911e-22)
(1.86295 0.0288494 2.48686e-23)
(1.91236 0.0514164 0)
(1.62444 0.12 -1.08699e-21)
(1.63175 0.0365853 -7.09404e-23)
(1.65261 0.0746997 0)
(1.46043 0.0523084 1.21911e-21)
(1.46109 0.0414156 1.08907e-21)
(1.58925 0.0510971 1.87674e-22)
(0.510135 0.000248569 0)
(0.132926 -0.000365009 0)
(0.520553 0.000559857 0)
(0.134584 -0.000126038 0)
(0.530223 0.00380139 0)
(0.139956 -0.00195083 0)
(0.541212 0.00854898 0)
(0.155251 -0.00345459 0)
(0.515638 0.000557105 0)
(0.133498 -8.8093e-05 0)
(0.527808 0.00139451 0)
(0.137152 -0.000852399 0)
(0.537017 0.00670811 0)
(0.147036 -0.00294369 0)
(0.545873 0.00859029 0)
(0.164917 -0.0035459 0)
(0.547228 0.00610176 0)
(0.171185 -0.00318157 0)
(0.565827 0.00188022 0)
(0.187878 0.00222215 0)
(0.610459 0.00366824 0)
(0.217255 0.00307025 0)
(0.682059 0.00707245 0)
(0.267735 0.00405176 0)
(0.766428 0.00792223 0)
(0.334897 0.00420012 0)
(0.827459 0.00614293 0)
(0.395251 0.00401997 0)
(0.850504 0.00294691 0)
(0.44256 0.004012 0)
(0.819425 -0.00223455 0)
(0.463667 0.00388415 0)
(0.72818 -0.0122342 0)
(0.448059 0.000630325 0)
(0.578208 -0.0199746 0)
(0.367109 -0.00296553 0)
(0.424893 -0.0182851 0)
(0.262838 -0.00436426 0)
(0.299671 -0.014284 0)
(0.16778 -0.00503577 0)
(0.193843 -0.0122266 0)
(0.0776063 -0.00587235 0)
(0.104124 -0.00923887 0)
(-0.0133789 -0.00634976 0)
(0.0520188 -0.00208272 0)
(-0.081263 -0.00522434 0)
(0.0596772 0.00329841 7.45393e-26)
(-0.103941 -0.0014737 -7.35397e-26)
(0.124955 0.00957643 0)
(-0.077949 0.00195401 0)
(0.234547 0.0135918 0)
(-0.00956142 0.00338509 0)
(0.356768 0.0136934 1.01605e-24)
(0.0744369 0.0035567 1.00415e-24)
(0.46351 0.0106977 -5.22275e-23)
(0.148646 0.00273859 8.20883e-25)
(0.559894 0.0091569 -8.63695e-23)
(0.211053 0.00177806 0)
(0.642687 0.00800641 1.87232e-24)
(0.257207 0.00176719 0)
(0.552362 0.0047466 0)
(0.178375 0.000554498 0)
(0.586039 0.00275645 0)
(0.200776 0.00253173 0)
(0.643204 0.00532321 0)
(0.239548 0.0036267 0)
(0.725268 0.00832335 0)
(0.300871 0.00433413 0)
(0.801493 0.00717806 0)
(0.366749 0.00410893 0)
(0.84454 0.00552309 0)
(0.421056 0.00437666 0)
(0.843431 -0.00060995 0)
(0.456255 0.00398396 0)
(0.781662 -0.00623024 0)
(0.463389 0.00297403 0)
(0.6569 -0.0175704 0)
(0.413391 -0.00141259 0)
(0.498099 -0.0200038 0)
(0.314563 -0.00376402 0)
(0.358321 -0.0160521 0)
(0.213682 -0.0047291 0)
(0.244828 -0.0128791 0)
(0.122687 -0.00537072 0)
(0.145647 -0.0112617 0)
(0.0313107 -0.00641916 0)
(0.0708874 -0.00656059 8.94749e-27)
(-0.0521268 -0.006348 -8.8769e-27)
(0.0487246 0.00110455 -1.52382e-25)
(-0.0986048 -0.00445367 0)
(0.0873703 0.00565311 0)
(-0.0964718 0.000261495 0)
(0.176695 0.0121242 0)
(-0.0471174 0.00279785 0)
(0.295992 0.0143469 -1.01972e-24)
(0.0320151 0.00369374 -1.00732e-24)
(0.413072 0.0123091 -8.47415e-23)
(0.113463 0.00315209 4.30776e-23)
(0.507678 0.00978856 -2.73857e-24)
(0.179248 0.00229913 -7.67625e-23)
(0.589047 0.00610233 -1.80876e-24)
(0.230163 0.00103365 0)
(0.0284357 0.0179272 0)
(-0.0281303 0.00674773 8.62652e-34)
(-0.0479236 0.00784098 0)
(-0.119013 0.00337888 0)
(-0.0377785 -0.00294203 0)
(-0.1394 -0.000338497 0)
(0.0378257 -0.00941522 0)
(-0.0998673 -0.00268172 0)
(-0.0208997 0.0132289 0)
(-0.081982 0.00519208 0)
(-0.0529555 0.00249051 0)
(-0.137961 0.0017041 0)
(-0.00528175 -0.00682084 0)
(-0.124957 -0.00182905 0)
(0.0864998 -0.0106952 0)
(-0.0687429 -0.00314825 0)
(0.134331 -0.0107636 0)
(-0.0348652 -0.00329225 0)
(0.216697 -0.00861818 0)
(0.0276498 -0.00277871 0)
(0.27207 -0.0052471 0)
(0.0726831 -0.00199872 0)
(0.302695 -0.00234416 0)
(0.0997866 -0.00148903 0)
(0.314414 -0.000164883 0)
(0.112818 -0.00115057 0)
(0.314289 0.000961204 0)
(0.116508 -0.000900313 0)
(0.306571 0.00187672 0)
(0.113556 -0.000273134 0)
(0.292943 0.00253746 0)
(0.104116 0.000278298 0)
(0.277056 0.00262372 0)
(0.0903688 0.000711817 0)
(0.263817 0.00207775 0)
(0.0753839 0.000934825 0)
(0.259122 0.000864659 0)
(0.0633981 0.000866454 0)
(0.266884 -0.000240759 0)
(0.0573149 0.000714507 0)
(0.288923 -0.00215378 0)
(0.0593768 3.68218e-05 0)
(0.325604 -0.00351888 -1.82512e-26)
(0.0727934 -0.000408848 -1.80446e-26)
(0.375097 -0.00483956 -1.39151e-26)
(0.0963971 -0.000811316 9.58552e-30)
(0.435802 -0.00618882 0)
(0.12865 -0.00127146 0)
(0.504334 -0.00718604 8.36251e-30)
(0.167869 -0.00168725 -8.28083e-30)
(0.575851 -0.00750463 0)
(0.211728 -0.0018349 -3.30233e-26)
(0.645255 -0.00710698 9.10508e-24)
(0.25596 -0.00157488 -9.01512e-24)
(0.709745 -0.00686343 -3.85946e-23)
(0.297213 -0.000620225 -1.05452e-24)
(0.752146 -0.00479378 1.37144e-24)
(0.31843 -0.00152143 -2.33379e-22)
(0.178493 -0.00999211 0)
(-0.00180889 -0.00312711 0)
(0.247858 -0.00695097 0)
(0.0526774 -0.00237703 0)
(0.290054 -0.00370734 0)
(0.0881918 -0.00170753 0)
(0.310548 -0.00114706 0)
(0.107834 -0.00130258 0)
(0.315426 0.000460234 0)
(0.115543 -0.00107806 0)
(0.311417 0.00142223 0)
(0.115914 -0.000578811 0)
(0.300558 0.00230217 0)
(0.109646 1.75816e-05 0)
(0.2852 0.00265819 0)
(0.0976986 0.000509825 0)
(0.269938 0.00244803 0)
(0.082897 0.000871262 0)
(0.260375 0.0015238 0)
(0.0688915 0.00091644 0)
(0.261535 0.000289489 0)
(0.059684 0.000807816 0)
(0.274976 -0.000785975 0)
(0.0566648 0.000566995 0)
(0.304247 -0.00271067 5.00387e-27)
(0.0647183 -0.000190012 2.47459e-27)
(0.349289 -0.00466559 0)
(0.083618 -0.000785709 0)
(0.406503 -0.00601669 2.30908e-26)
(0.111908 -0.00120062 0)
(0.471217 -0.00683315 -6.52149e-30)
(0.147829 -0.00149947 0)
(0.538891 -0.00731907 3.30069e-29)
(0.189073 -0.00169997 -3.64648e-26)
(0.605589 -0.00696734 -7.87587e-24)
(0.232052 -0.00175905 2.65968e-24)
(0.668675 -0.0059092 -2.2873e-23)
(0.27271 -0.00177969 0)
(0.726795 -0.00128856 5.8322e-23)
(0.307511 -0.000451443 -5.92574e-23)
)
;

boundaryField
{
    inlet
    {
        type            fixedValue;
        value           nonuniform List<vector> 0();
    }
    outlet
    {
        type            zeroGradient;
    }
    wall
    {
        type            noSlip;
    }
    empty_zmin
    {
        type            empty;
    }
    empty_zmax
    {
        type            empty;
    }
    procBoundary1to0
    {
        type            processor;
        value           nonuniform List<vector> 
35
(
(3.09356 0.31513 3.02544e-21)
(3.22745 0.0683592 2.34914e-21)
(3.31717 0.127129 -2.06968e-21)
(3.36136 0.0159027 -6.20568e-22)
(3.3944 0.00605515 -1.20235e-21)
(3.3944 0.00605515 -1.20235e-21)
(3.40405 -0.0333104 -6.33468e-22)
(2.71389 -0.0584952 -6.06412e-23)
(3.35183 -0.038426 0)
(2.84523 1.62464 -2.25745e-20)
(2.34936 1.78638 -1.73098e-20)
(1.71891 1.65555 -2.06942e-21)
(0.962427 1.44325 0)
(0.220053 1.34604 4.74623e-22)
(-0.330243 1.0232 5.38014e-21)
(-0.599548 0.830209 -1.19427e-20)
(-0.533845 0.711827 1.18738e-20)
(0.232257 0.336805 -5.39146e-21)
(0.661502 0.106095 1.34806e-21)
(2.2415 0.00575388 -1.2203e-21)
(0.156267 -0.00595999 0)
(-0.115539 -0.00478816 0)
(2.35201 0.210513 3.57342e-21)
(3.1175 0.491441 3.64729e-21)
(3.11692 0.734745 0)
(3.11692 0.734745 0)
(3.14175 0.810124 0)
(3.13776 1.21777 -4.19559e-21)
(3.11471 1.41856 -2.377e-20)
(0.950765 0.0115171 0)
(2.96223 0.316624 -6.29534e-21)
(3.19279 0.415254 0)
(-0.729894 -0.0161337 0)
(-0.560171 -0.000168448 0)
(-0.560171 -0.000168448 0)
)
;
    }
}


// ************************************************************************* //
