/*--------------------------------*- C++ -*----------------------------------*\
| =========                 |                                                 |
| \\      /  F ield         | OpenFOAM: The Open Source CFD Toolbox           |
|  \\    /   O peration     | Version:  2406                                  |
|   \\  /    A nd           | Website:  www.openfoam.com                      |
|    \\/     M anipulation  |                                                 |
\*---------------------------------------------------------------------------*/
FoamFile
{
    version     2.0;
    format      ascii;
    arch        "LSB;label=32;scalar=64";
    class       surfaceScalarField;
    location    "4.65";
    object      phi;
}
// * * * * * * * * * * * * * * * * * * * * * * * * * * * * * * * * * * * * * //

dimensions      [0 3 -1 0 0 0 0];

oriented        oriented;

internalField   nonuniform List<scalar> 
4647
(
1.00131e-05
-9.88122e-05
-3.03096e-06
9.183e-05
-3.2111e-05
-0.000105514
3.85195e-05
9.91058e-05
-2.53397e-05
-0.000107685
0.000100914
-1.81125e-05
-0.000106321
9.90934e-05
-0.000104517
9.64179e-05
7.94144e-07
1.38113e-07
3.35686e-05
2.38118e-06
5.20353e-05
5.47499e-05
1.73252e-08
-1.03722e-06
-1.71623e-06
-0.000106953
1.07365e-05
-2.59609e-06
-3.69109e-06
-6.73035e-05
5.61746e-06
6.53772e-05
-7.79491e-05
-6.36032e-06
6.7407e-06
7.75687e-05
1.28874e-05
0.000161671
-6.88289e-06
-7.3177e-06
1.02744e-05
0.000167737
3.08779e-06
0.000165023
-1.32621e-05
0.000114486
-2.60353e-05
8.78307e-05
-3.90886e-05
6.79023e-05
-5.1643e-05
4.33643e-05
-7.39469e-05
1.57018e-05
-8.277e-05
-1.35168e-05
-8.35052e-05
-1.79948e-05
-7.78162e-05
-2.12808e-06
-5.95815e-05
2.14702e-05
-5.03821e-05
7.24316e-05
-4.11113e-05
7.71173e-05
-3.29554e-05
8.72876e-05
-2.68713e-05
9.36505e-05
-1.9121e-05
9.57207e-05
-1.33419e-05
0.000100944
-8.52893e-06
0.000103449
-2.11223e-06
0.000105389
-2.62991e-06
-1.25385e-06
5.38915e-05
3.28142e-05
4.843e-07
2.70148e-07
-4.4763e-06
-6.27787e-05
7.75827e-06
5.94967e-05
-7.7614e-05
-8.80219e-06
9.18757e-06
7.72286e-05
1.9891e-05
0.000161464
-9.1748e-06
-1.05096e-05
1.79036e-05
0.000169724
1.26717e-05
0.000170255
-5.91136e-06
0.000133069
-1.73053e-05
9.92247e-05
-2.8674e-05
7.9271e-05
-3.79281e-05
5.26184e-05
-5.48569e-05
3.26305e-05
-7.27529e-05
4.3792e-06
-7.75393e-05
-1.32083e-05
-7.18109e-05
-7.8565e-06
-5.72545e-05
6.91376e-06
-4.29747e-05
5.81519e-05
-3.84458e-05
7.25883e-05
-2.78573e-05
7.66991e-05
-1.94259e-05
8.52191e-05
-1.44083e-05
9.07031e-05
-1.04286e-05
9.69647e-05
-6.95039e-06
9.99703e-05
-1.44457e-06
0.000101896
-2.01272e-06
-5.27226e-05
-5.93334e-07
5.18714e-05
-3.22736e-05
3.18969e-05
-3.66394e-08
4.13344e-07
-3.86576e-06
-5.50706e-05
8.96825e-06
4.99681e-05
-7.67559e-05
-1.10926e-05
1.16215e-05
7.62269e-05
2.7306e-05
0.00015913
-1.18681e-05
-1.31036e-05
3.01757e-05
0.000166855
3.03845e-05
0.000170046
1.2041e-05
0.000151413
-3.62854e-06
0.000114894
-1.24799e-05
8.81224e-05
-2.31139e-05
6.32523e-05
-3.27396e-05
4.22563e-05
-4.9779e-05
2.14186e-05
-6.07481e-05
-2.23923e-06
-6.18033e-05
-6.80133e-06
-5.49051e-05
1.55567e-08
-3.33875e-05
3.66343e-05
-2.60215e-05
6.52223e-05
-2.30133e-05
7.36909e-05
-1.76361e-05
7.98419e-05
-1.42794e-05
8.73464e-05
-1.06344e-05
9.33197e-05
-6.77375e-06
9.61096e-05
-9.92285e-07
9.74074e-05
-1.29296e-06
-5.08615e-05
-6.94375e-08
4.99387e-05
-3.16109e-05
3.14833e-05
-3.65065e-07
4.92634e-07
3.50992e-05
2.62395e-06
9.54165e-07
3.06212e-05
7.86929e-07
2.59603e-05
4.32283e-06
3.38022e-07
1.88617e-07
3.51989e-07
2.14958e-05
-1.18047e-08
1.73534e-05
4.25891e-06
-1.16453e-07
-1.65783e-07
4.51734e-07
1.36081e-05
-1.20517e-07
1.07134e-05
2.93584e-06
-4.10923e-08
3.14806e-05
-5.11363e-07
5.1407e-07
-2.13892e-06
-4.38527e-05
8.78908e-06
3.72026e-05
-7.54002e-05
-1.23873e-05
1.36234e-05
7.41641e-05
3.14344e-05
0.000156891
-1.39582e-05
-1.52371e-05
3.65856e-05
0.000161703
4.15155e-05
0.000165116
3.70791e-05
0.000155849
1.97924e-05
0.000132181
7.26106e-06
0.000100654
-3.38634e-06
7.38997e-05
-1.19899e-05
5.08598e-05
-1.99766e-05
2.94053e-05
-3.22058e-05
9.98997e-06
-3.99581e-05
9.51042e-07
-4.36849e-05
3.74234e-06
-2.83647e-05
2.13141e-05
-1.29579e-05
4.98155e-05
-1.15099e-05
7.22429e-05
-1.12072e-05
7.95393e-05
-9.81255e-06
8.59517e-05
-6.01789e-06
8.9525e-05
-2.69317e-06
9.27849e-05
-2.37022e-07
9.52038e-05
-2.52492e-07
-4.88751e-05
2.26127e-07
4.84119e-05
3.16211e-05
-6.60945e-07
5.20505e-07
-1.78803e-06
-3.07551e-05
7.2288e-06
2.53144e-05
-7.23498e-05
-1.2803e-05
1.49738e-05
7.0179e-05
3.54602e-05
0.000153703
-1.54812e-05
-1.67916e-05
4.24047e-05
0.000154759
4.97051e-05
0.000157816
5.35637e-05
0.000151991
4.76869e-05
0.000138058
3.64384e-05
0.000111902
2.45095e-05
8.58287e-05
1.42617e-05
6.11075e-05
5.93645e-06
3.77305e-05
-2.46236e-06
1.83888e-05
-1.20319e-05
1.05206e-05
-1.96739e-05
1.13843e-05
-1.86755e-05
2.03157e-05
-7.78915e-06
3.89291e-05
-4.02833e-06
6.84821e-05
-3.76056e-06
7.92715e-05
-9.62222e-07
8.31534e-05
1.28836e-06
8.72745e-05
2.1381e-06
9.19352e-05
1.03272e-06
9.50667e-05
1.24245e-06
-4.77266e-05
1.01095e-06
4.77484e-05
-3.19399e-05
3.24826e-05
-9.53134e-07
4.10416e-07
-3.28264e-06
-2.10302e-05
6.31205e-06
1.80008e-05
-6.73368e-05
-1.20789e-05
1.48519e-05
6.45637e-05
3.73281e-05
0.000148651
-1.56939e-05
-1.65817e-05
4.47726e-05
0.000147314
5.35925e-05
0.000148996
6.22338e-05
0.000143349
6.62305e-05
0.000134061
6.36939e-05
0.000114439
5.5821e-05
9.37016e-05
4.78489e-05
6.90797e-05
3.56502e-05
4.99293e-05
2.27728e-05
3.12662e-05
1.13045e-05
2.19889e-05
1.03603e-06
2.16527e-05
-4.82645e-06
2.61782e-05
-3.50468e-06
3.76073e-05
9.74874e-07
6.40025e-05
3.49779e-06
7.67486e-05
5.51422e-06
8.1137e-05
5.04097e-06
8.77477e-05
4.1658e-06
9.28103e-05
1.45742e-06
9.59216e-05
1.85343e-06
-4.77773e-05
1.27633e-06
4.79584e-05
-3.31357e-05
3.38186e-05
-1.05004e-06
3.67128e-07
-3.32995e-06
-1.55159e-05
5.83745e-06
1.30084e-05
-6.08857e-05
-9.42299e-06
1.23027e-05
5.8006e-05
3.45933e-05
0.000140936
-1.38292e-05
-1.30494e-05
4.31881e-05
0.00013872
5.43705e-05
0.000137814
6.53222e-05
0.000132398
7.2579e-05
0.000126804
7.52846e-05
0.000111733
7.34352e-05
9.5551e-05
6.93648e-05
7.31501e-05
5.8581e-05
6.0713e-05
4.70111e-05
4.28361e-05
3.35574e-05
3.54426e-05
2.04327e-05
3.47774e-05
9.82052e-06
3.67904e-05
4.11598e-06
4.33119e-05
8.45731e-06
5.96612e-05
1.06289e-05
7.4577e-05
9.42431e-06
8.23416e-05
7.30434e-06
8.98677e-05
5.55905e-06
9.45556e-05
1.99127e-06
9.72212e-05
2.26824e-06
-4.81663e-05
1.53719e-06
4.86204e-05
-3.46082e-05
3.53244e-05
-1.07435e-06
3.58133e-07
-6.08925e-07
-1.06067e-05
1.92695e-06
9.28869e-06
-5.47796e-05
-3.81228e-06
6.25143e-06
5.23405e-05
2.63595e-05
0.00013015
-8.48418e-06
-7.08952e-06
3.68448e-05
0.000128234
4.88294e-05
0.000125829
6.0086e-05
0.000121141
7.16267e-05
0.000115264
7.84133e-05
0.000104947
7.98165e-05
9.41478e-05
7.68761e-05
7.60905e-05
7.13199e-05
6.62692e-05
6.17926e-05
5.23635e-05
5.03418e-05
4.68934e-05
3.87571e-05
4.63621e-05
2.54258e-05
5.01218e-05
1.51247e-05
5.3613e-05
1.41627e-05
6.06231e-05
1.57341e-05
7.30056e-05
1.19187e-05
8.6157e-05
8.36856e-06
9.34179e-05
6.14352e-06
9.67807e-05
1.9367e-06
9.88209e-05
2.60713e-06
-4.90812e-05
1.43054e-06
4.95874e-05
-3.60653e-05
3.67743e-05
-1.0806e-06
3.71578e-07
2.65441e-06
-9.2052e-06
-3.77859e-06
1.03294e-05
-4.91998e-05
3.40235e-06
-8.56637e-07
4.66541e-05
1.96454e-05
0.000115366
-2.8286e-06
-2.03257e-06
3.11701e-05
0.00011671
4.28915e-05
0.000114108
5.48001e-05
0.000109233
6.59437e-05
0.00010412
7.47138e-05
9.61764e-05
7.99398e-05
8.89218e-05
7.93e-05
7.67303e-05
7.68919e-05
6.86773e-05
6.88316e-05
6.04238e-05
5.87233e-05
5.70017e-05
4.77005e-05
5.73849e-05
3.79483e-05
5.98741e-05
2.82539e-05
6.33074e-05
2.1199e-05
6.7678e-05
1.96773e-05
7.45273e-05
1.72434e-05
8.85909e-05
1.22333e-05
9.84279e-05
8.26005e-06
0.000100754
2.36027e-06
0.000101697
3.02357e-06
-5.00193e-05
1.77339e-06
5.06062e-05
-3.77024e-05
3.85397e-05
-1.25851e-06
4.21214e-07
4.28184e-06
-1.23337e-05
-6.69506e-06
1.47469e-05
-4.36132e-05
6.75601e-06
-4.25868e-06
4.11158e-05
1.41576e-05
0.000100856
3.45506e-07
6.51527e-09
2.65965e-05
0.000104271
3.77394e-05
0.000102965
4.78146e-05
9.91574e-05
5.88994e-05
9.30351e-05
6.86688e-05
8.6407e-05
7.57438e-05
8.18469e-05
7.73354e-05
7.51386e-05
7.53963e-05
7.06164e-05
7.04692e-05
6.53509e-05
6.26589e-05
6.48119e-05
5.61047e-05
6.39391e-05
4.89794e-05
6.69993e-05
4.00645e-05
7.22223e-05
3.17427e-05
7.59998e-05
2.65049e-05
7.97651e-05
2.51148e-05
8.99811e-05
2.00177e-05
0.000103525
1.32298e-05
0.000107542
3.15041e-06
0.000107594
4.18267e-06
-5.1255e-05
2.07936e-06
5.2326e-05
-3.9554e-05
4.05365e-05
-1.39893e-06
4.16381e-07
3.56307e-06
-1.71425e-05
-5.70362e-06
1.9283e-05
-3.86166e-05
5.87784e-06
-3.85482e-06
3.65936e-05
1.01114e-05
8.93077e-05
9.83029e-07
4.54329e-07
2.20171e-05
9.23651e-05
3.3356e-05
9.16258e-05
4.42854e-05
8.8228e-05
5.43237e-05
8.29969e-05
6.25619e-05
7.81688e-05
6.72618e-05
7.71469e-05
7.13317e-05
7.10688e-05
7.16581e-05
7.029e-05
7.19191e-05
6.50899e-05
6.8651e-05
6.808e-05
6.58496e-05
6.67406e-05
5.93492e-05
7.34997e-05
5.2141e-05
7.94305e-05
4.44635e-05
8.36773e-05
3.57129e-05
8.85157e-05
3.10612e-05
9.46327e-05
2.61897e-05
0.000108396
1.76933e-05
0.000116038
3.98681e-06
0.000116614
4.68663e-06
-5.36035e-05
2.37669e-06
5.52136e-05
-4.16368e-05
4.25087e-05
-1.24853e-06
3.7658e-07
2.35184e-06
-2.10672e-05
-3.78053e-06
2.24959e-05
-3.475e-05
3.89101e-06
-2.43137e-06
3.32903e-05
9.65973e-06
7.89742e-05
4.92425e-07
1.81367e-07
2.06551e-05
8.13698e-05
3.15527e-05
8.07281e-05
4.07966e-05
7.8984e-05
4.89319e-05
7.48616e-05
5.59e-05
7.12008e-05
6.20142e-05
7.10327e-05
6.93079e-05
6.37751e-05
7.32621e-05
6.63357e-05
7.69858e-05
6.13662e-05
7.71352e-05
6.79306e-05
7.4565e-05
6.93108e-05
6.9907e-05
7.81577e-05
6.37879e-05
8.55496e-05
5.27754e-05
9.46899e-05
4.22568e-05
9.90342e-05
3.32578e-05
0.000103632
2.48208e-05
0.000116833
1.48284e-05
0.000126031
3.22668e-06
0.000124934
3.28163e-06
-5.71873e-05
1.74022e-06
5.86738e-05
-4.32577e-05
4.35122e-05
-6.13713e-07
3.59227e-07
1.44346e-06
-2.36176e-05
-2.20722e-06
2.43814e-05
-3.21021e-05
2.12282e-06
-1.20925e-06
3.11886e-05
1.06124e-05
6.93997e-05
-3.34712e-07
-7.03221e-07
1.98658e-05
7.21164e-05
2.90006e-05
7.15933e-05
3.70286e-05
7.0956e-05
4.59397e-05
6.59506e-05
5.43299e-05
6.28105e-05
6.35285e-05
6.18341e-05
7.13426e-05
5.5961e-05
7.82365e-05
5.94418e-05
8.12247e-05
5.8378e-05
8.18537e-05
6.73016e-05
8.04507e-05
7.07138e-05
7.68972e-05
8.17112e-05
6.75614e-05
9.48854e-05
5.45115e-05
0.00010774
4.12446e-05
0.000112301
2.72719e-05
0.000117604
1.57204e-05
0.000128385
6.03344e-06
0.000135718
2.91356e-07
0.000131897
-1.22147e-06
-6.05538e-05
-6.83169e-07
6.15283e-05
-4.32933e-05
4.1879e-05
1.04254e-06
3.71728e-07
7.90586e-07
-2.49076e-05
-1.15946e-06
2.52764e-05
-3.04562e-05
1.00329e-06
-3.41049e-07
2.9794e-05
9.55812e-06
6.22926e-05
-1.07074e-06
-1.38023e-06
1.73184e-05
6.4356e-05
2.53118e-05
6.36e-05
3.52224e-05
6.10453e-05
4.59315e-05
5.52416e-05
5.5539e-05
5.32029e-05
6.56681e-05
5.1705e-05
7.26346e-05
4.89945e-05
7.93269e-05
5.27496e-05
8.11803e-05
5.65246e-05
8.17884e-05
6.66935e-05
7.82589e-05
7.42433e-05
7.13871e-05
8.8583e-05
6.21125e-05
0.00010416
5.08777e-05
0.000118974
3.48623e-05
0.000128317
1.94491e-05
0.000133018
7.41027e-06
0.000140424
-9.84907e-07
0.000144113
-3.20261e-06
0.000138832
-4.7166e-06
-6.36163e-05
-5.13703e-06
6.55507e-05
-3.82767e-05
3.33366e-05
5.10979e-06
-1.69662e-07
3.98722e-07
-2.551e-05
-4.9886e-07
2.56102e-05
-2.91417e-05
3.92228e-07
2.06329e-07
2.85432e-05
7.30096e-06
5.7662e-05
-1.30476e-06
-1.36564e-06
1.43583e-05
5.72987e-05
2.30354e-05
5.49228e-05
3.31316e-05
5.09491e-05
4.20994e-05
4.62738e-05
5.12525e-05
4.40499e-05
6.01064e-05
4.28512e-05
6.59655e-05
4.31354e-05
7.12655e-05
4.74496e-05
7.32458e-05
5.45443e-05
7.37676e-05
6.61717e-05
6.78835e-05
8.01273e-05
5.92867e-05
9.71797e-05
5.22348e-05
0.000111212
4.32242e-05
0.000127985
2.9874e-05
0.000141667
1.56896e-05
0.000147202
3.18503e-06
0.000152928
-5.88294e-06
0.000153181
-7.14226e-06
0.000148049
-7.9577e-06
-6.68908e-05
-7.20028e-06
6.69488e-05
-2.88071e-05
2.53456e-05
4.13424e-06
-6.72746e-07
2.37785e-07
-2.56163e-05
-2.03082e-07
2.55816e-05
-2.79861e-05
-1.50023e-08
4.685e-07
2.75326e-05
6.39297e-06
5.38471e-05
-1.24301e-06
-1.33505e-06
1.32646e-05
5.04271e-05
2.20445e-05
4.6143e-05
3.04358e-05
4.25577e-05
3.72993e-05
3.94104e-05
4.30946e-05
3.82546e-05
4.80703e-05
3.78754e-05
5.17899e-05
3.94158e-05
5.41328e-05
4.51066e-05
5.32183e-05
5.54589e-05
4.91892e-05
7.02008e-05
4.57249e-05
8.35916e-05
4.16661e-05
0.000101239
3.60645e-05
0.000116814
3.02386e-05
0.000133811
2.21874e-05
0.000149718
9.47454e-06
0.000159915
-3.7627e-06
0.000166166
-1.41899e-05
0.000163608
-9.80243e-06
0.000154396
-1.07345e-05
-6.69169e-05
-8.75832e-06
6.58728e-05
-2.28749e-05
2.07049e-05
2.71777e-06
-5.47773e-07
-5.56598e-08
-2.55621e-05
8.51179e-08
2.55327e-05
-2.70639e-05
-2.98352e-07
6.5229e-07
2.671e-05
6.35128e-06
5.02672e-05
-1.30896e-06
-1.46239e-06
1.12881e-05
4.54902e-05
1.60105e-05
4.14206e-05
2.01161e-05
3.84521e-05
2.43618e-05
3.51647e-05
2.84162e-05
3.42001e-05
3.18404e-05
3.44512e-05
3.34031e-05
3.78532e-05
3.26541e-05
4.58557e-05
2.97044e-05
5.84085e-05
2.49203e-05
7.49849e-05
1.99222e-05
8.85898e-05
1.81505e-05
0.00010301
1.58057e-05
0.000119158
1.18181e-05
0.000137799
5.54049e-06
0.000155996
-5.46667e-06
0.000170922
-1.56322e-05
0.000176331
-2.36433e-05
0.000171619
-1.27139e-05
0.000156208
-1.27415e-05
-6.39013e-05
-8.21351e-06
5.94009e-05
-1.82082e-05
1.55216e-05
3.70655e-06
-1.01993e-06
-3.01184e-07
-2.54519e-05
4.42745e-07
2.53104e-05
-2.63279e-05
-6.25419e-07
8.62356e-07
2.6091e-05
5.67108e-06
4.73511e-05
-1.29334e-06
-1.46165e-06
8.10438e-06
4.30569e-05
9.81092e-06
3.97141e-05
1.16477e-05
3.66153e-05
1.30295e-05
3.37829e-05
1.35722e-05
3.36574e-05
1.36469e-05
3.43765e-05
1.3186e-05
3.8314e-05
1.21511e-05
4.68906e-05
1.00084e-05
6.05512e-05
9.40222e-06
7.55911e-05
7.53318e-06
9.04588e-05
3.53278e-06
0.000107011
-5.33426e-07
0.000123224
-6.61809e-06
0.000143883
-1.53515e-05
0.000164729
-2.05266e-05
0.000176097
-2.31692e-05
0.000178974
-2.55014e-05
0.000173951
-1.26721e-05
0.000156275
-1.28961e-05
-5.43156e-05
-7.28461e-06
4.89281e-05
-1.29293e-05
1.02407e-05
3.91102e-06
-1.22249e-06
-5.90779e-07
-2.5174e-05
5.81146e-07
2.51836e-05
-2.58506e-05
-5.9415e-07
7.41297e-07
2.57034e-05
3.56351e-06
4.59493e-05
-1.0938e-06
-1.06797e-06
4.04017e-06
4.25803e-05
3.2267e-06
4.05275e-05
2.06257e-06
3.77794e-05
9.36412e-07
3.4909e-05
4.19596e-07
3.41742e-05
6.15103e-08
3.47346e-05
-1.15463e-06
3.95302e-05
-2.43192e-06
4.81679e-05
-3.30545e-06
6.14247e-05
-4.56746e-06
7.68531e-05
-6.91424e-06
9.28056e-05
-1.07112e-05
0.000110808
-1.80077e-05
0.000130521
-2.57087e-05
0.000151584
-2.82172e-05
0.000167237
-2.61761e-05
0.000174056
-2.40357e-05
0.000176833
-2.2377e-05
0.000172292
-9.91056e-06
0.000152646
-8.83799e-06
-4.44745e-05
-7.69968e-06
4.22637e-05
-7.1371e-06
3.99125e-06
4.45483e-06
-1.30897e-06
-8.137e-07
-2.53671e-05
4.36209e-07
2.57445e-05
-2.56263e-05
-1.27239e-07
9.12127e-08
2.56623e-05
4.76915e-07
4.56535e-05
-2.66714e-07
8.56896e-08
-9.07868e-07
4.39651e-05
-4.06131e-06
4.3681e-05
-6.996e-06
4.07141e-05
-9.85408e-06
3.77671e-05
-1.29414e-05
3.72616e-05
-1.61142e-05
3.79074e-05
-1.92131e-05
4.26291e-05
-2.2103e-05
5.10578e-05
-2.46616e-05
6.39833e-05
-2.76911e-05
7.98826e-05
-3.22232e-05
9.73376e-05
-3.67838e-05
0.000115368
-4.00826e-05
0.00013382
-3.88572e-05
0.000150359
-3.37958e-05
0.000162176
-2.80898e-05
0.00016835
-2.22016e-05
0.000170945
-1.54766e-05
0.000165567
-3.60104e-06
0.000142813
-2.04185e-06
-4.02964e-05
-2.90861e-06
3.9604e-05
-1.43304e-06
3.14425e-07
1.74496e-06
-6.26348e-07
-1.98105e-07
-2.61648e-05
-2.51966e-07
2.66149e-05
-2.57453e-05
7.25228e-07
-8.45891e-07
2.5866e-05
-3.80478e-06
4.72493e-05
9.38657e-07
1.27028e-06
-7.35952e-06
4.75198e-05
-1.18854e-05
4.82069e-05
-1.62066e-05
4.50353e-05
-2.06538e-05
4.22143e-05
-2.61404e-05
4.27482e-05
-3.22539e-05
4.40209e-05
-3.83578e-05
4.8733e-05
-4.38651e-05
5.65651e-05
-4.86257e-05
6.87439e-05
-5.12637e-05
8.25206e-05
-5.28284e-05
9.89023e-05
-5.27294e-05
0.000115269
-5.03773e-05
0.000131468
-4.49998e-05
0.000144981
-3.70714e-05
0.000154248
-2.7532e-05
0.000158811
-1.77677e-05
0.000161181
-6.24816e-06
0.000154048
2.91843e-06
0.000129718
3.92767e-06
-3.76881e-05
2.90205e-06
3.77045e-05
-5.46833e-07
2.03218e-06
-1.83639e-06
3.5105e-07
2.78322e-07
-2.7125e-05
-8.51039e-07
2.76977e-05
-2.60012e-05
1.43715e-06
-2.0028e-06
2.65669e-05
-7.67349e-06
4.96699e-05
2.5934e-06
2.65945e-06
-1.18638e-05
5.17101e-05
-1.6539e-05
5.28821e-05
-2.18142e-05
5.03106e-05
-2.79166e-05
4.83167e-05
-3.46727e-05
4.95042e-05
-4.14315e-05
5.07797e-05
-4.84347e-05
5.57362e-05
-5.41512e-05
6.22816e-05
-5.89395e-05
7.35322e-05
-6.16847e-05
8.52658e-05
-6.17148e-05
9.89324e-05
-5.97443e-05
0.000113299
-5.58304e-05
0.000127554
-4.81869e-05
0.000137338
-3.78981e-05
0.000143959
-2.61016e-05
0.000147014
-1.29457e-05
0.000148025
3.55062e-07
0.000140747
6.50697e-06
0.0001168
6.76659e-06
-3.67755e-05
6.25516e-06
3.70273e-05
-4.48813e-06
7.48251e-06
-3.90039e-06
9.06007e-07
5.51566e-07
-2.82495e-05
-1.11027e-06
2.88082e-05
-2.7129e-05
1.75671e-06
-2.47208e-06
2.78443e-05
-7.40698e-06
5.16389e-05
2.91226e-06
2.52576e-06
-1.19906e-05
5.62937e-05
-1.75209e-05
5.84123e-05
-2.3603e-05
5.63927e-05
-3.06876e-05
5.54013e-05
-3.80805e-05
5.68972e-05
-4.4386e-05
5.70852e-05
-5.14126e-05
6.27628e-05
-5.79711e-05
6.88401e-05
-6.17929e-05
7.73541e-05
-6.40818e-05
8.75547e-05
-6.39965e-05
9.8847e-05
-6.15874e-05
0.00011089
-5.53753e-05
0.000121342
-4.64002e-05
0.000128363
-3.59027e-05
0.000133461
-2.5055e-05
0.000136167
-1.11954e-05
0.000134165
1.54396e-06
0.000128008
6.35234e-06
5.5797e-06
0.000106412
-3.71408e-05
6.00652e-06
3.74867e-05
-1.04948e-05
1.32258e-05
-3.58974e-06
8.58709e-07
4.11123e-07
-2.93566e-05
-8.71996e-07
2.98174e-05
-2.83531e-05
1.59837e-06
-2.05366e-06
2.88083e-05
-6.76471e-06
5.40049e-05
2.33386e-06
2.0648e-06
-1.13773e-05
6.09063e-05
-1.75626e-05
6.45976e-05
-2.46577e-05
6.34878e-05
-3.19776e-05
6.27213e-05
-3.9991e-05
6.49106e-05
-4.75423e-05
6.46364e-05
-5.28604e-05
6.80809e-05
-5.79721e-05
7.39518e-05
-6.08687e-05
8.02506e-05
-6.25817e-05
8.92677e-05
-6.18913e-05
9.81566e-05
-5.81166e-05
0.000107115
-5.0922e-05
0.000114147
-4.28565e-05
0.000120297
-3.30615e-05
0.000123666
-2.24922e-05
0.000125597
-1.11131e-05
0.000122786
0.000116695
1.99037e-07
4.63573e-07
-3.01922e-05
-7.47928e-07
3.04766e-05
-2.91445e-05
1.42198e-06
-1.79245e-06
2.9515e-05
-9.54294e-06
5.85759e-05
2.46964e-06
2.50235e-06
-1.36653e-05
6.50286e-05
-1.84631e-05
6.93954e-05
-2.53809e-05
7.04056e-05
-3.19972e-05
6.93375e-05
-3.7769e-05
7.06824e-05
-4.46667e-05
7.15342e-05
-5.01709e-05
7.35852e-05
-5.5126e-05
7.89069e-05
-5.8149e-05
8.32736e-05
-5.89284e-05
9.00472e-05
-5.67999e-05
9.6028e-05
-5.27793e-05
0.000103094
-4.69905e-05
0.000108358
-3.93735e-05
0.00011268
-3.09336e-05
0.000115226
-2.06158e-05
0.000115279
-1.11419e-05
0.000113313
-1.39906e-06
5.58052e-07
-3.06281e-05
-5.8404e-07
3.06541e-05
-3.00153e-05
1.09275e-06
-1.65034e-06
3.05729e-05
-1.33337e-05
6.55211e-05
2.96327e-06
3.42527e-06
-1.74503e-05
6.91452e-05
-2.00112e-05
7.19563e-05
-2.52863e-05
7.56807e-05
-3.1263e-05
7.53142e-05
-3.66619e-05
7.60813e-05
-4.28273e-05
7.76995e-05
-4.84318e-05
7.91897e-05
-5.15483e-05
8.20234e-05
-5.35993e-05
8.53245e-05
-5.46007e-05
9.10486e-05
-5.27652e-05
9.41924e-05
-4.85024e-05
9.88317e-05
-4.31978e-05
0.000103054
-3.60319e-05
-2.84906e-05
-1.95317e-05
9.27327e-07
-3.06332e-05
-9.40914e-07
3.06468e-05
-3.14002e-05
1.48886e-06
-2.27478e-06
3.21862e-05
-1.40771e-05
3.77604e-06
4.63914e-06
7.11829e-05
-1.88209e-05
7.3889e-05
-2.15685e-05
7.47039e-05
-2.56635e-05
7.97757e-05
-3.12135e-05
8.08642e-05
-3.70573e-05
8.19251e-05
-4.17561e-05
8.23983e-05
-4.55243e-05
8.29579e-05
-4.81911e-05
8.46902e-05
-4.96793e-05
8.68128e-05
-4.91771e-05
9.05464e-05
-4.75673e-05
9.25826e-05
-4.40182e-05
9.52825e-05
9.75551e-05
8.5766e-06
-2.14075e-09
6.97621e-06
1.7152e-06
-1.14808e-07
-7.86277e-07
4.6749e-07
5.44852e-06
-2.6034e-07
3.47433e-06
2.46796e-06
-4.93772e-07
-1.024e-06
3.70914e-07
9.69461e-07
-7.77768e-07
-1.60958e-06
3.60406e-06
-1.02502e-06
-1.16924e-06
3.79626e-07
-3.92726e-06
-1.01228e-06
-5.42793e-06
2.25626e-06
-7.55579e-07
-1.1091e-06
3.68177e-07
-5.70838e-06
-3.28485e-07
-4.83516e-06
-1.01722e-06
1.44013e-07
-1.3501e-06
4.22025e-07
-2.78934e-06
6.0859e-07
1.28444e-07
-3.82767e-06
9.0988e-07
-1.45943e-06
4.45178e-07
3.43078e-06
9.79499e-07
6.57377e-06
-4.10725e-06
9.6426e-07
-1.51302e-06
4.12774e-07
9.25529e-06
8.81557e-07
1.14643e-05
-2.91659e-06
7.07564e-07
-1.14753e-06
3.98561e-07
1.32733e-05
5.42855e-07
1.47087e-05
-1.8352e-06
3.99838e-07
-1.48045e-07
3.66958e-07
1.58655e-05
2.86623e-07
1.67769e-05
-1.11092e-06
1.99532e-07
3.39539e-06
2.0685e-07
1.74465e-05
1.20922e-07
1.79254e-05
-5.40686e-07
6.18093e-08
5.18104e-06
-6.51508e-07
1.83021e-05
2.20782e-08
1.86246e-05
-3.24085e-07
1.59125e-09
2.94363e-06
-4.72978e-07
1.88748e-05
-1.24289e-08
1.90407e-05
-1.43636e-07
-2.22592e-08
3.31985e-06
-8.23137e-07
1.90384e-05
-5.34115e-08
1.89151e-05
1.90973e-07
-6.76494e-08
3.71591e-06
-1.12356e-06
1.86596e-05
-4.56823e-08
1.82608e-05
4.32559e-07
-3.37509e-08
4.42154e-06
-1.31791e-06
1.77249e-05
-5.48903e-08
1.70403e-05
7.75629e-07
-9.10465e-08
3.68603e-06
-1.12782e-06
1.63329e-05
-1.06285e-07
1.58144e-05
5.85658e-07
-6.71646e-08
-8.76175e-08
-1.4479e-07
1.56219e-05
-5.64251e-09
1.56477e-05
-6.0449e-08
3.4669e-08
-3.13048e-06
6.74528e-07
1.58583e-05
6.77777e-08
1.62102e-05
-4.56878e-07
1.04963e-07
-3.97905e-06
9.66781e-07
1.662e-05
1.41703e-07
1.69849e-05
-5.13706e-07
1.48885e-07
-2.98188e-06
6.89616e-07
1.55181e-05
1.7277e-05
1.18972e-07
1.75863e-05
-4.22718e-07
1.13384e-07
1.79256e-05
1.24338e-07
1.83016e-05
-5.11116e-07
1.35096e-07
1.87196e-05
1.40069e-07
1.92968e-05
-7.42761e-07
1.65584e-07
2.00259e-05
1.98188e-07
-1.08386e-06
2.18355e-07
2.08914e-05
-4.47728e-06
5.00639e-06
7.55366e-05
-4.93238e-06
7.88963e-05
7.47938e-05
-6.92133e-06
7.55461e-06
7.41605e-05
7.87541e-05
-7.50936e-06
7.89457e-05
5.12658e-05
1.46098e-06
4.99934e-05
7.31166e-05
-8.68501e-06
9.96743e-06
7.18342e-05
7.89585e-05
-1.04401e-05
7.8889e-05
4.93635e-05
1.00289e-06
4.81948e-05
6.97098e-05
-9.05121e-06
1.15884e-05
6.71726e-05
7.86425e-05
-1.24152e-05
7.79541e-05
4.77603e-05
2.29347e-07
4.70196e-05
6.35744e-05
-8.16264e-06
1.26361e-05
5.9101e-05
7.76193e-05
-1.44503e-05
7.68326e-05
4.65847e-05
-4.3285e-07
4.62313e-05
5.35268e-05
-6.75207e-06
1.25366e-05
4.77424e-05
7.63251e-05
-1.53788e-05
7.49123e-05
4.62891e-05
-1.21348e-06
4.64786e-05
4.19755e-05
-6.08897e-06
1.08096e-05
3.72549e-05
7.40703e-05
-1.44876e-05
7.19762e-05
4.67049e-05
-1.64555e-06
4.71812e-05
3.36694e-05
-4.65798e-06
7.14025e-06
3.11871e-05
7.04497e-05
-1.03666e-05
6.77669e-05
4.76441e-05
-1.80742e-06
4.83424e-05
2.93018e-05
9.33743e-07
3.33907e-07
2.80341e-05
6.55342e-05
-3.47462e-06
6.19193e-05
4.86923e-05
-2.17517e-06
4.95174e-05
2.76579e-05
5.83197e-06
-5.69387e-06
2.75198e-05
5.8234e-05
2.65298e-06
5.35485e-05
5.00323e-05
-2.37479e-06
5.09476e-05
2.75807e-05
6.50281e-06
-6.63492e-06
2.77128e-05
4.96353e-05
4.13565e-06
4.55062e-05
5.16281e-05
-2.90519e-06
5.30202e-05
2.78871e-05
4.70077e-06
-4.86022e-06
2.80465e-05
4.26344e-05
3.01665e-06
4.00721e-05
5.41484e-05
-2.71296e-06
5.57138e-05
2.8157e-05
2.95688e-06
-2.98153e-06
2.81816e-05
3.81331e-05
1.79332e-06
3.65212e-05
5.68403e-05
-1.40159e-06
5.80939e-05
2.80972e-05
1.63712e-06
-1.46417e-06
2.79243e-05
3.49772e-05
7.31828e-07
3.35421e-05
5.84532e-05
3.30942e-06
5.85392e-05
2.77681e-05
7.74279e-07
-6.43411e-07
2.76372e-05
3.21304e-05
-8.85548e-09
3.0759e-05
5.8512e-05
6.05667e-06
5.76363e-05
2.75306e-05
3.30205e-07
-1.09305e-07
2.73097e-05
2.96606e-05
-4.47738e-07
2.87427e-05
5.45703e-05
7.92585e-06
4.95881e-05
2.70916e-05
1.24182e-07
2.20255e-07
2.67472e-05
2.79681e-05
-6.88938e-07
2.7322e-05
4.35475e-05
8.76302e-06
3.81044e-05
2.6534e-05
-2.71702e-07
5.27243e-07
2.62784e-05
2.66654e-05
-9.09295e-07
2.61123e-05
3.35974e-05
7.65615e-06
2.96572e-05
2.60957e-05
-5.68937e-07
7.36363e-07
2.59283e-05
2.56813e-05
-9.76787e-07
2.51964e-05
2.62836e-05
8.44257e-06
2.22625e-05
2.59153e-05
-5.92203e-07
5.41571e-07
2.5966e-05
2.48439e-05
-6.18714e-07
2.43947e-05
1.90177e-05
6.87074e-06
1.5833e-05
2.62749e-05
-1.65405e-07
-1.11239e-07
2.65516e-05
2.42192e-05
1.94233e-07
2.41106e-05
1.46693e-05
1.25957e-07
1.44558e-05
2.70248e-05
5.70587e-07
-9.37988e-07
2.73922e-05
2.42034e-05
1.07324e-06
2.44004e-05
1.55214e-05
-4.85671e-06
1.72476e-05
2.79783e-05
1.00868e-06
-1.50994e-06
2.84796e-05
2.4991e-05
2.07202e-06
2.55785e-05
1.96024e-05
-6.65301e-06
2.22764e-05
2.9126e-05
1.06204e-06
-1.66606e-06
2.97301e-05
2.60186e-05
2.17479e-06
2.63696e-05
2.46931e-05
-5.05559e-06
2.67668e-05
3.80108e-05
3.04564e-05
7.97499e-07
-1.47046e-06
3.11294e-05
2.66498e-05
1.8066e-06
2.6908e-05
3.18034e-05
6.6267e-07
-1.22145e-06
3.23622e-05
2.75852e-05
1.72178e-06
2.83658e-05
3.28709e-05
7.21811e-07
-1.1547e-06
3.33038e-05
2.96787e-05
1.98205e-06
3.11219e-05
3.38518e-05
1.20592e-06
-1.99649e-06
3.46423e-05
3.07688e-05
3.26232e-05
3.22753e-06
3.40348e-05
3.34172e-05
6.5957e-08
-8.33028e-07
-1.65028e-06
1.55133e-07
5.98281e-07
-3.40071e-07
1.53304e-06
-1.3779e-06
1.79691e-07
5.67389e-08
2.56204e-07
1.2095e-06
-1.02981e-06
1.17242e-07
1.68403e-07
1.83963e-07
5.86311e-07
-8.45845e-07
1.99964e-07
9.06852e-07
-6.45881e-07
1.59451e-07
-1.18197e-06
1.43293e-06
4.53505e-07
-2.94053e-07
1.37796e-07
-1.6672e-06
1.89653e-06
1.57403e-07
-1.9607e-08
1.34125e-07
-2.13352e-06
2.35753e-06
-1.2303e-07
2.57154e-07
1.2701e-07
-2.59572e-06
2.84029e-06
-3.87136e-07
5.14146e-07
1.60109e-07
-3.10817e-06
3.36928e-06
-6.68288e-07
8.28397e-07
1.81211e-07
-3.63359e-06
3.86876e-06
-1.00926e-06
1.19047e-06
1.86768e-07
-4.09157e-06
4.28138e-06
-1.38044e-06
1.56721e-06
2.1946e-07
-4.46441e-06
4.60418e-06
-1.78274e-06
2.0022e-06
2.64422e-07
-4.72968e-06
4.83698e-06
-2.24366e-06
2.50808e-06
3.78073e-08
-4.85203e-06
4.64457e-06
-2.69988e-06
2.73768e-06
-1.86835e-07
-4.1588e-06
3.67289e-06
-2.57194e-06
2.38511e-06
-1.30448e-07
-3.29627e-06
2.87895e-06
-2.28875e-06
2.1583e-06
-3.89026e-07
-2.32883e-06
1.69793e-06
-1.88528e-06
1.49625e-06
-5.39055e-07
-1.03758e-06
3.54144e-07
-1.03304e-06
4.93989e-07
-6.67182e-07
3.28911e-07
-9.70699e-07
1.40863e-07
-8.08045e-07
-3.74851e-07
1.48879e-06
-1.74029e-06
1.41778e-06
-1.79263e-06
1.07061e-07
1.7344e-06
-1.49042e-06
1.9433e-06
-1.83624e-06
3.83959e-07
1.10474e-06
-5.82691e-07
1.54739e-06
-1.16343e-06
3.53889e-07
1.59827e-08
4.88837e-07
7.63355e-07
-4.09466e-07
1.92376e-07
1.3665e-07
1.42637e-07
1.29982e-07
1.54142e-07
1.80865e-07
1.89966e-07
2.1553e-07
2.41458e-07
1.91799e-07
-1.65743e-07
-9.63613e-08
-2.73021e-07
-4.63207e-07
-6.34852e-07
-6.09731e-07
-1.50671e-07
2.88852e-07
4.00073e-07
2.87574e-07
8.9088e-07
-1.21892e-07
4.82303e-07
2.70554e-07
3.40718e-08
-2.26068e-07
5.39924e-08
-1.41901e-07
7.61032e-08
-4.12451e-09
5.8117e-08
-2.04225e-08
2.35474e-08
-1.23642e-07
-4.13137e-08
2.08914e-08
2.30193e-07
-1.68033e-08
1.5557e-08
-1.80291e-07
3.64484e-08
3.43941e-08
-2.16826e-07
7.08424e-08
-7.23291e-08
3.3142e-07
-5.19431e-07
-7.06283e-08
-1.70082e-09
-3.52549e-07
8.21636e-07
-1.24686e-06
1.93268e-07
-5.45816e-07
-5.53702e-07
1.7625e-06
-2.22108e-06
1.05519e-06
-1.60889e-06
-2.59073e-07
2.5229e-06
-2.59232e-06
2.06264e-06
-2.32172e-06
2.17231e-07
2.41056e-06
-2.0192e-06
2.35946e-06
-2.14223e-06
4.66758e-07
1.51956e-06
-1.00682e-06
1.73199e-06
-1.26523e-06
3.5864e-07
4.71685e-07
5.12322e-08
8.36105e-07
-4.77466e-07
2.23458e-07
-4.734e-07
7.92798e-07
1.9207e-07
3.13879e-08
1.14274e-07
-1.02924e-06
1.20159e-06
-1.94784e-07
3.09058e-07
4.58561e-08
-1.3231e-06
1.39816e-06
-3.87082e-07
4.32938e-07
5.40039e-09
-1.43845e-06
1.45513e-06
-4.54462e-07
4.59863e-07
-7.67677e-09
-1.45916e-06
1.45441e-06
-4.57418e-07
4.49742e-07
-2.12291e-08
-1.44136e-06
1.40918e-06
-4.40531e-07
4.19302e-07
-1.77031e-08
-1.36956e-06
1.34159e-06
-3.91269e-07
3.73566e-07
-1.2515e-08
-1.31625e-06
1.27387e-06
-3.65155e-07
3.5264e-07
-4.60147e-08
-1.21271e-06
1.15244e-06
-3.2275e-07
2.76735e-07
-1.36057e-08
-1.12272e-06
1.13069e-06
-2.3929e-07
2.25684e-07
1.31825e-08
-1.16384e-06
1.21844e-06
-2.27198e-07
2.40381e-07
4.51805e-08
-1.29476e-06
1.39129e-06
-2.69018e-07
3.14198e-07
3.62095e-08
-1.48963e-06
1.5724e-06
-3.64734e-07
4.00943e-07
3.83871e-08
-1.65322e-06
1.73917e-06
-4.33501e-07
4.71888e-07
4.39299e-08
-1.83158e-06
1.92772e-06
-5.14582e-07
5.58512e-07
7.014e-08
-2.03832e-06
2.16637e-06
-6.13491e-07
6.83631e-07
-2.14137e-10
-1.91567e-07
-5.0937e-07
-4.53754e-07
-3.77419e-08
4.10237e-07
4.29126e-07
2.85396e-07
1.63396e-07
7.80236e-08
2.15245e-08
-2.44494e-09
-9.21082e-09
-2.80329e-08
-8.41101e-09
-2.98902e-08
-3.7445e-08
1.51421e-09
2.86372e-08
5.05354e-08
3.25573e-08
4.26941e-08
5.4979e-08
8.07695e-08
2.30395e-06
7.644e-07
1.2948e-06
-9.33156e-05
1.05908e-06
8.83656e-05
1.63871e-06
3.79728e-05
-3.83168e-05
2.19566e-05
-2.11466e-05
-9.8194e-07
1.71958e-07
-7.24879e-07
1.21861e-07
2.25596e-05
4.03696e-06
9.92326e-05
3.34118e-06
3.82524e-06
3.82225e-05
1.73479e-05
-2.35219e-06
5.22324e-07
2.41375e-06
2.10419e-06
-3.84689e-05
2.51396e-06
3.83687e-05
-1.88507e-05
2.01024e-05
-1.55465e-06
3.02959e-07
-1.89569e-06
3.92944e-07
-1.28057e-06
2.36292e-07
3.19306e-05
-3.12739e-05
-1.29363e-06
3.24994e-05
3.77383e-05
2.82399e-05
-3.0948e-06
2.9439e-05
3.03983e-05
-2.15609e-06
7.37386e-08
1.82691e-06
-1.72869e-06
5.68552e-07
-4.94813e-07
5.36931e-08
1.89508e-06
6.22245e-07
2.24523e-07
1.18868e-06
1.02631e-07
1.27158e-07
-1.41628e-06
1.59208e-06
-2.67977e-07
3.95135e-07
1.65345e-07
9.9678e-08
4.96726e-07
8.45231e-05
3.14809e-07
8.61568e-07
3.73735e-05
2.29652e-05
-4.83029e-07
7.74528e-08
-1.57317e-05
9.27425e-05
2.20825e-05
-8.95901e-06
8.96453e-05
-3.15138e-06
8.60224e-05
-8.23102e-08
8.16143e-05
-1.60272e-07
-3.70921e-05
2.5655e-07
3.67533e-05
-2.32175e-05
2.3344e-05
-1.4865e-07
2.20729e-08
-4.14064e-05
8.80981e-05
-9.08992e-05
4.42075e-05
-3.7679e-05
8.80535e-05
-9.17809e-05
-3.27222e-05
8.77296e-05
-9.26864e-05
-2.65496e-05
8.61119e-05
-9.22844e-05
-2.00706e-05
8.77995e-05
-9.42785e-05
-1.41204e-05
8.67923e-05
-8.62159e-06
8.41465e-05
-3.93401e-06
8.13348e-05
-4.48455e-07
7.86272e-05
-4.98428e-07
-3.64844e-05
-1.23755e-07
3.61597e-05
-2.33706e-05
2.33062e-05
7.28717e-08
-8.43174e-09
-4.19083e-05
4.52835e-05
8.47229e-05
-3.78366e-05
8.39818e-05
-3.27534e-05
8.26464e-05
-2.71946e-05
8.0553e-05
-2.08334e-05
8.14383e-05
-1.5122e-05
8.10809e-05
-1.02207e-05
7.92452e-05
-6.02504e-06
7.71391e-05
-9.59374e-07
-1.05851e-06
7.462e-05
-3.5951e-05
-5.88588e-07
3.55803e-05
-2.31218e-05
2.28202e-05
3.37833e-07
-3.62229e-08
-2.98707e-07
4.64687e-08
-3.1342e-08
4.73379e-09
1.97251e-07
-1.28769e-08
3.39159e-07
2.2522e-05
-4.09383e-08
-4.39097e-05
4.55931e-05
-4.0408e-05
-3.55393e-05
-2.8718e-05
3.28779e-05
-5.96146e-07
3.31753e-05
3.32832e-05
-1.08567e-07
3.33605e-05
3.33096e-05
2.89745e-07
3.32171e-05
3.29663e-05
6.95361e-07
3.26101e-05
3.52171e-05
1.11144e-06
-1.34381e-06
3.10012e-05
2.45953e-06
-3.64471e-06
3.46024e-05
-1.4068e-05
7.51134e-05
4.83616e-06
5.30136e-06
-1.88318e-05
7.86528e-05
-2.39753e-05
7.98475e-05
-2.79448e-05
8.37453e-05
-3.24068e-05
8.53262e-05
-3.69734e-05
8.64917e-05
-4.03496e-05
8.57745e-05
-4.33521e-05
8.59604e-05
-4.55813e-05
8.69194e-05
-4.63967e-05
8.76282e-05
8.97428e-05
8.76945e-07
-3.12687e-05
-1.08656e-06
3.14783e-05
-3.63009e-05
2.47369e-06
-4.32354e-06
3.81507e-05
-1.67569e-05
8.00116e-05
5.66439e-06
6.19437e-06
-2.13733e-05
8.32692e-05
-2.81922e-05
8.66663e-05
-3.24122e-05
8.79653e-05
-3.56687e-05
8.85826e-05
-3.91161e-05
8.99391e-05
-4.24664e-05
8.91248e-05
-4.48517e-05
8.83458e-05
-4.63645e-05
8.84322e-05
-4.64899e-05
8.77535e-05
5.35315e-07
-3.16626e-05
-6.76911e-07
3.18042e-05
-4.05424e-05
1.33978e-06
-3.51799e-06
4.27206e-05
-1.86725e-05
8.77395e-05
5.51727e-06
5.42729e-06
-2.42926e-05
8.88892e-05
-3.0319e-05
9.26928e-05
-3.5063e-05
9.27094e-05
-3.92223e-05
9.27419e-05
-4.1329e-05
9.20458e-05
1.44776e-07
-3.19794e-05
-3.63756e-07
3.21984e-05
-4.45824e-05
-1.41055e-09
-8.42228e-07
4.5426e-05
-1.44419e-05
9.70462e-05
2.90646e-06
2.22887e-06
-2.12546e-05
9.57019e-05
2.17825e-05
2.20315e-07
2.26109e-05
-1.03023e-06
2.01889e-07
2.3313e-05
1.74785e-07
2.38896e-05
-7.25443e-07
1.48832e-07
2.43052e-05
1.19751e-07
2.45458e-05
-3.34626e-07
9.4022e-08
2.46205e-05
7.00578e-08
2.45629e-05
-1.06535e-09
5.8662e-08
8.74605e-05
-4.42294e-05
9.20252e-05
-4.66276e-05
9.0744e-05
-4.80164e-05
8.98209e-05
-4.72351e-05
8.69723e-05
8.55089e-05
-2.57078e-05
9.7146e-05
-3.1488e-05
9.84896e-05
-3.78984e-05
9.91522e-05
-4.25194e-05
9.66668e-05
-4.57831e-05
9.52889e-05
-4.84953e-05
9.34562e-05
-4.94903e-05
9.08159e-05
-4.77003e-05
8.51823e-05
-4.56294e-05
8.3438e-05
-4.31763e-05
8.22698e-05
-3.86259e-05
7.94314e-05
-3.41316e-05
7.81521e-05
-2.93312e-05
7.57526e-05
-2.36409e-05
7.5748e-05
-1.84038e-05
7.58438e-05
-1.3468e-05
7.43095e-05
-8.73318e-06
7.24042e-05
-1.65702e-06
6.95039e-05
-1.96001e-06
-8.7574e-07
3.44358e-05
2.22156e-05
3.58682e-07
-5.2296e-08
-1.59001e-07
-3.26764e-05
-4.68862e-07
3.33042e-05
-4.55467e-05
-6.14427e-08
7.68229e-07
4.48399e-05
-5.27075e-06
0.000103187
-2.81796e-07
-5.87961e-07
-1.26758e-05
0.000103107
-1.7361e-05
0.000101831
-2.40985e-05
0.000105227
-3.088e-05
0.000105934
-3.85331e-05
0.00010432
-4.39555e-05
0.000100711
-4.71681e-05
9.66689e-05
-4.84021e-05
9.20498e-05
-4.91146e-05
8.58949e-05
-4.69509e-05
8.12743e-05
-4.41293e-05
7.94482e-05
-4.07501e-05
7.60522e-05
-3.62565e-05
7.36585e-05
-3.15641e-05
7.10601e-05
-2.62846e-05
7.04686e-05
-2.10962e-05
7.06554e-05
-1.5887e-05
6.91002e-05
-1.05558e-05
6.70731e-05
-2.41894e-06
6.40958e-05
-2.72879e-06
-3.35283e-05
-1.27768e-06
3.23871e-05
-2.19235e-05
2.16293e-05
3.6157e-07
-6.73888e-08
-4.08646e-07
-3.39892e-05
-6.3536e-08
3.44614e-05
-4.38877e-05
-3.95866e-08
1.16513e-06
4.27622e-05
4.79785e-06
0.0001025
-2.04224e-06
-2.06908e-06
-1.29164e-06
0.000109196
-1.00555e-05
0.000110595
-1.68682e-05
0.00011204
-2.33e-05
0.000112365
-2.99323e-05
0.000110952
-3.54557e-05
0.000106235
-4.01057e-05
0.000101319
-4.26799e-05
9.4624e-05
-4.57879e-05
8.90029e-05
-4.67996e-05
8.22859e-05
-4.32676e-05
7.59162e-05
-3.91866e-05
7.19712e-05
-3.46536e-05
6.91254e-05
-3.02197e-05
6.66263e-05
-2.53917e-05
6.56405e-05
-2.04319e-05
6.56955e-05
-1.5489e-05
6.41573e-05
-1.05141e-05
6.20983e-05
-2.7339e-06
5.91367e-05
-2.82118e-06
-3.11516e-05
-1.50954e-06
2.99273e-05
-2.13251e-05
2.10362e-05
3.91792e-07
-1.02857e-07
-4.61416e-07
-3.46433e-05
6.26828e-07
3.44779e-05
-4.23866e-05
-7.6631e-07
1.8165e-06
4.13364e-05
1.28542e-05
9.70784e-05
-4.07388e-06
-3.35857e-06
1.16376e-05
0.000110413
1.93344e-06
0.000120299
-7.62368e-06
0.000121597
-1.55336e-05
0.000120275
-2.08979e-05
0.000116317
-2.71436e-05
0.00011248
-3.32506e-05
0.000107426
-3.97782e-05
0.000101152
-4.41505e-05
9.33752e-05
-4.37756e-05
8.19111e-05
-4.03969e-05
7.25375e-05
-3.66435e-05
6.82178e-05
-3.23825e-05
6.48644e-05
-2.72569e-05
6.15007e-05
-2.21341e-05
6.05177e-05
-1.71438e-05
6.07053e-05
-1.28925e-05
5.99061e-05
-8.96993e-06
5.81756e-05
-2.41784e-06
5.49853e-05
-2.40073e-06
-2.866e-05
-1.34139e-06
2.75835e-05
-2.07138e-05
2.03447e-05
5.0417e-07
-1.35072e-07
-4.98415e-07
-3.39748e-05
1.28591e-06
3.31873e-05
-4.10459e-05
-1.81359e-06
3.03754e-06
3.98219e-05
1.89612e-05
8.79458e-05
-5.26147e-06
-4.56712e-06
2.50648e-05
0.000104309
2.20584e-05
0.000123306
1.00041e-05
0.000133651
-7.65519e-07
0.000131045
-9.31356e-06
0.000124865
-1.64794e-05
0.000119646
-2.27996e-05
0.000113746
-2.65981e-05
0.00010495
-3.00621e-05
9.68392e-05
-3.28951e-05
8.47442e-05
-3.33655e-05
7.30078e-05
-3.05266e-05
6.53789e-05
-2.58087e-05
6.01465e-05
-2.10028e-05
5.66948e-05
-1.66679e-05
5.61828e-05
-1.26595e-05
5.66969e-05
-9.58602e-06
5.68326e-05
-6.7278e-06
5.53174e-05
-1.82213e-06
5.18601e-05
-1.78046e-06
-2.65169e-05
-1.05091e-06
2.57457e-05
-1.98567e-05
1.93251e-05
6.588e-07
-1.27194e-07
-7.3028e-07
-3.23158e-05
1.68464e-06
3.13615e-05
-3.88761e-05
-2.78137e-06
4.85616e-06
3.68013e-05
2.53138e-05
7.70468e-05
-7.2654e-06
-7.14939e-06
3.5292e-05
9.43311e-05
3.81816e-05
0.000120416
3.07129e-05
0.00014112
1.78792e-05
0.000143879
4.62746e-06
0.000138116
-4.60278e-06
0.000128876
-1.05373e-05
0.000119681
-1.46504e-05
0.000109063
-1.60381e-05
9.82268e-05
-1.90914e-05
8.77975e-05
-2.20052e-05
7.59216e-05
-2.04155e-05
6.37892e-05
-1.75933e-05
5.73242e-05
-1.43276e-05
5.34291e-05
-1.12745e-05
5.31298e-05
-8.28117e-06
5.37036e-05
-6.01244e-06
5.45638e-05
-3.98636e-06
5.32913e-05
-1.07068e-06
4.99537e-05
-1.00929e-06
-2.50147e-05
-7.02324e-07
2.46463e-05
-1.87447e-05
1.82411e-05
6.06611e-07
-1.02969e-07
-1.03418e-06
-3.03185e-05
2.17478e-06
2.91779e-05
-3.48872e-05
-3.88008e-06
6.45277e-06
3.23145e-05
3.01642e-05
6.49814e-05
-9.27787e-06
-8.82093e-06
4.14581e-05
8.30372e-05
4.73345e-05
0.00011454
4.54014e-05
0.000143053
3.62675e-05
0.000153013
2.32076e-05
0.000151176
1.00421e-05
0.000142042
1.33331e-06
0.000128389
-3.86943e-06
0.000114266
-7.32321e-06
0.000101681
-8.89443e-06
8.93687e-05
-8.96579e-06
7.5993e-05
-8.80544e-06
6.36289e-05
-8.23414e-06
5.67529e-05
-6.91452e-06
5.21095e-05
-5.18509e-06
5.14003e-05
-3.26384e-06
5.17823e-05
-1.92444e-06
5.32244e-05
-9.5588e-07
5.23228e-05
-2.0967e-07
4.95314e-05
-3.23869e-07
-2.43268e-05
-2.48038e-07
2.43652e-05
-1.7775e-05
1.74898e-05
3.27058e-07
-4.19319e-08
-1.18388e-06
-2.79761e-05
2.3847e-06
2.67753e-05
-3.01763e-05
-4.10565e-06
6.29182e-06
2.79901e-05
2.81388e-05
5.38781e-05
-8.82953e-06
-8.20601e-06
4.0958e-05
7.0218e-05
4.92714e-05
0.000106226
4.81659e-05
0.000144159
4.33371e-05
0.000157841
3.6826e-05
0.000157687
2.64266e-05
0.000152441
1.52922e-05
0.000139524
7.31102e-06
0.000122247
3.28523e-06
0.000105706
1.64982e-06
9.10041e-05
1.17367e-06
7.64691e-05
5.94597e-07
6.42079e-05
1.00161e-06
5.63459e-05
1.6836e-06
5.14275e-05
2.00412e-06
5.10798e-05
2.14695e-06
5.16395e-05
1.93976e-06
5.34316e-05
1.4784e-06
5.27841e-05
5.84658e-07
5.0081e-05
3.44169e-07
-2.43656e-05
3.21629e-07
2.46286e-05
-1.73168e-05
1.736e-05
-9.30914e-08
4.99362e-08
-1.03466e-06
-2.5653e-05
1.96934e-06
2.47184e-05
-2.61214e-05
-3.20282e-06
4.73166e-06
2.45926e-05
2.00097e-05
4.58537e-05
-6.35757e-06
-5.62769e-06
3.28134e-05
5.74143e-05
4.30104e-05
9.60294e-05
4.35975e-05
0.000143571
4.22493e-05
0.00015919
4.13899e-05
0.000158547
3.8817e-05
0.000155014
3.32e-05
0.000145141
2.63207e-05
0.000129127
2.01489e-05
0.000111878
1.57559e-05
9.53971e-05
1.32335e-05
7.89916e-05
1.21468e-05
6.52946e-05
1.17965e-05
5.66963e-05
1.08726e-05
5.23514e-05
9.47121e-06
5.24812e-05
8.31022e-06
5.28005e-05
6.69157e-06
5.50503e-05
4.43463e-06
5.50411e-05
1.23773e-06
5.22769e-05
1.00094e-06
-2.4798e-05
8.18794e-07
2.52169e-05
-1.74959e-05
1.78688e-05
-4.9343e-07
1.20491e-07
-6.53941e-07
-2.40047e-05
1.08611e-06
2.35726e-05
-2.32961e-05
-1.64107e-06
2.32368e-06
2.26135e-05
8.61033e-06
4.22828e-05
-2.8504e-06
-2.18907e-06
1.73475e-05
4.86771e-05
2.94147e-05
8.39621e-05
3.56764e-05
0.00013731
3.92209e-05
0.000155645
4.18072e-05
0.00015596
4.43378e-05
0.000152484
4.56329e-05
0.000143846
4.44513e-05
0.000130308
4.16521e-05
0.000114677
3.82042e-05
9.8845e-05
3.42854e-05
8.29104e-05
3.02157e-05
6.93643e-05
2.65511e-05
6.03608e-05
2.28345e-05
5.6068e-05
2.00705e-05
5.52452e-05
1.67578e-05
5.61132e-05
1.22696e-05
5.95386e-05
7.63473e-06
5.96759e-05
1.82739e-06
5.63066e-05
1.77765e-06
-2.55588e-05
1.20241e-06
2.61837e-05
-1.82566e-05
1.88023e-05
-7.1409e-07
1.68406e-07
-2.68477e-07
-2.33724e-05
2.85801e-07
2.33551e-05
-2.216e-05
-2.0681e-07
5.9952e-08
2.23068e-05
-1.34676e-06
4.27845e-05
2.48836e-07
5.96221e-07
-7.94661e-08
4.74099e-05
1.10001e-05
7.28825e-05
2.35422e-05
0.000124768
3.39615e-05
0.000145226
4.11171e-05
0.000148805
4.69838e-05
0.000146617
5.16018e-05
0.000139228
5.41246e-05
0.000127785
5.51389e-05
0.000113663
5.38672e-05
0.000100117
5.0761e-05
8.60166e-05
4.63185e-05
7.38068e-05
4.1385e-05
6.52944e-05
3.52526e-05
6.22004e-05
2.98079e-05
6.06898e-05
2.3455e-05
6.24661e-05
1.73002e-05
6.56934e-05
1.10299e-05
6.59462e-05
2.52502e-06
6.19863e-05
2.82517e-06
-2.67338e-05
1.61012e-06
2.76487e-05
-1.93748e-05
2.00922e-05
-9.35893e-07
2.185e-07
7.88313e-08
-2.3474e-05
-3.26558e-07
2.37217e-05
-2.24786e-05
8.57166e-07
-1.51011e-06
2.31316e-05
-7.90825e-06
4.5759e-05
2.36577e-06
2.56801e-06
-1.15896e-05
5.10912e-05
-8.79436e-06
7.00872e-05
6.39783e-06
0.000109576
2.29541e-05
0.00012867
3.72824e-05
0.000134476
4.79327e-05
0.000135967
5.54822e-05
0.000131678
5.98941e-05
0.000123373
6.19996e-05
0.000111558
6.22671e-05
9.98492e-05
5.94781e-05
8.88056e-05
5.40162e-05
7.92686e-05
4.66514e-05
7.26592e-05
3.90829e-05
6.97689e-05
3.26637e-05
6.7109e-05
2.56316e-05
6.94983e-05
1.96758e-05
7.16491e-05
1.36747e-05
7.19473e-05
3.28614e-06
6.84294e-05
3.94545e-06
-2.85337e-05
2.07795e-06
2.97419e-05
-2.0891e-05
2.18057e-05
-1.18058e-06
2.65827e-07
3.32247e-07
-2.3973e-05
-5.26726e-07
2.41675e-05
-2.38975e-05
1.07229e-06
-1.84382e-06
2.4669e-05
-9.36573e-06
4.97543e-05
2.75251e-06
2.61799e-06
-1.40746e-05
5.58001e-05
-1.36722e-05
6.96849e-05
-1.81272e-06
9.7716e-05
1.42293e-05
0.000112628
2.97068e-05
0.000118999
4.28656e-05
0.000122808
5.45341e-05
0.00012001
6.15803e-05
0.000116327
6.46091e-05
0.000108529
6.52997e-05
9.91586e-05
6.27473e-05
9.13581e-05
5.768e-05
8.43359e-05
4.98544e-05
8.04848e-05
4.20566e-05
7.75668e-05
3.4178e-05
7.49875e-05
2.66489e-05
7.70274e-05
2.16252e-05
7.66729e-05
1.58972e-05
7.76753e-05
4.21438e-06
7.50634e-05
5.04887e-06
-3.09988e-05
2.64503e-06
3.25681e-05
-2.2841e-05
2.39614e-05
-1.42139e-06
3.00995e-07
4.512e-07
-2.42964e-05
-5.17008e-07
2.43622e-05
-2.54178e-05
8.10091e-07
-1.35254e-06
2.59603e-05
-7.87403e-06
5.3661e-05
2.08476e-06
1.88254e-06
-1.24764e-05
6.04025e-05
-1.34272e-05
7.06357e-05
-4.57302e-06
8.88618e-05
8.97242e-06
9.90821e-05
2.33219e-05
0.000104649
3.62342e-05
0.000109896
4.75774e-05
0.000108666
5.80507e-05
0.000105854
6.3569e-05
0.000103011
6.43423e-05
9.83853e-05
6.23299e-05
9.33704e-05
5.82848e-05
8.83809e-05
5.32593e-05
8.55103e-05
4.68053e-05
8.40207e-05
3.79356e-05
8.38573e-05
2.97514e-05
8.52115e-05
2.40461e-05
8.23782e-05
1.77326e-05
8.39888e-05
5.04098e-06
8.19918e-05
5.76324e-06
-3.4261e-05
3.11997e-06
3.6182e-05
-2.51747e-05
2.63993e-05
-1.54165e-06
3.1701e-07
4.55173e-07
-2.4388e-05
-4.42369e-07
2.43752e-05
-2.64081e-05
4.39213e-07
-5.79285e-07
2.65482e-05
-4.21337e-06
5.61729e-05
9.39573e-07
7.61857e-07
-6.74601e-06
6.29351e-05
-6.87463e-06
7.07643e-05
-4.72259e-07
8.24594e-05
9.42859e-06
8.91812e-05
2.14334e-05
9.26445e-05
3.39617e-05
9.73674e-05
4.36476e-05
9.89806e-05
5.1701e-05
9.78005e-05
5.76726e-05
9.70388e-05
6.10585e-05
9.49995e-05
6.10711e-05
9.33578e-05
5.81437e-05
9.13083e-05
5.35867e-05
9.00673e-05
4.74285e-05
9.0179e-05
3.99996e-05
9.12861e-05
3.27282e-05
9.24829e-05
2.41251e-05
9.09813e-05
1.72899e-05
9.0824e-05
5.08284e-06
8.886e-05
5.33887e-06
-3.83481e-05
2.94711e-06
4.04839e-05
-2.75918e-05
2.86433e-05
-1.33609e-06
2.84598e-07
4.08179e-07
-2.43362e-05
-3.67691e-07
2.42957e-05
-2.66261e-05
1.29163e-07
-5.0278e-08
2.65472e-05
-2.25445e-06
5.79975e-05
3.04975e-07
1.24936e-07
-2.93377e-06
6.36144e-05
-1.98704e-06
6.98176e-05
3.00138e-06
7.7471e-05
1.14955e-05
8.06871e-05
2.09586e-05
8.31814e-05
3.22205e-05
8.61055e-05
4.14299e-05
8.97712e-05
4.85104e-05
9.072e-05
5.43051e-05
9.12441e-05
5.78111e-05
9.14934e-05
5.8271e-05
9.28979e-05
5.68073e-05
9.2772e-05
5.32612e-05
9.36135e-05
4.79614e-05
9.54787e-05
4.105e-05
9.81976e-05
3.31568e-05
0.000100376
2.30729e-05
0.000101065
1.57405e-05
9.81563e-05
3.68175e-06
9.77199e-05
3.19885e-06
-4.29578e-05
1.58839e-06
4.50512e-05
-2.94873e-05
3.00218e-05
-7.34108e-07
1.99586e-07
3.40877e-07
-2.42221e-05
-2.64726e-07
2.4146e-05
-2.64007e-05
2.21806e-09
1.33237e-07
2.62652e-05
-1.07583e-06
5.87146e-05
7.19329e-08
2.86718e-07
-5.64394e-07
6.3103e-05
2.1105e-06
6.71427e-05
7.94828e-06
7.16332e-05
1.5884e-05
7.27514e-05
2.41159e-05
7.49494e-05
3.31629e-05
7.70586e-05
4.13657e-05
8.15684e-05
4.77053e-05
8.43804e-05
5.29276e-05
8.60217e-05
5.65664e-05
8.78547e-05
5.62684e-05
9.3196e-05
5.3522e-05
9.55184e-05
4.92235e-05
9.7912e-05
4.43437e-05
0.000100359
3.73753e-05
0.000105166
2.93753e-05
0.000108376
2.05656e-05
0.000109875
1.14965e-05
0.000107225
9.85677e-07
0.000107332
8.98796e-07
-4.73376e-05
-1.47918e-07
4.84712e-05
-3.02138e-05
3.01535e-05
-3.96843e-08
9.99715e-08
4.60153e-07
-2.41118e-05
-5.21968e-07
2.41736e-05
-2.62367e-05
4.68482e-07
-4.1914e-07
2.61873e-05
-5.21495e-07
5.82583e-05
4.84429e-07
4.93397e-07
8.09931e-07
6.17716e-05
3.28878e-06
6.46638e-05
8.47671e-06
6.64453e-05
1.55194e-05
6.57087e-05
2.35909e-05
6.6878e-05
3.228e-05
6.83694e-05
4.14098e-05
7.24386e-05
4.82445e-05
7.75457e-05
5.41135e-05
8.01528e-05
5.69997e-05
8.49685e-05
5.64221e-05
9.37736e-05
5.1537e-05
0.000100403
4.48947e-05
0.000104554
3.7168e-05
0.000108085
2.88061e-05
0.000113528
2.06572e-05
0.000116525
1.35122e-05
0.00011702
4.18713e-06
0.000116551
-8.59109e-07
0.000113073
-6.94826e-07
-4.97326e-05
-9.96251e-07
4.98697e-05
-2.98196e-05
2.91539e-05
6.43056e-07
2.26491e-08
5.38999e-07
-2.42868e-05
-6.06107e-07
2.43539e-05
-2.61826e-05
6.31878e-07
-7.34962e-07
2.62857e-05
-1.49228e-06
5.78574e-05
9.26822e-07
9.66418e-07
7.88569e-07
5.94907e-05
4.26157e-06
6.11908e-05
9.68621e-06
6.10206e-05
1.63641e-05
5.90308e-05
2.4194e-05
5.9048e-05
3.17258e-05
6.08376e-05
3.92273e-05
6.49371e-05
4.55669e-05
7.12061e-05
4.69995e-05
7.87202e-05
4.58402e-05
8.61278e-05
4.45745e-05
9.50393e-05
4.10917e-05
0.000103886
3.65433e-05
0.000109103
2.87895e-05
0.000115839
2.12731e-05
0.000121044
1.34446e-05
0.000124353
5.71551e-06
0.000124749
-3.22203e-06
0.000125488
-1.99493e-06
0.000114303
-2.45743e-06
-4.98191e-05
-9.67932e-07
4.87921e-05
-2.85078e-05
2.79202e-05
5.78852e-07
8.72825e-09
6.57866e-07
-2.45527e-05
-8.12781e-07
2.47076e-05
-2.64038e-05
9.52987e-07
-1.15917e-06
2.661e-05
-4.06488e-06
2.91394e-05
1.50323e-06
1.80109e-06
2.94786e-05
-3.03819e-06
2.92445e-05
2.92195e-05
2.77908e-07
2.88621e-05
2.90127e-05
4.69939e-06
2.84101e-05
2.81891e-05
1.01825e-05
2.68457e-05
2.6702e-05
1.70184e-05
2.61173e-05
2.60948e-05
2.39791e-05
2.68052e-05
2.70717e-05
2.95038e-05
2.95649e-05
2.98476e-05
3.32598e-05
3.36991e-05
3.3751e-05
3.37333e-05
3.86777e-05
3.9569e-05
3.33782e-05
4.33327e-05
4.31502e-05
3.43045e-05
4.63092e-05
4.78038e-05
3.12278e-05
5.30145e-05
5.39485e-05
2.50192e-05
5.69041e-05
5.84071e-05
1.86902e-05
6.03319e-05
6.18362e-05
1.20053e-05
6.31497e-05
6.45793e-05
3.31534e-06
6.59951e-05
6.70484e-05
-6.42823e-06
6.77935e-05
6.66991e-05
-1.20603e-05
6.56912e-05
6.54289e-05
-2.88896e-06
5.68638e-05
-4.20228e-06
5.24705e-05
-4.70392e-05
-9.95116e-07
4.51454e-05
-2.74917e-05
2.70413e-05
4.10609e-07
3.97831e-08
4.33023e-07
-2.49454e-05
-7.24439e-07
2.52369e-05
-2.69618e-05
1.29058e-06
-1.87842e-06
2.75497e-05
2.2084e-06
-2.42937e-06
2.93603e-05
2.65123e-06
-2.85885e-06
2.94521e-05
2.82278e-06
-2.35907e-06
2.83984e-05
1.53554e-06
-4.04491e-07
2.7279e-05
-6.79009e-07
1.75969e-06
2.5765e-05
-2.73246e-06
3.94466e-06
2.49051e-05
-5.06114e-06
6.39991e-06
2.54665e-05
-7.65088e-06
9.08224e-06
2.81335e-05
-1.00667e-05
1.08767e-05
3.2889e-05
-1.13208e-05
1.21395e-05
3.78591e-05
-1.29945e-05
1.41715e-05
4.21557e-05
-1.37899e-05
1.27271e-05
4.73719e-05
-1.25296e-05
1.282e-05
5.27241e-05
-1.22567e-05
1.09992e-05
5.81616e-05
-9.64059e-06
7.82734e-06
6.21452e-05
-6.35482e-06
4.12839e-06
6.53761e-05
-1.76036e-06
-8.35057e-07
6.85905e-05
3.07049e-06
-4.4287e-06
6.91517e-05
6.62457e-06
-7.52029e-06
6.65869e-05
7.06437e-06
-5.37951e-06
5.5179e-05
-4.27341e-05
3.6749e-06
-2.10619e-06
4.11654e-05
-2.63762e-05
2.52391e-05
1.13164e-06
5.44676e-09
2.31234e-06
-1.47997e-06
-2.64082e-05
2.16962e-06
-2.80763e-06
-2.82752e-05
3.15982e-06
-3.40735e-06
-2.95418e-05
3.57609e-06
-3.64471e-06
-2.96109e-05
3.68329e-06
-3.6998e-06
-2.8455e-05
3.69853e-06
-3.6873e-06
-2.66793e-05
3.5598e-06
-3.37583e-06
-2.48483e-05
2.96546e-06
-2.49911e-06
-2.38428e-05
2.06307e-06
-1.22659e-06
-2.39481e-05
3.47813e-07
6.52245e-07
-2.65501e-05
-2.27617e-06
3.91922e-06
-3.1845e-05
-4.8609e-06
5.87156e-06
-3.7017e-05
-6.66639e-06
6.62588e-06
-4.18478e-05
-6.86511e-06
7.07803e-06
-4.78585e-05
-7.07163e-06
6.8557e-06
-5.33493e-05
-6.24284e-06
5.41982e-06
-5.89851e-05
-4.27356e-06
2.95663e-06
-6.37688e-05
-1.19435e-06
-8.20841e-07
-6.75283e-05
2.84198e-06
-4.89112e-06
-7.08999e-05
6.75037e-06
-8.37192e-06
-7.15598e-05
9.01099e-06
-8.34699e-06
-6.67152e-05
6.61613e-06
-4.55624e-06
-5.31106e-05
2.8845e-06
-1.43511e-06
-4.04778e-05
-2.27851e-05
-1.45923e-06
-7.74109e-08
3.45661e-07
-5.35035e-08
2.43484e-05
5.55195e-08
2.3986e-05
3.20286e-07
4.21252e-08
3.92892e-07
-8.87307e-08
2.35661e-05
1.12671e-08
2.31368e-05
4.42186e-07
-1.28569e-08
4.41618e-07
-1.19285e-07
2.27067e-05
-3.13641e-08
2.22928e-05
4.58382e-07
-4.44729e-08
6.23271e-07
-1.35191e-07
2.18654e-05
-7.10201e-08
2.13797e-05
5.97478e-07
-1.11812e-07
6.96599e-07
-1.16247e-07
2.08082e-05
-1.58722e-07
2.01289e-05
8.8643e-07
-2.07181e-07
5.43955e-07
-7.78374e-08
1.93487e-05
-2.53955e-07
1.84932e-05
1.14718e-06
-2.91663e-07
1.72816e-07
2.02912e-10
1.76207e-05
-3.11428e-07
1.67837e-05
1.14877e-06
-3.11743e-07
-2.11736e-07
7.58291e-08
1.60402e-05
-2.91127e-07
1.54294e-05
8.63674e-07
-2.52899e-07
-5.23629e-07
1.35851e-07
1.49768e-05
-2.0135e-07
1.46703e-05
4.55192e-07
-1.48648e-07
-7.61427e-07
1.88917e-07
1.45002e-05
-9.84339e-08
1.44493e-05
9.93058e-08
-4.83827e-08
-1.04728e-06
2.48468e-07
1.4526e-05
2.18191e-09
1.47102e-05
-2.30489e-07
4.6205e-08
-1.33225e-06
2.96988e-07
1.49654e-05
7.70992e-08
1.52709e-05
-4.03554e-07
9.80508e-08
-1.53761e-06
3.24322e-07
1.56086e-05
1.1352e-07
1.596e-05
-4.72944e-07
1.21532e-07
-1.50988e-06
3.17407e-07
1.62928e-05
1.22334e-07
1.66209e-05
-4.48997e-07
1.20899e-07
-1.10243e-06
2.58405e-07
1.69116e-05
1.17445e-07
1.71755e-05
-3.87129e-07
1.23326e-07
-3.40306e-07
1.48333e-07
1.74067e-05
1.09606e-07
1.77012e-05
-4.30998e-07
1.36521e-07
2.36784e-07
9.71282e-08
1.80238e-05
1.37533e-07
1.83709e-05
-4.96922e-07
1.49832e-07
6.3406e-07
1.20285e-08
1.87393e-05
1.70642e-07
1.91257e-05
-5.59675e-07
1.73279e-07
4.09703e-07
1.88149e-08
1.95596e-05
2.23884e-07
1.99804e-05
-6.52324e-07
2.31522e-07
6.29694e-07
3.54064e-08
2.01183e-05
2.95207e-07
1.92133e-05
6.30279e-07
2.74713e-07
2.47006e-06
-1.60579e-08
3.153e-07
-2.7408e-05
-2.92043e-05
-2.9706e-05
-2.94084e-05
-2.79528e-05
-2.62479e-05
-2.47655e-05
-2.37622e-05
-2.44736e-05
-2.76072e-05
-3.25378e-05
-3.82109e-05
-4.35637e-05
-4.8938e-05
-5.48747e-05
-6.06213e-05
-6.48205e-05
-6.89949e-05
-7.1147e-05
-7.09837e-05
-6.37875e-05
-4.89425e-05
-3.70635e-05
3.57581e-05
1.29771e-06
-2.63857e-06
3.70989e-05
3.52262e-05
4.33707e-06
3.61905e-05
3.84861e-05
9.09775e-07
-2.02848e-06
3.96048e-05
3.75314e-05
4.42014e-06
3.93056e-05
4.02676e-05
5.09809e-07
-5.97549e-07
4.03554e-05
4.13049e-05
2.45936e-06
4.42728e-05
3.99902e-05
4.79053e-07
1.82175e-07
3.9329e-05
4.63371e-05
-6.15564e-08
4.86275e-05
3.20931e-05
1.05249e-06
3.13863e-05
3.87987e-05
3.64691e-07
1.41586e-07
3.82924e-05
4.91139e-05
-1.09375e-06
4.96197e-05
3.04701e-05
1.49336e-06
2.93697e-05
3.81893e-05
-2.60295e-07
4.76507e-07
3.7973e-05
4.87426e-05
-8.52092e-07
4.75256e-05
2.82519e-05
1.55387e-06
2.71397e-05
3.78336e-05
-9.61412e-07
1.46986e-06
3.73251e-05
4.52682e-05
-1.76038e-06
4.367e-05
2.63024e-05
1.33413e-06
2.55916e-05
3.67974e-05
-1.46898e-06
2.33216e-06
3.59343e-05
4.14461e-05
-3.27799e-06
4.0157e-05
2.51995e-05
1.04942e-06
2.48467e-05
3.48375e-05
-1.92944e-06
3.43764e-06
3.33293e-05
3.77477e-05
-5.35172e-06
3.59501e-05
2.47509e-05
6.8979e-07
2.46051e-05
3.1624e-05
-2.34895e-06
4.16933e-06
2.98036e-05
3.3125e-05
-6.30754e-06
3.06116e-05
2.46841e-05
3.24263e-07
2.45327e-05
2.80827e-05
-2.27098e-06
3.82485e-06
2.65288e-05
2.80739e-05
-5.69356e-06
2.55614e-05
2.47612e-05
-1.7476e-07
2.47242e-05
2.52954e-05
-1.57731e-06
2.5475e-06
2.43252e-05
2.39355e-05
-3.84395e-06
2.21518e-05
2.50496e-05
-6.59112e-07
2.51851e-05
2.37702e-05
-6.55384e-07
9.1951e-07
2.35061e-05
2.1625e-05
-1.3731e-06
2.08091e-05
2.56734e-05
-1.22757e-06
2.61396e-05
2.35851e-05
1.96614e-08
-3.05457e-07
2.38709e-05
2.11179e-05
4.77273e-07
2.12368e-05
2.68138e-05
-1.94023e-06
2.77067e-05
2.44015e-05
4.81734e-07
-1.06637e-06
2.49861e-05
2.20925e-05
1.8323e-06
2.28282e-05
2.86041e-05
-2.68852e-06
2.99604e-05
2.55317e-05
5.32471e-07
-9.72324e-07
2.59715e-05
2.37369e-05
1.72113e-06
2.46337e-05
3.1184e-05
-3.35599e-06
3.30024e-05
2.62646e-05
4.98713e-07
-6.44412e-07
2.64103e-05
2.5366e-05
1.09224e-06
2.61563e-05
3.45807e-05
-3.59712e-06
3.6668e-05
2.64072e-05
4.10061e-07
-3.048e-07
2.63019e-05
2.65165e-05
3.82748e-07
2.68956e-05
3.8279e-05
-2.8649e-06
4.00414e-05
2.60634e-05
3.13511e-07
-7.2568e-08
2.58224e-05
2.71503e-05
-7.40003e-08
2.73493e-05
4.08957e-05
-9.12497e-07
4.14679e-05
2.55599e-05
3.96822e-07
-1.57695e-07
2.53208e-05
2.75544e-05
1.29148e-07
2.7712e-05
4.12803e-05
3.62623e-07
4.11545e-05
2.52673e-05
6.10156e-07
-6.26901e-07
2.5284e-05
2.77773e-05
6.2221e-07
2.76485e-05
4.08013e-05
6.44204e-07
4.07911e-05
2.53098e-05
7.58458e-07
-8.57426e-07
2.54088e-05
2.78404e-05
9.75506e-07
2.78313e-05
4.04021e-05
7.04534e-07
4.01072e-05
2.5549e-05
8.90122e-07
-1.11421e-06
2.57731e-05
2.81753e-05
1.46606e-06
2.85104e-05
3.95227e-05
1.79099e-06
3.83614e-05
2.63392e-05
5.41016e-07
-1.60978e-06
2.88403e-05
2.33527e-06
-2.69924e-06
2.97004e-05
2.88073e-06
-2.88627e-06
2.91835e-05
3.04505e-06
-3.26999e-06
2.81891e-05
3.32665e-06
-3.09033e-06
2.71056e-05
2.49063e-06
-1.63295e-06
2.57293e-05
7.16244e-07
2.47546e-07
2.49783e-05
-1.30987e-06
2.52598e-06
2.58207e-05
-4.04434e-06
5.3915e-06
2.88632e-05
-6.97495e-06
8.23087e-06
3.33069e-05
-9.27488e-06
1.0044e-05
3.8714e-05
-1.08861e-05
1.13892e-05
4.35318e-05
-1.16972e-05
1.16652e-05
4.80013e-05
-1.11786e-05
1.02419e-05
5.45118e-05
-9.61661e-06
9.25369e-06
5.97657e-05
-8.43013e-06
7.57455e-06
6.33088e-05
-5.95087e-06
4.43912e-06
6.69473e-05
-2.28694e-06
2.39392e-07
6.92838e-05
2.07006e-06
-3.9332e-06
6.8895e-05
6.34126e-06
-8.42998e-06
6.4973e-05
8.55829e-06
-7.37282e-06
5.07659e-05
5.30447e-06
-3.48104e-06
3.73869e-05
2.79346e-06
3.63906e-08
1.93614e-06
6.58636e-07
1.50239e-08
-1.95839e-06
1.96543e-06
-6.82861e-07
6.97885e-07
4.18305e-09
-1.96139e-06
1.94877e-06
-7.06667e-07
7.1085e-07
-5.9066e-09
-1.93221e-06
1.90189e-06
-7.14532e-07
7.08626e-07
2.42258e-08
8.78172e-09
3.68262e-09
-9.30682e-09
1.87026e-06
6.99319e-07
-1.31363e-08
1.8311e-06
6.86182e-07
-1.96403e-08
-1.79196e-06
1.74421e-06
-6.71825e-07
6.52184e-07
-3.6382e-08
-1.68506e-06
1.61859e-06
-6.22601e-07
5.86219e-07
-5.39331e-08
-1.54369e-06
1.46255e-06
-5.41834e-07
4.87901e-07
-5.33484e-08
-1.38305e-06
1.30921e-06
-4.32204e-07
3.78856e-07
-4.94181e-08
-1.24397e-06
1.19042e-06
-3.27845e-07
2.78427e-07
-3.35123e-08
-1.1563e-06
1.14788e-06
-2.34715e-07
2.01203e-07
-1.13142e-09
-1.16709e-06
1.21816e-06
-1.8219e-07
1.81059e-07
2.61696e-08
-1.28595e-06
1.38028e-06
-1.89092e-07
2.15262e-07
4.74615e-08
-1.48256e-06
1.6035e-06
-2.48829e-07
2.96291e-07
7.0878e-08
-1.73537e-06
1.88299e-06
-3.53347e-07
4.24224e-07
9.57166e-08
-2.04582e-06
2.21593e-06
-5.09861e-07
6.05578e-07
1.18477e-07
-2.40081e-06
2.58333e-06
-7.17681e-07
8.36158e-07
1.36415e-07
-2.77455e-06
2.95514e-06
-9.69262e-07
1.10568e-06
1.33428e-07
-3.13049e-06
3.28166e-06
-1.24774e-06
1.38117e-06
1.05348e-07
-3.41319e-06
3.50743e-06
-1.50804e-06
1.61339e-06
6.8924e-08
-3.56947e-06
3.60051e-06
-1.69968e-06
1.76861e-06
3.67334e-08
-3.6279e-06
3.61382e-06
-1.83835e-06
1.87508e-06
3.08903e-08
-3.59664e-06
3.57448e-06
-1.90429e-06
1.93518e-06
4.20454e-08
-3.5628e-06
3.56054e-06
-1.96567e-06
2.00772e-06
2.53503e-08
-3.55877e-06
3.53887e-06
-2.04489e-06
2.07024e-06
-3.54116e-08
-3.51395e-06
-2.07909e-06
-1.43576e-08
-2.95834e-08
-4.43852e-08
-5.56966e-08
-5.10109e-08
-4.3712e-08
-1.90124e-08
8.03323e-09
3.35673e-08
5.70557e-08
8.56366e-08
1.12103e-07
1.33104e-07
1.42064e-07
1.26875e-07
8.62926e-08
6.97376e-08
2.92084e-08
3.04951e-08
3.71708e-08
8.85454e-09
8.55128e-08
2.43876e-06
8.49913e-07
7.47526e-08
-2.5595e-06
2.65953e-06
-9.31063e-07
1.00582e-06
6.11177e-08
-2.73933e-06
2.79796e-06
-1.07485e-06
1.13596e-06
4.69736e-08
-2.83814e-06
2.86123e-06
-1.18981e-06
1.23678e-06
8.11492e-08
6.90317e-08
5.38435e-08
4.53838e-08
2.8745e-06
1.28217e-06
4.73771e-08
2.88265e-06
1.32954e-06
3.20249e-08
-2.8816e-06
2.86085e-06
-1.37271e-06
1.40474e-06
1.61038e-08
-2.82437e-06
2.7769e-06
-1.42835e-06
1.44446e-06
-4.41624e-10
-2.72172e-06
2.65114e-06
-1.45516e-06
1.45472e-06
-4.19661e-08
-2.55836e-06
2.4416e-06
-1.4357e-06
1.39373e-06
-9.25969e-08
-2.30135e-06
2.13999e-06
-1.3268e-06
1.23421e-06
-1.31014e-07
-1.96379e-06
1.78338e-06
-1.11874e-06
9.87728e-07
-1.32975e-07
-1.60878e-06
1.45063e-06
-8.50586e-07
7.17611e-07
-9.92024e-08
-1.31731e-06
1.21516e-06
-5.98032e-07
4.9883e-07
-5.60653e-08
-1.14387e-06
1.1015e-06
-4.21469e-07
3.65404e-07
-1.0273e-08
-1.0869e-06
1.09936e-06
-3.31621e-07
3.21348e-07
2.56027e-08
-1.13524e-06
1.18674e-06
-3.3167e-07
3.57273e-07
4.45472e-08
-1.24832e-06
1.3173e-06
-3.93738e-07
4.38285e-07
5.02392e-08
-1.38964e-06
1.46173e-06
-4.87477e-07
5.37716e-07
4.68119e-08
-1.53311e-06
1.60375e-06
-5.87232e-07
6.34044e-07
3.95639e-08
-1.67999e-06
1.75004e-06
-6.81124e-07
7.20688e-07
4.96358e-08
-1.83926e-06
1.92716e-06
-7.67981e-07
8.17617e-07
5.54031e-08
-2.02875e-06
2.14399e-06
-8.65858e-07
9.21261e-07
7.32827e-08
-2.26143e-06
2.41204e-06
-9.77095e-07
1.05038e-06
9.7298e-08
-2.56724e-06
2.76515e-06
-1.1267e-06
1.224e-06
1.15191e-07
-2.95735e-06
-1.30651e-06
4.31682e-08
2.36181e-08
1.07067e-08
-1.90277e-08
-6.69259e-08
-1.15464e-07
-1.37142e-07
-1.19579e-07
-7.73608e-08
-3.37824e-08
1.0322e-08
3.64647e-08
4.91921e-08
4.95163e-08
4.70796e-08
4.72932e-08
4.82412e-08
5.58337e-08
7.63201e-08
8.25129e-08
)
;

boundaryField
{
    inlet
    {
        type            calculated;
        value           nonuniform List<scalar> 0();
    }
    outlet
    {
        type            calculated;
        value           nonuniform List<scalar> 
52
(
2.55758e-05
2.89132e-05
2.97893e-05
2.96795e-05
2.84715e-05
2.66681e-05
2.46643e-05
2.33764e-05
2.31116e-05
2.555e-05
3.02019e-05
3.60063e-05
4.18883e-05
4.76456e-05
5.35653e-05
5.98082e-05
6.50858e-05
6.95435e-05
7.29491e-05
7.31813e-05
6.60512e-05
5.10507e-05
3.90284e-05
2.43218e-05
2.12103e-05
2.80976e-05
2.95565e-05
2.98747e-05
2.9447e-05
2.79515e-05
2.61204e-05
2.43551e-05
2.33262e-05
2.35948e-05
2.59833e-05
3.15961e-05
3.7416e-05
4.33245e-05
4.89444e-05
5.54876e-05
6.17676e-05
6.65828e-05
7.1016e-05
7.30062e-05
7.16227e-05
6.20567e-05
4.72707e-05
3.41691e-05
3.47196e-06
2.04368e-06
3.15746e-06
1.4217e-06
)
;
    }
    wall
    {
        type            calculated;
        value           uniform 0;
    }
    empty_zmin
    {
        type            empty;
    }
    empty_zmax
    {
        type            empty;
    }
    procBoundary1to0
    {
        type            processor;
        value           nonuniform List<scalar> 
35
(
-9.97345e-05
-0.000103471
-0.000106724
-0.000108261
3.8382e-06
-0.000109176
-5.62069e-05
-3.45009e-05
-5.36224e-05
-7.50575e-05
-5.4849e-05
-3.08099e-05
6.60204e-06
2.234e-05
1.87299e-05
-3.56094e-06
-3.97048e-05
-8.16311e-05
-8.63881e-05
-9.54435e-05
1.15801e-06
1.73356e-06
-6.91569e-05
-7.78751e-05
-0.000160358
5.04244e-06
-0.000165124
-0.000157837
-9.81365e-05
-3.86773e-05
-7.60658e-05
-7.90063e-05
6.83187e-07
7.08371e-07
5.41531e-07
)
;
    }
}


// ************************************************************************* //
