/*--------------------------------*- C++ -*----------------------------------*\
| =========                 |                                                 |
| \\      /  F ield         | OpenFOAM: The Open Source CFD Toolbox           |
|  \\    /   O peration     | Version:  2406                                  |
|   \\  /    A nd           | Website:  www.openfoam.com                      |
|    \\/     M anipulation  |                                                 |
\*---------------------------------------------------------------------------*/
FoamFile
{
    version     2.0;
    format      ascii;
    arch        "LSB;label=32;scalar=64";
    class       volScalarField;
    location    "3.65";
    object      Co;
}
// * * * * * * * * * * * * * * * * * * * * * * * * * * * * * * * * * * * * * //

dimensions      [0 0 0 0 0 0 0];

internalField   nonuniform List<scalar> 
2367
(
0.0832093
0.0828796
0.0822145
0.0823778
0.0788416
0.0750151
0.139853
0.133982
0.139144
0.138643
0.147403
0.151594
0.10611
0.0544618
0.110917
0.0571664
0.0306611
0.0375461
0.0469093
0.0578421
0.0681316
0.0605946
0.0566223
0.0476374
0.0379547
0.0296682
0.11748
0.116886
0.0611954
0.121861
0.118639
0.0637267
0.0628857
0.0625601
0.129914
0.129512
0.0729314
0.07252
0.0724165
0.0685665
0.0622709
0.102843
0.0814226
0.0558372
0.0475363
0.0620071
0.0889125
0.120677
0.151132
0.0807205
0.138402
0.137617
0.0765899
0.0786559
0.0801634
0.078739
0.145785
0.121883
0.0847911
0.0485018
0.0263185
0.0488941
0.0898852
0.132956
0.16819
0.0903807
0.0910311
0.0894858
0.0851346
0.0821283
0.0801147
0.0786284
0.148258
0.14189
0.148045
0.151346
0.0869759
0.0883749
0.0903324
0.179684
0.170819
0.158135
0.198455
0.20915
0.100991
0.0977508
0.0953425
0.0911087
0.0852308
0.0809723
0.15428
0.148434
0.155931
0.16342
0.0890368
0.0962044
0.196264
0.211351
0.204581
0.242471
0.227021
0.104935
0.0975902
0.0930336
0.0897687
0.0856943
0.161769
0.153928
0.165439
0.174944
0.0981803
0.202834
0.211173
0.233749
0.245832
0.223759
0.105848
0.0977905
0.0919952
0.0878133
0.168371
0.160093
0.172218
0.181324
0.0991354
0.202687
0.222847
0.248095
0.226997
0.104416
0.0994162
0.0960517
0.0911425
0.173754
0.165938
0.176491
0.185313
0.100857
0.200742
0.207916
0.21831
0.221826
0.104665
0.0994481
0.0954206
0.0920137
0.178751
0.170503
0.177932
0.185757
0.0999061
0.199601
0.213313
0.222706
0.222917
0.104202
0.10027
0.0966688
0.0927975
0.181076
0.17402
0.181247
0.182885
0.0982413
0.199541
0.221905
0.222912
0.228589
0.102467
0.0974941
0.0943808
0.0924157
0.182432
0.176526
0.182473
0.183988
0.09634
0.195492
0.205085
0.164343
0.213082
0.0984293
0.0958039
0.0931512
0.0922084
0.183291
0.177844
0.182314
0.18541
0.0959645
0.101171
0.213563
0.112816
0.143433
0.203168
0.0962881
0.0955985
0.0945876
0.0934164
0.185491
0.17773
0.180244
0.184885
0.0974286
0.100924
0.203611
0.106692
0.0554
0.0240811
0.130288
0.0970103
0.0969392
0.0970272
0.0938665
0.0934306
0.186849
0.175414
0.176002
0.181727
0.0933382
0.0949799
0.0938243
0.122464
0.034611
0.0159651
0.0233227
0.0101525
0.0216481
0.0819723
0.0958064
0.096467
0.0959696
0.0944194
0.0941056
0.186167
0.17192
0.169422
0.176073
0.0920116
0.0936449
0.0941289
0.0607512
0.0312007
0.00443615
0.0151225
0.0322767
0.0469983
0.0597818
0.0523168
0.0436887
0.0405465
0.0327164
0.0871268
0.0986431
0.0975158
0.096846
0.0957968
0.094772
0.187401
0.166797
0.163139
0.171013
0.0894582
0.0938778
0.0959775
0.0772424
0.0261034
0.0190388
0.0397049
0.0512284
0.0310187
0.0593739
0.0500665
0.0275092
0.0254283
0.0436732
0.0919667
0.101891
0.100579
0.0978173
0.0965008
0.0953282
0.188291
0.159774
0.0819433
0.034331
0.0278684
0.0365779
0.0395696
0.0378433
0.0300844
0.0312434
0.0324258
0.0301253
0.0547115
0.0956724
0.0989486
0.0960973
0.0954968
0.0956613
0.0948131
0.187744
0.149193
0.0817152
0.0361171
0.0355277
0.0461907
0.046711
0.042779
0.0323913
0.0373439
0.0377622
0.0356523
0.0670288
0.101057
0.101722
0.0983788
0.0963009
0.095245
0.0940321
0.185871
0.137519
0.109582
0.113089
0.115188
0.119803
0.122779
0.12781
0.131478
0.136671
0.104558
0.116333
0.129917
0.0643245
0.109351
0.0290874
0.0382215
0.0717791
0.109119
0.135205
0.14267
0.15746
0.145756
0.145785
0.140674
0.145394
0.173338
0.188169
0.187262
0.183445
0.195979
0.213935
0.212926
0.151853
0.149062
0.154696
0.21819
0.226028
0.226402
0.232571
0.232946
0.248709
0.248328
0.157756
0.158131
0.16266
0.255667
0.255234
0.27535
0.163855
0.165824
0.168676
0.232497
0.217944
0.214676
0.239359
0.23258
0.233469
0.168478
0.170885
0.172667
0.208226
0.209332
0.20769
0.219564
0.222252
0.220461
0.172458
0.173885
0.175238
0.214094
0.220165
0.222117
0.226191
0.235052
0.224684
0.175132
0.176535
0.176769
0.219529
0.215379
0.217997
0.234556
0.229228
0.204164
0.177749
0.175985
0.17443
0.12184
0.107915
0.178379
0.172376
0.169496
0.082044
0.103806
0.0844725
0.0544218
0.0479171
0.176975
0.16617
0.162074
0.0297471
0.0395152
0.0221714
0.010676
0.0032405
0.173541
0.157348
0.151756
0.013724
0.0126161
0.00583165
0.0255444
0.01626
0.034622
0.0659754
0.0458597
0.0522871
0.0145442
0.0327786
0.0371675
0.169984
0.145718
0.139714
0.163159
0.133402
0.127261
0.154268
0.143263
0.13071
0.117728
0.126512
0.122496
0.117496
0.129882
0.129481
0.120867
0.134156
0.129322
0.118636
0.139703
0.138366
0.130185
0.142753
0.136685
0.132908
0.153706
0.149503
0.0942819
0.100194
0.113429
0.0702166
0.0654101
0.0836938
0.0443108
0.0369853
0.0512336
0.0552142
0.0466689
0.0373588
0.0796478
0.0763437
0.054779
0.101948
0.107059
0.0904899
0.123186
0.135528
0.129338
0.150572
0.151593
0.156513
0.139148
0.150231
0.144978
0.138241
0.1576
0.155624
0.151029
0.146702
0.145591
0.173002
0.172258
0.169691
0.146859
0.153598
0.158083
0.15034
0.157587
0.152855
0.155876
0.171445
0.164013
0.187866
0.192859
0.185178
0.200138
0.206806
0.216201
0.153631
0.159238
0.162138
0.159858
0.167455
0.162446
0.168398
0.175707
0.172344
0.205742
0.216791
0.210674
0.218836
0.228184
0.236433
0.159569
0.165057
0.169483
0.170446
0.175121
0.170317
0.181421
0.184493
0.179189
0.206935
0.210334
0.202436
0.224852
0.240774
0.2232
0.235608
0.24026
0.257179
0.220555
0.219774
0.228596
0.165791
0.170488
0.173706
0.176442
0.179482
0.175254
0.188638
0.184493
0.182564
0.214897
0.210484
0.205685
0.214186
0.217859
0.22829
0.171106
0.17451
0.177973
0.18008
0.180542
0.177649
0.193903
0.186256
0.183266
0.207198
0.207803
0.20661
0.216644
0.216778
0.220851
0.175911
0.177962
0.180586
0.18038
0.180003
0.179017
0.19432
0.187765
0.182416
0.207303
0.212459
0.20495
0.21415
0.219754
0.229083
0.178854
0.179507
0.181391
0.181992
0.184268
0.182475
0.187363
0.192206
0.186914
0.210964
0.209667
0.199296
0.217295
0.214337
0.225132
0.180742
0.18227
0.182572
0.183729
0.184431
0.182565
0.183188
0.192774
0.187378
0.202976
0.208328
0.19719
0.192086
0.178435
0.212716
0.206548
0.202614
0.146158
0.207449
0.196602
0.204086
0.183061
0.185046
0.185154
0.184618
0.183909
0.181388
0.185754
0.191547
0.187023
0.194095
0.191237
0.209115
0.198136
0.189414
0.128297
0.197155
0.197559
0.200046
0.185442
0.186416
0.187445
0.183424
0.182035
0.178321
0.185741
0.189487
0.185247
0.189548
0.191048
0.20144
0.0609781
0.0529732
0.114071
0.0418396
0.04307
0.0177597
0.187441
0.191505
0.136016
0.186108
0.185676
0.186949
0.180172
0.176718
0.172705
0.182666
0.18153
0.178842
0.0504445
0.0576676
0.138312
0.0209187
0.0127979
0.0270215
0.0160343
0.0319855
0.0296608
0.0522973
0.0634797
0.0358406
0.185471
0.186667
0.188666
0.174158
0.172711
0.166822
0.178038
0.179378
0.175987
0.0109288
0.0167279
0.0423744
0.0162887
0.0246244
0.0125199
0.0262275
0.0349383
0.0241735
0.041356
0.0425695
0.037748
0.0535158
0.054238
0.0469252
0.0588956
0.0559465
0.0568101
0.0478351
0.0477452
0.0514302
0.0441974
0.0499896
0.0478592
0.0379947
0.0451469
0.0480686
0.18603
0.185541
0.188634
0.169258
0.166699
0.159436
0.172309
0.173654
0.170321
0.0475108
0.0583606
0.0472911
0.0529357
0.0660239
0.0640316
0.0557333
0.0569812
0.0595602
0.0490701
0.054561
0.0538396
0.186044
0.185235
0.189919
0.183564
0.18183
0.188226
0.17987
0.177344
0.186271
0.231699
0.178982
0.103093
0.106788
0.114592
0.0915154
0.0291982
0.0245854
0.0914709
0.0707644
0.00992989
0.00383219
0.0670952
0.0438849
0.0385512
0.0176507
0.0453598
0.0242768
0.058677
0.0420661
0.0602959
0.0258413
0.111632
0.0852908
0.00586136
0.00599754
0.253981
0.191755
0.217944
0.138009
0.2329
0.0962677
0.146455
0.0286411
0.149647
0.125062
0.113913
0.0595552
0.120253
0.0636444
0.125163
0.0667927
0.129831
0.0689285
0.132906
0.0694623
0.135004
0.0687337
0.13591
0.0655606
0.135137
0.0597678
0.128778
0.0509721
0.119152
0.0414628
0.104484
0.031481
0.0865458
0.0225662
0.0632701
0.013654
0.0404989
0.00531445
0.0175075
0.00858752
0.01447
0.0154448
0.221185
0.164739
0.216341
0.135683
0.221205
0.0837347
0.139309
0.0445989
0.13409
0.0996608
0.118151
0.0861645
0.0131178
0.00916196
0.142213
0.104833
0.0634944
0.0474195
0.0868335
0.0647191
0.042752
0.0226466
0.0278929
0.0139932
0.0503829
0.0292548
0.0891369
0.0637745
0.074849
0.0579644
0.231097
0.125849
0.192811
0.0494106
0.116938
0.0615971
0.123308
0.0656276
0.128839
0.0683629
0.132234
0.0694623
0.133753
0.0692877
0.13585
0.0674823
0.136101
0.0631651
0.13296
0.0556444
0.125175
0.0465537
0.112518
0.0364249
0.0962929
0.0270477
0.0759548
0.0182123
0.0521524
0.00940272
0.028873
0.00529858
0.0121195
0.012084
0.0186552
0.0182153
0.0810288
0.0392839
0.0888679
0.0449281
0.0991673
0.052526
0.109097
0.0601201
0.119521
0.068045
0.127947
0.0742456
0.135796
0.0793156
0.140928
0.0810015
0.143516
0.0805296
0.14598
0.0762523
0.145453
0.0668904
0.134777
0.0513509
0.117106
0.03632
0.094513
0.0226055
0.0675506
0.0104873
0.0415346
0.00595822
0.0204661
0.0147228
0.241037
0.18155
0.141759
0.104439
0.219249
0.150367
0.227335
0.118892
0.184615
0.0469382
0.0629964
0.0574407
0.105906
0.0716067
0.0188923
0.00753319
0.0392019
0.00886229
0.172804
0.126161
0.102766
0.0806796
0.132333
0.0963
0.13144
0.102317
0.0120933
0.0119616
0.142008
0.106929
0.255654
0.195425
0.1262
0.108097
0.0846539
0.0420753
0.0953482
0.0491391
0.104986
0.0565333
0.115609
0.0644717
0.124751
0.0716268
0.133908
0.0776104
0.13915
0.0806505
0.141954
0.0810015
0.145168
0.0789671
0.146092
0.0722835
0.141608
0.0595273
0.126387
0.0435601
0.106423
0.0293112
0.0813685
0.0163094
0.0539795
0.00548719
0.030677
0.0110734
0.0112982
0.017054
0.0623117
0.0504457
0.0105307
0.00308479
0.0309428
0.0145448
0.0489308
0.0266721
0.048414
0.0242799
0.037922
0.0109818
0.0213787
0.0102127
0.00678065
0.00500278
0.00976517
0.00548463
0.0446978
0.0361966
0.151713
0.112863
0.252811
0.16918
0.141111
0.0682832
0.0727712
0.0722315
0.155303
0.164874
0.0831734
0.0850362
0.0879097
0.146896
0.156441
0.0795163
0.0821519
0.0839839
0.12133
0.115617
0.110125
0.105207
0.162705
0.158845
0.151163
0.166184
0.16456
0.161994
0.15462
0.150895
0.143001
0.157277
0.156179
0.153796
0.00800266
0.019007
0.0148187
0.0216938
0.0110833
0.0205714
0.0181419
0.0227399
0.0378042
0.0394786
0.0436274
0.0491583
0.0541575
0.0586394
0.0362765
0.0415405
0.0487822
0.0559263
0.06323
0.0551811
0.0526601
0.0495399
0.0454675
0.0406685
0.0574783
0.0526511
0.0468825
0.0394757
0.0347464
0.105159
0.103501
0.0533499
0.108422
0.108169
0.0552786
0.111773
0.109086
0.0572265
0.0568401
0.0596756
0.0593195
0.0966194
0.0995576
0.100112
0.102969
0.104076
0.106893
0.104631
0.111576
0.109739
0.102704
0.112677
0.112405
0.10869
0.114984
0.113133
0.10773
0.115882
0.115823
0.11074
0.118885
0.116154
0.108239
0.121403
0.120983
0.0587927
0.0252049
0.065136
0.0292071
0.0721657
0.0335438
0.0635212
0.0275782
0.069066
0.0313993
0.0772675
0.0364309
0.0934684
0.0946319
0.095038
0.0954608
0.0957111
0.0958433
0.095933
0.0960049
0.0960411
0.0960644
0.0960789
0.0960916
0.0961026
0.0961012
0.0960776
0.0960627
0.0960206
0.095959
0.0958312
0.0958319
0.0955614
0.0949724
0.0939139
0.0954394
0.0937474
0.092964
0.0940547
0.0948402
0.0952639
0.0955431
0.0957062
0.0958127
0.0958843
0.0959417
0.0959813
0.0960015
0.0960128
0.0960347
0.0960007
0.0959585
0.0958813
0.0957929
0.0955623
0.0955985
0.0950728
0.0940151
0.0932352
0.0955266
0.098625
0.0952258
0.0470173
0.0470427
0.0472483
0.0473872
0.0475007
0.0475859
0.0476688
0.0477453
0.0478006
0.0478422
0.0478664
0.0478806
0.0478592
0.0478017
0.0477384
0.047624
0.0475164
0.0475285
0.0473646
0.0475946
0.0964659
0.100223
0.10059
0.097536
0.047931
0.0474476
0.0473792
0.0474445
0.047544
0.0476303
0.0476958
0.0477552
0.0477981
0.0478291
0.0478465
0.047845
0.0478505
0.0478234
0.0477774
0.0477156
0.0475745
0.0477113
0.0481465
0.0488343
0.0993953
0.100792
0.100968
0.0986872
0.0485183
0.0479223
0.0476291
0.0475593
0.0475837
0.0476537
0.0477332
0.0477866
0.0478471
0.0478962
0.0479371
0.0479691
0.0479829
0.0479853
0.0479659
0.0479076
0.0480488
0.0483944
0.0485184
0.0490244
0.100226
0.100009
0.101099
0.0991974
0.0488561
0.0483149
0.0479494
0.0477541
0.0476842
0.0477001
0.0477767
0.0478543
0.04792
0.0479838
0.0480318
0.0480643
0.0480922
0.0480999
0.0480939
0.0481602
0.0481226
0.0484147
0.0489327
0.0494996
0.100905
0.0990691
0.10112
0.099474
0.0490527
0.048567
0.0482057
0.0479641
0.0478283
0.0477776
0.047811
0.0478802
0.0479352
0.048034
0.0481326
0.0481729
0.0482284
0.0483408
0.0484078
0.0484576
0.048691
0.0490092
0.0491489
0.0496389
0.101018
0.0982305
0.101048
0.0996252
0.0491666
0.0487176
0.0483855
0.0481459
0.0479622
0.0479045
0.0478899
0.0479809
0.0481294
0.048169
0.0482844
0.0484425
0.0485216
0.0485574
0.0486868
0.0488749
0.048961
0.048933
0.049147
0.0498806
0.101426
0.0975305
0.100936
0.0996566
0.0491951
0.048764
0.0484472
0.0482698
0.0481804
0.0480898
0.0480681
0.0480939
0.0481612
0.0482884
0.0483872
0.048523
0.0487305
0.0489407
0.049159
0.0492797
0.0494723
0.0498461
0.0500873
0.050456
0.101632
0.0968307
0.100769
0.0996437
0.0492081
0.048844
0.0485555
0.0482585
0.0480952
0.0481332
0.048098
0.0482222
0.0484557
0.0486352
0.0488123
0.0489265
0.0490563
0.0491381
0.0491116
0.0492872
0.0495289
0.049478
0.0496528
0.0503781
0.102177
0.096448
0.100584
0.0995426
0.0490722
0.0486403
0.0483213
0.0481742
0.0480315
0.0479359
0.048059
0.0482132
0.0483199
0.0485546
0.0488236
0.049185
0.0495364
0.0499382
0.0504084
0.050467
0.0505021
0.0509675
0.0512252
0.0512672
0.101714
0.0962338
0.100381
0.0993866
0.0490292
0.0486657
0.0484019
0.0481299
0.0480272
0.0481418
0.0481261
0.0482738
0.048613
0.0489055
0.0491726
0.0494324
0.0496989
0.0498354
0.0499269
0.0503948
0.0507277
0.0505982
0.0504349
0.0509422
0.102831
0.0965826
0.100166
0.0992628
0.0489857
0.0485664
0.0481518
0.0479569
0.0478542
0.0477966
0.0481696
0.0485818
0.0486827
0.0487641
0.0491346
0.0497
0.0500908
0.0505288
0.0510648
0.0512125
0.0513623
0.0521416
0.0528516
0.0528351
0.103181
0.0969761
0.100216
0.0994632
0.0492242
0.0486619
0.0481409
0.0478045
0.0476279
0.0476815
0.047789
0.04807
0.0487337
0.0494901
0.0500197
0.0503985
0.0509121
0.0512466
0.0513868
0.0518974
0.0522408
0.0516514
0.0513318
0.0518733
0.104592
0.0979696
0.100549
0.0997808
0.0494539
0.0490401
0.0485443
0.0477736
0.0472384
0.0474312
0.0481045
0.0486159
0.0488699
0.0493432
0.0500735
0.0508825
0.0515653
0.0523811
0.0529429
0.0529189
0.0531226
0.0542571
0.0550799
0.0544942
0.10484
0.0985194
0.100895
0.100154
0.0495833
0.0491479
0.0485965
0.0480466
0.0474788
0.0471348
0.0472229
0.0477707
0.048809
0.0497938
0.0504146
0.0510542
0.0518037
0.0524686
0.052984
0.0537596
0.0537764
0.052849
0.0522611
0.0533706
0.106859
0.100005
0.101311
0.100511
0.0504787
0.0498041
0.0491896
0.0485916
0.0478834
0.0470442
0.0471527
0.0477315
0.0479526
0.0486285
0.049942
0.0516689
0.0530216
0.0544329
0.0551052
0.0549375
0.0553278
0.056573
0.0572909
0.0568066
0.107777
0.10135
0.102095
0.101353
0.0509674
0.0501947
0.0493286
0.0483955
0.0472185
0.0466132
0.0464229
0.0467035
0.0478092
0.0491789
0.0499813
0.0512297
0.0529456
0.0539726
0.0546665
0.0556874
0.0558406
0.0548308
0.0538727
0.0557571
0.112397
0.103278
0.103435
0.102644
0.0520492
0.0512374
0.0503136
0.0488094
0.0471595
0.0455229
0.044819
0.0452967
0.0460025
0.0475624
0.0498552
0.0517734
0.0531345
0.0551212
0.0569573
0.0578358
0.058859
0.0604361
0.060929
0.0597035
0.111634
0.105729
0.0426011
0.0429725
0.0450524
0.047449
0.0493613
0.0518665
0.0541984
0.0557927
0.0574797
0.059129
0.0597559
0.058594
0.057803
0.0590753
0.116235
0.108848
0.0416721
0.0403796
0.0423858
0.045501
0.0494009
0.0527501
0.0561281
0.0596461
0.0616077
0.0624247
0.0635814
0.0647955
0.0649457
0.0635941
0.118063
0.112684
0.0612514
0.0624575
0.06367
0.0640388
0.063493
0.0628842
0.0630304
0.122908
0.116919
0.0678441
0.0700479
0.069879
0.0692659
0.0707691
0.0710734
0.0689144
0.12673
0.121415
0.0704596
0.0732895
0.0760414
0.0755596
0.0735522
0.0719766
0.0710665
0.1333
0.127341
0.109255
0.10569
0.111255
0.105016
0.105123
0.105162
0.10506
0.105308
0.105242
0.105398
0.10536
0.105446
0.105425
0.105474
0.105462
0.105485
0.10549
0.105502
0.10549
0.105506
0.105502
0.105518
0.105513
0.105509
0.105515
0.105512
0.105508
0.105517
0.105516
0.105509
0.105517
0.105494
0.1055
0.105484
0.10549
0.105445
0.105469
0.105441
0.10542
0.105335
0.105414
0.105116
0.10525
0.105075
0.105003
0.111373
0.10584
0.109218
0.0955485
0.0920789
0.092205
0.0953812
0.0983319
0.0982092
0.100117
0.100727
0.100774
0.100652
0.100212
0.100357
0.0996545
0.0991563
0.0993509
0.0985798
0.0980225
0.0986151
0.0974665
0.0968849
0.0978409
0.0963273
0.0957429
0.0971639
0.0951537
0.094607
0.0965935
0.0940233
0.0935306
0.0963058
0.0929961
0.0925419
0.0964167
0.0921442
0.0917496
0.0970793
0.0915044
0.0913633
0.0977752
0.0912237
0.0913269
0.0987001
0.0912385
0.0915846
0.0998905
0.0913283
0.0920069
0.101679
0.0918664
0.0929675
0.103636
0.0929138
0.0944484
0.106262
0.094481
0.0968299
0.109203
0.113256
0.117671
0.121561
0.127455
0.132773
0.0525279
0.0511914
0.049441
0.0471526
0.0442424
0.05438
0.0531902
0.0507863
0.0476009
0.0447661
0.0944925
0.0925583
0.0912251
0.0947825
0.0941399
0.0934733
0.0952904
0.0948662
0.0945226
0.0956084
0.095316
0.0951041
0.0957871
0.0955714
0.095445
0.0959032
0.0957467
0.0956633
0.0959679
0.0958499
0.0957934
0.0960193
0.0959257
0.0958907
0.0960539
0.0959741
0.0959563
0.0960768
0.0960015
0.0959863
0.0960808
0.0960326
0.0960153
0.096102
0.0960555
0.0960447
0.0961054
0.0960393
0.096049
0.0960877
0.0960351
0.0960327
0.0960688
0.0960205
0.0960312
0.0960525
0.0959691
0.0959927
0.0959908
0.0959012
0.0959331
0.0959135
0.0957877
0.0958302
0.0958125
0.0956044
0.0957137
0.0957552
0.0952619
0.0954862
0.0952747
0.0944769
0.0948523
0.0944896
0.0938592
0.0942034
0.0928636
0.0917921
0.0935085
0.0928735
0.0948874
0.0965546
0.0935263
0.0936057
0.0938146
0.0945831
0.0946259
0.0940856
0.0951115
0.0951566
0.0948625
0.0954274
0.0954384
0.0952452
0.0956535
0.0955913
0.0954639
0.0957845
0.0957347
0.0956267
0.0958569
0.0958454
0.0957695
0.09592
0.0958965
0.0958512
0.0959664
0.0959347
0.0959082
0.0959942
0.0959654
0.0959426
0.0960144
0.0960018
0.0959703
0.0960308
0.0959995
0.0960017
0.0960398
0.0959833
0.0959751
0.0959915
0.0959717
0.0959478
0.0959486
0.0959217
0.0959294
0.0958703
0.0957868
0.0958306
0.0957264
0.0956926
0.0956827
0.0955301
0.0953741
0.0956531
0.095465
0.0953606
0.0954594
0.0945547
0.0944486
0.0949992
0.0931184
0.0942382
0.0941418
0.0942168
0.0959993
0.0943908
0.0967206
0.0980386
0.099893
0.0938685
0.0958793
0.096646
0.0988409
0.0995481
0.0975487
0.0989225
0.0995035
0.100896
0.0961657
0.0977387
0.0983678
0.100852
0.100473
0.0989645
0.0997407
0.0999767
0.101089
0.09753
0.098549
0.0990777
0.101419
0.100643
0.0993919
0.100118
0.100249
0.101106
0.0982249
0.0989391
0.0994202
0.101524
0.100786
0.0996919
0.100366
0.100443
0.10107
0.0986225
0.0991559
0.0996284
0.101682
0.10108
0.100296
0.100479
0.100517
0.101012
0.0988528
0.0992373
0.0997146
0.10185
0.101446
0.100867
0.100495
0.100513
0.100893
0.0989038
0.0992457
0.0997258
0.101939
0.101905
0.102084
0.10045
0.100419
0.100719
0.0989748
0.099163
0.0996449
0.102181
0.102183
0.102165
0.10034
0.100251
0.100466
0.0988564
0.0989515
0.0994568
0.102239
0.103248
0.103816
0.100212
0.100106
0.100249
0.0986834
0.0988159
0.0992998
0.103004
0.104209
0.103933
0.100065
0.100285
0.100291
0.0986707
0.098804
0.099485
0.10359
0.104828
0.105898
0.100124
0.100958
0.10083
0.098966
0.0995299
0.100184
0.104785
0.106276
0.105609
0.100623
0.101975
0.101499
0.0990105
0.0999321
0.10095
0.105328
0.108171
0.109702
0.101144
0.102905
0.102128
0.09956
0.100512
0.102056
0.106775
0.110411
0.110558
0.10146
0.104492
0.103214
0.0997297
0.104171
0.10477
0.108743
0.112651
0.115405
0.102
0.105638
0.104928
0.100579
0.105774
0.105815
0.110528
0.11516
0.116212
0.103243
0.108442
0.107422
0.102108
0.108133
0.108358
0.112332
0.118676
0.121762
0.115633
0.122271
0.123855
0.118078
0.128396
0.13243
0.123905
0.130657
0.132001
0.126188
0.137183
0.141644
0.131982
0.14197
0.146217
0.105651
0.0852602
0.0984942
0.0616892
0.09368
0.0449445
0.0816555
0.0319203
0.0712319
0.0255754
0.0633465
0.0222805
0.0569466
0.0201147
0.0520105
0.0185932
0.0479793
0.0173589
0.0454009
0.0166589
0.0436103
0.0162238
0.0443271
0.0164736
0.0464172
0.0170529
0.0505362
0.0187816
0.0530672
0.0203916
0.0563959
0.0224594
0.0594489
0.0241611
0.0639582
0.0268803
0.0670645
0.0291239
0.0730963
0.0322464
0.0780888
0.0359206
0.0841601
0.0396253
0.0913469
0.0444129
0.0981038
0.0491583
0.106931
0.0982877
0.0988055
0.0704799
0.0970323
0.0532331
0.0877128
0.0374351
0.0759134
0.0281381
0.0668587
0.0236358
0.0600418
0.0211412
0.0543634
0.0193155
0.0498961
0.0179302
0.0466038
0.0169817
0.0443625
0.0163902
0.0436083
0.0162653
0.0456917
0.0169364
0.0492771
0.0179493
0.0525197
0.019865
0.0559811
0.0217782
0.0592406
0.0237888
0.0636458
0.0259966
0.0676761
0.0288263
0.072106
0.0311745
0.0791702
0.0352644
0.0838404
0.0385383
0.090718
0.0428685
0.0975318
0.0476523
0.104437
0.0524724
0.105499
0.0851908
0.0983727
0.0615762
0.0934511
0.0446764
0.0812574
0.0314827
0.0704555
0.0249041
0.061934
0.0212416
0.0547377
0.0187352
0.0487101
0.0167517
0.0437217
0.0150961
0.0398647
0.0137887
0.0371268
0.0128569
0.0354865
0.0123599
0.0354776
0.0123747
0.0379097
0.012996
0.0414035
0.0143591
0.0443634
0.0161746
0.0473853
0.0181862
0.0500875
0.020246
0.0536731
0.0222553
0.107004
0.0982877
0.098913
0.0704879
0.0972323
0.053202
0.0875917
0.0370969
0.0754732
0.0276334
0.0660593
0.0228835
0.0581455
0.0198836
0.0515832
0.0176926
0.0460925
0.0158835
0.0417061
0.0144166
0.0383954
0.0132867
0.0361472
0.0125439
0.035019
0.0122882
0.0365749
0.012649
0.0398036
0.0136324
0.0434667
0.015418
0.0464045
0.0173002
0.0494002
0.0194535
0.052365
0.0214369
0.0575953
0.0240917
0.0778634
0.0330841
0.0423467
0.0520418
0.0513013
0.0424972
0.036272
0.0428233
0.0432402
0.04554
0.0797306
0.104622
0.103982
0.0997743
0.0973073
0.0949702
0.0929682
0.182953
0.124517
0.0306781
0.0478704
0.0546322
0.0504391
0.0330535
0.0353694
0.0403
0.0419979
0.0585242
0.094586
0.107236
0.104963
0.100391
0.0971633
0.0940502
0.0917131
0.178889
0.111884
0.106322
0.100374
0.0965474
0.0931729
0.0901508
0.174258
0.0999184
0.117795
0.10572
0.173941
0.170628
0.182908
0.166545
0.163125
0.178539
0.158672
0.031563
0.0471525
0.0482937
0.0365003
0.0222578
0.0308395
0.036548
0.0497708
0.0801878
0.106347
0.110901
0.0205244
0.0200622
0.0202278
0.0216234
0.0198518
0.0211419
0.0209223
0.0210972
0.0201831
0.0216234
0.124826
0.133584
0.0664519
0.065955
0.0654369
0.0568861
0.0869314
0.132448
0.133631
0.13902
0.148519
0.0751254
0.0779722
0.0786765
0.131589
0.140933
0.0700401
0.0713025
0.0716263
0.0695572
0.100581
0.0963967
0.0926143
0.0895174
0.146873
0.143112
0.135192
0.14903
0.147791
0.145689
0.139591
0.135914
0.128152
0.140911
0.139523
0.138148
0.0199292
0.0258201
0.0254112
0.0206542
0.0237905
0.0214874
0.0253954
0.0219015
0.0247592
0.0208512
0.0258201
)
;

boundaryField
{
    inlet
    {
        type            zeroGradient;
    }
    outlet
    {
        type            zeroGradient;
    }
    wall
    {
        type            zeroGradient;
    }
    empty_zmin
    {
        type            empty;
    }
    empty_zmax
    {
        type            empty;
    }
    procBoundary0to1
    {
        type            processor;
        value           nonuniform List<scalar> 
35
(
0.104879
0.0987902
0.0951102
0.0912318
0.173651
0.0881046
0.173651
0.0935139
0.154957
0.0296072
0.039186
0.0333833
0.0148419
0.0163463
0.029675
0.0485503
0.0737489
0.100471
0.11229
0.111324
0.0185398
0.019649
0.121679
0.130644
0.062926
0.131577
0.063126
0.0611591
0.0419262
0.0851362
0.129114
0.131577
0.0185987
0.0241438
0.0185987
)
;
    }
}


// ************************************************************************* //
