/*--------------------------------*- C++ -*----------------------------------*\
| =========                 |                                                 |
| \\      /  F ield         | OpenFOAM: The Open Source CFD Toolbox           |
|  \\    /   O peration     | Version:  2406                                  |
|   \\  /    A nd           | Website:  www.openfoam.com                      |
|    \\/     M anipulation  |                                                 |
\*---------------------------------------------------------------------------*/
FoamFile
{
    version     2.0;
    format      ascii;
    arch        "LSB;label=32;scalar=64";
    class       volScalarField;
    location    "4.14";
    object      Co;
}
// * * * * * * * * * * * * * * * * * * * * * * * * * * * * * * * * * * * * * //

dimensions      [0 0 0 0 0 0 0];

internalField   nonuniform List<scalar> 
2367
(
0.0841733
0.0830753
0.0820901
0.0829284
0.0804465
0.0767607
0.14152
0.135453
0.140881
0.140514
0.150159
0.154986
0.106656
0.0558257
0.112164
0.058877
0.0320418
0.0386251
0.0480544
0.0586995
0.0695682
0.0590842
0.0554981
0.0463674
0.0364021
0.0301366
0.113256
0.109709
0.0599206
0.120578
0.120775
0.0622826
0.0611107
0.0604533
0.127377
0.12521
0.0700223
0.0709989
0.0711554
0.0668149
0.0605226
0.100089
0.0782106
0.0521045
0.0463118
0.0646004
0.0945966
0.126059
0.15665
0.0822465
0.135138
0.135349
0.0755415
0.0765242
0.0775111
0.0760066
0.140336
0.115707
0.0788264
0.043563
0.0269688
0.0508386
0.0922554
0.137626
0.173542
0.0925055
0.092614
0.0916361
0.0871121
0.0832636
0.0793947
0.077966
0.148062
0.14245
0.145606
0.149788
0.0840331
0.0856186
0.0878193
0.175725
0.162168
0.150307
0.201932
0.21742
0.102837
0.099498
0.097135
0.0940386
0.0883908
0.0830897
0.154489
0.148354
0.153686
0.15943
0.0869668
0.0939235
0.191061
0.205003
0.196246
0.253648
0.232325
0.107235
0.0988509
0.0929741
0.0888844
0.0857797
0.163024
0.155329
0.161845
0.170254
0.095457
0.195562
0.20574
0.227233
0.254928
0.224991
0.107331
0.100345
0.0948915
0.0893985
0.168859
0.161569
0.169124
0.179003
0.0978924
0.198562
0.217023
0.256959
0.23473
0.104818
0.0978462
0.0937581
0.0899993
0.173959
0.166262
0.175012
0.184109
0.0986251
0.196244
0.20247
0.229146
0.229009
0.105863
0.101443
0.0968963
0.0923096
0.178376
0.170015
0.177878
0.185056
0.0996643
0.198792
0.211965
0.227139
0.222828
0.102087
0.0965892
0.0928116
0.0906825
0.179975
0.172358
0.179225
0.184041
0.0977333
0.2017
0.221005
0.229564
0.225126
0.100031
0.0955648
0.0929938
0.0913666
0.180468
0.174513
0.181928
0.181875
0.0938111
0.192974
0.194733
0.201842
0.215782
0.100261
0.0969773
0.0943947
0.0922843
0.180027
0.173833
0.182869
0.182823
0.0918243
0.0948603
0.190965
0.0856781
0.215338
0.228311
0.103003
0.0988023
0.0956766
0.0927873
0.180502
0.171177
0.182414
0.183176
0.0934807
0.0940196
0.180591
0.0481855
0.0390096
0.0677261
0.213589
0.108033
0.10317
0.0996238
0.0942158
0.0917404
0.180166
0.166597
0.181605
0.181984
0.0894554
0.0881811
0.0740634
0.0382659
0.0209882
0.0202237
0.00718185
0.0219907
0.0778528
0.104291
0.104002
0.100231
0.0971291
0.0933426
0.0911474
0.178299
0.159971
0.180803
0.180276
0.0902631
0.0885719
0.0745239
0.0161611
0.0150276
0.0132453
0.00399479
0.00757374
0.0169415
0.0277342
0.0252899
0.0260353
0.0271939
0.0741934
0.102874
0.102741
0.0984272
0.0959058
0.0927648
0.0899067
0.175455
0.150997
0.181849
0.181713
0.0900227
0.0904052
0.0763943
0.0202608
0.0122364
0.00791573
0.0147639
0.0138134
0.00973341
0.0194841
0.0242012
0.0207854
0.0397419
0.0843722
0.102051
0.102422
0.0981414
0.0937129
0.0905796
0.0879752
0.17181
0.140656
0.0253801
0.0174407
0.0110452
0.0167012
0.0173038
0.0145556
0.00803896
0.0033765
0.024387
0.0599227
0.09522
0.101955
0.096577
0.0911516
0.0887802
0.0872396
0.0851991
0.166574
0.129474
0.0321735
0.0244397
0.0182707
0.0263019
0.0290368
0.0272162
0.0205933
0.0157754
0.0465451
0.0828325
0.101827
0.101976
0.0960294
0.0904091
0.0868773
0.0843448
0.0820848
0.160337
0.118356
0.107116
0.110867
0.113626
0.117513
0.120901
0.124395
0.128579
0.13326
0.101758
0.11128
0.123427
0.0587635
0.101579
0.0246861
0.0444523
0.0753563
0.114732
0.14054
0.146082
0.161675
0.14996
0.14663
0.138157
0.142193
0.167941
0.184183
0.178478
0.188915
0.200107
0.220817
0.219193
0.152749
0.146878
0.151117
0.212816
0.219843
0.218396
0.238382
0.241587
0.257929
0.260427
0.159354
0.155232
0.158931
0.246935
0.264126
0.283882
0.164386
0.162726
0.165637
0.22606
0.214461
0.21065
0.246352
0.235297
0.238869
0.168266
0.168815
0.170907
0.200867
0.204821
0.205388
0.228204
0.224493
0.227325
0.171207
0.173098
0.174421
0.210068
0.211957
0.219192
0.227812
0.237627
0.233306
0.174107
0.175889
0.17738
0.212294
0.196319
0.215841
0.235683
0.230874
0.226019
0.174436
0.17759
0.176981
0.102464
0.124252
0.173101
0.176021
0.174629
0.060045
0.0611843
0.121504
0.117911
0.0916068
0.168865
0.173239
0.171573
0.0232837
0.0257343
0.0539985
0.039709
0.0301676
0.163294
0.169622
0.167415
0.0198966
0.00885788
0.00959831
0.00633238
0.00650175
0.0110192
0.0280695
0.0157292
0.0203898
0.0151562
0.014566
0.0116264
0.155557
0.16501
0.162363
0.145633
0.159825
0.156885
0.134923
0.123754
0.112831
0.111833
0.122729
0.119546
0.111096
0.128085
0.125848
0.12071
0.131737
0.126451
0.122365
0.135851
0.136404
0.127214
0.136019
0.131785
0.125861
0.146064
0.141406
0.0941956
0.0986591
0.10832
0.0665756
0.0618773
0.0804919
0.0430834
0.0337622
0.0471264
0.058192
0.0500872
0.0365923
0.0841677
0.0800621
0.0552007
0.109049
0.113658
0.0937829
0.126336
0.138072
0.1336
0.15488
0.155504
0.160749
0.135953
0.146174
0.141113
0.137328
0.15526
0.152153
0.14666
0.141135
0.136836
0.178412
0.177808
0.17375
0.147596
0.155391
0.159326
0.148444
0.154003
0.149325
0.152955
0.165449
0.15984
0.1823
0.185038
0.176013
0.206887
0.209899
0.22466
0.153536
0.161121
0.165776
0.157002
0.161999
0.157782
0.163681
0.171099
0.166852
0.201456
0.210407
0.203867
0.222696
0.235206
0.244302
0.160898
0.166974
0.171123
0.166239
0.169986
0.165593
0.176295
0.179951
0.174578
0.199764
0.207449
0.199961
0.220028
0.233945
0.217914
0.237753
0.249994
0.268196
0.223306
0.223176
0.234049
0.166694
0.171303
0.175336
0.173766
0.175948
0.171786
0.186464
0.183915
0.180028
0.209238
0.206036
0.200308
0.22169
0.221367
0.229562
0.171667
0.174545
0.177389
0.179272
0.179417
0.175978
0.191441
0.184
0.182346
0.203028
0.20571
0.203479
0.221798
0.218605
0.222274
0.175823
0.176479
0.179659
0.181001
0.180225
0.17811
0.192238
0.184892
0.18306
0.207411
0.214471
0.207699
0.213357
0.219812
0.229005
0.177471
0.178868
0.179641
0.180992
0.181939
0.18126
0.188688
0.185513
0.182862
0.213218
0.211235
0.202052
0.213578
0.210373
0.221173
0.179813
0.180715
0.18231
0.181594
0.183014
0.182574
0.18398
0.187123
0.184258
0.198842
0.194115
0.18768
0.159596
0.143511
0.193477
0.217698
0.229394
0.186362
0.209064
0.212157
0.224858
0.180343
0.182472
0.185018
0.183238
0.183393
0.182546
0.182369
0.186245
0.184299
0.145406
0.132648
0.184269
0.234562
0.22793
0.212283
0.2157
0.214322
0.22751
0.18056
0.181382
0.184567
0.183274
0.183072
0.181926
0.183087
0.184294
0.183358
0.131663
0.133133
0.180196
0.0383797
0.0244114
0.0405601
0.128003
0.145761
0.0706898
0.225166
0.222328
0.215456
0.179276
0.179225
0.182757
0.182584
0.181264
0.180845
0.180844
0.177958
0.179354
0.0176465
0.0121957
0.039274
0.0207504
0.0106117
0.0102037
0.0399845
0.0399513
0.0201219
0.156693
0.172385
0.0925822
0.176702
0.176268
0.180831
0.181206
0.183102
0.181751
0.179759
0.181156
0.182246
0.0147664
0.0203172
0.0216534
0.00838287
0.0114401
0.0171203
0.00429573
0.00880973
0.0100896
0.0139518
0.0168922
0.00931334
0.0260124
0.0290365
0.0177448
0.0278671
0.0270696
0.025577
0.0263395
0.0312533
0.0270217
0.0240037
0.0385387
0.0379836
0.0509289
0.0640013
0.0405267
0.172899
0.171507
0.177522
0.183122
0.18455
0.182437
0.179931
0.181759
0.183312
0.0154607
0.0211816
0.019358
0.0170561
0.0204144
0.0189935
0.0238099
0.0218073
0.0161514
0.0282832
0.0208825
0.018767
0.167789
0.165833
0.173077
0.161237
0.158885
0.166902
0.154038
0.151325
0.160377
0.226719
0.172454
0.115906
0.0995561
0.109646
0.0879175
0.0177257
0.0108986
0.0842761
0.0662338
0.0253811
0.0199702
0.0554828
0.0346655
0.0347246
0.0160447
0.0286882
0.0293376
0.0602008
0.044198
0.0361566
0.0324241
0.111872
0.0882723
0.00923503
0.0075551
0.260899
0.19875
0.238613
0.155934
0.231523
0.116918
0.181954
0.0397074
0.134954
0.0692099
0.113898
0.0608819
0.120234
0.0650258
0.126621
0.0685549
0.130624
0.0705538
0.132372
0.0703283
0.133645
0.068793
0.134979
0.065131
0.13183
0.0568637
0.1229
0.0466195
0.109199
0.0355522
0.091541
0.0249831
0.0709921
0.015424
0.0490485
0.00581825
0.0300672
0.0078165
0.013319
0.0139987
0.00724154
0.017786
0.231254
0.159101
0.211651
0.122013
0.1928
0.0554249
0.113447
0.0732196
0.1314
0.0961133
0.119098
0.0841694
0.0152354
0.00854576
0.141058
0.101641
0.0608871
0.0437983
0.0784175
0.0552617
0.0322004
0.0168798
0.0234839
0.0195923
0.056963
0.032081
0.0933977
0.0673825
0.07833
0.060772
0.233255
0.137904
0.231877
0.0858682
0.118193
0.063384
0.124129
0.0670135
0.129397
0.0699754
0.131332
0.0705538
0.133555
0.0699765
0.134753
0.067577
0.134713
0.0616561
0.128032
0.051888
0.117088
0.0412192
0.100763
0.0301402
0.0817015
0.0200986
0.0600653
0.0107071
0.0389814
0.00441909
0.0215876
0.0115952
0.00754589
0.0160846
0.0102837
0.0190509
0.0781433
0.0365783
0.0880127
0.0432804
0.0972812
0.04971
0.107168
0.0573995
0.117409
0.0650349
0.126156
0.0712339
0.133849
0.0762752
0.139068
0.0782882
0.141648
0.077873
0.144601
0.0748338
0.144858
0.067344
0.139093
0.0553556
0.125767
0.0422248
0.110166
0.031107
0.0912093
0.02111
0.0693174
0.0129615
0.0451839
0.00637663
0.236452
0.175336
0.138659
0.10095
0.199421
0.131541
0.222671
0.0993412
0.138476
0.041796
0.0605687
0.0623277
0.115382
0.107919
0.0392142
0.0343797
0.0307745
0.0221884
0.173324
0.130002
0.110007
0.0858284
0.134435
0.100058
0.132959
0.105156
0.0453245
0.0395142
0.149408
0.111507
0.261525
0.199327
0.120505
0.128838
0.0841791
0.0400064
0.0921228
0.0462416
0.101819
0.053436
0.112095
0.0611534
0.121418
0.0681046
0.129894
0.0739066
0.135953
0.0774396
0.140038
0.0782882
0.143911
0.0770971
0.145568
0.0718508
0.143229
0.0619223
0.132744
0.0485334
0.118362
0.0365054
0.101296
0.0259715
0.0809738
0.0168165
0.0571672
0.00945168
0.0322907
0.00350108
0.0455556
0.0336496
0.0249319
0.0182868
0.0362112
0.0334458
0.0313445
0.0322794
0.0320081
0.0294716
0.0220555
0.0171093
0.0243891
0.0172004
0.0193898
0.0176563
0.0254189
0.0203763
0.0771053
0.0654166
0.15802
0.11698
0.246086
0.175985
0.14772
0.0315306
0.0880209
0.0693028
0.182627
0.183401
0.0904324
0.089681
0.0750126
0.182322
0.184067
0.0918571
0.0927891
0.0778183
0.153119
0.148629
0.143803
0.138721
0.184991
0.185407
0.182571
0.181199
0.180948
0.18342
0.186029
0.186632
0.181677
0.181843
0.182898
0.185135
0.0206895
0.00424378
0.015121
0.014163
0.0138103
0.00906152
0.0194949
0.0187548
0.0378509
0.0397975
0.0445003
0.0494899
0.054365
0.0582978
0.0369914
0.0421442
0.0504186
0.0585631
0.065603
0.0532892
0.0513439
0.0484021
0.0437951
0.0399954
0.0553433
0.0503981
0.0445823
0.0372629
0.0340623
0.103976
0.103289
0.0517538
0.105547
0.104647
0.0544477
0.108097
0.108183
0.0557699
0.0552743
0.058733
0.0576605
0.095544
0.0988618
0.0981992
0.10236
0.101869
0.106843
0.104518
0.110729
0.108609
0.102017
0.108874
0.111019
0.105865
0.113864
0.111866
0.104273
0.115738
0.115002
0.107792
0.120313
0.116729
0.108655
0.117081
0.120569
0.0581761
0.0238986
0.063727
0.0271762
0.0702607
0.0313535
0.0630567
0.0261299
0.0695522
0.0300043
0.0767162
0.0346013
0.0932842
0.0943396
0.0949233
0.0954292
0.0957682
0.0959558
0.0960632
0.0961371
0.0961954
0.0962374
0.0962691
0.0962643
0.0962663
0.096263
0.0962665
0.096215
0.0961675
0.096114
0.0959818
0.0958785
0.0956395
0.0951173
0.0943383
0.09551
0.0937766
0.0927706
0.093952
0.0949071
0.0954703
0.0957941
0.095987
0.0961238
0.0962267
0.0963131
0.0963649
0.0963913
0.096443
0.0963969
0.0963599
0.0962896
0.096209
0.096136
0.0958834
0.0957339
0.09522
0.0942936
0.0930796
0.0954262
0.0985904
0.0953016
0.0469483
0.0469525
0.0472737
0.0474886
0.0476887
0.0478375
0.0479439
0.0480247
0.0480897
0.0481382
0.0481635
0.048159
0.0481291
0.0480748
0.0480169
0.0479278
0.0477977
0.0476774
0.0474688
0.0476657
0.0961637
0.100255
0.100549
0.0976094
0.0480712
0.047554
0.0474968
0.0476255
0.0477599
0.0479194
0.0480334
0.0481057
0.0481633
0.0481865
0.0482147
0.0482446
0.0482531
0.0482154
0.0481193
0.0479504
0.0477084
0.0476484
0.0480454
0.0488487
0.0994307
0.10101
0.100842
0.0985827
0.0484639
0.0479986
0.0477726
0.0477352
0.0477872
0.0478514
0.0479913
0.0481489
0.0482657
0.048349
0.0483843
0.0484167
0.0484249
0.0483857
0.048385
0.0483849
0.0484848
0.0487497
0.0488283
0.0492379
0.100384
0.100342
0.100793
0.0989901
0.048819
0.0483324
0.048041
0.0479
0.0479556
0.0480861
0.0481088
0.0481662
0.0482822
0.0484098
0.0484794
0.0484948
0.0485459
0.048586
0.0485699
0.048567
0.0484484
0.0485412
0.0489558
0.0496397
0.101439
0.0995818
0.100698
0.0991641
0.0489486
0.0485393
0.0482547
0.0480724
0.0479444
0.0479404
0.0481117
0.0482866
0.0483982
0.0484954
0.0486461
0.0487439
0.0487889
0.0488331
0.0488856
0.0489415
0.0492009
0.0494789
0.0496016
0.0500693
0.101463
0.0988422
0.100499
0.0991653
0.0489957
0.0486286
0.0483602
0.0481786
0.0481422
0.0481815
0.0481705
0.0482465
0.0484446
0.0485876
0.0487412
0.048916
0.0490429
0.0491614
0.0492964
0.0494214
0.0494409
0.0493935
0.0495444
0.0502948
0.102255
0.0981528
0.100227
0.0990397
0.0489354
0.0486114
0.0484115
0.048302
0.0482081
0.0481911
0.0483628
0.0484746
0.0485704
0.0487956
0.0489662
0.0491269
0.0493003
0.0494764
0.0496167
0.0497355
0.0499823
0.0502373
0.050416
0.0508344
0.102445
0.0975542
0.0999758
0.0989167
0.0489325
0.048612
0.0483914
0.0482427
0.0481933
0.048197
0.0481598
0.0483728
0.0486319
0.0488125
0.0490734
0.0493276
0.0495678
0.049802
0.0500345
0.050235
0.05036
0.0502889
0.0504321
0.0511068
0.103184
0.0971592
0.0996742
0.0986745
0.0487365
0.0484317
0.048201
0.0480509
0.0479473
0.0480018
0.0482883
0.0484674
0.0486904
0.0490576
0.0493328
0.0496573
0.0499337
0.0502606
0.0505635
0.0507366
0.0510666
0.0514828
0.0516617
0.0519795
0.103707
0.0969401
0.0993279
0.0983496
0.0486179
0.0483496
0.0481841
0.0481383
0.0482739
0.0484691
0.0484202
0.0486779
0.0490192
0.0492383
0.0495442
0.0499938
0.0503545
0.0505885
0.0508549
0.0511478
0.0511688
0.0510497
0.0513205
0.0521018
0.104508
0.0971763
0.0990168
0.0980236
0.0483564
0.0480177
0.0477926
0.0475765
0.0473169
0.0473643
0.0479612
0.0484477
0.0488394
0.0492778
0.0497195
0.0502263
0.0507472
0.0511981
0.0515487
0.0519683
0.052478
0.0529715
0.0529863
0.0529809
0.104921
0.0978876
0.099121
0.0982252
0.0483908
0.0479767
0.0476171
0.0473487
0.0476524
0.0479846
0.0481493
0.0485183
0.048939
0.0495178
0.0501442
0.0506205
0.051139
0.0516236
0.0519782
0.0523671
0.0523987
0.0522999
0.0526101
0.0532266
0.106289
0.0984943
0.0992759
0.098221
0.0488596
0.0483208
0.0477024
0.0471462
0.0467604
0.047039
0.0478133
0.0484547
0.0490721
0.0499302
0.0506389
0.0513993
0.0521953
0.0528142
0.0533167
0.053567
0.0541016
0.0545079
0.0543187
0.0544292
0.106527
0.0994199
0.0994165
0.0987075
0.0486282
0.0483424
0.0479138
0.0474004
0.0469392
0.0468613
0.0473081
0.0479535
0.0488016
0.0497022
0.0507511
0.0516678
0.05269
0.0534646
0.0539979
0.0545869
0.0546107
0.0542205
0.0543732
0.0550016
0.108655
0.100739
0.0998845
0.0993021
0.0499903
0.0490781
0.0483776
0.0479402
0.0471871
0.0466826
0.0471974
0.0478912
0.0483677
0.0491486
0.0502875
0.0516895
0.0531435
0.0546672
0.0554739
0.0552919
0.0557501
0.0565971
0.056833
0.0566955
0.109726
0.10252
0.100821
0.100215
0.0498811
0.0493124
0.0487268
0.0478268
0.0466212
0.0460654
0.0460964
0.0466096
0.0477763
0.0490735
0.0505215
0.0520582
0.053608
0.0546245
0.0557005
0.0569563
0.0571744
0.0563956
0.0562642
0.0566952
0.111417
0.104689
0.101994
0.101478
0.0518482
0.0509245
0.0497658
0.048065
0.046185
0.0449368
0.0448368
0.0455245
0.0465599
0.0481845
0.0501955
0.0521629
0.0541293
0.0563344
0.0578292
0.0580909
0.0588896
0.059959
0.0601011
0.0596427
0.114977
0.106846
0.0421018
0.0428369
0.045125
0.0476043
0.0501448
0.0524696
0.0541926
0.0558358
0.0581717
0.0605182
0.0612877
0.060408
0.0599056
0.0605433
0.116409
0.10995
0.0409406
0.0407189
0.0431305
0.0462572
0.0497709
0.054159
0.0580868
0.0611824
0.0623232
0.0623504
0.0635728
0.0647644
0.0647263
0.0634183
0.120659
0.113427
0.0612954
0.0641607
0.0660058
0.066212
0.0650329
0.0644907
0.0651399
0.124059
0.117534
0.0693117
0.0702914
0.0692979
0.0697155
0.0716154
0.0720829
0.0697394
0.128309
0.123054
0.0725874
0.0763613
0.0788804
0.077607
0.0746804
0.0724948
0.071131
0.133888
0.128336
0.109255
0.105775
0.111315
0.105003
0.105156
0.105202
0.10506
0.10533
0.105254
0.105446
0.105401
0.105507
0.10548
0.105532
0.105521
0.105563
0.105554
0.10558
0.105573
0.105583
0.105583
0.105588
0.10558
0.105585
0.105591
0.105579
0.105581
0.105576
0.105575
0.105591
0.105586
0.105553
0.105573
0.105528
0.105543
0.10548
0.105507
0.105423
0.105461
0.105299
0.105359
0.105128
0.105232
0.105077
0.105003
0.111328
0.105793
0.109229
0.0954987
0.0920376
0.0921546
0.0953554
0.0983135
0.0983043
0.100027
0.100636
0.100877
0.100529
0.0999663
0.100498
0.099435
0.0988024
0.0996021
0.0982139
0.0975987
0.0988823
0.0970262
0.0963459
0.0982891
0.0958075
0.0950963
0.0976868
0.0945928
0.093976
0.0972552
0.0934182
0.0928841
0.0969444
0.092378
0.0919003
0.0972437
0.0914837
0.0911166
0.09781
0.0908953
0.090747
0.0986033
0.0907115
0.0907215
0.0994868
0.0907137
0.0910123
0.100904
0.0905649
0.0915351
0.102556
0.0911038
0.0926215
0.104773
0.0921399
0.094198
0.106913
0.0935051
0.0964465
0.110243
0.114417
0.118032
0.123917
0.128492
0.133975
0.0512295
0.0500635
0.0484599
0.0464655
0.0436389
0.0536997
0.0522486
0.0499185
0.0466292
0.0434383
0.0942199
0.0926474
0.0912252
0.0945761
0.0941114
0.0935314
0.0952257
0.0947397
0.0943931
0.0956412
0.0952767
0.0949953
0.0958672
0.0956642
0.0955031
0.0960248
0.0958954
0.0957794
0.0961019
0.0960486
0.0959703
0.0961613
0.0961451
0.0961076
0.0962174
0.0962282
0.0961847
0.0962598
0.0962784
0.0962624
0.0962666
0.096324
0.0962898
0.0962668
0.0963646
0.0963544
0.0962605
0.0963466
0.0963653
0.0962744
0.0963061
0.0963123
0.0962393
0.0962949
0.096296
0.0961934
0.0962215
0.0962509
0.096143
0.0960993
0.0961677
0.0960682
0.0959071
0.0959877
0.0959133
0.0956848
0.0958302
0.095801
0.0951298
0.0954064
0.0954064
0.0945399
0.0948736
0.0947085
0.0935784
0.0941578
0.0932582
0.0915349
0.0929943
0.0928153
0.094835
0.0965048
0.0933615
0.0932446
0.0936891
0.0945098
0.0947649
0.0940566
0.0953334
0.0953168
0.0949345
0.0956564
0.0956656
0.0954083
0.0959181
0.0959378
0.0957892
0.0960684
0.0960955
0.0959921
0.0961844
0.0962166
0.0961364
0.0962741
0.0963253
0.0962543
0.0963554
0.0964133
0.0963626
0.0963761
0.096463
0.0964306
0.0964205
0.0964756
0.0964694
0.0964421
0.0965099
0.0964744
0.0964091
0.0965217
0.0964886
0.0963638
0.0964765
0.0964603
0.0962833
0.0963831
0.0963797
0.0962083
0.0961913
0.0962597
0.0960882
0.0959508
0.0959826
0.0957978
0.0955987
0.0958293
0.095578
0.0951161
0.0953639
0.0947833
0.0944612
0.0948515
0.0933952
0.0941469
0.0942821
0.093877
0.0962703
0.0944717
0.0967756
0.0978941
0.0997641
0.0937702
0.0959553
0.0966247
0.0986857
0.0996644
0.0977516
0.0989674
0.0992707
0.10065
0.0963561
0.0977674
0.0982447
0.100956
0.100603
0.0991352
0.0996711
0.0997011
0.100777
0.0972943
0.0984419
0.098901
0.101691
0.100768
0.0998151
0.099845
0.0998633
0.100705
0.0981273
0.0987661
0.0991353
0.102106
0.101239
0.10029
0.0999949
0.0999511
0.100511
0.098393
0.0988796
0.0992205
0.102313
0.10174
0.101291
0.099995
0.0998528
0.100253
0.0984476
0.0987557
0.0991633
0.102571
0.102253
0.101912
0.0998031
0.0997473
0.100103
0.0983493
0.09862
0.0990537
0.102819
0.102949
0.10314
0.0996397
0.0995854
0.0998364
0.098334
0.0985232
0.0988981
0.103295
0.103489
0.10385
0.099455
0.0993002
0.0994883
0.0980488
0.0981703
0.0985605
0.103638
0.104813
0.105904
0.0991582
0.0990243
0.0991604
0.0978021
0.0978772
0.0982823
0.104366
0.105835
0.106805
0.0988174
0.0988482
0.0990081
0.0974955
0.0975601
0.0980558
0.105133
0.107227
0.108414
0.0989686
0.0991291
0.0993352
0.0977234
0.0976267
0.0983013
0.106364
0.107763
0.108666
0.0988922
0.0999933
0.0999886
0.098025
0.098353
0.0990823
0.106611
0.110245
0.112144
0.0996181
0.101267
0.100881
0.0980002
0.0985404
0.100296
0.108665
0.111822
0.113328
0.0998712
0.102712
0.102224
0.0992698
0.100969
0.101757
0.109995
0.114459
0.117128
0.100932
0.104838
0.103982
0.100373
0.101394
0.103342
0.112318
0.117252
0.118419
0.102312
0.108577
0.106632
0.101917
0.106769
0.108316
0.115227
0.1193
0.122067
0.116059
0.125502
0.128401
0.121405
0.127609
0.130891
0.123372
0.134866
0.138629
0.128723
0.138828
0.143257
0.133349
0.143937
0.148216
0.10561
0.0852413
0.098386
0.0616931
0.0937724
0.0451526
0.0819387
0.0321681
0.0717446
0.025907
0.0639454
0.0226231
0.0575254
0.0204593
0.0522799
0.0188491
0.0482556
0.0177023
0.0454648
0.016942
0.0435794
0.016516
0.0438593
0.0167526
0.0463857
0.0175096
0.049888
0.0189865
0.0534583
0.0210247
0.0567967
0.0231472
0.060221
0.025525
0.063367
0.0276234
0.0682381
0.0302334
0.0732237
0.0335659
0.0784485
0.0368914
0.0850354
0.0411002
0.0912861
0.0456119
0.0991049
0.0507133
0.106951
0.0982877
0.0988129
0.0704805
0.0971173
0.0534062
0.0878751
0.037633
0.0760829
0.0283473
0.067199
0.0239153
0.0602583
0.0213632
0.0546236
0.019574
0.0499926
0.0182021
0.0467303
0.0172964
0.0442953
0.0166498
0.0436207
0.0166513
0.045142
0.0171424
0.0487698
0.0183843
0.0526602
0.0202401
0.0562809
0.0224663
0.0600736
0.0247881
0.0633242
0.0271168
0.0672943
0.0293367
0.0733533
0.0327219
0.0786216
0.0361274
0.0848282
0.039874
0.0919079
0.0445539
0.0979979
0.048897
0.105039
0.0539341
0.105527
0.0851919
0.0983538
0.061506
0.0932973
0.0445083
0.0810816
0.0312949
0.0702317
0.0246947
0.0615583
0.0209681
0.0545063
0.0184822
0.0485766
0.0164913
0.0437443
0.0148454
0.0400157
0.0135327
0.037303
0.0125698
0.0356299
0.0120291
0.0358076
0.0119337
0.0386439
0.0125404
0.0422245
0.0140027
0.0445391
0.0156966
0.0467534
0.0172833
0.0497791
0.0189088
0.0538683
0.021181
0.107002
0.0982877
0.0989426
0.0704625
0.0972031
0.0530984
0.0874577
0.0369265
0.0751023
0.0273763
0.0656757
0.02262
0.0578171
0.0196353
0.0512257
0.0173818
0.0459003
0.015591
0.0417303
0.0141527
0.0385447
0.0130147
0.0363649
0.0122498
0.0352316
0.0119291
0.0370179
0.0121492
0.0406114
0.0132114
0.0440775
0.0150577
0.0463673
0.0167464
0.0489679
0.0183515
0.0531565
0.0204126
0.0580505
0.0231892
0.0409095
0.0342635
0.0307752
0.0347521
0.0411722
0.0413499
0.0354756
0.0324413
0.069653
0.0956387
0.101771
0.0994665
0.0932017
0.0872314
0.0839835
0.0808497
0.0786208
0.153686
0.107853
0.0442554
0.0421088
0.0373511
0.0506319
0.0522802
0.047479
0.0474226
0.082143
0.0959295
0.0966795
0.0927166
0.087048
0.0825538
0.0801866
0.0773438
0.0753453
0.146981
0.0985527
0.0822532
0.0789487
0.076819
0.0742956
0.0718009
0.139815
0.0906796
0.102982
0.0944977
0.146289
0.143555
0.153491
0.138483
0.13591
0.146266
0.130916
0.0523819
0.050381
0.0420345
0.0532544
0.0580515
0.0544092
0.0555195
0.0803696
0.0891104
0.0880803
0.0857707
0.0124591
0.0199172
0.0148601
0.0206468
0.0153001
0.0208378
0.0140742
0.0204595
0.0154313
0.0207779
0.172924
0.191622
0.0986038
0.0999776
0.0885939
0.054659
0.112661
0.187674
0.194207
0.180592
0.186139
0.0933719
0.0950088
0.0816889
0.176839
0.18847
0.0949157
0.0957094
0.0848831
0.0491782
0.133391
0.127907
0.123126
0.118368
0.187013
0.187187
0.178842
0.184435
0.185608
0.186851
0.187473
0.187735
0.174954
0.187767
0.191016
0.190511
0.0159252
0.0196719
0.0153584
0.0205514
0.0218698
0.0180828
0.0233516
0.0189368
0.0233516
0.018318
0.0227238
)
;

boundaryField
{
    inlet
    {
        type            zeroGradient;
    }
    outlet
    {
        type            zeroGradient;
    }
    wall
    {
        type            zeroGradient;
    }
    empty_zmin
    {
        type            empty;
    }
    empty_zmax
    {
        type            empty;
    }
    procBoundary0to1
    {
        type            processor;
        value           nonuniform List<scalar> 
35
(
0.0760617
0.0732665
0.0713899
0.069381
0.138392
0.0673564
0.138392
0.0874882
0.127942
0.0582484
0.0545146
0.0485825
0.0474154
0.0587006
0.057275
0.0555004
0.0694276
0.0814527
0.079165
0.0784092
0.0153841
0.0208378
0.170519
0.19257
0.101463
0.194954
0.103252
0.094414
0.0625323
0.105969
0.188352
0.194954
0.0131275
0.00967465
0.0131275
)
;
    }
}


// ************************************************************************* //
