/*--------------------------------*- C++ -*----------------------------------*\
| =========                 |                                                 |
| \\      /  F ield         | OpenFOAM: The Open Source CFD Toolbox           |
|  \\    /   O peration     | Version:  2406                                  |
|   \\  /    A nd           | Website:  www.openfoam.com                      |
|    \\/     M anipulation  |                                                 |
\*---------------------------------------------------------------------------*/
FoamFile
{
    version     2.0;
    format      ascii;
    arch        "LSB;label=32;scalar=64";
    class       volScalarField;
    location    "0.7";
    object      Co;
}
// * * * * * * * * * * * * * * * * * * * * * * * * * * * * * * * * * * * * * //

dimensions      [0 0 0 0 0 0 0];

internalField   nonuniform List<scalar> 
2367
(
0.0907385
0.111944
0.113922
0.111471
0.1048
0.0808668
0.132715
0.148873
0.0215339
0.0229458
0.101059
0.159396
0.166651
0.0865207
0.0880939
0.0682932
0.0397448
0.035654
0.0325748
0.0454906
0.0442315
0.0520836
0.0752841
0.0924176
0.101017
0.102733
0.0995792
0.0930886
0.0865496
0.082989
0.0797708
0.0766716
0.0739091
0.142185
0.0768046
0.15868
0.168282
0.0898988
0.0924348
0.0729211
0.050564
0.0452929
0.0417501
0.0452877
0.0495507
0.0624446
0.0812585
0.0906236
0.0939655
0.0940213
0.0918388
0.0870009
0.0815833
0.0786047
0.07605
0.0730323
0.0702269
0.134623
0.0697512
0.159858
0.176657
0.0915677
0.0922756
0.0754453
0.0587413
0.0548332
0.0546586
0.0489909
0.0554781
0.0654087
0.0785077
0.0834937
0.0830357
0.0834687
0.0825431
0.0799997
0.0767638
0.0740674
0.0712047
0.0683709
0.0656453
0.125664
0.064623
0.119423
0.118421
0.116627
0.0729856
0.11457
0.111741
0.0668538
0.106862
0.0989357
0.0629781
0.162259
0.188881
0.0980665
0.0960531
0.0788756
0.0649293
0.0627943
0.0628573
0.0582793
0.0597807
0.0645685
0.0717746
0.074836
0.0730723
0.0760969
0.0752018
0.0721665
0.0692726
0.0667971
0.0651314
0.0629751
0.0607127
0.116541
0.0627541
0.150172
0.19994
0.104544
0.103668
0.0880438
0.0709427
0.0676184
0.06484
0.0617524
0.0602159
0.0618822
0.0647355
0.0665568
0.062934
0.0666105
0.0660551
0.0633028
0.0617974
0.0604513
0.0608599
0.0594482
0.0574456
0.110345
0.0632209
0.121413
0.206827
0.111388
0.112365
0.0995131
0.0782656
0.0684882
0.0637804
0.0590352
0.0558056
0.0544929
0.0555937
0.0565171
0.0533109
0.0555399
0.0550129
0.0546152
0.0557102
0.0568766
0.0580963
0.0566389
0.054347
0.104857
0.0646018
0.0866888
0.208982
0.117541
0.121457
0.115614
0.0947
0.0712786
0.0605093
0.0536153
0.0489132
0.0444687
0.0433787
0.0433636
0.0426419
0.0445688
0.0459951
0.0488083
0.0505573
0.0532639
0.0537935
0.0522688
0.0507015
0.0997281
0.0666678
0.0609247
0.197261
0.119695
0.124609
0.123818
0.114242
0.0919822
0.0664801
0.048162
0.0403304
0.0341799
0.0303781
0.0296518
0.0303831
0.0332435
0.0377937
0.0437074
0.0459315
0.0479305
0.0475997
0.0474984
0.0484356
0.097308
0.0698242
0.0501445
0.16932
0.119262
0.124914
0.125373
0.122432
0.111363
0.0912866
0.06817
0.0476125
0.0313834
0.0213959
0.0188458
0.019568
0.0236935
0.0300458
0.0380043
0.0414599
0.0429863
0.0451005
0.0477822
0.04919
0.0976545
0.0734418
0.0369004
0.136993
0.11473
0.122042
0.12408
0.123875
0.119044
0.107042
0.090908
0.0721596
0.0542034
0.0398247
0.0297545
0.023062
0.0217661
0.0244273
0.0328003
0.0401714
0.0440339
0.0466754
0.0488292
0.0500435
0.0989921
0.0771417
0.0174312
0.112035
0.102755
0.111449
0.116137
0.119223
0.118894
0.111812
0.101673
0.0879768
0.073
0.0601931
0.0490606
0.040745
0.0365745
0.0334988
0.0359519
0.0416971
0.0457047
0.0481771
0.0497931
0.0507622
0.100534
0.0806195
0.00685417
0.0874655
0.086572
0.0975988
0.104407
0.109299
0.11314
0.110505
0.104342
0.0943586
0.0831881
0.0730657
0.0632083
0.0560646
0.0510284
0.0458993
0.0427732
0.0440695
0.047483
0.050221
0.0509431
0.0510699
0.102046
0.0840586
0.0252434
0.103055
0.0762299
0.0845063
0.0930786
0.097754
0.101755
0.103154
0.101297
0.0951261
0.0876174
0.0800318
0.0722576
0.0667711
0.0616805
0.0578283
0.0533255
0.0497728
0.0505196
0.053335
0.0538428
0.0525887
0.103687
0.0877654
0.0426497
0.100696
0.0655719
0.0727109
0.0820114
0.0884325
0.0921454
0.0945928
0.0952149
0.0928838
0.0883207
0.0827558
0.0776675
0.0741164
0.0701985
0.0675951
0.0637039
0.0583701
0.0563015
0.0574517
0.0582295
0.0559573
0.107369
0.0923773
0.0523587
0.0895098
0.0570359
0.0639824
0.0726481
0.079806
0.0841351
0.0862471
0.0874843
0.0870054
0.08611
0.0833352
0.0816026
0.0799866
0.0783762
0.0776262
0.0754021
0.071002
0.0666679
0.0648125
0.0647624
0.0620318
0.113799
0.0980845
0.0580334
0.0821282
0.050162
0.057322
0.0646412
0.0712256
0.0760443
0.0787685
0.0825213
0.0827865
0.0844992
0.0842409
0.085499
0.0856715
0.0865448
0.0856199
0.0834837
0.0806977
0.0761666
0.0725507
0.0707133
0.0680194
0.124736
0.10164
0.0612136
0.0769254
0.0442957
0.0512171
0.0573744
0.0636875
0.0689853
0.0721415
0.0777143
0.0799743
0.0836686
0.0854069
0.0881951
0.0897986
0.0927647
0.0929647
0.0921324
0.0890177
0.0834531
0.0782015
0.0742801
0.0702762
0.130986
0.102023
0.0623465
0.0724908
0.0403265
0.0461477
0.0511736
0.0570546
0.0623799
0.0663967
0.072399
0.0763708
0.0809513
0.0849482
0.0886627
0.0920006
0.096126
0.0978947
0.0982698
0.0949278
0.0886798
0.0818746
0.0766007
0.0730201
0.140024
0.0966066
0.0621882
0.069003
0.0386987
0.0426997
0.046461
0.0514043
0.05594
0.0601304
0.0656079
0.0704493
0.075539
0.0816706
0.08701
0.0921454
0.0957268
0.0989095
0.100595
0.0988317
0.0927296
0.0860848
0.0812468
0.0793714
0.153378
0.0783624
0.0626831
0.0686333
0.0372387
0.039613
0.0419096
0.0452855
0.0484046
0.0519964
0.0566217
0.0615901
0.0671603
0.0739701
0.0806256
0.0881006
0.092613
0.0970732
0.100142
0.10155
0.0958228
0.0893403
0.0871453
0.0880221
0.163636
0.0649628
0.0635373
0.0685841
0.0352501
0.036302
0.0373985
0.0389949
0.04087
0.0434792
0.0468835
0.0511437
0.0567704
0.063175
0.0698319
0.0778205
0.0848702
0.0905076
0.0954301
0.100478
0.0962901
0.0921834
0.0965799
0.0975818
0.161291
0.0559077
0.0627831
0.0665807
0.0324758
0.0326187
0.0327644
0.0324565
0.033026
0.0346217
0.0368351
0.0403162
0.0456034
0.0517585
0.0585114
0.0652433
0.0733653
0.0811122
0.0888306
0.0962244
0.0966783
0.101779
0.109577
0.10298
0.141932
0.0466214
0.060713
0.0629351
0.0296035
0.0291525
0.0286183
0.0267462
0.0257486
0.0261599
0.0273767
0.0301797
0.0353473
0.0424169
0.0502991
0.0580261
0.0658663
0.0734939
0.0827582
0.0949944
0.105187
0.11276
0.114688
0.101755
0.120469
0.0352992
0.0600901
0.0597443
0.0276481
0.0270987
0.0262097
0.0237376
0.0217084
0.0211731
0.0219548
0.0249415
0.03012
0.038272
0.047007
0.0561922
0.0658519
0.0773975
0.0914129
0.106478
0.114519
0.116991
0.113915
0.0612803
0.0595252
0.0274824
0.0282472
0.0284747
0.027578
0.0275697
0.0286326
0.0302013
0.0340756
0.0394112
0.0477793
0.0566036
0.0668143
0.0780634
0.0914893
0.104681
0.114444
0.116806
0.115964
0.109619
0.0621496
0.0598329
0.0282275
0.0312519
0.0327687
0.0335603
0.0349007
0.0366978
0.0392173
0.0449279
0.0516345
0.0608921
0.0706366
0.0814548
0.0921035
0.102767
0.111043
0.115499
0.115161
0.112123
0.0633013
0.0605057
0.030084
0.0350759
0.0374296
0.0389443
0.0406664
0.0434001
0.0473688
0.0539738
0.0609338
0.0700151
0.0798527
0.089633
0.0983486
0.106243
0.087275
0.0740191
0.0628847
0.0609073
0.0492355
0.0637754
0.0400706
0.034196
0.0655106
0.029684
0.0256402
0.0681777
0.0228167
0.0197909
0.0716918
0.0144952
0.010325
0.0753754
0.0125681
0.0175076
0.0790367
0.0198366
0.0188736
0.0823971
0.0185763
0.01709
0.0859085
0.0120951
0.0120738
0.0899259
0.0194814
0.0269238
0.0953905
0.0327851
0.0374177
0.100214
0.0410483
0.0438505
0.102584
0.0460291
0.0476752
0.101362
0.048801
0.0493591
0.0877255
0.0495035
0.0495963
0.070542
0.0494388
0.0489927
0.0608309
0.0478134
0.0457892
0.050942
0.0434548
0.0412588
0.0419018
0.0397133
0.0389406
0.027321
0.0388393
0.039356
0.0398285
0.0401261
0.0403864
0.0407853
0.0412001
0.0416257
0.165346
0.159568
0.166767
0.166168
0.165893
0.165801
0.158749
0.167602
0.17035
0.167835
0.127279
0.123975
0.140825
0.166759
0.169957
0.159467
0.170039
0.173417
0.171696
0.118897
0.115487
0.132125
0.173189
0.177028
0.160804
0.177837
0.182771
0.18133
0.110781
0.107798
0.123113
0.183856
0.187389
0.158527
0.190853
0.195859
0.194579
0.104158
0.102433
0.114716
0.18851
0.188699
0.137971
0.202117
0.207949
0.204266
0.0996062
0.0979874
0.108433
0.185701
0.179561
0.103946
0.213382
0.219889
0.209628
0.0961818
0.0945571
0.102396
0.167806
0.149812
0.0710676
0.224481
0.224963
0.204463
0.0938432
0.0931494
0.098081
0.13001
0.112886
0.0555221
0.225227
0.22517
0.185886
0.0931248
0.093433
0.0972336
0.0993232
0.0883112
0.0437025
0.21892
0.214486
0.152838
0.0937294
0.0945487
0.0981344
0.0798169
0.0705485
0.0281874
0.204091
0.194354
0.124157
0.0953787
0.096573
0.099884
0.059015
0.0436841
0.00681705
0.177343
0.16419
0.0970749
0.0973323
0.0987084
0.10181
0.0392557
0.048281
0.0150492
0.143328
0.139558
0.0960105
0.0994899
0.100621
0.102669
0.057942
0.0651194
0.0350095
0.137811
0.130503
0.104607
0.101635
0.10347
0.10528
0.0688864
0.0702579
0.0482776
0.120718
0.1122
0.0952536
0.105358
0.108094
0.110232
0.0704107
0.070201
0.0555403
0.103904
0.0987773
0.0855003
0.110231
0.113069
0.119469
0.0699043
0.0694966
0.0598971
0.09287
0.0886677
0.0795142
0.1163
0.121403
0.131084
0.0691685
0.0686391
0.061976
0.0836696
0.0800718
0.0745832
0.124212
0.128164
0.131547
0.0682361
0.0673943
0.0623565
0.0762854
0.073976
0.0704621
0.135291
0.136439
0.146543
0.0667102
0.0664025
0.0623042
0.0727168
0.0716751
0.068669
0.134342
0.129201
0.159828
0.0666641
0.0672397
0.0632305
0.0713162
0.0707238
0.0689829
0.119887
0.109273
0.163496
0.0671863
0.0668253
0.0633721
0.0698654
0.0683957
0.0678998
0.0987022
0.0891332
0.150278
0.0659191
0.0646739
0.0617568
0.0660015
0.063831
0.0650056
0.0837674
0.0784284
0.130269
0.0632346
0.0622237
0.0600397
0.0608818
0.0591751
0.0611944
0.0708407
0.0610225
0.111542
0.0620054
0.0624356
0.0607487
0.0569344
0.0563056
0.0593685
0.0626833
0.0627754
0.0616875
0.0565158
0.0563855
0.0595117
0.0631292
0.0637511
0.062742
0.0566231
0.0563079
0.0600453
0.0645483
0.0654293
0.0638494
0.0571038
0.0574789
0.0608302
0.0200051
0.0219097
0.0162962
0.0192464
0.0120783
0.0163305
0.0181655
0.020594
0.0143208
0.0178433
0.00972291
0.0147899
0.00746523
0.0132505
0.00435693
0.0098987
0.0093145
0.00679475
0.0145423
0.00381635
0.0204771
0.00148625
0.025896
0.00331306
0.0307684
0.00576672
0.0354483
0.00822933
0.0399433
0.0105872
0.0448139
0.013086
0.0498363
0.0162015
0.0540043
0.0196744
0.0569887
0.0233403
0.0592238
0.0278005
0.0569434
0.0302463
0.0537026
0.0300675
0.0453914
0.0280387
0.0378396
0.0252477
0.0287842
0.0202157
0.0182692
0.0104446
0.00486746
0.0115718
0.00651999
0.00831169
0.0119289
0.00529385
0.0175101
0.0024251
0.0233683
0.00195641
0.0283679
0.00454864
0.0332952
0.00705055
0.0377585
0.00942801
0.0422968
0.0117684
0.0474183
0.0145914
0.0521704
0.0179397
0.0555523
0.0214239
0.058498
0.0256059
0.0585021
0.0293593
0.0557733
0.0302463
0.049143
0.0288919
0.0423348
0.0271265
0.0328203
0.0228653
0.0246814
0.0163612
0.0151922
0.00751022
0.00702503
0.014624
0.0164936
0.00797868
0.0302374
0.00860615
0.00681241
0.010586
0.0114775
0.0225935
0.00536898
0.0352203
0.0155476
0.03105
0.0179792
0.0274896
0.0171562
0.020436
0.014528
0.0168598
0.0134668
0.0116857
0.0118394
0.0125545
0.00678875
0.0277412
0.0126951
0.035188
0.0250171
0.0305924
0.0280079
0.0280412
0.0251744
0.0156926
0.0145707
0.0111229
0.00494817
0.0157649
0.00319965
0.0177994
0.00543274
0.0183267
0.00641841
0.0180488
0.00654547
0.017474
0.00639792
0.0168812
0.00625371
0.0151669
0.00519638
0.0132243
0.00382871
0.0125181
0.00308463
0.0131778
0.00296905
0.0135209
0.00292716
0.0142526
0.00288178
0.0294414
0.0179792
0.0235663
0.0155658
0.0190807
0.014179
0.0136884
0.012518
0.010054
0.0103682
0.0202673
0.00658997
0.0330398
0.0196177
0.0335411
0.0279659
0.0309765
0.0280079
0.0229192
0.020364
0.0106872
0.00932264
0.0139552
0.00271283
0.0169953
0.00452541
0.0182466
0.0060522
0.0181185
0.00654547
0.0178691
0.00648811
0.0171883
0.00637289
0.0161551
0.00583617
0.01411
0.00447082
0.0127109
0.00337494
0.0128601
0.00293859
0.0133506
0.00296905
0.0138194
0.002834
0.0146756
0.00293901
0.0772577
0.074858
0.0141545
0.0197459
0.0955325
0.0993203
0.0189647
0.0856852
0.0762012
0.00771811
0.0123065
0.00879837
0.0391981
0.0436644
0.0754866
0.0493982
0.0398585
0.0902495
0.0311569
0.0328147
0.0707824
0.0161457
0.0179745
0.0140861
0.0163793
0.017364
0.0107325
0.0176752
0.0175904
0.0193058
0.0154003
0.0154852
0.0179745
0.0706308
0.0830002
0.0264483
0.104754
0.0952304
0.0820422
0.0647123
0.0880093
0.0384391
0.0931876
0.0996784
0.103478
0.104231
0.101652
0.0962043
0.0860106
0.0739558
0.0586775
0.0895445
0.0475206
0.0921393
0.0964875
0.0982101
0.0974972
0.0942579
0.0880033
0.0787009
0.0670658
0.0539012
0.0888784
0.0532684
0.0326047
0.043425
0.0507807
0.0551047
0.0926509
0.1004
0.106796
0.109991
0.109066
0.0511379
0.0564189
0.0849416
0.061728
0.0658208
0.0895164
0.0689298
0.0714942
0.0900016
0.0732703
0.0746956
0.0884263
0.0642378
0.0614529
0.0335906
0.0393028
0.0418709
0.0435105
0.0456867
0.0493991
0.0540013
0.0604244
0.0673805
0.0756157
0.0845807
0.0650999
0.063337
0.037542
0.0423832
0.0451521
0.0475542
0.0501006
0.0545393
0.0594722
0.0653245
0.0718507
0.0787818
0.0655583
0.0672745
0.0405253
0.0441002
0.0471219
0.0509066
0.0539127
0.0583851
0.0672005
0.0732164
0.0428483
0.0463405
0.0420856
0.0430938
0.0442824
0.0456578
0.047149
0.0487422
0.050432
0.0522093
0.0864449
0.0626528
0.0678677
0.0741855
0.0804488
0.0866079
0.049933
0.0549099
0.057996
0.0620816
0.0657004
0.0706818
0.0756092
0.0804742
0.0850552
0.0891563
0.0913237
0.0915871
0.0897379
0.086349
0.0796763
0.0716623
0.0612139
0.0509146
0.0872078
0.0564123
0.0701026
0.0795811
0.0461304
0.0507353
0.0546124
0.0591446
0.0616945
0.0651692
0.0679422
0.072224
0.0757085
0.0791807
0.0820498
0.0840669
0.0845649
0.0838175
0.0814802
0.0780527
0.0717902
0.0651378
0.0568353
0.0493505
0.0857798
0.0576908
0.0727127
0.086919
0.050661
0.056357
0.0601893
0.0634455
0.0656941
0.0685973
0.0711068
0.0745087
0.0768549
0.0786613
0.0798653
0.0800924
0.0798717
0.0784627
0.0755944
0.0722737
0.0666284
0.0609176
0.0543718
0.0482369
0.0848027
0.0578035
0.0743454
0.0949765
0.0545547
0.0597187
0.0631118
0.0654557
0.0683822
0.0711301
0.0737255
0.0757712
0.07703
0.0780048
0.0786235
0.0781751
0.0773123
0.074608
0.0714242
0.0686444
0.0635503
0.058438
0.0528527
0.0472176
0.0850616
0.0576006
0.0757588
0.101331
0.0569894
0.0601727
0.0628974
0.0656919
0.0697623
0.0726894
0.0753602
0.0767708
0.0774681
0.0780302
0.0783007
0.0772157
0.0751497
0.0723455
0.0691636
0.0664104
0.0616413
0.0564415
0.0513554
0.0459904
0.0845787
0.0572757
0.0783024
0.103393
0.0581002
0.0601549
0.0634318
0.067774
0.0717621
0.074727
0.0770549
0.0783549
0.0788401
0.0791564
0.0780097
0.0763337
0.0732687
0.0708045
0.0669546
0.0638626
0.0594121
0.0543411
0.0495031
0.0441519
0.0818656
0.0570196
0.0806961
0.102887
0.057788
0.0603488
0.0640265
0.0683951
0.0720073
0.0756601
0.0784311
0.0805078
0.0809941
0.0805581
0.0779954
0.0755976
0.0716647
0.068204
0.0634492
0.0600646
0.0560315
0.0514457
0.0466464
0.0415391
0.0774235
0.0556288
0.0813489
0.101072
0.0592291
0.0610403
0.0618831
0.0657854
0.070784
0.0746389
0.077231
0.0786717
0.0786667
0.0776615
0.0755329
0.073023
0.0688405
0.0642553
0.0596617
0.0563479
0.0525085
0.0481886
0.0432111
0.0384647
0.0722389
0.0524328
0.0808055
0.0992353
0.0594361
0.0661157
0.0678468
0.0670566
0.0693919
0.0727372
0.0748451
0.0755674
0.0754946
0.0748239
0.0737648
0.0704417
0.0653131
0.0604845
0.0557686
0.0519473
0.0481596
0.0441357
0.0394664
0.0354022
0.0674107
0.0486583
0.0800443
0.0977989
0.0579298
0.0675658
0.0756647
0.079177
0.0747921
0.0712953
0.0717142
0.0732722
0.0735738
0.0731021
0.0717364
0.0667872
0.0604694
0.0552536
0.0500614
0.0460151
0.0426588
0.0393347
0.0356808
0.0326248
0.0630211
0.045781
0.0795493
0.0961027
0.0558594
0.0665893
0.079337
0.0911203
0.0920115
0.0844629
0.0749311
0.0709045
0.0705461
0.0686465
0.0652968
0.0588626
0.0530418
0.0486413
0.0437219
0.0400391
0.037133
0.0347453
0.0324914
0.0305814
0.0595568
0.0443799
0.0779885
0.0922863
0.0524993
0.0627801
0.0780171
0.0958996
0.104701
0.101293
0.091744
0.0803197
0.0703218
0.0641039
0.0597846
0.0534151
0.0479748
0.0425682
0.0366567
0.0333852
0.0315308
0.0308315
0.030345
0.0294657
0.0574265
0.0441393
0.0750209
0.086075
0.0478191
0.0568575
0.0729725
0.0953415
0.110033
0.111737
0.106317
0.0963843
0.083085
0.0701356
0.0599303
0.0507491
0.0433409
0.0368824
0.0317557
0.030338
0.0304995
0.0314304
0.0317727
0.030306
0.0567849
0.0448484
0.0710394
0.078696
0.0420216
0.0488335
0.0639267
0.0899104
0.109718
0.11414
0.112146
0.107116
0.096943
0.0834488
0.0709666
0.0596177
0.0500787
0.0421682
0.0364947
0.0342075
0.0338447
0.0343024
0.0344118
0.0324495
0.0584372
0.0462476
0.0665469
0.0714553
0.0359616
0.040007
0.0518132
0.0797531
0.105234
0.112503
0.112567
0.110892
0.105694
0.0961099
0.0851188
0.0735837
0.0627157
0.0526752
0.0456015
0.0418905
0.0403144
0.0398244
0.0394092
0.0367943
0.0628331
0.0490753
0.0619779
0.0655769
0.0309636
0.0322254
0.0387631
0.0647975
0.0945981
0.10627
0.109571
0.109953
0.107556
0.101374
0.093316
0.0838701
0.0743934
0.0647617
0.0566472
0.0505321
0.0473538
0.0447651
0.043087
0.0407384
0.0703718
0.0536866
0.0580402
0.0614668
0.0283569
0.0285518
0.0319737
0.0513883
0.0786269
0.0941059
0.102687
0.106527
0.106288
0.102459
0.0966237
0.0891588
0.08101
0.0724582
0.0647099
0.0576518
0.0536126
0.049334
0.0469482
0.0447162
0.0789194
0.0601328
0.0555206
0.0588656
0.0289821
0.0324153
0.03837
0.0536591
0.0688647
0.0792268
0.0912657
0.099565
0.103432
0.102368
0.0977897
0.0912535
0.0846588
0.0783894
0.0724288
0.066198
0.0624202
0.0575038
0.0536414
0.0497146
0.0877726
0.0682801
0.0544106
0.0571652
0.0313871
0.0360107
0.0425624
0.0547843
0.0620319
0.0674763
0.0771634
0.0858614
0.0928741
0.0957195
0.0947068
0.0907014
0.0859473
0.081805
0.0781459
0.073424
0.0690261
0.0635735
0.0587531
0.0537606
0.0972503
0.0766156
0.0534589
0.0571824
0.0329784
0.0373237
0.0425729
0.0502087
0.0540885
0.0607921
0.0706205
0.0783472
0.0854722
0.0900011
0.0915086
0.089738
0.0863191
0.0832356
0.0819881
0.0794256
0.0757711
0.0715181
0.0659278
0.0589079
0.106227
0.0825431
0.0512301
0.0582012
0.0682571
0.0764807
0.0855902
0.0972189
0.101152
0.109606
0.126667
0.141044
0.155297
0.163948
0.17387
0.17575
0.172949
0.169248
0.16714
0.164606
0.159249
0.153091
0.143396
0.129219
0.110895
0.0823195
0.0657205
0.0694433
0.0782027
0.0842707
0.0911466
0.0976786
0.100519
0.113912
0.126033
0.139063
0.151968
0.160292
0.171217
0.177659
0.178759
0.177928
0.177767
0.177653
0.176503
0.172936
0.165808
0.154806
0.140149
0.102918
0.0572331
0.0539937
0.0557375
0.0578544
0.0573182
0.0586405
0.0577232
0.0595454
0.0599943
0.0574343
0.0600117
0.059832
0.0571787
0.0595565
0.0590816
0.056593
0.0586844
0.0585025
0.0542108
0.058535
0.0585711
0.0505319
0.0586123
0.0585109
0.0470434
0.0584029
0.0580703
0.0449284
0.0574596
0.0565567
0.0441106
0.0553468
0.0538888
0.0444447
0.0522147
0.0504191
0.045555
0.0485978
0.0468321
0.0477397
0.045187
0.0437362
0.0517004
0.042603
0.0417073
0.0572193
0.0411362
0.040865
0.0644894
0.0412107
0.0416173
0.0729539
0.042115
0.04259
0.0801485
0.0429301
0.0428319
0.0832098
0.0426159
0.0450543
0.0871304
0.0548349
0.0660434
0.0744447
0.0796761
0.0856819
0.0921547
0.096549
0.105011
0.118603
0.132248
0.145982
0.156604
0.166162
0.17474
0.179192
0.178694
0.178357
0.176929
0.176084
0.174759
0.169773
0.160176
0.147923
0.12844
0.0662693
0.0671382
0.0648704
0.05952
0.06134
0.0621976
0.0676775
0.0682548
0.0653029
0.0643343
0.0677916
0.0650689
0.0691448
0.0706342
0.0661461
0.0712557
0.0749367
0.0702593
0.0726728
0.0751213
0.0686242
0.0779547
0.080729
0.076488
0.0756481
0.0764573
0.0867424
0.0778213
0.0809677
0.0715345
0.0837359
0.0872043
0.0833315
0.0768241
0.0770421
0.08549
0.0842246
0.0875746
0.0736728
0.0907916
0.0954103
0.0912911
0.0770104
0.0771266
0.0847169
0.0903651
0.0924141
0.0749919
0.0983537
0.102703
0.09884
0.0772924
0.0770214
0.0845047
0.0933942
0.093489
0.0769024
0.104417
0.107633
0.103019
0.076436
0.0750464
0.0831529
0.0930286
0.0923378
0.0796965
0.108587
0.110797
0.10325
0.0735171
0.0719044
0.0796084
0.0913091
0.0904274
0.0812887
0.111191
0.112481
0.102368
0.0704273
0.0689855
0.0747575
0.0894862
0.0896149
0.0812167
0.113483
0.111261
0.0999359
0.0676368
0.0662248
0.0697516
0.0895737
0.0900421
0.0803354
0.11084
0.105863
0.0977543
0.0647418
0.0631186
0.065357
0.0900448
0.0899275
0.0798342
0.106373
0.102254
0.096354
0.0613554
0.0598375
0.0614438
0.0892876
0.0883033
0.0789774
0.103178
0.0990821
0.0939695
0.0583234
0.0571936
0.0585428
0.086634
0.0845698
0.0766761
0.0977035
0.0930023
0.0891113
0.0562812
0.0556716
0.0568001
0.0820243
0.0792999
0.073123
0.0894583
0.0847334
0.0823753
0.0554304
0.0558971
0.0575466
0.0765233
0.0739039
0.0688588
0.0798197
0.075533
0.0751825
0.056015
0.0580085
0.0610063
0.0712743
0.0689054
0.0642129
0.0703302
0.0670213
0.068508
0.0587789
0.062594
0.0681451
0.066606
0.064595
0.0599075
0.0629947
0.0611378
0.0634877
0.0641379
0.0692831
0.0764937
0.0626737
0.0609755
0.05651
0.0586971
0.0578618
0.0602005
0.0717249
0.0775991
0.0849985
0.059379
0.0581464
0.0547943
0.056676
0.0566153
0.0579026
0.0808265
0.086808
0.0937839
0.0573822
0.0566088
0.0540113
0.057652
0.0577781
0.0567399
0.0904315
0.0952175
0.101451
0.0560929
0.0552586
0.0525557
0.0600526
0.0604904
0.0571089
0.0987991
0.0999632
0.107244
0.0546601
0.0560434
0.0520849
0.063179
0.0654308
0.060341
0.0709899
0.071837
0.0696902
0.0789344
0.0786369
0.0766769
0.0881094
0.0862774
0.0842672
0.0989039
0.0934413
0.0933287
0.0995592
0.0964413
0.0948535
0.115628
0.1121
0.106692
0.132965
0.127736
0.121007
0.147695
0.141813
0.135105
0.159462
0.15368
0.148949
0.170522
0.164268
0.157988
0.176234
0.171259
0.168667
0.176638
0.174353
0.172886
0.173179
0.171889
0.172632
0.169302
0.16934
0.169354
0.16726
0.167901
0.16854
0.163813
0.166104
0.167523
0.157208
0.161878
0.164268
0.149948
0.155571
0.158837
0.137211
0.144114
0.150835
0.122622
0.129564
0.137291
0.0991823
0.102874
0.11782
0.0108222
0.0138618
0.0103613
0.00713025
0.0164818
0.00239058
0.019715
0.0046243
0.00835951
0.0105065
0.0138648
0.00389884
0.0183628
0.0032075
0.0206871
0.00569154
0.0213748
0.00650158
0.0221426
0.00758107
0.0223311
0.0081893
0.0221205
0.00848637
0.0218535
0.00858061
0.0213797
0.0085977
0.0205408
0.00832738
0.0191431
0.00757379
0.0176056
0.00648009
0.0163231
0.00535285
0.0158035
0.00453238
0.0160489
0.00399858
0.0172062
0.00371923
0.019499
0.00412285
0.0233013
0.00549011
0.0281821
0.00786242
0.0338747
0.0109847
0.0404163
0.0149008
0.0465765
0.0193527
0.0513898
0.0234784
0.0531333
0.0261019
0.0599461
0.0308948
0.0218484
0.0071167
0.0223292
0.00794222
0.0223153
0.00838411
0.0219998
0.00856854
0.0215838
0.0085977
0.0209954
0.00851213
0.019846
0.00799195
0.0183454
0.00704888
0.0168743
0.00588235
0.015961
0.00489942
0.0157765
0.00422862
0.0165706
0.00380294
0.0183518
0.00387355
0.021548
0.0047694
0.0262034
0.00673985
0.0314929
0.00948085
0.0375055
0.012953
0.0440342
0.0172257
0.0492972
0.0214745
0.0519728
0.0247824
0.0570336
0.0288089
0.0151556
0.00298781
0.0171966
0.00360663
0.0197188
0.00468931
0.0224746
0.00602355
0.0160798
0.00321883
0.0184256
0.00410809
0.0210498
0.00532242
0.0239727
0.00680483
0.0254142
0.00763788
0.0278509
0.00932825
0.0294413
0.0108376
0.0300933
0.0118969
0.0303188
0.0125524
0.0306167
0.0131451
0.0310212
0.013859
0.031239
0.014637
0.030745
0.0151159
0.0300536
0.0151636
0.0286794
0.0146493
0.0264106
0.0133147
0.0235701
0.0113798
0.0207244
0.00927841
0.0184505
0.00748639
0.0171302
0.00629553
0.01736
0.00585785
0.0190858
0.00630865
0.0212618
0.0071386
0.0233232
0.00808025
0.0294777
0.0106226
0.0267283
0.00849194
0.0287786
0.0101267
0.0298794
0.0114372
0.0302196
0.0122538
0.0304614
0.0128445
0.030827
0.0134869
0.0311685
0.014248
0.0310386
0.0149307
0.0304364
0.0151636
0.0294968
0.0150165
0.0276457
0.0140779
0.0250251
0.0123958
0.0221125
0.0103216
0.0194436
0.00830808
0.0176345
0.00680332
0.0168517
0.00595134
0.0180692
0.00601342
0.0201256
0.00667772
0.0220218
0.00752401
0.0260437
0.00915108
)
;

boundaryField
{
    inlet
    {
        type            zeroGradient;
    }
    outlet
    {
        type            zeroGradient;
    }
    wall
    {
        type            zeroGradient;
    }
    empty_zmin
    {
        type            empty;
    }
    empty_zmax
    {
        type            empty;
    }
    procBoundary1to0
    {
        type            processor;
        value           nonuniform List<scalar> 
35
(
0.0928809
0.0877582
0.0841864
0.0809367
0.0777425
0.0777425
0.149902
0.0854367
0.13628
0.0237215
0.0278255
0.0381484
0.0366531
0.0351813
0.0592863
0.0830976
0.099591
0.105257
0.104876
0.100293
0.0224958
0.0234368
0.159563
0.16475
0.0836161
0.0836161
0.0839674
0.065426
0.027968
0.120163
0.164772
0.164659
0.00798248
0.0169212
0.0169212
)
;
    }
}


// ************************************************************************* //
