/*--------------------------------*- C++ -*----------------------------------*\
| =========                 |                                                 |
| \\      /  F ield         | OpenFOAM: The Open Source CFD Toolbox           |
|  \\    /   O peration     | Version:  2406                                  |
|   \\  /    A nd           | Website:  www.openfoam.com                      |
|    \\/     M anipulation  |                                                 |
\*---------------------------------------------------------------------------*/
FoamFile
{
    version     2.0;
    format      ascii;
    arch        "LSB;label=32;scalar=64";
    class       volVectorField;
    location    "2.05";
    object      U;
}
// * * * * * * * * * * * * * * * * * * * * * * * * * * * * * * * * * * * * * //

dimensions      [0 1 -1 0 0 0 0];

internalField   nonuniform List<vector> 
2367
(
(2.44211 1.08405 0)
(2.6018 0.900494 -6.84192e-21)
(2.74022 0.729695 -1.48472e-21)
(2.81783 0.6331 1.21927e-21)
(2.85716 0.475316 4.90423e-22)
(2.85184 0.272985 0)
(2.87001 0.0226496 3.98159e-22)
(2.80074 0.0286402 0)
(2.87282 0.0509611 0)
(2.89696 0.082606 0)
(2.95464 0.164253 -1.19583e-21)
(2.90142 0.337235 1.13516e-21)
(2.15799 0.0145051 0)
(1.13067 0.00196389 0)
(2.24094 0.0215637 0)
(1.19145 0.00400544 0)
(1.06459 0.249848 3.66499e-21)
(1.14534 0.476283 -1.68535e-20)
(1.32379 0.785014 0)
(1.57879 0.978604 -2.0847e-20)
(1.96013 1.03198 -1.59229e-20)
(1.98241 -0.504543 1.59955e-20)
(1.6782 -0.711102 -2.15771e-20)
(1.52337 -0.422354 -1.63039e-21)
(1.14883 -0.44749 -2.59578e-20)
(1.0793 -0.0720775 -1.31247e-20)
(2.3158 -0.0887398 -4.7637e-21)
(2.31672 -0.109946 1.29607e-20)
(2.2053 -0.354384 3.35577e-21)
(2.43169 -0.0972303 7.42605e-22)
(2.39804 -0.0914221 0)
(2.33122 -0.331062 -2.88429e-21)
(2.2137 -0.535492 6.72719e-21)
(2.10044 -0.596898 -1.57294e-20)
(2.53433 -0.120534 1.33404e-22)
(2.53403 -0.153938 -3.89733e-23)
(2.47928 -0.543016 9.29605e-22)
(2.37773 -0.580792 0)
(2.21811 -0.723944 -9.89847e-21)
(1.92171 -0.981473 -3.45011e-20)
(1.78834 -0.746816 3.92976e-20)
(1.45013 -0.796656 1.20297e-20)
(1.08124 -0.599463 -6.56675e-21)
(0.861047 -0.215177 -5.939e-20)
(0.827918 0.222034 6.52072e-20)
(0.758902 0.770923 3.88297e-21)
(0.96593 1.11181 5.07951e-20)
(1.50053 1.10408 -1.94662e-20)
(2.11663 0.881116 7.99518e-21)
(2.21235 1.22844 -1.93019e-20)
(2.70857 -0.139996 5.42382e-22)
(2.67929 -0.174096 -3.56126e-21)
(2.6541 -0.438915 0)
(2.53447 -0.732806 0)
(2.34756 -0.990995 -8.54805e-21)
(2.22421 -0.921581 1.63463e-20)
(1.58581 -1.49303 -1.06446e-20)
(1.41675 -1.20895 -1.90268e-20)
(0.898327 -0.853154 -2.64248e-21)
(0.419668 -0.510367 -4.25488e-21)
(0.359984 0.259974 -6.55405e-20)
(0.338258 0.880998 0)
(0.699609 1.39555 -2.27123e-19)
(1.37032 1.47623 1.643e-20)
(1.9281 1.56206 1.9912e-20)
(2.48576 1.35722 -9.11801e-21)
(2.68707 1.23925 1.22395e-20)
(2.85148 0.968486 -3.07401e-21)
(2.92618 0.721564 8.21398e-21)
(2.97002 0.487 3.6227e-21)
(2.99737 0.364537 -1.88376e-21)
(3.01435 0.321755 0)
(2.99941 0.0179117 0)
(2.9248 0.0342579 2.17568e-22)
(2.8587 -0.151006 4.71907e-23)
(2.85154 -0.251712 9.85886e-24)
(2.82278 -0.668927 -4.66303e-21)
(2.76209 -0.790632 -5.05989e-22)
(2.68792 -0.979688 5.05866e-22)
(2.22986 -1.62337 2.03382e-20)
(1.8423 -1.65188 6.61561e-20)
(1.45392 -1.84002 -3.25942e-19)
(1.82781 2.23707 -1.34693e-21)
(2.64943 1.57599 -9.27255e-21)
(3.00636 1.27507 -8.27705e-22)
(3.10994 1.05222 0)
(3.13962 0.921339 -1.34173e-21)
(3.149 0.673528 1.45304e-21)
(3.14447 0.428698 -2.99054e-22)
(3.14364 0.254154 2.98311e-22)
(3.15319 0.0470095 3.59288e-23)
(3.04832 0.0404573 0)
(3.02723 -0.155215 1.06138e-22)
(3.0463 -0.31134 2.47109e-21)
(3.06736 -0.504961 4.2212e-21)
(3.09751 -0.821005 3.28976e-21)
(2.90002 -1.24349 -2.79314e-20)
(2.67158 -1.63835 -3.66611e-20)
(2.46963 -1.942 1.59148e-20)
(2.95295 2.2613 3.96185e-20)
(3.27169 1.58958 5.61543e-21)
(3.41385 1.11293 2.13761e-20)
(3.37218 0.765668 -3.29422e-20)
(3.35118 0.535448 1.10242e-20)
(3.34181 0.46252 -4.36237e-21)
(3.30434 0.335575 -1.89288e-21)
(3.27322 0.0857435 -2.53043e-22)
(3.18783 0.0452008 -5.01537e-23)
(3.21617 -0.13421 -1.49652e-22)
(3.21807 -0.305101 -1.3303e-21)
(3.31179 -0.62633 2.70593e-20)
(3.31248 -0.974034 -2.34594e-20)
(3.33073 -1.10087 -1.22764e-21)
(3.30768 -1.81323 5.2579e-19)
(3.79662 1.66916 -6.10113e-20)
(3.74465 0.966165 -1.9269e-20)
(3.6473 0.805652 3.09129e-21)
(3.53624 0.595911 -1.64406e-20)
(3.46333 0.34741 1.2214e-21)
(3.4583 0.234728 3.67104e-21)
(3.4097 0.113261 -7.4344e-22)
(3.32621 0.0326376 -2.32237e-22)
(3.37765 -0.0845982 1.0578e-22)
(3.3924 -0.254086 -5.1168e-23)
(3.55831 -0.378779 -6.3477e-22)
(3.60277 -0.732858 -9.4733e-20)
(3.78341 -1.00745 -1.32379e-19)
(4.28658 1.4638 -7.37263e-19)
(4.08671 0.810962 0)
(3.84255 0.557395 -1.3103e-20)
(3.72486 0.471096 -4.00951e-21)
(3.6598 0.356178 1.4432e-21)
(3.58981 0.268629 0)
(3.53677 0.0924088 0)
(3.45101 0.0153669 1.92588e-22)
(3.50777 -0.0441538 -2.83717e-22)
(3.56181 -0.166086 6.31207e-22)
(3.75276 -0.350026 3.03633e-20)
(3.84253 -0.479534 -1.24953e-19)
(4.1142 -0.692673 -2.02551e-20)
(4.59522 0.712562 -2.23134e-19)
(4.29528 0.570271 0)
(4.007 0.505007 -1.44615e-20)
(3.86649 0.273682 1.81689e-20)
(3.77246 0.199362 -2.19975e-21)
(3.70113 0.127482 1.10497e-21)
(3.64728 0.0897148 3.28617e-21)
(3.56263 0.00288365 -1.55282e-22)
(3.59854 -0.00101735 6.80099e-22)
(3.66695 -0.0654206 2.4265e-20)
(3.83785 -0.0170672 4.07214e-21)
(3.93776 -0.181058 5.40881e-22)
(4.18155 -0.229178 3.96897e-20)
(4.54063 0.203581 -2.36128e-20)
(4.3659 0.242966 -1.89356e-21)
(4.09549 0.113005 9.82418e-21)
(3.97492 0.249019 0)
(3.8618 0.177125 2.23244e-21)
(3.78951 0.136469 -1.93469e-21)
(3.7359 0.0536883 -4.18247e-22)
(3.64503 -0.0160452 -1.13682e-22)
(3.65448 0.0497795 1.37991e-21)
(3.70092 0.0419693 -2.50059e-20)
(3.82659 0.0967263 -3.87816e-21)
(3.94458 -0.00647008 7.80009e-21)
(4.11844 0.0765824 -3.08449e-19)
(4.15622 -0.0505669 3.80663e-19)
(4.34869 -0.0436184 1.62379e-20)
(4.09697 -0.00879847 3.68284e-20)
(3.98887 0.0188622 -2.50389e-20)
(3.91148 -0.0088886 -1.01007e-20)
(3.84486 0.000296256 0)
(3.79615 0.000667484 4.94963e-22)
(3.68947 -0.0435154 1.16999e-22)
(3.64606 0.0892028 -2.84162e-21)
(3.68454 0.123371 1.96489e-20)
(3.78355 0.217817 2.2049e-20)
(3.89253 0.225423 1.37252e-19)
(3.95331 0.353243 1.86925e-20)
(3.02644 -0.131843 -6.10494e-19)
(4.27715 -0.189184 3.00381e-20)
(4.06926 -0.0967895 6.36995e-21)
(3.98121 -0.058847 -4.36787e-20)
(3.9101 -0.0748854 -1.80894e-20)
(3.84492 -0.0600351 4.1827e-21)
(3.82547 -0.0627789 -9.46606e-22)
(3.68177 -0.0562327 0)
(3.60806 0.128358 -7.3091e-23)
(3.6362 0.204497 6.31695e-21)
(3.68707 0.35551 -1.60139e-20)
(3.78477 0.441225 1.27248e-20)
(3.73014 0.803645 6.4454e-20)
(1.52647 1.06178 -6.25459e-19)
(2.93646 -0.247522 5.08758e-20)
(4.17249 -0.285673 1.41179e-20)
(4.01044 -0.243777 2.11338e-20)
(3.96376 -0.143121 -1.56054e-20)
(3.898 -0.123255 6.82222e-21)
(3.8375 -0.0982224 -2.02191e-21)
(3.81711 -0.0344334 1.50688e-21)
(3.64019 -0.0691776 -5.39961e-22)
(3.53585 0.160782 4.16206e-21)
(3.55671 0.271912 -6.02095e-21)
(3.54697 0.429644 6.46963e-21)
(3.58536 0.45926 -9.81251e-21)
(3.47691 0.720606 0)
(1.3527 0.5679 -7.47552e-20)
(0.478164 0.496953 -2.21894e-18)
(0.189741 0.0553958 0)
(2.9614 -0.183257 1.52839e-20)
(3.9956 -0.259076 0)
(3.96756 -0.285831 -1.87543e-20)
(3.92222 -0.181866 -4.00935e-20)
(3.85911 -0.182594 -8.31752e-21)
(3.82391 -0.141404 8.49938e-21)
(3.80388 -0.100823 -7.17377e-22)
(3.55746 -0.0961968 2.60683e-22)
(3.43141 0.181667 2.55698e-21)
(3.45128 0.290933 -2.57734e-21)
(3.40023 0.434628 0)
(3.40567 0.457583 0)
(3.272 0.614872 1.19679e-20)
(1.841 0.449418 1.61032e-22)
(0.483745 0.20003 -3.22711e-20)
(0.191443 0.285069 4.53952e-19)
(-0.228479 0.486538 -1.83293e-18)
(-0.0553922 0.312258 -3.65329e-19)
(0.435687 0.32278 -1.44813e-20)
(3.65632 -0.368479 -1.4427e-20)
(3.92568 -0.271579 1.68257e-20)
(3.90244 -0.336017 2.01855e-20)
(3.8763 -0.219752 3.3414e-20)
(3.83451 -0.232763 8.61981e-21)
(3.7978 -0.173249 -5.20558e-21)
(3.77853 -0.0935198 0)
(3.45832 -0.106627 0)
(3.31854 0.175729 0)
(3.3351 0.281709 -6.43889e-21)
(3.27713 0.419354 -5.31564e-23)
(3.28483 0.479948 -4.53264e-21)
(3.18441 0.712119 -3.7971e-20)
(2.13975 0.555966 2.75318e-20)
(0.421463 0.196155 1.10473e-20)
(-0.0799107 0.280153 1.25432e-19)
(0.0321329 0.536627 2.07616e-20)
(0.0210751 0.914254 7.70063e-19)
(0.017929 1.17334 2.50074e-24)
(-0.0793696 1.22359 -7.13785e-20)
(-0.0713286 1.13233 1.9697e-20)
(0.0618908 0.886652 0)
(0.145074 0.540992 -1.55606e-20)
(1.77143 -0.0647667 2.53099e-20)
(3.71414 -0.432258 8.21013e-21)
(3.89807 -0.326123 0)
(3.85769 -0.343472 1.55105e-20)
(3.8139 -0.257913 0)
(3.7928 -0.265261 3.34977e-21)
(3.75772 -0.197303 -7.73186e-21)
(3.75168 -0.134979 9.06206e-22)
(3.29533 -0.135234 9.8648e-22)
(3.20372 0.158429 -1.49229e-21)
(3.2326 0.265995 1.80701e-21)
(3.1727 0.404599 -9.64496e-22)
(3.17589 0.473585 -1.37258e-20)
(3.07228 0.729313 0)
(2.15679 0.634718 0)
(0.212489 0.650806 0)
(-0.340799 0.667616 1.25736e-20)
(-0.266175 0.734191 0)
(-0.310988 0.901105 0)
(-0.164801 1.19094 -8.55239e-21)
(-0.0786381 1.19257 -1.83893e-20)
(0.0934328 1.0521 -1.8434e-20)
(0.437454 0.711664 -4.41403e-21)
(0.571851 0.463731 -1.70311e-20)
(2.11731 -0.0885486 -1.74205e-20)
(3.78552 -0.464101 -8.17392e-21)
(3.87778 -0.346293 0)
(3.81541 -0.351461 -8.1828e-21)
(3.77622 -0.292373 -2.92292e-23)
(3.74222 -0.296501 2.94016e-23)
(3.71995 -0.229477 -3.23335e-22)
(3.71778 -0.164466 -4.38927e-22)
(3.08528 -0.149585 2.34672e-22)
(2.10404 0.638868 7.85587e-21)
(0.114715 0.847052 -1.67366e-20)
(-0.357093 0.863619 7.942e-21)
(-0.666086 0.981995 9.03315e-21)
(-0.435816 1.19518 0)
(-0.251428 1.22784 2.65893e-22)
(0.0755312 1.20988 7.93937e-21)
(0.45968 0.95516 4.67856e-21)
(0.714552 0.559 4.17603e-21)
(0.958492 0.330023 7.96708e-21)
(2.68539 -0.376759 -9.64028e-21)
(3.81784 -0.605161 -8.71768e-21)
(3.85838 -0.41473 0)
(3.76043 -0.480506 -7.80068e-21)
(3.73648 -0.333302 0)
(3.69361 -0.336321 0)
(3.66936 -0.256657 2.83967e-23)
(3.67588 -0.172287 0)
(2.85593 -0.147338 0)
(1.9655 0.600434 0)
(0.0144021 0.967472 0)
(-0.532344 0.975625 -8.17934e-21)
(-0.648948 1.17174 0)
(-0.515005 1.23086 2.51181e-21)
(-0.244867 1.2775 -4.91513e-21)
(0.244391 1.16882 -2.75937e-21)
(0.735296 0.788062 0)
(0.918618 0.616821 -1.10142e-20)
(1.43626 0.140027 0)
(3.11646 -0.572417 9.60124e-21)
(3.8089 -0.666632 -1.40154e-22)
(3.81129 -0.559442 0)
(3.71526 -0.501405 7.43214e-21)
(3.63956 -0.403054 0)
(3.61179 -0.374665 0)
(3.60371 -0.260488 4.02824e-22)
(3.61311 -0.175181 -1.55523e-21)
(2.60396 -0.130249 6.42921e-24)
(2.18222 -0.0546374 1.74455e-21)
(2.25003 -0.0518288 2.36215e-23)
(2.30783 -0.0569273 -7.42395e-22)
(2.35891 -0.0636491 -3.63406e-23)
(2.42857 -0.0765979 3.63622e-23)
(2.51508 -0.079269 8.46312e-22)
(2.62186 -0.0713664 -6.09044e-22)
(2.6865 -0.0785947 2.55325e-23)
(1.10114 -1.08261 -7.18384e-22)
(1.15746 -1.22671 2.41364e-20)
(1.08977 -1.6365 1.62048e-19)
(0.490365 -0.849885 -2.16751e-19)
(0.685481 -1.33233 0)
(0.403153 -0.337981 4.36415e-19)
(0.370921 0.469764 0)
(0.595615 1.05577 0)
(1.07507 1.45352 -2.55608e-19)
(0.936392 1.94925 5.87298e-19)
(1.63394 1.68494 -4.26916e-20)
(1.39722 2.05499 -1.54677e-20)
(1.43068 1.77713 2.33714e-19)
(2.98418 0.0499351 0)
(2.77546 -0.073225 -1.81799e-23)
(2.87248 -0.075716 0)
(1.56761 -1.73386 1.97873e-20)
(2.08585 -1.58404 -9.38954e-20)
(1.90931 -2.01636 -8.77672e-21)
(1.76541 2.2588 0)
(2.20589 2.0613 -5.44345e-21)
(2.40145 2.2939 2.97969e-20)
(2.43923 2.06853 -2.92965e-20)
(3.12305 0.0493133 0)
(2.94604 -0.0798812 0)
(3.05258 -0.0771927 -4.81626e-22)
(2.52935 -1.83851 -1.03822e-20)
(3.01746 -1.71165 3.39715e-19)
(3.08062 -1.59452 -1.72699e-19)
(2.94674 2.28415 0)
(3.05794 2.06251 -1.6726e-20)
(3.52746 1.89973 -2.17302e-21)
(3.48185 2.03165 0)
(3.26919 0.0424288 2.23969e-23)
(3.1416 -0.0607764 1.4161e-22)
(3.23375 -0.0641309 -5.22181e-24)
(3.66555 -1.40075 1.91963e-18)
(3.76876 2.05717 -5.77733e-19)
(4.09835 1.73687 -1.06512e-18)
(3.39769 0.0372877 -3.54451e-23)
(3.30642 -0.0399631 -4.99503e-24)
(3.37928 -0.0332109 3.32714e-23)
(3.92376 -1.1497 6.83427e-19)
(4.13262 -1.0534 4.12873e-19)
(3.955 -0.921345 -3.10818e-19)
(4.13511 1.24884 -1.72633e-20)
(4.38357 0.978807 1.57938e-19)
(4.54324 0.991152 0)
(3.51143 0.0225458 -4.08113e-22)
(3.4294 -0.0220943 0)
(3.48609 -0.008848 0)
(4.25623 -0.536134 4.0844e-19)
(4.25891 -0.409575 -8.99237e-20)
(4.18366 -0.339708 1.02502e-19)
(4.42072 0.774741 -1.64322e-19)
(4.44929 0.548528 7.41398e-20)
(4.5715 0.583181 -8.64487e-20)
(3.6119 0.00560708 5.57629e-22)
(3.51086 0.0157631 0)
(3.54516 0.0134647 1.16198e-24)
(4.25405 -0.139175 -7.91357e-20)
(4.15609 -0.017327 -5.06896e-19)
(4.15363 -0.125069 -3.99451e-20)
(4.464 0.348922 3.6807e-20)
(4.4386 0.266301 1.36258e-19)
(4.36674 0.102338 -7.23675e-20)
(3.67426 -0.0197187 -1.11644e-22)
(3.55217 0.0529408 -3.68405e-22)
(3.54445 0.0658431 0)
(4.00025 0.162686 3.77755e-19)
(3.63698 0.0491307 -4.05824e-19)
(4.04704 0.157149 1.91807e-19)
(4.38949 0.0464787 0)
(4.29188 -0.0276278 -1.33387e-19)
(3.71201 0.234962 -6.8796e-19)
(3.68835 -0.053384 0)
(3.52523 0.0768457 0)
(3.4894 0.0889491 -3.27341e-21)
(2.0873 0.685536 0)
(1.94944 -0.767538 0)
(3.66429 -0.0805379 -3.89941e-24)
(3.44485 0.100074 -7.82204e-22)
(3.37983 0.108504 3.8852e-21)
(0.81612 0.747208 0)
(1.20338 0.670152 4.60322e-19)
(0.961374 -1.06331 -7.41126e-20)
(0.606123 -0.296244 -2.33293e-19)
(0.372386 -0.38513 0)
(3.61018 -0.0902349 2.68773e-22)
(3.31297 0.119248 -1.49505e-21)
(3.22342 0.129215 -6.93487e-22)
(0.242078 0.303075 2.49925e-19)
(0.427633 0.377623 -1.32989e-19)
(0.256148 -0.278094 1.75949e-19)
(0.005378 0.0835141 2.60333e-20)
(-0.10752 0.0722356 1.70505e-19)
(3.51102 -0.114319 7.80161e-22)
(3.1376 0.133496 6.92792e-22)
(3.03829 0.132449 6.21495e-22)
(0.168658 0.370765 -2.28829e-18)
(-0.00677394 0.398627 -2.58111e-19)
(-0.0306205 0.198848 -1.67845e-19)
(0.0931904 0.701254 -1.01082e-19)
(0.0888364 0.573794 5.99443e-19)
(0.112796 0.897706 -2.39123e-18)
(-0.161508 1.14457 1.35543e-18)
(-0.219818 0.879004 2.04816e-19)
(-0.171479 1.0513 -9.50846e-20)
(-0.128641 0.265678 6.27685e-20)
(-0.0690499 0.616803 -6.27524e-20)
(-0.10299 0.751279 0)
(3.39346 -0.135809 0)
(2.9356 0.127642 -6.19654e-22)
(2.83462 0.126577 5.41451e-22)
(3.20844 -0.151006 9.61869e-22)
(2.72953 0.117837 -1.56186e-21)
(2.63623 0.109421 5.00809e-22)
(2.9935 -0.15921 -2.34698e-22)
(2.74154 -0.147375 -2.22611e-22)
(2.49291 -0.125592 -8.32221e-22)
(2.32597 -0.0921317 3.16051e-21)
(2.37316 -0.206185 -3.02295e-21)
(2.38061 -0.114441 -3.03975e-21)
(2.28499 -0.0950944 -2.47337e-20)
(2.28583 -0.360399 0)
(2.34844 -0.320837 5.96357e-21)
(2.42255 -0.087633 3.1606e-22)
(2.45547 -0.223621 -1.78787e-21)
(2.47579 -0.119435 -1.33956e-22)
(2.36166 -0.0630018 1.01088e-20)
(2.39167 -0.478134 -1.13903e-21)
(2.41787 -0.36028 4.75803e-21)
(2.53474 -0.159613 1.25451e-21)
(2.61657 -0.274674 -3.18421e-21)
(2.61971 -0.167003 -7.67002e-22)
(2.53988 -0.150039 -2.05125e-21)
(2.54742 -0.594751 -3.3338e-22)
(2.58473 -0.476758 1.28996e-21)
(1.26164 -0.738286 -1.15767e-20)
(1.29797 -0.771554 0)
(1.31251 -1.09292 0)
(1.00472 -0.501879 -5.10829e-20)
(0.728161 -0.627546 5.9585e-20)
(0.90473 -0.840539 -1.65154e-22)
(0.809275 -0.166797 0)
(0.626457 -0.217816 -1.48052e-19)
(0.677297 -0.298541 1.56002e-20)
(0.94 0.177958 2.89338e-20)
(0.633591 0.332552 -2.42058e-20)
(0.60545 0.223153 2.10982e-21)
(1.0501 0.628733 -5.64101e-20)
(0.770049 0.885425 6.59375e-21)
(0.49584 0.785106 -7.89447e-21)
(1.26572 0.994622 2.36042e-20)
(0.996915 1.42445 -1.11702e-20)
(0.925273 1.16042 -9.02228e-21)
(1.56335 1.30366 0)
(1.45893 1.55495 0)
(1.51318 1.21155 9.55163e-21)
(1.78539 1.5626 1.29658e-20)
(2.17408 1.25441 1.12971e-20)
(1.89386 1.3679 -1.15811e-21)
(2.70149 -0.177718 2.43453e-21)
(2.75666 -0.247127 2.33001e-22)
(2.77039 -0.140814 -4.07443e-23)
(2.66258 -0.144055 0)
(2.70334 -0.583341 0)
(2.73123 -0.425337 -6.01729e-22)
(1.67936 -1.11658 -3.59385e-20)
(1.83477 -1.06688 1.6486e-21)
(1.91017 -1.32563 4.97655e-20)
(1.86873 1.85702 0)
(2.33863 1.57841 1.94599e-20)
(2.16809 1.49519 6.30288e-21)
(3.0289 0.0699808 -1.00049e-22)
(3.07938 0.156023 -3.77186e-23)
(3.06065 0.2927 -9.07335e-23)
(2.85571 -0.199727 1.70656e-22)
(2.93886 -0.242397 0)
(2.94617 -0.137895 -1.05782e-22)
(2.86287 -0.19274 -1.75807e-23)
(2.91017 -0.585509 1.9447e-21)
(2.92379 -0.428159 0)
(2.24688 -1.27287 -3.88753e-20)
(2.47714 -1.32666 1.3663e-20)
(2.60195 -1.34074 2.0241e-20)
(2.54539 1.98132 -1.57357e-20)
(2.97035 1.64139 3.37004e-20)
(2.8163 1.76668 -5.37527e-20)
(3.14784 0.107019 -1.17692e-23)
(3.19955 0.14853 -5.89854e-23)
(3.19418 0.258923 5.59843e-23)
(3.03815 -0.243482 -2.09919e-21)
(3.13421 -0.252699 -1.84224e-21)
(3.12836 -0.150921 1.34801e-21)
(3.05534 -0.277914 0)
(3.10505 -0.524667 0)
(3.12318 -0.379041 1.15468e-21)
(2.90041 -1.264 -7.92619e-21)
(3.09633 -1.33371 3.88422e-21)
(3.15968 -1.14729 8.81815e-21)
(3.29239 1.42581 -3.48284e-21)
(3.52382 1.35147 0)
(3.54159 1.63982 2.72027e-21)
(3.26631 0.126012 1.15427e-22)
(3.33916 0.12395 -1.69661e-22)
(3.32541 0.23545 9.70914e-22)
(3.22333 -0.226317 7.14148e-22)
(3.31142 -0.213802 3.14649e-21)
(3.30017 -0.132813 -3.24993e-21)
(3.22933 -0.289597 8.00105e-22)
(3.31622 -0.428649 -8.02246e-22)
(3.32043 -0.323447 -9.36428e-22)
(3.38788 -0.717908 0)
(3.56544 -0.670473 -2.04604e-20)
(3.49895 -0.715157 2.06562e-20)
(3.39444 -1.35325 -6.5985e-20)
(3.61905 -1.40531 0)
(3.56548 -1.14263 2.0556e-20)
(3.75018 1.39252 -2.52383e-20)
(3.95516 1.31823 -1.61436e-20)
(4.04328 1.51297 4.88696e-19)
(3.59092 1.19264 1.91122e-20)
(3.79019 0.924184 -5.77971e-21)
(3.94108 0.92113 2.62866e-20)
(3.39977 0.10812 3.61284e-22)
(3.47442 0.111861 0)
(3.47571 0.187314 -2.04627e-21)
(3.38118 -0.161899 9.92367e-22)
(3.46034 -0.16244 5.92645e-22)
(3.44223 -0.096576 2.83564e-22)
(3.43138 -0.29785 1.88495e-20)
(3.5193 -0.293378 -4.1408e-20)
(3.48543 -0.24707 -6.30296e-22)
(3.70021 -0.642186 4.95501e-20)
(3.83196 -0.523249 0)
(3.74584 -0.531117 0)
(3.92578 0.919969 -7.29843e-21)
(4.05281 0.691331 6.42658e-20)
(4.19807 0.715042 -1.4056e-19)
(3.52858 0.0831288 -2.99607e-22)
(3.58366 0.0931118 1.16597e-21)
(3.59734 0.142878 -6.80166e-22)
(3.52454 -0.0967917 -5.93175e-22)
(3.57967 -0.101243 0)
(3.55444 -0.0502842 -6.80218e-22)
(3.6087 -0.227213 -4.88807e-20)
(3.67175 -0.159391 -1.0465e-20)
(3.61887 -0.16016 1.21254e-20)
(3.98597 -0.376194 6.58669e-20)
(4.05717 -0.259588 -1.6598e-20)
(3.89463 -0.337561 1.73669e-20)
(4.14205 0.66397 5.62463e-20)
(4.20588 0.469594 0)
(4.3642 0.347059 2.01033e-21)
(3.63544 0.0620509 1.84807e-22)
(3.68688 0.0608808 -4.05128e-22)
(3.69568 0.0875357 8.93141e-22)
(3.62591 -0.0243321 0)
(3.65476 -0.0267343 -5.5176e-21)
(3.63107 -0.00259763 -1.89207e-21)
(3.72539 -0.123907 -2.57007e-20)
(3.75313 -0.0110359 -1.56126e-21)
(3.68924 -0.0554095 4.73662e-21)
(4.05302 -0.140124 0)
(4.06866 0.0377197 0)
(3.95295 -0.0481402 0)
(4.21234 0.349998 -5.98772e-21)
(4.22862 0.191198 -1.17489e-19)
(4.36011 0.0928976 -3.29744e-20)
(3.72429 0.0253611 0)
(3.76569 0.0188616 -2.53439e-22)
(3.77111 0.0293764 -1.20805e-21)
(3.6774 0.043135 2.85716e-21)
(3.67558 0.0766185 0)
(3.65289 0.0719882 0)
(3.75127 -0.00307012 2.10603e-20)
(3.73608 0.130515 3.3596e-21)
(3.69647 0.0742101 5.88349e-21)
(4.06814 0.131414 1.5921e-20)
(4.0378 0.187801 2.69121e-19)
(3.91162 0.107015 -1.51363e-19)
(4.23107 0.103152 4.91081e-20)
(4.21892 0.0371561 0)
(4.32192 -0.097392 1.14093e-19)
(3.78891 -0.0167298 4.77155e-22)
(3.80823 -0.0219254 5.03649e-22)
(3.81963 -0.0216457 0)
(3.66822 0.0965026 2.92999e-21)
(3.65162 0.133309 2.95592e-21)
(3.6314 0.107608 2.85198e-21)
(3.72582 0.0573481 -8.18069e-20)
(3.6872 0.260561 -1.3011e-20)
(3.66559 0.14142 -6.33365e-21)
(3.99129 0.299212 -1.45778e-19)
(3.95653 0.390791 -1.61623e-20)
(3.84339 0.30427 0)
(3.09294 0.200969 7.59543e-19)
(3.15754 0.455749 5.89235e-20)
(3.88121 0.625169 -1.29453e-19)
(4.16964 -0.281456 -7.60489e-21)
(4.10486 -0.48135 7.4228e-21)
(3.0496 -0.245871 4.96689e-19)
(4.19072 -0.117349 6.01945e-20)
(4.15439 -0.177555 -7.63702e-21)
(4.24007 -0.26705 2.5945e-20)
(3.81437 -0.0563982 4.85909e-22)
(3.81119 -0.0512056 6.88941e-22)
(3.82178 -0.112975 -9.31808e-22)
(3.62464 0.155437 0)
(3.59046 0.191151 0)
(3.57279 0.146539 -8.52947e-21)
(3.66512 0.126023 3.29163e-20)
(3.61031 0.349969 1.39439e-20)
(3.60257 0.214805 0)
(3.08548 0.560957 0)
(3.03651 0.607332 -2.73931e-20)
(3.65051 0.772197 -3.05295e-20)
(3.99147 -0.588448 -1.02191e-19)
(3.90311 -0.54292 5.86721e-20)
(2.87558 -0.172181 -1.77804e-20)
(4.09761 -0.220046 4.72806e-20)
(4.03361 -0.317859 0)
(4.09481 -0.294069 -2.06639e-20)
(3.80176 -0.0914822 -1.81168e-23)
(3.79667 -0.0866038 -1.45865e-21)
(3.80719 -0.151773 2.48725e-22)
(3.55552 0.205091 -2.94967e-21)
(3.50608 0.221859 -1.41471e-22)
(3.48219 0.178084 -2.5592e-21)
(3.57076 0.205283 5.51271e-21)
(3.50246 0.396283 5.00201e-21)
(3.50977 0.2624 6.89764e-22)
(3.05226 0.608626 -2.25979e-20)
(3.10188 0.619269 4.55952e-20)
(3.48948 0.721498 0)
(0.605552 0.572291 4.00724e-20)
(0.617519 0.152948 -2.26805e-20)
(1.5512 0.526103 2.68525e-20)
(0.863131 -0.142373 1.57243e-20)
(1.14769 -0.15582 -3.1606e-20)
(0.101232 0.321287 -1.43835e-20)
(3.83733 -0.468052 -3.18791e-20)
(3.92569 -0.480199 7.84792e-24)
(3.11657 -0.23226 -7.80455e-21)
(3.78244 -0.122605 9.66778e-22)
(3.76188 -0.0914129 9.94901e-22)
(3.78622 -0.167993 -1.88076e-21)
(3.45432 0.224804 4.93513e-21)
(3.40028 0.2312 -2.42284e-21)
(3.37301 0.177615 0)
(3.44895 0.248022 0)
(3.37371 0.400658 0)
(3.39303 0.267383 -2.44721e-21)
(0.787045 0.0248489 1.0815e-20)
(0.566129 -0.0388071 1.12134e-20)
(2.36311 0.59504 0)
(0.23983 0.21264 8.38571e-21)
(0.0552993 0.0616849 0)
(0.213523 -0.0233826 -1.12994e-20)
(0.106659 0.148006 -7.29667e-21)
(0.0997402 0.412887 0)
(-0.0464267 0.561645 0)
(1.39752 -0.0162185 1.52802e-20)
(1.97233 -0.193937 3.50522e-22)
(0.0303702 0.466525 -3.1618e-20)
(3.74865 -0.155117 0)
(3.7395 -0.134843 8.94843e-22)
(3.75709 -0.224216 3.83392e-21)
(3.34788 0.223306 8.77988e-21)
(3.29572 0.222137 0)
(3.26197 0.166213 1.96513e-21)
(3.32219 0.244281 5.46566e-24)
(3.26111 0.377139 -4.22083e-21)
(3.28648 0.259472 4.07788e-21)
(0.0117308 0.231932 -1.10432e-20)
(-0.0817702 0.346304 0)
(0.404732 0.278355 -2.26272e-20)
(-0.257327 0.362793 -6.11584e-20)
(-0.370581 0.417238 -5.71554e-23)
(-0.133903 0.369229 -4.16857e-20)
(-0.155714 0.64825 4.10587e-20)
(-0.331786 0.664696 9.88325e-21)
(-0.0792578 0.594078 0)
(-0.00307672 1.09057 -3.01918e-19)
(-0.0937713 0.998057 -7.56726e-20)
(-0.14392 0.847199 0)
(-0.0485978 1.22802 -2.41579e-24)
(-0.0982415 1.17278 3.24912e-20)
(-0.0795739 1.08863 0)
(-0.0907957 1.21173 -1.4687e-20)
(-0.0620595 1.16616 -3.66032e-20)
(-0.0767356 1.18325 4.55265e-21)
(-0.0505366 1.04095 7.19514e-20)
(0.0119661 1.02825 2.69119e-20)
(-0.0330324 1.11634 1.88757e-20)
(0.0533864 0.784203 4.05432e-20)
(0.237456 0.825481 -2.38674e-20)
(0.0791332 0.927857 -2.59383e-20)
(0.168526 0.532471 3.09269e-20)
(0.370118 0.527486 -3.84875e-20)
(0.266242 0.577253 0)
(3.70956 -0.179459 -2.64201e-21)
(3.68651 -0.144864 -8.59122e-22)
(3.72489 -0.239392 -9.04816e-22)
(3.24245 0.211039 -3.67398e-21)
(3.19348 0.20466 1.79483e-21)
(3.14751 0.145288 0)
(3.21679 0.231818 1.90185e-21)
(3.15775 0.35466 0)
(3.1829 0.247057 0)
(-0.403829 0.796422 -9.6363e-21)
(-0.49629 0.880076 -1.01025e-20)
(-0.105281 0.839945 -1.48704e-22)
(-0.271238 0.999982 1.86843e-20)
(-0.31336 1.13511 -2.08845e-20)
(-0.365053 1.06691 0)
(-0.0201659 1.16418 3.66774e-20)
(0.0530013 1.18735 -5.01376e-21)
(-0.00570113 1.21771 2.15e-20)
(0.107842 1.01357 1.80518e-20)
(0.253448 0.966426 -9.09499e-21)
(0.101988 1.11773 -9.68178e-21)
(3.65305 -0.200548 8.76975e-22)
(3.6241 -0.162459 0)
(3.68727 -0.271406 0)
(3.57451 -0.207096 0)
(3.52849 -0.164522 -8.1668e-22)
(3.6304 -0.283857 1.60262e-21)
(3.47135 -0.199277 0)
(3.40672 -0.156139 7.66141e-22)
(3.55411 -0.286747 7.63558e-22)
(3.36381 -1.82411 -4.82007e-18)
(2.49493 -1.51324 2.14076e-18)
(-0.984013 -0.439993 0)
(-1.2744 -0.734034 0)
(2.34564 -2.11495 -1.84914e-18)
(1.91964 -1.72624 -1.44999e-19)
(-0.134141 0.00779061 4.97142e-18)
(-0.252692 -0.190809 7.45868e-20)
(1.28268 -1.85432 -5.83574e-20)
(1.07 -1.57382 -2.47664e-18)
(0.0786481 0.207225 -1.99472e-18)
(0.0313003 0.0609322 -2.73669e-21)
(0.265501 -0.606313 -1.31323e-18)
(0.155182 -0.562002 1.28903e-18)
(0.108692 0.31614 0)
(0.0309738 0.192839 -4.00496e-20)
(0.0428746 1.14731 6.31765e-24)
(0.0392774 0.698064 -1.27286e-20)
(0.196733 0.911889 1.20949e-18)
(0.131635 0.800319 -1.16808e-18)
(-0.0756644 1.1874 4.07307e-19)
(-0.0463017 0.59842 -1.44391e-20)
(0.584507 1.49573 1.23113e-18)
(0.422027 1.36691 0)
(-0.157365 0.264628 6.77894e-18)
(-0.0297903 0.0228034 -1.6642e-18)
(4.32338 1.55026 4.29273e-18)
(3.08695 1.18711 -1.55136e-19)
(4.61769 0.823998 -7.515e-20)
(2.92736 0.52562 2.0794e-18)
(4.13063 0.212872 7.33753e-21)
(1.795 0.0178706 0)
(1.67171 0.0733862 -2.73973e-18)
(0.124156 -0.126759 -1.03029e-20)
(-1.78876 0.767251 -4.2272e-18)
(-1.70668 1.06515 4.26958e-18)
(2.31443 0.0178943 0)
(1.24232 0.0011318 0)
(2.46002 0.0180752 0)
(1.33788 0.00196709 0)
(2.5979 0.0163511 0)
(1.4165 0.00032037 0)
(2.70265 0.00762177 0)
(1.46066 -0.00209409 0)
(2.78308 -0.000625684 0)
(1.46941 -0.00382934 0)
(2.82083 -0.00865349 0)
(1.43942 -0.00519776 0)
(2.80132 -0.0162966 0)
(1.35446 -0.00905987 0)
(2.72157 -0.0287324 0)
(1.20215 -0.0140642 0)
(2.54807 -0.0362786 0)
(1.00046 -0.0122854 0)
(2.27986 -0.0404801 0)
(0.777193 -0.00789795 0)
(1.93486 -0.0431735 0)
(0.564714 -0.00331473 0)
(1.47626 -0.0510643 0)
(0.365498 0.00363354 0)
(0.964619 -0.0457452 0)
(0.167202 0.00107392 0)
(0.470741 -0.0415784 0)
(-0.0765602 -0.00515617 0)
(0.0400618 -0.0282662 0)
(-0.226251 -0.00216082 0)
(-0.271856 -0.0135374 0)
(-0.358682 -0.00802128 0)
(4.12477 -1.05309 -1.01084e-19)
(3.04056 -0.85397 -2.52219e-19)
(4.08129 -0.382517 5.87241e-20)
(2.57194 -0.252249 -9.79737e-19)
(3.38618 0.0422018 1.79386e-18)
(1.16833 0.0918554 -1.77366e-18)
(0.453923 -0.226148 0)
(-0.435932 -0.216043 -1.12936e-19)
(2.91637 -1.9463 -4.00294e-18)
(2.30201 -1.64259 -1.47554e-19)
(1.808 -1.97264 0)
(1.51227 -1.71592 8.24495e-19)
(0.025755 0.110871 4.68585e-18)
(-0.0282263 -0.0203867 -5.88649e-21)
(1.00798 -1.49368 1.05212e-19)
(0.732967 -1.35226 1.78818e-18)
(0.608039 -1.33084 4.53363e-20)
(0.514966 -1.14239 0)
(0.387985 -0.89714 1.23224e-18)
(0.292926 -0.868202 0)
(0.165316 -0.416467 -1.24231e-18)
(0.0804227 -0.320045 4.02876e-20)
(0.146161 0.876063 2.06303e-18)
(0.129638 0.613519 -1.64126e-20)
(0.133346 0.558272 0)
(0.0698811 0.48927 0)
(0.396677 1.20728 -1.02736e-19)
(0.264343 1.10508 0)
(0.81552 1.88775 1.39955e-20)
(0.684196 1.57785 4.68916e-20)
(4.25037 0.505181 9.8227e-19)
(2.61347 0.256321 -1.01211e-18)
(3.26334 0.0154393 0)
(0.789949 -0.0687109 0)
(2.37569 0.0174968 0)
(1.27854 0.00236383 0)
(2.52647 0.0157997 0)
(1.36838 0.00119352 0)
(2.65965 0.00904769 0)
(1.44039 -0.00123154 0)
(2.76571 0.00650953 0)
(1.47238 -0.00341652 0)
(2.81831 -0.00142776 0)
(1.46228 -0.00355755 0)
(2.81662 -0.0112836 0)
(1.41193 -0.00472466 0)
(2.76907 -0.0201185 0)
(1.29411 -0.0117756 0)
(2.63811 -0.0310037 0)
(1.10179 -0.0135841 0)
(2.41651 -0.0385394 0)
(0.886027 -0.0118313 0)
(2.11329 -0.0423505 0)
(0.667467 -0.00686889 0)
(1.72077 -0.046248 0)
(0.463657 -0.000696163 0)
(1.19584 -0.0507273 0)
(0.259327 0.000946345 0)
(0.682791 -0.0469707 0)
(0.0623849 -0.00732632 0)
(0.290123 -0.0325548 0)
(-0.149626 -0.000449984 0)
(-0.139124 -0.0204072 0)
(-0.294491 -0.00678139 0)
(-0.368121 -0.00542564 0)
(-0.40957 -0.0101972 0)
(1.53732 -0.0184925 0)
(0.753409 -0.00409383 0)
(1.72136 -0.0255663 0)
(0.88018 -0.00413024 0)
(1.91075 -0.029731 0)
(1.03472 -0.00505234 0)
(2.11286 -0.0276956 0)
(1.18038 -0.00478323 0)
(2.29564 -0.0265027 0)
(1.32809 -0.00425166 0)
(2.48936 -0.0256039 0)
(1.46173 -0.00299478 0)
(2.67195 -0.0154009 0)
(1.57031 0.000721055 0)
(2.81416 -0.0028425 0)
(1.62351 0.00383665 0)
(2.89107 0.00336529 0)
(1.60504 0.00592309 0)
(2.87812 0.0207431 0)
(1.50643 0.010925 0)
(2.781 0.0421089 0)
(1.29027 0.0212856 0)
(2.53403 0.0507917 0)
(0.978197 0.015937 0)
(2.1812 0.0510041 0)
(0.692136 0.0100085 0)
(1.74947 0.051388 0)
(0.434474 0.00479905 0)
(1.24339 0.0484771 0)
(0.205146 0.00106619 0)
(0.784421 0.038008 0)
(0.00828873 0.00238722 0)
(0.430399 0.0273355 0)
(-0.163444 0.00410938 0)
(4.02315 -1.21387 -2.98816e-18)
(2.96122 -1.09828 2.30716e-19)
(3.70692 -1.57431 1.77445e-19)
(2.7993 -1.26617 -6.97946e-18)
(4.17846 -0.698201 -3.87567e-18)
(2.84864 -0.499554 4.10664e-18)
(3.89201 -0.156611 1.95672e-19)
(2.0889 -0.040422 2.08027e-19)
(2.32256 0.11249 -1.66103e-18)
(0.423678 0.0730537 1.77521e-18)
(-1.43003 -0.591227 -5.15794e-18)
(-1.46291 -0.879879 5.42811e-18)
(-1.25842 -0.612818 -4.30877e-18)
(-1.22122 -0.675801 0)
(0.157725 0.482334 -1.82867e-18)
(0.11433 0.296087 1.1187e-19)
(-0.126325 0.653591 0)
(-0.0403542 0.097043 -4.98695e-20)
(1.29958 2.01519 -1.52618e-19)
(0.919775 1.75036 -1.17384e-18)
(1.59159 2.30268 0)
(1.31288 1.95335 -3.09586e-20)
(2.19101 2.40472 0)
(1.78596 2.06441 1.28777e-18)
(2.78683 2.48875 0)
(2.24172 2.04053 -3.97364e-20)
(-0.370881 0.298306 -3.0594e-18)
(-0.336017 0.292171 3.06924e-18)
(3.37057 2.29767 0)
(2.64339 1.88094 0)
(3.84302 2.06182 3.09135e-18)
(2.84686 1.71836 0)
(-1.03946 0.411414 2.46487e-18)
(-1.3073 0.693091 1.74635e-19)
(1.60821 -0.0197467 0)
(0.808592 -0.00352301 0)
(1.78443 -0.0262716 0)
(0.93188 -0.00572142 0)
(1.98141 -0.0240409 0)
(1.08642 -0.00462406 0)
(2.19106 -0.0282636 0)
(1.23901 -0.00501362 0)
(2.39756 -0.0254561 0)
(1.39322 -0.00292686 0)
(2.59203 -0.0217521 0)
(1.52771 -0.00144818 0)
(2.75785 -0.0153101 0)
(1.61205 0.00276064 0)
(2.84882 5.37053e-05 0)
(1.61906 0.00532273 0)
(2.89077 0.0161284 0)
(1.57332 0.0067933 0)
(2.84653 0.029081 0)
(1.42007 0.0146534 0)
(2.67404 0.0495448 0)
(1.13185 0.0207887 0)
(2.36832 0.0511509 0)
(0.831624 0.0124341 0)
(1.97627 0.0515253 0)
(0.559932 0.00733999 0)
(1.50467 0.0508387 0)
(0.316764 0.00248514 0)
(1.00425 0.0430165 0)
(0.102472 0.00105612 0)
(0.593356 0.0326478 0)
(-0.079032 0.00392772 0)
(0.299555 0.0210538 0)
(-0.236322 0.00177962 0)
(-0.500474 -0.111036 5.97142e-18)
(-0.752165 -0.492199 -1.20829e-17)
(0.128066 0.328636 -3.00404e-21)
(0.0887193 0.184952 4.18347e-18)
(0.153558 0.639856 5.28329e-20)
(0.123296 0.422066 1.68485e-18)
(0.116462 1.05143 -2.22617e-21)
(0.0849249 0.68208 4.84143e-19)
(-0.0547219 1.18098 -6.15008e-24)
(-0.00674685 0.704909 2.20651e-19)
(-0.154318 1.01238 -2.04682e-18)
(-0.062152 0.341431 -1.05019e-18)
(-0.123845 0.40913 -1.57097e-18)
(-0.0161149 -0.0133215 -4.5567e-20)
(-0.164458 0.231797 3.07232e-18)
(-0.073138 0.0836608 -1.49246e-18)
(-0.19219 0.17677 3.07618e-18)
(-0.148201 0.151008 -3.11501e-18)
(-0.410522 0.107687 0)
(-0.701067 0.450362 0)
(4.22015 1.72064 7.5371e-20)
(3.19759 1.55804 0)
(4.48107 0.987346 0)
(3.12403 0.844083 1.36978e-19)
(-1.65281 0.734413 3.0312e-18)
(-0.378728 0.341837 0)
(-1.48799 0.470266 5.02966e-20)
(-1.77418 1.01366 3.99307e-18)
(3.08702 0.133318 1.92414e-21)
(3.13335 0.246918 -9.77797e-23)
(3.06022 0.376483 2.33707e-22)
(3.04197 0.437554 7.86657e-22)
(2.90146 0.685723 1.2319e-20)
(2.97463 0.114818 -5.73611e-22)
(3.03738 0.210856 -2.40053e-21)
(2.94404 0.326083 -1.5549e-20)
(2.92185 0.383966 1.81268e-20)
(2.7799 0.615032 0)
(2.5367 0.09793 -4.3344e-22)
(2.45159 0.0885307 0)
(2.36282 0.0833682 0)
(2.28879 0.0747422 -1.17405e-21)
(3.14424 0.194583 6.92951e-22)
(3.09117 0.181945 1.302e-21)
(3.02876 0.122436 -7.43333e-22)
(3.11614 0.209723 1.5657e-21)
(3.06294 0.323792 -1.1446e-20)
(3.08462 0.226898 -2.93133e-21)
(3.04568 0.165413 0)
(3.00648 0.156297 2.09543e-21)
(2.92538 0.103099 -4.68261e-22)
(3.01898 0.178713 -1.11603e-21)
(2.97351 0.277111 2.03223e-21)
(2.99898 0.19622 1.10898e-21)
(0.173463 0.0155048 0)
(-0.277561 -0.000593554 0)
(-0.0472266 0.00945929 0)
(-0.33086 -0.000576642 0)
(0.05395 0.0116934 0)
(-0.307273 -0.00112575 0)
(-0.139413 0.0082274 0)
(-0.352704 0.00102734 0)
(1.48872 0.0373315 0)
(1.50253 0.146793 8.01511e-22)
(1.51727 0.381702 -2.60294e-20)
(1.63953 0.417495 0)
(1.73144 0.642221 -1.11562e-20)
(1.90203 0.628618 -1.95426e-20)
(1.31573 0.243386 -8.27651e-21)
(1.36844 0.3977 5.46047e-20)
(1.48378 0.642962 1.15073e-20)
(1.69427 0.780913 3.05574e-20)
(1.92513 0.759327 3.67848e-20)
(1.99489 -0.25208 -5.23624e-20)
(1.89916 -0.232661 5.16305e-22)
(1.78359 -0.255005 0)
(1.67577 -0.172069 1.17711e-20)
(1.53232 -0.139357 -1.17276e-20)
(1.86624 -0.568503 3.92181e-20)
(1.73197 -0.473149 -1.93251e-20)
(1.52705 -0.447157 1.12595e-20)
(1.43846 -0.19412 4.50928e-20)
(1.35625 -0.0339025 2.13576e-20)
(2.15239 -0.0062905 -4.15291e-21)
(2.12728 -0.0421089 -2.61787e-22)
(2.08895 -0.0760955 -2.11604e-21)
(2.18635 -0.0426299 0)
(2.17032 -0.0537168 7.43522e-21)
(2.10544 -0.223909 2.01473e-21)
(2.2621 -0.0313026 3.52132e-21)
(2.22706 -0.0277613 -4.63568e-22)
(2.16673 -0.16496 -3.77e-21)
(2.09038 -0.277645 3.44436e-20)
(2.14078 -0.356291 2.47732e-20)
(2.02978 -0.421229 -3.15601e-20)
(1.96592 -0.0137086 3.52904e-23)
(1.99729 -0.0439191 -1.66657e-23)
(2.01805 -0.0313977 1.66572e-23)
(2.06471 -0.0476056 0)
(2.09803 -0.0241277 0)
(2.12603 -0.0625081 -1.84991e-21)
(2.1508 0.0199868 4.0817e-21)
(2.15792 -0.135644 3.81684e-21)
(2.16287 -0.0800958 -3.9421e-21)
(2.11141 0.0123241 8.46276e-21)
(2.10976 -0.236693 0)
(2.13286 -0.138878 0)
(2.19368 -0.0448845 -7.61261e-21)
(2.22109 -0.175009 -3.74797e-21)
(2.22979 -0.0975596 3.80926e-21)
(2.15501 -0.0534712 -7.94082e-21)
(2.15694 -0.273251 0)
(2.19782 -0.207873 7.04455e-22)
(2.24921 0.00305458 -3.46026e-21)
(2.2631 -0.187557 6.77969e-21)
(2.2773 -0.10987 1.67704e-21)
(2.20284 0.0330188 1.49999e-20)
(2.20341 -0.383403 -1.72434e-21)
(2.23444 -0.260649 -6.82625e-21)
(1.14294 -0.00868984 0)
(0.48871 -6.82244e-05 0)
(1.25262 -0.0140345 0)
(0.558445 -0.00201267 0)
(1.3754 -0.0125168 0)
(0.641181 -0.00117109 0)
(1.21438 -0.0153407 0)
(0.532358 -0.00286131 0)
(1.33751 -0.0178077 0)
(0.615195 -0.00311194 0)
(1.47088 -0.0242912 0)
(0.700269 -0.00443852 0)
(2.00836 0.027673 7.61496e-20)
(2.00231 0.0142555 1.79351e-20)
(2.00097 0.00848519 4.67331e-21)
(2.0006 0.0060869 -7.10076e-21)
(2.00038 0.0043493 2.67576e-21)
(2.00021 0.0033809 1.0303e-21)
(2.00028 0.00229563 -5.90539e-22)
(2.00008 0.00186667 7.15989e-23)
(1.99999 0.00207877 1.14405e-21)
(2.00006 0.0018229 0)
(2.00004 0.00180888 5.49343e-22)
(1.99992 0.00184135 -6.17237e-23)
(2 0.00184149 -2.05036e-22)
(2.00007 0.00178753 -4.24726e-22)
(2.0002 0.00130385 0)
(2.00008 0.00101888 1.47458e-21)
(2.0002 -0.000434655 1.16019e-21)
(2.00035 -0.000201992 -1.76302e-21)
(2.00048 -0.0018365 -2.33866e-21)
(2.0008 0.00469935 2.35177e-21)
(2.00113 -0.00074462 4.66249e-21)
(2.00239 -0.0106777 -2.78913e-20)
(2.0036 -0.0450928 -2.7641e-20)
(2.02055 -0.0462289 -6.4726e-20)
(2.03164 0.0409286 -1.91032e-20)
(2.01216 0.0262078 -1.91059e-20)
(2.00565 0.0165439 -9.51243e-21)
(2.00324 0.0120086 0)
(2.00192 0.00867731 0)
(2.00123 0.00713601 -2.37575e-21)
(2.00062 0.0066125 -1.17714e-21)
(2.00056 0.00542967 -5.94649e-22)
(2.00036 0.00475007 -1.17028e-21)
(2.00012 0.00426631 -8.38319e-22)
(2 0.00431787 0)
(2.00001 0.00382606 1.41478e-22)
(2.00022 0.00354684 -2.87131e-22)
(2.00052 0.00348789 1.85265e-22)
(2.00044 0.00327903 -5.45897e-26)
(2.00072 0.00263209 -1.18624e-21)
(2.00099 0.000646548 -1.18542e-21)
(2.0015 0.000229607 2.36001e-21)
(2.00292 -0.00376724 -2.36322e-21)
(2.00331 0.00141399 4.72714e-21)
(2.00649 -0.00621828 9.38637e-21)
(2.01322 -0.0198767 1.85337e-20)
(2.02207 -0.0613884 -1.85649e-20)
(2.0507 -0.0522535 -1.01776e-20)
(2.05307 0.0431081 1.20137e-21)
(2.02521 0.0311107 5.74481e-20)
(2.01379 0.0212069 -4.72306e-21)
(2.00789 0.0168777 -1.17715e-21)
(2.005 0.012389 -5.00054e-21)
(2.00312 0.0115245 2.35838e-21)
(2.0021 0.00951669 2.35773e-21)
(2.00099 0.00821706 -2.5194e-24)
(2.0009 0.00688825 -5.87513e-22)
(2.00037 0.00812507 2.90378e-22)
(2.00014 0.00780642 -1.45485e-21)
(2.00037 0.0068646 0)
(2.0008 0.00713246 2.91288e-22)
(2.00112 0.00571666 1.75049e-21)
(2.00163 0.00691197 -3.50531e-21)
(2.0022 0.00540634 4.68081e-21)
(2.00338 0.0036833 -1.16792e-21)
(2.00448 0.00154876 2.31652e-21)
(2.00798 -0.00287665 2.31423e-21)
(2.01054 0.0101409 -1.95733e-20)
(2.01478 -0.00490368 -6.92067e-21)
(2.02809 -0.02346 2.32093e-21)
(2.03904 -0.0650024 -7.00063e-20)
(2.06375 -0.0549878 -2.19511e-20)
(2.06632 0.0400011 -5.99013e-22)
(2.03489 0.0318282 0)
(2.01975 0.0235789 9.58133e-21)
(2.01231 0.0194118 9.49733e-21)
(2.0073 0.0177816 4.75986e-21)
(2.00469 0.012783 -4.76667e-21)
(2.00261 0.0143077 4.76202e-21)
(2.00154 0.0142388 2.32994e-21)
(2.00145 0.0142331 0)
(2.00047 0.013126 6.79261e-25)
(2.0003 0.0116787 1.78688e-21)
(2.00046 0.0131888 0)
(2.00115 0.012364 1.18181e-21)
(2.00139 0.0134771 -1.17625e-21)
(2.00239 0.00996917 0)
(2.00408 0.00987005 -2.35877e-21)
(2.00618 0.00341361 0)
(2.0079 0.00655473 -1.87577e-20)
(2.01072 -0.00398105 -1.86836e-20)
(2.01734 -0.0238398 3.73463e-20)
(2.02707 -0.0235559 1.85912e-20)
(2.03643 -0.0158753 1.87408e-20)
(2.05135 -0.0574291 -1.1652e-20)
(2.06284 -0.044542 6.08901e-22)
(2.0726 0.0339578 0)
(2.04261 0.0292925 -1.4349e-20)
(2.02424 0.0246006 1.34833e-21)
(2.01569 0.0197113 -3.82111e-20)
(2.01022 0.0185672 0)
(2.00633 0.016335 0)
(2.00329 0.0187524 -4.76862e-21)
(2.00136 0.0105339 -4.55068e-21)
(2.00124 0.0201686 2.28427e-21)
(2.00092 0.0173833 -2.29916e-21)
(2.00042 0.0175923 1.17942e-21)
(2.00073 0.0156839 2.94477e-22)
(2.00124 0.0167322 2.0385e-21)
(2.00233 0.0153146 1.17129e-21)
(2.00436 0.0142017 2.34434e-21)
(2.00717 0.0104565 0)
(2.00792 0.0142453 0)
(2.01213 0.00355046 1.40583e-20)
(2.01445 0.00711515 2.80522e-20)
(2.02106 0.0120718 -1.39887e-20)
(2.03197 -0.00138278 -1.64188e-20)
(2.04644 -0.0173119 -2.10838e-20)
(2.06328 -0.0527926 0)
(2.05253 -0.0366084 0)
(2.07337 0.0267892 -1.44137e-22)
(2.0466 0.0270799 8.35258e-21)
(2.02803 0.0234395 8.36564e-21)
(2.01857 0.0210674 9.59891e-21)
(2.01148 0.0206112 -9.31597e-21)
(2.0066 0.0211552 0)
(2.00344 0.0193675 0)
(2.00133 0.0315488 0)
(1.9995 0.0104229 2.33652e-21)
(1.99999 0.0294321 -2.32182e-21)
(2.00089 0.0234283 -1.15257e-21)
(2.00141 0.0255551 -7.22675e-23)
(2.00222 0.0231979 -1.18493e-25)
(2.00416 0.0206181 0)
(2.00582 0.021586 -4.72385e-21)
(2.00804 0.0211697 9.41054e-21)
(2.0106 0.0159049 0)
(2.01451 0.016765 0)
(2.02205 0.00985342 -1.87346e-20)
(2.02986 -0.0144447 9.27998e-21)
(2.04048 -0.00782148 -2.32933e-21)
(2.0554 -0.0107806 1.10564e-20)
(2.07257 -0.0502957 6.94905e-21)
(2.03986 -0.0336723 0)
(2.07361 0.0229425 0)
(2.04849 0.0249317 0)
(2.0299 0.0216904 -8.98715e-21)
(2.01929 0.0218236 9.34939e-21)
(2.01123 0.021385 1.15751e-20)
(2.00623 0.0229867 -2.3268e-21)
(2.00209 0.0238929 0)
(2.00101 0.0109653 -1.14949e-20)
(1.99764 0.0401897 2.38764e-21)
(1.99843 0.0126746 5.9601e-21)
(1.99997 0.0304315 -1.15753e-21)
(2.00107 0.0274613 1.4342e-22)
(2.00249 0.0320803 -1.15974e-21)
(2.00407 0.0319737 0)
(2.00619 0.03162 0)
(2.00942 0.0286287 -9.34271e-21)
(2.01587 0.0250783 0)
(2.02033 0.0180166 2.32653e-21)
(2.02742 0.0135072 -1.00102e-23)
(2.03443 0.0299736 -9.34557e-21)
(2.04562 0.00719151 -3.49011e-21)
(2.06453 -0.000505954 -1.76918e-20)
(2.0792 -0.0487962 3.72569e-21)
(2.02679 -0.0276099 6.32238e-22)
(2.0737 0.0202609 0)
(2.04998 0.0221156 -5.04999e-21)
(2.03039 0.0202021 1.19627e-21)
(2.01916 0.021958 -1.27042e-20)
(2.01046 0.0208896 -5.46702e-24)
(2.00551 0.0213596 4.76396e-21)
(2.00054 0.0200039 -4.78645e-21)
(1.99775 0.0395757 4.69843e-21)
(1.99716 0.0142703 -2.36145e-21)
(1.99615 0.0421827 -4.78342e-21)
(1.99776 0.0288085 0)
(1.99949 0.0347047 -1.47081e-22)
(2.00186 0.0350733 0)
(2.0042 0.0342997 2.34778e-21)
(2.00798 0.0318335 -8.40058e-24)
(2.01412 0.0309552 4.66677e-21)
(2.01904 0.0269237 1.18831e-23)
(2.02429 0.0313554 2.34397e-21)
(2.03166 0.0259482 -9.29719e-21)
(2.04439 -0.00336574 -1.15821e-21)
(2.05545 0.00363968 1.16071e-21)
(2.06995 -0.00294218 9.23446e-21)
(2.08819 -0.0498795 1.99565e-21)
(2.01663 -0.0241121 -7.05526e-22)
(2.0736 0.0170091 -1.36449e-22)
(2.05142 0.0201045 -5.04448e-21)
(2.03061 0.0172723 1.45218e-22)
(2.01869 0.0194402 8.23946e-21)
(2.00976 0.0203112 -3.37302e-24)
(2.00383 0.0226587 1.19007e-21)
(1.99868 0.032584 9.5489e-21)
(1.99606 0.017063 1.19629e-20)
(1.99276 0.0489667 -2.36933e-21)
(1.99349 0.0282869 -1.19878e-21)
(1.99329 0.0425975 1.19859e-21)
(1.99637 0.0431661 -1.48899e-22)
(2.00049 0.043452 2.96065e-22)
(2.00409 0.0519266 1.15832e-21)
(2.00972 0.0465407 1.17493e-21)
(2.0145 0.0521103 -1.40973e-20)
(2.02031 0.0534054 1.22256e-23)
(2.02941 0.0392076 -6.98947e-21)
(2.04085 0.0302489 9.31029e-21)
(2.04887 0.0496375 0)
(2.06187 0.0283141 4.58424e-21)
(2.08228 0.0160425 0)
(2.09704 -0.0511599 -2.13462e-21)
(2.00938 -0.0184982 0)
(2.07232 0.0135848 -1.1423e-21)
(2.05224 0.015954 -2.19348e-21)
(2.03029 0.017551 7.15617e-22)
(2.01742 0.0201399 -5.88189e-22)
(2.00809 0.0206004 3.55583e-21)
(1.99994 0.0286767 1.19527e-21)
(1.99431 0.0154351 -9.56375e-21)
(1.99108 0.047488 -1.20263e-21)
(1.98996 0.0183022 2.41111e-21)
(1.98784 0.0475931 -6.03362e-21)
(1.98929 0.0487483 -3.0055e-22)
(1.99337 0.047729 1.31231e-24)
(1.99644 0.0611126 2.67784e-21)
(2.00347 0.0543099 4.60031e-21)
(2.00991 0.0627846 0)
(2.01627 0.051611 1.16482e-21)
(2.02774 0.0370728 -1.16529e-21)
(2.03768 0.0439196 9.3458e-21)
(2.04632 0.0449061 -1.15587e-21)
(2.06126 0.00550247 5.73242e-21)
(2.07648 0.00687216 -4.58573e-21)
(2.09085 -0.00203511 -7.11089e-23)
(2.11229 -0.034493 1.54619e-21)
(2.00696 -0.0121524 2.95755e-22)
(2.07173 0.00864219 1.14711e-21)
(2.05225 0.0135275 -2.81092e-22)
(2.02843 0.0119898 -4.67247e-21)
(2.0138 0.0157407 5.03147e-21)
(2.00366 0.0189653 -4.76642e-21)
(1.99609 0.0174611 1.20602e-21)
(1.98908 0.0450983 -4.83338e-21)
(1.98708 0.0160306 -1.20858e-21)
(1.98375 0.0629552 4.25359e-21)
(1.98195 0.0442264 5.44708e-21)
(1.98493 0.050138 0)
(1.98708 0.0698374 -3.02168e-22)
(1.9935 0.0525877 -2.25406e-21)
(2.00039 0.0714589 1.55521e-23)
(2.00943 0.0663767 4.61904e-21)
(2.02072 0.075514 4.69097e-21)
(2.03134 0.0889115 0)
(2.04115 0.0752857 0)
(2.05326 0.0506639 0)
(2.06666 0.0818889 -2.61617e-23)
(2.0828 0.0558076 0)
(2.10298 0.0533105 2.03723e-21)
(2.11949 -0.017714 7.01496e-22)
(2.00795 -0.00981112 2.97879e-22)
(2.06997 0.00298137 6.76226e-22)
(2.0519 0.00695922 -9.3481e-22)
(2.02635 0.0100904 5.04303e-21)
(2.01223 0.0119538 -3.05679e-22)
(2.00139 0.00973631 0)
(1.99014 0.0221561 -6.04757e-22)
(1.98483 0.00439563 4.82135e-21)
(1.97733 0.0496398 6.07238e-22)
(1.97342 0.0230654 3.35542e-22)
(1.97605 0.0503051 4.59768e-21)
(1.97406 0.0683886 -6.11327e-22)
(1.98081 0.0599183 -5.30952e-22)
(1.98853 0.0921846 6.4201e-22)
(1.99655 0.0813799 -4.85142e-21)
(2.0074 0.0915856 -5.77576e-22)
(2.02197 0.082095 -4.72784e-21)
(2.03451 0.0600442 5.87348e-22)
(2.04962 0.0686548 0)
(2.06531 0.0789747 0)
(2.08488 0.0234841 -8.79044e-21)
(2.10172 0.016419 -2.82353e-22)
(2.12079 -0.00671409 -2.17885e-21)
(2.13955 -0.0245568 -1.18405e-21)
(2.01245 -0.00463686 -1.50373e-22)
(2.06887 -0.00183665 -1.82218e-23)
(2.05177 0.00135784 -1.39574e-22)
(2.02618 0.00241842 7.2708e-23)
(2.01062 0.00127971 -4.79197e-21)
(1.99692 0.0177629 2.40129e-21)
(1.98523 0.0162793 0)
(1.9728 0.0457706 0)
(1.96481 0.0262627 4.94857e-21)
(1.96266 0.0622011 -4.94019e-21)
(1.96327 0.0671704 1.28045e-21)
(1.96594 0.0681504 -6.20884e-22)
(1.96897 0.0880122 -2.43974e-21)
(1.97896 0.0798942 -1.2147e-21)
(1.99292 0.100104 6.10016e-21)
(2.0054 0.0987665 -4.39704e-21)
(2.02065 0.110458 -2.91557e-22)
(2.03584 0.133848 2.89965e-22)
(2.05627 0.0983577 -3.67742e-24)
(2.07435 0.0733965 -2.8794e-22)
(2.09011 0.102508 4.51397e-21)
(2.1099 0.107993 -6.9355e-23)
(2.13324 0.0901712 -2.12618e-21)
(2.15171 -0.00653527 -4.84711e-22)
(2.0253 -0.00137832 -1.50877e-22)
(2.06842 -0.00689446 -8.2572e-22)
(2.05108 -0.00489384 -6.91681e-23)
(2.02412 -0.00518853 0)
(2.00496 0.00591482 0)
(1.98803 -0.00216513 -3.00638e-21)
(1.97593 0.0131699 5.47075e-21)
(1.96307 0.00610087 -4.92929e-21)
(1.95666 0.038681 -4.93036e-21)
(1.95301 0.0366333 -3.90371e-23)
(1.94571 0.0538633 -9.39682e-21)
(1.95406 0.0775327 -1.88939e-21)
(1.95931 0.10017 0)
(1.96814 0.117421 6.12366e-22)
(1.98692 0.119622 1.26537e-21)
(2.00343 0.135805 9.26039e-21)
(2.0234 0.106377 4.65991e-21)
(2.04905 0.0941805 4.67303e-21)
(2.0696 0.109978 0)
(2.08327 0.12738 2.26247e-21)
(2.11104 0.0428416 2.21811e-21)
(2.13498 0.00791895 -2.1965e-21)
(2.15774 -0.00549876 2.19394e-21)
(2.17137 -0.0257366 -1.63185e-21)
(2.03333 0.00710041 0)
(2.06845 -0.0111844 -2.615e-22)
(2.05239 -0.0108765 2.76066e-21)
(2.02255 -0.0202596 -1.13904e-21)
(2.00245 -0.0200923 -1.1948e-21)
(1.98536 -0.0186189 1.19536e-21)
(1.96507 -0.0116869 -4.87224e-21)
(1.95466 0.0151269 1.47953e-20)
(1.93875 0.0116988 0)
(1.92738 0.0590057 0)
(1.93147 0.0779956 1.02422e-20)
(1.92896 0.0931058 1.18684e-21)
(1.93948 0.100204 7.95591e-23)
(1.95443 0.117515 6.28339e-22)
(1.97226 0.132551 -4.93472e-21)
(2.00113 0.146896 -9.37563e-21)
(2.02195 0.18023 -1.43772e-20)
(2.04703 0.172338 -2.33682e-21)
(2.07425 0.15252 -2.31226e-21)
(2.10807 0.104281 -3.38885e-21)
(2.12574 0.166985 -3.3379e-21)
(2.14337 0.176576 1.11519e-21)
(2.16951 0.132679 -1.0627e-21)
(2.19304 -0.0460706 8.09261e-22)
(2.0574 -0.00483016 1.47301e-22)
(2.07261 -0.00204754 2.24113e-21)
(2.0545 -0.0113345 2.76817e-21)
(2.02476 -0.0183812 1.13736e-21)
(2.00249 -0.0282274 0)
(1.98053 -0.00698622 4.75775e-21)
(1.95665 0.000372107 0)
(1.93166 0.00161673 1.03495e-22)
(1.91681 0.0579433 -2.06962e-20)
(1.9075 0.0331149 1.05187e-20)
(1.90521 0.0636168 -5.17981e-21)
(1.91112 0.0969503 1.29732e-21)
(1.92204 0.130277 -3.22019e-21)
(1.9405 0.155469 2.57607e-21)
(1.96105 0.162726 0)
(1.99008 0.15354 0)
(2.02578 0.169006 -9.45394e-21)
(2.06328 0.140679 0)
(2.09048 0.157426 0)
(2.11831 0.172958 2.23505e-21)
(2.15171 0.0648339 0)
(2.1835 0.00695754 1.07762e-21)
(2.21087 0.00114664 1.06405e-21)
(2.22501 -0.075582 0)
(2.07897 0.00582515 1.06366e-21)
(2.08085 -0.00784316 1.24575e-21)
(2.06222 -0.0204469 5.62175e-22)
(2.02815 -0.05954 -2.26451e-21)
(1.99773 -0.0510778 2.22466e-21)
(1.96401 -0.0527473 -1.42754e-20)
(1.94191 -0.0364931 -1.25381e-21)
(1.91168 -0.00698571 -8.92269e-21)
(1.89306 -0.0273723 2.09012e-20)
(1.8875 0.0559391 -2.12436e-20)
(1.87341 0.0905867 5.33594e-21)
(1.8765 0.106035 -4.62949e-21)
(1.88865 0.140852 -1.14297e-21)
(1.91373 0.165968 1.02902e-20)
(1.94932 0.210885 -2.55518e-20)
(1.97613 0.241804 5.133e-21)
(2.0184 0.231287 2.33097e-20)
(2.05963 0.260025 7.42063e-23)
(2.09738 0.2264 -8.86589e-21)
(2.14241 0.166636 4.53955e-21)
(2.17132 0.231146 0)
(2.20104 0.234671 3.12465e-21)
(2.22836 0.169795 -4.1471e-21)
(2.25452 -0.0594202 -2.05972e-21)
(2.11517 -0.00289153 9.87693e-22)
(2.09377 -0.0179187 -1.36409e-22)
(2.08328 -0.0296827 0)
(2.03865 -0.0523481 1.11556e-21)
(1.99897 -0.0729758 -2.26257e-21)
(1.96217 -0.0828911 9.57033e-21)
(1.92549 -0.0760522 -2.98556e-20)
(1.89776 -0.053431 1.03626e-20)
(1.87157 0.00995963 -2.19529e-20)
(1.83669 0.0150165 2.14908e-20)
(1.84027 0.0561848 0)
(1.84062 0.13039 1.37631e-21)
(1.85559 0.176102 5.1465e-22)
(1.88772 0.214479 1.04426e-20)
(1.92488 0.217235 -5.3491e-21)
(1.97369 0.265518 0)
(2.02808 0.22868 0)
(2.07943 0.23478 -2.76566e-20)
(2.12957 0.22372 2.65474e-20)
(2.17019 0.246874 4.33216e-21)
(2.22336 0.10727 6.1633e-21)
(2.25269 0.0548766 -7.18922e-21)
(2.29102 0.030663 0)
(2.3031 -0.0984865 2.22745e-21)
(2.15329 0.00508658 -1.07309e-21)
(2.1237 -0.00693889 0)
(2.09249 -0.0545779 2.59053e-22)
(2.05015 -0.134468 2.15589e-21)
(2.00469 -0.0973989 0)
(1.965 -0.112301 -9.49459e-21)
(1.91692 -0.0795891 3.98373e-20)
(1.85886 -0.082918 -4.23234e-20)
(1.81689 -0.0458984 2.02149e-20)
(1.80013 0.0186718 -4.69325e-22)
(1.77105 0.0842514 2.21795e-20)
(1.7753 0.126906 -6.74937e-22)
(1.80845 0.161612 -6.79317e-21)
(1.837 0.261406 5.45108e-21)
(1.89627 0.302307 -1.53314e-20)
(1.96492 0.291355 2.0318e-20)
(2.01773 0.362095 0)
(2.08058 0.344941 2.87708e-22)
(2.1411 0.322009 -1.76739e-20)
(2.19799 0.264403 0)
(2.23878 0.305217 -1.85546e-21)
(2.2864 0.306649 -7.70312e-21)
(2.32416 0.199989 8.18041e-21)
(2.34921 -0.0688487 1.90622e-21)
(2.2074 -0.00437283 -1.04137e-21)
(1.73526 -0.0156923 1.14257e-20)
(1.7216 0.0602548 -2.31248e-20)
(1.72274 0.145794 1.11655e-21)
(1.72409 0.27979 3.56215e-22)
(1.80238 0.272345 0)
(1.86045 0.353701 -5.21742e-21)
(1.93155 0.443569 -9.85362e-21)
(2.03646 0.367368 -1.86617e-20)
(2.1148 0.368038 1.91904e-20)
(2.18596 0.360837 0)
(2.2568 0.312715 0)
(2.31579 0.175089 1.88259e-20)
(2.36149 0.0739081 -1.49705e-20)
(2.38629 0.0743461 4.07863e-22)
(2.41724 -0.0407102 1.18691e-22)
(2.28194 0.0001491 9.52927e-22)
(1.67448 -0.057266 3.44814e-20)
(1.61566 0.0437651 -9.81502e-23)
(1.60652 0.173493 4.70851e-21)
(1.66883 0.215662 2.87769e-21)
(1.71905 0.415802 -2.88143e-21)
(1.82732 0.428964 1.02727e-20)
(1.92956 0.463824 -9.98538e-21)
(2.0273 0.529444 1.78897e-20)
(2.12619 0.504833 -4.05031e-22)
(2.2232 0.431737 1.0138e-22)
(2.30138 0.397776 -1.57606e-20)
(2.36164 0.413999 7.8407e-21)
(2.41381 0.389283 3.22168e-21)
(2.43735 0.255383 1.57919e-21)
(2.47305 -0.117283 1.02425e-22)
(2.34228 0.00175778 -1.76071e-21)
(2.09349 0.550338 -1.69845e-20)
(2.21102 0.531913 1.69827e-21)
(2.30671 0.514459 2.91687e-20)
(2.37119 0.447111 -4.05122e-20)
(2.45238 0.248405 3.32625e-20)
(2.50231 0.188438 -6.08116e-21)
(2.55762 0.137829 -2.33111e-21)
(2.57364 -0.00850821 4.39402e-21)
(2.43258 0.00362507 1.24075e-23)
(2.06024 0.852257 -3.34277e-20)
(2.21316 0.785164 1.5399e-21)
(2.35263 0.667119 -2.31344e-20)
(2.46713 0.546683 -2.00669e-23)
(2.53495 0.53589 -1.07143e-20)
(2.59655 0.44086 1.60767e-20)
(2.63494 0.257353 -3.23289e-22)
(2.66748 -0.117129 1.28303e-21)
(2.53414 -9.27951e-05 -2.10274e-23)
(2.20927 0.87539 4.50082e-20)
(2.38693 0.795923 -1.16531e-20)
(2.51769 0.726114 3.59617e-20)
(2.59431 0.636306 -1.09498e-21)
(2.66277 0.388078 -2.47672e-21)
(2.72354 0.276103 -1.86052e-21)
(2.7742 0.236575 -5.02435e-22)
(2.7562 0.0157837 -4.10119e-22)
(2.63151 0.0249491 0)
(2.00327 0.024595 1.50394e-19)
(2.00064 0.00769701 -5.21452e-21)
(2.00152 0.0135929 -3.37844e-20)
(2.00021 0.00358617 2.507e-21)
(2.00037 0.00559692 -2.54996e-21)
(2.00014 0.00308289 0)
(2.00011 0.00352766 -2.4955e-21)
(2.00008 0.0023832 -5.41644e-22)
(2.00009 0.00194903 0)
(2.00005 0.00179672 0)
(2.00006 0.00114758 3.1297e-22)
(2.00001 0.00139261 3.04077e-22)
(2.00004 0.000717294 -1.55729e-22)
(2.00002 0.000714867 3.13311e-22)
(2.00004 0.000855413 0)
(2 0.000513775 3.73261e-23)
(2 0.000900835 -2.2719e-22)
(2.00003 0.000850538 1.53712e-22)
(1.99996 0.00096765 -3.35799e-22)
(1.99999 0.000578038 4.76019e-27)
(2.00004 0.00044163 -9.52797e-27)
(2 0.000464116 0)
(2 0.000561474 4.56447e-27)
(1.99999 0.000734775 -1.972e-23)
(1.99999 0.000511326 1.20243e-24)
(2 0.000757608 3.70989e-23)
(2 0.000472375 -1.85395e-23)
(2.00001 0.000742125 -1.71332e-22)
(2.00001 0.000558166 0)
(2.00002 0.000376047 1.53639e-22)
(2.00002 0.000336814 1.51559e-22)
(2.00001 0.000318953 3.21131e-25)
(2.00001 0.000251001 -3.44954e-22)
(2.00004 0.000111785 1.19579e-24)
(2.00002 0.000311811 1.51819e-22)
(2.00005 -0.000715333 1.59068e-25)
(2.00005 -0.000298892 3.04438e-22)
(2.00024 -0.0012573 9.31131e-22)
(2.00007 -0.00079795 -3.1003e-22)
(2.00005 -0.00310973 -2.66919e-24)
(2.00012 -0.00478763 -1.84453e-21)
(2.00011 -0.004554 -4.79242e-24)
(2.00013 -0.00427165 -3.62119e-24)
(1.99957 -0.00742901 -3.60191e-21)
(2.00029 -0.00400053 1.22235e-21)
(2.00174 -0.00926657 5.39465e-21)
(2.0005 0.000332632 2.59612e-22)
(2.00362 -0.0214731 0)
(2.0195 0.0417933 -1.82167e-19)
(2.03721 0.0490063 0)
(2.04028 -0.0455826 -2.06615e-20)
(2.05055 0.0493457 0)
(2.0579 0.0542813 -2.33402e-20)
(2.06009 -0.0496799 2.04113e-20)
(2.06037 0.0520608 1.89098e-20)
(2.05964 0.0494516 -4.87394e-21)
(2.06433 -0.0463487 0)
(2.05675 0.0469907 5.76379e-21)
(2.05192 0.0420485 2.61317e-21)
(2.05977 -0.0378829 -3.16477e-22)
(2.04187 0.040337 -2.61425e-21)
(2.03357 0.0384176 0)
(2.04847 -0.0312018 7.94614e-23)
(2.0217 0.0364983 1.63438e-22)
(2.0108 0.0349748 8.1595e-23)
(2.03528 -0.0273421 -6.32191e-22)
(1.9987 0.0339881 -6.50565e-22)
(1.98831 0.0328696 9.84935e-25)
(2.02328 -0.0264071 0)
(1.97592 0.0313617 1.29817e-21)
(1.96609 0.0295381 -6.38405e-22)
(2.01174 -0.0210279 6.26957e-22)
(1.95401 0.0279313 0)
(1.94469 0.0260171 0)
(2.00822 -0.0166361 -3.10012e-22)
(1.93347 0.0233983 -4.03244e-23)
(1.92487 0.0212274 -3.2118e-22)
(2.00721 -0.0108206 -2.89218e-22)
(1.91578 0.0183117 3.21188e-22)
(1.90754 0.017027 -1.00197e-23)
(2.01022 -0.00193797 1.49702e-22)
(1.89933 0.012558 -1.99976e-23)
(1.89383 0.0111406 1.59193e-22)
(2.01841 0.00972403 1.489e-22)
(1.88751 0.00644943 -3.37862e-22)
(1.88352 0.00291013 3.17125e-22)
(2.03044 0.0152232 5.99233e-22)
(1.87865 -0.000738941 -3.16325e-22)
(1.87665 -0.00526183 8.68471e-22)
(2.04421 0.0262222 -7.19139e-23)
(1.87312 -0.0073874 -2.73107e-25)
(1.87423 -0.00945129 -1.50039e-22)
(2.07191 0.0276093 -6.24207e-25)
(1.87501 -0.0101706 7.52669e-23)
(1.87762 -0.0147351 0)
(2.09858 0.0341373 1.1977e-21)
(1.88202 -0.00847792 -1.2114e-21)
(1.89254 -0.0161649 0)
(2.14149 0.0376949 1.18254e-21)
(1.90019 -0.0162955 -3.69152e-23)
(1.91806 -0.0206628 3.69576e-23)
(2.18354 0.0464601 1.05711e-21)
(1.92774 -0.0155444 0)
(1.95023 -0.0367541 -3.49487e-23)
(2.25849 0.0569694 -9.83984e-22)
(2.32265 0.0536903 -1.92554e-21)
(2.38774 0.0634343 0)
(2.50458 0.0642112 -7.75403e-22)
(2.57815 0.0691992 2.09868e-23)
(2.73834 0.0655172 0)
(2.01306 -0.174248 1.76247e-20)
(1.95862 -0.16995 0)
(1.89464 -0.140549 0)
(1.84064 -0.0986571 2.25008e-20)
(1.78654 -0.0559968 -2.14843e-20)
(2.0441 -0.198192 3.02479e-22)
(1.96005 -0.240297 2.58756e-22)
(1.87075 -0.272722 -1.97556e-20)
(1.78758 -0.236282 0)
(1.70902 -0.185393 -2.29089e-20)
(2.00392 0.0195555 -2.84037e-20)
(2.01148 0.0284166 9.54535e-21)
(2.02005 0.037885 0)
(2.00145 0.0121387 -1.42453e-20)
(2.00444 0.0138367 -1.42724e-20)
(2.00655 0.0211775 9.56037e-21)
(2.00108 0.00582457 -1.56313e-23)
(2.00241 0.0108125 9.54118e-21)
(2.00342 0.0127813 0)
(2.00063 0.00374606 2.37694e-21)
(2.00141 0.0075262 2.38897e-21)
(2.00194 0.00866389 -2.38967e-21)
(2.00035 0.00280432 -1.18934e-21)
(2.00085 0.00573271 -3.62161e-24)
(2.0011 0.00639456 2.39917e-21)
(2.00013 0.00271658 -4.03963e-21)
(2.00047 0.00356359 -2.94215e-21)
(2.0007 0.00481626 -3.15421e-24)
(2.00009 0.00278129 1.50235e-21)
(2.00025 0.00354718 -2.93634e-22)
(2.0004 0.00372881 1.79984e-21)
(2.00003 0.00226448 -8.8986e-22)
(2.00011 0.00346346 2.90494e-22)
(2.00038 0.00298747 -5.91401e-22)
(2.00021 0.00112597 0)
(2.00028 0.0033061 5.72499e-22)
(2.00027 0.00221745 2.0431e-25)
(1.99997 0.0017228 -2.85379e-22)
(2.00002 0.00259668 0)
(2.00006 0.00307884 2.87746e-22)
(2 0.00160394 -1.43233e-22)
(1.99995 0.00298985 1.02766e-22)
(2.00003 0.00257769 -7.14197e-23)
(1.99999 0.00172783 5.96741e-23)
(2.00003 0.00259851 -4.31355e-24)
(1.99994 0.00272204 -6.51537e-23)
(2.00002 0.00171951 3.45143e-22)
(2.00012 0.00197272 -7.0552e-23)
(2.00005 0.00237026 0)
(2.00012 0.000809377 1.62336e-22)
(2.00044 0.00219895 7.34752e-22)
(2.00037 0.00148392 -1.44993e-22)
(2.00012 0.000964419 -4.4195e-22)
(2.00027 0.00184333 -7.42715e-22)
(2.0003 0.00133134 2.97472e-22)
(2.00014 0.00060135 -5.66184e-22)
(2.00055 0.000467197 0)
(2.00036 0.000873561 -2.91025e-22)
(2.00029 -0.000297432 -3.30436e-27)
(2.00062 0.000525005 3.30838e-25)
(2.00059 0.00154038 -1.18821e-21)
(2.0004 3.1759e-05 1.16264e-21)
(2.00123 -0.00224792 0)
(2.00071 -0.000632483 5.91138e-22)
(2.00093 -0.00160128 8.88912e-22)
(2.00185 -0.00377299 0)
(2.00127 -0.000943039 0)
(2.00066 -0.000751562 6.32152e-25)
(2.00247 -0.0123248 7.00458e-21)
(2.00219 -0.0126242 -9.47786e-21)
(2.00118 -0.00493877 1.83232e-20)
(2.00429 -0.015542 -2.32977e-20)
(2.00272 -0.0129011 -4.67729e-21)
(2.00169 -0.0129158 2.66894e-20)
(2.00975 -0.020972 0)
(2.00543 -0.0151648 9.30628e-21)
(2.00972 -0.0339694 9.29125e-20)
(2.02057 -0.0296922 -1.86709e-20)
(2.01036 0.00553781 -2.80896e-20)
(2.01867 0.0335269 7.63825e-20)
(2.02746 0.0357425 -2.51955e-22)
(2.04318 0.0439439 2.3984e-21)
(2.00839 0.0233365 6.87452e-23)
(2.01292 0.0216365 -3.79873e-20)
(2.01823 0.0302223 -3.81356e-20)
(2.00567 0.0146779 3.56633e-24)
(2.00672 0.0163412 1.8869e-20)
(2.01076 0.02186 9.41822e-21)
(2.00335 0.0105643 -4.75996e-21)
(2.00379 0.012007 9.41665e-21)
(2.0066 0.0146121 -9.37644e-21)
(2.00217 0.00730932 2.37779e-21)
(2.00236 0.0101845 -8.21967e-21)
(2.00421 0.0111462 2.33375e-21)
(2.0014 0.00659107 4.74608e-21)
(2.00141 0.00793964 2.33886e-21)
(2.00264 0.00842426 1.40245e-20)
(2.00085 0.00478749 -1.17338e-21)
(2.00098 0.00725677 0)
(2.0014 0.00699577 -2.32037e-21)
(2.00037 0.00424937 -5.87433e-22)
(2.00042 0.00701501 0)
(2.00102 0.00737548 1.13521e-21)
(2.00026 0.00465605 -5.51554e-22)
(2.00018 0.00622357 0)
(2.00072 0.0068852 3.45339e-21)
(2.00016 0.00452565 6.36293e-22)
(2.00008 0.00580589 -1.70773e-21)
(2.00045 0.0059733 0)
(2 0.00427888 -3.06909e-22)
(1.99994 0.00580644 -9.54317e-22)
(2.00022 0.00566155 5.45841e-22)
(2.00025 0.00415353 2.75728e-22)
(2.00023 0.00582102 -2.72287e-22)
(2.00039 0.00575957 0)
(2.00057 0.00387441 2.9131e-22)
(2.00058 0.00577342 0)
(2.0008 0.00565023 -1.15101e-21)
(2.0007 0.00348818 0)
(2.0007 0.00496551 -2.72025e-21)
(2.00087 0.00541554 5.46388e-22)
(2.00057 0.00250797 -7.46145e-26)
(2.0009 0.00408375 1.15063e-21)
(2.00085 0.00435735 -2.88204e-22)
(2.00093 0.0025581 1.1873e-21)
(2.00153 0.00224327 1.16791e-21)
(2.00147 0.00332148 -1.16535e-21)
(2.00135 0.000381783 -1.17991e-21)
(2.00207 0.00118873 5.82812e-21)
(2.00181 0.00243577 -1.16453e-21)
(2.00182 -0.000379104 4.68828e-21)
(2.0033 -0.0014509 1.15218e-20)
(2.00265 -2.39152e-05 0)
(2.0029 -0.00361299 0)
(2.00553 -0.00561699 9.20664e-21)
(2.00388 -0.0019441 -4.64545e-21)
(2.00417 -0.00109273 0)
(2.00791 -0.0199313 9.23345e-21)
(2.00507 -0.015561 4.63304e-21)
(2.00695 -0.00886907 0)
(2.01277 -0.0216327 4.60936e-20)
(2.00848 -0.0173588 -2.77649e-20)
(2.0146 -0.0212888 0)
(2.02449 -0.0273767 9.26847e-21)
(2.01409 -0.017551 -1.85303e-20)
(2.03218 -0.0425644 2.83005e-20)
(2.04496 -0.0372151 0)
(2.02902 -0.0026645 6.5676e-20)
(2.0358 0.0360836 -5.77193e-20)
(2.04146 0.0358863 1.92687e-20)
(2.06008 0.0425236 0)
(2.01836 0.0298443 5.69284e-20)
(2.02278 0.0253292 0)
(2.0306 0.0317719 -1.92234e-20)
(2.05508 -0.0439579 5.86402e-21)
(2.06274 -0.0357702 -1.87292e-20)
(2.0441 -0.00346872 1.88492e-20)
(2.04768 0.0345139 0)
(2.05292 0.0325098 -1.31711e-20)
(2.07047 0.0342501 1.19913e-21)
(2.02611 0.0303845 0)
(2.03058 0.0264742 0)
(2.03933 0.0301653 2.39564e-21)
(2.06913 -0.0372247 2.05485e-20)
(2.07651 -0.026705 2.91744e-22)
(2.05597 0.00139202 9.38486e-21)
(2.05569 0.0307004 2.41777e-21)
(2.05838 0.0294083 1.85277e-20)
(2.07333 0.0292083 5.97563e-22)
(2.03383 0.0281662 -2.38818e-21)
(2.0359 0.0250179 -5.99713e-22)
(2.04452 0.028884 9.58198e-21)
(2.07919 -0.0284946 0)
(2.08387 -0.0170826 2.18545e-22)
(2.06768 0.0105642 -5.83669e-22)
(2.06018 0.0287084 -9.55589e-21)
(2.0614 0.027708 -5.96383e-22)
(2.07347 0.0256777 -7.19968e-23)
(2.03787 0.0259346 5.96311e-21)
(2.03887 0.0236692 3.74089e-23)
(2.04802 0.0258018 -8.96127e-21)
(2.08681 -0.0251604 0)
(2.08884 -0.0119704 0)
(2.07513 0.0161774 -4.61901e-21)
(2.06235 0.0281469 4.75935e-21)
(2.06285 0.0269076 -9.51373e-21)
(2.07364 0.0216316 0)
(2.03904 0.0242348 -2.38013e-21)
(2.03944 0.022717 2.97882e-22)
(2.04898 0.0234658 4.45637e-21)
(2.09271 -0.0167483 -2.88604e-22)
(2.09758 -0.00937187 0)
(2.08249 0.0197302 -2.30102e-21)
(2.06352 0.0257429 4.44575e-21)
(2.06491 0.0244574 7.38882e-23)
(2.07375 0.0182398 -1.20661e-21)
(2.04012 0.0229297 -4.16075e-21)
(2.04056 0.0212335 4.76667e-21)
(2.051 0.0210578 4.74947e-21)
(2.09961 -0.0107241 3.58689e-22)
(2.10205 -0.00222773 0)
(2.09134 0.0306976 -6.38855e-24)
(2.06599 0.0234861 2.80874e-21)
(2.06632 0.0217517 -2.36482e-21)
(2.07305 0.0149302 2.31892e-21)
(2.041 0.020959 0)
(2.04199 0.0180793 -5.93213e-22)
(2.05166 0.0182748 0)
(2.10732 -0.0058115 -1.42031e-22)
(2.11166 0.0022362 0)
(2.10173 0.0496293 0)
(2.06677 0.0202726 -1.47599e-22)
(2.06765 0.0170122 0)
(2.0719 0.0109945 -1.1746e-21)
(2.04253 0.0164634 -2.25528e-21)
(2.04245 0.0156221 -5.08682e-22)
(2.0526 0.0133667 2.21751e-21)
(2.1211 0.00217206 1.41406e-22)
(2.12567 0.00492891 0)
(2.11515 0.0319664 -1.4134e-21)
(2.06769 0.0161076 0)
(2.06728 0.0151079 1.11639e-21)
(2.07105 0.0078679 -5.62214e-22)
(2.04156 0.0150882 1.42456e-21)
(2.04111 0.0112117 -7.37066e-23)
(2.0518 0.0100833 7.01992e-23)
(2.13019 0.00842594 -1.39484e-22)
(2.14152 0.0134861 0)
(2.12832 0.0396133 1.39296e-21)
(2.06728 0.0110867 -1.39159e-21)
(2.0673 0.0097087 3.49872e-23)
(2.06949 0.00245761 0)
(2.0411 0.0105672 -1.13363e-21)
(2.04085 0.00659764 -1.13015e-21)
(2.05163 0.00445699 1.03515e-21)
(2.14483 0.014543 6.93602e-23)
(2.14844 0.0175549 -6.06935e-22)
(2.1424 0.0651307 8.94481e-22)
(2.06718 0.00648016 3.48073e-23)
(2.06719 0.00276778 -3.49912e-23)
(2.06844 -0.00175986 -3.62708e-23)
(2.04059 0.0040691 2.4635e-21)
(2.03994 0.00243051 1.15529e-21)
(2.05185 -0.000822719 6.93785e-23)
(2.16179 0.0172963 4.72004e-22)
(2.17729 0.0248088 -5.4598e-22)
(2.1617 0.0571824 5.41077e-22)
(2.06702 -0.000890628 6.651e-23)
(2.06713 -0.00566131 -5.40068e-22)
(2.06882 -0.00934376 3.38756e-25)
(2.039 -0.00190219 -1.16908e-21)
(2.03863 -0.00739964 6.93296e-23)
(2.051 -0.00975978 4.82281e-22)
(2.17739 0.023945 0)
(2.18204 0.0282647 0)
(2.17628 0.118299 1.91004e-24)
(2.06757 0.000343015 -5.55464e-22)
(2.06841 -0.0295639 -1.68379e-21)
(2.06944 -0.018915 0)
(2.03933 -0.00836164 -2.19765e-21)
(2.04105 -0.0169288 2.29064e-21)
(2.05291 -0.0213099 -8.97714e-24)
(2.20363 0.0190159 -2.59403e-22)
(2.22243 0.0445936 2.67183e-22)
(2.20168 0.138578 -2.69045e-22)
(2.0714 0.0152023 -4.50797e-21)
(2.07459 -0.0524061 2.55307e-21)
(2.07479 -0.0275998 -1.38787e-22)
(2.04433 -0.0193495 0)
(2.04477 -0.0286479 0)
(2.05861 -0.0371717 -3.35762e-21)
(2.22843 0.0276077 -1.31507e-21)
(2.2364 0.0488339 -1.02446e-21)
(2.22907 0.177152 0)
(2.082 0.0056628 -2.82455e-22)
(2.08609 -0.049234 -2.21397e-21)
(2.08831 -0.0324808 2.36365e-21)
(2.0464 -0.0286613 4.37545e-21)
(2.0511 -0.0596036 3.88815e-21)
(2.06938 -0.054256 0)
(2.26108 0.0250858 1.39546e-21)
(2.29003 0.0630522 -1.14094e-21)
(2.26371 0.188036 -2.51269e-22)
(2.09682 -0.00480578 0)
(2.1026 -0.0836331 0)
(2.10629 -0.0433289 0)
(2.06073 -0.0116299 -4.19265e-21)
(2.06372 -0.095063 8.11851e-22)
(2.08553 -0.0566643 0)
(2.30119 0.0269784 -9.93037e-22)
(2.30937 0.0895862 -2.90509e-21)
(2.30826 0.21605 1.9295e-21)
(2.11339 0.00822993 1.31586e-22)
(2.13178 -0.120461 -9.19427e-23)
(2.13163 -0.0885166 4.18052e-21)
(2.0812 -0.0317867 -8.04964e-22)
(2.0929 -0.146193 -8.38139e-21)
(2.11498 -0.0967557 -4.14086e-21)
(2.33164 0.0225023 2.95554e-21)
(2.37543 0.121735 6.9454e-22)
(2.35747 0.305803 -4.00242e-21)
(2.43706 0.0263678 -7.26532e-22)
(2.46997 0.109262 -1.77964e-21)
(2.43167 0.218317 8.57489e-23)
(2.48132 0.0321798 1.59339e-21)
(2.4935 0.149939 3.15316e-21)
(2.48643 0.299208 -3.2715e-21)
(2.54947 0.0443793 -1.50043e-21)
(2.62288 0.161246 6.58595e-22)
(2.6033 0.322152 0)
(2.66088 0.02475 8.27579e-23)
(2.67249 0.17478 6.76452e-23)
(2.67617 0.292804 2.71206e-22)
(2.7201 0.0880304 1.89874e-22)
(2.80355 0.214388 0)
(2.78318 0.391924 -5.2185e-22)
(2.0017 -0.0530669 9.80824e-24)
(1.69587 -0.031116 -2.77244e-21)
(1.92217 -0.0514281 -4.34778e-23)
(1.24707 -0.0254665 -7.01708e-22)
(1.757 -0.048857 2.26076e-23)
(0.84946 -0.018664 2.22384e-23)
(1.57162 -0.0310255 -1.39689e-24)
(0.619506 -0.00357053 6.96108e-24)
(1.40279 -0.0183741 -5.45368e-27)
(0.511288 0.00105006 0)
(1.25892 -0.0132407 1.08458e-26)
(0.451584 0.00147163 0)
(1.14174 -0.0096206 -3.46145e-25)
(0.411478 0.00158008 0)
(1.04894 -0.00650323 -5.36801e-27)
(0.38107 0.00111485 -5.33722e-27)
(0.979098 -0.00482476 0)
(0.360753 0.000552587 0)
(0.932236 -0.00222521 0)
(0.346957 0.000486244 0)
(0.908037 0.000444843 0)
(0.342442 -0.000419878 0)
(0.916523 0.00366758 0)
(0.345731 -0.00197082 0)
(0.955781 0.00579525 0)
(0.357892 -0.00324083 0)
(1.02454 0.00843813 0)
(0.386311 -0.000206951 0)
(1.08041 0.00547424 0)
(0.423907 -0.00295678 0)
(1.15515 0.00921237 0)
(0.461791 -0.000304892 0)
(1.2259 0.0062558 0)
(0.510644 -0.00202609 0)
(1.30129 0.00899277 0)
(0.554141 -0.000873001 0)
(1.39095 0.00663321 0)
(0.613718 -0.00285835 0)
(1.48796 0.0100782 0)
(0.671628 -0.00221556 0)
(1.60326 0.0128283 0)
(0.744663 -0.00120857 0)
(1.72875 0.0102766 0)
(0.832865 -0.00181125 0)
(1.85241 0.0130221 0)
(0.912037 -0.000390946 0)
(2.004 0.0162918 0)
(1.02335 0.000843029 0)
(2.00551 -0.0437882 0)
(1.88763 -0.0215634 5.97405e-21)
(1.97944 -0.0519885 -1.34384e-21)
(1.47961 -0.0282553 -2.92951e-25)
(1.85528 -0.0504909 7.38914e-22)
(1.04323 -0.0230052 -7.12058e-22)
(1.67193 -0.0393979 0)
(0.71308 -0.0100953 -2.79684e-23)
(1.49091 -0.0233365 1.40487e-24)
(0.559715 -7.56855e-05 -1.38827e-24)
(1.33627 -0.0146726 0)
(0.481376 0.00177994 0)
(1.20619 -0.010676 -1.08494e-26)
(0.432995 0.00182905 0)
(1.09785 -0.00842182 0)
(0.397896 0.000996747 5.337e-27)
(1.01628 -0.00517383 5.36881e-27)
(0.372628 0.000808621 0)
(0.958611 -0.0033327 0)
(0.354708 0.000313343 0)
(0.921569 -0.00157242 0)
(0.345124 0.000521024 0)
(0.910412 0.00182592 0)
(0.344287 -0.000325514 0)
(0.942236 0.00568094 0)
(0.354187 -0.000764231 0)
(1.00691 0.00913662 0)
(0.374619 -0.000610964 0)
(1.07227 0.0101397 0)
(0.417004 0.00128644 0)
(1.13603 0.0109245 0)
(0.448271 0.000940494 0)
(1.21491 0.0125446 0)
(0.500491 0.00235535 0)
(1.28232 0.0114864 0)
(0.541353 0.00231108 0)
(1.37802 0.0169558 0)
(0.601072 0.00347373 0)
(1.46472 0.0158811 0)
(0.655737 0.00355639 0)
(1.57428 0.0192651 0)
(0.723977 0.00352825 0)
(1.70052 0.0238688 0)
(0.810525 0.00452973 0)
(1.81875 0.0200687 0)
(0.891253 0.00393102 0)
(1.95737 0.0284803 0)
(0.987572 0.00531864 0)
(2.11385 0.023014 0)
(1.10015 0.00391941 0)
(2.00043 0.0530121 5.73941e-21)
(1.69518 0.0305639 2.84416e-21)
(1.92613 0.0516271 -1.34603e-21)
(1.24778 0.0257383 7.61738e-22)
(1.75516 0.0490307 -2.29226e-23)
(0.841992 0.0187724 3.66133e-22)
(1.55918 0.032072 8.40456e-27)
(0.607482 0.00351829 4.0753e-21)
(1.37825 0.0200701 0)
(0.492788 -0.00070451 -1.21546e-24)
(1.21621 0.0146044 -3.46255e-25)
(0.423295 -0.00167308 -1.12742e-24)
(1.07769 0.0115032 -7.13599e-25)
(0.374636 -0.00139466 5.30879e-25)
(0.959943 0.00899699 -3.88979e-26)
(0.334517 -0.000730375 -7.61603e-25)
(0.865821 0.00650979 0)
(0.301657 -0.00010331 1.92344e-25)
(0.794369 0.00437303 0)
(0.27574 0.000236647 5.01616e-30)
(0.746702 0.0022463 0)
(0.257346 0.000172224 -2.49777e-30)
(0.72089 0.000222709 0)
(0.248187 0.000387703 1.4918e-30)
(0.717695 -0.00317482 0)
(0.247818 0.00191256 0)
(0.751009 -0.00677687 0)
(0.255713 0.00293455 0)
(0.812491 -0.00817462 0)
(0.278827 0.000751847 0)
(0.870706 -0.0065452 0)
(0.313761 -0.000138493 -2.8568e-46)
(0.925339 -0.00628928 0)
(0.353373 -0.00048496 -9.52392e-30)
(0.981526 -0.00768857 0)
(0.391395 -0.000834908 2.13359e-29)
(1.04747 -0.00795544 0)
(0.430473 0.000263756 8.02282e-30)
(2.00452 0.0440661 -1.70278e-34)
(1.88641 0.0220777 -6.28489e-21)
(1.97786 0.0520348 -1.72822e-22)
(1.47675 0.0282278 1.79123e-22)
(1.84535 0.0522301 -7.32112e-22)
(1.03609 0.0235287 3.18415e-22)
(1.65791 0.0410404 2.07102e-22)
(0.700392 0.010305 3.87887e-21)
(1.46805 0.0242439 -6.99644e-28)
(0.542183 0.000347758 0)
(1.2947 0.0172062 0)
(0.454597 -0.00130403 -2.42836e-24)
(1.14427 0.0128395 -1.11679e-26)
(0.397612 -0.00159663 -1.10759e-26)
(1.01571 0.0103504 1.72578e-25)
(0.353605 -0.00106796 -8.8334e-26)
(0.909668 0.00781965 0)
(0.31702 -0.000420035 -5.55673e-25)
(0.827493 0.00549941 0)
(0.287803 9.62875e-05 -2.37911e-26)
(0.768042 0.00333599 0)
(0.265618 0.000280225 5.00562e-31)
(0.731122 0.00111494 0)
(0.251836 0.000466686 4.98416e-31)
(0.713177 -0.00181435 0)
(0.24664 0.00156105 0)
(0.729803 -0.00472665 0)
(0.250677 0.00232354 0)
(0.793127 -0.00822668 0)
(0.268189 0.00195004 0)
(0.856636 -0.00970493 0)
(0.302236 0.000239688 4.86644e-30)
(0.914356 -0.009862 0)
(0.340705 -0.00129537 -1.44047e-29)
(0.96072 -0.00769778 0)
(0.378478 -0.00124785 6.58321e-30)
(1.0236 -0.00898761 0)
(0.417867 -0.00093359 2.28428e-29)
(1.12267 -0.0162619 0)
(0.468997 -0.00267209 0)
(1.60325 0.548038 0)
(-0.195467 0.996171 1.16603e-20)
(-0.666619 1.01912 -1.14144e-20)
(-0.766126 1.16909 -4.2466e-21)
(-0.697943 1.14956 0)
(-0.0783851 1.17206 0)
(0.594003 0.857017 0)
(0.964445 0.596337 0)
(1.30045 0.321818 1.73895e-20)
(2.09237 -0.291519 0)
(3.46509 -0.730977 5.14832e-21)
(3.78075 -0.755662 1.72172e-20)
(3.72597 -0.628731 0)
(3.61693 -0.600295 -7.05157e-21)
(3.58366 -0.431303 0)
(3.54321 -0.393352 5.70628e-21)
(3.52724 -0.277407 -5.04963e-21)
(3.53206 -0.169725 -2.8517e-21)
(2.35551 -0.105184 1.08997e-22)
(-0.325118 0.939157 -1.26341e-20)
(-0.818565 0.928616 1.35331e-20)
(-0.803229 0.989636 -5.75613e-21)
(-0.558216 0.937528 9.97967e-21)
(0.158012 0.724 4.36448e-22)
(0.798786 0.41155 -7.41513e-21)
(1.25083 0.191488 -6.4688e-21)
(1.71343 -0.0980107 7.33851e-21)
(2.73882 -0.78802 0)
(3.53419 -1.06404 4.7732e-21)
(3.71075 -0.902773 7.91066e-21)
(3.62144 -0.728133 -2.76597e-20)
(3.49905 -0.685711 1.35272e-20)
(3.48388 -0.504512 -4.76283e-21)
(3.45853 -0.42226 5.45186e-21)
(3.42797 -0.300807 1.12776e-21)
(3.43166 -0.166897 -9.61904e-22)
(2.10837 -0.0724145 -6.97739e-22)
(3.47528 -0.859339 -8.43706e-22)
(3.41001 -0.689383 7.95506e-21)
(3.36402 -0.526476 -5.97971e-21)
(3.3315 -0.446853 -1.03992e-21)
(3.32213 -0.29329 -1.66088e-21)
(3.30854 -0.166386 -8.18693e-22)
(1.86456 -0.0431519 -6.86761e-23)
(2.24667 -0.0959293 9.79486e-23)
(1.99581 -0.058934 -6.39121e-22)
(3.34481 -0.178849 2.8756e-21)
(3.26432 -0.138388 -3.27864e-22)
(3.4606 -0.290601 -2.07524e-21)
(3.18993 -0.163076 3.19427e-21)
(3.09429 -0.133279 8.84293e-22)
(3.34217 -0.290799 -1.51578e-21)
(3.01316 -0.156714 0)
(-0.40995 0.733464 -1.07942e-21)
(-0.888764 0.596355 -4.91884e-21)
(-0.797803 0.572426 -1.02115e-21)
(-0.384689 0.502174 0)
(0.464225 0.0721127 4.70557e-22)
(1.01402 0.00155495 7.49736e-21)
(1.5336 -0.321912 -2.1815e-20)
(2.28333 -0.700972 4.01148e-20)
(3.11934 -1.22416 -2.57431e-20)
(3.48443 -1.16667 -2.6399e-20)
(3.57411 -1.01982 1.56783e-20)
(-0.432277 0.00368929 0)
(-0.445869 -0.0119342 0)
(-0.467314 0.0161952 0)
(-0.473122 -0.0158697 0)
(-0.399099 0.0212048 0)
(-0.44399 -0.0056123 0)
(-0.459322 0.0120663 0)
(-0.465134 -0.0147717 0)
(-0.436146 0.0202175 0)
(-0.469446 -0.0118669 0)
(2.74935 0.0228806 3.86446e-22)
(2.82843 0.100512 2.85352e-22)
(2.69153 0.181609 0)
(2.65274 0.288273 0)
(2.49843 0.261343 8.90992e-22)
(0.760333 0.5187 8.38315e-22)
(2.04132 0.012096 0)
(2.8429 0.0630809 -5.41939e-22)
(2.77377 0.0722195 0)
(2.88028 0.0910446 0)
(2.95865 0.178965 3.40928e-21)
(2.86163 0.291899 6.74219e-22)
(2.80966 0.27068 5.71258e-21)
(2.68183 0.51292 -5.69735e-21)
(2.80845 0.0680615 1.83271e-22)
(2.88577 0.140633 3.91206e-22)
(2.79938 0.266676 0)
(2.70413 0.255518 -2.22149e-21)
(2.57472 0.376093 2.22588e-21)
(1.18985 0.555793 2.99705e-21)
(2.22052 0.0675997 1.14342e-22)
(2.15556 0.0621009 -1.14007e-22)
(2.10524 0.0530335 7.09688e-22)
(2.06319 0.038298 -7.14992e-23)
(2.96497 0.138286 -3.82164e-21)
(2.92859 0.123452 1.49981e-21)
(2.83847 0.0831639 -1.10111e-21)
(2.93816 0.148726 -9.268e-22)
(2.89495 0.223452 -2.68179e-21)
(2.92193 0.160451 0)
(2.8994 0.0971024 -7.74579e-22)
(2.87128 0.0843084 -8.66019e-22)
(2.78222 0.046369 7.39944e-22)
(2.85748 0.112064 0)
(2.81233 0.161307 0)
(2.85165 0.119243 -3.90633e-22)
(-0.238784 -0.0140285 0)
(-0.467924 0.0111279 0)
(-0.448507 0.00150926 0)
(-0.214853 0.0062283 0)
(-0.379053 0.00348406 0)
(-0.305249 -0.00139726 0)
(-0.435031 0.00927917 0)
(-0.271013 0.00413489 0)
(-0.405926 0.00581603 0)
(-0.317085 -0.00830647 0)
(-0.461391 0.0143854 0)
)
;

boundaryField
{
    inlet
    {
        type            fixedValue;
        value           uniform (2 0 0);
    }
    outlet
    {
        type            zeroGradient;
    }
    wall
    {
        type            noSlip;
    }
    empty_zmin
    {
        type            empty;
    }
    empty_zmax
    {
        type            empty;
    }
    procBoundary0to1
    {
        type            processor;
        value           nonuniform List<vector> 
35
(
(3.30179 -0.855088 1.15056e-20)
(3.23957 -0.801912 -2.61193e-21)
(3.25844 -0.507738 -4.70617e-22)
(3.21664 -0.463511 -1.95599e-22)
(3.2116 -0.288948 -2.2791e-21)
(3.21682 -0.298216 0)
(3.2116 -0.288948 -2.2791e-21)
(1.74541 -0.0402772 -6.76741e-24)
(2.91419 -0.134909 0)
(-0.333177 0.443842 5.0924e-21)
(-0.794555 0.186485 -5.00341e-21)
(-0.601758 0.0574889 -1.11292e-20)
(0.00378787 -0.410294 1.00072e-20)
(0.635976 -0.56488 -1.87837e-21)
(1.31609 -0.65937 2.35867e-21)
(1.997 -1.06561 0)
(2.70388 -1.39187 0)
(3.10494 -1.51238 0)
(3.35936 -1.28768 0)
(3.40182 -1.16204 6.12039e-21)
(-0.370459 0.020467 0)
(-0.413719 -0.00388813 0)
(2.724 0.00457158 1.57256e-23)
(2.80123 0.0814308 0)
(2.60926 0.0409615 -1.69966e-21)
(2.74001 0.128049 -2.05255e-22)
(2.61311 0.09647 1.97658e-21)
(2.39456 0.183453 8.86662e-22)
(0.472986 0.413007 0)
(2.01359 -0.00518715 0)
(2.81342 0.0336797 4.98385e-23)
(2.74001 0.128049 -2.05255e-22)
(-0.204377 -0.0167884 0)
(-0.405927 -0.00109625 0)
(-0.204377 -0.0167884 0)
)
;
    }
}


// ************************************************************************* //
