/*--------------------------------*- C++ -*----------------------------------*\
| =========                 |                                                 |
| \\      /  F ield         | OpenFOAM: The Open Source CFD Toolbox           |
|  \\    /   O peration     | Version:  2406                                  |
|   \\  /    A nd           | Website:  www.openfoam.com                      |
|    \\/     M anipulation  |                                                 |
\*---------------------------------------------------------------------------*/
FoamFile
{
    version     2.0;
    format      ascii;
    arch        "LSB;label=32;scalar=64";
    class       surfaceScalarField;
    location    "3.74";
    object      phi;
}
// * * * * * * * * * * * * * * * * * * * * * * * * * * * * * * * * * * * * * //

dimensions      [0 3 -1 0 0 0 0];

oriented        oriented;

internalField   nonuniform List<scalar> 
4489
(
7.85678e-06
9.82436e-05
-9.58364e-06
9.5694e-05
6.96186e-06
6.15163e-06
-6.60246e-06
9.86945e-05
5.61419e-06
9.62314e-05
9.50643e-05
-9.53909e-05
-9.91345e-07
1.31793e-06
-1.74918e-06
2.37136e-06
9.44422e-05
5.57445e-06
9.50156e-05
4.06053e-06
9.44746e-05
3.08314e-06
9.2673e-05
2.19391e-06
9.26635e-05
1.35191e-06
9.26702e-05
2.8302e-07
2.98595e-07
9.28466e-05
1.21676e-07
4.63834e-05
3.42245e-05
-3.60615e-08
-3.25728e-08
6.38696e-09
3.42654e-05
-4.72833e-08
4.5458e-05
-1.57672e-07
4.56221e-05
4.65243e-05
3.33971e-06
9.72901e-05
3.01893e-06
9.47954e-05
2.17775e-06
9.35141e-05
1.43516e-06
9.34061e-05
9.47527e-07
9.31578e-05
1.98237e-07
9.33203e-05
2.75638e-07
7.83149e-08
4.66442e-05
3.43116e-05
-3.01842e-09
-4.31914e-08
1.27531e-06
9.39446e-05
-1.70574e-06
9.73177e-07
9.37082e-05
5.17453e-07
9.36136e-05
9.8813e-08
9.37174e-05
2.14982e-08
-4.68187e-05
9.83799e-09
4.69077e-05
-3.43172e-05
3.43277e-05
6.28261e-08
-7.33471e-08
8.57961e-07
9.42739e-05
-1.18731e-06
5.55289e-07
9.40109e-05
2.45633e-07
9.39232e-05
-3.15031e-08
9.40877e-05
-9.31302e-08
-4.69851e-05
-1.15549e-07
4.70692e-05
-3.42854e-05
3.42331e-05
1.47204e-07
-9.48668e-08
-8.90593e-08
9.49361e-05
-5.73078e-07
-3.30138e-07
9.42519e-05
-4.22554e-07
9.40156e-05
-1.68592e-07
9.41071e-05
-2.73333e-07
-4.71394e-05
-2.22062e-07
4.71929e-05
-3.41456e-05
3.40225e-05
2.39814e-07
-1.16749e-07
-1.51728e-08
9.53537e-05
-4.02491e-07
-2.91637e-07
9.45284e-05
-4.59927e-07
9.41839e-05
-2.43068e-07
9.43156e-05
-4.25412e-07
-4.72123e-05
-2.82606e-07
4.72518e-05
-3.3882e-05
3.37165e-05
2.93008e-07
-1.27555e-07
-3.19657e-07
2.82456e-07
-4.66754e-07
9.46755e-05
-5.98204e-07
9.43154e-05
-2.18788e-07
9.43929e-05
-4.56652e-07
-4.72424e-05
-2.63906e-07
4.72875e-05
-3.35253e-05
3.33406e-05
2.95806e-07
-1.11124e-07
-8.68528e-07
9.45527e-05
-8.41806e-07
9.42887e-05
-2.94884e-07
9.43918e-05
-5.45841e-07
-4.72585e-05
-3.18288e-07
4.72819e-05
-3.31434e-05
3.29274e-05
3.28002e-07
-1.11972e-07
-1.30201e-06
9.41055e-05
-1.0667e-06
9.40534e-05
-2.87976e-07
9.42137e-05
-6.00674e-07
-4.7226e-05
-3.01078e-07
4.72391e-05
-3.27015e-05
3.24787e-05
3.20059e-07
-9.72711e-08
-3.60337e-07
9.39811e-05
-6.28881e-07
1.22186e-06
-4.71522e-05
-3.47632e-07
4.71395e-05
-3.22458e-05
3.20054e-05
3.273e-07
-8.69119e-08
-3.85069e-07
9.36704e-05
-6.31901e-07
1.32767e-06
-4.70354e-05
-3.54389e-07
4.70047e-05
-3.17625e-05
3.15196e-05
3.12869e-07
-6.9984e-08
-3.92863e-07
-6.00667e-07
1.34554e-06
9.33184e-05
-4.68808e-05
-3.4794e-07
4.68359e-05
-3.12798e-05
3.10447e-05
2.88433e-07
-5.3396e-08
5.92682e-08
-6.49134e-08
1.35138e-07
-9.28385e-08
1.89371e-07
-1.01837e-07
2.70137e-07
-1.29599e-07
3.16762e-07
-1.25545e-07
3.07246e-07
-1.10053e-07
3.33009e-07
-1.07079e-07
3.26746e-07
-9.38171e-08
3.20997e-07
-7.81583e-08
3.02942e-07
-6.30758e-08
2.77764e-07
-4.72727e-08
3.08142e-05
4.56974e-05
-1.01131e-07
4.58578e-05
4.59304e-05
5.59277e-08
4.60097e-05
4.60413e-05
1.63369e-07
4.60673e-05
4.60851e-05
2.92712e-07
4.60625e-05
4.60729e-05
4.16023e-07
4.59736e-05
4.60055e-05
4.27655e-07
4.58851e-05
4.58948e-05
4.89914e-07
4.57379e-05
4.57569e-05
5.13743e-07
4.55699e-05
4.55496e-05
5.24775e-07
4.53458e-05
4.53043e-05
5.07999e-07
4.50992e-05
4.50397e-05
4.74006e-07
4.48435e-05
4.67092e-05
-1.50475e-08
3.43001e-06
1.32307e-06
-2.07071e-08
3.40343e-06
1.30236e-06
-1.8677e-08
3.37892e-06
1.28368e-06
-2.80979e-08
-3.34e-06
3.29475e-06
-1.25768e-06
1.22959e-06
-3.62411e-08
-3.23815e-06
3.17952e-06
-1.19335e-06
1.15711e-06
-4.244e-08
-3.11405e-06
3.03974e-06
-1.12075e-06
1.07831e-06
-4.64987e-08
-2.95737e-06
2.87631e-06
-1.03108e-06
9.8458e-07
-3.81208e-08
-2.79641e-06
2.7234e-06
-9.38939e-07
9.00818e-07
-3.82591e-08
-2.64994e-06
2.57623e-06
-8.64232e-07
8.25973e-07
-3.19865e-08
-2.50533e-06
2.44005e-06
-7.89787e-07
7.578e-07
-2.83894e-08
-2.37701e-06
2.31849e-06
-7.27018e-07
6.98628e-07
-2.19496e-08
-2.26513e-06
2.21709e-06
-6.73835e-07
6.51885e-07
-1.58158e-08
-2.17351e-06
2.13593e-06
-6.32393e-07
6.16577e-07
-2.59979e-08
-3.62328e-08
-3.63635e-08
-4.72306e-08
-4.56406e-08
-3.65865e-08
-3.61861e-08
-3.07822e-08
-2.47937e-08
-1.94917e-08
-1.3724e-08
2.10238e-06
6.02853e-07
-8.43122e-07
9.6424e-05
-9.51427e-05
-4.38173e-07
-5.69963e-06
9.47764e-05
-8.99199e-05
-1.30206e-05
8.43896e-05
-7.70686e-05
-1.73875e-05
7.61162e-05
-7.17493e-05
7.31848e-05
-7.14347e-05
-1.91377e-05
1.85581e-06
9.45354e-05
-9.4961e-05
-1.43016e-06
2.43606e-06
9.58438e-05
1.13215e-06
9.60803e-05
-4.33077e-06
8.98525e-05
-9.77656e-06
8.15619e-05
-1.18395e-05
7.52478e-05
-1.24646e-05
7.50083e-05
-7.43833e-05
-1.1696e-05
7.33293e-05
-7.40978e-05
-8.40704e-06
7.05004e-05
-7.37894e-05
-4.53272e-06
7.11052e-05
-7.49795e-05
-1.45836e-06
7.43766e-05
-7.7451e-05
1.76954e-07
7.9487e-05
-8.11223e-05
5.45462e-07
8.20664e-05
-8.24349e-05
4.05375e-07
8.48121e-05
-8.4672e-05
2.43677e-07
8.63117e-05
-8.615e-05
1.2179e-07
8.74434e-05
-8.73216e-05
8.8436e-05
1.8323e-08
-8.83326e-05
2.72274e-06
-1.99898e-06
9.38116e-05
3.93912e-06
9.46274e-05
4.89522e-06
9.51242e-05
3.14659e-06
9.16011e-05
-1.60576e-06
8.63143e-05
-5.55623e-06
7.91983e-05
-6.04723e-06
7.54993e-05
-5.00091e-06
7.2283e-05
-3.14427e-06
6.86438e-05
-7.00361e-07
6.86613e-05
1.78394e-06
7.18923e-05
2.32957e-06
7.89413e-05
1.719e-06
8.2677e-05
1.40522e-06
8.51259e-05
1.08482e-06
8.66321e-05
7.37497e-07
8.77908e-05
4.06595e-07
8.87669e-05
1.06926e-07
-1.64662e-07
4.10236e-05
-4.09658e-05
1.79546e-07
-1.86177e-07
4.38958e-05
-4.38892e-05
8.67449e-05
2.051e-07
2.05488e-07
-8.66641e-05
-4.91365e-07
2.3896e-08
-4.11245e-05
-1.49274e-07
4.12499e-05
-4.3933e-05
2.33808e-07
-3.11673e-07
4.40109e-05
8.72513e-05
4.13398e-07
4.90023e-07
-1.4098e-06
-9.43678e-08
-4.13851e-05
-6.23789e-08
4.15419e-05
-4.41618e-05
2.82562e-07
-5.15524e-07
4.43947e-05
-3.16676e-06
8.86925e-05
8.20216e-07
9.05275e-07
-4.85307e-06
8.70936e-05
-8.54073e-05
-6.05511e-06
8.43442e-05
-8.31422e-05
-6.88462e-06
7.94379e-05
-7.86084e-05
7.19093e-05
-7.31756e-05
-5.6184e-06
-3.16427e-07
-4.17143e-05
1.41628e-07
4.18891e-05
-4.47165e-05
2.06487e-07
-6.08625e-07
4.51186e-05
-4.67508e-06
9.11469e-05
1.12414e-06
1.09655e-06
-7.65737e-06
9.00759e-05
-1.06928e-05
8.73796e-05
-1.18292e-05
8.05744e-05
-1.06769e-05
7.0757e-05
6.60286e-05
-6.53264e-05
-1.13791e-05
-4.83508e-07
-4.20433e-05
3.64704e-07
4.21621e-05
-4.55406e-05
5.80774e-08
-5.00674e-07
4.59832e-05
-4.01452e-06
9.32481e-05
9.95029e-07
9.18293e-07
-6.95644e-06
9.30178e-05
-1.10951e-05
9.15183e-05
-1.43391e-05
8.38184e-05
-1.56327e-05
7.20506e-05
6.86608e-05
-1.82649e-05
-4.66474e-07
-4.22304e-05
4.48654e-07
4.22483e-05
-4.64383e-05
-1.84845e-07
-2.20038e-07
4.68432e-05
-1.45618e-06
9.39998e-05
4.94801e-07
2.09672e-07
-3.16931e-06
9.47309e-05
-6.79376e-06
-1.28953e-05
-1.79133e-05
-2.10017e-05
-3.26719e-07
-4.22096e-05
4.50579e-07
4.20857e-05
-4.7122e-05
-4.20098e-07
3.14736e-07
4.72273e-05
6.68259e-07
-2.50294e-07
-4.67525e-07
9.40494e-05
2.64863e-05
4.68323e-08
-2.64262e-05
2.65074e-05
-5.75288e-08
3.64209e-08
2.65007e-05
3.05462e-08
2.64574e-05
1.65634e-08
2.67325e-08
2.63434e-05
1.96977e-08
2.61359e-05
2.03887e-07
3.6358e-09
2.58343e-05
-1.49138e-08
2.54509e-05
4.18247e-07
-3.4797e-08
2.50193e-05
-5.1914e-08
2.45826e-05
4.98602e-07
-6.18728e-08
2.41801e-05
-6.3978e-08
2.38283e-05
4.1343e-07
-6.16557e-08
2.35523e-05
-5.06803e-08
2.15003e-07
-3.15505e-08
2.33688e-05
4.36635e-05
-4.36486e-05
1.58451e-07
-1.94073e-07
4.36991e-05
4.37852e-05
-4.37662e-05
2.31275e-07
4.37594e-05
4.37836e-05
1.18721e-07
-2.71363e-07
4.39363e-05
4.38611e-05
4.2228e-07
4.39288e-05
4.41565e-05
-3.14605e-08
-2.55182e-07
4.44431e-05
4.42335e-05
5.76957e-07
4.45618e-05
4.47912e-05
-2.64074e-07
-1.4091e-07
4.51962e-05
4.50774e-05
5.62838e-07
4.56111e-05
4.5619e-05
-4.30249e-07
5.13951e-08
4.59978e-05
4.61054e-05
4.03701e-07
4.662e-05
4.62616e-05
-4.52087e-07
3.23531e-07
4.63902e-05
4.68948e-05
-4.47128e-08
4.71492e-05
4.64207e-05
-4.34079e-07
4.5924e-07
4.63955e-05
4.18667e-05
4.72136e-05
-4.70312e-07
4.72164e-05
4.72163e-05
2.12557e-08
1.96961e-06
-1.94403e-06
6.30035e-07
-6.08779e-07
1.63009e-08
-1.98839e-06
2.00263e-06
-6.47677e-07
6.63978e-07
1.48305e-08
-2.013e-06
2.01787e-06
-6.80345e-07
6.95176e-07
1.90449e-09
-2.01265e-06
1.99583e-06
-7.0403e-07
7.05935e-07
-1.58654e-08
-1.96796e-06
1.93192e-06
-6.99002e-07
6.83137e-07
-2.49117e-08
-1.89199e-06
1.85292e-06
-6.61189e-07
6.36277e-07
-2.34815e-08
-1.81747e-06
1.79027e-06
-6.10079e-07
5.86598e-07
1.76423e-08
1.63673e-08
8.85435e-09
-6.93286e-09
-2.19477e-08
-2.61979e-08
-1.64785e-08
1.7752e-06
5.70119e-07
-1.08441e-07
3.78672e-07
4.15964e-05
-4.62272e-07
5.01182e-07
4.71773e-05
9.38108e-05
-5.24107e-07
-6.67464e-07
-6.99752e-08
8.92751e-05
-8.91868e-05
-7.11533e-08
8.98935e-05
-9.1168e-08
-8.98012e-05
-9.67596e-08
4.45576e-05
-4.4532e-05
2.53931e-05
9.14511e-08
1.40365e-09
-2.5486e-05
4.90804e-08
-4.13237e-05
2.14212e-07
4.10604e-05
-4.70587e-05
-4.39023e-07
5.79432e-07
4.69183e-05
9.33623e-05
-7.16967e-07
-8.33467e-07
1.29244e-07
8.95524e-05
-5.82503e-08
9.01643e-05
-8.32782e-08
-4.45704e-05
-1.20952e-07
4.46331e-05
-2.52869e-05
2.5162e-05
1.29328e-07
-4.38949e-09
1.53571e-07
-4.07845e-05
1.35142e-07
4.04958e-05
-4.67076e-05
-4.21155e-07
6.5606e-07
4.64726e-05
2.56899e-06
9.2624e-05
-8.67303e-07
-9.63455e-07
3.69767e-06
9.26829e-05
5.49384e-06
9.28312e-05
7.36389e-06
9.32542e-05
7.90873e-06
9.10563e-05
6.61333e-06
8.76097e-05
2.74135e-06
8.30702e-05
1.09152e-06
7.71492e-05
2.26331e-06
7.11112e-05
3.20786e-06
6.76993e-05
4.16033e-06
6.77088e-05
5.26519e-06
7.07875e-05
5.22239e-06
7.89841e-05
4.40533e-06
8.34941e-05
3.53279e-06
8.59984e-05
2.49226e-06
8.76727e-05
1.60197e-06
8.86811e-05
8.95226e-07
8.94737e-05
3.41097e-07
9.01065e-05
-6.2638e-08
9.06568e-05
-8.87552e-08
-4.46883e-05
-1.68026e-07
4.47937e-05
-2.50124e-05
2.48391e-05
1.88458e-07
-1.51688e-08
1.48903e-07
-4.02034e-05
1.33336e-07
3.99211e-05
-4.61852e-05
-4.41902e-07
7.61156e-07
4.5866e-05
3.43865e-06
9.1276e-05
-1.01037e-06
-1.08021e-06
4.99899e-06
9.11226e-05
7.0386e-06
9.07916e-05
9.19257e-06
9.11002e-05
1.04868e-05
8.9762e-05
1.11551e-05
8.69414e-05
1.01056e-05
8.41198e-05
7.85418e-06
7.94006e-05
7.11546e-06
7.18499e-05
7.62068e-06
6.7194e-05
8.1339e-06
6.71956e-05
8.60929e-06
7.03121e-05
8.66652e-06
7.89269e-05
7.14347e-06
8.50171e-05
5.06642e-06
8.80755e-05
3.34001e-06
8.93991e-05
2.02581e-06
8.99953e-05
1.10319e-06
9.03963e-05
3.97522e-07
9.08122e-05
-7.49419e-08
9.1228e-05
-9.87545e-08
-4.48903e-05
-1.95398e-07
4.50108e-05
-2.46547e-05
2.44711e-05
2.0398e-07
-2.03264e-08
8.56844e-08
-3.96572e-05
1.48727e-07
3.94228e-05
-4.55302e-05
-4.58994e-07
7.86897e-07
4.52023e-05
4.22861e-06
8.93193e-05
-1.10412e-06
-1.16782e-06
6.22749e-06
8.91237e-05
8.36599e-06
8.86531e-05
1.08433e-05
8.86229e-05
1.27035e-05
8.79017e-05
1.36391e-05
8.60058e-05
1.42853e-05
8.34736e-05
1.3625e-05
8.00609e-05
1.191e-05
7.35649e-05
1.10621e-05
6.8042e-05
1.08479e-05
6.74098e-05
1.07797e-05
7.03803e-05
9.83035e-06
7.98763e-05
7.03191e-06
8.78155e-05
4.41837e-06
9.0689e-05
2.65772e-06
9.11597e-05
1.45506e-06
9.11979e-05
7.19745e-07
9.11316e-05
1.77196e-07
9.13548e-05
-9.78779e-08
9.16272e-05
-1.24146e-07
-4.51101e-05
-1.93256e-07
4.52054e-05
-2.42958e-05
2.4133e-05
1.82362e-07
-1.9566e-08
1.27709e-08
-3.92238e-05
1.45354e-07
3.90656e-05
-4.48954e-05
-4.62277e-07
7.57037e-07
4.46006e-05
4.08825e-06
8.75161e-05
-1.10796e-06
-1.17715e-06
6.16488e-06
8.70471e-05
8.54508e-06
8.62729e-05
1.1431e-05
8.5737e-05
1.38321e-05
8.55007e-05
1.54328e-05
8.44051e-05
1.66132e-05
8.22931e-05
1.76732e-05
7.90009e-05
1.72457e-05
7.39923e-05
1.57206e-05
6.95671e-05
1.39885e-05
6.91419e-05
1.16539e-05
7.2715e-05
7.80055e-06
8.37296e-05
4.18803e-06
9.14281e-05
2.12355e-06
9.27535e-05
1.02193e-06
9.22613e-05
3.82196e-07
9.18376e-05
5.82739e-08
9.14555e-05
-1.62816e-07
9.15758e-05
-1.34016e-07
9.17732e-05
-1.74749e-07
-4.5272e-05
-1.80373e-07
4.53183e-05
-2.39884e-05
2.38653e-05
1.38224e-07
-1.51186e-08
-1.11599e-08
-3.89384e-05
1.01935e-07
3.88476e-05
-4.42912e-05
-3.82107e-07
7.05146e-07
4.39682e-05
3.17967e-06
8.63085e-05
-9.92733e-07
-9.79245e-07
4.7441e-06
8.54826e-05
7.00686e-06
8.40101e-05
1.01525e-05
8.25913e-05
1.32828e-05
8.23704e-05
1.60466e-05
8.16414e-05
1.8117e-05
8.02227e-05
1.87475e-05
7.83704e-05
1.82284e-05
7.45115e-05
1.69726e-05
7.08228e-05
1.39668e-05
7.21477e-05
8.41302e-06
7.82688e-05
3.07666e-06
8.90659e-05
6.8677e-07
9.3818e-05
-8.42498e-08
9.35245e-05
-2.98765e-07
9.24758e-05
-3.53626e-07
9.18925e-05
-3.59776e-07
9.14617e-05
-3.72584e-07
9.15887e-05
-1.64569e-07
9.17701e-05
-2.04935e-07
-4.53268e-05
-1.74144e-07
4.53363e-05
-2.37618e-05
2.36765e-05
9.50975e-08
-9.74177e-09
-1.04991e-07
-3.8796e-05
1.09112e-07
3.87919e-05
-4.3663e-05
-2.15244e-07
4.42914e-07
4.34353e-05
1.79047e-06
8.56049e-05
-6.10776e-07
-4.76156e-07
2.80963e-06
8.44635e-05
4.44937e-06
8.23704e-05
7.24085e-06
7.97999e-05
1.06165e-05
7.89947e-05
1.40279e-05
7.823e-05
1.63801e-05
7.78705e-05
1.64784e-05
7.82722e-05
1.58086e-05
7.51812e-05
1.34774e-05
7.3154e-05
8.57487e-06
7.70502e-05
2.26527e-06
8.45784e-05
-9.15551e-07
9.22468e-05
-1.22851e-06
9.41309e-05
-9.55622e-07
9.32516e-05
-6.94951e-07
9.22152e-05
-5.38581e-07
9.17361e-05
-4.65713e-07
9.13888e-05
-4.31123e-07
9.15541e-05
-1.73061e-07
9.17209e-05
-2.08897e-07
-4.53066e-05
-1.45464e-07
4.5279e-05
-2.36078e-05
2.35569e-05
5.38022e-08
-2.90507e-09
-2.07031e-07
-3.88426e-05
9.07596e-08
3.89589e-05
-4.33062e-05
-6.45723e-08
7.7841e-08
4.32929e-05
2.17506e-07
8.55167e-05
-8.47716e-08
-4.45075e-08
7.67761e-07
8.39132e-05
1.76449e-06
8.13737e-05
3.68806e-06
7.78763e-05
6.25256e-06
7.64302e-05
8.70933e-06
7.57732e-05
1.04467e-05
7.61331e-05
1.08116e-05
7.79072e-05
1.02273e-05
7.57656e-05
6.58509e-06
7.67962e-05
1.43468e-06
8.22006e-05
-2.4236e-06
8.84367e-05
-2.94732e-06
9.27705e-05
-2.06907e-06
9.32527e-05
-1.44903e-06
9.26316e-05
-1.03808e-06
9.18042e-05
-7.74223e-07
9.14723e-05
-6.53009e-07
9.12676e-05
-5.3434e-07
9.14354e-05
-1.81239e-07
9.15986e-05
-2.30772e-07
-4.52079e-05
-1.17177e-07
4.51438e-05
-2.3521e-05
2.34959e-05
2.25839e-08
2.49036e-09
-2.45152e-07
-3.91105e-05
7.37596e-08
3.92819e-05
-4.33197e-05
5.35656e-08
-7.38167e-08
4.334e-05
-7.19329e-07
8.57736e-05
1.31983e-07
3.30401e-07
-8.28586e-07
8.40225e-05
-6.75306e-07
8.12204e-05
5.33777e-08
7.71476e-05
1.38535e-06
7.50982e-05
2.36385e-06
7.47947e-05
3.02768e-06
7.54693e-05
4.29193e-06
7.6643e-05
3.16425e-06
7.68932e-05
-1.07969e-06
8.10401e-05
-4.33221e-06
8.54531e-05
-5.29103e-06
8.93955e-05
-4.42365e-06
9.19031e-05
-3.29747e-06
9.21265e-05
-2.35415e-06
9.16882e-05
-1.7616e-06
9.12117e-05
-1.29414e-06
9.10048e-05
-1.0189e-06
9.09924e-05
-7.37249e-07
9.11537e-05
-2.24558e-07
9.13612e-05
-2.75282e-07
-4.50478e-05
-1.42471e-07
4.49657e-05
-2.34732e-05
2.34479e-05
2.18016e-08
3.44633e-09
-1.07858e-07
-3.94898e-05
-1.41295e-07
3.9739e-05
-4.34524e-05
3.66217e-07
-5.16177e-07
4.36023e-05
-1.9829e-06
8.62575e-05
6.73443e-07
8.25627e-07
-1.92075e-06
8.39603e-05
-1.9156e-06
8.12152e-05
-2.18704e-06
7.7419e-05
-2.1683e-06
7.50795e-05
-1.94059e-06
7.4567e-05
-1.86323e-06
7.5392e-05
-1.7027e-06
7.64824e-05
-3.84308e-06
7.90336e-05
-6.93527e-06
8.41323e-05
-7.97276e-06
8.64906e-05
-7.61736e-06
8.90401e-05
-6.29213e-06
9.05779e-05
-4.90986e-06
9.07442e-05
-3.67555e-06
9.04539e-05
-2.77997e-06
9.03161e-05
-2.03782e-06
9.02627e-05
-1.48662e-06
9.04412e-05
-1.00433e-06
9.06715e-05
-2.49716e-07
9.0886e-05
-2.79386e-07
-4.48562e-05
-1.60709e-07
4.47671e-05
-2.34166e-05
2.33798e-05
3.45798e-08
2.22482e-09
2.1766e-08
-4.00142e-05
-3.25455e-07
4.03179e-05
-4.38072e-05
6.13376e-07
-9.05829e-07
4.40996e-05
-4.11515e-06
8.77074e-05
1.28323e-06
1.38203e-06
-4.67035e-06
8.45155e-05
-4.55023e-06
8.10951e-05
-4.33212e-06
7.72009e-05
-4.45629e-06
7.52037e-05
-4.79855e-06
7.49093e-05
-5.4323e-06
7.60257e-05
-7.28099e-06
7.83311e-05
-9.76489e-06
8.15175e-05
-1.04475e-05
8.48149e-05
-1.01699e-05
8.6213e-05
-9.28915e-06
8.81593e-05
-7.64737e-06
8.89361e-05
-5.97788e-06
8.90747e-05
-4.67391e-06
8.915e-05
-3.53378e-06
8.9176e-05
-2.60517e-06
8.93341e-05
-1.81258e-06
8.96486e-05
-1.18175e-06
9.00406e-05
-2.50406e-07
9.02644e-05
-3.09785e-07
-4.46459e-05
-1.49174e-07
4.45447e-05
-2.3338e-05
2.32905e-05
4.57719e-08
1.68742e-09
5.48154e-08
-4.06255e-05
-3.47402e-07
4.0918e-05
-4.444e-05
7.06595e-07
-1.12775e-06
4.48612e-05
-5.88678e-06
9.01758e-05
1.71098e-06
1.70733e-06
-7.62739e-06
8.62561e-05
-7.8586e-06
8.13263e-05
-7.80501e-06
7.71473e-05
-8.48214e-06
7.58808e-05
-9.92341e-06
7.63506e-05
-1.15529e-05
7.76552e-05
-1.28535e-05
7.96317e-05
-1.29189e-05
8.1583e-05
-1.19606e-05
8.38566e-05
-1.11206e-05
8.53729e-05
-9.81194e-06
8.68507e-05
-7.97538e-06
8.70995e-05
-6.21717e-06
8.73165e-05
-4.79945e-06
8.77322e-05
-3.56676e-06
8.79433e-05
-2.52466e-06
8.8292e-05
-1.69281e-06
8.88167e-05
-1.06479e-06
8.94126e-05
-2.63834e-07
8.97867e-05
-3.23222e-07
-4.43919e-05
-1.65961e-07
4.42941e-05
-2.32325e-05
2.31604e-05
7.44871e-08
-2.39244e-09
2.18468e-09
-4.11718e-05
-1.93294e-07
4.13629e-05
-4.5289e-05
6.57061e-07
-1.12295e-06
4.57549e-05
-5.4233e-06
9.24248e-05
1.66178e-06
1.51252e-06
-8.29637e-06
8.91292e-05
-9.82121e-06
8.28512e-05
-1.10315e-05
7.83577e-05
-1.2795e-05
7.76443e-05
-1.45195e-05
7.80751e-05
-1.55918e-05
7.87274e-05
-1.57433e-05
7.97832e-05
-1.47281e-05
8.05678e-05
-1.27466e-05
8.18751e-05
-1.05999e-05
8.32262e-05
-8.53175e-06
8.47826e-05
-6.90083e-06
8.54686e-05
-5.32171e-06
8.57374e-05
-3.82941e-06
8.62399e-05
-2.7056e-06
8.68195e-05
-1.77562e-06
8.7362e-05
-1.14955e-06
8.81907e-05
-6.68574e-07
8.89316e-05
-1.91931e-07
8.95185e-05
-2.08497e-07
-4.41442e-05
-1.49291e-07
4.41015e-05
-2.30767e-05
2.29873e-05
9.55245e-08
-6.15764e-09
-7.1615e-08
-4.14699e-05
6.72835e-08
4.14742e-05
-4.62309e-05
2.42735e-07
-6.89511e-07
4.66777e-05
-2.90428e-06
9.36595e-05
1.05639e-06
6.13231e-07
-5.94677e-06
9.21717e-05
-9.56276e-06
8.64672e-05
-1.21673e-05
8.09622e-05
-1.38004e-05
7.92774e-05
-1.51745e-05
7.94492e-05
-1.61252e-05
7.96781e-05
-1.64828e-05
8.01408e-05
-1.53718e-05
7.94568e-05
-1.26991e-05
7.92024e-05
-9.87363e-06
8.04008e-05
-7.01563e-06
8.19245e-05
-5.19985e-06
8.36529e-05
-3.55399e-06
8.40915e-05
-2.15074e-06
8.48367e-05
-1.40893e-06
8.60777e-05
-8.52782e-07
8.68058e-05
-5.36843e-07
8.78747e-05
-3.18825e-07
8.87136e-05
-6.44862e-08
8.9395e-05
-1.30836e-07
-4.40137e-05
-8.48296e-08
4.4034e-05
-2.29007e-05
2.28206e-05
8.43189e-08
-4.16467e-09
-1.03402e-07
-4.13695e-05
3.5224e-07
4.11207e-05
-4.70119e-05
-3.36342e-07
1.46403e-07
4.72018e-05
7.74941e-08
9.40453e-05
2.8105e-08
-4.91439e-07
-1.71466e-06
9.39638e-05
-5.6944e-06
9.04469e-05
-9.65688e-06
8.49247e-05
-1.16056e-05
8.12261e-05
-1.24589e-05
8.03025e-05
-1.34824e-05
8.07016e-05
-1.42176e-05
8.0876e-05
-1.31058e-05
7.8345e-05
-1.12139e-05
7.73106e-05
-8.8343e-06
7.80212e-05
-5.65377e-06
7.8744e-05
-3.05818e-06
8.10573e-05
-1.28341e-06
8.23168e-05
-4.90536e-07
8.40438e-05
-3.60809e-07
8.59479e-05
-3.59998e-07
8.6805e-05
-3.25449e-07
8.78402e-05
-2.45361e-07
8.86335e-05
-3.52076e-08
8.92522e-05
-6.72944e-08
-4.3981e-05
-7.74521e-08
4.40232e-05
-2.27421e-05
2.26685e-05
7.79811e-08
-4.38477e-09
-1.14896e-07
-4.08222e-05
5.03896e-07
4.04332e-05
-4.71831e-05
-6.4481e-07
6.87421e-07
4.71405e-05
2.22375e-06
9.36666e-05
-7.02048e-07
-1.14298e-06
1.85503e-06
9.43326e-05
-4.24385e-07
9.27263e-05
-4.13818e-06
8.86384e-05
-6.98659e-06
8.40745e-05
-7.8801e-06
8.1196e-05
-8.34772e-06
8.11692e-05
-9.0709e-06
8.15992e-05
-9.13474e-06
7.84088e-05
-8.15128e-06
7.63271e-05
-5.8913e-06
7.57612e-05
-3.05742e-06
7.59101e-05
-4.14572e-07
7.84144e-05
4.65525e-07
8.14367e-05
4.06164e-07
8.41032e-05
2.47779e-07
8.61063e-05
-5.05575e-08
8.71034e-05
-1.90434e-07
8.798e-05
-1.82901e-07
8.8626e-05
4.5005e-08
8.90911e-05
-6.68241e-08
-4.39787e-05
-1.9839e-08
4.40435e-05
-2.26074e-05
2.25674e-05
3.76688e-08
2.2709e-09
-1.66087e-07
-4.00047e-05
7.12424e-07
3.94583e-05
-4.7007e-05
-1.05519e-06
1.16475e-06
4.68974e-05
2.95176e-06
9.36522e-05
-1.17198e-06
-1.76541e-06
3.17105e-06
9.41133e-05
2.7408e-06
9.31566e-05
6.62224e-07
9.0717e-05
-2.46061e-06
8.71974e-05
-4.58275e-06
8.33182e-05
-5.20291e-06
8.17894e-05
-4.23159e-06
8.06279e-05
-3.50316e-06
7.76804e-05
-3.53106e-06
7.6355e-05
-2.07392e-06
7.43041e-05
-3.97176e-07
7.42334e-05
1.76121e-06
7.6256e-05
2.39621e-06
8.08017e-05
1.95413e-06
8.45453e-05
1.48491e-06
8.65756e-05
7.90144e-07
8.77981e-05
1.55683e-07
8.86145e-05
-2.46558e-07
8.90282e-05
6.30844e-08
8.90238e-05
-2.42371e-07
-4.39767e-05
-1.79586e-08
4.40577e-05
-2.25281e-05
2.25007e-05
1.55146e-08
1.18866e-08
-3.14601e-07
-3.88703e-05
1.00673e-06
3.81782e-05
-4.66215e-05
-1.51168e-06
1.81089e-06
4.63223e-05
4.18156e-06
4.65513e-05
-1.86299e-06
-2.13741e-06
4.69197e-05
4.54984e-06
4.67743e-05
4.69707e-05
4.94394e-06
4.6535e-05
4.62275e-05
4.74422e-06
4.55568e-05
4.53599e-05
3.54255e-06
4.42513e-05
4.41478e-05
1.49316e-06
4.27305e-05
4.26371e-05
9.32211e-07
4.11961e-05
4.11542e-05
1.42427e-06
4.01518e-05
3.9984e-05
1.51141e-06
3.87947e-05
3.87986e-05
2.15108e-06
3.79558e-05
3.77595e-05
3.21985e-06
3.66349e-05
3.66004e-05
4.22247e-06
3.65511e-05
3.66797e-05
5.13283e-06
3.75439e-05
3.78018e-05
5.18223e-06
4.0145e-05
4.06072e-05
4.35674e-06
4.25323e-05
4.28385e-05
3.3965e-06
4.36004e-05
4.39354e-05
2.17232e-06
4.45458e-05
4.44765e-05
9.52013e-07
4.48817e-05
4.49532e-05
-2.91765e-07
4.52984e-05
4.49736e-05
-2.35972e-07
4.53064e-05
-9.24869e-07
4.45865e-05
-4.39152e-05
-2.72756e-07
4.3952e-05
-2.24476e-05
2.2324e-05
1.00519e-07
2.31421e-08
-8.91414e-07
-3.73855e-05
1.77297e-06
3.65039e-05
-4.61029e-05
-1.99453e-06
1.9345e-06
4.61629e-05
-1.89335e-06
1.75451e-06
4.66902e-05
-1.92146e-06
2.03703e-06
4.66587e-05
-2.37996e-06
2.51545e-06
4.63995e-05
-2.70236e-06
2.70662e-06
4.55526e-05
-2.94999e-06
2.97498e-06
4.42263e-05
-2.99879e-06
2.72787e-06
4.30014e-05
-2.43731e-06
1.93426e-06
4.16991e-05
-1.85891e-06
2.03539e-06
3.99753e-05
-2.09877e-06
1.9849e-06
3.89085e-05
-2.073e-06
2.05379e-06
3.79751e-05
-2.18647e-06
2.32014e-06
3.65012e-05
-2.63465e-06
2.85814e-06
3.63276e-05
-2.97358e-06
3.07863e-06
3.74389e-05
-3.17334e-06
3.17763e-06
4.01407e-05
-2.93101e-06
2.77515e-06
4.26882e-05
-2.38569e-06
2.0762e-06
4.39099e-05
-1.70145e-06
1.47396e-06
4.47733e-05
-1.08031e-06
8.36592e-07
4.51254e-05
-5.34806e-07
3.97771e-07
4.54354e-05
3.8823e-08
-3.33045e-07
4.56006e-05
-4.36789e-05
1.05523e-06
-1.35865e-06
4.39823e-05
-2.20097e-05
2.11314e-05
8.18019e-07
6.02674e-08
1.54991e-06
4.23746e-07
-3.66302e-05
-6.93491e-07
8.53428e-07
-4.62522e-05
-1.12113e-06
1.3293e-06
-4.66053e-05
-1.65343e-06
1.97943e-06
-4.63901e-05
-2.30475e-06
2.65678e-06
-4.60521e-05
-2.94658e-06
3.20857e-06
-4.53945e-05
-3.4378e-06
3.57623e-06
-4.42158e-05
-3.73969e-06
3.7808e-06
-4.29684e-05
-3.97941e-06
4.1118e-06
-4.19915e-05
-4.12876e-06
3.90265e-06
-4.02152e-05
-3.80691e-06
3.70622e-06
-3.88874e-05
-3.63952e-06
3.74128e-06
-3.77398e-05
-3.68937e-06
3.68148e-06
-3.64261e-05
-3.69438e-06
3.67346e-06
-3.63687e-05
-3.67062e-06
3.66752e-06
-3.73373e-05
-3.52587e-06
3.43146e-06
-4.01733e-05
-3.20458e-06
2.91814e-06
-4.29381e-05
-2.51304e-06
2.05154e-06
-4.43704e-05
-1.69488e-06
1.35733e-06
-4.51238e-05
-1.0692e-06
8.01913e-07
-4.54389e-05
-6.18583e-07
4.5019e-07
-4.56732e-05
-2.66689e-07
6.51098e-08
-4.59645e-05
2.16133e-07
-3.65755e-07
-4.48741e-05
-1.90803e-05
-1.5913e-06
-4.8436e-08
2.32729e-05
-1.25502e-08
2.32438e-05
2.583e-08
3.31105e-09
1.06785e-07
-5.55351e-10
2.32776e-05
1.52273e-08
2.33658e-05
-1.1212e-07
2.39875e-08
1.58724e-07
-9.17105e-09
2.34899e-05
2.94369e-08
2.36164e-05
-1.59122e-07
3.26608e-08
2.03093e-07
-1.87025e-08
2.37342e-05
3.10297e-08
2.38315e-05
-1.23772e-07
2.64878e-08
1.95484e-07
-2.01431e-08
2.38978e-05
1.94335e-08
2.39265e-05
-4.07757e-08
1.20129e-08
1.62483e-07
-1.78849e-08
2.39308e-05
8.50415e-09
2.39258e-05
-6.02378e-09
1.09989e-08
1.15267e-07
-1.18223e-08
2.39032e-05
1.14691e-08
2.3839e-05
5.5749e-08
8.45781e-09
7.4891e-08
-6.26019e-09
2.37337e-05
3.27613e-10
2.35933e-05
1.48533e-07
-8.19799e-09
3.51054e-08
8.02624e-10
2.3407e-05
-2.07035e-08
2.31854e-05
2.51408e-07
-2.98125e-08
1.88871e-08
3.86235e-09
2.29715e-05
-3.1202e-08
2.28022e-05
1.94321e-07
-2.50543e-08
2.81011e-08
3.28084e-09
2.27067e-05
-1.238e-08
2.26822e-05
2.08891e-08
3.65217e-09
3.88582e-08
2.94702e-09
2.26922e-05
1.17056e-08
2.27224e-05
-4.48181e-08
1.46862e-08
5.66039e-08
1.42151e-09
2.27618e-05
1.53695e-08
2.27866e-05
-3.6888e-08
1.21258e-08
8.7754e-08
-4.04384e-09
2.27844e-05
4.36888e-09
2.27514e-05
3.49749e-08
-1.94148e-09
9.15897e-08
-5.01124e-09
2.2689e-05
-9.21044e-09
2.26051e-05
9.49945e-08
-1.11197e-08
8.35618e-08
-5.08937e-09
2.2513e-05
-1.13613e-08
2.24182e-05
1.0517e-07
-1.02976e-08
6.39523e-08
-2.83312e-09
2.23135e-05
-1.0215e-08
2.22093e-05
1.14538e-07
-1.03209e-08
3.40208e-08
5.33304e-09
2.20605e-05
-1.7314e-08
2.18861e-05
1.96542e-07
-2.21916e-08
4.05716e-08
1.24973e-08
2.15973e-05
-2.57718e-08
2.1181e-05
4.25119e-07
-8.78458e-09
2.78424e-07
3.58596e-08
2.02729e-05
1.66558e-08
1.83045e-05
2.07598e-06
-1.07576e-07
2.18999e-06
-1.38951e-07
-8.8522e-09
-4.39182e-05
-4.67469e-05
-4.65486e-05
-4.62946e-05
-4.58069e-05
-4.49766e-05
-4.39217e-05
-4.29253e-05
-4.15907e-05
-3.98455e-05
-3.87584e-05
-3.73098e-05
-3.61626e-05
-3.65251e-05
-3.77766e-05
-4.09629e-05
-4.35493e-05
-4.47096e-05
-4.52352e-05
-4.55089e-05
-4.57328e-05
-4.59391e-05
-3.91215e-05
4.63119e-05
-2.98565e-07
4.63146e-07
4.61473e-05
4.71935e-05
-5.81772e-07
4.71078e-05
4.1328e-05
-4.13333e-05
1.03952e-07
4.13308e-05
4.59225e-05
-1.63744e-07
4.29259e-07
4.5657e-05
4.69702e-05
-6.40023e-07
4.67768e-05
4.13392e-05
1.38539e-07
4.13594e-05
4.5371e-05
-1.3334e-07
4.34431e-07
4.50699e-05
4.65656e-05
-7.21867e-07
4.6324e-05
4.13798e-05
1.85338e-07
4.13976e-05
4.47613e-05
-1.40151e-07
4.54411e-07
4.44471e-05
4.60748e-05
-7.90147e-07
4.57847e-05
4.14062e-05
1.98046e-07
4.14036e-05
4.41368e-05
-1.58255e-07
4.69651e-07
4.38254e-05
4.54675e-05
-7.76585e-07
4.50762e-05
4.13927e-05
1.9069e-07
4.13645e-05
4.35085e-05
-1.21195e-07
4.40725e-07
4.3189e-05
4.47253e-05
-7.50117e-07
4.42983e-05
4.13224e-05
1.83168e-07
4.12545e-05
4.29088e-05
-1.07348e-07
3.11079e-07
4.27051e-05
4.40107e-05
-6.1632e-07
4.36478e-05
4.11754e-05
1.75196e-07
4.10751e-05
4.25989e-05
-9.78579e-08
1.27237e-07
4.25696e-05
4.34799e-05
-2.56347e-07
4.32601e-05
4.09834e-05
1.37766e-07
4.08808e-05
4.25957e-05
-9.97736e-08
3.5916e-08
4.26596e-05
4.32532e-05
-9.07488e-09
4.32177e-05
4.07862e-05
1.34779e-07
4.06703e-05
4.27869e-05
1.36254e-08
-2.14225e-07
4.29875e-05
4.32759e-05
3.26609e-07
4.32797e-05
4.05496e-05
1.65712e-07
4.0412e-05
4.32124e-05
2.54321e-07
-5.20746e-07
4.34789e-05
4.3437e-05
7.25598e-07
4.3537e-05
4.02859e-05
1.58142e-07
4.01666e-05
4.37668e-05
3.52384e-07
-6.78655e-07
4.40931e-05
4.39144e-05
1.01904e-06
4.42774e-05
4.00632e-05
1.57062e-07
3.99627e-05
4.44523e-05
2.90667e-07
-7.22827e-07
4.48844e-05
4.48606e-05
1.15068e-06
4.54173e-05
3.98713e-05
1.73303e-07
3.97857e-05
4.53482e-05
7.19553e-08
-5.1439e-07
4.57906e-05
4.59561e-05
9.90357e-07
4.64783e-05
3.9732e-05
1.20668e-07
3.97029e-05
4.61006e-05
-1.99678e-07
4.81266e-08
4.62522e-05
4.68451e-05
2.86064e-07
4.71723e-05
3.97024e-05
7.77818e-08
3.97081e-05
4.62681e-05
-4.03688e-07
4.96288e-07
4.61755e-05
4.73468e-05
-5.14975e-07
4.73703e-05
3.97087e-05
2.27763e-08
3.97499e-05
4.60346e-05
-5.43028e-07
8.30362e-07
4.57472e-05
4.73557e-05
-9.63876e-07
4.71766e-05
3.97677e-05
-6.06965e-11
3.98018e-05
4.54045e-05
-7.84548e-07
1.26127e-06
4.49277e-05
4.71694e-05
-1.53718e-06
4.69412e-05
3.97993e-05
9.98842e-08
3.974e-05
4.44228e-05
-1.21785e-06
1.78203e-06
4.38586e-05
4.68891e-05
-2.00148e-06
4.67531e-05
3.95678e-05
6.5179e-07
3.91944e-05
4.36371e-05
-1.94967e-06
1.66856e-06
4.67943e-05
-1.57925e-06
1.62662e-06
4.67528e-05
-1.71147e-06
1.91566e-06
4.66278e-05
-2.18421e-06
2.51747e-06
4.60405e-05
-2.86485e-06
3.09845e-06
4.51166e-05
-3.25656e-06
3.39654e-06
4.4124e-05
-3.40707e-06
3.60935e-06
4.29276e-05
-3.64239e-06
3.64466e-06
4.12296e-05
-3.35234e-06
2.99121e-06
3.99206e-05
-2.75131e-06
2.82641e-06
3.87105e-05
-2.8475e-06
2.79958e-06
3.76268e-05
-3.03479e-06
3.35183e-06
3.62859e-05
-3.42694e-06
3.5502e-06
3.65643e-05
-3.50906e-06
3.5482e-06
3.7707e-05
-3.64974e-06
3.5802e-06
4.08538e-05
-3.54765e-06
3.43855e-06
4.32279e-05
-3.18857e-06
2.86718e-06
4.43102e-05
-2.40661e-06
2.00713e-06
4.48702e-05
-1.65664e-06
1.29164e-06
4.52549e-05
-9.78082e-07
7.24114e-07
4.54102e-05
-4.86322e-07
1.63769e-07
4.53087e-05
2.00086e-07
-8.30502e-07
3.86538e-05
1.72222e-06
3.16065e-09
1.96323e-06
-1.96499e-06
6.54187e-07
-6.51026e-07
1.67226e-09
-1.95983e-06
1.95377e-06
-6.57033e-07
6.58705e-07
-3.11272e-09
-1.94489e-06
1.93284e-06
-6.58408e-07
6.55295e-07
-6.08214e-09
-1.9192e-06
1.90496e-06
-6.50227e-07
6.44145e-07
-6.67043e-09
-1.89131e-06
1.87841e-06
-6.37651e-07
6.30981e-07
-5.61632e-09
-1.86698e-06
1.85748e-06
-6.24528e-07
6.18911e-07
-3.97861e-09
-1.85024e-06
1.84448e-06
-6.14325e-07
6.10346e-07
-1.3021e-09
-1.84094e-06
1.83933e-06
-6.07629e-07
6.06327e-07
1.24843e-09
-1.83976e-06
1.841e-06
-6.06701e-07
6.0795e-07
1.93467e-09
-1.84292e-06
1.84443e-06
-6.09897e-07
6.11832e-07
1.7742e-09
-1.84569e-06
1.84614e-06
-6.13848e-07
6.15622e-07
2.11352e-09
-1.84669e-06
1.84627e-06
-6.18021e-07
6.20135e-07
8.15175e-10
-1.84545e-06
1.84224e-06
-6.22373e-07
6.23188e-07
-9.21187e-10
-1.83816e-06
1.83293e-06
-6.23222e-07
6.22301e-07
-3.33967e-10
-1.82866e-06
1.82483e-06
-6.21554e-07
6.2122e-07
-1.34412e-09
-1.82101e-06
1.81797e-06
-6.19951e-07
6.18607e-07
1.28096e-09
-1.81606e-06
1.81705e-06
-6.17682e-07
6.18963e-07
5.44428e-09
-1.81989e-06
1.82633e-06
-6.21464e-07
6.26909e-07
9.81271e-09
-1.83313e-06
1.84646e-06
-6.326e-07
6.42413e-07
2.78771e-08
-1.86708e-06
1.89947e-06
-6.5766e-07
6.85537e-07
-2.33814e-08
-1.82222e-06
-6.23834e-07
2.84615e-09
-2.97213e-10
-5.06788e-09
-6.49394e-09
-6.45289e-09
-4.58663e-09
-2.71718e-09
3.74316e-10
1.94763e-09
2.01621e-09
2.39892e-09
2.23822e-09
3.40578e-11
-7.47163e-10
-1.26892e-09
-9.24565e-10
2.50094e-09
5.69143e-09
1.5247e-08
-6.17023e-08
-8.75684e-09
1.7714e-06
5.61362e-07
2.99679e-09
-1.77696e-06
1.78919e-06
-5.59118e-07
5.62115e-07
9.79668e-09
-1.80631e-06
1.82595e-06
-5.68977e-07
5.78774e-07
1.2029e-08
-1.84666e-06
1.86566e-06
-5.90728e-07
6.02757e-07
8.46081e-09
-1.8813e-06
1.89228e-06
-6.13601e-07
6.22061e-07
4.56597e-09
-1.89861e-06
1.90255e-06
-6.27737e-07
6.32303e-07
7.86678e-09
-1.90705e-06
1.91065e-06
-6.38804e-07
6.4667e-07
4.721e-09
-1.91167e-06
1.90728e-06
-6.54112e-07
6.58833e-07
-3.94873e-09
-1.89705e-06
1.8803e-06
-6.60857e-07
6.56909e-07
-1.19357e-08
-1.86031e-06
1.84104e-06
-6.4709e-07
6.35154e-07
-5.87344e-09
-1.82669e-06
1.82019e-06
-6.24445e-07
6.18571e-07
5.04557e-09
-1.82247e-06
1.82913e-06
-6.19943e-07
6.24989e-07
7.34687e-09
-1.83738e-06
1.8454e-06
-6.31424e-07
6.38771e-07
2.87786e-09
-1.85119e-06
1.85269e-06
-6.45104e-07
6.47982e-07
-2.88916e-09
-1.85063e-06
1.84431e-06
-6.48094e-07
6.45205e-07
-3.61911e-09
-1.83693e-06
1.82919e-06
-6.41467e-07
6.37848e-07
-2.23192e-09
-1.82163e-06
1.81365e-06
-6.35103e-07
6.32871e-07
-4.69733e-09
-1.80499e-06
1.79237e-06
-6.3121e-07
6.26512e-07
-1.25361e-08
-1.77835e-06
1.76512e-06
-6.18344e-07
6.05808e-07
6.50084e-09
-1.76316e-06
1.77331e-06
-5.9898e-07
6.05481e-07
-1.0287e-08
-1.72042e-06
-5.50796e-07
-2.24411e-09
6.86221e-09
1.19536e-08
1.08439e-08
5.67547e-09
6.50083e-09
7.44135e-09
2.02446e-09
-9.81842e-09
-1.07096e-08
1.37164e-09
6.43573e-09
6.33316e-09
1.12161e-10
-3.73863e-09
-2.74446e-09
-1.66168e-09
-8.16799e-09
-6.82828e-09
-5.46844e-08
-3.7687e-06
7.908e-07
9.34339e-05
-5.58694e-06
9.4551e-05
-8.5433e-06
9.85791e-05
-1.07328e-05
9.79063e-05
-6.53474e-06
-7.68913e-06
0.000101599
-7.81552e-06
5.27699e-05
8.37375e-06
-2.97897e-06
3.0412e-05
-6.13946e-07
-5.62236e-06
3.12505e-06
-3.27753e-06
3.15952e-06
-1.27357e-06
-3.36393e-06
7.89931e-06
3.40509e-05
1.205e-05
-7.50102e-06
-6.40933e-06
0.000105158
0.000100975
-6.52306e-08
3.61248e-05
-8.61696e-08
-6.06809e-06
2.38549e-06
1.86419e-06
-1.03178e-05
5.36496e-06
-8.60183e-06
3.02559e-07
-5.32348e-07
4.71923e-05
4.63973e-05
7.33478e-07
4.70879e-05
4.71634e-05
5.01473e-05
7.29144e-06
-6.45062e-06
4.93065e-05
5.23722e-05
-8.27098e-07
2.65462e-06
1.88323e-06
2.6616e-05
1.20718e-06
-3.19906e-06
2.57809e-06
1.82815e-06
-2.60844e-06
5.18797e-05
-4.41301e-06
4.98834e-05
3.2216e-05
-2.71992e-06
8.87701e-05
-8.97674e-05
3.71718e-06
8.93378e-05
-9.01545e-05
-1.90326e-06
-1.30718e-05
8.31197e-05
-8.6006e-05
1.59581e-05
-9.79673e-06
8.35455e-05
-8.68206e-05
-7.55127e-06
8.47655e-05
-8.7011e-05
-5.64335e-06
8.55768e-05
-8.74847e-05
-4.18821e-06
8.64222e-05
-8.78773e-05
-2.99291e-06
8.72482e-05
-8.84435e-05
-2.12111e-06
8.78983e-05
8.86673e-05
-1.45056e-06
-2.24733e-05
-6.99631e-05
-2.10767e-05
7.49054e-05
-7.6302e-05
-1.79126e-05
7.66793e-05
-7.98434e-05
-1.38918e-05
7.81102e-05
-8.21309e-05
-1.01944e-05
7.94223e-05
-7.15915e-06
8.05102e-05
-5.30136e-06
8.29077e-05
-3.50889e-06
8.37843e-05
-2.3479e-06
8.52612e-05
-1.49728e-06
8.63975e-05
-9.86428e-07
8.73874e-05
8.83398e-05
-6.58914e-07
-1.86156e-05
-1.60341e-05
-1.17134e-05
-7.27066e-06
-4.2114e-06
-2.42595e-06
-1.07659e-06
-4.87379e-07
-2.39866e-07
-1.73975e-07
-1.66756e-07
-1.89183e-08
-1.3788e-07
4.65541e-05
3.30746e-07
-5.62967e-07
4.73956e-05
-1.60642e-06
9.37778e-05
9.61758e-07
3.00687e-07
-1.81695e-06
9.47615e-05
-3.40422e-06
0.000100166
-5.97194e-06
0.000100474
-8.94036e-06
0.000104568
-4.43048e-06
0.000100836
-3.66735e-06
-3.41527e-06
2.56008e-05
4.37041e-06
-3.85996e-06
-9.11227e-06
3.60484e-06
-1.53818e-06
-4.67509e-06
5.64046e-06
7.75747e-05
-1.52851e-06
4.12683e-07
7.66672e-06
0.000103132
0.000102039
-2.31054e-07
-4.6663e-05
1.31588e-07
4.67625e-05
-4.75475e-05
-3.26768e-08
-9.15336e-08
4.76717e-05
8.59542e-08
9.39176e-05
2.47622e-07
-4.73308e-07
-1.86234e-07
9.50337e-05
-4.15947e-07
0.000100396
-2.03071e-06
0.000102089
-8.69444e-07
0.000103407
7.759e-07
9.91908e-05
-4.93187e-06
3.99471e-05
-7.48177e-06
-2.67575e-05
-6.68891e-06
-2.23875e-05
1.24652e-05
1.16793e-05
-3.16249e-06
-1.40355e-05
4.24497e-06
6.26408e-06
3.69209e-06
7.07201e-05
5.01039e-06
0.000101814
5.50282e-06
0.000101547
4.96059e-06
9.92367e-05
3.26947e-06
9.79225e-05
1.76739e-06
9.87921e-05
9.48571e-05
-3.80056e-07
-4.67697e-05
3.91624e-07
4.67581e-05
-4.76464e-05
-3.69264e-07
2.57068e-07
4.77586e-05
-4.22664e-07
9.48874e-05
-8.11902e-08
-4.65924e-07
-2.23623e-06
9.68472e-05
-3.53368e-07
9.85132e-05
1.58806e-06
0.000100147
3.41267e-06
0.000101582
5.36978e-06
9.72337e-05
4.23068e-06
4.10862e-05
1.1169e-06
-1.92737e-05
-3.53477e-06
-9.3838e-06
2.17809e-06
6.50073e-05
2.85368e-06
0.000101138
3.28882e-06
0.000101112
2.74848e-06
9.9777e-05
1.11918e-06
9.95518e-05
1.14605e-06
9.87653e-05
9.48158e-05
-4.41569e-07
-4.67556e-05
4.22557e-07
4.67746e-05
-4.77039e-05
-3.28846e-07
6.77261e-08
4.7965e-05
-2.48702e-07
9.55834e-05
1.55419e-07
-6.0279e-07
-1.93284e-07
9.67918e-05
1.06192e-06
9.7258e-05
3.73954e-06
9.74697e-05
7.0891e-06
9.82324e-05
1.02585e-05
9.40644e-05
1.09281e-05
4.04165e-05
8.3549e-06
-1.67005e-05
2.98063e-07
-1.32697e-06
1.15591e-06
6.41494e-05
1.63748e-06
0.000100656
1.34903e-06
0.0001014
7.37731e-07
0.000100388
1.13182e-06
9.91577e-05
2.12539e-06
9.77717e-05
9.63681e-05
-4.82539e-07
-4.67712e-05
4.95219e-07
4.67585e-05
-4.78145e-05
-4.29691e-07
1.8471e-07
4.80595e-05
8.01854e-07
9.56511e-05
-2.14231e-08
-8.48052e-07
1.35741e-06
9.62363e-05
2.61233e-06
9.6003e-05
4.58282e-06
9.54992e-05
8.46465e-06
9.43505e-05
1.31582e-05
8.93708e-05
1.6672e-05
3.69026e-05
1.25359e-05
-1.25643e-05
2.70001e-06
8.5089e-06
5.05797e-07
6.63436e-05
7.32552e-07
0.00010043
-1.86011e-07
0.000102319
-1.33415e-07
0.000100336
6.54291e-07
9.837e-05
6.9607e-07
9.77299e-05
9.66617e-05
-4.95501e-07
-4.6711e-05
5.51209e-07
4.66553e-05
-4.78833e-05
-5.33593e-07
3.37889e-07
4.8079e-05
1.6479e-06
9.52298e-05
-2.4771e-07
-9.78952e-07
2.44614e-06
9.5438e-05
3.81321e-06
9.4636e-05
5.49435e-06
9.38181e-05
8.97728e-06
9.08676e-05
1.30155e-05
8.53326e-05
2.10209e-05
2.88973e-05
1.55432e-05
-7.08658e-06
5.25617e-06
1.87959e-05
-4.3548e-07
7.20353e-05
-1.77797e-06
0.000101772
-2.25915e-06
0.0001028
-1.52629e-06
9.96029e-05
-8.911e-07
9.77348e-05
-4.79024e-07
9.73178e-05
9.64651e-05
-5.14599e-07
-4.65803e-05
6.01054e-07
4.64939e-05
-4.7901e-05
-6.30434e-07
5.04242e-07
4.80272e-05
1.96259e-06
9.47547e-05
-4.49837e-07
-1.03763e-06
2.93267e-06
9.4468e-05
3.95352e-06
9.36151e-05
6.10486e-06
9.16667e-05
7.44562e-06
8.95269e-05
1.12588e-05
8.15194e-05
1.95261e-05
2.063e-05
1.29373e-05
-4.97827e-07
6.54786e-07
3.10784e-05
-8.18584e-06
8.08759e-05
-7.31474e-06
0.000100901
-4.90442e-06
0.00010039
-3.12384e-06
9.78223e-05
-2.64831e-06
9.72593e-05
-1.87004e-06
9.65396e-05
9.5913e-05
-4.72917e-07
-4.63972e-05
5.69101e-07
4.63011e-05
-4.78232e-05
-5.99181e-07
5.11703e-07
4.79107e-05
1.44406e-06
9.46671e-05
-4.6342e-07
-8.93031e-07
1.63952e-06
9.42725e-05
1.6984e-06
9.35562e-05
2.5855e-06
9.07796e-05
3.40905e-06
8.87033e-05
7.57811e-06
7.73504e-05
1.0731e-05
1.74771e-05
2.05997e-06
8.17317e-06
-1.06581e-05
4.37965e-05
-1.4723e-05
8.49408e-05
-1.11968e-05
9.73749e-05
-8.5879e-06
9.77807e-05
-6.08712e-06
9.53215e-05
-4.49031e-06
9.56625e-05
-3.38563e-06
9.54349e-05
9.48988e-05
-4.3751e-07
-4.62016e-05
5.36531e-07
4.61026e-05
-4.77515e-05
-5.5661e-07
4.62468e-07
4.78456e-05
8.95943e-07
9.4844e-05
-3.66757e-07
-7.06106e-07
8.83554e-07
9.42849e-05
7.27577e-07
9.37122e-05
6.27837e-07
9.08794e-05
5.5426e-07
8.87769e-05
4.04065e-06
7.3864e-05
1.31946e-06
2.01983e-05
-7.49175e-06
1.69844e-05
-1.75515e-05
5.38563e-05
-1.76463e-05
8.50355e-05
-1.38178e-05
9.35464e-05
-1.01364e-05
9.40993e-05
-8.08134e-06
9.32664e-05
-5.93309e-06
9.35142e-05
-3.94464e-06
9.34465e-05
-2.86031e-06
9.38144e-05
9.37202e-05
-2.13832e-06
-4.13563e-07
-4.59991e-05
5.25872e-07
4.58868e-05
-4.77518e-05
-5.42906e-07
4.88391e-07
4.78063e-05
6.92053e-07
9.50865e-05
-3.99218e-07
-5.35338e-07
4.08525e-07
9.45684e-05
2.16601e-07
9.39041e-05
-1.16262e-06
9.22586e-05
-2.72405e-06
9.03383e-05
-1.24135e-06
7.23813e-05
-7.81044e-06
2.67674e-05
-1.61297e-05
2.53036e-05
-2.07836e-05
5.85102e-05
-1.86463e-05
8.28982e-05
-1.46642e-05
8.95643e-05
-1.13171e-05
9.07523e-05
-8.56102e-06
9.05103e-05
-6.73032e-06
9.16835e-05
-5.035e-06
9.17511e-05
-3.40881e-06
9.21882e-05
9.25702e-05
-2.25888e-06
-4.25532e-07
-4.57784e-05
5.40495e-07
4.56635e-05
-4.78065e-05
-5.6122e-07
5.19893e-07
4.78478e-05
8.81487e-07
9.51988e-05
-4.37565e-07
-5.56246e-07
4.42095e-07
9.50078e-05
-9.11036e-07
9.52573e-05
-3.72645e-06
9.5074e-05
-6.31965e-06
9.29315e-05
-7.22824e-06
7.32899e-05
-1.56958e-05
3.5235e-05
-2.19342e-05
3.15421e-05
-2.25767e-05
5.91527e-05
-2.01872e-05
8.05087e-05
-1.58954e-05
8.52725e-05
-1.26116e-05
8.74685e-05
-9.55872e-06
8.74574e-05
-7.36357e-06
8.94884e-05
-5.3797e-06
8.97673e-05
-4.04894e-06
9.08575e-05
9.13497e-05
-2.82836e-06
-4.51629e-07
-4.55356e-05
5.99285e-07
4.53879e-05
-4.78513e-05
-6.28975e-07
5.97948e-07
4.78823e-05
1.73429e-06
9.5008e-05
-6.10145e-07
-9.33361e-07
1.56436e-06
9.51777e-05
8.14273e-07
9.60074e-05
-1.75477e-06
9.76431e-05
-5.78571e-06
9.69625e-05
-1.13397e-05
7.88439e-05
-2.02714e-05
4.41667e-05
-2.4326e-05
3.55966e-05
-2.14457e-05
5.62724e-05
-1.9286e-05
7.83489e-05
-1.53358e-05
8.13223e-05
-1.07523e-05
8.2885e-05
-8.56211e-06
8.52673e-05
-6.04055e-06
8.69668e-05
-4.70664e-06
8.84334e-05
-3.58914e-06
8.974e-05
9.05063e-05
-2.74582e-06
-4.68379e-07
-4.52082e-05
6.7065e-07
4.50059e-05
-4.77489e-05
-8.00239e-07
8.3519e-07
4.7714e-05
2.32514e-06
9.46989e-05
-8.64159e-07
-1.15184e-06
2.58275e-06
9.49201e-05
3.01545e-06
9.55747e-05
3.06269e-06
9.75958e-05
1.00245e-06
9.90227e-05
-7.35684e-06
8.72032e-05
-1.90868e-05
5.58966e-05
-2.36198e-05
4.01297e-05
-1.76901e-05
5.03427e-05
-1.36764e-05
7.43352e-05
-1.02237e-05
7.78696e-05
-5.72243e-06
7.83837e-05
-4.55856e-06
8.41034e-05
-2.99807e-06
8.54064e-05
-2.62064e-06
8.80559e-05
-2.14416e-06
8.92635e-05
9.01941e-05
-1.8319e-06
-4.69742e-07
-4.47297e-05
7.59321e-07
4.44401e-05
-4.75596e-05
-9.12159e-07
9.9897e-07
4.74728e-05
3.12364e-06
9.40353e-05
-1.10652e-06
-1.35349e-06
3.73372e-06
9.431e-05
4.59578e-06
9.47126e-05
5.82561e-06
9.6366e-05
6.92795e-06
9.79204e-05
2.6108e-06
9.15203e-05
-1.06947e-05
6.92021e-05
-1.7514e-05
4.6949e-05
-1.36683e-05
4.64969e-05
-6.4177e-06
6.70846e-05
-2.64968e-06
7.41016e-05
-1.16944e-06
7.69035e-05
-1.07913e-06
8.40131e-05
-1.13312e-06
8.54603e-05
-1.18289e-06
8.81057e-05
-1.02345e-06
8.9104e-05
9.01932e-05
-1.02258e-06
-4.14927e-07
-4.41241e-05
7.35115e-07
4.38039e-05
-4.72719e-05
-9.37482e-07
1.07313e-06
4.71363e-05
3.49684e-06
9.32226e-05
-1.2435e-06
-1.44071e-06
4.67733e-06
9.31296e-05
5.8552e-06
9.35347e-05
7.92871e-06
9.42925e-05
1.04502e-05
9.53988e-05
1.02629e-05
9.17076e-05
7.09915e-07
7.87551e-05
-7.65449e-06
5.53134e-05
-7.7413e-06
4.65838e-05
-4.29415e-07
5.97728e-05
1.91609e-06
7.17561e-05
7.81909e-07
7.80377e-05
3.2784e-07
8.44671e-05
-1.78711e-07
8.59669e-05
-2.95801e-07
8.82228e-05
-5.16583e-07
8.93248e-05
-6.67318e-07
9.0344e-05
9.10067e-05
-9.09956e-05
-6.78408e-07
-3.49551e-07
-4.34765e-05
6.7191e-07
4.31542e-05
-4.69086e-05
-9.30311e-07
1.11176e-06
4.67272e-05
3.52774e-06
9.24035e-05
-1.29098e-06
-1.41759e-06
4.77996e-06
9.18773e-05
6.32469e-06
9.199e-05
9.06488e-06
9.15523e-05
1.22922e-05
9.21715e-05
1.42066e-05
8.97933e-05
1.11169e-05
8.18447e-05
3.21124e-06
6.32191e-05
9.16634e-07
4.88784e-05
5.86453e-06
5.48249e-05
6.98646e-06
7.06342e-05
4.50432e-06
8.05198e-05
3.38817e-06
8.55833e-05
1.95832e-06
8.73967e-05
9.73794e-07
8.92073e-05
3.0584e-07
8.99928e-05
-1.5911e-07
9.08089e-05
9.12657e-05
-4.18075e-07
-2.35949e-07
-4.2838e-05
5.44947e-07
4.2529e-05
-4.64542e-05
-8.05018e-07
1.06268e-06
4.61965e-05
4.01954e-06
9.10554e-05
-1.29025e-06
-1.38123e-06
5.47718e-06
9.04197e-05
7.63487e-06
8.98323e-05
9.76015e-06
8.9427e-05
1.30732e-05
8.88584e-05
1.64941e-05
8.63724e-05
1.65312e-05
8.18076e-05
1.3548e-05
6.62023e-05
1.08356e-05
5.15907e-05
1.18144e-05
5.38461e-05
1.33215e-05
6.91271e-05
1.00919e-05
8.37494e-05
6.75506e-06
8.89202e-05
3.81149e-06
9.03403e-05
1.98528e-06
9.10335e-05
7.85575e-07
9.11925e-05
6.65104e-08
9.1528e-05
9.16529e-05
-3.20703e-07
-1.23023e-07
-4.22221e-05
4.14577e-07
4.19306e-05
-4.58779e-05
-7.12636e-07
1.01574e-06
4.55747e-05
4.50885e-06
8.92016e-05
-1.29851e-06
-1.35652e-06
6.39831e-06
8.85302e-05
8.82709e-06
8.74035e-05
1.08267e-05
8.74274e-05
1.39272e-05
8.5758e-05
1.69559e-05
8.33437e-05
1.83015e-05
8.04619e-05
1.94865e-05
6.50173e-05
1.79339e-05
5.31434e-05
1.6192e-05
5.5588e-05
1.49346e-05
7.03845e-05
1.02807e-05
8.84032e-05
5.91108e-06
9.32898e-05
2.92026e-06
9.33311e-05
1.09773e-06
9.2856e-05
8.65659e-08
9.22037e-05
-3.91657e-07
9.20062e-05
9.18627e-05
-6.01499e-07
3.52041e-08
-4.16645e-05
1.94499e-07
4.14348e-05
-4.52445e-05
-4.89406e-07
7.77494e-07
4.49564e-05
3.88981e-06
8.75458e-05
-1.10539e-06
-1.12862e-06
5.79843e-06
8.66216e-05
8.00316e-06
8.51988e-05
1.08874e-05
8.45432e-05
1.33333e-05
8.33121e-05
1.48634e-05
8.18136e-05
1.86169e-05
7.67084e-05
2.24823e-05
6.11519e-05
2.14945e-05
5.41312e-05
1.75462e-05
5.95363e-05
1.07295e-05
7.72012e-05
4.43644e-06
9.46963e-05
1.35115e-06
9.63751e-05
-6.75174e-08
9.47498e-05
-6.91435e-07
9.348e-05
-8.84147e-07
9.23964e-05
-8.77485e-07
9.19995e-05
9.18266e-05
-8.41308e-07
1.26522e-07
-4.12402e-05
2.90695e-08
4.10846e-05
-4.46591e-05
-2.81716e-07
5.33816e-07
4.4407e-05
2.18545e-06
8.6771e-05
-7.31231e-07
-6.79397e-07
3.53858e-06
8.52685e-05
5.23757e-06
8.34998e-05
8.35538e-06
8.14254e-05
1.03976e-05
8.12699e-05
1.2592e-05
7.96192e-05
1.87448e-05
7.05556e-05
2.13997e-05
5.8497e-05
1.84885e-05
5.70425e-05
1.06666e-05
6.73582e-05
1.75984e-06
8.61079e-05
-1.63541e-06
9.80916e-05
-1.98284e-06
9.67225e-05
-1.81897e-06
9.45859e-05
-1.51396e-06
9.3175e-05
-1.32964e-06
9.2212e-05
-1.17319e-06
9.18431e-05
9.16967e-05
-1.04336e-06
1.62722e-07
-4.09859e-05
-1.29085e-07
4.09523e-05
-4.41518e-05
1.94757e-09
1.77673e-07
4.39721e-05
3.96831e-07
-2.22564e-07
-6.74155e-08
8.66197e-07
8.47991e-05
1.81225e-06
8.25537e-05
4.02586e-06
7.92118e-05
6.68888e-06
7.86069e-05
1.11655e-05
7.51426e-05
1.64665e-05
6.52546e-05
1.61016e-05
5.88619e-05
1.04494e-05
6.26947e-05
6.43156e-07
7.71644e-05
-4.87692e-06
9.1628e-05
-4.59519e-06
9.78099e-05
-3.3365e-06
9.54638e-05
-2.62363e-06
9.38731e-05
-2.01053e-06
9.25619e-05
-1.68815e-06
9.18897e-05
-1.44493e-06
9.15999e-05
9.14977e-05
-1.24586e-06
-6.33604e-07
8.49414e-05
-7.19509e-07
8.26397e-05
1.30595e-07
7.83617e-05
3.41769e-06
7.53198e-05
8.3915e-06
7.01688e-05
1.12385e-05
6.24075e-05
8.44641e-06
6.1654e-05
-1.1338e-07
7.12545e-05
-7.1922e-06
8.42432e-05
-8.21812e-06
9.26539e-05
-6.13344e-06
9.57252e-05
-4.33585e-06
9.36662e-05
-3.19583e-06
9.2733e-05
-2.32758e-06
9.16936e-05
-1.84626e-06
9.14083e-05
-1.46853e-06
9.12221e-05
9.12572e-05
-1.2281e-06
-1.87571e-06
-2.37826e-06
-2.62499e-06
-4.80772e-07
2.68986e-06
6.69982e-05
3.03095e-06
6.20664e-05
-2.75812e-06
6.74431e-05
-9.88021e-06
7.83765e-05
-1.17978e-05
8.61608e-05
-1.05329e-05
9.1389e-05
-7.69279e-06
9.2885e-05
-5.55532e-06
9.15288e-05
-4.09798e-06
9.12757e-05
-3.07241e-06
9.0668e-05
-2.37149e-06
9.07074e-05
-1.78009e-06
9.06307e-05
9.08413e-05
-1.36412e-06
-3.94665e-06
-6.13382e-06
6.42536e-05
-1.26714e-05
7.39807e-05
-1.53902e-05
8.10953e-05
-1.49333e-05
8.57039e-05
-1.25302e-05
8.89859e-05
-9.62606e-06
8.99809e-05
-7.42001e-06
8.93227e-05
-5.60772e-06
8.94634e-05
-4.31719e-06
8.93775e-05
-3.29691e-06
8.96871e-05
-2.43353e-06
-1.74677e-06
-1.4912e-05
6.77865e-05
-1.77838e-05
7.68524e-05
-1.8114e-05
8.14256e-05
-1.68918e-05
8.44816e-05
-1.39118e-05
-1.07515e-05
-8.43976e-06
-6.46104e-06
-4.96085e-06
-2.04415e-05
-1.9891e-05
-1.83088e-05
3.61996e-05
-9.37107e-08
3.61901e-05
1.63687e-07
-1.54208e-07
3.61589e-05
-1.99823e-07
3.60384e-05
3.42886e-07
-2.22384e-07
3.58837e-05
-2.25378e-07
3.57163e-05
4.06661e-07
-2.39201e-07
3.55279e-05
-2.53227e-07
3.53221e-05
4.58459e-07
-2.52618e-07
3.50851e-05
-2.45615e-07
3.4827e-05
4.95596e-07
-2.37446e-07
3.45556e-05
-2.24119e-07
3.42592e-05
5.09208e-07
-2.12844e-07
3.39488e-05
-2.04166e-07
3.3644e-05
4.92433e-07
-1.87576e-07
3.33392e-05
-1.68108e-07
3.30324e-05
4.51611e-07
-1.44877e-07
3.27178e-05
-1.22924e-07
3.24008e-05
4.22307e-07
-1.05303e-07
3.20768e-05
-8.95568e-08
3.17402e-05
4.13343e-07
-7.6759e-08
3.1381e-05
-6.62503e-08
3.09936e-05
4.43355e-07
-5.59975e-08
3.05848e-05
-4.28273e-08
3.01584e-05
4.5482e-07
-2.84122e-08
2.97097e-05
-1.97165e-08
2.92439e-05
4.7616e-07
-1.03383e-08
2.8773e-05
1.17951e-09
2.83163e-05
4.42284e-07
1.44078e-08
2.7881e-05
2.03702e-08
2.7473e-05
3.84947e-07
2.30262e-08
2.71002e-05
2.32217e-08
2.67747e-05
3.00184e-07
2.53702e-08
2.65085e-05
3.02735e-08
2.62937e-05
1.8224e-07
3.25045e-08
2.61387e-05
3.20041e-08
2.60573e-05
4.32073e-08
3.82061e-08
2.6042e-05
5.05375e-08
2.60661e-05
-8.41358e-08
5.99729e-08
2.61328e-05
5.98798e-08
2.62322e-05
-1.5647e-07
5.70562e-08
2.63373e-05
5.75959e-08
-1.44046e-07
5.51536e-08
4.73852e-05
-5.47919e-08
-7.56047e-08
4.75156e-05
4.74867e-05
2.27558e-07
4.75599e-05
2.83838e-06
4.82403e-06
-9.46742e-06
-1.05729e-05
6.90043e-06
-5.0081e-06
-1.23855e-06
3.41911e-06
4.76145e-05
-3.35701e-07
2.7008e-07
4.76801e-05
4.77159e-05
-2.95412e-07
4.75381e-05
4.77025e-05
-4.09142e-07
3.90951e-07
4.77207e-05
4.77139e-05
-4.45709e-07
4.76937e-05
4.78144e-05
-4.61918e-07
4.14248e-07
4.78621e-05
4.79169e-05
-5.64743e-07
4.78788e-05
4.79276e-05
-5.43132e-07
5.36304e-07
4.79344e-05
4.80421e-05
-7.12473e-07
4.79065e-05
4.7952e-05
-5.84153e-07
6.28764e-07
4.79074e-05
4.79967e-05
-8.0679e-07
4.78245e-05
4.78781e-05
-5.89051e-07
6.44e-07
4.78231e-05
4.78789e-05
-8.47917e-07
4.76892e-05
4.7793e-05
-5.51068e-07
5.87284e-07
4.77568e-05
4.77375e-05
-7.4654e-07
4.7591e-05
4.77367e-05
-5.25769e-07
5.46543e-07
4.7716e-05
4.76867e-05
-6.40377e-07
4.7621e-05
4.76989e-05
-5.21718e-07
5.27574e-07
4.76931e-05
4.77102e-05
-5.274e-07
4.77022e-05
4.76723e-05
-5.71262e-07
5.78743e-07
4.76649e-05
4.77846e-05
-5.75273e-07
4.78036e-05
4.76352e-05
-6.34534e-07
6.86491e-07
4.75832e-05
4.77914e-05
-8.1983e-07
4.76779e-05
4.74536e-05
-7.5237e-07
8.75184e-07
4.73308e-05
4.76489e-05
-1.02957e-06
4.75266e-05
4.7178e-05
-7.58363e-07
9.51664e-07
4.69847e-05
4.74191e-05
-1.15252e-06
4.72181e-05
4.67823e-05
-7.12301e-07
9.51009e-07
4.65436e-05
4.70477e-05
-1.17866e-06
4.67857e-05
4.62852e-05
-6.16294e-07
8.89516e-07
4.6012e-05
4.66065e-05
-1.16252e-06
4.63514e-05
4.57519e-05
-4.89173e-07
7.66397e-07
4.54747e-05
4.61238e-05
-1.08507e-06
4.58277e-05
4.51766e-05
-3.09245e-07
6.27671e-07
4.48582e-05
4.55449e-05
-9.57923e-07
4.51463e-05
4.45633e-05
-1.10453e-07
3.87461e-07
4.42863e-05
4.48184e-05
-6.84755e-07
4.43746e-05
4.40336e-05
5.77828e-08
1.62758e-07
4.38131e-05
4.41771e-05
-4.18011e-07
4.39158e-05
4.3686e-05
1.57551e-07
-1.20194e-07
4.38709e-05
3.72161e-08
-4.21962e-08
4.16685e-06
1.68859e-06
-4.61648e-08
4.1193e-06
1.64243e-06
-8.12645e-08
-4.03149e-06
3.91293e-06
-1.57603e-06
1.49477e-06
-8.66114e-08
-3.7803e-06
3.64154e-06
-1.40501e-06
1.3184e-06
-9.01364e-08
-3.48824e-06
3.32515e-06
-1.23249e-06
1.14236e-06
-8.50392e-08
-3.1618e-06
3.00123e-06
-1.05308e-06
9.68045e-07
-7.47266e-08
-2.84502e-06
2.69563e-06
-8.86803e-07
8.12076e-07
-6.64072e-08
-2.55201e-06
2.41425e-06
-7.42852e-07
6.76445e-07
-5.35059e-08
-2.28735e-06
2.17275e-06
-6.1577e-07
5.62264e-07
-3.56527e-08
-2.07229e-06
1.98502e-06
-5.17842e-07
4.82189e-07
-2.33288e-08
-1.90882e-06
1.84259e-06
-4.53091e-07
4.29762e-07
-1.5767e-08
-1.78476e-06
1.73427e-06
-4.10837e-07
3.9507e-07
-8.75495e-09
-1.69132e-06
1.65725e-06
-3.82024e-07
3.7327e-07
-6.35354e-10
-1.63206e-06
1.61298e-06
-3.70043e-07
3.69408e-07
4.61632e-09
-1.60141e-06
1.59798e-06
-3.7064e-07
3.75257e-07
1.07353e-08
-1.60285e-06
1.61249e-06
-3.84786e-07
3.95521e-07
1.03195e-08
-1.62472e-06
1.63763e-06
-4.06312e-07
4.16632e-07
1.19073e-08
-1.65275e-06
1.67112e-06
-4.26876e-07
4.38783e-07
1.08176e-08
-1.69134e-06
1.71252e-06
-4.5107e-07
4.61888e-07
1.81785e-08
-1.73811e-06
1.77047e-06
-4.74509e-07
4.92687e-07
2.32434e-08
-1.8075e-06
1.84413e-06
-5.1563e-07
5.38874e-07
2.36477e-08
-1.87877e-06
1.91271e-06
-5.61296e-07
5.84944e-07
-6.63953e-08
-8.97613e-08
-8.59021e-08
-8.92732e-08
-8.12422e-08
-6.92236e-08
-6.0675e-08
-4.44229e-08
-2.90978e-08
-1.89252e-08
-1.30455e-08
-3.22664e-09
1.23282e-09
9.52895e-09
1.07911e-08
1.02439e-08
1.22877e-08
1.26206e-08
2.2943e-08
2.24228e-08
2.38351e-08
-1.59959e-06
9.35668e-05
9.36756e-05
-1.73759e-06
9.30455e-05
9.32657e-05
-1.78124e-06
9.19984e-05
9.283e-05
-2.10329e-06
9.13558e-05
-1.37118e-06
9.20979e-05
-3.63524e-07
9.28524e-05
-5.41671e-07
-3.19555e-07
4.66652e-05
3.05941e-05
2.58767e-07
-3.8602e-08
-1.57456e-06
9.10985e-05
-1.22748e-06
9.17508e-05
-3.49345e-07
9.25077e-05
-5.33437e-07
-4.65416e-05
-2.77933e-07
4.64702e-05
-3.03859e-05
3.01907e-05
2.1757e-07
-2.23905e-08
-9.19718e-07
-8.51137e-07
9.16822e-05
-3.18018e-07
-4.32348e-07
9.24069e-05
-4.6333e-05
-2.80892e-07
4.62959e-05
-2.99996e-05
2.98043e-05
2.0883e-07
-1.35921e-08
2.3876e-07
-3.06017e-08
2.09224e-07
-1.80518e-08
1.96528e-07
-1.02439e-08
2.9618e-05
4.47827e-05
4.18002e-07
4.46034e-05
4.45431e-05
3.96299e-07
4.4356e-05
4.42839e-05
3.40862e-07
4.41396e-05
4.62044e-05
-1.06694e-08
2.07445e-06
5.92184e-07
-4.20926e-09
-2.05132e-06
2.03314e-06
-5.84707e-07
5.80497e-07
-9.09813e-10
-2.01759e-06
2.00491e-06
-5.77991e-07
5.77081e-07
-7.47733e-09
-2.50614e-09
4.30942e-10
1.99424e-06
5.77512e-07
-1.01451e-06
9.11724e-05
-9.1522e-05
-3.42964e-07
9.15851e-05
-3.77559e-07
-9.18791e-05
-2.66674e-07
4.55388e-05
-4.56151e-05
2.61298e-05
1.4399e-07
-2.62754e-05
1.60204e-09
-1.17965e-06
9.06053e-05
-3.21317e-07
9.1072e-05
-3.4529e-07
-4.54323e-05
-2.22195e-07
4.53332e-05
-2.60036e-05
2.59009e-05
9.69398e-08
5.81139e-09
-1.22604e-06
8.99281e-05
-2.80225e-07
9.04277e-05
-3.01449e-07
-4.52067e-05
-1.75189e-07
4.51017e-05
-2.5814e-05
2.57463e-05
5.98955e-08
7.8174e-09
-9.25051e-07
8.94026e-05
-2.19889e-07
8.99615e-05
-2.38998e-07
-4.49538e-05
-1.132e-07
4.48471e-05
-2.57e-05
2.56724e-05
1.39755e-08
1.3673e-08
-4.3811e-07
8.91818e-05
-1.29541e-07
8.97919e-05
-1.38933e-07
-4.4706e-05
-6.79494e-08
4.46444e-05
-2.56507e-05
2.56285e-05
8.90268e-09
1.32041e-08
-1.71763e-07
-7.77529e-08
-1.03319e-07
-4.45684e-05
-6.30851e-08
4.45537e-05
-2.55999e-05
2.55553e-05
3.48382e-08
9.72873e-09
1.23123e-07
3.06313e-09
7.98461e-08
7.00673e-09
3.47209e-08
1.1575e-08
7.65385e-09
1.40538e-08
1.61935e-08
1.24999e-08
6.29343e-08
6.35068e-09
4.23218e-05
-4.24445e-05
2.71075e-07
4.21738e-05
4.20486e-05
2.18824e-07
4.19096e-05
4.17943e-05
1.53567e-07
4.16755e-05
4.15762e-05
9.79046e-08
4.1486e-05
4.14269e-05
6.28758e-08
4.13803e-05
4.1352e-05
8.16254e-08
-6.82848e-07
9.16867e-05
-2.59376e-07
9.23493e-05
-3.65914e-07
-2.4806e-07
4.61931e-05
2.94351e-05
1.9076e-07
-7.86293e-09
-5.55649e-07
9.18243e-05
-2.38231e-07
9.23683e-05
-3.36355e-07
-4.61356e-05
-2.43693e-07
4.61411e-05
-2.92513e-05
2.9062e-05
1.94544e-07
-5.26218e-09
-5.20896e-07
9.20244e-05
-2.50144e-07
9.24424e-05
-3.44891e-07
-4.6106e-05
-2.62161e-07
4.6118e-05
-2.88665e-05
2.86616e-05
2.07259e-07
-2.31967e-09
-6.82074e-07
9.2105e-05
-3.08251e-07
9.24591e-05
-3.90541e-07
-4.61006e-05
-3.03318e-07
4.60957e-05
-2.84463e-05
2.82186e-05
2.30813e-07
-3.05928e-09
-7.97606e-07
9.20613e-05
-3.31588e-07
9.24225e-05
-4.29365e-07
-4.60667e-05
-3.16801e-07
4.60519e-05
-2.79842e-05
2.77483e-05
2.39394e-07
-3.53669e-09
-9.31169e-07
9.19491e-05
-3.64575e-07
9.23054e-05
-4.49462e-07
-4.60077e-05
-3.30386e-07
4.59735e-05
-2.75086e-05
2.72783e-05
2.34011e-07
-3.76004e-09
-1.046e-06
9.17493e-05
-3.83663e-07
9.20977e-05
-4.54695e-07
-4.5915e-05
-3.30094e-07
4.58614e-05
-2.70467e-05
2.68318e-05
2.18931e-07
-4.09747e-09
-1.00087e-06
-3.67294e-07
-4.14914e-07
-4.57782e-05
-3.03493e-07
4.57144e-05
-2.66241e-05
2.64394e-05
1.87304e-07
-2.63917e-09
1.90789e-07
-6.92468e-09
1.99235e-07
-3.7585e-09
2.17855e-07
-2.57998e-09
2.38336e-07
-3.96352e-09
2.44827e-07
-5.0845e-09
2.36317e-07
-4.6531e-09
2.10933e-07
-3.2038e-09
1.63458e-07
5.82813e-10
4.40823e-05
3.08439e-07
4.39647e-05
4.39155e-05
3.01297e-07
4.38135e-05
4.37586e-05
3.27486e-07
4.36489e-05
4.35764e-05
3.61534e-07
4.34532e-05
4.33758e-05
3.85166e-07
4.32355e-05
4.31391e-05
3.90951e-07
4.29845e-05
4.28733e-05
3.71472e-07
4.27128e-05
4.25966e-05
3.15559e-07
1.23841e-09
1.91289e-06
-1.91253e-06
5.98338e-07
-5.971e-07
2.59917e-09
-1.91435e-06
1.91757e-06
-5.99937e-07
6.02536e-07
3.20926e-09
-1.92165e-06
1.92626e-06
-6.05459e-07
6.08668e-07
6.1661e-09
-1.93293e-06
1.94044e-06
-6.1357e-07
6.19736e-07
6.70165e-09
-1.94786e-06
1.95436e-06
-6.26373e-07
6.33075e-07
6.17986e-09
-1.96004e-06
1.96359e-06
-6.39892e-07
6.46072e-07
1.59862e-09
2.92299e-09
4.90163e-09
6.63715e-09
6.81777e-09
4.95375e-09
1.12397e-09
1.98525e-06
5.78636e-07
1.79403e-09
-1.97702e-06
1.96996e-06
-5.79942e-07
5.81736e-07
2.81313e-09
-1.96384e-06
1.9587e-06
-5.84105e-07
5.86918e-07
2.05404e-09
-1.95361e-06
1.94849e-06
-5.89436e-07
5.9149e-07
1.42265e-09
-1.94308e-06
1.93812e-06
-5.92939e-07
5.94361e-07
8.39392e-10
-1.93255e-06
1.92795e-06
-5.94847e-07
5.95686e-07
4.55523e-11
-1.92317e-06
1.91902e-06
-5.95816e-07
5.95862e-07
-7.7916e-11
-1.91569e-06
1.91313e-06
-5.95991e-07
5.95913e-07
1.30581e-09
2.36869e-09
2.51794e-09
1.44877e-09
4.85585e-10
1.29821e-10
1.29328e-10
1.18664e-09
)
;

boundaryField
{
    inlet
    {
        type            calculated;
        value           nonuniform List<scalar> 0();
    }
    outlet
    {
        type            calculated;
        value           nonuniform List<scalar> 
52
(
3.46566e-05
4.60923e-05
4.63971e-05
4.60641e-05
4.57001e-05
4.51325e-05
4.40773e-05
4.29273e-05
4.18591e-05
4.04413e-05
3.89881e-05
3.76381e-05
3.6434e-05
3.63896e-05
3.73404e-05
4.02677e-05
4.32246e-05
4.48319e-05
4.54613e-05
4.57062e-05
4.58416e-05
4.61661e-05
4.50237e-05
2.07201e-05
1.98633e-05
4.36484e-05
4.64792e-05
4.62245e-05
4.59692e-05
4.55171e-05
4.47473e-05
4.37582e-05
4.27267e-05
4.15737e-05
3.99413e-05
3.88251e-05
3.73617e-05
3.61497e-05
3.6528e-05
3.79182e-05
4.11898e-05
4.39544e-05
4.50663e-05
4.55233e-05
4.56922e-05
4.59163e-05
4.62203e-05
3.71645e-05
1.79716e-06
6.00453e-07
1.72186e-06
5.40509e-07
)
;
    }
    wall
    {
        type            calculated;
        value           uniform 0;
    }
    empty_zmin
    {
        type            empty;
    }
    empty_zmax
    {
        type            empty;
    }
    procBoundary1to0
    {
        type            processor;
        value           nonuniform List<scalar> 
39
(
-9.65168e-05
-9.4799e-05
-9.36282e-05
-9.29607e-05
-9.16956e-05
-9.17742e-05
-9.18282e-05
-9.20763e-05
-4.6222e-05
-3.41558e-05
-4.53724e-05
-3.44753e-06
-1.33811e-06
-9.17709e-05
-9.27327e-05
-9.56227e-05
-9.57168e-05
-9.81083e-05
-9.85088e-05
-4.616e-05
-4.69622e-05
1.31493e-06
-5.14891e-05
-3.58068e-05
3.11126e-06
1.39158e-06
-3.85863e-05
-5.04014e-05
-5.28963e-05
9.73179e-07
-1.4116e-06
-3.59734e-05
2.17661e-06
-4.95891e-05
-5.14814e-05
-4.69626e-05
-4.70306e-05
-4.21082e-06
-1.73079e-06
)
;
    }
}


// ************************************************************************* //
