/*--------------------------------*- C++ -*----------------------------------*\
| =========                 |                                                 |
| \\      /  F ield         | OpenFOAM: The Open Source CFD Toolbox           |
|  \\    /   O peration     | Version:  2406                                  |
|   \\  /    A nd           | Website:  www.openfoam.com                      |
|    \\/     M anipulation  |                                                 |
\*---------------------------------------------------------------------------*/
FoamFile
{
    version     2.0;
    format      ascii;
    arch        "LSB;label=32;scalar=64";
    class       volScalarField;
    location    "1.51";
    object      Co;
}
// * * * * * * * * * * * * * * * * * * * * * * * * * * * * * * * * * * * * * //

dimensions      [0 0 0 0 0 0 0];

internalField   nonuniform List<scalar> 
2367
(
0.0792337
0.0779788
0.0775932
0.0776936
0.0744113
0.071585
0.134083
0.129102
0.133132
0.134114
0.141999
0.145555
0.0995432
0.0509716
0.104001
0.0535545
0.0296952
0.0352437
0.0442772
0.0537205
0.0636666
0.0648115
0.0608584
0.0513474
0.0401571
0.0317969
0.120299
0.117726
0.0641576
0.126819
0.128067
0.0671359
0.0664974
0.0658365
0.136379
0.137752
0.077221
0.0777708
0.0779772
0.0740998
0.0672812
0.111743
0.0905584
0.0639564
0.0453585
0.0564023
0.087497
0.11591
0.14594
0.077365
0.14437
0.145837
0.0806503
0.0820332
0.0839433
0.0831518
0.152791
0.128015
0.0944843
0.0568489
0.0289692
0.0394172
0.0832808
0.125506
0.161632
0.0874129
0.088183
0.0868169
0.0823922
0.0791178
0.0764136
0.0747513
0.140619
0.134679
0.154776
0.160803
0.0913569
0.0931626
0.0952433
0.190488
0.176652
0.163008
0.185701
0.204526
0.0964844
0.0936814
0.0919376
0.0878694
0.0826277
0.0785132
0.147495
0.141471
0.164062
0.17197
0.0933589
0.101023
0.20494
0.221167
0.213414
0.234483
0.218967
0.101319
0.0934912
0.0882509
0.0848444
0.0814692
0.154981
0.147844
0.174599
0.183402
0.103301
0.212615
0.221734
0.246033
0.239451
0.214512
0.101357
0.0947947
0.0896835
0.084484
0.160715
0.15306
0.182182
0.191445
0.104463
0.212832
0.233398
0.240738
0.22088
0.0990947
0.0930614
0.089892
0.0864189
0.166351
0.157531
0.187797
0.197145
0.106403
0.212563
0.219548
0.211435
0.21479
0.101019
0.0960793
0.0912609
0.0870474
0.169934
0.161502
0.190554
0.198435
0.105915
0.21068
0.223642
0.21998
0.213664
0.0974015
0.0927306
0.0897583
0.0875258
0.171514
0.164195
0.191844
0.195891
0.10466
0.214438
0.234956
0.216753
0.214861
0.0963126
0.091003
0.0875207
0.0865689
0.170987
0.166242
0.195352
0.194908
0.100969
0.206681
0.210612
0.183765
0.203612
0.0944867
0.0913906
0.0892064
0.0875741
0.172869
0.166769
0.196372
0.197516
0.0997427
0.10246
0.207074
0.0751081
0.179855
0.210931
0.0965
0.0929251
0.0903636
0.0880758
0.172685
0.164661
0.196683
0.198826
0.102374
0.103206
0.201438
0.0477485
0.0159231
0.0631642
0.181541
0.0998617
0.0963192
0.0936256
0.089037
0.0871748
0.172415
0.160702
0.196337
0.199678
0.10007
0.0997903
0.0909054
0.0734103
0.00741581
0.0138517
0.0188215
0.0233909
0.0464645
0.0942358
0.0967777
0.0937449
0.0914058
0.0881906
0.086378
0.170094
0.155643
0.195991
0.199338
0.101572
0.100756
0.0939988
0.0386853
0.0266568
0.0413198
0.0470937
0.0575573
0.0541866
0.043592
0.028966
0.0224359
0.0102256
0.0601019
0.0954927
0.0960047
0.0915244
0.0895452
0.0871572
0.0850004
0.166989
0.149576
0.195482
0.200478
0.102008
0.103652
0.0983634
0.0478437
0.0237668
0.0284403
0.0521543
0.0544855
0.0312335
0.0534708
0.0471828
0.020851
0.0232768
0.0755815
0.0951532
0.0953029
0.0909962
0.0875217
0.0853281
0.0834161
0.163986
0.143069
0.0559905
0.0317726
0.0353115
0.0349053
0.0303747
0.0375153
0.0402834
0.0371609
0.028704
0.0295599
0.0811245
0.0908849
0.0881429
0.0842623
0.0832439
0.0826787
0.0811524
0.160244
0.13617
0.0650979
0.0409634
0.0430741
0.0418876
0.0348142
0.0418461
0.0471796
0.0473781
0.037078
0.0313973
0.081833
0.0863417
0.0848752
0.0819461
0.0802754
0.0793511
0.0784419
0.155808
0.129117
0.114053
0.119075
0.120522
0.126453
0.129333
0.134618
0.137893
0.143527
0.114184
0.125064
0.136493
0.0719968
0.119979
0.0294939
0.0351727
0.0672183
0.104364
0.127587
0.137987
0.149172
0.135648
0.139116
0.14749
0.15304
0.181669
0.198084
0.193973
0.173816
0.186117
0.203313
0.201097
0.145408
0.157161
0.162715
0.230591
0.239021
0.237359
0.220368
0.226312
0.24137
0.242115
0.150628
0.167249
0.171283
0.268985
0.248021
0.266929
0.155186
0.17535
0.178249
0.245347
0.23068
0.226168
0.23191
0.226598
0.22958
0.15935
0.181313
0.183178
0.219194
0.221336
0.221096
0.213938
0.212801
0.212614
0.162935
0.185304
0.186742
0.222395
0.229485
0.235242
0.21978
0.225551
0.220218
0.165401
0.188457
0.190012
0.225016
0.217504
0.23223
0.221669
0.220518
0.211014
0.16712
0.18988
0.189221
0.0900253
0.130159
0.166131
0.1881
0.186446
0.0378033
0.0521263
0.114563
0.101747
0.0856461
0.162979
0.184424
0.181755
0.0107734
0.00951303
0.0583995
0.0417316
0.0324102
0.158254
0.17855
0.174044
0.0226406
0.0338021
0.0285682
0.0493635
0.0416876
0.0650351
0.0413722
0.0221072
0.0295123
0.0196215
0.00900935
0.0179171
0.152744
0.168299
0.162281
0.146324
0.155461
0.14719
0.139708
0.132632
0.125827
0.119272
0.130998
0.127814
0.119178
0.136443
0.133884
0.127438
0.141514
0.135883
0.130266
0.145303
0.1456
0.138004
0.146618
0.142543
0.140163
0.15686
0.15142
0.104679
0.109992
0.120797
0.0727588
0.0722479
0.093492
0.0486834
0.0421111
0.064113
0.0468094
0.0399241
0.0385806
0.0768862
0.0723179
0.0457847
0.10024
0.101737
0.0837702
0.119302
0.130243
0.121146
0.146613
0.143207
0.147272
0.145627
0.156297
0.151653
0.148188
0.163729
0.161299
0.160009
0.156463
0.154381
0.166464
0.166835
0.161244
0.139872
0.147721
0.152015
0.158213
0.16633
0.161087
0.165694
0.177905
0.17181
0.199268
0.201463
0.190595
0.194154
0.198155
0.209496
0.146622
0.153148
0.157032
0.168368
0.176076
0.170391
0.17664
0.183342
0.180862
0.216255
0.229223
0.222617
0.210988
0.220241
0.228192
0.153259
0.157728
0.161602
0.179317
0.183093
0.178031
0.190133
0.19466
0.18863
0.216347
0.22349
0.214846
0.237561
0.25517
0.237434
0.226304
0.234176
0.249977
0.21175
0.210705
0.220433
0.158804
0.161921
0.165423
0.186634
0.188491
0.184082
0.199034
0.196456
0.193392
0.226187
0.221115
0.214759
0.209298
0.210372
0.220463
0.163706
0.165553
0.169149
0.192053
0.191252
0.187857
0.205242
0.198987
0.195713
0.219729
0.220392
0.217254
0.207875
0.209434
0.211891
0.16723
0.167664
0.169763
0.194157
0.192323
0.190118
0.206482
0.197623
0.19563
0.219724
0.228973
0.2206
0.203974
0.20692
0.216941
0.168912
0.169227
0.170735
0.19332
0.194975
0.194745
0.201341
0.199738
0.195718
0.226822
0.225407
0.214945
0.204585
0.200799
0.211945
0.170328
0.172511
0.172943
0.195643
0.197068
0.195921
0.196626
0.201949
0.198889
0.21369
0.207886
0.201561
0.181576
0.157863
0.206896
0.204763
0.215339
0.174345
0.196729
0.198126
0.210266
0.172795
0.173867
0.175307
0.197123
0.197531
0.196436
0.197727
0.201158
0.19845
0.167045
0.157581
0.20282
0.212416
0.208647
0.179012
0.200901
0.199941
0.210025
0.172823
0.173888
0.175948
0.198476
0.199042
0.196543
0.19894
0.201655
0.199935
0.161698
0.167729
0.200649
0.014233
0.0138656
0.060021
0.0996479
0.10384
0.0515861
0.2038
0.20349
0.187054
0.17164
0.171287
0.17369
0.198925
0.198159
0.196074
0.199519
0.197372
0.197526
0.0144459
0.0249385
0.0864915
0.00951642
0.0225413
0.0203388
0.0336052
0.0246019
0.0116829
0.11382
0.133695
0.0553113
0.168768
0.168285
0.171393
0.198687
0.200816
0.196449
0.200071
0.201723
0.201032
0.0344316
0.0444904
0.0390046
0.042584
0.0494391
0.0496099
0.0500663
0.0493429
0.0495171
0.0600085
0.0563724
0.0545419
0.0483993
0.0472587
0.0538666
0.0361438
0.0376891
0.0429798
0.0194661
0.0256812
0.0362722
0.00900875
0.0156576
0.0299635
0.0273195
0.0375708
0.0154948
0.165312
0.164411
0.168012
0.200422
0.20157
0.194473
0.200335
0.201987
0.201651
0.0515691
0.0584738
0.0582752
0.05998
0.0591042
0.0550618
0.0505132
0.0650858
0.0677699
0.0394331
0.0472267
0.0597501
0.161658
0.16056
0.16449
0.1575
0.156026
0.159982
0.152994
0.15148
0.15538
0.244163
0.1888
0.1152
0.106207
0.119982
0.0964118
0.019999
0.0179207
0.0911042
0.0722431
0.0123877
0.00590341
0.0713237
0.0479383
0.0431889
0.0215887
0.05033
0.0254309
0.0467613
0.0363835
0.0502538
0.0283063
0.101025
0.0791807
0.0143287
0.00538974
0.248238
0.186693
0.205843
0.135616
0.233472
0.104751
0.140062
0.026609
0.13825
0.101
0.106282
0.0554809
0.113453
0.0600216
0.118195
0.0630928
0.122338
0.0648435
0.124355
0.0649384
0.126295
0.0642389
0.127001
0.0608609
0.124313
0.0545276
0.117762
0.0460393
0.106448
0.0366202
0.0928049
0.0279185
0.0780603
0.0201237
0.0613356
0.012441
0.0461881
0.00571142
0.0332537
0.00246363
0.0230008
0.00630376
0.235328
0.173154
0.227095
0.137381
0.230739
0.0824032
0.151613
0.0479685
0.141081
0.105125
0.126747
0.0909084
0.0168668
0.0090319
0.152826
0.112266
0.069896
0.0514274
0.0912105
0.0685132
0.0370507
0.0268837
0.0381823
0.00995335
0.0518995
0.0276193
0.0835856
0.0590725
0.0722231
0.0554048
0.226187
0.130862
0.199133
0.0605186
0.110862
0.0580122
0.11641
0.0618858
0.120242
0.0640198
0.123073
0.0649384
0.124939
0.0648231
0.126641
0.0628484
0.125947
0.0579642
0.122152
0.05068
0.112626
0.0413067
0.0998638
0.0321739
0.0857185
0.0239652
0.0698862
0.0162462
0.0535404
0.00898771
0.0394999
0.0027508
0.0278879
0.00456943
0.0188773
0.00773912
0.085996
0.041688
0.0954301
0.048685
0.105924
0.056429
0.116399
0.0644577
0.127166
0.072406
0.137119
0.0798406
0.145686
0.0851064
0.151149
0.0870343
0.153724
0.086554
0.157896
0.0833993
0.158214
0.0744428
0.150561
0.0591264
0.134247
0.0429231
0.11257
0.0279902
0.0825624
0.0145639
0.0448133
0.00456786
0.0245697
0.0115221
0.253845
0.190823
0.148939
0.109706
0.23372
0.155638
0.232473
0.117625
0.168716
0.0352458
0.0571111
0.0571284
0.14196
0.0977238
0.0109973
0.0117642
0.0355905
0.0180315
0.159718
0.11917
0.100496
0.0782416
0.123234
0.0914623
0.124652
0.0975493
0.023309
0.0202543
0.139742
0.10412
0.243634
0.185975
0.104053
0.10784
0.0930875
0.0458587
0.102248
0.0529251
0.112532
0.0608425
0.122423
0.0685674
0.133308
0.0766616
0.142118
0.0828727
0.148373
0.0863058
0.152387
0.0870343
0.15606
0.0857359
0.157974
0.0794102
0.156119
0.0675455
0.142977
0.0507547
0.124536
0.0354772
0.0986179
0.0208964
0.0649342
0.00842316
0.0257987
0.00560944
0.0370425
0.0205938
0.0494537
0.0408398
0.00695692
0.0069087
0.0334532
0.0092127
0.0619666
0.0249862
0.047662
0.0257288
0.0301067
0.0157391
0.0244997
0.0117481
0.0151065
0.00357334
0.011081
0.00577899
0.0612895
0.049029
0.148638
0.109762
0.25108
0.169409
0.127483
0.0493416
0.0508748
0.0583337
0.191176
0.201196
0.0986793
0.09736
0.095445
0.182067
0.198538
0.0995993
0.1
0.098366
0.138035
0.128365
0.119263
0.110909
0.200373
0.198505
0.187129
0.200608
0.199232
0.199398
0.196234
0.193875
0.177292
0.198213
0.198807
0.197539
0.0414826
0.0278843
0.0399936
0.0346979
0.0415373
0.0323287
0.0382636
0.0346979
0.0385845
0.0379126
0.0419726
0.0465621
0.0514964
0.0554761
0.0344385
0.0387746
0.0457635
0.0529216
0.0603551
0.0572548
0.0553731
0.0523397
0.0471902
0.0428736
0.0593344
0.0545016
0.0492034
0.0422154
0.0358357
0.108798
0.109659
0.054412
0.110852
0.109443
0.0585647
0.115068
0.115239
0.0589711
0.058878
0.0632147
0.0616303
0.100885
0.103983
0.10382
0.10812
0.108287
0.113182
0.109346
0.114987
0.11373
0.110224
0.111116
0.113718
0.1098
0.120239
0.117585
0.111387
0.122802
0.121724
0.11525
0.126008
0.122794
0.115883
0.123851
0.126617
0.0640159
0.0275393
0.0704439
0.0311325
0.077751
0.036315
0.0685157
0.0296556
0.0772694
0.0346665
0.0834595
0.0393517
0.0932907
0.0943111
0.0949197
0.0954032
0.0957029
0.0958997
0.096018
0.0960795
0.0961176
0.0961619
0.0961958
0.09622
0.0962263
0.0962058
0.0961892
0.0961614
0.0961367
0.0960663
0.0959505
0.0958688
0.0956308
0.0951614
0.0944367
0.0955455
0.0938972
0.0925228
0.0938883
0.0948059
0.095315
0.0956509
0.0958782
0.0960021
0.0960837
0.0961461
0.0961936
0.0962383
0.0962641
0.096242
0.0962044
0.0961487
0.0960983
0.0959754
0.0957552
0.0955767
0.095241
0.0942576
0.0930436
0.0954465
0.0987322
0.0957018
0.0469181
0.046953
0.0471645
0.0473577
0.0475373
0.0476763
0.0477853
0.0478692
0.0479195
0.0479552
0.0479756
0.0479812
0.0479722
0.0479417
0.0478744
0.0477818
0.0476156
0.047504
0.0474142
0.0476634
0.0959227
0.100266
0.100657
0.0979457
0.0479725
0.047476
0.0473977
0.0475092
0.0476069
0.0476989
0.0477857
0.0478723
0.0479458
0.0479992
0.0480304
0.0480392
0.0480239
0.0479925
0.0479032
0.0478068
0.0476561
0.0476318
0.0481229
0.0489857
0.0991526
0.10091
0.101005
0.0988932
0.0484031
0.0479143
0.0476688
0.0475749
0.047629
0.0476958
0.0477702
0.0478432
0.047915
0.0479659
0.048016
0.0480722
0.0480936
0.0480855
0.0481035
0.048056
0.0481275
0.0483369
0.0485668
0.0491723
0.0995739
0.100092
0.101062
0.0992734
0.0488456
0.0482451
0.0478474
0.0477037
0.0476625
0.0477024
0.0477667
0.0478523
0.0479367
0.0480924
0.0481535
0.0481329
0.0481811
0.0482163
0.0482098
0.048225
0.0482396
0.0484475
0.0490346
0.0497516
0.100617
0.099183
0.100924
0.0992381
0.048827
0.0484798
0.0481827
0.0478712
0.0477264
0.047702
0.0477349
0.047788
0.0477943
0.0477892
0.0479686
0.0481915
0.0482491
0.0483209
0.0484138
0.0485354
0.0487953
0.0491468
0.0494204
0.0497358
0.100414
0.0983925
0.100919
0.0994786
0.0490172
0.0484954
0.0481639
0.0479659
0.0478144
0.0477686
0.0477909
0.0478824
0.0480484
0.048199
0.048176
0.0482187
0.0483639
0.0484837
0.048615
0.0487417
0.0487519
0.0489444
0.0494719
0.0500568
0.101422
0.0976221
0.101083
0.0996846
0.0489147
0.0485372
0.0481967
0.0479651
0.0477761
0.0476386
0.047658
0.0477624
0.0478553
0.0480028
0.0482543
0.0484497
0.048559
0.0487177
0.0488787
0.0491192
0.049413
0.0498342
0.050182
0.0503881
0.101369
0.0969342
0.100976
0.0995402
0.048997
0.0485137
0.0481979
0.0479619
0.0478344
0.0478083
0.0477441
0.0477432
0.0478562
0.0480058
0.0480943
0.0483253
0.0486563
0.0489479
0.0491255
0.0492693
0.0493261
0.0494079
0.0497723
0.0504926
0.10252
0.0963471
0.100798
0.09954
0.0490021
0.048522
0.0482632
0.0479919
0.0477729
0.0476228
0.0476082
0.0477997
0.0479709
0.0482554
0.0485004
0.0486906
0.0488455
0.0491187
0.0494792
0.0497235
0.0501598
0.0505949
0.0508296
0.0511216
0.102487
0.0959087
0.100796
0.0997918
0.0494095
0.0490866
0.0486426
0.0483198
0.0479219
0.0475615
0.0474894
0.0476677
0.0479371
0.0481373
0.048402
0.0488169
0.0491897
0.0494965
0.0498059
0.0501225
0.0502721
0.050296
0.0504358
0.051051
0.102926
0.0957347
0.100864
0.0998006
0.0494387
0.048818
0.0485139
0.0481982
0.0477618
0.0475041
0.0475726
0.047735
0.0478531
0.0481335
0.0485334
0.0490338
0.0494366
0.0497848
0.0501066
0.0504084
0.0508251
0.0513995
0.0518173
0.0520449
0.103185
0.0960516
0.101075
0.0998989
0.0497652
0.0497003
0.049243
0.0485851
0.0481073
0.04783
0.0475129
0.0475117
0.0479007
0.0483084
0.0487408
0.0491079
0.0496425
0.0501826
0.0507353
0.0511262
0.0514103
0.0514297
0.051511
0.0521643
0.104019
0.096458
0.101441
0.100436
0.0507126
0.0500796
0.0495332
0.0490678
0.0488179
0.0480868
0.0473903
0.0472607
0.0476629
0.0484737
0.0491721
0.0498424
0.0504592
0.0509206
0.0514501
0.051889
0.0523036
0.0527614
0.0527947
0.0528282
0.104797
0.0971947
0.102114
0.100974
0.0503532
0.0498875
0.0496185
0.0489785
0.0481147
0.0474303
0.0470343
0.0471284
0.0476677
0.0481607
0.0488676
0.0497383
0.0507793
0.0515974
0.0519955
0.0523356
0.0524037
0.0523181
0.0526897
0.0535188
0.105719
0.0978494
0.103024
0.101682
0.0519514
0.0513298
0.0507672
0.0501689
0.0496932
0.0486102
0.0469833
0.0462908
0.0468269
0.0476893
0.0487395
0.0499636
0.0511036
0.0524149
0.0533042
0.0536105
0.0541958
0.0548387
0.0547955
0.0547351
0.107272
0.0992954
0.10405
0.103041
0.051585
0.0513035
0.050886
0.0503355
0.0492462
0.0476368
0.0462149
0.0455923
0.0460798
0.0469515
0.0480979
0.0497107
0.0514198
0.0524457
0.0532147
0.054104
0.0543551
0.0542906
0.0548924
0.0557063
0.108733
0.101243
0.105876
0.104125
0.0548449
0.053998
0.0529195
0.0512969
0.0491059
0.0470077
0.0451411
0.0442045
0.0448348
0.0464656
0.0481747
0.0497699
0.0513889
0.0535188
0.0551375
0.0559706
0.0568115
0.0572124
0.056919
0.0565928
0.110615
0.103344
0.0446568
0.0429475
0.0432329
0.0452358
0.0474865
0.049872
0.0517094
0.0532819
0.0553047
0.0574167
0.0580858
0.0579329
0.0580723
0.0586161
0.113679
0.1057
0.0435947
0.0406743
0.0406611
0.0435458
0.0469114
0.0507161
0.0545985
0.0577787
0.0590993
0.0593984
0.0606169
0.0613727
0.0610418
0.0603514
0.115774
0.108899
0.0580401
0.0607814
0.0625202
0.0626644
0.0622514
0.0626032
0.0624419
0.118903
0.112873
0.0648497
0.0662696
0.0653489
0.06589
0.0670611
0.0672108
0.0657867
0.122822
0.116892
0.0668138
0.0713424
0.0740256
0.0733348
0.071615
0.0703903
0.0691698
0.129598
0.123248
0.10925
0.105737
0.111294
0.105033
0.105164
0.105196
0.10506
0.105339
0.105261
0.105437
0.105395
0.10549
0.105466
0.10553
0.105514
0.10555
0.105543
0.105561
0.105556
0.105569
0.105566
0.105583
0.105575
0.105569
0.105578
0.105573
0.10557
0.105568
0.10557
0.105552
0.105558
0.105541
0.105551
0.105501
0.105518
0.105471
0.105493
0.105414
0.10544
0.10534
0.105383
0.105153
0.105262
0.105045
0.105003
0.111311
0.105727
0.109247
0.0955009
0.0920749
0.0921619
0.0953817
0.0982713
0.0983112
0.100084
0.100616
0.100859
0.100607
0.100063
0.100515
0.0996075
0.0989645
0.0996318
0.0985144
0.0978933
0.0987954
0.097381
0.0968682
0.0979394
0.0963705
0.0957142
0.0971314
0.0954515
0.0947137
0.0964815
0.0944486
0.0939706
0.0958545
0.0936613
0.0932571
0.0956167
0.0930595
0.0928127
0.0959545
0.0927564
0.0930222
0.0966119
0.0929228
0.093249
0.0973029
0.0931736
0.0938953
0.0980425
0.0935103
0.0947774
0.0994578
0.0944714
0.0962072
0.101379
0.0959372
0.0979983
0.10379
0.097939
0.100592
0.105951
0.109878
0.113495
0.117505
0.122615
0.128475
0.0542613
0.0535047
0.0516986
0.0490487
0.0466773
0.0575402
0.0559256
0.0538244
0.0509146
0.0476006
0.0942154
0.0927925
0.0913512
0.0945178
0.0944184
0.0937869
0.095246
0.0947941
0.0945717
0.0955674
0.0952819
0.095025
0.095814
0.0956572
0.0954867
0.0959675
0.0958279
0.0957499
0.096052
0.0959533
0.0958898
0.0960998
0.0960659
0.0960068
0.096138
0.0961369
0.0961088
0.0961868
0.0961738
0.096156
0.096198
0.0962043
0.0961932
0.0962327
0.0962054
0.0962067
0.0962163
0.0962049
0.0962007
0.0961977
0.0962177
0.0962076
0.0961781
0.0961827
0.0961951
0.0961505
0.0961263
0.0961612
0.096113
0.0959935
0.09605
0.0960055
0.0958827
0.0959467
0.0959035
0.0956319
0.0957856
0.0957874
0.0951252
0.0953927
0.0954205
0.0944099
0.094841
0.0948009
0.0934794
0.093982
0.0933593
0.0914815
0.0928876
0.0927877
0.0945328
0.0963707
0.0931398
0.0939068
0.0938194
0.0945214
0.0945744
0.0942748
0.0951288
0.0952225
0.0948505
0.0955308
0.0955835
0.095321
0.0957989
0.0957809
0.0956314
0.0959602
0.0959229
0.0958233
0.0960488
0.0960338
0.0959609
0.0961147
0.0961155
0.0960663
0.0961803
0.0961807
0.0961388
0.0962198
0.0962368
0.0961937
0.0962645
0.0962753
0.096254
0.096267
0.0962837
0.0962749
0.0962393
0.09629
0.0962748
0.0962017
0.0962461
0.0962408
0.0961506
0.0961559
0.0961738
0.096063
0.0959908
0.0960572
0.0959071
0.0958276
0.0958813
0.0956465
0.0955247
0.0957359
0.0954408
0.0950373
0.0953708
0.0948381
0.0945729
0.0949782
0.0933265
0.0942559
0.0942991
0.093885
0.0963075
0.0945571
0.0970247
0.097602
0.0996351
0.0940861
0.0953634
0.09611
0.0986395
0.0998428
0.0980922
0.0991934
0.0989909
0.100522
0.0967046
0.0971493
0.0977944
0.100786
0.100946
0.0997639
0.0999855
0.09945
0.100634
0.097598
0.098076
0.0986034
0.10123
0.101273
0.100269
0.100213
0.0997932
0.100714
0.098418
0.0985678
0.0989905
0.101435
0.101442
0.100555
0.100221
0.10001
0.10074
0.0980859
0.098892
0.0992916
0.101658
0.101557
0.100735
0.100412
0.0997713
0.100492
0.0987395
0.0989584
0.0991046
0.101909
0.101631
0.10087
0.100859
0.0995519
0.100244
0.0984982
0.0988541
0.0991008
0.102124
0.101911
0.101809
0.100682
0.0998039
0.100286
0.0987246
0.0986948
0.0991008
0.102488
0.102453
0.102374
0.100535
0.100074
0.100421
0.098807
0.0990641
0.0994233
0.102762
0.10298
0.103742
0.10072
0.101172
0.101016
0.0989554
0.0995019
0.100329
0.102932
0.103773
0.104161
0.100836
0.101766
0.1015
0.0990118
0.100589
0.101082
0.103453
0.104809
0.10575
0.100689
0.102155
0.101982
0.0993989
0.100684
0.101435
0.104116
0.106187
0.106984
0.101126
0.103516
0.103056
0.100271
0.102954
0.102969
0.105219
0.106574
0.107299
0.102037
0.10505
0.104331
0.10051
0.103029
0.104286
0.105517
0.108824
0.11031
0.102975
0.107012
0.10577
0.101262
0.107476
0.107236
0.107281
0.110654
0.112278
0.103634
0.108824
0.107858
0.102303
0.106275
0.10826
0.108709
0.113908
0.11613
0.105278
0.111875
0.11
0.104554
0.114608
0.112787
0.111509
0.115734
0.116928
0.113371
0.119916
0.122685
0.115954
0.123354
0.12621
0.119162
0.127582
0.130418
0.123125
0.132454
0.137169
0.128599
0.138305
0.14211
0.105514
0.0852079
0.0984193
0.0616985
0.093768
0.0450466
0.0817359
0.0319915
0.0712869
0.0256155
0.0632441
0.0221944
0.0566915
0.0199606
0.0512958
0.0182989
0.047265
0.0170891
0.0441776
0.0161355
0.0421368
0.015627
0.0417614
0.015607
0.0439572
0.0162385
0.0470512
0.0174276
0.0511877
0.0194807
0.0534467
0.0214712
0.0561213
0.023257
0.0598486
0.0252593
0.0636482
0.027727
0.0686118
0.0304708
0.0736367
0.0339903
0.0790854
0.037347
0.0859897
0.0416558
0.0926744
0.0464853
0.106986
0.0982877
0.0988352
0.0705105
0.0971574
0.0533673
0.0877787
0.0374748
0.0760367
0.028212
0.0670767
0.0237047
0.0598163
0.0209905
0.0537274
0.0190342
0.0489462
0.0175971
0.0454183
0.016529
0.0427097
0.0157289
0.0414209
0.0155211
0.0427559
0.0158903
0.0460986
0.0170203
0.0500077
0.0185488
0.053341
0.0208372
0.0558716
0.0227609
0.0592348
0.024623
0.0636214
0.027055
0.0675214
0.0295211
0.0742624
0.0332287
0.0788384
0.0364247
0.0851625
0.04022
0.0926716
0.0451282
0.0979022
0.0491757
0.10555
0.0852008
0.0983562
0.0615469
0.0933891
0.0446291
0.0813152
0.0315284
0.0705394
0.0249748
0.0622389
0.0214205
0.0552472
0.0189541
0.049603
0.0170808
0.0451922
0.0156462
0.0414892
0.0143889
0.0388962
0.0135301
0.0374179
0.0131137
0.0384123
0.0131956
0.0415398
0.0140799
0.0450758
0.0157657
0.0477112
0.0175352
0.0508611
0.0194754
0.054357
0.0215417
0.0594342
0.0244046
0.106993
0.0982877
0.0988927
0.0704581
0.0971721
0.053133
0.0874429
0.0370633
0.0753678
0.0276345
0.0660464
0.0229523
0.0585261
0.0200917
0.0522896
0.0179968
0.0469734
0.0162371
0.0429739
0.0148899
0.0401411
0.0139528
0.0380839
0.0132914
0.0375341
0.0131025
0.0400528
0.0136081
0.0437016
0.0149398
0.0471035
0.0169042
0.0501868
0.0187663
0.0537132
0.0208781
0.0580147
0.0231998
0.0633581
0.0265349
0.0762663
0.0495683
0.0493331
0.0471332
0.0396376
0.0406278
0.0515094
0.0525517
0.0445159
0.030181
0.0781737
0.0808665
0.0803632
0.0778666
0.0769588
0.0763967
0.0761158
0.151551
0.122586
0.0576722
0.0481134
0.043156
0.0364653
0.0307003
0.0479806
0.0528144
0.0483955
0.0308267
0.0687479
0.0736827
0.0739142
0.0738202
0.0747548
0.0746191
0.0742839
0.147874
0.116951
0.0694028
0.07151
0.0722279
0.0719298
0.0717772
0.143673
0.112294
0.119704
0.114547
0.148652
0.147214
0.151322
0.144525
0.14313
0.147291
0.140565
0.0755455
0.0488711
0.0369445
0.0295808
0.0198315
0.0311829
0.0429363
0.0438558
0.0315261
0.0538632
0.0671982
0.0150218
0.00876155
0.00883901
0.0100077
0.00452319
0.0105201
0.0117717
0.00949895
0.00657492
0.0104133
0.15103
0.195245
0.102352
0.108109
0.114058
0.106102
0.0650996
0.184577
0.199826
0.17237
0.197114
0.101225
0.104823
0.104613
0.163102
0.196027
0.101829
0.10709
0.110391
0.0902515
0.103086
0.0946323
0.0854002
0.0752388
0.191815
0.189694
0.167827
0.198672
0.199161
0.196024
0.188227
0.186396
0.157968
0.199042
0.199966
0.195408
0.0257841
0.0199398
0.018308
0.0385792
0.0340587
0.033722
0.0272088
0.0371265
0.0313655
0.0290796
0.0228226
)
;

boundaryField
{
    inlet
    {
        type            zeroGradient;
    }
    outlet
    {
        type            zeroGradient;
    }
    wall
    {
        type            zeroGradient;
    }
    empty_zmin
    {
        type            empty;
    }
    empty_zmax
    {
        type            empty;
    }
    procBoundary0to1
    {
        type            processor;
        value           nonuniform List<scalar> 
35
(
0.0660995
0.0669692
0.066902
0.0674961
0.142866
0.0690061
0.142866
0.110675
0.139301
0.0982257
0.0717567
0.0494225
0.0319626
0.0146454
0.00820994
0.0251582
0.0327737
0.025585
0.0380568
0.0622335
0.00323785
0.010552
0.142466
0.193675
0.101597
0.199406
0.107774
0.114946
0.113982
0.055413
0.181188
0.199406
0.0241327
0.017049
0.0241327
)
;
    }
}


// ************************************************************************* //
