/*--------------------------------*- C++ -*----------------------------------*\
| =========                 |                                                 |
| \\      /  F ield         | OpenFOAM: The Open Source CFD Toolbox           |
|  \\    /   O peration     | Version:  2406                                  |
|   \\  /    A nd           | Website:  www.openfoam.com                      |
|    \\/     M anipulation  |                                                 |
\*---------------------------------------------------------------------------*/
FoamFile
{
    version     2.0;
    format      ascii;
    arch        "LSB;label=32;scalar=64";
    class       volScalarField;
    location    "2.33";
    object      Co;
}
// * * * * * * * * * * * * * * * * * * * * * * * * * * * * * * * * * * * * * //

dimensions      [0 0 0 0 0 0 0];

internalField   nonuniform List<scalar> 
2284
(
0.0526146
0.0537521
0.054176
0.10628
0.108919
0.0549307
0.0551484
0.0566111
0.0576103
0.0613493
0.0610836
0.0592358
0.088754
0.0895462
0.10892
0.109569
0.106809
0.108782
0.110563
0.110247
0.046535
0.019318
0.0472016
0.0197538
0.0487075
0.048696
0.0486951
0.0487066
0.0487279
0.0487533
0.0487801
0.0488245
0.0489011
0.0490457
0.0492584
0.0495155
0.0498384
0.100347
0.0858106
0.0487302
0.0487351
0.0487447
0.0487628
0.0487934
0.0488422
0.048903
0.0489653
0.0490836
0.0492547
0.0494533
0.0498
0.100384
0.085359
0.0487496
0.0487542
0.0487727
0.0487989
0.0488346
0.0488756
0.0489278
0.0489952
0.0491059
0.0492817
0.0495191
0.0498597
0.100417
0.0848667
0.0855521
0.0850746
0.0846253
0.099557
0.0994637
0.100262
0.0995463
0.0994314
0.100329
0.0994631
0.099367
0.10031
0.0491491
0.0490006
0.0488976
0.0488239
0.048769
0.048731
0.0990967
0.0996323
0.0493713
0.0491642
0.0490155
0.048911
0.0488391
0.048789
0.0487553
0.0487352
0.0990057
0.0996509
0.0493704
0.0491572
0.0490144
0.0489176
0.0488472
0.0488051
0.048772
0.0487513
0.0989037
0.0996534
0.0493739
0.0491658
0.049017
0.0489187
0.0488475
0.0488019
0.0487993
0.0487992
0.0487955
0.04881
0.0488321
0.0488641
0.0489039
0.0489533
0.0490164
0.0490906
0.0492097
0.0493437
0.0495317
0.0498744
0.100528
0.0844476
0.0988104
0.0996944
0.0493679
0.0491587
0.0490183
0.0489281
0.048872
0.0488371
0.0487917
0.0487827
0.0488031
0.0488181
0.0488492
0.0488881
0.0489305
0.0489776
0.0490317
0.0490909
0.0491796
0.049321
0.0495558
0.049928
0.100574
0.0840276
0.0987069
0.099695
0.0493682
0.0491567
0.048998
0.048901
0.0488165
0.0487585
0.0487737
0.0488064
0.0488411
0.0489032
0.0489292
0.0489644
0.0490184
0.0490739
0.0491613
0.0492526
0.0493384
0.0494263
0.049604
0.050009
0.100775
0.0836368
0.0986025
0.0997238
0.0493591
0.0491368
0.0489897
0.048886
0.0488514
0.0488747
0.0488234
0.048806
0.0488024
0.0488192
0.0489127
0.049007
0.0490823
0.0491483
0.0492014
0.0492695
0.0494041
0.0495773
0.0497948
0.0501352
0.100865
0.0832922
0.09851
0.0996854
0.0493621
0.0491396
0.0489906
0.0489359
0.0488247
0.0487692
0.048844
0.0489172
0.0490082
0.0490583
0.049035
0.0490535
0.0491081
0.04919
0.049298
0.0493895
0.0494638
0.0495376
0.0497136
0.0501397
0.100939
0.0829344
0.0984624
0.0997667
0.0493237
0.0490737
0.0488916
0.0487763
0.0487587
0.048776
0.048755
0.0488421
0.0489227
0.0489543
0.0490899
0.0491983
0.0492485
0.0493173
0.0493868
0.0494915
0.0496386
0.0497937
0.0499676
0.0503239
0.101273
0.0827204
0.0984472
0.0999637
0.0493536
0.049076
0.0489045
0.0488025
0.048759
0.048823
0.0490229
0.0491872
0.0492542
0.0492356
0.0492535
0.0493736
0.0494449
0.0495037
0.0495668
0.04962
0.0497083
0.0498431
0.0499827
0.0504313
0.10163
0.0824594
0.0983781
0.100099
0.0494186
0.0491308
0.0489218
0.0487601
0.048802
0.0489208
0.048987
0.0491193
0.0491784
0.0493307
0.0495247
0.0495973
0.0496411
0.0496833
0.0497837
0.0499413
0.0500095
0.0499389
0.0500094
0.0505246
0.101841
0.082248
0.0983199
0.100182
0.0495216
0.049123
0.0490194
0.0490967
0.0491707
0.0491197
0.0491853
0.0493827
0.0496147
0.0500297
0.0500762
0.0500757
0.0501383
0.0500751
0.0499175
0.0496882
0.0496019
0.0497987
0.0501157
0.0506803
0.102129
0.0821538
0.0983689
0.100266
0.0496314
0.0492673
0.0490539
0.0490226
0.0491464
0.0493751
0.0495207
0.0495508
0.0493665
0.0493589
0.0498315
0.0503261
0.0505514
0.0505174
0.0502663
0.0501962
0.0502135
0.0502194
0.0503709
0.0508555
0.10225
0.082105
0.0985015
0.100606
0.0496997
0.0492361
0.0490763
0.049115
0.0491344
0.0493159
0.049634
0.0497341
0.0497702
0.0497182
0.0495883
0.0498503
0.050022
0.0499256
0.0498018
0.0497317
0.0499539
0.0502585
0.0505448
0.0510585
0.102532
0.0821607
0.0986987
0.100866
0.0499339
0.0493388
0.0491583
0.0491336
0.0493478
0.0493873
0.0492974
0.0492424
0.0490734
0.0492156
0.0494053
0.0493247
0.049466
0.0499151
0.0503338
0.0504485
0.0504522
0.0505101
0.0507198
0.0512102
0.102834
0.0823772
0.0992334
0.101048
0.050166
0.0498016
0.0494865
0.0491525
0.0489803
0.0487671
0.0487635
0.0489779
0.0491235
0.0492154
0.0491441
0.0492932
0.0495438
0.0498477
0.0501728
0.0504309
0.0507792
0.0511099
0.0513458
0.0516438
0.103004
0.0826747
0.0997724
0.101673
0.0503462
0.0496986
0.0493516
0.0487046
0.0481085
0.0476657
0.0473518
0.0476891
0.0479284
0.0482493
0.0489281
0.0495977
0.0499257
0.0501368
0.0504019
0.0507058
0.0509602
0.0511638
0.0514143
0.0518195
0.103437
0.083118
0.100721
0.102166
0.0509803
0.0503584
0.0496368
0.0489952
0.0486194
0.0478185
0.0468918
0.0471197
0.0484111
0.0498475
0.0502602
0.0506557
0.0511562
0.0509942
0.0507332
0.0513937
0.0522476
0.0523845
0.052319
0.052327
0.103834
0.0836338
0.101825
0.103318
0.0517441
0.0502716
0.0492016
0.0494195
0.0490645
0.0476226
0.0464454
0.0459705
0.0466418
0.0482354
0.0503896
0.0513666
0.0521378
0.0533232
0.053455
0.0528367
0.0527365
0.052675
0.0527039
0.0528114
0.104663
0.084283
0.103271
0.105364
0.053279
0.0533727
0.0539107
0.0532049
0.0511331
0.0488519
0.0459133
0.0444226
0.047248
0.0498832
0.0520219
0.0526521
0.0532344
0.0536224
0.0537157
0.0538829
0.0537007
0.0534261
0.0531612
0.0531037
0.105498
0.085004
0.104782
0.10713
0.054519
0.0546198
0.0542771
0.0539775
0.0528359
0.0543654
0.0544607
0.0546662
0.0543748
0.0540637
0.053811
0.0536574
0.106345
0.0857325
0.0562798
0.0558087
0.0553516
0.0545694
0.0541888
0.0539241
0.0539012
0.10704
0.0864695
0.0563774
0.0560412
0.0559624
0.0552786
0.0548729
0.0545949
0.0544011
0.107833
0.0871028
0.0593185
0.0577721
0.0565711
0.0556331
0.055176
0.0548913
0.0547603
0.108711
0.087802
0.0582777
0.0570619
0.0559985
0.055554
0.0552118
0.0550195
0.109337
0.0883417
0.0846881
0.0844035
0.0841322
0.0838383
0.0835853
0.0832902
0.0842051
0.0830467
0.08276
0.0837924
0.0825111
0.0822492
0.0834078
0.0819995
0.0817447
0.08307
0.0815251
0.0812842
0.0827694
0.0811042
0.0808808
0.082508
0.0806965
0.0805022
0.0823143
0.0803482
0.0801902
0.0821714
0.0800648
0.0799707
0.0820975
0.0798904
0.079865
0.0821888
0.0798804
0.0799835
0.0823448
0.0800965
0.0802817
0.0825825
0.0804983
0.0808214
0.0830024
0.0811428
0.0816578
0.083451
0.0821237
0.0827544
0.0840614
0.0834066
0.0842122
0.0847022
0.0850479
0.0858562
0.0853738
0.0868873
0.0876531
0.0861106
0.0868317
0.0874684
0.0880939
0.0885004
0.100067
0.100047
0.0990344
0.0991466
0.0991831
0.0996199
0.100077
0.100039
0.0989212
0.0991513
0.0992021
0.0996347
0.100076
0.100025
0.0988116
0.0991532
0.099187
0.0996325
0.0994763
0.0993373
0.100345
0.100095
0.100006
0.098707
0.0991858
0.09918
0.0996239
0.0994627
0.0993135
0.100461
0.100088
0.100026
0.0986219
0.0992035
0.0991563
0.0996324
0.0994792
0.0993132
0.100593
0.100088
0.100006
0.0984997
0.0991835
0.0992232
0.0996675
0.0995148
0.0993757
0.10083
0.100073
0.0999871
0.0984001
0.0991831
0.0991544
0.0996136
0.0995017
0.0995003
0.10106
0.100131
0.100025
0.0983781
0.099222
0.0991203
0.0996168
0.0997253
0.0995587
0.101271
0.100276
0.100123
0.0983262
0.0993949
0.0991496
0.0997317
0.0997692
0.0997592
0.101627
0.100293
0.100205
0.0983212
0.0996848
0.0992845
0.0998573
0.0999118
0.0999817
0.101988
0.100298
0.100253
0.0983098
0.0998128
0.0995064
0.0999456
0.100136
0.100183
0.10229
0.100442
0.100451
0.0983918
0.0999292
0.0999502
0.100345
0.100242
0.100504
0.102652
0.100625
0.100735
0.0986161
0.10017
0.100358
0.100795
0.100494
0.100878
0.103136
0.10077
0.10123
0.0990187
0.100636
0.101187
0.101331
0.100804
0.101269
0.103488
0.101291
0.101811
0.0995922
0.100535
0.101764
0.101978
0.10115
0.101832
0.10426
0.101835
0.102712
0.100342
0.101222
0.102574
0.102846
0.101554
0.102351
0.104766
0.10289
0.103856
0.101393
0.101143
0.104303
0.104374
0.102027
0.103038
0.105539
0.104021
0.105306
0.102617
0.102226
0.106403
0.105998
0.102718
0.103701
0.106329
0.105784
0.106681
0.103922
0.104788
0.107717
0.107392
0.10348
0.104268
0.106815
0.107335
0.107985
0.105262
0.106792
0.109671
0.108791
0.104211
0.104921
0.107511
0.104933
0.105634
0.108191
0.105582
0.106289
0.108923
0.106404
0.106949
0.10954
0.107018
0.107324
0.109883
0.0309852
0.0104906
0.0309894
0.0105284
0.0309178
0.0105262
0.0310013
0.0105284
0.0309363
0.0105262
0.0309612
0.0105642
0.0309252
0.0105642
0.0309354
0.0106043
0.0309739
0.0106606
0.0310658
0.0107468
0.0312602
0.0108455
0.0313796
0.0109799
0.031691
0.0111375
0.0321531
0.0113579
0.0324447
0.0115884
0.0331648
0.0118991
0.0336821
0.0122633
0.0343366
0.0126208
0.0351165
0.0130226
0.0358444
0.0134866
0.0365797
0.0138423
0.0375672
0.0143623
0.0382324
0.0147985
0.0388809
0.0150424
0.0396677
0.0154722
0.0397085
0.0155965
0.0399346
0.0155655
0.0399639
0.0155846
0.0309699
0.0106043
0.0310404
0.0106606
0.0311366
0.0107468
0.0312135
0.0107959
0.0314797
0.0109799
0.0316279
0.0110622
0.0318901
0.0112198
0.0323952
0.0115282
0.0328179
0.0117202
0.0335424
0.0121246
0.0340925
0.0124686
0.0347774
0.0128251
0.0356377
0.013304
0.0362384
0.0136792
0.037175
0.0141077
0.0379651
0.014611
0.0384787
0.0149052
0.0393463
0.0152517
0.0397325
0.0155965
0.0397967
0.0155851
0.0399494
0.0155846
0.0400603
0.015551
0.0301964
0.0101004
0.0300481
0.0100612
0.0299014
0.0100263
0.0297568
0.00999424
0.0296101
0.00996532
0.029504
0.00995888
0.0294718
0.00998701
0.0295731
0.0100545
0.0298062
0.0101927
0.0301854
0.010395
0.0306963
0.0106674
0.03128
0.0110067
0.032125
0.0114644
0.0332683
0.0120544
0.0345559
0.0127841
0.0360431
0.0136051
0.0379191
0.014619
0.0399176
0.0157218
0.0421026
0.0169182
0.0444911
0.0181732
0.0301081
0.0100785
0.0299377
0.0100332
0.029788
0.00999838
0.0296599
0.0099721
0.0295464
0.00995994
0.0294952
0.00998701
0.0295676
0.0100303
0.0297535
0.0101378
0.0300186
0.0102918
0.0304216
0.010517
0.0310049
0.0108407
0.0317308
0.0112321
0.0326657
0.0117394
0.0339013
0.0124182
0.0352923
0.0131945
0.0369711
0.0140889
0.0388876
0.0151508
0.0409898
0.0163138
0.0431756
0.0174819
0.0453976
0.0187237
0.0486206
0.0486314
0.0486522
0.0486872
0.0487507
0.0488322
0.0489794
0.0491798
0.0494489
0.0497949
0.100266
0.0868151
0.048657
0.0486725
0.0487023
0.0487496
0.0488054
0.048884
0.0489982
0.0491383
0.0493727
0.0497498
0.100247
0.0863141
0.0865465
0.086031
0.0996458
0.0996092
0.100313
0.0995871
0.0995383
0.100278
0.0991953
0.0996212
0.0493637
0.0852564
0.0849634
0.100057
0.100058
0.0991428
0.0991447
0.0991686
0.0996096
0.0311403
0.010492
0.0310812
0.0104986
0.0310894
0.0104986
0.0309978
0.0104906
0.0303571
0.0101428
0.0302612
0.0101175
0.0934568
0.0945922
0.0950009
0.0954475
0.0956927
0.0958436
0.0959415
0.0959977
0.0960323
0.0960534
0.0960624
0.096067
0.0960646
0.0960596
0.0960484
0.0960254
0.0959908
0.0959308
0.0958171
0.0956043
0.0952989
0.0948766
0.0943859
0.0955411
0.0937415
0.0929218
0.0939867
0.0948184
0.0952667
0.095543
0.0957077
0.0958066
0.0958685
0.0959062
0.0959252
0.0959343
0.0959291
0.0959191
0.0959025
0.0958645
0.0958074
0.0957015
0.095533
0.0951859
0.0946219
0.0937404
0.0929463
0.0953711
0.0985676
0.0952544
0.0469822
0.0470288
0.0472554
0.0474213
0.0475387
0.0476194
0.0476725
0.0477062
0.0477261
0.0477379
0.0477377
0.0477193
0.0476842
0.0476282
0.0475416
0.0474153
0.0472465
0.047028
0.0469006
0.0474888
0.0960175
0.100072
0.100493
0.0975395
0.0479266
0.0474524
0.0473904
0.0474742
0.0475557
0.0476188
0.0476653
0.0476959
0.0477129
0.0477192
0.0477165
0.0477058
0.0476789
0.0476397
0.0475861
0.0475161
0.0474252
0.0474577
0.0478612
0.0487169
0.098631
0.100658
0.100866
0.0986436
0.0485114
0.04795
0.0476459
0.0475658
0.0475838
0.0476142
0.0476458
0.0476722
0.0476915
0.0477039
0.0477037
0.0476935
0.0476738
0.0476408
0.0475978
0.0475767
0.0476486
0.0479274
0.0484345
0.0491816
0.0995655
0.0996804
0.100938
0.0991314
0.0488312
0.0483413
0.0479743
0.0477521
0.047677
0.0476691
0.0476743
0.0476837
0.0476919
0.0476937
0.0476894
0.0476843
0.0476821
0.0476805
0.047687
0.0477521
0.0479672
0.0483374
0.0487917
0.0494152
0.0999659
0.0985994
0.100984
0.099394
0.0490054
0.048578
0.048248
0.0479853
0.0478186
0.0477527
0.0477355
0.0477289
0.0477285
0.0477308
0.0477327
0.047733
0.0477346
0.0477388
0.0477868
0.0479505
0.048209
0.0485227
0.048927
0.0495183
0.100182
0.0975293
0.10098
0.0995788
0.0491303
0.0487332
0.0484359
0.0481912
0.0479951
0.0478658
0.0478105
0.0477919
0.0477846
0.047781
0.0477808
0.047783
0.0477925
0.047849
0.0479848
0.0481811
0.0484336
0.0487455
0.0491218
0.0496493
0.100381
0.0964262
0.100903
0.0997052
0.0492186
0.04884
0.0485678
0.0483458
0.0481594
0.0480102
0.0479109
0.0478659
0.0478496
0.0478437
0.0478445
0.0478495
0.0478864
0.0479834
0.0481275
0.0483123
0.0485255
0.0487908
0.049171
0.0496937
0.100464
0.0953083
0.100767
0.0997595
0.0492829
0.0489185
0.0486585
0.0484574
0.0482878
0.0481461
0.0480327
0.0479587
0.0479301
0.0479236
0.0479289
0.0479496
0.048
0.0481034
0.0482498
0.0484243
0.0486452
0.048927
0.0492754
0.0497371
0.100489
0.0942154
0.100648
0.0997549
0.0493238
0.0489857
0.0487372
0.0485448
0.0483896
0.0482604
0.0481558
0.0480738
0.0480245
0.0480146
0.0480233
0.048047
0.0481151
0.0482277
0.0483651
0.0485269
0.0487174
0.048966
0.0493214
0.0497587
0.100461
0.0931553
0.10047
0.0997176
0.0493327
0.0490232
0.0487922
0.0486121
0.0484684
0.0483506
0.0482535
0.0481783
0.0481248
0.048101
0.0481068
0.0481429
0.0482131
0.0483115
0.0484297
0.0485762
0.0487696
0.0490032
0.0493174
0.0497279
0.100408
0.0921608
0.100284
0.0996746
0.0493384
0.0490581
0.0488397
0.0486688
0.0485345
0.0484283
0.0483438
0.0482772
0.048231
0.0482113
0.0482118
0.0482301
0.0482859
0.0483808
0.0484999
0.0486476
0.0488226
0.0490572
0.0493899
0.0497616
0.100382
0.0912613
0.100128
0.0996472
0.0493273
0.0490707
0.0488744
0.0487163
0.0485894
0.0484899
0.0484116
0.0483537
0.0483144
0.0482921
0.0482884
0.0483036
0.0483524
0.0484357
0.0485399
0.0486708
0.0488502
0.049054
0.0493268
0.0497053
0.100289
0.0904706
0.0999796
0.0996258
0.0493324
0.0490877
0.0489012
0.0487528
0.0486343
0.0485437
0.0484741
0.0484208
0.0483832
0.0483634
0.0483585
0.0483697
0.048418
0.0485041
0.0486168
0.0487584
0.0489269
0.0491229
0.0494114
0.0497527
0.100271
0.0897605
0.09985
0.0996065
0.0493264
0.049092
0.0489218
0.0487865
0.0486762
0.0485895
0.0485235
0.0484763
0.0484454
0.0484278
0.0484251
0.0484382
0.0484661
0.0485211
0.0486075
0.0487141
0.0488673
0.0490569
0.049326
0.0496982
0.100225
0.0891009
0.0997241
0.0995916
0.0493356
0.0491052
0.0489375
0.0488102
0.0487101
0.0486316
0.0485733
0.0485318
0.048504
0.0484898
0.0484858
0.0484913
0.0485189
0.0485856
0.0487003
0.0488394
0.0490075
0.0491716
0.0494165
0.0497512
0.100241
0.0884773
0.099605
0.0995834
0.0493396
0.0491156
0.0489555
0.0488347
0.0487397
0.0486647
0.0486065
0.0485651
0.0485383
0.0485231
0.0485218
0.0485328
0.0485612
0.0486085
0.0486838
0.04877
0.0489066
0.04909
0.0493719
0.049738
0.100225
0.0878966
0.0994995
0.0995844
0.0493441
0.0491215
0.048965
0.0488516
0.0487651
0.0486977
0.0486481
0.0486135
0.0485927
0.0485842
0.0485865
0.0485982
0.0486209
0.048655
0.0487279
0.0488513
0.0490067
0.0491578
0.0493902
0.0497422
0.100198
0.087344
0.0486771
0.0486461
0.0486274
0.0486192
0.0487037
0.0486742
0.0486565
0.0486515
0.109256
0.105693
0.111257
0.105025
0.105139
0.105166
0.10506
0.105313
0.105241
0.105406
0.105366
0.105455
0.105434
0.105479
0.105469
0.105492
0.105487
0.105498
0.105496
0.105501
0.105499
0.105507
0.105503
0.105499
0.105503
0.1055
0.105501
0.105498
0.105499
0.105494
0.105496
0.105486
0.105491
0.105467
0.105478
0.105433
0.105452
0.105371
0.105406
0.105261
0.105323
0.105089
0.10518
0.105101
0.105011
0.111314
0.105748
0.109254
0.095539
0.0920634
0.0920765
0.0953634
0.0983365
0.0983394
0.100073
0.100716
0.100742
0.100616
0.100177
0.100223
0.0996251
0.0991036
0.0991469
0.0985568
0.0980351
0.098075
0.0974784
0.0969379
0.0969937
0.0963614
0.0958087
0.0958763
0.095226
0.0946815
0.0947636
0.0941172
0.0935853
0.0936724
0.0930562
0.0925288
0.0926312
0.0920453
0.0915695
0.0916807
0.0911355
0.0907095
0.0908294
0.0903188
0.0899335
0.0900803
0.0895801
0.0892141
0.0894054
0.0888766
0.0885358
0.0887673
0.0882232
0.087902
0.088177
0.0876003
0.0872891
0.087603
0.0869987
0.0866938
0.0870542
0.0944824
0.0925567
0.0912257
0.0947247
0.094172
0.0934989
0.0952814
0.0948553
0.0945202
0.0955926
0.0952949
0.0950766
0.0957781
0.0955674
0.0954303
0.0959032
0.095759
0.0956646
0.0959758
0.0958655
0.0958091
0.0960186
0.0959288
0.0958938
0.0960457
0.0959646
0.0959432
0.0960606
0.0959857
0.0959722
0.0960638
0.0959934
0.0959886
0.0960694
0.0959949
0.095993
0.0960604
0.0959873
0.0959942
0.0960539
0.0959681
0.0959819
0.0960364
0.0959391
0.0959595
0.0960073
0.095891
0.0959255
0.095961
0.0958081
0.0958627
0.0958796
0.0956821
0.0957582
0.0957215
0.0954844
0.0956085
0.095468
0.0951444
0.0953475
0.0950935
0.0945796
0.094919
0.0946229
0.0935376
0.0941618
0.0933853
0.0913312
0.0927743
0.0928521
0.0949043
0.0965709
0.093434
0.093626
0.0938417
0.0945633
0.0946237
0.09409
0.0950949
0.095162
0.0948663
0.095453
0.0954492
0.0952471
0.0956628
0.0956296
0.0954807
0.0957842
0.0957406
0.0956384
0.0958571
0.0958104
0.0957399
0.0959023
0.0958512
0.095803
0.0959271
0.0958741
0.0958413
0.0959359
0.0958843
0.0958654
0.095935
0.0958716
0.0958739
0.0959173
0.0958613
0.0958714
0.0959042
0.0958388
0.0958659
0.0958745
0.0957993
0.095846
0.0958223
0.0957397
0.0958032
0.0957398
0.0956428
0.0957363
0.0956023
0.0955062
0.095632
0.0953525
0.0952823
0.0954843
0.0949037
0.0949606
0.0952374
0.0942039
0.0943754
0.094803
0.0929855
0.0941154
0.0942009
0.0938262
0.0964642
0.0947479
0.0966748
0.0980471
0.0998772
0.0938383
0.0958212
0.0966315
0.0985001
0.0998833
0.0983374
0.098877
0.0994774
0.100809
0.0961982
0.0976494
0.0982936
0.100513
0.100857
0.0998108
0.0997279
0.0999743
0.100951
0.0975193
0.0984705
0.0990171
0.100904
0.10099
0.100218
0.100048
0.100209
0.101003
0.0981943
0.0988551
0.0993463
0.10098
0.101042
0.100383
0.100254
0.100382
0.101029
0.0985714
0.0990806
0.0995588
0.101034
0.101079
0.10053
0.100397
0.100497
0.100994
0.0988279
0.0992297
0.0997109
0.101038
0.101048
0.10063
0.100481
0.100551
0.100882
0.0990036
0.0993244
0.0997916
0.100966
0.100933
0.100664
0.1005
0.100496
0.100716
0.0991113
0.0993629
0.0998059
0.10084
0.100786
0.100609
0.100449
0.100446
0.100562
0.0991557
0.0993505
0.0997789
0.100718
0.100639
0.100548
0.100391
0.100388
0.100381
0.0991469
0.099313
0.0997347
0.100554
0.100458
0.100482
0.100327
0.100306
0.100205
0.0991398
0.0992751
0.0996879
0.10038
0.100285
0.100422
0.100268
0.100242
0.100042
0.0991175
0.0992428
0.0996575
0.100217
0.100148
0.100364
0.100212
0.100191
0.0999087
0.0991163
0.099226
0.0996397
0.100087
0.10003
0.100333
0.100164
0.100148
0.0997793
0.0990985
0.0992141
0.0996244
0.0999739
0.0999272
0.100272
0.100126
0.100122
0.0996614
0.0991076
0.0992067
0.0996102
0.0998917
0.0998364
0.10027
0.100101
0.100098
0.0995466
0.0990981
0.0991935
0.0996068
0.0997949
0.099754
0.100275
0.100081
0.100081
0.0994464
0.0991055
0.0991639
0.0995964
0.0997198
0.099679
0.100277
0.099399
0.0995988
0.049353
0.0491368
0.0489823
0.0488709
0.0487882
0.0487238
0.0992975
0.0996079
0.0493574
0.0491443
0.0489939
0.048886
0.048808
0.0487483
0.0864075
0.0861099
0.0858268
0.0855316
0.100068
0.100073
0.0993486
0.0991334
0.0991414
0.099589
0.10006
0.100071
0.0992467
0.09914
0.0991511
0.0996029
0.10551
0.0851968
0.0983602
0.0615754
0.0934027
0.0447
0.0813388
0.0315695
0.0706055
0.0250178
0.0622152
0.02141
0.0552007
0.0189154
0.0492397
0.0168934
0.0443277
0.0152128
0.0404156
0.013816
0.0373979
0.0126792
0.0352794
0.0118456
0.0337915
0.0112627
0.0328183
0.0109057
0.0321927
0.0106981
0.0317933
0.0105844
0.0315218
0.0105198
0.0313464
0.010491
0.0312314
0.0104863
0.106997
0.0982877
0.0989154
0.0704873
0.0972389
0.0532162
0.0876296
0.0371726
0.0755259
0.0277107
0.0661971
0.0229999
0.0585443
0.0200766
0.0520838
0.0178571
0.0466347
0.0160105
0.0422396
0.0144783
0.0387732
0.0132075
0.0362099
0.0122177
0.0344319
0.0115157
0.0332025
0.0110468
0.0324234
0.0107754
0.031926
0.0106218
0.0316185
0.0105407
0.0314108
0.0105007
0.0312613
0.0104863
0.0311596
0.0104907
0.105505
0.0851894
0.098355
0.0615582
0.0933722
0.0446637
0.0812561
0.0315304
0.070585
0.02502
0.0622074
0.0213966
0.0551151
0.0188568
0.0491211
0.0168262
0.0441855
0.0151388
0.0402578
0.0137416
0.0372568
0.0126119
0.0351329
0.0117723
0.0336431
0.011183
0.0326273
0.0107991
0.0319591
0.0105658
0.0315119
0.0104242
0.0312092
0.0103414
0.0309877
0.0102881
0.0308138
0.0102508
0.107005
0.0982877
0.0989159
0.0704782
0.0972295
0.0531945
0.0875866
0.0371315
0.0754877
0.0276997
0.0662074
0.023005
0.0585128
0.0200408
0.0519827
0.0177922
0.0465241
0.0159452
0.0420973
0.0144048
0.0386409
0.013142
0.0360843
0.0121524
0.0343089
0.011446
0.0330721
0.0109659
0.0322438
0.0106641
0.0316996
0.0104827
0.0313318
0.0103737
0.0310786
0.0103092
0.0308819
0.0102648
0.03072
0.0102298
0.0306568
0.0102158
0.0305071
0.0101798
0.0305682
0.0101952
0.030412
0.0101565
0.0504499
0.0459842
0.0417001
0.0448494
0.0484084
0.0548004
0.0545224
0.0549179
0.107288
0.0942624
0.0737477
0.087359
0.106244
0.0554173
0.0563615
0.107654
0.110445
0.0564946
0.0577455
0.058076
0.0583771
0.0595263
0.116479
0.116476
0.0588118
0.0736101
0.119563
0.118925
0.0596099
0.109164
0.112522
0.0569528
0.0577828
0.0592203
0.0602395
0.0628302
0.126136
0.11972
0.136577
0.133945
0.0635437
0.110274
0.113601
0.0581658
0.0591926
0.0610238
0.0627231
0.064787
0.131391
0.114144
0.118424
0.13494
0.06376
0.111259
0.114612
0.090568
0.0913945
0.0910296
0.126604
0.0509679
0.110346
0.120467
0.0923475
0.093099
0.129463
0.139135
0.138551
0.138647
0.0937449
0.0944072
0.0067529
0.0805338
0.00225186
0.0949202
0.106711
0.108306
0.108565
0.0877425
0.0886982
0.0998305
0.0717255
0.0647008
0.0684649
0.0973346
0.094183
0.0813584
0.106259
0.108615
0.103951
0.110234
0.11105
0.10833
0.110699
0.112505
0.111792
0.117637
0.127339
0.12281
0.117591
0.130805
0.136732
0.118269
0.123218
0.126866
0.111876
0.112589
0.109806
0.113219
0.113586
0.113291
0.126962
0.130548
0.130678
0.128211
0.132817
0.13611
0.112923
0.113672
0.110924
0.114608
0.114778
0.114414
0.133322
0.129064
0.134511
0.135756
0.132144
0.0806821
0.130248
0.133433
0.136634
0.113806
0.115663
0.12901
0.101488
0.112299
0.0463416
0.109355
0.0676865
0.0439748
0.0244606
0.118371
0.0884845
0.0292077
0.0220442
0.170082
0.125088
0.117737
0.0459429
0.122548
0.119818
0.152752
0.118827
0.181727
0.075144
0.112342
0.0617589
0.0481031
0.0201613
0.0493888
0.0207662
0.0495127
0.0209737
0.0497153
0.0206722
0.0487634
0.0204838
0.0496576
0.0209737
0.0497619
0.0209214
0.0266441
0.0284038
0.0256841
0.0152616
0.0941113
0.0741772
0.19219
0.077669
0.0207058
0.0264681
)
;

boundaryField
{
    inlet
    {
        type            zeroGradient;
    }
    outlet
    {
        type            zeroGradient;
    }
    wall
    {
        type            zeroGradient;
    }
    empty_zmin
    {
        type            empty;
    }
    empty_zmax
    {
        type            empty;
    }
    procBoundary0to1
    {
        type            processor;
        value           nonuniform List<scalar> 
39
(
0.0621889
0.0603303
0.0587337
0.0572269
0.0563785
0.0558637
0.0554583
0.0552512
0.109911
0.088674
0.107501
0.0399365
0.0153859
0.0591086
0.0602968
0.0620239
0.0637708
0.065947
0.0642286
0.111845
0.115355
0.0591086
0.134741
0.0862687
0.013409
0.0142425
0.088119
0.0667375
0.0667375
0.00559333
0.010512
0.095375
0.0180252
0.12939
0.131237
0.114539
0.115724
0.0495853
0.0203277
)
;
    }
}


// ************************************************************************* //
