/*--------------------------------*- C++ -*----------------------------------*\
| =========                 |                                                 |
| \\      /  F ield         | OpenFOAM: The Open Source CFD Toolbox           |
|  \\    /   O peration     | Version:  2406                                  |
|   \\  /    A nd           | Website:  www.openfoam.com                      |
|    \\/     M anipulation  |                                                 |
\*---------------------------------------------------------------------------*/
FoamFile
{
    version     2.0;
    format      ascii;
    arch        "LSB;label=32;scalar=64";
    class       volVectorField;
    location    "4.01";
    object      U;
}
// * * * * * * * * * * * * * * * * * * * * * * * * * * * * * * * * * * * * * //

dimensions      [0 1 -1 0 0 0 0];

internalField   nonuniform List<vector> 
2285
(
(2.40899 0.173085 -4.54837e-21)
(2.35537 0.148379 1.23181e-21)
(2.44604 0.10777 2.34338e-21)
(2.39583 0.0853771 5.17931e-21)
(2.27863 -0.0467705 -8.75751e-22)
(2.26551 -0.0444303 -7.89653e-22)
(2.31912 0.086007 -5.18837e-21)
(2.30177 0.0679279 -8.82496e-22)
(2.28725 0.0479573 -2.90528e-23)
(2.27552 0.0424193 1.9833e-22)
(2.27011 0.0300112 3.4232e-23)
(2.27444 0.0191311 8.60425e-24)
(2.27667 0.00542779 -3.2397e-23)
(1.84268 -0.000698471 -1.56245e-23)
(1.84412 -0.00363294 8.34385e-24)
(2.23163 0.00307116 0)
(2.2377 0.00209793 0)
(2.2828 0.0115573 3.40004e-23)
(2.35653 0.0834831 -2.41123e-22)
(2.32263 0.0670911 -3.32359e-22)
(2.30024 0.0530071 7.69205e-22)
(2.28756 0.0332173 -6.6674e-22)
(2.28442 0.0192953 -1.77036e-22)
(2.28859 0.00950948 1.78583e-22)
(2.28775 0.00183126 3.52504e-24)
(1.84658 -0.0029878 -5.12175e-24)
(2.31426 0.010616 -5.68437e-22)
(2.3023 0.0180074 0)
(2.29534 0.00843225 -1.56369e-24)
(2.29738 0.00374094 0)
(2.29932 -0.00249011 1.07038e-22)
(1.84594 -0.00647037 4.89349e-23)
(2.31377 -0.00738296 -1.65699e-22)
(2.30385 -0.00791794 -6.2718e-23)
(2.30005 -0.00435183 0)
(2.3025 -0.00377928 -2.49542e-23)
(2.30433 -0.00782527 2.08672e-24)
(1.841 -0.0083519 -6.41907e-24)
(2.31067 -0.0191968 -1.41974e-22)
(2.30148 -0.0137063 -1.74746e-22)
(2.29911 -0.0125163 1.29943e-22)
(2.30512 -0.0147757 6.88887e-23)
(2.30873 -0.012268 2.28958e-23)
(1.83083 -0.00999393 -6.73793e-24)
(2.30155 -0.0308096 -1.03239e-21)
(2.29555 -0.0248144 1.04029e-21)
(2.29718 -0.0214291 0)
(2.30451 -0.017867 6.56791e-25)
(2.30834 -0.0129953 9.44327e-23)
(1.81534 -0.0119534 -6.79909e-24)
(2.29099 -0.0410209 -2.12862e-21)
(2.29122 -0.0323176 -2.79176e-23)
(2.29398 -0.0248551 0)
(2.3018 -0.021283 1.01723e-22)
(2.30604 -0.00991646 -3.03266e-22)
(1.79717 -0.0125294 -5.44729e-23)
(2.28294 -0.0342846 9.06528e-22)
(2.2865 -0.0292054 0)
(2.29712 -0.0232853 0)
(2.30328 -0.0142972 -3.63163e-23)
(1.77512 -0.0131748 5.2725e-23)
(2.2727 -0.0339059 0)
(2.2815 -0.0287736 0)
(2.29386 -0.0237073 -2.37693e-23)
(2.29891 -0.0127983 1.82461e-22)
(1.75159 -0.0134868 5.30976e-23)
(2.2905 -0.0247962 -3.57204e-22)
(2.2947 -0.0133847 -1.58373e-22)
(1.72798 -0.012367 4.66388e-23)
(2.28697 -0.0244068 1.02897e-23)
(2.28996 -0.0153564 -1.63525e-22)
(1.70206 -0.0126979 1.36545e-24)
(2.28276 -0.024074 2.95614e-22)
(2.28481 -0.0155006 0)
(1.67558 -0.0114357 5.87214e-25)
(1.84662 -0.00530738 4.9031e-24)
(1.8438 -0.0075372 -5.76068e-24)
(1.83602 -0.00922667 6.41898e-24)
(1.82295 -0.0115968 6.80173e-24)
(1.80552 -0.0136914 0)
(1.78647 -0.0130031 3.32461e-24)
(1.7637 -0.0135268 4.50864e-23)
(1.74018 -0.0132145 0)
(1.71594 -0.0124397 -1.36665e-24)
(1.68968 -0.0117213 0)
(1.66254 -0.0114389 -5.86765e-25)
(2.24197 2.79428e-05 0)
(2.24704 -0.00158836 0)
(2.29388 0.00493353 -8.22094e-23)
(2.25086 -0.00313266 -1.50951e-22)
(2.25311 -0.00749986 1.04616e-23)
(2.30185 -0.00103435 8.12461e-23)
(2.2544 -0.00703872 2.37339e-23)
(2.25542 -0.0103421 -2.25142e-23)
(2.30613 -0.0072084 2.23395e-26)
(2.25512 -0.0122367 5.64962e-24)
(2.25403 -0.0132311 1.21672e-23)
(2.3087 -0.0145232 -2.30659e-23)
(2.25235 -0.0153559 -1.13646e-22)
(2.24888 -0.016356 1.00757e-22)
(2.3071 -0.0243618 -9.9138e-23)
(2.24662 -0.0169548 1.37344e-22)
(2.24287 -0.0166572 2.44981e-23)
(2.30439 -0.0276995 2.45903e-23)
(2.24019 -0.0179854 -5.40524e-23)
(2.23472 -0.0179545 -5.26376e-23)
(2.3004 -0.0293363 1.19079e-23)
(2.23138 -0.0187961 -3.99029e-23)
(2.22584 -0.0182084 -5.58881e-24)
(2.29598 -0.0298181 -1.08257e-23)
(2.22267 -0.0184603 1.27232e-22)
(2.21658 -0.0180252 4.96673e-24)
(2.29155 -0.0303955 9.91666e-24)
(2.21268 -0.0189583 -4.96588e-24)
(2.20545 -0.0185475 -2.2475e-24)
(2.28622 -0.0300269 1.48306e-22)
(2.20162 -0.0188471 2.24568e-24)
(2.19483 -0.018833 0)
(2.2818 -0.030459 -1.33904e-22)
(0.825505 -0.00166833 0)
(0.319163 -0.000161046 0)
(0.818138 -0.00213046 0)
(0.31368 -0.000339773 0)
(0.812262 -0.00201473 0)
(0.308949 -0.000287504 0)
(0.794556 -0.00280981 0)
(0.296624 -0.000449629 0)
(0.767113 -0.00341064 0)
(0.279604 -0.000516677 0)
(0.736828 -0.00370294 0)
(0.261093 -0.000459093 0)
(0.702141 -0.00372686 0)
(0.24178 -0.000550125 0)
(0.665848 -0.00353002 0)
(0.221358 -0.000555119 0)
(0.631003 -0.00313566 0)
(0.203673 -0.000445188 0)
(0.598028 -0.00272303 0)
(0.187565 -0.000481109 0)
(0.569385 -0.00203972 0)
(0.173598 -0.000340672 0)
(0.544943 -0.0014825 0)
(0.16288 -0.000335651 0)
(0.523836 -0.00106984 0)
(0.154182 -0.000315818 0)
(0.803601 -0.00230528 0)
(0.303017 -0.000454492 0)
(0.780393 -0.00349787 0)
(0.288082 -0.000463498 0)
(0.752015 -0.0035628 0)
(0.270271 -0.000529998 0)
(0.719292 -0.00374843 0)
(0.251322 -0.000504939 0)
(0.683118 -0.00390871 0)
(0.231322 -0.000681978 0)
(0.647935 -0.00324096 0)
(0.212073 -0.00045413 0)
(0.61389 -0.00296254 0)
(0.195346 -0.000457448 0)
(0.582953 -0.00244903 0)
(0.180088 -0.000442561 0)
(0.556716 -0.00168628 0)
(0.167942 -0.000302648 0)
(0.534138 -0.00124972 0)
(0.158248 -0.00029644 0)
(0.514373 -0.000955845 0)
(0.150408 -0.000364313 0)
(2.06672 0.135836 3.58123e-24)
(2.06202 0.215969 0)
(2.05589 0.287412 -9.66845e-24)
(2.03409 0.315247 2.07704e-26)
(1.97261 0.401129 -2.59875e-25)
(2.05796 0.0579393 -2.23424e-27)
(2.01657 0.0864342 -1.02257e-23)
(1.98367 0.132624 0)
(1.99303 0.231803 2.82582e-23)
(1.9654 0.281108 1.34209e-23)
(1.87042 0.39568 1.26463e-26)
(1.78427 0.436168 5.39548e-24)
(1.65766 0.447426 1.07536e-24)
(1.65046 0.399254 -3.56454e-24)
(1.81748 0.256332 3.16752e-24)
(2.13959 0.0485733 0)
(2.32402 -0.0379817 9.3937e-24)
(2.30956 -0.0393582 0)
(2.27589 -0.0238631 0)
(2.2464 -0.0267435 0)
(2.23136 -0.0142697 0)
(2.2203 -0.0184697 3.28241e-24)
(2.03712 0.00693394 8.37007e-25)
(1.98473 0.0268934 1.70646e-27)
(1.91649 0.0586372 -8.39529e-25)
(1.89877 0.133264 -2.09738e-23)
(1.87235 0.237886 -1.34655e-23)
(1.80746 0.315211 -5.95709e-24)
(1.77342 0.302058 -1.73764e-26)
(1.69137 0.33861 -5.87016e-25)
(1.76845 0.223427 -8.09865e-25)
(2.01339 0.0487666 -1.20672e-23)
(2.23971 -0.0934043 0)
(2.33081 -0.0803872 -9.12791e-24)
(2.3002 -0.0637075 0)
(2.26554 -0.0360715 0)
(2.23876 -0.0339959 1.66271e-25)
(2.22572 -0.0173238 1.91324e-25)
(2.21801 -0.0209179 7.10519e-24)
(2.06567 0.0351411 2.77866e-25)
(2.27753 0.0325966 3.62649e-25)
(2.27506 0.0303044 4.72307e-27)
(2.04292 0.0296668 1.6402e-25)
(2.27449 0.0350986 0)
(2.27046 0.0404688 1.08957e-24)
(2.01841 0.0181052 2.615e-25)
(2.26402 0.0343246 -1.14555e-24)
(2.25999 0.0497235 0)
(2.26643 0.0755294 -2.85525e-24)
(2.27705 0.0934756 0)
(2.31918 0.156488 -5.965e-24)
(2.30946 0.194054 -3.61928e-24)
(1.99112 0.00689698 1.033e-25)
(2.24344 0.0327233 2.06761e-25)
(2.2392 0.0613326 -1.36743e-25)
(2.24065 0.0948123 -8.53788e-26)
(2.23605 0.129466 6.59785e-25)
(2.25241 0.185122 9.35613e-24)
(2.25045 0.265047 -1.49624e-23)
(2.17598 0.288415 -1.3051e-23)
(1.96406 0.00024327 0)
(2.21277 0.0319161 7.08198e-25)
(2.20282 0.0727014 -2.33867e-24)
(2.19812 0.116942 3.93742e-24)
(2.18869 0.166998 -6.82141e-25)
(2.18706 0.223264 -3.03023e-24)
(2.17337 0.293787 7.76895e-25)
(2.13292 0.35537 -1.01213e-24)
(1.93966 -0.00557501 1.32292e-24)
(2.17849 0.0273245 2.21735e-25)
(2.15315 0.0736493 2.04504e-24)
(2.14433 0.127061 -3.87056e-24)
(2.13079 0.17304 7.03409e-24)
(2.12813 0.250395 -1.09843e-24)
(2.1063 0.298689 2.25335e-24)
(2.07481 0.360561 1.33009e-23)
(1.92302 -0.00828683 7.39779e-25)
(2.14818 0.0223144 -2.33474e-24)
(2.10733 0.0542264 1.05326e-23)
(2.0948 0.106985 0)
(1.34411 0.00630346 -9.99687e-26)
(1.32367 0.00433215 -6.92242e-26)
(1.30621 0.00177121 1.68254e-25)
(1.29254 -0.00172021 -2.34664e-28)
(1.28377 -0.00563904 -1.7142e-25)
(1.28012 -0.00877894 1.47731e-25)
(1.27995 -0.0098083 7.9817e-26)
(1.2815 -0.010579 -6.78869e-27)
(1.2867 -0.011706 6.99524e-27)
(1.29333 -0.0120109 1.22228e-25)
(1.30093 -0.0108287 -3.17713e-25)
(1.30884 -0.00853789 7.00821e-25)
(1.31587 -0.00553755 -2.6508e-25)
(1.321 -0.00247598 0)
(2.24688 0.0305702 -5.21776e-25)
(2.24578 0.0303766 1.57519e-26)
(2.05446 0.032813 -1.77788e-25)
(2.27832 0.0339527 0)
(2.27779 0.0381456 -8.2584e-25)
(2.27664 0.0333301 1.05346e-24)
(2.24238 0.0288711 0)
(2.23505 0.0251452 4.48663e-25)
(2.03096 0.0248884 -2.3437e-25)
(2.2759 0.0362613 0)
(2.27043 0.0444345 -8.41579e-25)
(2.27076 0.035423 1.27341e-24)
(2.22567 0.0208261 -4.48662e-25)
(2.21365 0.0182549 2.32327e-25)
(2.0048 0.0114555 -5.01054e-25)
(2.26436 0.0386814 7.24337e-25)
(2.2546 0.0454654 -5.34671e-25)
(2.25483 0.0327452 5.3473e-25)
(2.20008 0.016666 -3.82872e-25)
(2.18579 0.0145946 -9.33785e-27)
(1.97751 0.00349109 9.33535e-27)
(2.24463 0.0408008 6.98524e-25)
(2.23161 0.0474119 -1.52785e-25)
(2.22941 0.0327063 -5.61797e-26)
(2.17117 0.0115155 0)
(2.15605 0.00864162 -6.11497e-25)
(1.95102 -0.00279994 -5.3666e-25)
(2.21854 0.0418492 7.32506e-25)
(2.20178 0.0432585 1.55394e-24)
(2.1951 0.0296871 -1.14729e-24)
(2.1405 0.00680756 1.05051e-24)
(2.12426 0.00569598 4.41412e-25)
(1.93025 -0.00760363 -4.31946e-25)
(2.18397 0.0367695 -6.6166e-24)
(2.1633 0.0387703 1.1306e-24)
(2.1632 0.0252484 2.37679e-25)
(2.10808 0.00487967 -5.46863e-25)
(2.09339 0.00391311 -2.65968e-24)
(1.9182 -0.00765076 -2.57338e-24)
(2.14428 0.0373728 1.63282e-24)
(2.1265 0.0388074 8.02886e-24)
(2.13241 0.018094 2.33478e-24)
(0.43462 0.000873495 0)
(0.139587 0.00028621 0)
(0.425327 0.00124993 0)
(0.132705 9.36782e-05 0)
(0.422758 0.000943237 0)
(0.128382 -0.000631472 0)
(0.429171 0.000219097 0)
(0.130129 -0.000743478 0)
(0.439539 3.30523e-05 0)
(0.134639 -0.000778983 0)
(0.452391 -0.000735654 0)
(0.14168 -0.000533946 0)
(0.464518 -0.00115869 0)
(0.149716 -0.000171082 0)
(0.429536 0.00108697 0)
(0.1362 0.000228548 0)
(0.422856 0.00121207 0)
(0.129789 -0.000217631 0)
(0.425092 0.000547872 0)
(0.128648 -0.000724065 0)
(0.434011 0.00017564 0)
(0.13218 -0.000787017 0)
(0.445767 -0.0003615 0)
(0.137818 -0.000689697 0)
(0.458851 -0.00100153 0)
(0.145798 -0.000347784 0)
(0.469173 -0.00125199 0)
(0.153206 -9.54944e-06 0)
(1.91609 -0.00664295 1.36569e-24)
(2.11698 0.0110528 2.88317e-24)
(2.08224 0.0227527 -1.40375e-23)
(2.22307 -0.0126809 0)
(2.22737 -0.0161115 -1.29331e-24)
(2.20491 -0.0116673 7.94483e-25)
(1.317 -0.00123763 -4.09704e-25)
(1.91722 -0.00614784 -3.10207e-24)
(2.09747 -0.00284067 9.7441e-24)
(2.07634 2.01135e-05 -3.32963e-24)
(2.22165 -0.0126 0)
(2.22625 -0.0162471 -4.36169e-25)
(2.20058 -0.00931743 1.36637e-24)
(1.30432 0.000180454 9.6458e-26)
(1.9253 -0.000890092 4.57874e-24)
(2.09649 -0.00658264 -1.40803e-23)
(2.07792 -0.0119959 0)
(2.0351 -0.0161883 0)
(1.9727 -0.0281278 3.50818e-23)
(1.87674 -0.00970669 -1.72108e-24)
(1.80985 0.0203554 -1.61854e-23)
(1.79238 0.12757 -4.83066e-25)
(1.78138 0.153434 1.63321e-23)
(1.77655 0.160733 0)
(1.756 0.150473 -3.29971e-25)
(1.94074 -0.0217205 -1.76239e-24)
(2.13354 -0.127816 2.51696e-23)
(2.25731 -0.169588 1.87324e-23)
(2.30774 -0.10992 2.06508e-23)
(2.26353 -0.0926658 -6.32429e-24)
(2.2423 -0.0535884 6.72658e-25)
(2.22632 -0.0456667 0)
(2.2183 -0.0279602 0)
(2.21483 -0.0272548 -1.54295e-23)
(2.21835 -0.0160615 -5.04119e-25)
(2.22348 -0.0173337 3.91308e-24)
(2.1938 -0.00816556 4.40399e-24)
(1.29636 0.00137661 0)
(1.9411 0.0109638 -3.30022e-24)
(2.10488 -0.0133964 -1.32239e-23)
(2.08602 -0.0396658 0)
(2.04138 -0.0462137 0)
(1.97466 -0.0564623 -3.30033e-23)
(1.87128 -0.0615052 2.86074e-24)
(1.77315 -0.0777694 1.29625e-23)
(1.74818 -0.0291919 -2.04057e-24)
(1.75281 -0.0421884 1.98556e-23)
(1.79229 0.0477282 3.27091e-23)
(1.88278 -0.109089 0)
(2.04841 -0.195549 2.16387e-24)
(2.16125 -0.238175 3.95946e-24)
(2.24146 -0.21065 -3.99105e-23)
(2.2458 -0.156365 -2.42483e-23)
(2.22939 -0.125623 5.84796e-24)
(2.22083 -0.0840002 -7.07205e-25)
(2.21188 -0.0690355 1.50819e-24)
(2.20673 -0.0494379 -9.20545e-25)
(2.20837 -0.0382317 8.34847e-24)
(2.21082 -0.024673 1.07938e-23)
(2.21758 -0.0194138 -4.4385e-24)
(2.18491 -0.0079226 0)
(1.29181 0.0023421 -7.12391e-25)
(1.96413 0.0185647 1.7454e-25)
(2.13331 -0.0219574 -1.31537e-23)
(2.10943 -0.0798491 1.62797e-24)
(2.05727 -0.1163 -4.55104e-23)
(1.98207 -0.139779 0)
(1.87225 -0.142805 2.62645e-24)
(1.77073 -0.129743 1.06471e-23)
(1.7394 -0.131465 -1.03416e-23)
(1.74586 -0.150698 1.70339e-23)
(1.8602 -0.167157 -3.63448e-23)
(1.97905 -0.28921 3.79568e-24)
(2.07801 -0.298246 -7.61266e-25)
(2.1511 -0.285103 -6.80819e-24)
(2.18618 -0.263349 3.15312e-23)
(2.19529 -0.193816 -3.73647e-24)
(2.1987 -0.161828 1.60396e-23)
(2.19058 -0.118309 -2.04083e-23)
(2.18939 -0.0937058 -2.374e-23)
(2.18731 -0.0684278 1.25575e-24)
(2.19287 -0.0499384 -2.48025e-23)
(2.19692 -0.0320597 -1.08263e-23)
(2.20375 -0.0213324 1.28074e-23)
(2.17463 -0.00698515 2.88037e-24)
(1.28922 0.00238251 0)
(1.98906 0.0180378 3.08763e-24)
(2.17493 -0.0273892 -5.5349e-25)
(2.17462 -0.104871 2.35729e-24)
(2.10215 -0.164607 6.52964e-23)
(1.99753 -0.232769 -1.38964e-23)
(1.86297 -0.215955 0)
(1.77301 -0.221338 -1.34006e-23)
(1.75301 -0.233736 -7.15696e-24)
(1.79553 -0.295692 -1.49152e-23)
(1.91561 -0.355468 -1.69555e-23)
(1.99462 -0.366205 -2.174e-24)
(2.071 -0.3336 1.02368e-24)
(2.12194 -0.314747 -9.76519e-24)
(2.1354 -0.267414 -1.26509e-23)
(2.14553 -0.217648 3.73327e-24)
(2.15522 -0.170997 1.15406e-23)
(2.15297 -0.127283 1.89851e-23)
(2.15973 -0.0980086 -7.2353e-24)
(2.16273 -0.0689414 -1.72925e-24)
(2.17173 -0.0493247 2.8393e-23)
(2.18041 -0.0300602 -1.75597e-24)
(2.18685 -0.0196723 -1.2854e-23)
(2.16312 -0.00611706 3.41984e-24)
(1.28735 0.00101152 -2.28502e-25)
(2.00798 0.0134976 -1.98154e-24)
(2.21947 -0.0291981 -4.72419e-24)
(2.24348 -0.0833582 7.30921e-24)
(2.18406 -0.148619 -2.31611e-23)
(2.04246 -0.254303 1.66434e-23)
(1.86373 -0.278148 -1.06774e-24)
(1.80145 -0.318077 -2.89778e-24)
(1.81018 -0.364637 6.05306e-23)
(1.8622 -0.410427 -3.16968e-23)
(1.91512 -0.416342 6.85098e-24)
(1.97577 -0.399418 4.36471e-24)
(2.03916 -0.357788 9.73899e-26)
(2.06822 -0.293764 8.89609e-24)
(2.09109 -0.234175 -2.23342e-23)
(2.09817 -0.197842 0)
(2.10385 -0.144984 -2.62578e-23)
(2.11687 -0.103313 -8.31093e-24)
(2.12854 -0.0755405 3.80353e-23)
(2.13843 -0.0486448 3.45781e-23)
(2.15275 -0.033858 -1.98897e-24)
(2.16677 -0.019467 1.98814e-24)
(2.17582 -0.0135005 0)
(2.15073 -0.00806527 0)
(1.2848 -0.00124101 2.20091e-24)
(2.01653 0.0118737 0)
(2.26373 -0.0129613 0)
(2.28021 -0.0304354 -8.26054e-24)
(2.2609 -0.0761235 -9.16292e-24)
(2.15039 -0.160063 -5.87973e-23)
(1.91391 -0.285283 -5.24947e-23)
(1.84678 -0.351992 2.5983e-24)
(1.84806 -0.390213 -2.75311e-23)
(1.88201 -0.41566 -2.08358e-23)
(1.90631 -0.425448 9.23988e-24)
(1.92413 -0.432326 1.28453e-24)
(1.96641 -0.363656 1.23561e-24)
(1.98809 -0.277481 -1.02595e-23)
(2.02879 -0.192752 1.83222e-23)
(2.05398 -0.14108 1.93022e-23)
(2.05853 -0.0992663 -9.88508e-24)
(2.08351 -0.057629 9.57706e-24)
(2.10285 -0.0377855 6.84164e-23)
(2.12122 -0.0198491 -3.45663e-23)
(2.14175 -0.0138791 0)
(2.16069 -0.00711986 -2.10421e-24)
(2.17296 -0.0075322 3.45241e-23)
(2.14291 -0.00682403 1.52786e-23)
(1.27871 -0.0028826 0)
(2.01098 0.0113714 0)
(2.28871 0.0128613 2.06484e-24)
(2.28883 0.012089 -5.22828e-25)
(2.30151 -0.00289616 -2.08513e-23)
(2.25811 -0.0338553 4.73031e-23)
(2.05961 -0.159509 6.45138e-23)
(1.90877 -0.285254 1.25549e-22)
(1.87541 -0.333682 0)
(1.90643 -0.332692 -6.33186e-24)
(1.91657 -0.395292 -1.5815e-23)
(1.90174 -0.401588 -1.29318e-24)
(1.88319 -0.331304 0)
(1.88905 -0.245877 -9.05158e-24)
(1.94148 -0.15189 9.07809e-24)
(2.00347 -0.0790914 9.08216e-23)
(2.02017 -0.0429533 6.43969e-23)
(2.05701 -0.0105428 1.10791e-22)
(2.09082 -0.00442253 -1.63319e-22)
(2.11608 0.000105835 0)
(2.13992 -0.0030009 0)
(2.1604 -0.00188779 0)
(2.17337 -0.00513491 -3.19815e-23)
(2.14221 -0.00526856 -1.1228e-23)
(1.26863 -0.00403342 -2.32241e-24)
(1.98737 0.00473081 1.8025e-24)
(2.28755 0.0200809 -4.26123e-25)
(2.28763 0.0275052 3.40568e-23)
(2.30558 0.0261299 3.09368e-23)
(2.30278 0.0403444 0)
(2.18367 -0.015342 0)
(2.01925 -0.136001 3.08714e-23)
(1.91387 -0.230335 -3.32936e-23)
(1.91983 -0.243761 -2.08351e-23)
(1.95561 -0.243867 1.56671e-22)
(1.89271 -0.282072 4.78205e-23)
(1.80871 -0.207893 -1.9135e-24)
(1.80748 -0.172782 7.30121e-24)
(1.85381 -0.092907 2.76939e-23)
(1.9442 -0.0267055 -9.07506e-23)
(1.99256 0.0179834 -8.49865e-23)
(2.04931 0.0152576 -8.78504e-23)
(2.09071 0.00947196 1.98267e-22)
(2.11712 0.00926592 -1.14953e-22)
(2.14141 0.00379472 -7.39903e-23)
(2.16195 0.00341864 9.28189e-24)
(2.17548 -0.0019211 6.2587e-23)
(2.14439 -0.00476733 -4.02121e-24)
(1.25637 -0.00457687 6.45235e-24)
(1.95975 0.00321692 -1.83663e-24)
(2.27973 0.0297407 -3.10155e-25)
(2.28212 0.045072 -1.0312e-23)
(2.2973 0.0544908 0)
(2.30334 0.0660059 -2.40236e-23)
(2.23565 0.0785039 2.46604e-23)
(2.12647 0.0198469 -3.34253e-22)
(1.99273 -0.0763664 0)
(1.93325 -0.138028 0)
(1.95916 -0.153908 -1.48589e-22)
(1.86196 -0.0913026 -8.86553e-24)
(1.77215 -0.0568041 6.61195e-26)
(1.77157 -0.0638165 -6.42845e-24)
(1.79194 -0.00936957 -9.07338e-23)
(1.89042 0.0334463 -7.05674e-23)
(1.98462 0.0658066 4.67568e-24)
(2.05337 0.0372515 -2.80958e-23)
(2.09481 0.0405519 -7.12555e-23)
(2.12181 0.0320835 8.1343e-23)
(2.14628 0.020867 1.9516e-22)
(2.16643 0.0139366 0)
(2.18071 0.00302337 -6.14136e-23)
(2.1503 -0.00166445 -3.73066e-24)
(1.24307 -0.0038339 -4.06071e-24)
(1.92677 0.00494613 0)
(2.26565 0.0371216 2.02757e-25)
(2.26969 0.0623694 -1.87366e-23)
(2.27773 0.0798905 0)
(2.28599 0.121322 0)
(2.23853 0.130944 2.71627e-22)
(2.16908 0.142355 3.92866e-22)
(2.08165 0.111264 0)
(1.96981 0.0127886 -4.7652e-23)
(1.9288 0.0330179 -5.16336e-24)
(1.83917 0.0714025 5.27104e-23)
(1.77013 0.0171927 8.06509e-25)
(1.75168 0.0567811 1.21005e-23)
(1.75658 0.0824608 4.90317e-23)
(1.86022 0.108889 2.6046e-24)
(1.98615 0.105796 1.7484e-22)
(2.06384 0.109804 1.15417e-22)
(2.10575 0.0826067 -1.0261e-22)
(2.13465 0.0603891 0)
(2.15936 0.0386701 -1.39063e-22)
(2.17821 0.0239875 1.0728e-22)
(2.19257 0.0077337 1.58391e-24)
(2.15955 5.21022e-06 -1.29627e-23)
(1.23179 -0.0020627 0)
(1.89172 0.00584725 3.6583e-26)
(2.23815 0.0388129 1.33806e-24)
(2.24641 0.0722047 5.50886e-24)
(2.23767 0.0988647 0)
(2.24112 0.149536 0)
(2.22247 0.186776 -1.57334e-22)
(2.16704 0.201806 -4.96674e-22)
(2.10693 0.217461 2.12573e-22)
(2.02571 0.20206 0)
(1.92738 0.123535 0)
(1.84145 0.147061 7.43998e-24)
(1.76881 0.119718 -7.46475e-24)
(1.72448 0.168718 7.58679e-24)
(1.73813 0.169739 -3.15751e-23)
(1.84644 0.182689 1.04335e-22)
(1.99193 0.18452 -2.17296e-22)
(2.08462 0.160671 -1.59737e-22)
(2.13893 0.111405 1.46764e-22)
(2.16698 0.0764826 0)
(2.18494 0.0463984 1.06298e-22)
(2.19693 0.0280541 -3.02872e-23)
(2.20804 0.00917553 3.5371e-24)
(2.17017 0.00126529 -2.85304e-24)
(1.22404 -0.000266378 2.77769e-24)
(1.86217 0.00679006 -3.16307e-24)
(2.21173 0.0389418 -4.57232e-25)
(2.21636 0.0737893 -4.94132e-24)
(2.20254 0.117452 0)
(2.18743 0.163477 1.42121e-23)
(2.17989 0.206712 -5.0593e-23)
(2.14869 0.24887 2.54428e-22)
(2.09849 0.263308 -2.09018e-22)
(2.04197 0.300074 8.33838e-23)
(1.95411 0.281141 0)
(1.86918 0.25911 0)
(1.76872 0.229536 0)
(1.71379 0.233842 9.44581e-24)
(1.73391 0.220678 1.21842e-24)
(1.841 0.219364 4.58897e-23)
(2.01566 0.219654 -4.80678e-24)
(2.13723 0.146976 -6.7751e-23)
(2.19008 0.0957439 8.31125e-23)
(2.20344 0.0595907 -2.04702e-23)
(2.20946 0.0345983 -9.34736e-23)
(2.2148 0.021467 -8.01784e-23)
(2.22169 0.00438007 6.06683e-23)
(2.18098 0.00224389 4.2616e-23)
(1.21892 0.000810718 0)
(1.84557 0.00628144 1.17575e-24)
(2.1836 0.0338361 0)
(2.17203 0.0693079 -5.63959e-24)
(2.16237 0.126431 -7.6821e-23)
(2.14703 0.156257 1.1585e-23)
(2.12417 0.223044 -1.45268e-23)
(2.10188 0.274753 0)
(2.07007 0.315591 -2.20335e-23)
(2.02979 0.345777 -2.39387e-23)
(1.95387 0.389693 2.29405e-23)
(1.90417 0.348829 -4.62349e-23)
(1.79199 0.354013 1.23475e-24)
(1.72599 0.300395 9.52251e-24)
(1.74625 0.277953 4.95286e-24)
(1.85343 0.234523 0)
(2.0805 0.172696 3.35352e-24)
(2.20556 0.0888311 3.21466e-23)
(2.23165 0.051004 -4.58502e-23)
(2.2302 0.0289921 0)
(2.22542 0.0142997 0)
(2.22702 0.00858883 0)
(2.22964 -0.00274398 4.35354e-23)
(2.18902 -0.000609373 -3.62727e-23)
(1.21448 0.000962327 -8.76668e-24)
(1.83978 -0.000345153 1.57467e-23)
(2.15557 0.0207959 2.62719e-24)
(2.12781 0.052071 2.34224e-23)
(2.11801 0.10223 7.41306e-23)
(2.09967 0.125245 -2.69717e-23)
(2.06294 0.186275 0)
(2.04236 0.262114 -6.36187e-23)
(2.00574 0.321172 1.87544e-23)
(1.98678 0.379154 -4.07407e-23)
(1.94773 0.409474 -1.46528e-23)
(1.91139 0.378495 2.73175e-23)
(1.81113 0.412082 -1.09346e-23)
(1.77451 0.3565 4.46528e-24)
(1.80631 0.299544 -2.07305e-23)
(1.93668 0.199389 1.59888e-23)
(2.17966 0.0777798 5.35093e-23)
(2.25763 0.0277135 -1.57164e-23)
(2.25363 0.00637266 -1.17341e-23)
(2.24148 0.00238361 1.17363e-23)
(2.23116 -0.00467726 0)
(2.23182 -0.00303445 6.93992e-23)
(2.23201 -0.00900306 -1.1254e-22)
(2.19091 -0.0056204 -5.72399e-23)
(1.20997 0.000892483 8.27625e-24)
(1.83946 -0.00437874 1.42287e-23)
(2.12722 0.00521037 1.00357e-23)
(2.09932 0.0229501 3.36801e-23)
(2.08147 0.0593879 6.07548e-23)
(2.04751 0.0924438 -1.3661e-22)
(1.98749 0.126669 -4.3292e-23)
(1.96915 0.199066 6.36155e-23)
(1.94527 0.275537 0)
(1.9243 0.289517 -1.08075e-24)
(1.93781 0.376101 1.0503e-24)
(1.91006 0.363365 0)
(1.8365 0.345082 -3.84767e-25)
(1.84103 0.2863 0)
(1.91767 0.196389 0)
(2.08403 0.072075 -3.7598e-23)
(2.24843 -0.0161759 -3.36071e-23)
(2.27433 -0.012404 3.8453e-23)
(2.25678 -0.017318 6.10102e-24)
(2.24211 -0.00831753 -1.60011e-23)
(2.23152 -0.0117637 9.90789e-24)
(2.23224 -0.00781418 -1.05681e-22)
(2.23208 -0.00958456 4.71332e-24)
(2.18946 -0.00963518 -4.81561e-23)
(1.20554 0.000146959 0)
(1.85163 -0.0114707 -7.35303e-24)
(2.1007 -0.0130945 2.84122e-23)
(2.0853 -0.0016943 -9.39308e-23)
(2.05533 0.0209261 0)
(2.01868 0.050871 4.66259e-23)
(1.94341 0.0981996 1.74382e-22)
(1.90706 0.112711 0)
(1.91203 0.184506 4.14573e-24)
(1.88876 0.168111 -5.66275e-25)
(1.90572 0.206325 0)
(1.90849 0.226159 2.9556e-25)
(1.87436 0.21425 -8.26859e-25)
(1.92132 0.161231 0)
(2.02469 0.0630395 -8.77732e-24)
(2.16649 -0.0279523 5.54491e-23)
(2.26142 -0.0476336 0)
(2.26931 -0.0177022 -3.81188e-23)
(2.25224 -0.0173091 -1.29074e-23)
(2.24009 -0.00779099 -6.7978e-24)
(2.23145 -0.0174151 -1.47204e-23)
(2.2318 -0.0101057 5.18319e-23)
(2.23166 -0.0164827 -8.13486e-23)
(2.18486 -0.0129845 7.68546e-24)
(1.20001 -0.0008762 0)
(1.8695 -0.0132295 3.10911e-24)
(2.09411 -0.0238494 -1.06991e-22)
(2.07557 -0.0331507 6.12176e-23)
(2.03252 -0.0353126 -1.17464e-22)
(1.98423 -0.020663 8.38481e-23)
(1.91418 0.00263652 -6.56284e-23)
(1.87485 0.0228685 1.45556e-24)
(1.88358 0.0435661 -3.61473e-24)
(1.88086 0.103771 -7.7474e-26)
(1.89587 0.0459665 0)
(1.90717 0.10822 -1.67287e-24)
(1.92235 0.033772 -1.98471e-24)
(1.99934 0.00160721 3.22219e-24)
(2.09919 -0.0684953 8.84276e-24)
(2.19361 -0.0941471 -2.1039e-23)
(2.2506 -0.0781514 4.35446e-24)
(2.25126 -0.067697 -1.5364e-24)
(2.24258 -0.0514452 1.49403e-23)
(2.23518 -0.0376154 8.88986e-24)
(2.22962 -0.0295666 -1.85326e-24)
(2.22999 -0.0212861 -1.90895e-23)
(2.2293 -0.0204872 1.05989e-22)
(2.1778 -0.0159081 4.55256e-24)
(1.19218 -0.00111111 -4.56555e-25)
(1.89673 -0.00936301 0)
(2.09916 -0.0341045 -1.16628e-23)
(2.08592 -0.0409503 0)
(2.03625 -0.0456396 5.34074e-23)
(1.97828 -0.0292946 1.68471e-23)
(1.90977 -0.0104203 -4.38383e-23)
(1.87351 0.00124356 -2.40328e-25)
(1.85154 -0.0283078 4.00414e-24)
(1.88355 0.00915753 0)
(1.88573 -0.00830692 0)
(1.91247 0.0667805 0)
(1.94975 -0.0282702 -3.89857e-24)
(2.02411 -0.0484717 -1.29948e-23)
(2.11479 -0.10748 -2.24876e-24)
(2.18905 -0.111107 0)
(2.22474 -0.114225 0)
(2.2362 -0.0796385 3.1028e-24)
(2.2306 -0.0617734 2.24056e-24)
(2.22844 -0.0430846 5.12782e-24)
(2.2248 -0.0327367 0)
(2.22582 -0.0249974 -2.74814e-25)
(2.22732 -0.0206407 -3.44318e-24)
(2.16394 -0.0159654 0)
(1.17828 -0.000800472 5.56093e-23)
(1.90936 -0.00622727 3.06274e-23)
(2.11913 -0.0401147 6.11072e-24)
(2.10649 -0.0703726 2.55218e-24)
(2.04962 -0.0922678 -1.34366e-24)
(1.97002 -0.0850319 -8.6848e-25)
(1.90228 -0.0841965 0)
(1.87011 -0.0782646 0)
(1.85532 -0.0788577 4.30926e-25)
(1.86497 -0.0812162 4.87757e-25)
(1.89388 -0.07001 9.4594e-27)
(1.9211 -0.0653561 0)
(2.01791 -0.13881 0)
(2.05208 -0.157517 1.63317e-26)
(2.12387 -0.166581 -1.18366e-25)
(2.16636 -0.159139 0)
(2.20188 -0.140891 -2.29861e-26)
(2.20937 -0.102056 -2.95259e-25)
(2.2038 -0.0823334 -8.69147e-26)
(2.20492 -0.057105 -2.15087e-25)
(2.20646 -0.0430401 -2.15485e-25)
(2.21259 -0.0275257 8.17463e-26)
(2.21692 -0.0200594 0)
(2.13757 -0.0089465 3.58622e-24)
(1.1485 -0.00277664 0)
(1.32407 0.000322955 0)
(1.32531 0.00272047 -4.33094e-25)
(1.31001 -0.00044767 -1.36194e-28)
(1.3255 0.00419156 -9.36947e-25)
(1.32484 0.00556763 -5.16997e-26)
(1.29995 0.000856963 0)
(1.32184 0.00776965 9.96232e-25)
(1.31359 0.0111429 0)
(1.29387 0.00202226 5.61726e-25)
(1.30122 0.0140066 0)
(1.28552 0.0148942 0)
(1.29053 0.00258679 0)
(1.26834 0.0136937 -1.64062e-24)
(1.25168 0.0107124 1.13565e-24)
(1.28846 0.00197417 2.07323e-25)
(1.23752 0.00669811 0)
(1.2267 0.00240927 -1.92212e-25)
(1.28652 -8.44325e-05 0)
(1.21945 -0.00138576 0)
(1.21496 -0.00408365 8.34857e-25)
(1.28278 -0.00197585 -2.20571e-24)
(1.21232 -0.00568937 -8.34862e-25)
(1.21051 -0.00693175 5.60661e-26)
(1.27432 -0.00334287 2.92817e-25)
(1.20944 -0.00839529 0)
(1.20965 -0.00924519 9.92809e-26)
(1.26256 -0.00424682 5.9498e-26)
(1.21184 -0.00810918 -1.30227e-25)
(1.21392 -0.00510818 0)
(1.24919 -0.00435186 -5.25944e-25)
(1.21452 -0.00301983 0)
(1.2143 -0.0021748 -6.66004e-25)
(1.23652 -0.00298209 0)
(1.21301 -0.000982403 6.3911e-25)
(1.2105 0.00065759 0)
(1.22712 -0.00107561 3.10224e-24)
(1.20706 0.00227867 -1.18618e-24)
(1.20286 0.00369389 2.00381e-24)
(1.22089 0.000423588 -5.88006e-24)
(1.19704 0.00530705 -4.58065e-25)
(1.19022 0.00736537 -3.99709e-25)
(1.21632 0.00100857 -6.27449e-28)
(1.18256 0.00824528 0)
(1.17566 0.00734414 -1.98877e-28)
(1.21179 0.00104607 1.32905e-24)
(1.17137 0.00396547 0)
(1.17042 0.000947279 5.87223e-24)
(1.20727 0.000807068 -9.34236e-25)
(1.17086 -0.000484589 4.96916e-24)
(1.17272 -0.0022874 -1.83156e-23)
(1.20217 -0.00031064 0)
(1.17863 -0.00346422 2.02948e-23)
(1.18443 -0.00336635 -1.22008e-23)
(1.19427 -0.00133604 -5.81669e-25)
(1.19076 -0.00277239 -3.42161e-24)
(1.19499 -0.00186127 5.04294e-25)
(1.18064 -0.00206342 -3.17155e-23)
(1.19955 -0.00244301 4.89506e-24)
(1.15889 0.00358677 1.08429e-22)
(1.12447 -0.00536542 -2.28052e-22)
(1.1937 0.00140681 -1.2861e-22)
(2.09137 -0.0314827 -2.0915e-23)
(2.11601 -0.0544398 -1.68101e-24)
(2.08863 -0.0679149 4.82374e-25)
(2.02995 -0.0798564 2.0221e-24)
(1.95586 -0.0934733 2.74644e-25)
(1.89416 -0.086277 -9.43801e-26)
(1.87317 -0.0766586 -3.28562e-25)
(1.84507 -0.0777793 -1.23258e-25)
(1.88279 -0.0919209 -2.6898e-25)
(1.87757 -0.0938796 0)
(1.97665 -0.125825 0)
(2.01664 -0.153221 -8.4569e-26)
(2.07248 -0.168682 -5.21102e-26)
(2.12855 -0.164082 -4.73176e-26)
(2.18335 -0.146719 0)
(2.20438 -0.129806 0)
(2.2073 -0.102656 1.64707e-25)
(2.20213 -0.0782795 0)
(2.20426 -0.0568073 1.39757e-25)
(2.20723 -0.0410779 -5.0371e-27)
(2.21308 -0.0268102 3.91501e-25)
(2.20519 -0.0157952 0)
(1.86748 -0.00495404 -3.67667e-24)
(2.08211 0.00263103 -2.82098e-25)
(2.07542 0.000936057 2.94173e-24)
(1.91596 -0.00621794 3.51068e-24)
(2.11271 0.0322065 -1.46196e-23)
(2.10297 0.021445 1.5168e-23)
(2.1045 0.00356367 -9.43763e-24)
(2.02385 -0.0140042 0)
(2.01856 -0.0120846 7.50207e-25)
(2.20303 -0.0122966 -2.48957e-24)
(2.07301 -0.00105419 0)
(2.07295 -0.00193888 0)
(1.92082 -0.00485293 0)
(2.09704 0.00772759 2.34921e-23)
(2.09495 -0.00259253 -1.34014e-23)
(2.09588 -0.00565316 3.15468e-25)
(2.01367 -0.0103225 -2.46044e-25)
(2.00867 -0.00866597 4.32938e-25)
(2.19724 -0.0102725 -2.32577e-24)
(2.0741 -0.00218131 -9.11621e-27)
(2.07786 -0.0016288 -2.63217e-24)
(1.93196 0.00502213 -2.76239e-24)
(2.09493 -0.00473166 6.25089e-24)
(2.09616 -0.0108615 6.83493e-24)
(2.09902 -0.00920896 8.68012e-24)
(2.00356 -0.00756406 -4.70987e-25)
(1.99802 -0.00641833 -5.15342e-25)
(2.18941 -0.00957232 5.71791e-25)
(2.08696 -0.000863082 0)
(2.10053 -0.00223703 -7.81445e-24)
(1.95184 0.0157044 3.30021e-24)
(2.09978 -0.0139357 -1.37541e-23)
(2.10675 -0.0295753 1.38985e-23)
(2.11675 -0.0184293 2.73482e-23)
(1.99217 -0.00563146 1.37361e-25)
(1.98602 -0.00480724 -3.27372e-24)
(2.17974 -0.0088099 6.28109e-25)
(2.11772 -0.0052485 6.93211e-24)
(2.13741 -0.00878595 1.306e-24)
(1.97691 0.0192834 2.85875e-25)
(2.12228 -0.0359875 0)
(2.14253 -0.0481801 0)
(2.15346 -0.025294 -1.30622e-24)
(1.98004 -0.00429705 -2.91971e-25)
(1.97468 -0.00334257 2.74864e-24)
(2.16894 -0.00696861 -2.87969e-24)
(2.15816 -0.0118236 8.5468e-24)
(2.17938 -0.013992 -8.88841e-24)
(1.99944 0.0156544 -2.9124e-24)
(2.17071 -0.050352 -9.45233e-24)
(2.20015 -0.0572184 0)
(2.19741 -0.0301627 8.93528e-25)
(1.97001 -0.00242882 2.0833e-25)
(1.96589 -0.00147553 0)
(2.15671 -0.00738683 -3.41884e-24)
(2.20052 -0.0150253 0)
(2.22022 -0.0136059 0)
(2.01406 0.0122602 1.98157e-24)
(2.22864 -0.0567609 8.94016e-24)
(2.2529 -0.0586584 -8.9456e-24)
(2.24221 -0.0246979 4.71927e-24)
(1.96195 -0.00148511 0)
(1.95855 -0.00251928 8.2804e-24)
(2.14576 -0.00820429 -1.63153e-23)
(2.23573 -0.00836649 0)
(2.24406 -0.000429192 0)
(2.01595 0.0118409 -4.71967e-26)
(2.27195 -0.0457331 0)
(2.28554 -0.0260999 0)
(2.28084 0.000540968 -2.06408e-24)
(1.95619 -0.00424581 -7.23766e-24)
(1.95521 -0.00574836 -8.69664e-24)
(2.14212 -0.00521921 3.9935e-24)
(2.24562 0.00586782 -1.13456e-24)
(2.24458 0.00883098 1.10835e-24)
(1.9995 0.00791456 -2.22702e-26)
(2.29295 -0.00106654 3.71147e-25)
(2.29428 0.0106488 -7.14506e-24)
(2.28923 0.0160073 4.75375e-26)
(1.95504 -0.00656641 7.54781e-24)
(1.95518 -0.00700562 0)
(2.14282 -0.00385844 8.06603e-24)
(2.24068 0.0125103 0)
(2.23221 0.018693 -8.72962e-26)
(1.97383 0.00338386 -2.98361e-27)
(2.29358 0.0145339 4.56925e-24)
(2.29051 0.0274806 -3.52713e-24)
(2.28477 0.0263082 5.0574e-25)
(1.95572 -0.0077002 1.21101e-25)
(1.95723 -0.0082872 2.33724e-25)
(2.14676 -0.00143431 0)
(2.22173 0.023305 1.83994e-26)
(2.20948 0.0277009 5.85935e-26)
(1.94411 0.00404464 4.27091e-26)
(2.28659 0.0330938 3.61637e-24)
(2.28112 0.042754 0)
(2.27362 0.0329509 3.07339e-25)
(1.95968 -0.00806868 1.34701e-23)
(1.96221 -0.00757501 -1.34689e-23)
(2.15462 0.000920858 0)
(2.19564 0.0313169 3.70637e-26)
(2.18036 0.0319497 -1.22611e-25)
(1.90891 0.00538181 1.22591e-25)
(2.27472 0.0464581 0)
(2.26642 0.0558819 -1.81744e-24)
(2.25339 0.0397763 -1.48789e-24)
(1.96456 -0.00672106 0)
(1.96654 -0.00599896 1.49946e-24)
(2.16474 0.00193376 5.10996e-24)
(2.16574 0.0320166 -1.22059e-25)
(2.15126 0.0305454 1.76957e-24)
(1.8759 0.00619815 3.16296e-24)
(2.25581 0.0549652 3.24337e-26)
(2.24234 0.0536985 -3.11326e-25)
(2.22481 0.039794 -2.7195e-25)
(1.96812 -0.0054512 -8.88293e-26)
(1.96949 -0.00531769 0)
(2.17569 0.00310072 -5.38845e-23)
(2.13583 0.0279505 -2.30718e-24)
(2.12118 0.0244302 -7.92703e-25)
(1.85198 0.00661775 -1.19258e-24)
(2.22994 0.0542315 5.34703e-25)
(2.21537 0.0514779 -1.37285e-24)
(2.19638 0.036106 -8.58126e-25)
(1.97052 -0.00557425 1.58504e-25)
(1.97102 -0.00567351 0)
(2.1857 0.00240645 3.61977e-23)
(2.10726 0.0209702 1.82645e-24)
(2.09233 0.0167692 5.46234e-25)
(1.84202 0.00356124 0)
(2.20035 0.0479993 0)
(2.18314 0.0476601 4.62285e-24)
(2.17076 0.0288068 -3.65673e-24)
(1.97094 -0.00595345 1.50024e-23)
(1.96908 -0.00585126 9.45768e-24)
(2.1906 -0.00287737 5.60404e-23)
(2.078 0.010103 -4.07966e-25)
(2.06713 0.00198466 -5.593e-24)
(1.83882 -0.00299349 -1.50774e-23)
(2.16437 0.0427159 -1.65417e-24)
(2.14524 0.0342684 -4.05054e-24)
(2.14103 0.0122672 1.00325e-23)
(1.96628 -0.00623574 -2.90388e-23)
(1.9607 -0.00549892 8.51313e-25)
(2.19049 -0.00495795 4.61413e-23)
(2.05975 -0.00439753 5.42514e-24)
(2.0556 -0.0128743 1.52677e-24)
(1.84322 -0.00677371 -1.53412e-23)
(2.12989 0.02645 3.05637e-23)
(2.11674 0.0138355 -3.99622e-23)
(2.11267 -0.00486009 -7.52077e-24)
(1.95761 -0.00533489 0)
(1.9503 -0.0051857 0)
(2.18648 -0.00810256 -1.85671e-23)
(2.05406 -0.0174361 2.16546e-23)
(2.05425 -0.0211059 -2.40665e-23)
(1.86036 -0.0160289 1.11704e-23)
(2.10589 0.00258169 0)
(2.09645 -0.0137771 -2.35317e-23)
(2.09433 -0.0218314 3.99264e-23)
(1.94648 -0.00646249 7.31072e-23)
(1.93573 -0.00687671 1.1018e-24)
(2.18031 -0.010993 -1.48636e-23)
(2.05613 -0.0226156 0)
(2.06004 -0.0290765 8.11149e-23)
(1.88226 -0.0139737 -2.88815e-23)
(2.0934 -0.0250695 -7.02943e-24)
(2.09394 -0.0307779 4.20933e-24)
(2.09544 -0.0289748 0)
(1.93233 -0.00883917 -7.94508e-23)
(1.91367 -0.00868326 -1.72219e-23)
(2.17099 -0.0118079 0)
(2.06888 -0.0266406 -6.75301e-24)
(2.07038 -0.0327201 -2.23748e-23)
(1.87079 -0.0101735 -1.20715e-23)
(2.09669 -0.0350948 -3.59518e-23)
(2.1001 -0.0464004 1.29331e-23)
(2.10272 -0.0383983 2.24616e-23)
(2.07637 -0.0362814 9.71689e-24)
(2.07837 -0.0500858 -9.04363e-24)
(2.09127 -0.0553189 -3.82898e-24)
(2.02867 -0.0478111 0)
(2.02816 -0.058422 -1.10827e-24)
(2.04003 -0.0640847 0)
(1.97097 -0.040557 1.13507e-23)
(1.96155 -0.0485333 1.63155e-24)
(1.96927 -0.0656177 7.68565e-24)
(1.90644 -0.0416191 1.58068e-24)
(1.90384 -0.0412635 -4.85584e-24)
(1.90533 -0.0458326 4.34683e-24)
(1.86785 -0.0225223 -9.47814e-24)
(1.87014 -0.0195409 -1.72271e-24)
(1.87304 -0.0487752 1.059e-24)
(1.86679 -0.00852911 0)
(1.84921 -0.04584 -4.77274e-24)
(1.84856 -0.051582 0)
(1.88069 0.0144577 3.00445e-25)
(1.88286 -0.0084162 0)
(1.87502 -0.0226072 4.36805e-24)
(1.89646 -0.00725516 1.27279e-24)
(1.88334 -0.0360605 -1.25673e-24)
(1.88925 -0.017153 0)
(1.91185 0.021838 8.90395e-24)
(1.92743 -0.0271105 9.30848e-25)
(1.9103 0.00178908 0)
(1.96952 -0.0453896 1.30368e-23)
(1.99711 -0.0815177 -8.67741e-25)
(1.98374 -0.059514 3.75532e-26)
(2.0312 -0.0735702 2.24762e-24)
(2.05479 -0.118979 2.78815e-26)
(2.04015 -0.0947431 -2.48877e-25)
(2.12699 -0.121579 0)
(2.13148 -0.150845 2.44891e-24)
(2.12252 -0.143399 0)
(2.19332 -0.100666 1.28479e-23)
(2.19089 -0.132178 1.02984e-24)
(2.18298 -0.139695 -2.34109e-24)
(2.23646 -0.0964727 -1.81952e-23)
(2.2264 -0.118694 -1.93662e-24)
(2.21725 -0.132815 -1.06193e-24)
(2.23401 -0.0800335 6.31238e-24)
(2.22676 -0.0948091 1.83037e-25)
(2.23013 -0.0920705 -1.15393e-25)
(2.22659 -0.0637875 -1.26123e-23)
(2.22005 -0.0732737 0)
(2.22323 -0.0758723 -3.56671e-25)
(2.22479 -0.043663 -7.91016e-24)
(2.2191 -0.0521962 0)
(2.22219 -0.0521076 -9.27551e-25)
(2.22334 -0.0341651 0)
(2.21885 -0.0397431 9.45804e-26)
(2.21948 -0.0409527 0)
(2.22563 -0.0238243 -8.75463e-24)
(2.22221 -0.0272195 -3.57196e-25)
(2.22227 -0.0278977 -8.35961e-26)
(2.21896 -0.0196206 -5.48666e-24)
(2.21445 -0.0182034 4.80992e-24)
(2.22463 -0.0217586 0)
(1.91274 -0.0101784 3.10402e-23)
(1.85913 -0.00608595 1.53884e-22)
(2.15082 -0.00971715 5.33686e-25)
(0.454502 -0.000437203 0)
(0.148575 -5.42328e-05 0)
(0.451797 -0.000317939 0)
(0.146878 7.55674e-05 0)
(0.451263 -0.000232833 0)
(0.146468 0.000229224 0)
(0.452159 -0.000146708 0)
(0.147014 0.000256919 0)
(0.453911 1.30116e-05 0)
(0.148308 0.000186648 0)
(0.455857 0.000354711 0)
(0.150181 1.55195e-05 0)
(0.457433 0.000603196 0)
(0.152501 -0.000107652 0)
(0.457423 0.000556549 0)
(0.15424 -0.000273489 0)
(0.455034 0.000359014 0)
(0.154678 -0.000340829 0)
(0.451332 0.000142166 0)
(0.154067 -0.00028793 0)
(0.446795 -0.000125807 0)
(0.152267 -0.00018583 0)
(0.443019 -0.000201863 0)
(0.150423 -3.53071e-05 0)
(0.440839 -0.000215825 0)
(0.149404 0.000102357 0)
(0.439788 -0.000268815 0)
(0.149097 0.000210311 0)
(0.438917 -0.000341039 -1.30808e-27)
(0.148859 0.000220613 1.29547e-27)
(0.437976 -0.000283665 0)
(0.148526 0.000194961 0)
(0.437312 -8.71725e-05 0)
(0.148664 9.90045e-05 0)
(0.436088 -5.50553e-05 -2.58019e-26)
(0.148757 7.14834e-06 -2.55169e-26)
(0.43464 0.000263955 1.85878e-24)
(0.148497 -0.000153492 -3.35366e-26)
(0.441323 0.00116292 2.36732e-24)
(0.153796 2.20652e-05 0)
(0.417809 -0.00071432 1.36873e-25)
(0.134004 -0.00021444 0)
(0.452899 -0.000375255 0)
(0.147586 8.50134e-06 0)
(0.451355 -0.000258106 0)
(0.146554 0.000171763 0)
(0.451638 -0.000192133 0)
(0.146676 0.000251519 0)
(0.453094 -6.62486e-05 0)
(0.147629 0.000241212 0)
(0.454999 0.000167344 0)
(0.149213 9.79026e-05 0)
(0.456871 0.000532984 0)
(0.151383 -2.30671e-05 0)
(0.457766 0.000624389 0)
(0.153574 -0.000174243 0)
(0.456593 0.00042549 0)
(0.154633 -0.000292482 0)
(0.453423 0.000285356 0)
(0.154552 -0.000320315 0)
(0.449084 -1.46084e-05 0)
(0.153288 -0.000243617 0)
(0.444682 -0.000162301 0)
(0.151273 -0.000115139 0)
(0.441703 -0.000198769 0)
(0.149791 4.02939e-05 0)
(0.440197 -0.000224707 -1.96375e-28)
(0.149193 0.000166468 1.94549e-28)
(0.439372 -0.000293061 2.81876e-27)
(0.149003 0.00022919 0)
(0.438434 -0.000328704 0)
(0.148676 0.00022828 0)
(0.437626 -0.000165988 0)
(0.148538 0.000172448 0)
(0.436605 -3.63595e-05 2.59599e-26)
(0.148714 4.75861e-05 2.56957e-26)
(0.434772 -9.29313e-05 2.69026e-24)
(0.148495 -3.30188e-05 -1.36352e-24)
(0.434719 0.000850686 1.54266e-25)
(0.148602 -0.000308828 2.67231e-24)
(0.431652 -0.00612324 -1.30031e-25)
(0.147971 -0.000983476 0)
(0.472733 -0.0013816 0)
(0.156214 0.000183913 0)
(0.477356 -0.0018017 0)
(0.161631 0.000435371 0)
(0.478967 -0.00204781 0)
(0.167153 0.000851553 0)
(0.472857 -0.000978221 0)
(0.168903 0.00106756 0)
(0.458891 0.000498004 0)
(0.163462 0.000649462 0)
(0.444599 0.00134161 0)
(0.154936 8.70089e-05 0)
(0.435656 0.00147394 0)
(0.148417 -0.000464099 0)
(0.432009 0.0017287 0)
(0.144936 -0.000941565 0)
(0.430834 0.00178662 0)
(0.142497 -0.00136939 0)
(0.433334 0.000724226 0)
(0.143551 -0.00092983 0)
(0.435176 0.000359792 0)
(0.145185 -0.000414514 0)
(0.435513 -1.91655e-05 0)
(0.146231 -0.000101183 0)
(0.43464 -0.000305833 0)
(0.147083 0.000232803 0)
(0.43123 -0.00039577 1.68345e-28)
(0.146895 0.000549229 0)
(0.425395 -0.000254562 -2.30631e-28)
(0.14398 0.000915848 4.53459e-28)
(0.421599 -0.000516697 0)
(0.14036 0.000657138 0)
(0.425402 -0.000816417 8.10374e-31)
(0.141747 0.000102304 -8.04564e-31)
(0.433642 -0.00110314 0)
(0.145615 -0.000159987 4.77176e-27)
(0.447354 -0.00198249 8.05979e-25)
(0.154519 -0.000237124 -7.98438e-25)
(0.474036 -0.00405375 -5.07767e-24)
(0.173205 -0.000446349 -6.4489e-26)
(0.453287 0.00130947 -2.28859e-26)
(0.157091 -0.000209813 4.72909e-24)
(0.47535 -0.00158474 0)
(0.15891 0.000356586 0)
(0.478696 -0.00195644 0)
(0.164489 0.000571385 0)
(0.477416 -0.00174747 0)
(0.168851 0.00110529 0)
(0.466407 -0.000195077 0)
(0.166981 0.000895434 0)
(0.451327 0.00102496 0)
(0.159223 0.000358042 0)
(0.439311 0.00145369 0)
(0.151222 -0.000165766 0)
(0.433433 0.00153411 0)
(0.146482 -0.000749441 0)
(0.431055 0.00190151 0)
(0.143484 -0.00114136 0)
(0.431751 0.00120322 0)
(0.142575 -0.00122089 0)
(0.434566 0.000496324 0)
(0.144569 -0.000612161 0)
(0.435415 0.000187151 0)
(0.145667 -0.000278375 0)
(0.435396 -0.000194735 0)
(0.146757 7.80054e-05 0)
(0.433247 -0.000363708 -6.92869e-29)
(0.14718 0.000367403 3.38378e-29)
(0.428549 -0.000349873 0)
(0.145877 0.000788491 -4.18752e-30)
(0.422696 -0.000281365 8.93292e-28)
(0.141789 0.000887076 -4.3881e-28)
(0.422357 -0.000754121 -4.66887e-31)
(0.140472 0.000239353 0)
(0.428466 -0.000742141 5.29687e-30)
(0.143155 -3.5651e-05 8.7494e-27)
(0.439206 -0.00181799 -6.31807e-27)
(0.149243 -0.000285691 -1.29051e-26)
(0.454227 -0.00312934 -2.43955e-24)
(0.159504 -0.000159005 0)
(0.468782 0.00605714 -1.54763e-24)
(0.171091 0.000740245 1.66394e-24)
(2.34222 -0.0703592 -7.69093e-22)
(2.36189 -0.106013 3.7588e-21)
(2.39786 -0.12839 -8.54355e-21)
(2.45396 -0.171435 6.50719e-21)
(2.51264 -0.119314 -7.62054e-21)
(2.51354 -0.197045 -1.33244e-20)
(1.42595 -0.26294 0)
(-0.291319 -0.158626 -9.50737e-20)
(-0.0362548 0.356217 -3.01805e-20)
(1.63825 0.272285 1.38501e-20)
(2.54139 0.243797 -3.39368e-21)
(2.48302 0.180471 2.21773e-21)
(1.97584 0.00218629 2.17692e-24)
(-0.142256 0.332202 -1.70152e-20)
(-0.435233 0.312185 2.52716e-20)
(-0.351993 -0.273009 -2.2821e-20)
(2.35001 -0.0177664 5.34928e-23)
(2.30843 -0.00869132 -6.23447e-23)
(2.34645 -0.0488803 3.53202e-22)
(2.34913 -0.0285326 1.38593e-22)
(2.38134 -0.14102 0)
(2.24442 -0.0844135 -2.97979e-20)
(2.5605 -0.182177 1.44238e-20)
(-0.139093 0.164933 -5.18007e-20)
(-0.108304 0.0795656 0)
(1.38181 -0.109109 2.99804e-20)
(-0.136743 0.0231454 -2.61086e-20)
(0.25539 0.214008 3.29362e-20)
(-0.111117 0.417559 1.42869e-20)
(2.36445 0.283737 0)
(2.51305 0.254952 1.28691e-20)
(1.16026 0.17185 0)
(2.16979 0.0436231 0)
(2.18412 0.0249566 0)
(1.56992 0.289062 0)
(1.77773 0.299742 0)
(2.02237 0.293537 -1.31209e-24)
(2.13904 0.190879 0)
(2.18512 0.119024 0)
(2.1971 0.0721351 0)
(2.20302 0.0376298 -3.62615e-25)
(2.20439 0.0183848 3.62353e-25)
(2.02325 0.401495 0)
(1.90654 0.427128 -1.19387e-24)
(1.65194 0.461392 1.22265e-24)
(1.55092 0.425083 8.78703e-25)
(1.57967 0.390068 -4.83758e-24)
(1.7941 0.333626 -3.55284e-25)
(2.11428 0.229362 1.68042e-24)
(2.23328 0.118285 -1.75504e-24)
(2.24484 0.0650376 3.75697e-24)
(2.2331 0.029439 3.25582e-25)
(2.22554 0.0127648 -4.45689e-24)
(2.21731 -0.000276995 4.15051e-24)
(1.848 0.468262 -5.03096e-24)
(1.64856 0.483939 -1.19511e-24)
(1.58881 0.473805 1.48578e-24)
(1.6519 0.396822 5.66937e-24)
(1.93038 0.247021 -2.14631e-24)
(2.24646 0.0791888 0)
(2.29629 0.0187443 1.9693e-24)
(2.27404 0.00212301 -3.97278e-24)
(2.24688 -0.0128806 0)
(2.23233 -0.00832331 3.81633e-24)
(2.22086 -0.0147363 -6.94082e-24)
(2.31984 -0.00669676 3.96074e-23)
(2.36401 -0.0294969 -2.43575e-22)
(2.38303 -0.0354215 1.54017e-21)
(2.4028 -0.0467135 3.03287e-21)
(2.43031 -0.0573584 1.23498e-20)
(2.46142 -0.0748835 3.64178e-22)
(2.50403 -0.0866093 -6.28206e-21)
(2.37421 -0.137468 -3.73431e-21)
(1.21023 -0.0561385 1.61808e-20)
(-0.498875 -0.00728826 2.0239e-20)
(-0.0230757 0.137462 2.27699e-20)
(1.8991 0.195922 -1.50889e-20)
(2.55121 0.118752 1.82022e-21)
(2.51249 0.164649 1.33021e-20)
(2.33642 0.00280437 0)
(2.38358 -0.00267597 2.77575e-22)
(2.39406 -0.010588 -3.53588e-21)
(2.41178 -0.0143102 -1.9181e-21)
(2.43508 -0.0146306 2.63251e-21)
(2.45941 -0.0319729 -2.40472e-21)
(2.48325 -0.00148062 0)
(2.32614 0.00546094 -7.47965e-21)
(0.84599 0.116979 7.1554e-21)
(-0.722637 -0.061406 -9.58282e-21)
(-0.152227 0.0922949 -5.04423e-21)
(1.88785 0.0302666 4.59958e-20)
(2.5443 0.0788587 -8.08597e-21)
(2.53172 0.00299196 -1.55387e-21)
(2.45682 -0.00173612 -1.18137e-20)
(2.4027 0.00423822 4.19294e-21)
(2.36377 0.00951251 -1.3791e-21)
(2.33365 0.0123607 -6.02592e-23)
(2.34391 0.0155527 2.24102e-23)
(2.39081 0.0142867 1.08593e-22)
(2.39452 -0.00184818 1.54625e-21)
(2.40824 -0.0044965 0)
(2.43159 -0.00437399 -2.58946e-22)
(2.45763 -0.00740926 5.71691e-22)
(2.46361 0.0169041 -5.40169e-21)
(2.22714 0.0103363 -5.87387e-21)
(0.477455 0.156092 4.34567e-22)
(-0.578744 0.234564 -3.85354e-21)
(-0.110868 -0.0333379 5.18646e-21)
(1.91736 -0.025728 -1.667e-20)
(2.52997 -0.125957 -4.62438e-21)
(2.53414 -0.0824545 0)
(2.44952 -0.0375419 4.64467e-21)
(2.39551 -0.0240599 3.35702e-21)
(2.3579 -0.0116414 2.59214e-22)
(2.33148 -0.00777468 4.90813e-22)
(2.34602 0.0259112 1.10622e-23)
(2.39956 0.0228458 9.8226e-23)
(2.4004 0.0289729 1.21155e-21)
(2.40931 0.0156554 7.64988e-21)
(2.42979 0.0255681 -1.60467e-20)
(2.45457 0.00389217 1.35022e-20)
(2.4518 0.0324091 5.40821e-21)
(2.13878 0.0248878 6.57034e-21)
(0.454299 0.14125 9.03249e-22)
(-0.551633 0.0268795 2.72914e-21)
(0.0369546 -0.160389 9.0661e-22)
(2.03321 -0.201408 -9.05756e-21)
(2.49315 -0.29805 6.51876e-21)
(2.5112 -0.111971 -2.81431e-21)
(2.41669 -0.110178 -7.37831e-21)
(2.37669 -0.057993 -5.52204e-21)
(2.34501 -0.0409539 0)
(2.32581 -0.0265315 6.3701e-22)
(2.34301 0.0314044 -1.10722e-23)
(2.39918 0.033711 0)
(2.39982 0.0469337 3.62416e-22)
(2.40996 0.054138 0)
(2.43016 0.0620674 -4.12598e-21)
(2.45031 0.068741 8.19294e-21)
(2.44504 0.0695108 0)
(2.10188 0.0617629 4.47369e-21)
(0.483874 0.0503886 -1.90953e-21)
(-0.386995 -0.139563 -2.53419e-21)
(0.237661 -0.390306 -1.30424e-21)
(2.06646 -0.365255 7.19944e-21)
(2.41923 -0.365255 -4.74334e-21)
(2.43117 -0.182444 3.33916e-21)
(2.36871 -0.152671 5.74547e-21)
(2.34588 -0.086318 -1.31461e-21)
(2.3262 -0.0680072 1.32318e-21)
(2.31317 -0.0429046 -6.40882e-22)
(2.33154 0.0363547 1.08201e-21)
(2.39622 0.0475625 -2.32678e-23)
(2.39165 0.0611515 -7.92349e-22)
(2.40522 0.0674181 -7.78108e-22)
(2.42588 0.0763883 -3.64314e-21)
(2.44924 0.0964986 0)
(2.44874 0.0750789 3.89917e-21)
(2.10277 0.0726339 0)
(0.581642 -0.0672531 4.22547e-21)
(-0.206968 -0.364427 -6.87835e-21)
(0.358455 -0.538114 -1.08225e-21)
(2.02439 -0.413721 0)
(2.26433 -0.427727 1.59895e-21)
(2.33532 -0.228961 0)
(2.30275 -0.174658 -6.16575e-21)
(2.31746 -0.10946 4.56761e-22)
(2.29802 -0.0803944 1.32167e-21)
(2.29482 -0.056497 2.11784e-21)
(2.31365 0.0391696 -1.76074e-22)
(2.38676 0.0536102 0)
(2.37853 0.0696525 7.01417e-22)
(2.39307 0.0809929 3.96697e-21)
(2.4117 0.104051 -3.16505e-21)
(2.44481 0.105811 3.62444e-21)
(2.46178 0.134136 3.81431e-21)
(2.161 0.111393 -1.3944e-20)
(0.840029 -0.0832172 1.25073e-22)
(-0.012128 -0.411314 4.62934e-21)
(0.389088 -0.580964 2.35458e-22)
(1.94832 -0.4088 6.51142e-22)
(2.12263 -0.479314 -2.24807e-21)
(2.20431 -0.181097 2.2819e-21)
(2.22167 -0.228798 -1.8061e-21)
(2.25992 -0.103028 3.4044e-22)
(2.26562 -0.0966811 0)
(2.27636 -0.0560448 4.41012e-22)
(2.28981 0.0419406 0)
(2.37293 0.0605956 6.45144e-22)
(2.36726 0.0884734 0)
(2.37822 0.105888 1.25685e-21)
(2.39436 0.138584 -1.41635e-21)
(2.42135 0.192686 0)
(2.45233 0.17446 3.62932e-21)
(2.25315 0.337599 -1.32286e-22)
(1.21519 0.0266975 -5.20895e-21)
(0.21209 -0.283954 4.35746e-21)
(0.368665 -0.515745 -1.06881e-21)
(1.85367 -0.293279 -4.22313e-23)
(2.05264 -0.285154 0)
(2.06228 -0.102712 0)
(2.18791 -0.104636 0)
(2.20512 -0.0701039 1.34972e-21)
(2.24112 -0.0708843 -7.65243e-22)
(2.25317 -0.0486249 3.47258e-22)
(2.26115 0.0425493 -1.46464e-22)
(2.35397 0.0684832 0)
(2.34268 0.10755 -1.38304e-22)
(2.34489 0.135538 1.60282e-22)
(2.35105 0.175554 -1.30403e-21)
(2.38349 0.249268 1.31876e-21)
(2.40613 0.251173 -3.62279e-21)
(2.24458 0.420817 -3.88252e-21)
(1.52582 0.194155 1.64225e-21)
(0.443429 -0.0810001 1.52721e-21)
(0.423133 -0.308239 -5.85172e-23)
(1.63344 -0.199486 5.88349e-23)
(2.00258 0.0422825 0)
(2.03354 -0.0571854 0)
(2.18996 -0.0353144 0)
(2.1939 -0.0438335 1.69959e-21)
(2.23766 -0.0334541 -6.257e-22)
(2.24568 -0.0373283 6.0549e-22)
(2.25985 -0.0347218 0)
(2.22607 0.0405904 9.5248e-25)
(2.3279 0.0713342 -2.49956e-22)
(2.30203 0.104663 3.38934e-24)
(2.29634 0.141412 4.93789e-22)
(2.29867 0.184049 -4.94695e-22)
(2.30969 0.240876 0)
(2.30804 0.324809 0)
(2.21533 0.452814 0)
(1.76631 0.341919 0)
(0.703111 0.203594 1.25195e-22)
(0.529084 -0.0876631 6.15642e-23)
(1.39825 -0.0636168 -3.35617e-23)
(1.98414 0.192497 -1.05951e-23)
(2.06515 -0.0275692 1.42636e-23)
(2.19591 0.0292126 -1.41965e-23)
(2.19886 -0.0314018 -2.77199e-22)
(2.24004 -0.0182738 0)
(2.24716 -0.0320828 -1.49614e-23)
(2.25984 -0.0304585 0)
(2.18938 0.0364586 -4.39236e-25)
(2.3007 0.0661732 4.13072e-22)
(2.27365 0.0972261 -3.3884e-24)
(2.25359 0.133631 -4.7189e-23)
(2.25425 0.164988 4.46498e-23)
(2.21371 0.259504 1.15563e-22)
(2.21505 0.270065 -1.99221e-22)
(2.13504 0.486205 2.18569e-22)
(1.84151 0.41226 -1.16388e-22)
(0.87192 0.416306 2.58751e-22)
(0.69323 0.223182 -6.27576e-23)
(1.28492 0.135519 -6.13142e-23)
(1.99396 0.270781 0)
(2.14216 0.115828 5.10756e-24)
(2.21352 0.0874074 -7.31384e-23)
(2.21984 0.0100377 -8.36281e-23)
(2.24783 -1.95742e-05 0)
(2.2538 -0.0252643 4.5172e-23)
(2.26138 -0.0279319 -9.23981e-23)
(2.1543 0.0287539 -4.50574e-23)
(2.26995 0.0594538 -1.65453e-22)
(2.23878 0.101824 -8.81302e-24)
(2.21338 0.141384 -3.30991e-23)
(2.18967 0.169736 3.56725e-23)
(2.16125 0.282942 -7.84947e-23)
(2.11728 0.241754 6.02912e-23)
(2.02563 0.461263 0)
(1.82362 0.42397 0)
(0.932244 0.535881 -2.96717e-22)
(0.823347 0.473343 2.6474e-23)
(1.28317 0.261318 -8.78641e-24)
(2.02708 0.362183 1.91394e-23)
(2.26422 0.142323 -5.11739e-24)
(2.28358 0.0915256 7.35804e-23)
(2.282 0.00249428 -5.47569e-23)
(2.27612 -0.0107154 5.12314e-24)
(2.26887 -0.0371766 -1.18837e-23)
(2.26472 -0.0325894 -6.66851e-24)
(2.12214 0.0206351 0)
(2.23763 0.0514161 -1.56956e-23)
(2.19166 0.0881093 -6.39701e-24)
(2.16854 0.13038 -2.59958e-25)
(2.12645 0.167605 1.67645e-23)
(2.12824 0.233445 -1.76106e-23)
(2.04042 0.287877 1.37523e-25)
(1.97072 0.307032 0)
(1.73055 0.41873 0)
(0.897466 0.585852 1.2973e-22)
(0.915125 0.544283 0)
(1.39022 0.296898 2.28259e-25)
(2.18795 0.206482 -3.269e-23)
(2.40669 -0.00857694 -6.11584e-24)
(2.35603 -0.0144553 1.96197e-23)
(2.31878 -0.0639662 1.17082e-23)
(2.28884 -0.0436189 -1.46315e-23)
(2.27083 -0.0518459 0)
(2.26379 -0.0390782 9.72627e-24)
(2.09655 0.0125499 5.423e-26)
(2.21265 0.0308705 -2.97094e-24)
(2.1615 0.0446529 8.78573e-26)
(2.12861 0.0740762 2.59903e-25)
(2.0867 0.101304 0)
(2.0537 0.12898 5.72309e-25)
(2.01052 0.275128 -6.56121e-25)
(1.95143 0.159961 -6.23944e-25)
(1.44476 0.405519 -9.45235e-24)
(0.899674 0.517075 1.0087e-23)
(1.06324 0.423401 0)
(1.70872 0.0881708 0)
(2.35233 -0.0925375 4.07927e-23)
(2.45022 -0.133357 -5.93798e-23)
(2.35909 -0.07982 1.10602e-23)
(2.31691 -0.0959543 -1.46812e-23)
(2.28347 -0.0625787 -1.44826e-23)
(2.26574 -0.0652008 1.17207e-23)
(2.25793 -0.0512138 2.47146e-24)
(2.08063 0.00491306 1.55953e-24)
(2.19507 0.0169429 0)
(2.15767 0.0141246 -8.56286e-26)
(2.11481 0.0201959 0)
(2.07116 0.0184813 -2.54111e-24)
(1.97381 0.0335606 2.60382e-24)
(1.98351 0.131269 5.17351e-25)
(1.90292 0.128415 2.16388e-23)
(1.23087 0.349186 -2.32175e-23)
(0.956848 0.38651 0)
(1.30391 0.188018 -7.06666e-23)
(1.99349 -0.172705 7.11363e-23)
(2.37514 -0.221885 -5.03871e-23)
(2.43367 -0.178697 6.90473e-23)
(2.33788 -0.125071 4.75688e-24)
(2.29886 -0.120659 0)
(2.26378 -0.0812401 2.85308e-24)
(2.24964 -0.0799328 4.44916e-24)
(2.24361 -0.0583289 -7.98582e-24)
(2.24266 -0.0532842 0)
(2.07282 -0.000383456 0)
(2.18872 0.000113615 -9.2934e-25)
(2.15939 1.06534e-05 -2.91071e-25)
(2.11693 0.000830239 2.89965e-25)
(2.07228 -0.0179957 0)
(1.95657 -0.010608 0)
(1.92464 -0.0638767 0)
(1.75625 0.110695 -2.33493e-23)
(1.1354 0.226327 1.87162e-23)
(1.09497 0.168776 5.89367e-24)
(1.64365 -0.116926 0)
(2.11034 -0.354395 -3.22938e-24)
(2.34793 -0.259399 -3.99124e-23)
(2.36193 -0.228654 4.08499e-23)
(2.28814 -0.146568 -8.33368e-25)
(2.26533 -0.127427 -8.15752e-24)
(2.24713 -0.0836636 1.19437e-23)
(2.23642 -0.0803631 -3.69138e-24)
(2.23495 -0.0564921 1.00767e-24)
(2.23377 -0.0545501 4.01929e-25)
(2.0733 0.000118591 1.85763e-25)
(2.191 -0.00516167 3.52764e-25)
(2.16485 -0.0248855 1.27658e-24)
(2.12775 -0.0308913 -4.10531e-24)
(2.08304 -0.0738242 1.35411e-23)
(1.97632 -0.0524416 -8.98314e-24)
(1.89288 -0.169955 0)
(1.55222 -0.0186174 -1.34966e-25)
(1.16101 0.0911058 0)
(1.3445 -0.162726 0)
(1.85387 -0.322853 4.51909e-23)
(2.11306 -0.439108 -3.75361e-23)
(2.26196 -0.31096 1.25194e-23)
(2.2741 -0.272835 -1.9722e-23)
(2.23931 -0.174494 7.86904e-24)
(2.23327 -0.1476 -5.67762e-24)
(2.22235 -0.104125 6.06728e-24)
(2.2225 -0.0882563 2.44053e-24)
(2.22391 -0.064461 -4.08683e-24)
(2.22444 -0.049443 9.99481e-25)
(2.07715 0.00239455 -8.67219e-27)
(2.20153 -0.0119124 0)
(2.1842 -0.0491708 0)
(2.15597 -0.0775712 -2.00291e-24)
(2.11183 -0.146637 1.42271e-23)
(2.0369 -0.19826 -1.37732e-23)
(1.87941 -0.261282 1.279e-23)
(1.47257 -0.186733 -1.08434e-23)
(1.27357 -0.174569 0)
(1.54239 -0.400073 -2.77664e-23)
(1.92622 -0.443774 2.59557e-23)
(2.08778 -0.486164 -2.05821e-24)
(2.17919 -0.367284 -5.29719e-25)
(2.20104 -0.313802 2.73422e-24)
(2.17997 -0.225382 -3.52128e-24)
(2.19102 -0.181591 -3.03636e-25)
(2.18538 -0.137494 -1.89392e-25)
(2.19777 -0.106827 -5.49233e-25)
(2.1985 -0.078314 1.70338e-24)
(2.20682 -0.0546238 -9.04055e-25)
(2.08438 0.0140157 0)
(2.22341 -0.00939214 5.01828e-25)
(2.23509 -0.0494458 -6.68343e-25)
(2.22349 -0.091344 -7.65253e-25)
(2.19643 -0.164608 -2.01518e-24)
(2.11278 -0.278409 -4.12905e-24)
(1.86949 -0.328448 1.19838e-23)
(1.47276 -0.313526 -6.97817e-24)
(1.39102 -0.426339 -2.11243e-24)
(1.62966 -0.511965 5.96137e-25)
(1.93064 -0.487207 -5.63289e-24)
(2.02947 -0.514442 5.82492e-24)
(2.08703 -0.403719 4.10722e-25)
(2.11385 -0.324025 -8.31992e-25)
(2.11593 -0.238388 1.35628e-24)
(2.13753 -0.18577 3.04657e-25)
(2.14478 -0.142688 -2.07925e-25)
(2.16381 -0.107525 -2.3145e-25)
(2.16788 -0.0771479 -4.02158e-26)
(2.18468 -0.0609884 2.36308e-25)
(2.08821 0.0262182 7.3466e-26)
(2.25238 0.0048368 -4.30839e-28)
(2.26848 -0.0149027 2.88436e-27)
(2.27896 -0.0406287 4.09852e-25)
(2.29401 -0.092845 1.12848e-24)
(2.2384 -0.184727 0)
(1.9138 -0.353162 -1.5551e-24)
(1.5325 -0.43476 -2.16206e-24)
(1.45836 -0.548395 9.6339e-24)
(1.62937 -0.553854 -5.35965e-24)
(1.91203 -0.493203 0)
(1.98596 -0.42819 -1.86618e-25)
(2.00258 -0.354504 7.20817e-25)
(2.01067 -0.258227 4.17106e-24)
(2.05762 -0.186657 -4.70809e-24)
(2.08245 -0.139686 1.50339e-24)
(2.10885 -0.100951 -1.50237e-24)
(2.13146 -0.0746286 1.25612e-25)
(2.14772 -0.0519389 4.02166e-26)
(2.16781 -0.0448757 -2.36312e-25)
(2.08361 0.0325209 -8.35132e-27)
(2.27366 0.0247976 0)
(2.27608 0.0189313 -7.58163e-25)
(2.29775 0.0234869 1.40658e-24)
(2.33752 0.0020704 3.28467e-24)
(2.36304 -0.0128043 -1.36546e-24)
(2.12327 -0.177305 -4.33033e-24)
(1.69026 -0.360104 -8.31695e-24)
(1.51873 -0.531875 -9.16373e-24)
(1.58505 -0.534432 9.68263e-24)
(1.79817 -0.488712 -7.68647e-25)
(1.89061 -0.326466 -1.57533e-24)
(1.92414 -0.232286 -5.97001e-24)
(1.92852 -0.158845 4.82303e-24)
(2.00962 -0.0997344 -9.6473e-24)
(2.0397 -0.0639093 2.90588e-24)
(2.08459 -0.0393318 0)
(2.11299 -0.0278029 0)
(2.13952 -0.0185785 -1.42868e-24)
(2.16129 -0.0170399 -9.81656e-25)
(2.29628 0.0463574 -3.08348e-24)
(2.33741 0.0398683 -2.46858e-24)
(2.3974 0.0810272 0)
(2.28853 0.0393755 6.88759e-24)
(1.92587 -0.129725 8.35397e-24)
(1.62216 -0.377138 7.06563e-24)
(1.58767 -0.40659 -5.85749e-27)
(1.66094 -0.392507 6.00215e-27)
(1.7469 -0.274584 -7.50598e-26)
(1.82289 -0.129245 1.89982e-24)
(1.86935 -0.0668458 2.07593e-24)
(1.97209 -0.013384 -1.47838e-25)
(2.0219 -0.00325209 7.35444e-24)
(2.07819 -0.000466888 -1.31346e-24)
(2.11018 -0.00299528 1.31209e-24)
(2.13906 -0.00428321 1.39285e-24)
(2.16107 -0.00598163 -4.76532e-25)
(2.28414 0.0619144 4.54756e-24)
(2.31679 0.067124 0)
(2.38168 0.113638 0)
(2.32323 0.147918 6.96267e-24)
(2.11744 0.0883082 9.42873e-24)
(1.80289 -0.108244 -7.10428e-24)
(1.62094 -0.278583 0)
(1.60597 -0.206828 2.0817e-24)
(1.63657 -0.180566 0)
(1.7003 -0.0360579 0)
(1.81789 0.0417335 -4.86309e-24)
(1.9614 0.0379281 4.74744e-24)
(2.02347 0.0231173 -1.27358e-23)
(2.08066 0.0185642 0)
(2.11284 0.0115233 0)
(2.14127 0.00653751 4.61756e-25)
(2.16266 0.0021649 9.57108e-25)
(2.18266 0.232535 0)
(1.98403 0.17721 0)
(1.70748 -0.05388 -9.36208e-24)
(1.57676 -0.0108492 -9.64569e-24)
(1.56808 -0.00182334 -2.46005e-24)
(1.61033 0.0917271 4.04798e-24)
(1.79785 0.123747 0)
(1.97037 0.0870922 1.28998e-23)
(2.03447 0.0877635 1.41394e-23)
(2.09057 0.0647225 1.59972e-24)
(2.12203 0.0445508 -6.96781e-24)
(2.14846 0.0268903 0)
(2.1682 0.0154103 0)
(2.04326 0.338093 1.78127e-23)
(1.84924 0.227187 9.5128e-24)
(1.57886 0.126002 1.42348e-23)
(1.52603 0.182733 -1.96255e-25)
(1.57756 0.20818 -1.58094e-24)
(1.79249 0.195501 0)
(1.98952 0.227026 -1.05087e-23)
(2.06182 0.169237 -7.88289e-24)
(2.11832 0.115087 0)
(2.14937 0.0765171 5.42555e-24)
(2.03954 0.389632 -1.35193e-23)
(1.91113 0.372433 2.97476e-24)
(1.62604 0.33316 -7.3359e-24)
(1.51869 0.290076 -1.9766e-24)
(1.98225 0.00497893 4.05356e-23)
(1.989 0.0037201 3.79812e-23)
(1.98955 0.0123914 5.26701e-24)
(1.98794 0.0147002 0)
(1.98401 0.0177772 -6.08645e-24)
(1.97658 0.0202081 -9.41187e-23)
(1.96728 0.0213681 0)
(1.95443 0.0256383 0)
(1.93852 0.0285354 0)
(1.92008 0.0290345 -4.02927e-22)
(1.89872 0.0290789 -3.95459e-22)
(1.8769 0.0292583 0)
(1.85248 0.0296132 1.86106e-22)
(1.82686 0.0291306 1.43802e-24)
(1.80002 0.0281312 1.33235e-24)
(1.77208 0.0276042 -1.33032e-24)
(1.74302 0.0268018 1.57682e-22)
(1.71378 0.0250732 3.18235e-25)
(1.68468 0.0225951 2.82904e-25)
(1.65721 0.0192442 0)
(1.63118 0.0159908 0)
(1.60675 0.0137328 0)
(1.58431 0.0113367 4.92653e-23)
(1.5644 0.00804833 0)
(1.54757 0.00457288 0)
(1.5338 0.00160329 0)
(1.52299 -0.000318959 0)
(1.51459 -0.00129709 2.10352e-26)
(1.50902 -0.00186059 -6.1518e-25)
(1.5056 -0.00233213 2.51904e-26)
(1.50341 -0.00200069 -7.51625e-27)
(1.50127 -0.00108211 -6.58665e-27)
(1.49867 2.58947e-06 -1.10873e-26)
(1.49515 0.00158228 -1.21082e-27)
(1.49031 0.00377261 1.2108e-27)
(1.48244 0.00614817 -3.34686e-26)
(1.47057 0.00796446 0)
(1.45434 0.00923909 4.36338e-26)
(1.4348 0.0104461 -1.56926e-26)
(1.41304 0.0108479 1.85416e-27)
(1.3901 0.00989115 5.83936e-27)
(1.36659 0.00814672 3.59578e-27)
(2.36057 -0.0183155 -7.66353e-23)
(2.37398 -0.00533246 4.33263e-23)
(2.33021 0.00186628 -3.96988e-23)
(2.36197 -0.0363144 4.02345e-22)
(2.37877 -0.0224665 1.85196e-22)
(2.37846 -0.0145605 -9.9218e-23)
(0.0880451 -0.039124 -2.48008e-20)
(-0.275165 -0.172615 1.01012e-20)
(1.25722 0.040437 0)
(-0.595549 0.0982448 -1.34813e-20)
(-0.657181 -0.0694746 0)
(-0.627269 -0.198936 -4.141e-21)
(0.152238 0.205446 -1.82078e-20)
(0.0881572 0.0811274 -4.78802e-21)
(-0.120209 0.0186861 4.74196e-21)
(2.38077 0.00263052 -2.25921e-22)
(2.38587 0.00395273 -1.37709e-22)
(2.34104 0.0124839 6.77603e-23)
(2.38743 -0.0171803 2.01951e-22)
(2.38781 -0.000578243 -1.97107e-22)
(2.38894 0.000565834 9.60052e-23)
(2.39101 0.0155429 1.92162e-22)
(2.39244 0.0171761 -5.79362e-23)
(2.3458 0.0169573 -2.83544e-22)
(2.38873 0.00863924 -4.76141e-22)
(2.39218 0.00969485 1.11513e-21)
(2.39369 0.00839762 2.8808e-22)
(2.39572 0.0195915 0)
(2.39815 0.0312476 0)
(2.34523 0.029314 -1.0667e-23)
(2.39943 0.0164426 -2.05233e-22)
(2.40045 0.0324947 -1.56322e-21)
(2.39996 0.0301934 0)
(2.39782 0.0344458 0)
(2.39681 0.0374777 -1.21021e-23)
(2.33848 0.0342859 -3.60056e-22)
(2.39973 0.0198553 -1.51917e-21)
(2.39613 0.0563768 1.50864e-21)
(2.39791 0.0428156 -7.67715e-22)
(2.39407 0.040465 -7.12136e-22)
(2.3891 0.0447884 7.19616e-22)
(2.32338 0.037312 5.56472e-24)
(2.39324 0.0315444 0)
(2.38668 0.0729946 0)
(2.39239 0.0517819 -7.12424e-22)
(2.38364 0.0467182 1.06144e-23)
(2.37661 0.049925 -3.4172e-22)
(2.30212 0.041013 3.3677e-22)
(2.38258 0.0435988 -1.41789e-21)
(2.37499 0.0789158 -1.3804e-21)
(2.38018 0.0567611 -1.02887e-23)
(2.36873 0.0516106 -6.46224e-22)
(2.35959 0.0547428 4.86062e-24)
(2.2763 0.0424403 2.30988e-24)
(2.37005 0.0519893 9.98269e-24)
(2.36145 0.0858208 5.98657e-22)
(2.36475 0.0649287 -6.14361e-22)
(2.34915 0.0558883 0)
(2.33727 0.0557935 0)
(2.24407 0.0420045 0)
(2.35118 0.0605851 9.45068e-24)
(2.33583 0.0921156 5.53471e-22)
(2.3416 0.0715795 -2.02381e-24)
(2.32391 0.0545983 2.51696e-22)
(2.30954 0.0529163 -9.46395e-25)
(2.20735 0.0388814 -5.1181e-25)
(2.32157 0.0686557 -1.85453e-24)
(2.3047 0.0930071 4.5773e-22)
(2.31465 0.0690516 -4.52848e-22)
(2.29443 0.0508878 -3.95931e-25)
(2.27853 0.0489299 3.956e-25)
(2.17168 0.0327703 1.83035e-25)
(2.29094 0.0707733 -4.14648e-22)
(2.2767 0.0860032 -3.78961e-25)
(2.28587 0.0633584 3.47668e-25)
(2.26341 0.0445775 1.58935e-25)
(2.24948 0.0394173 -1.58824e-25)
(2.13775 0.0248606 0)
(2.26264 0.0647692 1.64981e-22)
(2.24542 0.074228 1.07191e-22)
(2.25327 0.0557842 -7.16988e-23)
(2.23538 0.0339717 0)
(2.22069 0.0277072 4.59881e-25)
(2.10784 0.0169619 -5.13845e-25)
(2.22984 0.0563875 1.55143e-23)
(2.21294 0.0595236 2.172e-23)
(2.22441 0.042206 3.33916e-24)
(2.20834 0.020955 2.89386e-24)
(2.19877 0.0158945 6.3564e-25)
(2.08744 0.00890165 -6.3544e-25)
(2.19725 0.0426605 4.37705e-26)
(2.18644 0.0387612 1.06288e-25)
(2.20269 0.0236956 7.86973e-26)
(2.19051 0.0117245 -1.01815e-24)
(2.18467 0.00571541 -6.22807e-25)
(2.07517 0.00103138 0)
(2.18282 0.0243283 -1.06325e-25)
(2.18118 0.0145073 0)
(2.1902 0.00716959 7.73219e-25)
(2.1831 0.0006414 9.28397e-25)
(2.18338 -0.000835362 1.27941e-26)
(2.0728 -0.000283133 0)
(2.17914 0.001762 0)
(2.17828 -0.00271466 5.20399e-26)
(2.18908 -0.00194155 -8.72385e-26)
(2.18458 -0.00159457 -6.39235e-25)
(2.18757 -0.00161734 7.39721e-26)
(2.0746 0.000328381 -1.16904e-26)
(2.17931 -0.00588051 -5.70713e-26)
(2.18309 -0.00980569 6.37077e-27)
(2.19538 -0.00911282 -2.25414e-26)
(2.19304 -0.000855727 2.96946e-26)
(2.20051 0.00114698 1.14309e-25)
(2.08053 0.00675142 -1.80931e-26)
(2.1921 -0.0145486 0)
(2.2064 -0.0217192 0)
(2.21094 -0.0121628 -9.54139e-26)
(2.21082 0.00445225 0)
(2.22324 0.00878177 0)
(2.08729 0.0216641 -3.97824e-26)
(2.22379 -0.0219903 -5.53125e-25)
(2.2421 -0.0211577 3.79327e-25)
(2.23784 -0.00396975 -2.99496e-25)
(2.23516 0.0141503 -5.99036e-26)
(2.24298 0.0207778 -1.72699e-26)
(2.08747 0.0286753 1.16797e-26)
(2.25749 -0.0122897 3.64855e-25)
(2.26888 0.0007169 -1.46193e-24)
(2.26498 0.0145921 2.4126e-25)
(2.24632 0.0269322 0)
(2.24702 0.0300801 1.2847e-25)
(2.0752 0.0355448 0)
(2.27571 0.0165056 1.80137e-25)
(2.27795 0.029734 -1.8005e-25)
(2.27732 0.0310061 -1.35437e-25)
(1.01708 0.00423056 0)
(0.417279 0.000643184 0)
(1.00525 0.00414826 0)
(0.406841 0.000812943 0)
(0.973236 0.00664448 0)
(0.379975 0.00105961 0)
(0.912479 0.00857013 0)
(0.339892 0.00111748 0)
(0.836739 0.00963969 0)
(0.297038 0.000505548 0)
(0.746161 0.00954865 0)
(0.248887 0.00113523 0)
(0.662111 0.00754257 0)
(0.204447 0.00113798 0)
(0.586839 0.00625327 0)
(0.166936 0.00109706 0)
(0.520031 0.00511728 0)
(0.134573 0.000912386 0)
(0.464449 0.00335175 0)
(0.108381 0.00083911 0)
(0.423266 0.00144151 0)
(0.0898849 0.00091125 0)
(0.397215 2.5824e-05 0)
(0.0796494 0.000934984 0)
(0.38381 -0.00130551 0)
(0.0760755 0.00125974 0)
(0.384028 -0.00223038 0)
(0.07956 0.00038788 0)
(0.394022 -0.00238999 0)
(0.0885533 -1.85982e-05 0)
(0.407557 -0.00245389 0)
(0.0993173 -6.65951e-05 0)
(0.423206 -0.00274149 0)
(0.111563 -0.000111208 0)
(0.438144 -0.00277181 0)
(0.12399 7.34226e-05 0)
(0.449806 -0.00284672 0)
(0.13546 0.000392709 0)
(0.455245 -0.00234226 0)
(0.143743 0.000949389 0)
(0.452964 -0.00132717 0)
(0.146262 0.00113262 0)
(0.444997 -0.000157519 0)
(0.144794 0.000536584 0)
(0.993526 0.00524633 0)
(0.395236 0.000685849 0)
(0.944615 0.00831478 0)
(0.361098 0.00109561 0)
(0.877973 0.00855742 0)
(0.318789 0.000713104 0)
(0.791294 0.0102141 0)
(0.273417 0.000876588 0)
(0.702879 0.00842044 0)
(0.225607 0.00114467 0)
(0.623723 0.00684495 0)
(0.185039 0.00110996 0)
(0.552287 0.00574875 0)
(0.150094 0.0010288 0)
(0.490673 0.00426884 0)
(0.120661 0.000804343 0)
(0.441962 0.00235733 0)
(0.0980775 0.000890353 0)
(0.408512 0.000697682 0)
(0.0838419 0.000892464 0)
(0.38949 -0.000608654 0)
(0.0771717 0.00105923 0)
(0.382805 -0.00193219 0)
(0.0769137 0.000968432 0)
(0.388173 -0.00233195 0)
(0.0836792 0.000126665 0)
(0.400404 -0.0023849 0)
(0.0938097 -6.26337e-05 0)
(0.415359 -0.00267461 0)
(0.10527 -0.000125935 0)
(0.430985 -0.00274191 0)
(0.117893 -2.20176e-05 0)
(0.444531 -0.00284467 0)
(0.129908 0.000196834 0)
(0.453503 -0.00271447 0)
(0.14024 0.000649028 0)
(0.455118 -0.00186443 0)
(0.145677 0.00118802 0)
(0.449342 -0.000833649 0)
(0.146012 0.000886894 0)
(0.439956 0.000495329 0)
(0.142557 0.000349781 0)
(2.26821 -0.0314057 -3.35633e-22)
(2.27755 -0.0280222 6.5123e-22)
(2.26622 -0.0289722 0)
(2.2747 -0.0298743 3.76904e-23)
(2.26567 -0.0299311 3.46802e-22)
(2.27338 -0.029996 -5.54252e-22)
(2.26483 -0.0352811 -8.54587e-24)
(2.27072 -0.0295239 -1.20928e-22)
(2.27864 -0.027019 1.2109e-22)
(2.28031 -0.0171065 -6.08561e-23)
(1.6482 -0.0114808 -5.25262e-25)
(2.26218 -0.0391836 -1.01627e-23)
(2.26543 -0.031672 8.34201e-25)
(2.27539 -0.0294131 -8.3368e-25)
(2.27446 -0.018133 0)
(1.61913 -0.0104812 0)
(2.25562 -0.0436929 0)
(2.25946 -0.0374133 0)
(2.26984 -0.0298164 1.44962e-25)
(2.26646 -0.0202565 -1.03257e-23)
(1.58872 -0.00901519 6.19952e-25)
(1.63383 -0.0111871 5.24903e-25)
(1.60381 -0.00988366 2.16948e-25)
(1.57307 -0.00852585 -1.87037e-25)
(2.19025 -0.0195473 6.29552e-23)
(2.18275 -0.0199557 1.79763e-24)
(2.27683 -0.0308039 -1.90609e-24)
(2.17707 -0.020514 -1.79649e-24)
(2.16936 -0.0206637 0)
(2.26987 -0.0311542 -1.56713e-24)
(2.16252 -0.020864 -1.49855e-24)
(2.15386 -0.0203761 5.36441e-26)
(2.26169 -0.0308067 1.13136e-23)
(0.505116 -0.000759633 0)
(0.1468 -0.000414223 0)
(0.489061 -0.000355202 0)
(0.140654 -0.000463333 0)
(0.476733 5.42213e-05 0)
(0.136438 -0.000518221 0)
(0.496734 -0.000591611 0)
(0.143533 -0.000451089 0)
(0.482416 -0.000157288 0)
(0.138319 -0.000495146 0)
(0.47197 0.000288724 0)
(0.135075 -0.000579263 0)
(2.17968 -0.00136737 -1.11705e-24)
(2.1953 -0.00437063 -2.25042e-25)
(2.18309 -0.00545827 0)
(1.4255 -0.00224538 0)
(2.18428 0.00511588 0)
(2.19853 -0.00178807 0)
(2.18427 -0.00567717 -2.92847e-25)
(1.41408 -0.00337217 -2.49796e-25)
(2.19692 0.00903279 2.58878e-24)
(2.20762 -0.00158977 0)
(2.18968 -0.00696425 6.29135e-25)
(1.39851 -0.00453825 0)
(2.21156 0.00473548 -2.53244e-24)
(2.21864 -0.00550303 -6.70043e-25)
(2.19732 -0.00973023 2.38166e-24)
(1.3781 -0.00502172 -1.71592e-25)
(2.22088 -0.00455559 -6.6571e-26)
(2.22564 -0.0114242 2.00312e-24)
(2.20333 -0.0119212 0)
(1.35565 -0.00435081 -2.99686e-25)
(2.22339 -0.0112943 -3.27268e-25)
(2.22759 -0.0153562 -3.27371e-26)
(2.2055 -0.0125392 -2.62161e-24)
(1.33449 -0.00289356 -1.25347e-26)
(1.42038 -0.00275953 0)
(1.40718 -0.00389791 8.70763e-26)
(1.38893 -0.00489616 -1.8028e-25)
(1.36703 -0.00473443 1.5749e-25)
(1.34477 -0.00363797 2.69777e-25)
(1.3252 -0.00196367 9.53764e-26)
(2.04831 -0.0058503 0)
(2.04709 -0.00611276 5.07786e-25)
(2.18335 -0.00576003 -2.36161e-24)
(2.04639 -0.00740206 4.50124e-25)
(2.04596 -0.00914656 -3.0177e-25)
(2.18646 -0.00609791 -3.2544e-25)
(2.04577 -0.0117026 -3.20263e-25)
(2.04544 -0.0135191 1.11225e-24)
(2.19353 -0.00813859 -6.33709e-25)
(2.04474 -0.0152907 7.28054e-25)
(2.04292 -0.0163231 -1.11296e-24)
(2.20068 -0.0110355 0)
(2.0406 -0.0170299 5.41125e-25)
(2.03725 -0.0167648 0)
(2.20491 -0.0124918 0)
(2.03358 -0.0162998 -4.14378e-25)
(2.02873 -0.0153534 4.14374e-25)
(2.20541 -0.0130418 2.47561e-24)
(2.25035 -0.0409645 -5.93136e-25)
(2.25988 -0.031792 1.68697e-24)
(2.25771 -0.0207006 6.18822e-25)
(1.55791 -0.00763636 1.00765e-25)
(2.23863 -0.0390952 4.82392e-25)
(2.24906 -0.0320874 -1.57632e-24)
(2.24751 -0.0201291 -2.42985e-24)
(1.52882 -0.00567694 -7.9027e-26)
(2.22888 -0.0375046 -3.77601e-25)
(2.24058 -0.0284401 -1.14446e-24)
(2.23545 -0.0186477 0)
(1.50313 -0.00365976 -5.13622e-25)
(2.21884 -0.0399969 -2.71899e-25)
(2.23062 -0.0269415 3.97282e-25)
(2.22359 -0.0167344 -6.31958e-24)
(1.48154 -0.00243168 0)
(2.2029 -0.0395285 -1.67359e-25)
(2.21538 -0.027623 1.02273e-24)
(2.21214 -0.0137946 -3.31571e-24)
(1.46382 -0.000982691 0)
(2.18638 -0.0284677 0)
(2.20094 -0.0214834 -1.55459e-25)
(2.19937 -0.0111265 -5.40882e-25)
(1.45013 0.000183781 -2.35599e-26)
(2.17894 -0.0124991 0)
(2.19484 -0.0108016 4.97758e-26)
(2.18886 -0.00765119 2.82422e-25)
(1.44101 0.000252146 2.04293e-26)
(2.17845 -0.0055275 1.06186e-24)
(2.19442 -0.00637585 7.8982e-25)
(2.18389 -0.0050294 0)
(1.43432 -0.000901371 1.61906e-26)
(1.54329 -0.00680462 1.653e-25)
(1.51562 -0.00471028 -5.12863e-25)
(1.49195 -0.00302282 -7.19155e-27)
(1.47245 -0.00174023 0)
(1.45664 -0.000287993 2.35598e-26)
(1.44533 0.00045764 -2.04292e-26)
(1.43806 -0.000161054 0)
(1.43058 -0.00152529 6.70986e-26)
(2.1461 -0.0205311 6.81933e-25)
(2.13714 -0.0197221 2.88013e-25)
(2.25245 -0.0292012 -6.18806e-25)
(2.12905 -0.0191417 1.88656e-24)
(2.11976 -0.0181034 -1.51915e-24)
(2.24107 -0.0267797 2.21252e-24)
(2.11222 -0.016805 5.04225e-25)
(2.10355 -0.0152264 0)
(2.22914 -0.0236926 6.07926e-24)
(2.09594 -0.0140346 1.33597e-24)
(2.08794 -0.0130275 0)
(2.21781 -0.0199405 4.48189e-24)
(2.08091 -0.0121174 -1.08811e-25)
(2.07371 -0.010782 9.31887e-25)
(2.2056 -0.0158018 -8.40893e-25)
(2.06781 -0.00909757 4.56828e-25)
(2.06192 -0.00695202 0)
(2.1934 -0.0118478 0)
(2.05731 -0.00490662 0)
(2.05379 -0.00372888 1.71234e-27)
(2.18575 -0.00692565 1.58223e-25)
(2.05155 -0.00413808 -7.82408e-26)
(2.04971 -0.00503598 -1.78505e-26)
(2.1831 -0.00562624 0)
(0.476405 0.000869162 0)
(0.152428 -0.000208403 0)
(0.47692 0.000873986 0)
(0.154952 -0.000331807 0)
(0.475088 0.000507406 0)
(0.156253 -0.00036417 0)
(0.470732 0.000106683 0)
(0.15577 -0.000262719 0)
(0.465037 -0.000236026 0)
(0.153827 -0.000159876 0)
(0.459233 -0.000412846 0)
(0.151167 -0.000107823 0)
(0.476896 0.000898732 0)
(0.153792 -0.000256869 0)
(0.476464 0.00075648 0)
(0.155843 -0.000363132 0)
(0.473223 0.000304141 0)
(0.156252 -0.000326837 0)
(0.468035 -7.44392e-05 0)
(0.154954 -0.000202751 0)
(0.462103 -0.000340403 0)
(0.152546 -0.000124083 0)
(0.456702 -0.000436868 0)
(0.149829 -8.65653e-05 0)
(0.468157 0.00040079 0)
(0.134093 -0.000591194 0)
(0.462839 0.000708394 0)
(0.133368 -0.000580832 0)
(0.4609 0.000830294 0)
(0.134183 -0.000415108 0)
(0.461012 0.000786843 0)
(0.13596 -0.000245729 0)
(0.462918 0.000726222 0)
(0.138274 -8.08105e-05 0)
(0.466033 0.000731995 0)
(0.141211 4.6701e-06 0)
(0.470183 0.000912837 0)
(0.144995 1.6283e-05 0)
(0.474211 0.000941513 0)
(0.149175 -6.96571e-05 0)
(0.465163 0.000554456 0)
(0.133488 -0.000610768 0)
(0.461441 0.000767361 0)
(0.133621 -0.000536102 0)
(0.460797 0.000817403 0)
(0.134994 -0.000304622 0)
(0.46185 0.000754348 0)
(0.137079 -0.0001677 0)
(0.464406 0.000705387 0)
(0.139683 -1.93593e-05 0)
(0.46812 0.000819964 0)
(0.143015 2.41067e-05 0)
(0.472453 0.000969213 0)
(0.147164 -6.57748e-06 0)
(0.47562 0.000881137 0)
(0.150961 -0.000136269 0)
)
;

boundaryField
{
    inlet
    {
        type            fixedValue;
        value           nonuniform List<vector> 0();
    }
    outlet
    {
        type            zeroGradient;
    }
    wall
    {
        type            noSlip;
    }
    empty_zmin
    {
        type            empty;
    }
    empty_zmax
    {
        type            empty;
    }
    procBoundary1to0
    {
        type            processor;
        value           nonuniform List<vector> 
39
(
(2.35664 0.195924 -1.33714e-21)
(2.32409 0.150469 1.17714e-21)
(2.29421 0.143409 -1.09013e-21)
(2.27115 0.118823 0)
(2.25997 0.0849044 -5.74376e-24)
(2.25732 0.0587304 -1.11189e-22)
(2.25635 0.038845 -4.87076e-23)
(2.26369 0.0235069 -8.00842e-24)
(2.27097 0.0190863 3.77318e-23)
(1.83745 -0.000539386 -1.09251e-24)
(2.22589 0.00634433 -2.47938e-23)
(0.828261 -0.000916724 0)
(0.322018 -0.000100597 0)
(2.32494 -0.0736556 1.37677e-22)
(2.33462 -0.100641 8.46446e-22)
(2.35512 -0.133744 0)
(2.39321 -0.181476 -3.91474e-21)
(2.47342 -0.226552 -1.29561e-20)
(2.40022 0.259453 -3.54732e-21)
(2.29787 -0.0131045 -6.2735e-23)
(2.34016 -0.0361306 -7.19202e-23)
(2.3374 -0.0418402 0)
(2.53023 -0.223228 2.46287e-20)
(1.87198 -0.248305 -6.99624e-20)
(-0.184026 -0.113667 -1.26961e-18)
(-0.190108 0.339097 0)
(1.79624 0.396949 3.29557e-20)
(2.48373 0.32537 -2.88192e-22)
(2.51095 0.30702 0)
(0.0148848 0.142723 -8.25189e-20)
(0.0723675 -0.143434 0)
(1.96576 -0.00245707 2.17743e-24)
(-0.0692473 0.353492 -1.01861e-20)
(2.44245 -0.111934 0)
(2.45826 0.305597 -4.11825e-20)
(2.33859 -0.0260396 4.65263e-23)
(2.3374 -0.0418402 0)
(1.0253 0.00323426 0)
(0.427376 0.000124773 0)
)
;
    }
}


// ************************************************************************* //
