/*--------------------------------*- C++ -*----------------------------------*\
| =========                 |                                                 |
| \\      /  F ield         | OpenFOAM: The Open Source CFD Toolbox           |
|  \\    /   O peration     | Version:  2406                                  |
|   \\  /    A nd           | Website:  www.openfoam.com                      |
|    \\/     M anipulation  |                                                 |
\*---------------------------------------------------------------------------*/
FoamFile
{
    version     2.0;
    format      ascii;
    arch        "LSB;label=32;scalar=64";
    class       volScalarField;
    location    "4.92";
    object      Co;
}
// * * * * * * * * * * * * * * * * * * * * * * * * * * * * * * * * * * * * * //

dimensions      [0 0 0 0 0 0 0];

internalField   nonuniform List<scalar> 
2285
(
0.0614452
0.0599374
0.0606024
0.0596731
0.0561152
0.0563312
0.0587677
0.0576036
0.0567116
0.0560953
0.0555991
0.0553131
0.109975
0.0888349
0.0889565
0.107627
0.107918
0.110388
0.0587958
0.0577717
0.0570744
0.0564193
0.0558647
0.0556067
0.110459
0.0890323
0.0565771
0.0559872
0.0556177
0.0555367
0.110914
0.0892028
0.0563835
0.0560442
0.0557592
0.0556905
0.111243
0.0891861
0.0562285
0.0557894
0.0557135
0.0558747
0.111822
0.0888219
0.0561014
0.055755
0.0557546
0.0559708
0.112157
0.0881726
0.0559283
0.0557429
0.0557638
0.0559939
0.112069
0.087167
0.0558614
0.0558159
0.056007
0.111946
0.0859884
0.055979
0.0558397
0.055958
0.111764
0.0847125
0.0558157
0.111434
0.0833014
0.0556063
0.111012
0.0818508
0.0553387
0.110479
0.0803705
0.0891789
0.089239
0.0890101
0.0885478
0.0877128
0.0865821
0.0853838
0.0840114
0.082589
0.0811081
0.079661
0.108069
0.108415
0.11098
0.108554
0.108792
0.110987
0.109065
0.109211
0.111666
0.109339
0.109464
0.112062
0.109479
0.10944
0.112364
0.109212
0.109174
0.112393
0.108824
0.108807
0.112381
0.108346
0.108252
0.112117
0.10772
0.107593
0.111756
0.107014
0.106808
0.111239
0.106184
0.105923
0.110593
0.0400028
0.0154603
0.0399374
0.0153171
0.0396231
0.0150763
0.0389657
0.0145472
0.0379346
0.0138303
0.0365024
0.0129605
0.0348541
0.0119862
0.0328708
0.0108966
0.0310778
0.00999461
0.0294156
0.00917619
0.0278392
0.00842909
0.0264655
0.00780437
0.0252868
0.0072989
0.039385
0.0148464
0.0385292
0.0142249
0.0372056
0.013383
0.0357729
0.012513
0.0338845
0.0114381
0.0319299
0.0104161
0.0302598
0.00958671
0.0286101
0.00878874
0.0271365
0.00810513
0.0258527
0.00753446
0.0248139
0.00710794
0.0574799
0.055987
0.0525415
0.0528185
0.0547082
0.0555186
0.0562544
0.0555832
0.052686
0.0525721
0.0536824
0.0552603
0.0547222
0.0531502
0.0513116
0.0501162
0.0503079
0.0498728
0.0502484
0.0506781
0.0511539
0.0516546
0.0562773
0.0572774
0.0557556
0.0518428
0.0505154
0.0503008
0.051402
0.050831
0.0488298
0.0472557
0.0467477
0.047621
0.0482393
0.0497539
0.0505278
0.0511018
0.0515975
0.0952773
0.102674
0.0507388
0.0953181
0.102429
0.0507388
0.0956879
0.102797
0.0512889
0.0504715
0.0493922
0.0470365
0.0440452
0.0963599
0.103803
0.0525907
0.0523852
0.0516591
0.0493751
0.0456245
0.0418448
0.097579
0.105381
0.0543682
0.055053
0.0549955
0.0525056
0.0478023
0.0449358
0.0987839
0.107167
0.0555812
0.0566468
0.0572251
0.0546478
0.0501713
0.0493635
0.0991852
0.109089
0.0554784
0.0563757
0.0669524
0.0671734
0.0672989
0.0673167
0.0672818
0.0672103
0.0670824
0.066764
0.0662429
0.0654829
0.0645137
0.0634211
0.0623236
0.0613445
0.101759
0.101716
0.09526
0.102608
0.102034
0.102285
0.101765
0.10183
0.0954549
0.10224
0.102284
0.102541
0.102006
0.102292
0.0959756
0.102689
0.103081
0.103232
0.102683
0.10325
0.0968839
0.104
0.104906
0.104515
0.104094
0.105075
0.0982509
0.10624
0.107416
0.106263
0.106105
0.107055
0.0991051
0.108545
0.109636
0.108069
0.108011
0.108681
0.0991107
0.110011
0.110103
0.109824
0.022639
0.00696481
0.0231949
0.00744967
0.0234796
0.00781671
0.0235802
0.00815518
0.0233255
0.00823981
0.0229342
0.00812133
0.0220784
0.00762333
0.0229632
0.00722355
0.0233431
0.00763651
0.0235759
0.00799748
0.0234225
0.00823981
0.0231965
0.00823663
0.0225422
0.0079027
0.0216329
0.00732733
0.098849
0.110663
0.0552129
0.0521121
0.0524488
0.103894
0.0649011
0.0976219
0.111115
0.0555856
0.0520565
0.0524413
0.103892
0.0645936
0.0961903
0.110797
0.0556965
0.056376
0.0576161
0.0579888
0.0542988
0.049941
0.0477957
0.0482762
0.0466965
0.0438995
0.0427903
0.0436963
0.0472441
0.049165
0.0504359
0.0511277
0.0516117
0.0519879
0.0522784
0.052552
0.104047
0.0640877
0.0949031
0.109999
0.0556254
0.0562864
0.0574403
0.0585527
0.0572483
0.0540684
0.0490157
0.0453729
0.0429672
0.0414304
0.0419416
0.0441715
0.0488166
0.0510817
0.0520721
0.0525038
0.0526122
0.0526769
0.0527247
0.0528369
0.104423
0.0633989
0.0935246
0.108908
0.0554039
0.0562046
0.0572048
0.0584925
0.0582523
0.0568345
0.0542311
0.0502916
0.0460201
0.0438231
0.0439912
0.0457667
0.0506296
0.0534631
0.054159
0.0540288
0.0536517
0.0533649
0.053191
0.0531774
0.104939
0.0625107
0.0922211
0.107491
0.0547562
0.0558044
0.0568236
0.058161
0.0586512
0.0579254
0.0567563
0.0542712
0.0496454
0.0461225
0.0455386
0.0470117
0.0517701
0.0550203
0.0554032
0.0547542
0.0540835
0.0536182
0.053411
0.0534229
0.105441
0.0616327
0.0911846
0.106013
0.0536494
0.0545511
0.0555466
0.0569335
0.0581342
0.0583006
0.0576984
0.0562998
0.0531708
0.0496191
0.0482646
0.0488442
0.0528003
0.0555982
0.0554048
0.05452
0.0538773
0.0534489
0.0534153
0.0535761
0.10581
0.0608911
0.0905247
0.104436
0.0524702
0.0529421
0.0534157
0.0544383
0.0560568
0.0571302
0.0574676
0.0567266
0.0543821
0.0513953
0.0502753
0.0504042
0.0533838
0.055154
0.0546168
0.0539525
0.0537055
0.053525
0.0536079
0.053719
0.105963
0.0603569
0.0903995
0.102604
0.0512091
0.0512303
0.0510453
0.0512073
0.0526585
0.0540863
0.0551727
0.0554916
0.0535198
0.0508299
0.0500295
0.0504483
0.0531896
0.0550449
0.0549905
0.0542991
0.0538833
0.0536034
0.0536586
0.0537344
0.105885
0.0599854
0.0906853
0.101244
0.0501203
0.0495711
0.0488144
0.0480215
0.0487236
0.0497438
0.0508572
0.0520356
0.05062
0.0489084
0.0488301
0.0509308
0.0546698
0.0558547
0.0550866
0.0542984
0.0539003
0.0536551
0.0536977
0.0537328
0.105626
0.0597785
0.0912886
0.101193
0.0502503
0.0493339
0.0477415
0.0454944
0.0449453
0.0453968
0.0461855
0.0475528
0.0470373
0.0467254
0.0492279
0.053642
0.0561192
0.0560804
0.055213
0.0544475
0.0540236
0.0537778
0.0537418
0.0537254
0.105349
0.0596582
0.092229
0.10236
0.0509817
0.0498017
0.0480957
0.0459099
0.0447569
0.0444039
0.0447193
0.0451426
0.0461334
0.0500075
0.0533641
0.0557519
0.0567029
0.0562257
0.0553272
0.0546053
0.0541331
0.0538643
0.0537299
0.0536231
0.104979
0.0594988
0.0937175
0.103885
0.052417
0.0513463
0.0496518
0.0472446
0.0458744
0.0457099
0.0464982
0.047888
0.0506189
0.0541113
0.0555027
0.0567378
0.0568614
0.0560827
0.0551934
0.0545191
0.0540337
0.0537324
0.0535626
0.0533855
0.104499
0.0592742
0.0951893
0.105727
0.0541518
0.0530279
0.0510255
0.04871
0.0479135
0.0484161
0.0499036
0.0519351
0.0540414
0.0556835
0.0560712
0.0566113
0.0560592
0.0552117
0.0544858
0.0538404
0.0534037
0.0531687
0.0531072
0.0530294
0.10396
0.0589842
0.0961269
0.107595
0.0553083
0.0543112
0.0521177
0.0503456
0.0506054
0.0519403
0.0535066
0.0548025
0.0553729
0.0556619
0.0554481
0.0552374
0.0545249
0.0538266
0.0531461
0.0525745
0.0522765
0.0522823
0.0524372
0.0526022
0.103325
0.0585841
0.0966011
0.108723
0.0552586
0.0547579
0.0530767
0.0521187
0.0527257
0.0538038
0.0546999
0.0553919
0.055193
0.0547364
0.0542209
0.0534936
0.052798
0.0518791
0.0512377
0.0510781
0.0510283
0.0513658
0.0517804
0.0522143
0.102766
0.0581688
0.0964513
0.10936
0.0542195
0.0537816
0.0526994
0.0520152
0.0523825
0.0531791
0.0539185
0.0546265
0.0538479
0.0527703
0.0519662
0.0507425
0.0501949
0.0495488
0.0494795
0.0499065
0.050195
0.0507863
0.0513331
0.0518922
0.102431
0.0577846
0.0946072
0.110088
0.0549518
0.0547663
0.0530301
0.051553
0.0512451
0.0512859
0.051695
0.052328
0.0511597
0.0501666
0.049372
0.0481713
0.0478836
0.0479051
0.0488178
0.0497918
0.0501149
0.0505899
0.0509797
0.0513822
0.10159
0.0572294
0.0910503
0.109442
0.055072
0.0555904
0.0545984
0.0518581
0.0497679
0.0493239
0.049659
0.0498454
0.0476745
0.0462938
0.0450551
0.0441942
0.0454844
0.0480419
0.0499339
0.0508154
0.050973
0.0508486
0.0506237
0.0506416
0.099999
0.0558174
0.0869427
0.109504
0.111396
0.112448
0.111892
0.108603
0.103419
0.0980671
0.0979727
0.0983565
0.0927859
0.0899157
0.0869932
0.0880748
0.0919024
0.0978231
0.102023
0.103757
0.104508
0.104412
0.104247
0.103403
0.0998647
0.0535701
0.100153
0.121009
0.12302
0.123915
0.123877
0.121842
0.118947
0.115645
0.111222
0.106332
0.103042
0.101661
0.0996879
0.100301
0.103254
0.10959
0.115363
0.11696
0.117506
0.117146
0.116921
0.116619
0.11393
0.0629908
0.060496
0.0598205
0.0647808
0.0593736
0.0591635
0.0643542
0.0592967
0.0595693
0.0637724
0.0598926
0.0601971
0.0629666
0.0604498
0.0606237
0.062058
0.0606942
0.0606865
0.0612395
0.0606833
0.0606604
0.0605988
0.0606259
0.0605207
0.0601523
0.0603129
0.0600112
0.059861
0.059642
0.0591962
0.0597169
0.0586819
0.0582002
0.0595864
0.0578648
0.0578172
0.0593916
0.0579163
0.0580577
0.0591377
0.0581799
0.0582327
0.0587965
0.0581989
0.0581892
0.0583709
0.0581028
0.0579172
0.0579874
0.0576569
0.0572698
0.0575613
0.056775
0.0560001
0.0566882
0.0548877
0.0533137
0.0545605
0.0519448
0.0533882
0.0554753
0.0600007
0.11502
0.122786
0.123408
0.124147
0.123651
0.121559
0.118577
0.113962
0.1097
0.105536
0.102822
0.101457
0.0996451
0.100854
0.104066
0.111376
0.116089
0.117285
0.117387
0.117007
0.116708
0.115677
0.1053
0.109039
0.109113
0.0983417
0.110487
0.111091
0.111091
0.0961798
0.0961845
0.103894
0.108961
0.108627
0.0968392
0.111244
0.111394
0.111071
0.0962093
0.0962333
0.103955
0.108083
0.10746
0.0955627
0.111282
0.111112
0.110474
0.0963016
0.0963874
0.104212
0.106798
0.106147
0.0942183
0.110753
0.110405
0.109506
0.0965045
0.0965792
0.104677
0.105474
0.104795
0.0928525
0.110017
0.109501
0.108225
0.0966265
0.0966244
0.105197
0.104111
0.103407
0.0916602
0.108918
0.108108
0.10674
0.0965949
0.096529
0.10563
0.102625
0.101813
0.0907852
0.107233
0.106349
0.105268
0.0964261
0.0962874
0.105902
0.101025
0.100379
0.090416
0.105326
0.104393
0.103537
0.0961064
0.0958848
0.105951
0.0998714
0.0995386
0.0904732
0.103213
0.10225
0.101787
0.0956237
0.095365
0.105755
0.0993986
0.0994271
0.0910058
0.101286
0.100876
0.101031
0.0951163
0.0948822
0.105452
0.0996267
0.100167
0.0916651
0.101132
0.101497
0.101722
0.0946418
0.0943627
0.105126
0.100916
0.101698
0.0929276
0.102371
0.102766
0.103069
0.0940787
0.0937772
0.104661
0.10245
0.10322
0.0944986
0.104131
0.104884
0.104726
0.093533
0.0932935
0.104142
0.103969
0.104795
0.0957563
0.106682
0.107622
0.106651
0.0931099
0.0928941
0.103553
0.105602
0.106353
0.0964109
0.109197
0.109585
0.108248
0.0927144
0.092529
0.102863
0.106952
0.10732
0.0966633
0.110296
0.109513
0.108699
0.0924468
0.0923668
0.10238
0.108031
0.108068
0.095698
0.109469
0.109784
0.110049
0.092292
0.0920427
0.101723
0.107649
0.106771
0.0929872
0.110635
0.10989
0.109652
0.0917262
0.090967
0.100422
0.105733
0.104417
0.088742
0.110259
0.11012
0.109075
0.0900693
0.0888758
0.0989911
0.103924
0.104512
0.0865494
0.111075
0.111887
0.110344
0.111816
0.112426
0.112006
0.112649
0.113175
0.113041
0.111521
0.11254
0.112712
0.107838
0.110229
0.110531
0.101263
0.105723
0.107064
0.0985132
0.0985438
0.101503
0.0984862
0.0965229
0.0963987
0.0967225
0.0936409
0.0944495
0.091719
0.0917506
0.0918565
0.0894855
0.0898026
0.0903799
0.0873058
0.0885069
0.0879512
0.0889682
0.0904153
0.0895684
0.0930897
0.0942453
0.0930848
0.0986527
0.100581
0.0993531
0.10246
0.104559
0.10404
0.104067
0.105895
0.10554
0.104357
0.105966
0.106103
0.104461
0.105715
0.105754
0.103518
0.104853
0.105456
0.102719
0.103831
0.104499
0.088366
0.0894938
0.101785
0.0227104
0.00748871
0.0226498
0.0075711
0.0225705
0.00761241
0.0224214
0.00760108
0.0221488
0.00749745
0.0218406
0.00735266
0.0215587
0.00720698
0.0213664
0.00710148
0.0212436
0.00703473
0.0212552
0.00704695
0.0212938
0.00709309
0.0212979
0.00713335
0.0212852
0.00717473
0.0212454
0.00719341
0.02116
0.00718355
0.0210639
0.00717076
0.0210099
0.00716175
0.020983
0.00716688
0.0208126
0.00717265
0.0207602
0.00736505
0.021908
0.0074045
0.0226998
0.00753969
0.0226184
0.00759978
0.0225013
0.00761241
0.0222969
0.00755906
0.0219891
0.0074261
0.0216908
0.00727647
0.0214463
0.00714782
0.0212948
0.00706151
0.0212311
0.00703055
0.0212862
0.00707229
0.0213075
0.00711668
0.0213035
0.00715622
0.0212667
0.00719048
0.0212123
0.00719341
0.0211117
0.00717546
0.0210448
0.00717009
0.0209862
0.0071584
0.0209361
0.00717431
0.0206055
0.00716811
0.0220936
0.00772733
0.0212057
0.00703022
0.0205938
0.00659622
0.0207489
0.00653521
0.0212381
0.00673858
0.0216508
0.00699799
0.0218076
0.0071661
0.0218801
0.00726069
0.0219824
0.00742888
0.0218714
0.00750935
0.0216979
0.00749614
0.0213815
0.0073174
0.0209739
0.00709152
0.0212473
0.00722138
0.021509
0.00742493
0.0215371
0.00754844
0.0215036
0.00755901
0.0213382
0.00747807
0.0209682
0.00733274
0.0202635
0.00708518
0.01914
0.00667576
0.0205657
0.0066388
0.0208333
0.00677122
0.0205591
0.00651153
0.020989
0.0066213
0.0214741
0.00687289
0.0217669
0.00710063
0.0218122
0.00720221
0.0219537
0.00734376
0.0219291
0.00748656
0.0217927
0.00750935
0.021567
0.00743245
0.0211595
0.00718425
0.021111
0.00714127
0.0213872
0.00731942
0.0215654
0.00750994
0.0214985
0.00755915
0.0214487
0.00753195
0.0211747
0.0074072
0.0206969
0.00724253
0.0196454
0.00685075
0.0207464
0.00700413
0.0589929
0.0603819
0.0625767
0.0651093
0.0680082
0.138567
0.0839397
0.0113779
0.00914272
0.0904571
0.0650566
0.0632169
0.0950408
0.0128237
0.0215675
0.0225018
0.114151
0.111514
0.115197
0.114872
0.130993
0.127045
0.141071
0.00663841
0.0108415
0.0717834
0.00728093
0.00951074
0.00982061
0.130008
0.127405
0.082164
0.0543466
0.0540378
0.0602791
0.0591003
0.0572882
0.0561822
0.0552193
0.0546162
0.0540445
0.05375
0.0519408
0.0568154
0.0584023
0.0589842
0.0582788
0.0568198
0.05554
0.05469
0.0539812
0.0535317
0.0531523
0.0530295
0.0573594
0.0574457
0.0565675
0.0550104
0.0534908
0.0530155
0.0523781
0.0520786
0.0519729
0.0519821
0.0521703
0.111815
0.114972
0.0585213
0.0592027
0.0606533
0.0638717
0.0674867
0.063566
0.0658612
0.0282831
0.0135274
0.0476147
0.0630404
0.0623226
0.112576
0.114757
0.0578541
0.0581263
0.0601236
0.0625569
0.0637573
0.0591487
0.0233894
0.0181548
0.0112163
0.0450745
0.0602207
0.0611957
0.0607119
0.0593099
0.0578869
0.0571414
0.113224
0.115263
0.0577433
0.0581955
0.0582801
0.0594281
0.0623552
0.059684
0.0252433
0.013132
0.010427
0.041732
0.0585389
0.0596005
0.0595741
0.0590649
0.0579042
0.0566611
0.113052
0.115166
0.057567
0.0575626
0.0582208
0.0598977
0.0624892
0.0607681
0.0295712
0.0126772
0.00682865
0.0380352
0.0575252
0.0584051
0.0580403
0.0569451
0.0568177
0.0567847
0.112663
0.115011
0.0575683
0.0579552
0.0588827
0.0601304
0.0622117
0.061478
0.0337148
0.0140559
0.00520852
0.0362174
0.0572815
0.0581625
0.05769
0.0571434
0.0569713
0.0566249
0.112009
0.114801
0.0574465
0.0577961
0.0585624
0.059544
0.0605539
0.0596308
0.0343569
0.0145026
0.0105019
0.0385963
0.0576425
0.0587688
0.0581928
0.0574525
0.0568228
0.0563146
0.111103
0.114296
0.0570625
0.0574615
0.0580016
0.0591563
0.0592118
0.0576002
0.0315356
0.0133519
0.0181695
0.0427952
0.0596256
0.061203
0.0596145
0.0582753
0.0574877
0.0566522
0.110097
0.113705
0.0564577
0.0565113
0.0564864
0.0568934
0.0573016
0.0549608
0.0250854
0.010988
0.0220561
0.0488482
0.0648163
0.0646247
0.0614651
0.0593263
0.0579642
0.0569524
0.109008
0.112839
0.0556501
0.0551481
0.0546501
0.0536711
0.0538312
0.049995
0.0184285
0.00953855
0.0297312
0.0575757
0.0663663
0.0652017
0.0622298
0.0602598
0.0583677
0.0570546
0.0563558
0.108097
0.112215
0.055423
0.0548016
0.0543759
0.0526414
0.0514888
0.0450442
0.0147918
0.0142257
0.0402273
0.0610519
0.0655853
0.0638836
0.0610357
0.0592971
0.0579759
0.0569344
0.0561295
0.10736
0.111849
0.0553769
0.0547183
0.0545444
0.0540843
0.0537318
0.0438013
0.0196528
0.0241742
0.0474931
0.0612252
0.0635364
0.0619455
0.0596693
0.0584059
0.0572307
0.0564941
0.0558977
0.106801
0.111875
0.0556695
0.0553275
0.0557718
0.0566394
0.0569314
0.046367
0.0281896
0.0320088
0.0507387
0.0602874
0.0615684
0.0604199
0.0584098
0.0576494
0.0564757
0.0559717
0.0554496
0.106213
0.112444
0.0561695
0.0561629
0.0561717
0.0571563
0.0580653
0.0492644
0.0353464
0.0363291
0.0499449
0.0582374
0.0586363
0.0570914
0.0558377
0.0554168
0.0548612
0.0548215
0.054618
0.105523
0.112538
0.0563607
0.0567201
0.0574457
0.0586996
0.0579225
0.050292
0.0391309
0.0376906
0.0457164
0.0536105
0.0530239
0.0512147
0.0520053
0.0520874
0.0527687
0.0531934
0.0535293
0.104401
0.112494
0.0564484
0.0570019
0.0578894
0.0597925
0.061183
0.0538772
0.0409821
0.0362335
0.0396109
0.0470856
0.0466911
0.0461573
0.0493482
0.0501713
0.0517114
0.052362
0.0529757
0.0534253
0.102967
0.111977
0.0562546
0.0568627
0.0578795
0.0596985
0.0618177
0.0591185
0.0464795
0.0340592
0.0336686
0.0396052
0.0430336
0.0459838
0.0494211
0.0500318
0.0513252
0.0520354
0.0527507
0.0532218
0.101366
0.111217
0.0558837
0.0563217
0.0573309
0.0588151
0.0610845
0.0606438
0.054483
0.040297
0.0308494
0.0359132
0.0446717
0.0494446
0.0519397
0.0522089
0.0526708
0.0527482
0.0528991
0.0531193
0.09966
0.109923
0.0554242
0.0559778
0.0569234
0.0580622
0.0597426
0.0602122
0.0576736
0.048055
0.0378231
0.0389072
0.0472781
0.0544446
0.0559654
0.0551813
0.0544465
0.0538105
0.0535143
0.0533832
0.0979343
0.108379
0.0546286
0.055409
0.0562223
0.0575001
0.0585425
0.0589678
0.0581095
0.0510634
0.0428695
0.0426105
0.0488916
0.0571931
0.0581522
0.0565385
0.0551032
0.0540632
0.0536764
0.0536507
0.0964684
0.106364
0.0533177
0.053967
0.0545083
0.0558523
0.0568022
0.0570221
0.0564032
0.0506627
0.0455616
0.0458305
0.0506462
0.0577258
0.0575148
0.0557017
0.0546884
0.0542353
0.0541234
0.0540023
0.0955244
0.104534
0.0518901
0.0518976
0.0519566
0.0526379
0.0538349
0.0543628
0.0532318
0.0485669
0.0456199
0.0463766
0.0509767
0.0569633
0.0572739
0.0563947
0.0554862
0.0547012
0.0543304
0.0541089
0.050006
0.0493469
0.0488971
0.0501414
0.0508428
0.0490057
0.0455111
0.0439822
0.045949
0.0528954
0.0594698
0.0585415
0.0568282
0.0556119
0.0547925
0.0543878
0.0541484
0.0497314
0.0483916
0.0463492
0.0464212
0.0464917
0.0444137
0.0425735
0.0425816
0.0488951
0.0573737
0.0605233
0.0584311
0.0567822
0.055466
0.0547245
0.0542873
0.0540564
0.0415364
0.0394229
0.0399224
0.0465658
0.0553602
0.0599069
0.0604892
0.0582078
0.0567051
0.055419
0.0547793
0.0542833
0.0540356
0.0403457
0.0466252
0.0542918
0.0587855
0.0606501
0.060082
0.0580179
0.0567121
0.0555623
0.0549318
0.0464458
0.0535676
0.0578151
0.0599116
0.0952764
0.0956626
0.0957125
0.095738
0.0954226
0.094942
0.0943647
0.0937116
0.0929659
0.0921114
0.0911787
0.0901905
0.0891904
0.0881448
0.0870833
0.086045
0.0850635
0.0841168
0.0832088
0.0823292
0.0814599
0.0805954
0.079704
0.0787442
0.0777289
0.0766786
0.0755713
0.0744027
0.0732288
0.0720685
0.0709442
0.0698774
0.0688747
0.0679833
0.0672297
0.0666147
0.0661447
0.0658972
0.0659603
0.0661064
0.0663574
0.0666649
0.114334
0.114282
0.112217
0.115893
0.115127
0.114689
0.0132115
0.0284261
0.0681801
0.0309468
0.0382151
0.0414224
0.00722366
0.011568
0.0208932
0.114597
0.115252
0.113084
0.115221
0.11573
0.115414
0.11548
0.115614
0.113186
0.115069
0.115941
0.115834
0.115424
0.115479
0.112906
0.114778
0.115829
0.11573
0.115316
0.115231
0.112377
0.114395
0.115661
0.11551
0.115004
0.114754
0.111554
0.114322
0.115219
0.115041
0.114414
0.114092
0.110621
0.113816
0.114436
0.114414
0.11368
0.113236
0.109532
0.113166
0.113349
0.113523
0.112822
0.112403
0.108509
0.112142
0.112039
0.112494
0.112157
0.111929
0.107716
0.111648
0.111503
0.111958
0.111777
0.111708
0.107064
0.111285
0.111441
0.111852
0.111693
0.111731
0.106527
0.111426
0.112048
0.112175
0.111819
0.111892
0.105934
0.112328
0.112624
0.112592
0.111815
0.111709
0.105011
0.112461
0.112895
0.112704
0.111475
0.111157
0.103717
0.112619
0.112745
0.112401
0.11072
0.110261
0.102202
0.112203
0.112108
0.111759
0.10963
0.108913
0.100505
0.111434
0.111121
0.110701
0.108162
0.107442
0.0988298
0.11035
0.109878
0.109261
0.106568
0.105599
0.0970844
0.109027
0.108207
0.107443
0.104617
0.103752
0.0959488
0.106879
0.105908
0.105475
0.102906
0.102282
0.0953602
0.104553
0.103812
0.103654
0.0494201
0.0201282
0.0487683
0.0195482
0.0475093
0.0182232
0.0447532
0.0162734
0.0412345
0.0141877
0.0374338
0.0121232
0.033577
0.0101458
0.0300636
0.00845323
0.0269183
0.00702036
0.0242794
0.00590422
0.0223034
0.00518541
0.0209168
0.00477992
0.0199447
0.00456309
0.0192431
0.00448286
0.0189126
0.00456874
0.0189867
0.00474998
0.0192012
0.00497814
0.0193932
0.00515494
0.0197425
0.00535746
0.0201819
0.00554712
0.0210397
0.00595535
0.0218464
0.00644398
0.0483826
0.0189963
0.0463287
0.0173191
0.0430361
0.0152117
0.0393794
0.0131706
0.0354559
0.0110952
0.0317721
0.00926367
0.0284406
0.00770487
0.0255212
0.00641476
0.0232055
0.00549616
0.0215529
0.00495351
0.020385
0.00465465
0.0195461
0.0044911
0.0190473
0.00452377
0.0189048
0.00464469
0.0190905
0.00486396
0.0192866
0.00507207
0.0195651
0.00525547
0.019912
0.00544045
0.0205826
0.00572114
0.0214636
0.00620413
0.0222473
0.00669663
0.0559319
0.0557538
0.0556836
0.0555523
0.0554458
0.0552451
0.0552141
0.055075
0.0550607
0.109849
0.0789594
0.0546503
0.0547058
0.0547846
0.109216
0.0776379
0.0539163
0.0541514
0.0544107
0.108654
0.0764973
0.0782861
0.0770431
0.0759714
0.105315
0.105026
0.109882
0.104454
0.104221
0.109301
0.103731
0.103465
0.108613
0.0243786
0.00694032
0.0236818
0.00670531
0.0232376
0.00661229
0.024002
0.00680458
0.0234359
0.00664457
0.0230949
0.00661489
0.054043
0.0541102
0.10719
0.0672754
0.0539532
0.0539666
0.106758
0.0664372
0.0538592
0.0537709
0.10625
0.065807
0.053567
0.0534261
0.105618
0.065376
0.0530075
0.0529833
0.104896
0.0651354
0.0524138
0.0526026
0.104227
0.0650254
0.0668326
0.0660955
0.0655722
0.06523
0.0650756
0.0649733
0.0995263
0.0992231
0.107089
0.0988303
0.0985019
0.106589
0.0981149
0.0977835
0.106
0.0974185
0.0970964
0.105319
0.0967896
0.0965527
0.104607
0.0963528
0.0962352
0.104062
0.0537572
0.0541395
0.10807
0.0754821
0.0536343
0.0540191
0.107743
0.0746002
0.0535749
0.053968
0.107641
0.0737439
0.053663
0.0540254
0.10769
0.0728278
0.0539203
0.0541716
0.10783
0.071807
0.0540917
0.0542525
0.107834
0.0706609
0.0541439
0.0542713
0.107755
0.0694716
0.0541509
0.0542371
0.107565
0.068321
0.0750289
0.0741772
0.0732911
0.0723284
0.0712427
0.0700625
0.0688853
0.067782
0.103048
0.102862
0.1081
0.102566
0.102449
0.107838
0.10224
0.102122
0.107706
0.101994
0.101872
0.107795
0.10172
0.101556
0.107929
0.101319
0.10114
0.107945
0.100832
0.100596
0.107809
0.100233
0.0999401
0.107524
0.0221386
0.00694974
0.0221039
0.00696151
0.0221698
0.00700355
0.0222842
0.00707073
0.0224667
0.00719506
0.0226243
0.00734253
0.0221129
0.00695502
0.0221335
0.00697985
0.0222161
0.00703163
0.0223783
0.00712804
0.0225493
0.00726663
0.0226883
0.00742106
0.0229891
0.00664104
0.0228517
0.00671662
0.0227579
0.00679836
0.0226987
0.00689196
0.0226165
0.00695082
0.0225035
0.00696989
0.022372
0.00697217
0.0222461
0.00696335
0.0229121
0.00667662
0.022803
0.00675744
0.0227421
0.0068493
0.0226561
0.00692821
0.0225636
0.00696559
0.022436
0.00697217
0.0223093
0.00696926
0.0221968
0.00695757
)
;

boundaryField
{
    inlet
    {
        type            zeroGradient;
    }
    outlet
    {
        type            zeroGradient;
    }
    wall
    {
        type            zeroGradient;
    }
    empty_zmin
    {
        type            empty;
    }
    empty_zmax
    {
        type            empty;
    }
    procBoundary1to0
    {
        type            processor;
        value           nonuniform List<scalar> 
39
(
0.0610106
0.0593393
0.0580157
0.0566855
0.0557019
0.0553669
0.055128
0.055048
0.110056
0.0886283
0.107478
0.0400552
0.0155582
0.0584189
0.0593402
0.0609987
0.0626522
0.0650964
0.0630975
0.111206
0.114681
0.115724
0.136588
0.0784408
0.037715
0.0308594
0.0833565
0.130324
0.133594
0.00598733
0.0054339
0.0947184
0.0245016
0.130673
0.129817
0.113864
0.115724
0.049563
0.0205351
)
;
    }
}


// ************************************************************************* //
