/*--------------------------------*- C++ -*----------------------------------*\
| =========                 |                                                 |
| \\      /  F ield         | OpenFOAM: The Open Source CFD Toolbox           |
|  \\    /   O peration     | Version:  2406                                  |
|   \\  /    A nd           | Website:  www.openfoam.com                      |
|    \\/     M anipulation  |                                                 |
\*---------------------------------------------------------------------------*/
FoamFile
{
    version     2.0;
    format      ascii;
    arch        "LSB;label=32;scalar=64";
    class       volVectorField;
    location    "1.17";
    object      U;
}
// * * * * * * * * * * * * * * * * * * * * * * * * * * * * * * * * * * * * * //

dimensions      [0 1 -1 0 0 0 0];

internalField   nonuniform List<vector> 
2285
(
(2.39697 0.188486 -4.40998e-21)
(2.34269 0.155475 1.13625e-21)
(2.40528 0.101971 2.00864e-21)
(2.37011 0.0895406 4.68403e-21)
(2.31026 -0.0574851 -9.29447e-22)
(2.29359 -0.074943 -9.23801e-22)
(2.31208 0.130786 -4.78655e-21)
(2.29222 0.107002 -8.12196e-22)
(2.28091 0.078808 -2.65621e-23)
(2.2744 0.0604186 1.81179e-22)
(2.27149 0.0412247 3.0899e-23)
(2.27572 0.0226311 7.82452e-24)
(2.27683 0.00536763 -2.92396e-23)
(1.84486 -0.00055039 -1.40074e-23)
(1.84776 -0.00267864 7.53288e-24)
(2.23297 0.00386829 0)
(2.23953 0.00374882 0)
(2.28439 0.0143006 3.10376e-23)
(2.34609 0.0688812 -2.03967e-22)
(2.32004 0.0525244 -3.05893e-22)
(2.30393 0.0373575 7.09673e-22)
(2.293 0.0305037 -6.13693e-22)
(2.28758 0.0182035 -1.63088e-22)
(2.29283 0.014597 1.6453e-22)
(2.29099 0.00276196 3.56787e-24)
(1.85088 -0.00302074 -4.7124e-24)
(2.31303 0.0376533 -5.39311e-22)
(2.30043 0.0274761 0)
(2.29731 0.0184358 -1.45873e-24)
(2.30023 0.00297464 0)
(2.30341 -0.00227535 9.95248e-23)
(1.85086 -0.00638822 4.53018e-23)
(2.32529 0.0191384 -1.62536e-22)
(2.31431 0.0133195 -6.20129e-23)
(2.31043 0.00413546 0)
(2.31097 0.00332287 -2.36575e-23)
(2.30953 -0.00730911 2.12714e-24)
(1.8469 -0.00746484 -6.07987e-24)
(2.3288 -0.0167 -1.36068e-22)
(2.31812 -0.0154961 -1.73919e-22)
(2.31267 -0.0155488 1.2703e-22)
(2.31624 -0.0140423 6.7973e-23)
(2.31822 -0.0104877 2.30094e-23)
(1.83679 -0.0110049 -6.4872e-24)
(2.32689 -0.029819 -1.01337e-21)
(2.3162 -0.0235927 1.01824e-21)
(2.31072 -0.0207337 0)
(2.31528 -0.0193994 4.57027e-25)
(2.3185 -0.0147399 9.3231e-23)
(1.82088 -0.0141173 -6.67534e-24)
(2.32014 -0.0401623 -2.21458e-21)
(2.30991 -0.033489 -2.85242e-23)
(2.30639 -0.0286811 0)
(2.31285 -0.0250068 1.02274e-22)
(2.31631 -0.0115742 -3.01336e-22)
(1.79879 -0.012953 -5.4117e-23)
(2.30362 -0.0444347 9.61056e-22)
(2.30199 -0.036242 0)
(2.30802 -0.029333 0)
(2.31206 -0.0161884 -3.6502e-23)
(1.77463 -0.0142656 5.30218e-23)
(2.29225 -0.0540936 0)
(2.29352 -0.043511 0)
(2.30077 -0.032306 -2.41563e-23)
(2.30515 -0.0152432 1.86605e-22)
(1.74777 -0.0137388 5.38248e-23)
(2.29147 -0.0343112 -3.72675e-22)
(2.29671 -0.0170105 -1.62246e-22)
(1.71953 -0.0136026 4.74774e-23)
(2.28098 -0.0356726 1.05244e-23)
(2.28647 -0.0176337 -1.6691e-22)
(1.6905 -0.0123069 1.39004e-24)
(2.26935 -0.0340374 2.90718e-22)
(2.27489 -0.0174462 0)
(1.66241 -0.0105486 5.87327e-25)
(1.85129 -0.00533981 4.51072e-24)
(1.84924 -0.00710265 -5.3594e-24)
(1.84227 -0.0097341 6.07973e-24)
(1.82996 -0.012629 6.6779e-24)
(1.80998 -0.0149765 0)
(1.78666 -0.0136035 3.32614e-24)
(1.76046 -0.0143187 4.55703e-23)
(1.73326 -0.0144301 0)
(1.70473 -0.0132572 -1.39124e-24)
(1.67616 -0.0116669 0)
(1.64889 -0.00995625 -5.86882e-25)
(2.24574 0.00202443 0)
(2.2505 -0.00182711 0)
(2.2979 0.00884666 -7.63677e-23)
(2.25523 -0.00182705 -1.4045e-22)
(2.25805 -0.00732844 9.72314e-24)
(2.30601 0.00183844 7.60414e-23)
(2.26068 -0.00546924 2.25964e-23)
(2.26307 -0.00886073 -2.25966e-23)
(2.31369 -0.00558455 -5.53376e-25)
(2.26331 -0.0133525 5.60968e-24)
(2.26267 -0.0145724 1.15038e-23)
(2.31885 -0.0161145 -2.36848e-23)
(2.26105 -0.0168057 -1.09389e-22)
(2.25735 -0.0178247 9.94178e-23)
(2.31731 -0.0269448 -9.84862e-23)
(2.25428 -0.0189711 1.36694e-22)
(2.24918 -0.0196465 2.4488e-23)
(2.31377 -0.03134 2.4595e-23)
(2.2458 -0.0209447 -5.42464e-23)
(2.23872 -0.0209447 -5.31493e-23)
(2.30757 -0.0339771 1.20208e-23)
(2.23445 -0.0215035 -4.04232e-23)
(2.22621 -0.0213786 -5.68051e-24)
(2.29956 -0.0379163 -1.10816e-23)
(2.22099 -0.0220152 1.30347e-22)
(2.21175 -0.0213822 5.06064e-24)
(2.29023 -0.0380416 1.01455e-23)
(2.20564 -0.0217324 -5.05612e-24)
(2.19579 -0.0208364 -2.2648e-24)
(2.2791 -0.0361079 1.50608e-22)
(2.18992 -0.0202939 2.26298e-24)
(2.18068 -0.0190093 0)
(2.26797 -0.0334362 -1.31471e-22)
(0.827395 -0.00162368 0)
(0.320012 -0.000118854 0)
(0.821105 -0.00186086 0)
(0.31545 -0.000288041 0)
(0.815958 -0.00185835 0)
(0.311168 -0.000284412 0)
(0.79788 -0.00264932 0)
(0.298988 -0.000405006 0)
(0.772634 -0.0033875 0)
(0.282846 -0.00037373 0)
(0.739461 -0.00419968 0)
(0.26406 -0.000553314 0)
(0.700464 -0.00406908 0)
(0.24151 -0.000713756 0)
(0.663634 -0.00330906 0)
(0.221029 -0.000492039 0)
(0.627921 -0.00330109 0)
(0.202761 -0.000586799 0)
(0.594337 -0.00275339 0)
(0.185775 -0.000486564 0)
(0.564299 -0.00220445 0)
(0.171123 -0.000404169 0)
(0.53889 -0.00156201 0)
(0.159292 -0.000350385 0)
(0.518337 -0.00103237 0)
(0.15019 -0.000328704 0)
(0.807537 -0.00239465 0)
(0.305309 -0.000421779 0)
(0.784904 -0.00334343 0)
(0.291005 -0.000506957 0)
(0.756039 -0.00370859 0)
(0.273642 -0.000407811 0)
(0.719668 -0.00440088 0)
(0.252653 -0.000645583 0)
(0.681336 -0.00368374 0)
(0.230586 -0.000673429 0)
(0.645341 -0.0034316 0)
(0.21185 -0.000547447 0)
(0.610339 -0.00303579 0)
(0.193805 -0.000535074 0)
(0.578594 -0.00251514 0)
(0.178122 -0.000470452 0)
(0.550788 -0.00185175 0)
(0.164777 -0.000369745 0)
(0.527858 -0.00131409 0)
(0.154366 -0.000350201 0)
(0.509765 -0.000743709 0)
(0.146651 -0.000352859 0)
(2.34557 0.0244323 -7.12694e-24)
(2.31114 0.00906509 0)
(2.04653 -0.149105 3.62642e-23)
(1.8252 -0.329625 -1.55133e-25)
(1.76727 -0.39375 -3.39284e-25)
(2.30312 0.0505664 1.87091e-25)
(2.34093 0.0510354 6.6233e-24)
(2.34408 0.0933091 0)
(2.19055 0.0426369 -6.37313e-23)
(1.97428 -0.109459 -4.65907e-23)
(1.81569 -0.22299 -2.4987e-25)
(1.81443 -0.242032 7.53666e-24)
(1.77461 -0.246121 -5.48017e-26)
(1.71876 -0.218301 8.91855e-25)
(1.73741 -0.101359 -8.19091e-25)
(1.82055 -0.0484367 0)
(1.94301 0.0318825 -1.6868e-23)
(2.00042 0.0205617 0)
(2.06238 0.0195441 0)
(2.09813 0.0117276 0)
(2.12407 0.00971208 0)
(2.14713 0.00394605 1.08074e-23)
(2.28465 0.0663443 -2.23694e-25)
(2.31006 0.087016 -5.80168e-25)
(2.33229 0.125582 7.8249e-25)
(2.23493 0.160471 4.1342e-23)
(2.09841 0.0950479 4.66681e-23)
(1.90647 -0.0104607 4.00088e-23)
(1.82847 -0.12779 -1.33214e-24)
(1.7555 -0.0455033 -2.69291e-25)
(1.67028 -0.0615439 8.14086e-26)
(1.67251 0.0174014 2.28979e-24)
(1.7546 0.0396631 0)
(1.92489 0.103804 1.64803e-23)
(2.00697 0.0554843 0)
(2.06891 0.0612223 0)
(2.10504 0.0436605 1.6484e-24)
(2.131 0.0321003 -1.82078e-25)
(2.15315 0.0184082 1.96615e-23)
(1.99032 -0.00804566 -1.41388e-24)
(2.1288 -0.0102728 -1.82448e-24)
(2.10541 -0.0160454 4.75762e-25)
(2.00218 -0.00466963 -5.78108e-25)
(2.13513 -0.0180693 0)
(2.11304 -0.0407277 -4.62848e-24)
(2.01607 0.00418182 -1.17112e-24)
(2.15384 -0.0220978 6.88708e-24)
(2.13758 -0.0727261 0)
(2.09662 -0.106504 1.094e-23)
(2.03596 -0.181765 0)
(1.92452 -0.197932 1.14254e-23)
(1.74151 -0.214943 3.59572e-24)
(2.03293 0.0205382 -5.58276e-25)
(2.18974 -0.0188753 -4.04739e-24)
(2.20347 -0.0843342 7.76811e-24)
(2.17439 -0.141446 -6.72548e-24)
(2.1017 -0.235035 -6.54313e-24)
(1.9485 -0.321126 -2.25344e-23)
(1.72154 -0.310253 1.07142e-23)
(1.5898 -0.285676 -6.33353e-25)
(2.04584 0.0326109 0)
(2.23244 -0.00861898 2.8419e-24)
(2.2619 -0.0514791 -3.84098e-24)
(2.25538 -0.101992 1.4344e-23)
(2.21383 -0.175563 6.44074e-24)
(2.01102 -0.32075 1.17773e-23)
(1.73232 -0.381878 -1.00189e-25)
(1.64793 -0.436307 -4.59898e-24)
(2.0489 0.0329625 1.75585e-24)
(2.27451 0.0114831 -1.75336e-25)
(2.28396 -0.00121348 4.21893e-24)
(2.30076 -0.0207577 -7.5891e-24)
(2.31059 -0.0570368 1.71049e-25)
(2.17455 -0.165745 7.41556e-26)
(1.83172 -0.356821 -1.46826e-23)
(1.72368 -0.460328 4.23487e-24)
(2.04089 0.0292301 1.02748e-25)
(2.29006 0.0249499 -8.51834e-25)
(2.28483 0.0196768 1.63171e-24)
(2.30876 0.0304893 0)
(1.41245 -0.00060757 5.3389e-25)
(1.41355 0.00193046 2.80237e-25)
(1.41332 0.00326552 -5.82797e-25)
(1.41124 0.00534973 -9.19347e-27)
(1.40478 0.00807647 6.64152e-25)
(1.3931 0.010637 -6.66676e-25)
(1.37677 0.0126866 -6.15416e-25)
(1.35576 0.0137708 5.18297e-25)
(1.33239 0.0136853 -5.18289e-25)
(1.30873 0.0122929 3.22061e-25)
(1.2868 0.00922422 -5.47932e-25)
(1.26771 0.00435848 5.36104e-25)
(1.25284 -0.000964165 -1.41555e-25)
(1.2428 -0.00512982 0)
(2.11745 -0.00826037 2.75769e-24)
(2.11939 -0.00912186 6.27106e-27)
(1.99615 -0.00640357 7.76775e-25)
(2.1234 -0.0103516 0)
(2.12396 -0.0137952 4.0304e-24)
(2.13072 -0.012834 -5.20779e-24)
(2.12369 -0.00888215 0)
(2.13125 -0.00783909 -2.29236e-24)
(2.00853 -0.00151088 8.45479e-25)
(2.12637 -0.0163762 0)
(2.13222 -0.0268357 4.56911e-24)
(2.14229 -0.0213651 -6.90427e-24)
(2.14225 -0.00559099 2.29257e-24)
(2.15633 -0.00209148 -2.18955e-24)
(2.02447 0.0119475 2.58969e-24)
(2.14605 -0.0299333 -4.59247e-24)
(2.16472 -0.0388354 4.42966e-24)
(2.1702 -0.0212833 -4.42551e-24)
(2.17357 0.00210265 4.28383e-24)
(2.19362 0.00637781 9.55707e-25)
(2.04029 0.0280976 -9.55481e-25)
(2.1892 -0.0355878 -1.25184e-23)
(2.21572 -0.038241 -1.86586e-23)
(2.21077 -0.0154325 1.9519e-24)
(2.21468 0.0104392 0)
(2.23291 0.0136196 -1.0315e-24)
(2.04866 0.0335257 -1.09657e-24)
(2.24115 -0.0324473 2.68637e-24)
(2.26311 -0.0292135 1.51023e-24)
(2.25471 8.59663e-07 -4.13315e-24)
(2.24488 0.0158641 2.32376e-24)
(2.24964 0.0176643 3.37285e-25)
(2.04724 0.0318821 -7.08934e-25)
(2.279 -0.0128668 -9.02426e-24)
(2.28713 0.00634353 1.76144e-24)
(2.28677 0.0204434 -2.12837e-25)
(2.25006 0.0187925 -2.26981e-25)
(2.24898 0.0193263 -7.46182e-25)
(2.02852 0.0233405 -6.36401e-25)
(2.28976 0.0213776 1.51202e-24)
(2.28965 0.0263418 2.39266e-24)
(2.28955 0.0257144 8.30051e-25)
(0.473583 -0.00209645 0)
(0.151134 1.99741e-05 0)
(0.481874 -0.00219786 0)
(0.1596 0.000310255 0)
(0.485288 -0.00227213 0)
(0.167016 0.000798163 0)
(0.479718 -0.000745482 0)
(0.169445 0.000760473 0)
(0.464114 0.000968158 0)
(0.163781 0.00054443 0)
(0.444959 0.00205054 0)
(0.152458 0.000330572 0)
(0.429974 0.00238203 0)
(0.140601 -0.000227036 0)
(0.478301 -0.00208331 0)
(0.155531 0.000197494 0)
(0.484406 -0.00232653 0)
(0.163593 0.000505736 0)
(0.484156 -0.00174337 0)
(0.169132 0.000929691 0)
(0.472813 0.000182704 0)
(0.167678 0.000606573 0)
(0.454483 0.001536 0)
(0.158528 0.000441053 0)
(0.436429 0.00239613 0)
(0.146161 0.000145204 0)
(0.426381 0.0021131 0)
(0.136674 -0.000659244 0)
(2.01496 0.0160822 2.93179e-25)
(2.28718 0.0267967 7.27272e-25)
(2.28116 0.0314639 -2.24055e-24)
(2.16636 0.00183477 0)
(2.18022 -0.00278401 -3.39141e-24)
(2.16015 -0.00436719 2.2399e-24)
(1.35218 -0.00318851 -1.32704e-24)
(1.98868 0.0039553 -7.70453e-25)
(2.27349 0.0266343 2.94201e-24)
(2.27054 0.0439674 -8.94834e-25)
(2.17125 0.00932662 0)
(2.18494 -4.42738e-05 -1.18791e-24)
(2.16421 -0.00546317 3.60147e-24)
(1.33933 -0.0048201 3.45959e-25)
(1.96084 -0.00233674 2.04788e-24)
(2.25113 0.0278653 -5.99662e-24)
(2.25417 0.0559639 0)
(2.25625 0.0834046 0)
(2.26381 0.118327 3.72046e-24)
(2.2778 0.180838 5.35705e-25)
(2.22887 0.206137 2.65729e-23)
(2.13729 0.222964 2.42822e-24)
(2.0221 0.2194 -4.84949e-24)
(1.86718 0.0474531 0)
(1.73032 0.112117 -2.76884e-25)
(1.64356 0.114726 2.09927e-25)
(1.64402 0.136882 -2.4719e-24)
(1.72214 0.162008 -1.29614e-23)
(1.92363 0.151707 -3.15543e-23)
(2.02739 0.156446 3.11151e-23)
(2.08533 0.118861 -3.85693e-24)
(2.12374 0.0844079 0)
(2.14963 0.055566 0)
(2.16942 0.0331552 -3.87264e-23)
(2.18414 0.0160805 -1.21207e-24)
(2.19701 0.00173173 7.13324e-24)
(2.17222 -0.00668268 1.02211e-23)
(1.32162 -0.00569764 0)
(1.93269 -0.00341177 -2.3439e-24)
(2.22055 0.0301009 -8.50817e-24)
(2.22528 0.0673825 0)
(2.22156 0.112233 0)
(2.2139 0.15129 -4.25514e-24)
(2.22279 0.216439 -7.81216e-25)
(2.19361 0.26536 -2.64583e-23)
(2.12803 0.270591 5.75998e-23)
(2.05069 0.320377 2.30456e-25)
(1.93576 0.274742 3.52046e-23)
(1.73557 0.205738 0)
(1.6331 0.21252 9.88239e-25)
(1.6345 0.214714 3.40813e-24)
(1.71239 0.232604 2.0643e-23)
(1.92323 0.232122 3.49499e-23)
(2.06203 0.222966 -2.4815e-23)
(2.13358 0.143439 -5.35561e-24)
(2.16957 0.0983726 5.08807e-24)
(2.1846 0.0580598 -2.41816e-24)
(2.19387 0.0336047 1.87424e-23)
(2.20276 0.0152737 1.52655e-23)
(2.21222 0.000318872 -8.26107e-24)
(2.18308 -0.00718318 0)
(1.30166 -0.00493638 -1.41299e-24)
(1.90896 -0.00246059 1.68884e-25)
(2.18813 0.0307039 -1.02007e-23)
(2.17724 0.0760468 1.1561e-24)
(2.17498 0.13169 -4.11738e-23)
(2.16353 0.176592 0)
(2.16673 0.235892 9.50632e-25)
(2.14496 0.307689 1.79921e-23)
(2.09782 0.328319 -7.17429e-23)
(2.04133 0.352405 1.17828e-23)
(1.9496 0.389451 -3.77821e-23)
(1.78341 0.347309 4.08915e-24)
(1.64597 0.323779 -7.68893e-25)
(1.63282 0.299233 2.17606e-24)
(1.70976 0.282979 -7.09154e-24)
(1.93946 0.264303 -1.74651e-24)
(2.1299 0.190336 1.48924e-23)
(2.20374 0.107733 -2.49074e-23)
(2.21607 0.0651494 -2.64769e-23)
(2.21598 0.034494 1.81176e-24)
(2.21353 0.0165315 -2.67857e-23)
(2.21747 0.00615593 -1.52628e-23)
(2.22319 -0.00472006 1.26542e-23)
(2.19243 -0.00695129 3.35009e-24)
(1.28336 -0.00280651 0)
(1.89285 -0.00253051 6.31531e-24)
(2.15953 0.0291259 -7.40195e-25)
(2.12745 0.0679008 2.9168e-24)
(2.12078 0.116942 8.72006e-23)
(2.10802 0.163231 -4.36101e-23)
(2.09833 0.232625 0)
(2.09317 0.30424 -1.8893e-23)
(2.06371 0.356195 3.07989e-23)
(2.01131 0.391543 -3.33236e-23)
(1.93439 0.439732 -1.38068e-23)
(1.79843 0.433982 -3.13514e-24)
(1.68021 0.429707 9.97859e-25)
(1.66439 0.384494 -5.95015e-24)
(1.7442 0.313956 9.68282e-24)
(2.01883 0.213239 1.75489e-24)
(2.22382 0.0886957 -8.38256e-24)
(2.25782 0.040915 2.21834e-23)
(2.24501 0.0148085 9.6283e-24)
(2.23274 0.00475452 -1.48825e-24)
(2.22252 -0.00361949 2.97934e-23)
(2.22379 -0.0041612 -1.5188e-24)
(2.22719 -0.0100504 -1.26529e-23)
(2.19721 -0.00718569 2.92305e-24)
(1.26895 -0.000735085 -1.90663e-25)
(1.88291 -0.00114595 -6.91881e-24)
(2.12844 0.0204515 -1.3516e-23)
(2.09643 0.0424088 5.28714e-23)
(2.07713 0.0821304 -5.29359e-23)
(2.04803 0.109683 5.29049e-23)
(2.02071 0.186645 5.6726e-24)
(2.01875 0.254674 3.02113e-24)
(2.00204 0.345391 -5.91609e-23)
(1.95715 0.401483 -6.4655e-24)
(1.89848 0.463516 1.04371e-23)
(1.80569 0.414143 2.23971e-24)
(1.71032 0.426451 1.66085e-24)
(1.73496 0.362854 -3.02401e-23)
(1.88604 0.223356 4.12003e-23)
(2.17615 0.0641839 0)
(2.28691 -0.00439853 -3.79244e-24)
(2.2774 -0.0104663 -1.68057e-24)
(2.25126 -0.0147143 1.632e-23)
(2.23506 -0.00931548 1.26758e-23)
(2.22334 -0.0119127 -1.1806e-24)
(2.22428 -0.00823239 1.18032e-24)
(2.22731 -0.0116507 0)
(2.1975 -0.00763222 0)
(1.25882 0.000749688 1.31152e-24)
(1.88116 0.00185149 0)
(2.10355 0.00616033 0)
(2.08065 0.0125067 -4.91579e-23)
(2.05224 0.0452816 9.39865e-23)
(2.002 0.0522239 1.45582e-22)
(1.94628 0.10898 8.21818e-23)
(1.93067 0.175923 3.2453e-24)
(1.91398 0.266842 3.26578e-23)
(1.89762 0.334944 7.28961e-24)
(1.89364 0.369213 -1.76277e-24)
(1.81729 0.353639 9.84667e-24)
(1.76576 0.322979 -1.73759e-24)
(1.86051 0.219455 3.04051e-23)
(2.06282 0.0543239 -4.39878e-23)
(2.25587 -0.0449322 -1.91014e-23)
(2.29646 -0.0443365 6.38923e-24)
(2.27529 -0.028001 -1.1041e-24)
(2.24776 -0.0238892 1.24836e-23)
(2.23254 -0.0130491 -1.26107e-23)
(2.22212 -0.0149183 0)
(2.22357 -0.00945833 -1.21425e-24)
(2.2265 -0.0130163 2.0454e-23)
(2.19446 -0.007008 9.43945e-24)
(1.2526 0.00155248 0)
(1.88993 0.00638301 0)
(2.0991 -0.000753486 2.6063e-23)
(2.07736 -0.00600855 -4.78822e-25)
(2.04112 -0.00716051 -1.4899e-23)
(1.97869 0.00986636 -1.09352e-22)
(1.89452 0.0246382 -1.09282e-22)
(1.85954 0.0807138 -6.9165e-23)
(1.84239 0.131958 0)
(1.85312 0.176797 1.45948e-24)
(1.89373 0.196208 -1.80616e-23)
(1.83554 0.212765 -9.82563e-24)
(1.85667 0.140918 0)
(2.00086 0.0302864 1.42492e-23)
(2.16133 -0.0837152 -1.42471e-23)
(2.26727 -0.0939225 -8.25415e-23)
(2.28248 -0.0693618 -2.9283e-23)
(2.25952 -0.045293 -6.49804e-24)
(2.23527 -0.0374537 -3.37077e-23)
(2.22597 -0.0216309 0)
(2.2195 -0.022359 0)
(2.22154 -0.0127487 0)
(2.22429 -0.0155169 -1.97209e-23)
(2.18745 -0.00711735 -7.76356e-24)
(1.2495 0.0018952 -1.45662e-24)
(1.90656 0.00904578 1.14586e-23)
(2.10307 -0.0112598 2.67443e-23)
(2.08077 -0.019668 -1.41918e-22)
(2.04021 -0.0373881 -9.57764e-23)
(1.97396 -0.0209186 0)
(1.87652 -0.0380408 0)
(1.82626 -0.0148106 -1.54775e-23)
(1.81352 0.00392764 1.129e-23)
(1.83218 0.00914394 -9.69153e-24)
(1.8681 0.0186868 1.16337e-22)
(1.85771 0.0805183 3.66819e-23)
(1.96937 -0.0623502 -4.3351e-24)
(2.08567 -0.119901 -1.19001e-23)
(2.18496 -0.166352 -3.16567e-23)
(2.25291 -0.123114 8.19124e-23)
(2.24577 -0.111538 3.88943e-23)
(2.23432 -0.0720068 -2.24632e-24)
(2.22285 -0.0577155 6.12361e-23)
(2.21645 -0.0405361 -5.04963e-23)
(2.21453 -0.0331284 -3.99193e-23)
(2.21653 -0.0202271 4.9273e-24)
(2.21975 -0.0183929 4.70022e-23)
(2.17848 -0.00947679 -2.80485e-24)
(1.24702 0.00141899 4.57793e-24)
(1.93015 0.00331403 -1.13558e-23)
(2.11739 -0.0268289 1.04996e-22)
(2.09222 -0.0579334 1.89575e-23)
(2.04151 -0.0755022 0)
(1.97574 -0.0644635 3.08361e-23)
(1.87712 -0.0782681 -3.08296e-23)
(1.82024 -0.079876 1.98266e-22)
(1.80959 -0.0677085 0)
(1.82945 -0.077216 0)
(1.85857 -0.0721686 -1.11098e-22)
(1.91869 -0.110393 -9.83623e-24)
(2.04658 -0.200682 2.63327e-24)
(2.10913 -0.220554 2.9917e-23)
(2.17783 -0.202963 8.65782e-23)
(2.21095 -0.186474 -3.78416e-24)
(2.21622 -0.142175 5.31453e-24)
(2.20801 -0.108667 -4.85549e-24)
(2.20447 -0.0830212 -2.1683e-23)
(2.20014 -0.062463 3.8828e-23)
(2.20236 -0.0454245 1.19996e-22)
(2.2053 -0.0298167 0)
(2.20926 -0.0213514 -4.55913e-23)
(2.16904 -0.0091288 -2.95906e-24)
(1.24351 0.000499707 -3.24098e-24)
(1.95747 -0.0010776 0)
(2.1431 -0.035806 4.77464e-23)
(2.12198 -0.0991731 1.04023e-22)
(2.05042 -0.131367 0)
(1.97573 -0.15717 0)
(1.87581 -0.136104 -1.49955e-22)
(1.81995 -0.139981 -1.31707e-22)
(1.8114 -0.1435 0)
(1.839 -0.175475 -8.59346e-24)
(1.8942 -0.176715 4.17398e-24)
(1.98002 -0.273796 4.58779e-24)
(2.06491 -0.272927 5.66659e-25)
(2.10545 -0.254472 -4.11921e-23)
(2.15082 -0.246457 -3.58614e-23)
(2.17176 -0.212405 -2.87194e-23)
(2.17761 -0.157799 8.02692e-23)
(2.17666 -0.127393 7.19675e-23)
(2.17647 -0.0968277 -8.05208e-23)
(2.17825 -0.0704211 0)
(2.1829 -0.051226 -9.09941e-23)
(2.19077 -0.032372 1.04726e-22)
(2.1936 -0.0219327 1.57655e-24)
(2.15817 -0.00905119 -1.24136e-23)
(1.23887 -0.00104353 0)
(1.9862 0.000408018 3.71888e-25)
(2.18119 -0.0404457 4.78156e-23)
(2.18587 -0.112001 1.44818e-22)
(2.08762 -0.176143 0)
(1.97611 -0.221473 0)
(1.87185 -0.201941 1.08283e-22)
(1.83049 -0.225807 5.45201e-23)
(1.84165 -0.268629 1.33484e-23)
(1.87913 -0.3187 0)
(1.93668 -0.333478 0)
(1.98934 -0.353132 3.05133e-24)
(2.05264 -0.307937 -3.0017e-24)
(2.08788 -0.276054 -2.81427e-24)
(2.11902 -0.248188 -1.5191e-23)
(2.12679 -0.203428 2.23263e-23)
(2.13255 -0.157838 -1.02331e-22)
(2.14236 -0.117175 -9.26441e-23)
(2.1456 -0.0904932 1.01306e-22)
(2.15352 -0.0593372 0)
(2.16305 -0.0425163 1.25921e-22)
(2.17602 -0.0253876 -1.04757e-23)
(2.18135 -0.0165564 4.00697e-24)
(2.14579 -0.011498 -3.09927e-24)
(1.23212 -0.00269523 3.49723e-24)
(2.00642 0.00743183 -4.59281e-23)
(2.22576 -0.0342875 -1.00035e-23)
(2.24727 -0.0777314 -1.33143e-22)
(2.16342 -0.148142 0)
(1.99898 -0.235148 3.85889e-23)
(1.88689 -0.262758 1.67481e-23)
(1.8759 -0.31251 -2.61134e-23)
(1.89228 -0.350339 -1.35327e-23)
(1.90897 -0.377721 3.99367e-23)
(1.93712 -0.394949 0)
(1.97156 -0.387136 0)
(2.00079 -0.335191 0)
(2.03029 -0.280761 -1.19187e-23)
(2.07268 -0.205046 8.41757e-24)
(2.08272 -0.163418 2.0587e-23)
(2.09087 -0.130057 -1.09842e-22)
(2.10544 -0.0823957 -1.73253e-22)
(2.11715 -0.0607692 1.61988e-22)
(2.12974 -0.0326927 -3.11524e-23)
(2.14776 -0.0231984 -1.12238e-22)
(2.16509 -0.0116631 -9.43852e-23)
(2.17593 -0.00799588 9.10419e-23)
(2.13707 -0.00779909 5.04472e-23)
(1.22321 -0.0032155 0)
(2.01002 0.0117849 -3.57966e-23)
(2.27127 -0.00568046 0)
(2.28389 -0.0242563 -2.11699e-23)
(2.24444 -0.0655948 -1.07172e-22)
(2.09553 -0.159819 -4.22935e-23)
(1.95139 -0.248221 1.69749e-23)
(1.91461 -0.31498 0)
(1.92137 -0.328057 -3.96979e-23)
(1.93139 -0.368798 -5.73789e-24)
(1.93922 -0.388509 -9.30665e-26)
(1.92536 -0.385366 1.69657e-24)
(1.92335 -0.323214 -5.53866e-25)
(1.95799 -0.269018 -1.68579e-23)
(2.00083 -0.174337 1.02805e-23)
(2.04112 -0.126652 0)
(2.05148 -0.082198 1.44562e-22)
(2.06773 -0.0380588 1.44816e-22)
(2.09564 -0.0196149 -6.10793e-23)
(2.11523 -0.00727113 0)
(2.1414 -0.00405045 0)
(2.16154 -0.000564079 0)
(2.17539 -0.0037717 9.7824e-23)
(2.13526 -0.00304664 -4.68841e-23)
(1.2145 -0.00267787 -1.1904e-23)
(1.99144 0.0140703 -5.27586e-23)
(2.29456 0.0213887 8.25237e-23)
(2.29565 0.0203521 2.14155e-23)
(2.29478 0.00679038 6.85434e-23)
(2.20515 -0.0447687 1.95498e-23)
(2.05333 -0.150163 0)
(1.95691 -0.241437 1.50817e-22)
(1.94123 -0.250777 2.15553e-23)
(1.9546 -0.268812 -4.34711e-24)
(1.96197 -0.294249 -1.14727e-23)
(1.89831 -0.294794 -2.31908e-24)
(1.87264 -0.260773 3.77813e-24)
(1.89758 -0.230451 -2.53408e-24)
(1.92012 -0.142438 3.95822e-23)
(1.98323 -0.0807857 -4.14505e-23)
(2.00639 -0.0163552 -1.79224e-22)
(2.04275 0.00288095 7.23471e-23)
(2.08839 0.010668 -7.12834e-23)
(2.11325 0.00551397 7.12878e-23)
(2.14138 0.00447807 0)
(2.16201 0.00347474 2.1797e-22)
(2.17622 0.000359918 -1.9539e-22)
(2.13634 -0.00165914 -8.93856e-23)
(1.20677 -0.00191369 1.14813e-23)
(1.96316 0.0125353 -7.86107e-23)
(2.29442 0.0316665 4.0859e-23)
(2.29527 0.0404833 1.10642e-23)
(2.30467 0.0444953 -3.38409e-23)
(2.2613 0.0474529 1.67111e-22)
(2.15186 -0.0155341 6.28512e-23)
(2.03037 -0.104327 -1.51162e-22)
(1.95969 -0.160086 0)
(1.96748 -0.154593 -1.96094e-23)
(1.98001 -0.19121 1.95192e-23)
(1.89731 -0.16455 0)
(1.84796 -0.186442 -1.61454e-26)
(1.84226 -0.137186 0)
(1.84479 -0.0737189 0)
(1.90527 -0.0183254 4.38193e-23)
(1.97472 0.0435038 7.21463e-23)
(2.03933 0.0191352 -8.92641e-23)
(2.08926 0.0290409 -7.7589e-23)
(2.11613 0.0205809 -4.59441e-23)
(2.14368 0.0169333 1.24091e-22)
(2.16481 0.013636 -4.08746e-22)
(2.17847 0.00606662 9.54787e-24)
(2.14033 0.00313192 -8.30211e-23)
(1.20179 -0.000424076 0)
(1.92342 0.0127727 9.47018e-23)
(2.28957 0.041498 5.08286e-23)
(2.29005 0.0513761 2.25692e-23)
(2.29568 0.050103 0)
(2.26936 0.0769899 -5.07539e-23)
(2.20245 0.0704722 -2.42419e-22)
(2.10901 0.0262813 0)
(2.00267 -0.0587218 -1.05059e-24)
(1.97509 -0.0924539 -2.4694e-23)
(1.96957 -0.101596 0)
(1.88772 -0.0135298 -1.2597e-24)
(1.84572 -0.0603813 -2.40772e-24)
(1.80027 -0.0230988 0)
(1.79987 0.0059953 6.75511e-24)
(1.85918 0.0417202 -6.33943e-23)
(1.96628 0.0933271 0)
(2.04388 0.071037 8.82356e-23)
(2.09366 0.0704281 6.23184e-23)
(2.12478 0.049168 1.05599e-22)
(2.151 0.0333371 -1.68568e-22)
(2.17186 0.0243436 2.76378e-22)
(2.18381 0.0118502 -2.47487e-22)
(2.14725 0.00623887 1.74152e-23)
(1.19971 0.000484631 0)
(1.88218 0.0141508 2.98709e-24)
(2.27211 0.0429322 -3.31131e-23)
(2.28052 0.0704199 -1.63197e-23)
(2.27559 0.0939718 7.764e-23)
(2.25782 0.114039 -1.13921e-22)
(2.2124 0.126404 1.13967e-22)
(2.14794 0.133635 -3.21478e-24)
(2.07062 0.11162 2.67713e-23)
(1.99917 0.0607252 2.35722e-24)
(1.93556 0.077332 0)
(1.8811 0.0683514 6.87296e-24)
(1.83561 0.070519 1.42257e-24)
(1.77121 0.107137 4.0803e-25)
(1.77104 0.118057 -6.77743e-24)
(1.81618 0.144651 2.3447e-23)
(1.95076 0.144206 -9.41393e-24)
(2.06471 0.138312 6.05104e-24)
(2.11038 0.109172 -7.22638e-23)
(2.14884 0.0830898 -1.13464e-22)
(2.17092 0.0544556 1.47688e-22)
(2.18726 0.0364212 -1.79061e-22)
(2.19913 0.014892 3.7621e-22)
(2.15662 0.00559454 -9.23345e-25)
(1.19864 0.00105323 -8.74467e-25)
(1.84281 0.00695869 0)
(2.24318 0.0377506 4.91855e-23)
(2.2649 0.0686579 0)
(2.25351 0.0989413 -1.04002e-23)
(2.24334 0.123658 -2.24337e-23)
(2.20777 0.133851 6.60002e-23)
(2.14839 0.151659 4.62725e-24)
(2.08691 0.170756 -1.21321e-23)
(2.02255 0.158203 0)
(1.93697 0.134469 0)
(1.88557 0.134499 0)
(1.83515 0.128894 -9.05506e-24)
(1.76808 0.124885 -1.65272e-24)
(1.76159 0.159018 6.92376e-25)
(1.81231 0.162319 0)
(1.9469 0.166461 0)
(2.07125 0.147802 -1.48803e-23)
(2.13089 0.106308 -9.86327e-24)
(2.17344 0.075382 -1.47946e-23)
(2.19233 0.0448172 0)
(2.20273 0.0288438 1.11991e-24)
(2.21506 0.00884211 -4.66147e-24)
(2.16816 0.00318439 0)
(1.19251 0.00184792 1.28408e-22)
(1.78936 -0.00492946 8.73613e-23)
(2.20161 0.0221141 -4.83974e-24)
(2.22658 0.0615523 -1.04596e-24)
(2.2182 0.104896 2.01386e-24)
(2.19873 0.139196 8.37872e-25)
(2.1758 0.175591 0)
(2.12944 0.204034 0)
(2.07918 0.218378 -6.04834e-25)
(2.02721 0.244727 2.34152e-25)
(1.96923 0.262062 -9.20209e-26)
(1.89579 0.257906 0)
(1.82494 0.235832 0)
(1.76454 0.215209 8.99473e-27)
(1.76137 0.208174 8.29984e-26)
(1.80868 0.208031 0)
(1.95798 0.187289 1.13472e-25)
(2.10718 0.15603 7.33531e-25)
(2.18509 0.10432 2.09635e-25)
(2.20995 0.0681321 2.35379e-25)
(2.21866 0.0398263 1.15259e-24)
(2.22369 0.0239692 8.0295e-25)
(2.2301 0.00772832 0)
(2.16931 0.000175858 6.26622e-24)
(1.1683 -0.00173477 0)
(1.23753 -0.00761252 0)
(1.23629 -0.0091136 -7.11975e-26)
(1.34652 -0.00387241 -1.17195e-26)
(1.23744 -0.00993651 -2.21257e-25)
(1.24248 -0.0107824 -8.86227e-26)
(1.33134 -0.00537826 0)
(1.24908 -0.0107535 3.21103e-25)
(1.2556 -0.00983647 0)
(1.31183 -0.00541297 1.14304e-24)
(1.26187 -0.00816342 0)
(1.26705 -0.00575862 0)
(1.29226 -0.00390947 0)
(1.27062 -0.00283281 -1.70609e-24)
(1.27222 -2.72808e-05 1.12408e-24)
(1.2755 -0.00159419 2.05746e-25)
(1.27253 0.00161143 0)
(1.2723 0.00236487 -4.24173e-25)
(1.26307 0.00016695 0)
(1.27113 0.00369755 0)
(1.26743 0.00593172 3.95949e-24)
(1.25489 0.00125424 -1.31153e-24)
(1.26182 0.00875383 -4.0001e-24)
(1.25436 0.0116581 5.08864e-25)
(1.25048 0.00187921 1.71557e-25)
(1.24401 0.0134695 0)
(1.23249 0.0121261 3.13131e-24)
(1.24811 0.00177415 -6.63244e-26)
(1.221 0.00966623 -3.58057e-24)
(1.21215 0.00592262 0)
(1.24523 0.0011044 -1.13549e-25)
(1.20743 0.00139637 0)
(1.20628 -0.00147994 -6.5109e-24)
(1.24128 -3.63255e-05 0)
(1.20663 -0.00262502 6.03998e-24)
(1.20836 -0.00398054 0)
(1.2359 -0.00168587 3.56094e-24)
(1.21037 -0.004762 -1.34563e-23)
(1.21129 -0.00481585 2.48699e-23)
(1.22783 -0.00288547 -7.05826e-24)
(1.21121 -0.00456268 -9.14656e-25)
(1.20956 -0.00374244 -1.13145e-23)
(1.21863 -0.00283037 -7.89925e-28)
(1.20614 -0.00267925 0)
(1.20213 -0.00274865 1.04829e-27)
(1.21021 -0.00255638 1.55954e-24)
(1.19753 -0.00280114 0)
(1.19348 -0.00188573 -2.30118e-23)
(1.20332 -0.00118572 -1.27303e-24)
(1.18837 -0.000600924 -1.97307e-23)
(1.18374 0.00109303 7.31403e-23)
(1.20001 6.41401e-05 0)
(1.17727 0.00360941 -1.31341e-22)
(1.16926 0.00523066 9.80148e-23)
(1.19816 0.000524844 -9.89326e-25)
(1.1616 0.0057487 -3.27392e-24)
(1.14727 0.00308809 -3.37768e-25)
(1.19207 0.000512666 -8.73354e-23)
(1.14544 0.000731207 -6.96698e-23)
(1.09937 0.00377048 4.66066e-22)
(1.14126 -0.00354188 -1.03867e-22)
(1.12466 -7.79265e-05 -4.50008e-22)
(2.09135 0.00844527 9.60185e-24)
(2.22992 0.0404924 4.53434e-25)
(2.22253 0.0638903 -1.42881e-24)
(2.21248 0.102772 -1.63779e-24)
(2.19292 0.14235 -3.10571e-25)
(2.1553 0.179263 1.94882e-25)
(2.10776 0.211619 2.15739e-25)
(2.06702 0.221189 3.93846e-25)
(2.01784 0.232429 -1.68976e-25)
(1.94246 0.234629 0)
(1.88569 0.212478 0)
(1.80793 0.214489 -5.60041e-26)
(1.75011 0.215904 3.30126e-26)
(1.76969 0.20993 -3.78648e-27)
(1.84141 0.198387 0)
(2.00652 0.178479 0)
(2.1408 0.143615 -2.02241e-25)
(2.19325 0.0960763 0)
(2.2118 0.0623835 -7.10021e-25)
(2.2188 0.0369153 -7.42865e-25)
(2.22393 0.0219698 1.04423e-24)
(2.22424 0.00757877 0)
(1.91839 -0.00451557 -6.5035e-24)
(2.2451 0.0184038 1.31401e-26)
(2.23576 0.0160311 7.85366e-25)
(2.00142 0.00945067 8.37303e-25)
(2.28847 0.0286325 -3.74085e-24)
(2.28416 0.0354857 3.19837e-24)
(2.28135 0.0267656 -2.62461e-24)
(2.00452 -0.00643731 0)
(2.0046 -0.00709814 2.28164e-24)
(2.16164 -0.00374845 -7.06895e-24)
(2.22442 0.0144538 0)
(2.21124 0.0141377 0)
(1.97511 -0.000195976 0)
(2.27698 0.0343779 6.41972e-24)
(2.26677 0.0402581 -5.13657e-24)
(2.26343 0.026615 4.25714e-25)
(2.00493 -0.00854235 -8.9059e-25)
(2.00578 -0.0108606 1.17046e-24)
(2.16756 -0.00496233 -5.82719e-24)
(2.19707 0.0145605 -1.20965e-26)
(2.18224 0.0147693 -1.31616e-24)
(1.94644 -0.00316865 -1.22303e-24)
(2.25644 0.0392892 2.10591e-24)
(2.24384 0.0448165 3.03081e-24)
(2.23661 0.0289159 3.95765e-24)
(2.00682 -0.0127736 -1.13419e-24)
(2.00756 -0.0137694 -1.06635e-24)
(2.17764 -0.00614706 9.69949e-25)
(2.16707 0.0148055 0)
(2.15169 0.0147948 -5.98781e-24)
(1.91996 -0.00314337 2.34391e-24)
(2.23169 0.0433736 -8.01917e-24)
(2.21694 0.0452425 8.02309e-24)
(2.20387 0.0305328 1.92185e-23)
(2.0078 -0.0140631 2.34791e-25)
(2.00764 -0.0141079 -3.99763e-24)
(2.18815 -0.00648432 9.09359e-25)
(2.13668 0.0150062 5.47737e-24)
(2.12177 0.0146734 1.37689e-24)
(1.89987 -0.00206062 3.61742e-25)
(2.20134 0.0423833 0)
(2.18234 0.043893 0)
(2.17355 0.0304115 -1.37712e-24)
(2.007 -0.0139385 2.58145e-25)
(2.00521 -0.013187 2.89587e-24)
(2.19552 -0.00660702 -3.34929e-24)
(2.10642 0.0135143 1.29754e-23)
(2.09087 0.0116026 -1.3814e-23)
(1.88712 -0.00261077 -5.90956e-24)
(2.16387 0.0436486 -1.16446e-23)
(2.1448 0.0453279 0)
(2.14437 0.0261695 1.579e-24)
(2.00306 -0.0123005 1.73835e-25)
(1.99931 -0.0112429 0)
(2.19759 -0.0076055 -2.77568e-24)
(2.0774 0.00995092 0)
(2.06836 0.00849983 0)
(1.88102 0.00090521 6.61965e-24)
(2.12875 0.0429722 2.76626e-23)
(2.11498 0.0350187 -2.76331e-23)
(2.11374 0.0134093 1.35148e-23)
(1.99524 -0.00991394 0)
(1.99016 -0.00815433 4.91449e-24)
(2.19664 -0.00827132 -9.70289e-24)
(2.06437 0.00695975 0)
(2.06392 0.00545749 0)
(1.88327 0.00314802 -4.41554e-25)
(2.10483 0.0236791 0)
(2.09826 0.0106442 0)
(2.09919 0.00088127 -2.72168e-23)
(1.98553 -0.00633405 -4.28749e-24)
(1.98057 -0.00493629 -5.3642e-24)
(2.19097 -0.00746396 2.58644e-24)
(2.06503 0.00401206 -2.63758e-23)
(2.06894 0.000868055 3.18673e-23)
(1.89838 0.0090227 -4.13815e-25)
(2.09661 0.00283463 -1.40588e-23)
(2.09717 -0.00257508 9.63883e-23)
(2.10056 -0.00396389 -3.31774e-24)
(1.97585 -0.00421644 4.8744e-24)
(1.97026 -0.00406579 0)
(2.18283 -0.00896706 5.44172e-24)
(2.07636 -0.00528953 0)
(2.0868 -0.0133105 -3.27991e-24)
(1.91703 0.00653662 -4.66756e-25)
(2.0992 -0.00806845 -5.76505e-23)
(2.10177 -0.0277526 5.69015e-23)
(2.10853 -0.0204292 -7.6088e-23)
(1.96426 -0.00436186 8.92195e-26)
(1.95768 -0.00463763 1.83849e-25)
(2.17361 -0.00998086 0)
(2.09891 -0.0205208 -4.32443e-25)
(2.11208 -0.0264006 3.15111e-24)
(1.94335 0.000554859 3.50537e-25)
(2.10761 -0.033953 -5.67669e-23)
(2.11724 -0.0507624 0)
(2.12863 -0.0332028 -5.46707e-23)
(1.95162 -0.00468222 1.24204e-23)
(1.94606 -0.00442357 -1.24192e-23)
(2.16366 -0.00851218 0)
(2.1266 -0.0293221 1.55594e-24)
(2.14251 -0.0302196 -1.50559e-24)
(1.97238 -0.00123429 1.50652e-24)
(2.13482 -0.0560563 0)
(2.1563 -0.0670012 2.4881e-23)
(2.16133 -0.0393754 -9.70602e-23)
(1.94116 -0.00419695 0)
(1.93646 -0.00429352 1.60577e-24)
(2.15174 -0.0102356 4.50055e-24)
(2.16049 -0.029171 -2.97607e-24)
(2.18194 -0.0258185 5.01599e-23)
(1.99787 0.0035244 4.59216e-23)
(2.18353 -0.0671649 2.95816e-24)
(2.21117 -0.0724691 -2.05569e-23)
(2.20312 -0.0410159 -5.60416e-24)
(1.93208 -0.00467268 -1.00042e-25)
(1.92824 -0.00512487 0)
(2.14046 -0.0102109 -6.33559e-23)
(2.20525 -0.0191929 -1.20621e-22)
(2.22619 -0.0101648 1.56902e-22)
(2.01028 0.0105608 3.23102e-23)
(2.238 -0.0656904 9.13249e-24)
(2.26168 -0.0588595 -1.35317e-23)
(2.24942 -0.0233426 -1.6595e-23)
(1.92587 -0.00507079 1.92855e-25)
(1.92514 -0.00484677 0)
(2.13548 -0.00408298 4.91827e-23)
(2.24009 0.00180339 -7.06115e-23)
(2.2458 0.012609 -1.35576e-23)
(2.00485 0.0128258 0)
(2.28058 -0.0359909 0)
(2.2947 -0.0128028 3.07085e-23)
(2.2874 0.00865286 -9.153e-23)
(1.92528 -0.00474328 2.03323e-23)
(1.926 -0.00433728 1.204e-23)
(2.13552 -0.000824874 7.90777e-23)
(2.24624 0.0183423 1.04097e-23)
(2.2436 0.0201925 7.50737e-23)
(1.97694 0.0129903 5.3038e-23)
(2.30269 0.00944411 -3.39147e-24)
(2.30445 0.0221346 -1.29194e-23)
(2.29505 0.025342 5.94611e-23)
(1.92735 -0.00404103 -3.83776e-23)
(1.92941 -0.00277708 1.16004e-24)
(2.13769 0.00563397 8.28147e-23)
(2.23849 0.0304734 -7.04773e-23)
(2.22679 0.0336894 1.25218e-23)
(1.93974 0.0110321 8.10425e-23)
(2.30404 0.0257248 2.78537e-23)
(2.30235 0.041787 -4.70475e-23)
(2.29349 0.039246 -9.08879e-23)
(1.93274 -0.00136181 0)
(1.93564 -0.000900634 0)
(2.14337 0.00900931 -3.85567e-23)
(2.21555 0.0426285 6.73448e-23)
(2.19987 0.0412032 -8.20027e-23)
(1.89369 0.0110354 -7.89192e-23)
(2.29886 0.0453503 0)
(2.29596 0.0545441 -1.80857e-23)
(2.28452 0.044827 -7.306e-24)
(1.93937 0.000423884 1.25523e-22)
(1.9427 -0.000585258 1.92122e-23)
(2.15217 0.00911151 -3.05601e-23)
(2.18506 0.0423002 0)
(2.16905 0.0348848 -1.06022e-22)
(1.84922 0.00992012 2.72848e-23)
(2.28962 0.0545533 1.55375e-23)
(2.28329 0.0554362 8.56791e-24)
(2.26326 0.041072 0)
(1.9465 -0.00151312 -1.59881e-22)
(1.94412 -0.00332728 -6.62953e-23)
(2.16307 0.00796608 0)
(2.1455 0.0290143 6.21557e-25)
(2.12294 0.0171465 3.9077e-23)
(1.78123 -0.00191457 -7.84264e-23)
(2.26726 0.0558801 2.83908e-23)
(2.25634 0.0505665 -1.23913e-24)
(2.22997 0.0309537 -3.93347e-23)
(2.26208 0.0658127 -2.3041e-24)
(2.25197 0.0660951 1.99192e-24)
(2.25403 0.0679888 -7.47809e-25)
(2.25051 0.0961754 0)
(2.2406 0.101792 7.74986e-25)
(2.2448 0.105773 0)
(2.22886 0.133235 -1.46214e-23)
(2.21937 0.142908 -2.02642e-24)
(2.23014 0.135687 -7.29382e-24)
(2.19009 0.150096 -2.53394e-24)
(2.1795 0.173231 1.72611e-24)
(2.20003 0.164722 -5.2088e-24)
(2.14156 0.156979 2.46966e-23)
(2.13006 0.189124 3.69673e-24)
(2.14436 0.178701 -2.40152e-24)
(2.08359 0.161831 0)
(2.0829 0.191323 -4.99838e-25)
(2.08486 0.193312 0)
(2.00612 0.10618 -9.12042e-24)
(2.01791 0.187081 0)
(2.03242 0.219868 5.1372e-25)
(1.93125 0.115004 9.10981e-25)
(1.93488 0.138864 -8.89951e-25)
(1.9538 0.19826 0)
(1.88056 0.10069 -1.07701e-23)
(1.87958 0.140659 -5.96989e-25)
(1.88554 0.187457 0)
(1.81918 0.129656 4.82324e-24)
(1.80683 0.183059 -3.62407e-25)
(1.82724 0.179344 -1.4481e-24)
(1.75612 0.149461 -6.92522e-25)
(1.74851 0.191534 5.92749e-28)
(1.7621 0.175016 -1.37482e-25)
(1.76639 0.148941 0)
(1.76531 0.17666 -1.52165e-24)
(1.75838 0.183741 0)
(1.82101 0.162734 -1.54598e-23)
(1.82409 0.185394 -2.48281e-24)
(1.80703 0.193374 1.45051e-24)
(1.97313 0.155735 4.66182e-23)
(1.98089 0.176956 6.57733e-24)
(1.94671 0.178095 2.22477e-24)
(2.09746 0.138029 -2.53083e-23)
(2.10732 0.153134 -6.76274e-25)
(2.07888 0.164396 8.00306e-25)
(2.15035 0.0982915 6.07269e-23)
(2.16222 0.110683 0)
(2.14671 0.120424 1.55591e-24)
(2.18029 0.0696569 2.91024e-23)
(2.18913 0.075337 0)
(2.18473 0.0828258 1.77032e-24)
(2.1948 0.0418496 0)
(2.20223 0.0468746 4.95605e-24)
(2.20104 0.0499533 0)
(2.20501 0.0282941 -3.37789e-23)
(2.21051 0.0288234 -2.12399e-24)
(2.20928 0.0320202 -1.10222e-23)
(2.21114 0.00895521 -6.83873e-24)
(2.21608 0.0116621 9.0085e-24)
(2.21959 0.0111175 0)
(1.94839 -0.00539252 -8.36922e-24)
(1.90454 -0.00434169 1.21861e-22)
(2.16551 0.00553503 -1.95038e-24)
(0.472581 0.000653155 0)
(0.157453 -0.0003034 0)
(0.470041 0.000471827 0)
(0.158433 -0.000352706 0)
(0.464812 -2.26429e-05 0)
(0.157486 -0.000270798 0)
(0.457997 -0.000329363 0)
(0.154751 -0.000165153 0)
(0.451504 -0.000548562 0)
(0.151513 -8.68817e-05 0)
(0.446422 -0.00058929 0)
(0.148557 1.6944e-05 0)
(0.443269 -0.000550467 0)
(0.146435 0.000137622 0)
(0.442179 -0.000332027 0)
(0.145556 0.00027892 0)
(0.442689 -0.000140717 0)
(0.146012 0.000241875 0)
(0.443548 -5.59814e-05 0)
(0.14696 0.000176154 0)
(0.44402 8.30654e-05 0)
(0.147903 3.38403e-05 0)
(0.444098 0.000327251 0)
(0.149003 -0.000116384 0)
(0.44308 0.000317457 0)
(0.14971 -0.000262846 0)
(0.440894 0.000253505 0)
(0.149546 -0.000293 0)
(0.438881 0.00022416 -1.70869e-27)
(0.149218 -0.000236615 1.69082e-27)
(0.437191 0.000115939 0)
(0.148593 -0.00018257 0)
(0.436876 0.000251587 0)
(0.148637 8.47143e-06 0)
(0.438898 0.000471426 -3.93417e-26)
(0.150393 0.000135079 -3.91376e-26)
(0.442244 0.000726802 3.69382e-24)
(0.153283 0.000239747 -9.63343e-26)
(0.455737 0.00192583 9.7759e-24)
(0.163426 0.000412206 0)
(0.431692 -0.00105024 -3.98339e-26)
(0.144358 4.8721e-05 0)
(0.47168 0.000647585 0)
(0.158102 -0.000318108 0)
(0.467859 0.000221989 0)
(0.158304 -0.000302191 0)
(0.46153 -0.000198258 0)
(0.156258 -0.000223431 0)
(0.454688 -0.000464856 0)
(0.153166 -0.000112421 0)
(0.448756 -0.000589399 0)
(0.149964 -3.82599e-05 0)
(0.444614 -0.000580282 0)
(0.147394 8.57244e-05 0)
(0.442456 -0.000446224 0)
(0.145807 0.000211982 0)
(0.442309 -0.000215869 0)
(0.14568 0.000260379 0)
(0.443162 -8.12443e-05 0)
(0.146491 0.000216307 0)
(0.443864 1.04611e-06 0)
(0.147444 0.00012013 0)
(0.44414 0.000237079 0)
(0.148459 -4.01788e-05 0)
(0.443876 0.000377099 0)
(0.149494 -0.000169557 0)
(0.442192 0.000280122 -2.36572e-28)
(0.149741 -0.000280591 2.33549e-28)
(0.439948 0.000268141 3.54865e-27)
(0.149403 -0.000278218 0)
(0.437954 0.000141805 0)
(0.148954 -0.000229752 0)
(0.436717 0.000134642 0)
(0.148394 -0.000140249 0)
(0.437366 0.00030762 3.93512e-26)
(0.149195 6.50234e-05 3.92617e-26)
(0.439869 0.000329665 4.75869e-24)
(0.151433 0.000129905 -2.42001e-24)
(0.444712 0.00136176 2.7091e-25)
(0.155335 8.42658e-05 6.67488e-24)
(0.447105 -0.00667693 3.78422e-26)
(0.158634 -0.000706403 0)
(0.425585 0.00172701 0)
(0.134609 -0.00103049 0)
(0.430047 0.000609876 0)
(0.134895 -0.000887824 0)
(0.438981 6.22335e-05 0)
(0.139032 -0.000812236 0)
(0.44857 -0.000317785 0)
(0.144796 -0.00052002 0)
(0.455104 -0.000517131 0)
(0.14951 -2.99874e-05 0)
(0.457999 -0.000866551 0)
(0.152322 0.000230176 0)
(0.459901 -0.00134693 0)
(0.15579 0.000472775 0)
(0.459094 -0.00161561 0)
(0.158747 0.00108949 0)
(0.452049 -0.000793466 0)
(0.158012 0.00118731 0)
(0.442639 4.91654e-06 0)
(0.152801 0.000734808 0)
(0.438107 5.96457e-05 0)
(0.149177 4.84208e-05 0)
(0.440072 -8.42403e-05 0)
(0.150571 -0.000523131 0)
(0.443667 0.000270195 0)
(0.153604 -0.000817619 0)
(0.444994 0.000938656 3.33309e-27)
(0.155378 -0.000921304 0)
(0.442659 0.00109337 2.72425e-27)
(0.154418 -0.000570258 -5.38608e-27)
(0.439428 0.000937671 0)
(0.152894 -0.000546213 0)
(0.4361 0.00045978 -2.99461e-30)
(0.152003 -0.000194737 2.96687e-30)
(0.431038 0.000407406 0)
(0.150474 0.000274674 -6.84125e-26)
(0.423713 0.000523378 8.5538e-25)
(0.145444 0.000600146 -8.47619e-25)
(0.428822 -0.00113331 6.35412e-24)
(0.146261 0.00023439 2.44551e-25)
(0.416884 -0.00138646 -4.42273e-25)
(0.130707 0.000787872 1.17813e-22)
(0.426877 0.00110457 0)
(0.134155 -0.000991669 0)
(0.43419 0.000346037 0)
(0.13663 -0.000883205 0)
(0.443949 -0.000167062 0)
(0.141878 -0.000699226 0)
(0.452394 -0.000432454 0)
(0.147431 -0.000283511 0)
(0.456792 -0.000638836 0)
(0.151006 0.00014339 0)
(0.459076 -0.00111702 0)
(0.153912 0.000291665 0)
(0.460021 -0.00152697 0)
(0.157542 0.000790365 0)
(0.456299 -0.00134938 0)
(0.159082 0.00126314 0)
(0.447301 -0.000285547 0)
(0.155601 0.000980273 0)
(0.439415 0.000106676 0)
(0.150408 0.000428535 0)
(0.438404 -9.39106e-05 0)
(0.149383 -0.000354833 0)
(0.441964 6.27807e-05 0)
(0.152043 -0.000678127 0)
(0.444764 0.000619105 -8.87995e-28)
(0.154835 -0.000913025 4.38985e-28)
(0.444263 0.00106256 0)
(0.155197 -0.000688384 3.03446e-27)
(0.441062 0.001016 -4.70879e-27)
(0.153579 -0.000594625 2.33495e-27)
(0.437886 0.000681599 1.71772e-30)
(0.152399 -0.000405042 0)
(0.434099 0.000264874 -2.0286e-29)
(0.151541 5.9464e-05 -3.6485e-26)
(0.427507 0.000525098 -3.96208e-24)
(0.148387 0.000434953 1.4057e-24)
(0.421269 -0.000260585 1.63726e-24)
(0.14198 0.000691141 0)
(0.418951 0.00492463 -1.90701e-23)
(0.139485 0.00108723 1.95999e-23)
(2.3543 -0.0526382 -7.75167e-22)
(2.37356 -0.0985442 3.7599e-21)
(2.4159 -0.125515 -8.65948e-21)
(2.4778 -0.174405 6.49845e-21)
(2.55173 -0.160693 -7.60501e-21)
(2.53837 -0.233425 -1.3485e-20)
(1.38335 -0.258808 0)
(-0.230371 -0.20732 -9.4844e-20)
(-0.0682535 0.214408 -2.9931e-20)
(1.70529 0.292175 1.50064e-20)
(2.48952 0.213138 -3.21764e-21)
(2.45421 0.174321 2.08025e-21)
(1.96972 0.00385694 2.13494e-24)
(-0.148582 0.141761 -1.6697e-20)
(-0.429846 0.032082 2.49531e-20)
(-0.300809 -0.320565 -2.2879e-20)
(2.34962 -0.0175171 5.26616e-23)
(2.30649 -0.0106881 -6.14193e-23)
(2.35757 -0.0430592 3.64546e-22)
(2.3544 -0.0287835 1.39598e-22)
(2.38247 -0.177359 0)
(2.22116 -0.210006 -2.83858e-20)
(2.59151 -0.245998 1.47192e-20)
(-0.0610158 0.053932 -5.02402e-20)
(-0.0316027 -0.140173 0)
(1.24126 -0.120339 2.89305e-20)
(-0.157038 -0.0515181 -2.64931e-20)
(0.206132 0.0585105 3.34839e-20)
(-0.100913 0.201374 1.49936e-20)
(2.36059 0.20859 0)
(2.50566 0.185253 1.23301e-20)
(1.23703 0.136649 0)
(2.16143 -0.0728148 0)
(2.17312 -0.0530286 0)
(2.03929 -0.338469 0)
(2.047 -0.256404 0)
(2.072 -0.183165 -5.6571e-24)
(2.08953 -0.1441 0)
(2.10751 -0.099273 0)
(2.12563 -0.0731624 0)
(2.13817 -0.048644 -4.89195e-25)
(2.15479 -0.0350968 4.88895e-25)
(1.72015 -0.532139 0)
(1.82001 -0.519127 -3.13407e-25)
(1.87685 -0.489177 3.16187e-25)
(1.92076 -0.359039 -9.55219e-25)
(1.95409 -0.265221 4.15537e-24)
(1.97055 -0.171995 1.67583e-24)
(2.02531 -0.126242 3.97865e-24)
(2.0459 -0.079114 -1.33738e-23)
(2.07707 -0.0467295 1.2453e-23)
(2.10309 -0.0302031 6.67376e-25)
(2.12442 -0.0167887 -1.15912e-23)
(2.14592 -0.0125836 9.94663e-24)
(1.79482 -0.403207 -7.07334e-24)
(1.79541 -0.40446 2.59522e-25)
(1.80479 -0.31618 -3.57241e-25)
(1.84098 -0.190127 -4.85541e-24)
(1.89896 -0.105011 1.79863e-24)
(1.98256 -0.0507886 0)
(2.01099 -0.0155974 1.50402e-23)
(2.06241 -8.24645e-05 -1.37778e-23)
(2.09648 -0.00110719 0)
(2.12205 0.000555979 9.95986e-24)
(2.14519 -0.0028456 -1.92738e-23)
(2.31677 0.000629966 3.96982e-23)
(2.36418 -0.0123413 -2.45015e-22)
(2.38495 -0.0212729 1.49464e-21)
(2.40688 -0.0217393 2.99343e-21)
(2.44147 -0.0263184 1.22808e-20)
(2.49538 -0.0360751 2.97976e-22)
(2.55806 -0.0370697 -6.70008e-21)
(2.41924 -0.0937975 -3.70877e-21)
(1.21199 -0.108041 1.64156e-20)
(-0.43558 -0.209762 2.03064e-20)
(-0.126235 -0.118157 2.13784e-20)
(1.92191 0.0933192 -1.13435e-20)
(2.47895 0.111338 9.79421e-22)
(2.45599 0.124452 1.08203e-20)
(2.3284 0.0116555 0)
(2.37557 0.00654381 2.68884e-22)
(2.38426 0.00527989 -3.31933e-21)
(2.40604 0.00993585 -1.89619e-21)
(2.43954 0.0131216 2.75712e-21)
(2.48969 0.0168974 -2.5696e-21)
(2.55151 0.0313551 0)
(2.41746 0.0941926 -8.36953e-21)
(1.06796 0.0251025 8.5403e-21)
(-0.609121 -0.15766 -1.14053e-20)
(-0.336164 -0.176982 -3.82564e-21)
(1.77473 0.0324123 3.21426e-20)
(2.44286 0.0870547 -6.88353e-21)
(2.45063 0.0672611 -9.64149e-22)
(2.41588 0.0735312 -1.01776e-20)
(2.39279 0.0475353 3.66723e-21)
(2.361 0.0457311 -1.19487e-21)
(2.33371 0.0453544 -5.20581e-23)
(2.33014 0.0189147 1.9907e-23)
(2.38046 0.0211782 1.01334e-22)
(2.38029 0.0232857 1.50238e-21)
(2.39888 0.0292067 0)
(2.43067 0.0400104 -2.73897e-22)
(2.47322 0.0754629 9.16179e-22)
(2.52494 0.107389 -6.0335e-21)
(2.38983 0.195271 -8.58195e-21)
(0.950341 0.0989511 -2.54797e-22)
(-0.443576 0.208508 -4.02939e-21)
(-0.262181 -0.098014 3.23869e-21)
(1.57243 -0.0270614 -9.74736e-21)
(2.41614 0.0611976 -2.73456e-21)
(2.45143 0.0429754 0)
(2.43344 0.0247731 3.92975e-21)
(2.39454 0.0315938 2.95379e-21)
(2.36013 0.0326441 2.15205e-22)
(2.33978 0.0290104 4.78368e-22)
(2.32612 0.0260268 1.09564e-23)
(2.37643 0.0285762 9.13874e-23)
(2.37358 0.04429 1.19425e-21)
(2.38491 0.0546731 7.90503e-21)
(2.40712 0.0826773 -1.6935e-20)
(2.43567 0.119163 1.43263e-20)
(2.46083 0.183686 6.57107e-21)
(2.32314 0.260729 9.24595e-21)
(0.915068 0.26145 1.99921e-21)
(-0.425411 0.369707 3.21168e-21)
(-0.11681 0.101608 4.05224e-22)
(1.50726 -0.0377973 -4.3804e-21)
(2.41536 0.0444009 5.04694e-21)
(2.45875 -0.021986 -2.04285e-21)
(2.43431 -0.000578168 -5.81515e-21)
(2.3892 -0.00449446 -4.66725e-21)
(2.36242 -0.00287629 0)
(2.34417 -0.018186 6.00429e-22)
(2.31756 0.0293005 -1.0555e-23)
(2.37006 0.0387304 0)
(2.36392 0.05693 3.0835e-22)
(2.36507 0.0730154 0)
(2.3699 0.101525 -4.5464e-21)
(2.38433 0.149565 7.9564e-21)
(2.37287 0.206812 0)
(2.23115 0.299206 6.0828e-21)
(0.89714 0.363734 -2.69661e-21)
(-0.377489 0.463875 -3.20813e-21)
(0.115123 0.202397 -1.41104e-22)
(1.52687 -0.0291093 3.16652e-21)
(2.42027 0.0498448 -3.79443e-21)
(2.47608 -0.0346162 2.15881e-21)
(2.43594 -0.0395484 5.38062e-21)
(2.39031 -0.0447684 -1.40376e-21)
(2.36486 -0.0476351 1.3364e-21)
(2.34387 -0.0336027 -5.84046e-22)
(2.30443 0.0319366 9.63504e-22)
(2.36234 0.0439135 -2.1073e-23)
(2.34381 0.0626237 -7.22875e-22)
(2.34081 0.0792087 -6.56009e-22)
(2.32695 0.11919 -3.37928e-21)
(2.33447 0.152579 0)
(2.28375 0.245533 2.84967e-21)
(2.14175 0.282212 0)
(0.787925 0.440305 4.53799e-21)
(-0.238215 0.513425 -7.28034e-21)
(0.327066 0.23518 -2.78912e-23)
(1.6319 -0.0304469 0)
(2.45251 -0.0852252 2.33542e-21)
(2.49928 -0.139148 0)
(2.43398 -0.084356 -6.94159e-21)
(2.38906 -0.0833641 2.00582e-22)
(2.36059 -0.0618351 1.47397e-21)
(2.33609 -0.0500725 2.17559e-21)
(2.28916 0.0319407 -1.51914e-22)
(2.35085 0.0434927 0)
(2.32364 0.0597159 5.77898e-22)
(2.31461 0.0727763 3.0219e-21)
(2.2854 0.112974 -2.37439e-21)
(2.25715 0.117202 2.28841e-21)
(2.20819 0.238362 8.53903e-22)
(2.05588 0.201319 -6.63526e-21)
(0.495177 0.427362 -1.15339e-21)
(-0.118224 0.386771 3.36689e-21)
(0.610604 0.117102 7.87977e-22)
(1.93366 -0.198202 1.61061e-21)
(2.45814 -0.27366 -3.74114e-21)
(2.48917 -0.189443 3.78479e-21)
(2.41815 -0.144858 -3.43382e-21)
(2.37696 -0.120055 5.20691e-22)
(2.34407 -0.0955844 0)
(2.32348 -0.0744232 5.08143e-22)
(2.27348 0.0297625 0)
(2.34034 0.0408698 5.238e-22)
(2.31529 0.0494805 0)
(2.29313 0.0519071 7.91909e-22)
(2.27268 0.0577486 -8.72016e-22)
(2.21136 0.0610443 0)
(2.17836 0.0770522 9.55828e-23)
(1.9431 0.116988 -3.49813e-22)
(0.380813 0.272238 -1.86841e-21)
(0.108506 0.101103 3.73143e-21)
(0.993146 -0.147182 -3.18325e-21)
(2.08428 -0.430287 -1.95314e-22)
(2.42426 -0.343214 0)
(2.44221 -0.257722 0)
(2.36775 -0.218474 0)
(2.34041 -0.15429 1.58293e-21)
(2.31426 -0.124904 -1.14701e-21)
(2.29908 -0.092888 4.14658e-22)
(2.25747 0.0280061 -1.17426e-22)
(2.33267 0.0384419 0)
(2.31034 0.0456863 -1.00524e-22)
(2.29159 0.0398484 9.97419e-23)
(2.27539 0.0345286 -4.6109e-22)
(2.21349 0.0398075 4.6092e-22)
(2.17682 -0.0183248 -9.66168e-22)
(1.82915 0.0419162 3.20861e-22)
(0.430828 0.105862 -7.96415e-22)
(0.318966 -0.159476 4.90349e-22)
(1.25536 -0.359393 2.81685e-22)
(2.07563 -0.486014 -2.73535e-22)
(2.3094 -0.392444 0)
(2.33157 -0.299256 0)
(2.31106 -0.216426 0)
(2.29338 -0.164586 3.16725e-21)
(2.28778 -0.118805 -9.05017e-22)
(2.27589 -0.101194 8.70719e-22)
(2.27508 -0.0732721 0)
(2.24105 0.0271459 7.37802e-25)
(2.32566 0.035838 -1.91293e-22)
(2.31054 0.0348216 2.33983e-24)
(2.29565 0.0331448 2.54004e-22)
(2.2848 0.00608747 -2.5906e-22)
(2.23486 -0.00172697 0)
(2.1893 -0.0907306 0)
(1.76153 -0.0452328 0)
(0.578259 -0.106899 0)
(0.540304 -0.407112 1.31169e-22)
(1.39342 -0.491203 -2.27958e-22)
(2.03567 -0.529872 6.81477e-23)
(2.1999 -0.393897 1.81695e-23)
(2.23671 -0.334516 -2.11309e-22)
(2.23521 -0.232552 2.10681e-22)
(2.24635 -0.176267 -5.68212e-22)
(2.24861 -0.133754 0)
(2.25465 -0.101508 -1.86867e-23)
(2.25613 -0.0759804 0)
(2.22507 0.0283878 -3.39827e-25)
(2.32465 0.0357219 3.13702e-22)
(2.31246 0.0360933 -2.27746e-24)
(2.31126 0.0378389 -2.6842e-23)
(2.31451 0.00278772 2.53348e-23)
(2.29764 -0.0118766 3.38377e-23)
(2.23387 -0.160934 -8.71368e-24)
(1.76506 -0.104572 -5.04282e-23)
(0.784395 -0.323957 3.47626e-23)
(0.699472 -0.531567 2.47687e-22)
(1.41368 -0.544039 -1.83618e-22)
(1.95198 -0.558916 8.4041e-23)
(2.10769 -0.436019 0)
(2.16967 -0.335897 -7.88648e-23)
(2.14465 -0.269788 -1.69362e-22)
(2.19409 -0.18499 -2.14457e-22)
(2.19594 -0.15377 0)
(2.22005 -0.103813 5.11461e-23)
(2.22902 -0.0850044 -9.78159e-23)
(2.20722 0.0295543 -3.57885e-23)
(2.32147 0.0400391 -1.3864e-22)
(2.31225 0.0454625 -7.47474e-24)
(2.31731 0.055367 -2.68742e-23)
(2.33741 0.0414092 2.85109e-23)
(2.37396 0.0578354 -4.90443e-23)
(2.35521 -0.0546115 4.16472e-23)
(1.86235 -0.119026 0)
(0.987566 -0.397115 0)
(0.805181 -0.590158 -1.89486e-22)
(1.38438 -0.546656 6.06176e-23)
(1.91595 -0.456599 3.3298e-23)
(2.00172 -0.447699 -1.54278e-24)
(2.05549 -0.243613 7.92243e-23)
(2.08175 -0.227076 1.69956e-22)
(2.13159 -0.143345 -8.72138e-23)
(2.15605 -0.11826 3.21903e-24)
(2.18572 -0.089968 -1.05476e-23)
(2.20275 -0.0697204 -5.22619e-24)
(2.18441 0.0317574 0)
(2.31426 0.0459191 -1.47115e-23)
(2.30678 0.0615153 -6.58648e-24)
(2.31341 0.0713474 -3.70204e-25)
(2.33483 0.068623 2.99189e-23)
(2.38185 0.113094 -3.28498e-23)
(2.41284 0.0962679 1.21723e-24)
(2.13509 0.0746937 0)
(1.27686 -0.269348 0)
(0.907924 -0.528399 8.77626e-23)
(1.21578 -0.496278 0)
(1.85851 -0.320136 -1.26835e-25)
(1.92402 -0.265724 5.85797e-24)
(1.92259 -0.114353 -1.54157e-24)
(2.05476 -0.0952681 -2.78545e-24)
(2.08736 -0.0636016 4.54569e-24)
(2.14312 -0.053167 -6.30573e-24)
(2.17031 -0.0465976 0)
(2.19252 -0.0384182 7.55554e-24)
(2.15712 0.0329641 5.07099e-26)
(2.30162 0.0516845 -3.09627e-24)
(2.28883 0.0771607 1.48437e-25)
(2.30029 0.0902798 3.78496e-25)
(2.31195 0.111147 0)
(2.3632 0.152808 1.90469e-24)
(2.40448 0.153953 1.30629e-24)
(2.24325 0.260821 3.13346e-24)
(1.64438 -0.0020683 -8.68047e-23)
(1.06795 -0.326273 8.47756e-23)
(1.08597 -0.347765 0)
(1.68242 -0.22552 0)
(1.83564 -0.0151059 -1.90637e-23)
(1.87436 -0.0245614 3.10772e-23)
(2.05136 -0.00579821 -2.04878e-24)
(2.08185 -0.0209747 3.51274e-24)
(2.14386 -0.0274054 -3.60809e-24)
(2.16845 -0.0178471 3.31704e-24)
(2.19248 -0.0269657 1.2807e-24)
(2.12568 0.0327599 1.84382e-24)
(2.28497 0.0520609 0)
(2.26759 0.0780533 -1.5001e-25)
(2.26848 0.098031 0)
(2.27995 0.128181 2.00514e-23)
(2.3078 0.179046 -1.9887e-23)
(2.34617 0.22364 -2.56503e-24)
(2.24297 0.324148 -5.15081e-23)
(1.91045 0.232316 5.47282e-23)
(1.29197 -0.0289203 0)
(1.09627 -0.162352 2.9619e-23)
(1.46035 -0.0867486 -3.00705e-23)
(1.76681 0.147796 3.19258e-23)
(1.88549 0.013134 -4.30105e-23)
(2.05654 0.0459748 -1.95132e-24)
(2.09007 0.00318177 0)
(2.14746 0.00525871 3.55836e-25)
(2.17037 -0.00623208 1.49408e-24)
(2.1948 -0.0127351 -3.21588e-24)
(2.2107 -0.0135431 0)
(2.09354 0.0285309 0)
(2.26484 0.0515991 -1.67696e-24)
(2.25249 0.0765974 2.79122e-24)
(2.23959 0.10658 -2.78894e-24)
(2.24991 0.124521 0)
(2.23703 0.208412 0)
(2.2547 0.239669 0)
(2.21212 0.361488 3.65801e-23)
(2.00002 0.36793 -7.70304e-23)
(1.51044 0.267109 3.78699e-23)
(1.1575 0.0675899 0)
(1.33204 0.140033 1.00805e-24)
(1.72595 0.256051 3.83149e-23)
(1.94632 0.156173 -3.7751e-23)
(2.07422 0.140037 5.07312e-25)
(2.11296 0.0704646 3.87486e-24)
(2.15884 0.0476065 -4.27188e-24)
(2.17928 0.0160015 3.95092e-25)
(2.20138 0.00457458 4.51389e-25)
(2.21311 -0.00784095 2.23026e-25)
(2.06293 0.0210369 5.43102e-25)
(2.23854 0.0466877 1.2258e-24)
(2.22388 0.0835928 -1.35024e-24)
(2.2085 0.127357 2.73829e-24)
(2.19909 0.150519 -4.54935e-24)
(2.18492 0.251973 3.04753e-24)
(2.18093 0.231828 0)
(2.1171 0.4162 9.9488e-26)
(1.99295 0.406664 0)
(1.6037 0.418569 0)
(1.242 0.362274 3.11018e-24)
(1.30715 0.287662 -3.75918e-24)
(1.69315 0.345557 -9.47763e-24)
(2.02334 0.324777 1.67646e-23)
(2.13493 0.20811 -7.30966e-24)
(2.17851 0.117467 2.49003e-24)
(2.19983 0.0669901 -2.49337e-24)
(2.20936 0.0240832 7.16069e-25)
(2.22036 0.00645113 -1.50442e-24)
(2.2235 -0.00799537 4.80024e-25)
(2.03361 0.0139344 -1.02331e-25)
(2.20812 0.0431622 0)
(2.17559 0.084377 0)
(2.16197 0.13535 1.85595e-25)
(2.13555 0.17487 2.08192e-24)
(2.14 0.258435 -1.68155e-24)
(2.09927 0.280675 -1.46141e-24)
(2.03046 0.392903 1.43016e-24)
(1.96878 0.412028 0)
(1.59487 0.467697 -1.72818e-23)
(1.27832 0.519511 1.66874e-23)
(1.32617 0.433285 1.47691e-25)
(1.69918 0.390597 -8.59205e-25)
(2.13508 0.29286 1.74854e-24)
(2.26538 0.145966 -1.43538e-24)
(2.2673 0.0684613 -2.89667e-25)
(2.25658 0.0289069 3.94569e-25)
(2.24103 -0.00410088 -4.60932e-25)
(2.23571 -0.00920742 1.25154e-24)
(2.231 -0.0181227 -7.15521e-25)
(2.00984 0.00418958 0)
(2.17774 0.0291278 7.77434e-25)
(2.12948 0.060228 -1.91794e-24)
(2.11036 0.107759 -1.01655e-24)
(2.07767 0.144284 -2.02557e-24)
(2.07328 0.208625 -3.76211e-24)
(2.03413 0.300519 6.14389e-24)
(1.9967 0.303585 -2.76735e-24)
(1.90807 0.388214 -3.50633e-25)
(1.48963 0.515801 4.66675e-25)
(1.29714 0.560742 -1.21721e-23)
(1.41494 0.454384 1.31982e-23)
(1.83303 0.314482 3.06765e-24)
(2.30254 0.0835421 5.47767e-24)
(2.34827 0.0221002 -6.69844e-24)
(2.30577 -0.0246229 2.9011e-25)
(2.27451 -0.0174355 8.10183e-25)
(2.24759 -0.032194 -5.04789e-25)
(2.23736 -0.0210615 -6.80234e-25)
(2.23109 -0.0244289 6.38252e-25)
(1.99302 -0.00502142 4.14884e-25)
(2.15182 0.0154937 5.54525e-25)
(2.10686 0.0210947 2.39978e-24)
(2.07321 0.0533007 2.94622e-24)
(2.03293 0.0739416 -4.17458e-24)
(1.98979 0.12443 0)
(1.98991 0.220736 -8.95859e-25)
(1.96063 0.220108 1.25018e-23)
(1.73463 0.385478 -9.71182e-24)
(1.39809 0.477728 2.10971e-24)
(1.3599 0.476664 0)
(1.60095 0.291762 -3.66182e-25)
(2.10985 0.0537171 -4.94885e-24)
(2.39758 -0.0957271 -8.66255e-24)
(2.36114 -0.0497573 9.61371e-24)
(2.30688 -0.0665839 -2.48302e-24)
(2.27233 -0.0352504 2.4387e-24)
(2.24491 -0.0447609 -6.44334e-25)
(2.23423 -0.0285666 6.79923e-25)
(2.22855 -0.03196 -6.3817e-25)
(1.98734 -0.00894103 3.35357e-25)
(2.13136 -0.00310156 0)
(2.10374 -0.00317928 2.48979e-24)
(2.06039 0.00438774 -4.7269e-24)
(2.00818 0.0055637 -5.82068e-24)
(1.9281 0.0338225 4.53671e-24)
(1.92839 0.0931904 6.7371e-25)
(1.8542 0.17968 5.48286e-24)
(1.57484 0.341657 5.68783e-24)
(1.41038 0.363031 5.5135e-24)
(1.47792 0.311314 -2.80264e-23)
(1.86375 0.0238341 1.81234e-23)
(2.24584 -0.138023 1.66519e-23)
(2.3999 -0.152354 -1.17837e-23)
(2.34475 -0.0850779 1.42043e-23)
(2.29504 -0.0893365 -3.91383e-24)
(2.25803 -0.0476476 0)
(2.23576 -0.0535815 0)
(2.22749 -0.0326662 5.31015e-25)
(2.2232 -0.0358578 4.06686e-25)
(2.06125 -0.016518 9.9244e-24)
(2.00632 -0.0245638 5.06775e-24)
(1.90533 -0.0377681 0)
(1.84787 -0.00313451 -5.19542e-24)
(1.71045 0.119295 -5.51305e-24)
(1.50407 0.193535 -9.57157e-25)
(1.46121 0.218811 -5.45679e-24)
(1.70845 0.0156585 5.58525e-24)
(2.05456 -0.206301 3.19963e-25)
(2.26762 -0.229977 -4.6488e-24)
(2.36023 -0.193785 -3.50539e-24)
(2.29002 -0.123784 -1.8515e-24)
(2.26353 -0.102252 -3.24597e-24)
(2.23676 -0.0617971 2.8903e-25)
(2.22617 -0.0574766 -2.88797e-25)
(2.21978 -0.0373222 -5.31007e-25)
(2.21866 -0.0350228 -4.35003e-25)
(2.06949 -0.0510104 -1.61729e-23)
(2.0147 -0.0789971 0)
(1.90694 -0.0821403 0)
(1.78479 -0.0909695 -8.41232e-24)
(1.62068 -0.0208674 -6.30213e-24)
(1.49739 0.0408296 9.39977e-25)
(1.60707 -0.0483891 0)
(1.90577 -0.251144 3.02351e-24)
(2.11018 -0.355494 0)
(2.249 -0.271476 0)
(2.27269 -0.254401 1.9614e-24)
(2.23839 -0.160468 -1.96659e-24)
(2.23057 -0.129853 1.18971e-24)
(2.21386 -0.0921629 0)
(2.21157 -0.0752757 0)
(2.20676 -0.0543817 6.15492e-26)
(2.2104 -0.0420362 -3.32466e-26)
(1.58739 -0.166665 0)
(1.53639 -0.134859 0)
(1.79206 -0.318665 -3.98272e-24)
(1.98115 -0.394794 -7.49141e-24)
(2.09909 -0.412791 4.07748e-24)
(2.18429 -0.335108 -5.07183e-24)
(2.20666 -0.296079 0)
(2.18996 -0.20813 9.33861e-25)
(2.19 -0.169799 1.63378e-24)
(2.18325 -0.12557 3.95491e-25)
(2.18791 -0.0991654 -2.79954e-24)
(2.18653 -0.0730381 0)
(2.19432 -0.0535475 0)
(1.63465 -0.397606 2.90837e-24)
(1.86838 -0.449327 3.98225e-24)
(1.98757 -0.454393 7.05837e-24)
(2.06936 -0.437954 4.86896e-26)
(2.10759 -0.371423 7.54913e-25)
(2.1328 -0.306618 0)
(2.13072 -0.217974 -8.9824e-25)
(2.13868 -0.181021 -1.82786e-24)
(2.14528 -0.130686 0)
(2.15703 -0.10196 2.40864e-24)
(1.68918 -0.535316 -2.62671e-24)
(1.86586 -0.500762 1.29733e-24)
(1.96487 -0.482889 -3.43147e-24)
(2.0194 -0.39024 -4.89531e-25)
(1.97643 0.00326513 3.97895e-23)
(1.97816 0.0105547 3.55364e-23)
(1.97691 0.0128114 5.07599e-24)
(1.97321 0.0157006 0)
(1.9664 0.0173481 -5.90374e-24)
(1.95704 0.0198384 -8.98145e-23)
(1.94524 0.0225914 0)
(1.93228 0.023887 0)
(1.91657 0.0248136 0)
(1.89963 0.0251571 -3.64278e-22)
(1.88195 0.0247477 -3.52502e-22)
(1.8627 0.0248125 0)
(1.8437 0.0248 1.60633e-22)
(1.82467 0.024037 1.23413e-24)
(1.80549 0.0233248 1.10441e-24)
(1.7862 0.0226597 -1.10274e-24)
(1.76619 0.0222162 1.26413e-22)
(1.74628 0.0212676 2.5751e-25)
(1.72618 0.0200452 2.22357e-25)
(1.70558 0.0192338 0)
(1.68443 0.018473 0)
(1.66224 0.0178151 0)
(1.63878 0.0169181 3.91304e-23)
(1.61427 0.0160092 0)
(1.58864 0.0154981 0)
(1.56269 0.0134109 0)
(1.53713 0.0103814 0)
(1.51229 0.00761404 2.23615e-26)
(1.4884 0.00547578 -6.99722e-25)
(1.46641 0.00390684 3.47644e-26)
(1.44598 0.00249118 -4.80358e-27)
(1.42854 0.00050789 -4.95417e-27)
(1.41428 -0.00132723 -2.50069e-26)
(1.40248 -0.00281861 -2.92915e-26)
(1.39423 -0.00501641 2.92916e-26)
(1.39026 -0.00768514 4.88174e-26)
(1.38968 -0.00887117 0)
(1.39042 -0.00904828 5.19576e-26)
(1.3936 -0.00862378 -6.02485e-26)
(1.39938 -0.00760081 -8.67345e-26)
(1.40474 -0.00621769 -2.79128e-25)
(1.40933 -0.00384182 -1.06334e-25)
(2.36168 -0.00732045 -7.61026e-23)
(2.36755 -0.000412481 4.23849e-23)
(2.32338 0.00272657 -3.88865e-23)
(2.36849 -0.0236327 4.15173e-22)
(2.37378 -0.0177935 1.8225e-22)
(2.37146 -0.00756823 -9.67958e-23)
(0.263134 -0.174371 -2.4879e-20)
(-0.062658 -0.398187 1.16865e-20)
(1.28259 -0.0715572 0)
(-0.446349 -0.192558 -1.30021e-20)
(-0.49182 -0.295326 0)
(-0.48413 -0.417333 -4.32892e-21)
(0.0173102 -0.000359072 -1.69463e-20)
(-0.109444 -0.0920338 -4.26494e-21)
(-0.264735 -0.204588 4.21861e-21)
(2.37334 0.00526108 -2.19453e-22)
(2.37569 0.0136083 -1.32876e-22)
(2.33073 0.0151495 6.19372e-23)
(2.3747 0.000617145 1.91553e-22)
(2.37696 0.00768225 -1.90933e-22)
(2.37768 0.00852975 9.24206e-23)
(2.37811 0.0197204 1.75558e-22)
(2.37748 0.0239454 -5.46932e-23)
(2.32854 0.0227267 -2.62763e-22)
(2.37792 0.0217666 -4.58355e-22)
(2.37718 0.0361048 1.02148e-21)
(2.37959 0.0257801 2.56423e-22)
(2.37597 0.0271148 0)
(2.37443 0.0312613 0)
(2.3226 0.0271725 -1.09359e-23)
(2.37565 0.0129214 -1.90036e-22)
(2.37083 0.0580073 -1.54315e-21)
(2.37363 0.0352633 0)
(2.3722 0.0329267 0)
(2.36751 0.0360819 -1.28345e-23)
(2.31115 0.0311708 -3.28685e-22)
(2.36726 0.0188049 -1.49387e-21)
(2.36141 0.0662792 1.39503e-21)
(2.36626 0.0430002 -6.9539e-22)
(2.36253 0.0372754 -6.46618e-22)
(2.35742 0.0390167 6.26142e-22)
(2.29666 0.0325949 4.91983e-24)
(2.35592 0.0269079 0)
(2.34798 0.0696627 0)
(2.35752 0.0452849 -6.24606e-22)
(2.35192 0.0382092 8.9476e-24)
(2.3459 0.0380308 -2.86847e-22)
(2.28098 0.0309147 2.82927e-22)
(2.34119 0.0312853 -1.18072e-21)
(2.33429 0.0665198 -1.12506e-21)
(2.34507 0.0429589 -8.37704e-24)
(2.34138 0.0368512 -5.2424e-22)
(2.33736 0.0362113 3.94273e-24)
(2.26577 0.0286553 1.8626e-24)
(2.33007 0.0302391 7.74705e-24)
(2.32629 0.0580239 4.64812e-22)
(2.3367 0.0400315 -4.76277e-22)
(2.33297 0.0352259 0)
(2.32874 0.0340187 0)
(2.24918 0.0272554 0)
(2.32438 0.0272871 7.15741e-24)
(2.32107 0.0489517 4.01026e-22)
(2.329 0.0373854 -1.53982e-24)
(2.32546 0.033202 1.9245e-22)
(2.32273 0.0323241 -7.27912e-25)
(2.23313 0.0273097 -3.96861e-25)
(2.3183 0.0293045 -1.37553e-24)
(2.31783 0.0373364 3.26827e-22)
(2.32499 0.0350808 -3.4069e-22)
(2.32003 0.0337095 -3.10795e-25)
(2.31652 0.0354885 3.10535e-25)
(2.21644 0.0291867 1.44594e-25)
(2.31809 0.0347553 -2.88555e-22)
(2.31803 0.0416549 -2.67747e-25)
(2.32366 0.0368794 2.77611e-25)
(2.31276 0.0373431 1.31632e-25)
(2.30766 0.0396038 -1.3154e-25)
(2.19625 0.0304613 0)
(2.31766 0.0339015 1.28991e-22)
(2.3154 0.0527784 9.29559e-23)
(2.31824 0.0433706 -6.32305e-23)
(2.30252 0.0407918 0)
(2.29632 0.0423112 4.2359e-25)
(2.17159 0.0326433 -4.74047e-25)
(2.31288 0.0390733 1.45018e-23)
(2.30635 0.0601788 2.33151e-23)
(2.30883 0.0491149 3.39806e-24)
(2.28828 0.0428784 3.01161e-24)
(2.27885 0.0419954 6.91028e-25)
(2.14159 0.0331202 -6.90797e-25)
(2.30065 0.0471547 4.85134e-26)
(2.29073 0.0642505 1.51734e-25)
(2.2935 0.0522649 8.74622e-26)
(2.26895 0.0401331 -1.22664e-24)
(2.25756 0.0393204 -9.13974e-25)
(2.10942 0.031086 0)
(2.28142 0.0522252 -1.5192e-25)
(2.26951 0.0671454 0)
(2.27562 0.0524717 1.15197e-24)
(2.24431 0.0374299 1.73728e-24)
(2.23069 0.03417 6.26847e-26)
(2.07817 0.0249877 0)
(2.25979 0.0555268 0)
(2.24775 0.0649262 2.92196e-25)
(2.25254 0.0489035 -1.95722e-25)
(2.21787 0.0310126 -2.01946e-24)
(2.20444 0.0279364 3.54179e-25)
(2.0476 0.017695 -5.50409e-26)
(2.23597 0.0529916 -1.87292e-25)
(2.22143 0.0606433 -1.04932e-25)
(2.22359 0.0456142 -1.12064e-25)
(2.18936 0.0224386 -8.63874e-26)
(2.17369 0.01556 -2.20246e-26)
(2.02101 0.00899366 1.51979e-26)
(2.20692 0.0498339 0)
(2.18832 0.0512187 0)
(2.19257 0.0370605 4.86532e-26)
(2.15929 0.0103063 0)
(2.14636 0.00724356 0)
(2.00036 -0.000357134 -4.97689e-26)
(2.16937 0.0404842 -9.40759e-25)
(2.15139 0.0398486 2.15628e-24)
(2.16434 0.0227047 -1.48864e-24)
(2.13407 0.00392431 -1.55612e-25)
(2.12363 -0.000747993 -2.5939e-25)
(1.98849 -0.00815356 1.34938e-25)
(2.13853 0.0308075 -1.04652e-23)
(2.1308 0.0228006 1.40595e-23)
(2.14016 0.00669291 -3.25212e-24)
(2.1178 -0.00530226 0)
(2.11682 -0.00742144 -8.36696e-25)
(1.98785 -0.00886824 0)
(2.12613 0.0076031 -8.96198e-25)
(2.1238 -0.00508674 8.96231e-25)
(2.12849 -0.00875106 8.36802e-25)
(1.00742 0.00348512 0)
(0.411304 0.000775571 0)
(0.997761 0.0044235 0)
(0.401138 0.000755349 0)
(0.955163 0.00797822 0)
(0.369059 0.00107602 0)
(0.894996 0.00814427 0)
(0.328093 0.000902218 0)
(0.820042 0.00889191 0)
(0.285892 0.00093187 0)
(0.741982 0.00795921 0)
(0.243285 0.00084958 0)
(0.667541 0.00697988 0)
(0.205019 0.000724189 0)
(0.597358 0.00610356 0)
(0.17102 0.000853526 0)
(0.536471 0.00460336 0)
(0.141872 0.000693866 0)
(0.487504 0.00286575 0)
(0.120404 0.000482245 0)
(0.449867 0.00143358 0)
(0.105744 0.000552078 0)
(0.421086 0.000498719 0)
(0.0959805 0.000818823 0)
(0.400224 -0.000734908 0)
(0.0895233 0.00126014 0)
(0.387467 -0.0017688 0)
(0.0874395 0.0017244 0)
(0.382846 -0.00230946 0)
(0.0883871 0.00140395 0)
(0.385397 -0.00209 0)
(0.0928876 0.000715979 0)
(0.391568 -0.00169022 0)
(0.0980267 0.000365251 0)
(0.400218 -0.00149419 0)
(0.10377 -2.19679e-05 0)
(0.410837 -0.00114229 0)
(0.109913 -0.000135138 0)
(0.42517 -0.00168105 0)
(0.11768 -0.000362676 0)
(0.442984 -0.00182285 0)
(0.128877 -0.000376987 0)
(0.459836 -0.0020444 0)
(0.140246 -0.000321263 0)
(0.982112 0.00611058 0)
(0.387518 0.00110494 0)
(0.926359 0.00819914 0)
(0.348871 0.00124329 0)
(0.858774 0.00866624 0)
(0.307326 0.000774063 0)
(0.781021 0.00844991 0)
(0.26414 0.000909124 0)
(0.704235 0.00754473 0)
(0.22359 0.000815802 0)
(0.631693 0.00656729 0)
(0.18764 0.000761471 0)
(0.565471 0.00535466 0)
(0.155567 0.000822291 0)
(0.51053 0.00371688 0)
(0.130194 0.00052144 0)
(0.467463 0.00210162 0)
(0.112309 0.000507819 0)
(0.434642 0.000910209 0)
(0.100492 0.000663349 0)
(0.409612 -3.11292e-05 0)
(0.0922766 0.00104552 0)
(0.393006 -0.00135146 0)
(0.0880511 0.00147002 0)
(0.383906 -0.0021133 0)
(0.087501 0.00177915 0)
(0.383279 -0.00227932 0)
(0.0903707 0.000900667 0)
(0.388488 -0.00189887 0)
(0.0955078 0.000551347 0)
(0.395597 -0.00154309 0)
(0.100768 0.000152889 0)
(0.405287 -0.00133734 0)
(0.106908 -7.54572e-05 0)
(0.417359 -0.00120892 0)
(0.113254 -0.000228841 0)
(0.433997 -0.00189525 0)
(0.123158 -0.000412547 0)
(0.451585 -0.00187662 0)
(0.134491 -0.000349533 0)
(0.467371 -0.00212061 0)
(0.145979 -0.000195099 0)
(2.27364 -0.0610567 -3.60975e-22)
(2.2808 -0.0449763 6.90591e-22)
(2.25977 -0.0609389 0)
(2.26785 -0.0458955 3.88522e-23)
(2.24351 -0.0597947 3.45115e-22)
(2.25536 -0.0451012 -5.49204e-22)
(2.22224 -0.0552282 -9.08268e-24)
(2.23989 -0.0418821 -1.11332e-22)
(2.25693 -0.0303543 1.11344e-22)
(2.26345 -0.0161897 -5.87451e-23)
(1.63587 -0.00902013 -5.07277e-25)
(2.21162 -0.0364883 -8.07837e-24)
(2.22791 -0.0300445 7.03384e-25)
(2.24716 -0.0244224 -7.02845e-25)
(2.25281 -0.0145208 0)
(1.61215 -0.00708043 0)
(2.21047 -0.0194998 0)
(2.22529 -0.0202843 0)
(2.24247 -0.0190119 1.72301e-25)
(2.24478 -0.0122487 -8.60615e-24)
(1.59068 -0.00604488 5.35978e-25)
(1.62363 -0.00814833 5.06932e-25)
(1.60115 -0.00659978 1.92547e-25)
(1.58063 -0.00583156 -1.55881e-25)
(2.17458 -0.0180722 6.06034e-23)
(2.16574 -0.016526 1.67907e-24)
(2.25676 -0.0298758 -1.80275e-24)
(2.16017 -0.0152511 -1.67801e-24)
(2.15298 -0.0139688 0)
(2.2477 -0.0253903 -1.35965e-24)
(2.14834 -0.0132842 -1.29257e-24)
(2.14205 -0.0125232 6.34309e-26)
(2.24115 -0.021502 9.28005e-24)
(0.502715 -0.000414591 0)
(0.143915 -0.000358838 0)
(0.491896 6.55603e-05 0)
(0.14056 -0.000321344 0)
(0.484375 0.000314468 0)
(0.139425 -0.00034411 0)
(0.496649 -0.000179304 0)
(0.14185 -0.000347781 0)
(0.487725 0.000205773 0)
(0.139788 -0.000321802 0)
(0.481347 0.000426352 0)
(0.13926 -0.000391071 0)
(2.21566 -0.0291721 4.57334e-26)
(2.2242 -0.0226858 1.76904e-25)
(2.20683 -0.0133685 0)
(1.39287 -0.000555515 0)
(2.20265 -0.0354505 0)
(2.21265 -0.0247155 0)
(2.19716 -0.0108162 -1.15348e-25)
(1.38047 0.000861435 -5.63355e-26)
(2.18524 -0.0341249 2.89356e-24)
(2.19622 -0.0230469 0)
(2.18549 -0.00794655 3.51893e-25)
(1.37219 0.00191216 0)
(2.17081 -0.021717 -2.79366e-24)
(2.18313 -0.0153251 -8.0499e-25)
(2.17264 -0.00684304 2.81509e-24)
(1.36804 0.00159975 -1.73441e-25)
(2.16489 -0.00744052 -1.25727e-25)
(2.1786 -0.00715488 4.26077e-24)
(2.16347 -0.00444111 0)
(1.36547 -0.000133413 -4.85788e-25)
(2.16473 -0.00237082 -9.2456e-25)
(2.17864 -0.00480294 6.82605e-25)
(2.15996 -0.0040543 -6.61786e-24)
(1.36114 -0.0017427 2.2786e-26)
(1.38648 6.39688e-05 0)
(1.37605 0.00157518 2.3713e-26)
(1.36985 0.00210348 -1.34405e-25)
(1.36712 0.000824042 2.26077e-25)
(1.36406 -0.000836658 5.48145e-25)
(1.35754 -0.00237294 3.41765e-25)
(2.05174 -0.0124509 0)
(2.04536 -0.0107649 3.14098e-26)
(2.2023 -0.0152097 -2.58891e-25)
(2.03878 -0.00981981 1.21279e-25)
(2.03227 -0.00912576 -9.15371e-26)
(2.19096 -0.0117283 -2.36526e-25)
(2.02661 -0.00748625 -2.18553e-25)
(2.02096 -0.00494428 8.65928e-25)
(2.17913 -0.00896509 -5.24935e-25)
(2.01577 -0.00295051 8.67303e-25)
(2.01174 -0.00186644 -1.54278e-24)
(2.16717 -0.00670581 0)
(2.00891 -0.00140392 8.33612e-25)
(2.00696 -0.00158745 0)
(2.16116 -0.00423711 0)
(2.00551 -0.00304205 -1.12198e-24)
(2.00471 -0.00498198 1.12197e-24)
(2.15977 -0.00406916 6.45737e-24)
(2.22577 -0.0169264 -4.35473e-25)
(2.24077 -0.0147803 1.27201e-24)
(2.23958 -0.0110718 4.94703e-25)
(1.57061 -0.00560816 8.61041e-26)
(2.22745 -0.0121858 3.52336e-25)
(2.24083 -0.0137368 -1.15475e-24)
(2.23699 -0.0110336 -1.89867e-24)
(1.55035 -0.0057709 -6.23035e-26)
(2.23266 -0.0123629 -2.81669e-25)
(2.242 -0.0144706 -8.94005e-25)
(2.23566 -0.0126605 0)
(1.52862 -0.00563838 -3.90316e-25)
(2.23553 -0.0169123 -2.35298e-25)
(2.24305 -0.0179036 3.14235e-25)
(2.23465 -0.014171 -5.24034e-24)
(1.50476 -0.00552373 0)
(2.2352 -0.0199815 -1.96819e-25)
(2.24265 -0.0197511 1.00497e-24)
(2.23236 -0.0149145 -3.25041e-24)
(1.47952 -0.00504517 0)
(2.23292 -0.0246685 0)
(2.24065 -0.0222443 -4.71796e-25)
(2.22867 -0.0158822 -6.61384e-25)
(1.45441 -0.00404533 -2.37581e-26)
(2.22747 -0.0263626 0)
(2.23516 -0.0236212 4.10457e-25)
(2.22306 -0.0158661 1.70175e-24)
(1.43058 -0.00289858 3.54644e-26)
(2.22258 -0.0252104 -5.45639e-26)
(2.23008 -0.0224249 -1.11129e-25)
(2.21552 -0.0145404 0)
(1.40962 -0.00167365 -1.72988e-26)
(1.56078 -0.00571285 1.32081e-25)
(1.53986 -0.00575004 -3.93833e-25)
(1.51708 -0.00566028 -5.44202e-27)
(1.49223 -0.00539628 0)
(1.46673 -0.00472972 2.37581e-26)
(1.44198 -0.00354231 -3.54643e-26)
(1.41941 -0.00230512 0)
(1.40092 -0.00115939 -3.85089e-26)
(2.1383 -0.0125006 5.64981e-25)
(2.13328 -0.0123894 2.27442e-25)
(2.23761 -0.0190565 -4.94688e-25)
(2.13019 -0.0128228 1.47187e-24)
(2.12559 -0.0131303 -1.18133e-24)
(2.23591 -0.0180964 1.71682e-24)
(2.12215 -0.0141835 3.83647e-25)
(2.11709 -0.0150754 0)
(2.23504 -0.0189897 4.79176e-24)
(2.11314 -0.0163271 1.0937e-24)
(2.10761 -0.0168766 0)
(2.23327 -0.020029 3.84632e-24)
(2.10323 -0.0173676 -1.02509e-25)
(2.097 -0.0176403 9.55296e-25)
(2.2302 -0.021331 -8.59492e-25)
(2.09177 -0.0176614 5.70878e-25)
(2.08461 -0.01792 0)
(2.22547 -0.0212323 0)
(2.07875 -0.0172367 0)
(2.07151 -0.0164227 2.85192e-25)
(2.21898 -0.0198171 -1.79876e-24)
(2.06519 -0.0150182 1.51841e-25)
(2.05868 -0.0130743 -1.28214e-26)
(2.21127 -0.0176504 0)
(0.460517 0.000236757 0)
(0.14381 -3.93667e-05 0)
(0.461698 0.000244225 0)
(0.14488 5.78575e-05 0)
(0.463946 0.000233038 0)
(0.146503 7.50804e-05 0)
(0.467327 0.000554421 0)
(0.1492 7.65869e-05 0)
(0.470637 0.000696311 0)
(0.152444 -4.60616e-06 0)
(0.472732 0.000741825 0)
(0.155497 -0.00012971 0)
(0.461052 0.000228933 0)
(0.144284 1.06556e-05 0)
(0.462826 0.000175674 0)
(0.14567 7.93952e-05 0)
(0.465584 0.000416449 0)
(0.147716 8.61478e-05 0)
(0.469182 0.000625592 0)
(0.150857 4.90836e-05 0)
(0.471993 0.000764552 0)
(0.154078 -4.52068e-05 0)
(0.472989 0.000679328 0)
(0.156675 -0.00021131 0)
(0.478836 0.000536309 0)
(0.139335 -0.000431891 0)
(0.474562 0.000761229 0)
(0.139775 -0.000542052 0)
(0.471348 0.00093671 0)
(0.140747 -0.000579845 0)
(0.468675 0.000885762 0)
(0.141773 -0.000609511 0)
(0.466112 0.000773698 0)
(0.142454 -0.000569799 0)
(0.463765 0.000584265 0)
(0.142855 -0.00043862 0)
(0.461771 0.000359301 0)
(0.143009 -0.000309281 0)
(0.460499 0.000275055 0)
(0.14316 -0.000196654 0)
(0.476541 0.000632574 0)
(0.139495 -0.000491064 0)
(0.472829 0.000875128 0)
(0.140197 -0.000562747 0)
(0.469992 0.000924965 0)
(0.141298 -0.000604316 0)
(0.467361 0.000825454 0)
(0.142142 -0.000605625 0)
(0.464868 0.000653153 0)
(0.142674 -0.000528687 0)
(0.462676 0.000433042 0)
(0.142962 -0.000370515 0)
(0.460978 0.000317435 0)
(0.143059 -0.000253444 0)
(0.460396 0.000328401 0)
(0.143437 -9.77431e-05 0)
)
;

boundaryField
{
    inlet
    {
        type            fixedValue;
        value           nonuniform List<vector> 0();
    }
    outlet
    {
        type            zeroGradient;
    }
    wall
    {
        type            noSlip;
    }
    empty_zmin
    {
        type            empty;
    }
    empty_zmax
    {
        type            empty;
    }
    procBoundary1to0
    {
        type            processor;
        value           nonuniform List<vector> 
39
(
(2.3399 0.207024 -1.27295e-21)
(2.30361 0.164595 1.12457e-21)
(2.28195 0.120037 -1.00531e-21)
(2.26787 0.101611 0)
(2.25575 0.0764704 -5.24901e-24)
(2.25285 0.051919 -9.87273e-23)
(2.25511 0.0352231 -4.11543e-23)
(2.26255 0.0233379 -7.22701e-24)
(2.27062 0.0202886 3.28779e-23)
(1.83983 -0.000244215 -1.08675e-24)
(2.22647 0.00759232 -2.16179e-23)
(0.830439 -0.00105156 0)
(0.323247 -0.00012375 0)
(2.32236 -0.090843 1.33125e-22)
(2.34216 -0.105339 8.65814e-22)
(2.36829 -0.134454 0)
(2.40928 -0.178064 -3.90287e-21)
(2.48323 -0.2547 -1.28768e-20)
(2.38507 0.241571 -3.46626e-21)
(2.29557 -0.00980435 -6.14457e-23)
(2.33721 -0.0323829 -7.18856e-23)
(2.33942 -0.0431769 0)
(2.54485 -0.247012 2.41247e-20)
(1.82048 -0.249789 -6.60301e-20)
(-0.204801 -0.242484 -1.23179e-18)
(-0.176865 0.268019 0)
(1.89067 0.319444 3.55307e-20)
(2.47091 0.29978 -3.23184e-22)
(2.50195 0.267753 0)
(-0.00240502 0.155674 -8.01967e-20)
(0.223553 -0.172657 0)
(1.96158 -0.00110077 2.1355e-24)
(-0.0946841 0.216668 -9.78964e-21)
(2.44124 -0.157589 0)
(2.47597 0.236583 -4.37307e-20)
(2.33639 -0.0218531 4.55198e-23)
(2.33942 -0.0431769 0)
(1.01641 0.00357363 0)
(0.42028 0.000325962 0)
)
;
    }
}


// ************************************************************************* //
