/*--------------------------------*- C++ -*----------------------------------*\
| =========                 |                                                 |
| \\      /  F ield         | OpenFOAM: The Open Source CFD Toolbox           |
|  \\    /   O peration     | Version:  2406                                  |
|   \\  /    A nd           | Website:  www.openfoam.com                      |
|    \\/     M anipulation  |                                                 |
\*---------------------------------------------------------------------------*/
FoamFile
{
    version     2.0;
    format      ascii;
    arch        "LSB;label=32;scalar=64";
    class       volScalarField;
    location    "1.79";
    object      p;
}
// * * * * * * * * * * * * * * * * * * * * * * * * * * * * * * * * * * * * * //

dimensions      [0 2 -2 0 0 0 0];

internalField   nonuniform List<scalar> 
2285
(
-0.548301
-0.420876
-0.612773
-0.490087
-0.23735
-0.219545
-0.332665
-0.271461
-0.225567
-0.192621
-0.168573
-0.150254
-0.133079
-0.127512
-0.141241
-0.129976
-0.144385
-0.149641
-0.389656
-0.31349
-0.262687
-0.22625
-0.199523
-0.180229
-0.165585
-0.153897
-0.292209
-0.250568
-0.221568
-0.200326
-0.184159
-0.17712
-0.29584
-0.263002
-0.236995
-0.217291
-0.20313
-0.194045
-0.292941
-0.267414
-0.240982
-0.224319
-0.213954
-0.205249
-0.281807
-0.255577
-0.235448
-0.223597
-0.21582
-0.210828
-0.258828
-0.240948
-0.228245
-0.2182
-0.215069
-0.209683
-0.227174
-0.218093
-0.209745
-0.207852
-0.20599
-0.212173
-0.204171
-0.198344
-0.198499
-0.197629
-0.186003
-0.187519
-0.186282
-0.172635
-0.174762
-0.173629
-0.157636
-0.160415
-0.1598
-0.166401
-0.186382
-0.19992
-0.209132
-0.210635
-0.208205
-0.202486
-0.192133
-0.180035
-0.166878
-0.152524
-0.158179
-0.169587
-0.176066
-0.179631
-0.189205
-0.193411
-0.19718
-0.203985
-0.211029
-0.207848
-0.210777
-0.214893
-0.212396
-0.212792
-0.216562
-0.211868
-0.209719
-0.212244
-0.206178
-0.201839
-0.203228
-0.197185
-0.192311
-0.193546
-0.186368
-0.180201
-0.181326
-0.173795
-0.166844
-0.167788
-0.159558
-0.15214
-0.152495
-0.127045
-0.127057
-0.140681
-0.140719
-0.153364
-0.153407
-0.176418
-0.176493
-0.193402
-0.193478
-0.204722
-0.204824
-0.210494
-0.210566
-0.209433
-0.209575
-0.206072
-0.206151
-0.19787
-0.197929
-0.186606
-0.186664
-0.174097
-0.174124
-0.160342
-0.160354
-0.165638
-0.165682
-0.185814
-0.185886
-0.199306
-0.199432
-0.208768
-0.208835
-0.210387
-0.210492
-0.208116
-0.208243
-0.202653
-0.202709
-0.192459
-0.192516
-0.180414
-0.180469
-0.167411
-0.167424
-0.153103
-0.153099
0.0778506
0.0678135
0.0508069
0.035743
0.00193689
0.0686823
0.0719587
0.0935892
0.0659739
0.0168008
-0.0627494
-0.0880753
-0.0758022
-0.0881615
-0.0908164
-0.0657329
-0.020812
-0.00979878
-0.00228144
0.00208008
0.0048547
0.00531621
0.0713116
0.0714362
0.0664679
0.0493383
-0.00785317
-0.0556864
-0.0701489
-0.0645668
-0.083498
-0.0538332
-0.015195
-0.0061221
0.00191217
0.00690984
0.00977324
0.0113704
0.0115293
-0.0192938
-0.0122446
-0.00684814
-0.00243815
0.00253833
0.0104277
0.0154319
0.0191519
0.0260251
0.027186
0.0239079
0.0189319
0.00553036
0.0341077
0.0353904
0.0404399
0.0442087
0.0421105
0.0385713
0.030176
0.0141139
0.049269
0.0492568
0.0553896
0.0556329
0.054451
0.0534235
0.052918
0.0372081
0.0617482
0.0599929
0.0657566
0.0647543
0.0624082
0.0558863
0.0591032
0.0478237
0.0680405
0.0666654
0.0709428
0.0732106
-0.0212004
-0.0135603
-0.00478236
0.00352824
0.012095
0.0221222
0.0325338
0.0417426
0.0494025
0.0562762
0.0620658
0.0662976
0.0697804
0.0727191
-0.0140171
-0.00697259
-0.0111038
-0.0100914
-0.00374664
-0.005306
0.000589382
0.00833738
0.00631439
0.00348584
0.0122274
0.0107856
0.0166386
0.0253907
0.0250199
0.0204035
0.0304578
0.0274523
0.034327
0.0422957
0.0422662
0.0385861
0.0462811
0.0426196
0.0491747
0.0548868
0.0561993
0.05289
0.0571008
0.0549033
0.0601322
0.0640877
0.065067
0.0616584
0.0650004
0.0646974
0.066582
0.0680352
0.0702775
0.067608
0.068713
0.0674144
-0.0202791
-0.0202849
-0.00389142
-0.00397326
0.0135713
0.0134504
0.0331307
0.0330849
0.0495891
0.0495861
0.0615114
0.0615738
0.0690507
0.0691369
-0.0125344
-0.0125881
0.00471357
0.00459206
0.0232427
0.0231763
0.0420161
0.0419927
0.056206
0.0562081
0.0654797
0.0656132
0.0716292
0.071673
0.0697804
0.0662924
0.0712893
0.00640194
0.00555324
0.00356822
0.00178736
0.0595887
0.059609
0.0604937
0.0121523
0.0110567
0.00850806
0.00718693
0.0404331
0.0461673
0.043331
0.0477242
0.0484543
0.0274095
-0.0058923
-0.0163306
-0.022932
-0.0394559
-0.0650842
-0.0568461
-0.0123287
0.000237522
0.00912005
0.0158277
0.0170057
0.0182275
0.0182306
0.0177711
0.0173103
0.0161119
0.0141016
0.0133944
0.0226738
0.0289561
0.0221849
0.0173573
0.00374891
0.00876502
-0.0118825
-0.0245379
-0.0492335
-0.0515877
-0.040378
-0.0143042
0.0103954
0.0187286
0.0250369
0.0263594
0.0267911
0.0265043
0.0241582
0.0226383
0.0215319
0.0206786
0.0197529
0.0200589
0.0111538
0.0153439
0.0017565
0.00405081
-0.00768226
-0.0285738
-0.0494177
-0.0477907
-0.0506837
-0.0421567
-0.0202871
0.00309734
0.0228914
0.0375248
0.0362143
0.034594
0.0335993
0.0316181
0.0280416
0.0266814
0.0258803
0.0249608
0.0238054
0.024863
0.00667783
0.00469234
-0.00584886
-0.0150433
-0.0227702
-0.0641154
-0.0729522
-0.0686154
-0.0585597
-0.046482
-0.0253543
-0.000609933
0.0242909
0.0406108
0.0397932
0.0380803
0.0367763
0.0394605
0.0362663
0.0329515
0.0280806
0.0255471
0.0253434
0.0259109
0.0104
0.00580024
-0.00656801
-0.0313823
-0.0488389
-0.0619217
-0.0803377
-0.0939596
-0.0809687
-0.0620353
-0.0490633
-0.0193437
0.0125401
0.0370574
0.0391202
0.0430528
0.0503168
0.0448209
0.0373309
0.0312577
0.0264899
0.0242949
0.0238729
0.0249452
0.0172701
0.0101839
0.000464125
-0.0147959
-0.0493901
-0.0728226
-0.0762486
-0.0910164
-0.102385
-0.0928509
-0.0633181
-0.0349837
0.00396089
0.0320537
0.0503934
0.05485
0.0471972
0.0372534
0.0326734
0.0282028
0.0242769
0.0204837
0.0210502
0.0207485
0.0205547
0.014712
0.00816026
-0.00107845
-0.016791
-0.0609537
-0.0773346
-0.0633496
-0.0894369
-0.11627
-0.0974392
-0.0419617
-0.00349734
0.0240696
0.0546485
0.0475738
0.0352672
0.0334474
0.0258774
0.0221581
0.0189221
0.0155179
0.0171063
0.0151929
0.0222597
0.0187926
0.0149559
0.00869874
0.00271818
-0.0163439
-0.0577541
-0.0680509
-0.0467308
-0.0761242
-0.102566
-0.0740288
-0.0442374
0.00318163
0.025361
0.0278245
0.0251478
0.0206416
0.0165251
0.0149783
0.0135137
0.0119345
0.0125414
0.0105023
0.0257456
0.0230437
0.0217388
0.0172224
0.0143656
0.0109051
-0.0102622
-0.0500719
-0.0617493
-0.0494301
-0.0607909
-0.0664841
-0.0458184
-0.0123349
-0.00526615
-0.00636582
0.0032728
0.00622335
0.00858953
0.0089166
0.0088509
0.00772133
0.00846364
0.00713759
0.0265958
0.0264605
0.029381
0.0291255
0.0255387
0.0209212
0.0155333
-0.0102595
-0.0480153
-0.0496212
-0.057735
-0.0477211
-0.033869
-0.0249565
-0.0157148
-0.0206281
-0.00847109
-0.00223116
0.00143286
0.00285413
0.00418476
0.00421507
0.00523509
0.00407308
0.0244104
0.0286484
0.0327622
0.0349959
0.0359826
0.0317638
0.0249974
0.00914659
-0.0130542
-0.0232636
-0.0443392
-0.0526358
-0.0504412
-0.0530326
-0.0400729
-0.0167306
-0.0177582
-0.0111439
-0.00756861
-0.00327541
-0.000522831
0.000369319
0.00202773
0.00195848
0.0225618
0.0290235
0.0379799
0.0367865
0.0427714
0.0389795
0.0262381
0.0119939
-0.00915452
-0.0276922
-0.0246833
-0.0403156
-0.0544856
-0.0645465
-0.0593003
-0.0373873
-0.0367015
-0.023315
-0.0124736
-0.00548134
-0.00228302
-0.000542769
0.00149391
0.00160201
0.0250559
0.0342428
0.040884
0.0397223
0.0395873
0.0356962
0.0258154
0.0101105
-0.0100327
-0.0195269
-0.0308618
-0.0598111
-0.0627495
-0.0627571
-0.055701
-0.0540342
-0.0358919
-0.0185083
-0.00986826
-0.00512952
-0.00349022
-0.000929903
0.000640094
0.00134635
0.0305812
0.0373731
0.0439336
0.0530778
0.0457559
0.0305534
0.0181154
0.00752933
-0.0131695
-0.0404015
-0.0357453
-0.0555001
-0.0592325
-0.0541717
-0.0593604
-0.0441718
-0.018856
-0.0131925
-0.00921249
-0.00816817
-0.00510394
-0.00240074
-0.00140699
8.11756e-05
0.036765
0.0385909
0.0393927
0.0521513
0.0583907
0.0384532
0.0209623
-0.0132325
-0.0205193
-0.0498565
-0.0402271
-0.0255109
-0.0456656
-0.0523973
-0.0465729
-0.0193773
-0.0154821
-0.0106351
-0.00852187
-0.00711296
-0.00373461
-0.00323945
-0.00297704
-0.00176795
0.038149
0.0362069
0.0411602
0.0401836
0.032392
0.0223447
0.023193
-0.000823211
-0.0232483
-0.0236825
-0.0196594
-0.024851
-0.0437017
-0.0415853
-0.0238118
-0.0113074
-0.00946487
-0.00650899
-0.00491683
-0.00316504
-0.00204825
-0.00237653
-0.00366603
-0.00368878
0.0331259
0.0303577
0.0252152
0.0220513
0.0221711
0.018449
0.00724349
0.00637188
-0.00390942
-0.0105244
-0.0270288
-0.0429976
-0.0252154
-0.017201
-0.00731394
-0.0079457
-0.00552977
-0.00402712
-0.00371553
-0.00164976
-0.00200941
-0.00257059
-0.00431943
-0.00424779
0.022336
0.0173003
0.0100758
0.0199235
0.0166039
0.0201568
0.00596671
0.00249051
0.00808513
-0.0113273
-0.012962
-0.0231824
-0.00735716
-0.00444358
-0.0090591
-0.00775555
-0.00750352
-8.30604e-05
-0.00246402
-2.93596e-05
-0.000780825
-0.00210685
-0.00496138
-0.00295383
0.00454048
0.00551151
0.000870729
0.0100675
0.00734866
0.00613833
0.0038896
-0.00119313
0.00040303
-0.00258559
0.00278081
-0.000344124
-0.00156651
-0.00678872
-0.00259502
-0.00191164
-0.00191062
-0.00109423
-0.000371409
0.000437803
-0.000573817
-0.000111928
-0.00063935
-0.000854788
0.0738124
0.0709839
0.00433296
0.0643497
0.0547611
0.0102296
0.043504
0.0325866
0.0167264
0.0237158
0.0172097
0.0228971
0.0112439
0.00600092
0.0258062
0.00316492
0.00390586
0.0257607
0.00672205
0.0104246
0.0232776
0.0148465
0.0180358
0.0179533
0.0193475
0.020267
0.0126495
0.0219228
0.0240263
0.00867912
0.025901
0.027054
0.00554529
0.0272307
0.0267998
0.00286991
0.0260893
0.0248803
0.00154717
0.0232464
0.0239572
0.0016589
0.0260958
0.0279163
0.000821072
0.0301121
0.0336437
-0.000826972
0.0370802
0.0393241
-0.00274957
0.040296
0.0394294
-0.00424759
0.0360186
0.0302953
-0.00401023
0.0231664
0.00522379
-0.0100318
0.00270481
0.0045773
0.00592218
0.00788109
0.00620934
0.0104141
0.00738562
-0.000799166
0.000586966
-0.00241539
-0.00177582
-0.00409428
0.00114364
-0.00929232
0.00111477
-0.0041628
0.00052261
0.000717392
-0.000352581
0.000985523
6.47946e-05
0.000456233
-0.00115456
0.00365791
0.0676611
0.0652768
0.0661847
0.0682491
0.0654661
0.0641269
0.00238128
0.00513747
0.00599107
0.0607159
0.0540198
0.0506286
0.0615621
0.0544653
0.0536551
0.00818914
0.011308
0.0114554
0.0458914
0.037134
0.0305717
0.0484594
0.0365873
0.0372072
0.0144779
0.0174877
0.0171483
0.0287737
0.0217364
0.0169855
0.0276476
0.0189294
0.0214846
0.0202462
0.0225456
0.0219458
0.0166658
0.0116498
0.00655448
0.0118842
0.011774
0.0110975
0.0242193
0.0251078
0.0246811
0.00723228
0.00627412
0.00864322
0.00429237
0.00220403
0.00369706
0.0253301
0.0250436
0.0248938
0.00821543
0.0108787
0.013646
0.00259602
0.00512577
0.00798979
0.0238898
0.02218
0.0226187
0.013274
0.0154356
0.0195762
0.00741387
0.0102139
0.0124245
0.0196684
0.0171325
0.0191279
0.0169713
0.0182938
0.0209935
0.0125188
0.0142495
0.0163761
0.0144912
0.0121351
0.0146177
0.0199645
0.0217005
0.0242146
0.0158781
0.0180838
0.0208707
0.0101252
0.00862363
0.01021
0.0233438
0.0247922
0.0266773
0.020247
0.0246123
0.0255441
0.00718061
0.00573787
0.00700622
0.0254756
0.026415
0.0256126
0.0274335
0.029702
0.0277243
0.00442613
0.00354071
0.00391754
0.0270382
0.0268599
0.0236845
0.0308018
0.0324959
0.0285268
0.00297616
0.00234535
0.00134856
0.0271857
0.0294258
0.0231778
0.0345224
0.0357076
0.0301836
0.00207954
0.00191595
0.00115777
0.0321667
0.0324845
0.0275093
0.0376309
0.0389718
0.0356043
0.00151045
0.000886588
-0.00024779
0.0340105
0.0362229
0.0340046
0.0400189
0.0405894
0.0382857
5.1007e-05
-0.000954089
-0.00229223
0.0378118
0.0384409
0.0380025
0.0430049
0.042008
0.0378389
-0.00161584
-0.00251703
-0.00317131
0.0382538
0.0365324
0.0369643
0.041143
0.0349601
0.0342461
-0.00351187
-0.00411224
-0.00390316
0.0328148
0.0275323
0.0295758
0.0308771
0.0206941
0.0238997
-0.004959
-0.00553351
-0.00461832
0.0181321
0.0096711
0.00415273
0.0135422
0.010292
0.01119
0.0138187
0.00903025
0.00231989
0.0178866
0.012129
0.0172482
0.0218324
0.0194591
0.0115936
0.0189618
0.0188545
0.0164511
-0.00118948
-0.000673148
0.0126961
0.0113799
0.000920623
-0.0039071
-0.00780169
-0.00527115
0.00519021
-0.00887116
-0.00298954
-0.00864295
-0.0277466
-0.013402
-0.00352428
-0.00986859
0.00269867
0.000363583
-0.012906
-0.0118059
-0.00552866
-0.0068423
0.00278623
-0.00291098
-0.00704271
-0.00611521
-0.0050591
-0.0118203
-0.0048394
-0.00498415
-0.00218572
0.00122699
-0.000994316
-0.00264398
-0.000168634
0.000164803
-0.000352006
0.00167623
-0.000787976
-0.000104201
0.000299965
0.00106875
-0.000311756
0.000846009
-0.000887805
-0.00317283
-0.00282028
-0.000823232
-0.00541238
-0.0108448
-0.00425649
0.00208535
0.00205623
0.00764653
0.0075895
0.013723
0.0137104
0.0199949
0.0199987
0.0244776
0.0244851
0.0254752
0.0255177
0.024197
0.0242838
0.0201558
0.020214
0.0148701
0.0149061
0.0104399
0.0104442
0.00720355
0.00718328
0.00438995
0.00434688
0.00251376
0.00243527
0.00191411
0.0018689
0.001476
0.00144462
0.000140695
0.000118906
-0.00175596
-0.00176109
-0.00369402
-0.00368617
-0.00484164
-0.00473699
-0.0038689
-0.00376879
-0.00206198
-0.00209852
0.00473937
0.00469378
0.0106788
0.0106261
0.0168554
0.0168637
0.0226519
0.0226576
0.0252863
0.0253316
0.0251602
0.02522
0.022539
0.0226071
0.0175051
0.0175526
0.0124861
0.012504
0.00869111
0.00869098
0.00573038
0.00569985
0.00327215
0.00322621
0.00208344
0.00201158
0.00181442
0.00178013
0.000922477
0.000894752
-0.000782743
-0.000793001
-0.0027686
-0.00276858
-0.00437556
-0.00434475
-0.00480312
-0.00468962
-0.00632528
-0.00642294
0.0714801
0.0716892
0.0619049
0.0621179
0.0423803
0.0424544
0.023704
0.023744
0.0117739
0.0117115
0.00586756
0.00557096
0.00874558
0.00847924
0.0159597
0.0157611
0.019921
0.0198087
0.0223254
0.0222992
0.0257663
0.0257612
0.0265982
0.0266585
0.0249012
0.0250649
0.0223989
0.0226108
0.0252909
0.0254346
0.030074
0.0301475
0.0367749
0.0367948
0.0396494
0.039667
0.0351583
0.035128
0.022454
0.0223508
0.0024982
0.002383
0.0682826
0.0686229
0.0528456
0.052987
0.0322036
0.0322451
0.0172961
0.0172749
0.00737165
0.00729793
0.00648971
0.00608864
0.0121631
0.011935
0.018649
0.0185002
0.0209231
0.0208254
0.0241373
0.0241352
0.0265756
0.0265986
0.0259403
0.026049
0.0235658
0.0237576
0.0230875
0.0233516
0.0274098
0.0275343
0.033549
0.0335894
0.0388038
0.0388534
0.0386356
0.0385931
0.029669
0.0296287
0.00955811
0.00935102
-0.354871
-0.415577
-0.506292
-0.641933
-0.776564
-0.869796
-0.867745
-0.978732
-1.12539
-1.03893
-0.901168
-0.715311
-0.276501
-1.13214
-1.20998
-1.01822
-0.299933
-0.286212
-0.341826
-0.31841
-0.836634
-0.914424
-0.883245
-1.04865
-1.19974
-0.902803
-1.16895
-1.32518
-1.27131
-0.997799
-1.09705
-1.27966
-0.010067
-0.00627653
-0.141852
-0.109766
-0.0707528
-0.0561805
-0.0313541
-0.0168537
-0.0107188
-0.0052102
0.038201
-0.0228876
-0.0950946
-0.123003
-0.125481
-0.107784
-0.0887109
-0.0481951
-0.0228716
-0.0110444
-0.00598347
-0.00196839
-0.0618034
-0.0966383
-0.105164
-0.107886
-0.100407
-0.0537155
-0.0223854
-0.0104925
-0.00416025
-0.000505817
0.00117649
-0.314018
-0.346299
-0.422685
-0.48677
-0.572655
-0.681766
-0.804703
-0.995418
-0.939542
-1.01185
-1.35196
-1.52915
-0.962975
-0.765633
-0.356335
-0.38727
-0.446996
-0.513238
-0.592452
-0.709206
-0.847561
-1.05562
-1.40302
-1.24028
-1.44357
-1.59557
-0.956458
-0.816531
-0.62013
-0.494671
-0.409159
-0.348234
-0.386053
-0.419845
-0.478805
-0.531703
-0.607744
-0.706597
-0.863264
-1.0198
-1.10232
-1.14616
-1.3585
-1.39144
-0.914133
-0.800964
-0.577798
-0.486893
-0.407644
-0.346156
-0.399942
-0.422861
-0.476177
-0.530967
-0.605458
-0.716023
-0.841001
-0.931265
-1.04387
-0.98953
-1.14948
-1.04959
-0.761996
-0.666368
-0.515169
-0.455637
-0.378951
-0.326345
-0.398076
-0.416695
-0.453012
-0.506632
-0.570007
-0.66053
-0.789886
-0.874866
-1.1318
-0.82801
-0.794248
-0.59363
-0.532301
-0.489454
-0.427593
-0.393027
-0.33966
-0.30842
-0.385675
-0.401906
-0.424171
-0.467499
-0.529113
-0.591063
-0.730945
-0.831147
-1.09652
-0.6719
-0.434228
-0.134024
-0.339323
-0.321312
-0.333932
-0.322457
-0.301445
-0.280612
-0.363935
-0.373903
-0.388634
-0.415463
-0.460572
-0.512038
-0.59176
-0.680228
-0.905906
-0.6095
-0.196443
0.111156
-0.215769
-0.156552
-0.265582
-0.244156
-0.260193
-0.24625
-0.332372
-0.335266
-0.339785
-0.353124
-0.374905
-0.406959
-0.453764
-0.481888
-0.616336
-0.444826
-0.115343
0.170953
-0.0968872
-0.100861
-0.21795
-0.19992
-0.226513
-0.219989
-0.293074
-0.290658
-0.279791
-0.282667
-0.289453
-0.289671
-0.316519
-0.300746
-0.352318
-0.331129
-0.0919257
0.0528575
-0.0995187
-0.136402
-0.173609
-0.186877
-0.198486
-0.199221
-0.200513
-0.25069
-0.243175
-0.218408
-0.209592
-0.202263
-0.180717
-0.172381
-0.147501
-0.101817
-0.256067
-0.167219
-0.188599
-0.213006
-0.161908
-0.175507
-0.178366
-0.195748
-0.19068
-0.183277
-0.205998
-0.191281
-0.161335
-0.142358
-0.124329
-0.097949
-0.058039
-0.0403405
0.0759374
-0.203702
-0.302646
-0.413067
-0.26716
-0.223569
-0.222072
-0.201279
-0.187615
-0.170153
-0.163549
-0.161875
-0.146816
-0.107806
-0.0870749
-0.069383
-0.0454177
0.004291
0.0360681
0.114155
-0.170409
-0.381298
-0.445931
-0.330949
-0.279397
-0.214619
-0.171576
-0.154646
-0.142427
-0.141521
-0.123302
-0.110233
-0.0796148
-0.0478138
-0.0159727
0.0383308
0.0411218
0.123735
0.0842453
-0.13497
-0.355488
-0.342872
-0.284185
-0.202791
-0.156458
-0.131835
-0.122605
-0.116311
-0.118543
-0.0899179
-0.0800571
-0.0588373
-0.016807
0.00908849
0.110325
0.0926062
0.197988
0.0888315
-0.146491
-0.256906
-0.225479
-0.184761
-0.126824
-0.109221
-0.0995107
-0.0965421
-0.0921908
-0.0947962
-0.0639891
-0.0581815
-0.0330252
-0.0040313
0.0269512
0.0791254
0.131746
0.191021
0.0370146
-0.0998647
-0.176118
-0.146033
-0.101509
-0.0755866
-0.0699502
-0.0679022
-0.0673958
-0.0697326
-0.0726726
-0.0759356
-0.0458656
-0.0438513
-0.0293967
-0.0100936
0.0133763
0.0276176
0.0653823
0.103156
0.0115805
-0.0668351
-0.0802787
-0.0593489
-0.038636
-0.0216431
-0.0272515
-0.0315446
-0.0364273
-0.0454033
-0.0511207
-0.0569193
-0.0371685
-0.0385923
-0.0401034
-0.0222908
-0.0174643
-0.0101249
-0.0393336
-0.0152689
-0.0279447
-0.0500735
-0.02955
0.00815332
0.0164811
0.0238374
0.00836936
0.00225636
-0.00911319
-0.0213918
-0.030638
-0.0389968
-0.0353361
-0.0375516
-0.042985
-0.0399897
-0.044794
-0.0488706
-0.0986901
-0.133831
-0.0973678
-0.0582135
0.0277845
0.0409509
0.050718
0.0537517
0.0346431
0.0263567
0.00991855
-0.00238155
-0.0135665
-0.0227675
-0.0338512
-0.0342358
-0.0389962
-0.0469016
-0.0750675
-0.107835
-0.123152
-0.194604
-0.163681
-0.076051
0.0679558
0.0656961
0.0698524
0.0675023
0.0523733
0.0470939
0.0287472
0.0155375
0.00110006
-0.009154
-0.0322291
-0.0291932
-0.0299346
-0.0352357
-0.0549613
-0.0958222
-0.150533
-0.184778
-0.172987
-0.112261
-0.011964
0.0561328
0.072571
0.0836032
0.082631
0.0621537
0.0418914
0.0247024
0.00807285
-0.00134301
-0.0286007
-0.0224377
-0.0191294
-0.0198068
-0.032633
-0.0505486
-0.113791
-0.162722
-0.149225
-0.177619
-0.0814659
0.0292851
0.102025
0.100341
0.0814425
0.0614889
0.0438018
0.0272841
0.013915
0.00429799
-0.00786563
-0.0155946
-0.0289728
-0.0518708
-0.122213
-0.137478
-0.140253
-0.111446
-0.0529745
0.0684551
0.0854454
0.0673491
0.0501924
0.0316857
0.0193415
0.00989047
0.00272422
0.00798095
0.00378839
-0.00568215
-0.0176398
-0.055979
-0.0966613
-0.120374
-0.0903276
-0.0483503
-0.0127396
0.0156618
0.0198209
0.0177978
0.0121868
0.00704549
0.00247981
-0.00108999
-0.0122644
-0.0463895
-0.0899069
-0.0815284
-0.0556477
-0.0477452
-0.0437055
-0.0247255
-0.00903645
-0.00279001
-0.00118953
-0.00237698
-0.00290251
-0.00502894
-0.0313016
-0.0808841
-0.0995706
-0.104683
-0.0845013
-0.0238598
-0.0291917
-0.0214272
-0.0135346
0.0261495
0.00483843
-0.0754009
-0.115912
-0.303721
-0.327348
-0.348503
-0.364734
-0.377559
-0.387735
-0.393798
-0.395816
-0.394765
-0.390725
-0.38369
-0.37462
-0.363305
-0.349353
-0.333261
-0.315301
-0.295908
-0.27545
-0.254061
-0.232329
-0.210452
-0.188205
-0.166289
-0.145549
-0.126121
-0.108065
-0.0918448
-0.0774242
-0.0643894
-0.053038
-0.0441578
-0.0376045
-0.0334144
-0.0314518
-0.0310181
-0.0309421
-0.0310149
-0.031308
-0.0312261
-0.0304199
-0.0290437
-0.0264267
-0.327938
-0.351227
-0.33673
-0.373192
-0.389104
-0.36653
-1.05385
-1.22302
-0.987045
-1.20673
-1.26793
-1.12519
-1.30333
-1.34032
-1.3768
-0.370067
-0.387045
-0.373108
-0.401821
-0.4227
-0.403592
-0.400982
-0.408383
-0.396487
-0.444011
-0.446563
-0.423774
-0.409951
-0.408927
-0.400093
-0.444858
-0.438254
-0.420772
-0.406606
-0.401661
-0.393329
-0.430341
-0.422124
-0.411106
-0.392826
-0.380908
-0.375993
-0.411275
-0.399179
-0.389347
-0.367322
-0.351993
-0.349504
-0.384577
-0.364314
-0.356624
-0.333667
-0.313422
-0.313274
-0.340216
-0.314702
-0.313779
-0.291565
-0.269169
-0.27209
-0.288851
-0.265882
-0.267681
-0.246726
-0.223901
-0.22871
-0.241783
-0.213171
-0.217522
-0.200351
-0.177054
-0.18342
-0.184519
-0.157281
-0.16803
-0.155115
-0.135391
-0.141824
-0.133486
-0.117173
-0.127809
-0.117376
-0.10095
-0.105847
-0.102731
-0.0888657
-0.0951854
-0.0866737
-0.0735045
-0.0761731
-0.07208
-0.0590483
-0.0680521
-0.0615221
-0.0522614
-0.0537561
-0.048703
-0.0442106
-0.049981
-0.0456334
-0.041144
-0.0404719
-0.0394497
-0.0395894
-0.0402884
-0.0382809
-0.0365891
-0.0356639
-0.0403639
-0.0393092
-0.0374714
-0.0360758
-0.0345539
-0.0344757
-0.0393413
-0.0371126
-0.0362077
-0.0327491
-0.0311225
-0.0333568
-0.0354964
-0.0325546
-0.0319375
-0.0293349
-0.0269705
-0.0305914
-0.0291171
-0.0247725
-0.0262128
-0.0239299
-0.0197515
-0.0252646
-0.0202237
-0.0155864
-0.0181963
-0.275109
-0.275136
-0.301685
-0.301753
-0.346223
-0.346418
-0.375114
-0.375455
-0.392177
-0.392488
-0.394118
-0.394334
-0.383485
-0.383674
-0.363421
-0.363536
-0.333769
-0.333853
-0.29677
-0.296795
-0.255275
-0.255217
-0.212022
-0.211835
-0.167647
-0.167501
-0.12708
-0.127006
-0.0928476
-0.0927702
-0.0655136
-0.0653954
-0.0455991
-0.0454722
-0.0354066
-0.0351825
-0.0327822
-0.0324458
-0.0320866
-0.0318965
-0.0314041
-0.0313498
-0.0289315
-0.0288744
-0.325323
-0.325424
-0.362702
-0.362898
-0.385509
-0.385852
-0.394821
-0.395086
-0.390278
-0.390465
-0.374605
-0.374758
-0.349649
-0.349752
-0.315986
-0.316049
-0.276446
-0.276428
-0.233804
-0.233675
-0.189789
-0.189563
-0.146617
-0.146531
-0.109076
-0.108999
-0.0784349
-0.0783285
-0.0543348
-0.0542261
-0.0393348
-0.0391618
-0.0334996
-0.0331876
-0.0323353
-0.0320737
-0.031888
-0.0317787
-0.030454
-0.0304172
-0.0257937
-0.0257346
-0.194066
-0.189554
-0.177785
-0.175902
-0.161663
-0.15923
-0.140743
-0.139128
-0.139982
-0.144179
-0.145049
-0.117771
-0.119477
-0.121062
-0.12718
-0.128781
-0.0961942
-0.099619
-0.102313
-0.109516
-0.111797
-0.137043
-0.120359
-0.103219
-0.144389
-0.136317
-0.135653
-0.128246
-0.119755
-0.1184
-0.111149
-0.10258
-0.100498
-0.145665
-0.145631
-0.129524
-0.12946
-0.112612
-0.112517
-0.137714
-0.137669
-0.121122
-0.121044
-0.104009
-0.1039
-0.0037
-0.00505055
-0.00458953
-0.00299871
-0.00417811
-0.0046951
-0.00447198
-0.00371555
-0.00591329
-0.00534125
-0.00502925
-0.00543856
-0.00479492
-0.00432396
-0.00467689
-0.00610281
-0.00212955
-0.00220931
-0.00324786
-0.00522669
0.00115325
0.000831566
-0.000555229
-0.00242036
-0.00318648
-0.00455117
-0.00597267
-0.00585822
-0.00406247
-0.000450112
-0.00439231
-0.00446023
-0.00439611
-0.00482285
-0.00539136
-0.00435003
-0.00627684
-0.00634642
-0.00517663
-0.00628342
-0.00584888
-0.00405723
-0.00501483
-0.00380639
-0.00217301
-0.00205989
-9.25198e-05
0.00136571
-0.0799724
-0.0841829
-0.0916116
-0.0944192
-0.0619356
-0.0667093
-0.0745778
-0.0774818
-0.0453436
-0.0505063
-0.0581856
-0.0612415
-0.029812
-0.0352778
-0.042079
-0.0452949
-0.0171924
-0.0235142
-0.0287145
-0.0307678
-0.00956992
-0.0152094
-0.0186811
-0.019204
-0.00344812
-0.00760378
-0.0105098
-0.0106732
-0.00260667
-0.00507813
-0.00608496
-0.00483704
-0.0858855
-0.0691807
-0.0532528
-0.0378183
-0.0244893
-0.0146901
-0.00730789
-0.00344451
-0.0939213
-0.0855448
-0.0830708
-0.0770233
-0.0687831
-0.0662869
-0.0606124
-0.052687
-0.0498173
-0.0447347
-0.0373804
-0.0352571
-0.0305325
-0.0246098
-0.023304
-0.0195109
-0.0150966
-0.0144685
-0.0113685
-0.00830368
-0.00792404
-0.00607956
-0.00482338
-0.00522278
-0.00375877
-0.00365508
-0.0042758
-0.00420662
-0.00566059
-0.00562562
-0.00613534
-0.00612148
-0.00514902
-0.00513505
-0.0022735
-0.00228063
-0.00382891
-0.00374815
-0.00494822
-0.00490003
-0.00609107
-0.00606507
-0.00584127
-0.00582903
-0.00397093
-0.0039554
-0.000243608
-0.000260193
-0.0952508
-0.0951316
-0.0781624
-0.0780524
-0.0616626
-0.0615812
-0.0456087
-0.0455675
-0.031113
-0.0310816
-0.0196573
-0.0196108
-0.0112123
-0.0111515
-0.00565607
-0.00555792
-0.0866462
-0.0865294
-0.0697692
-0.0696794
-0.0535928
-0.0535279
-0.0381029
-0.0380668
-0.0248928
-0.0248658
-0.0151567
-0.0150967
-0.00795719
-0.00789991
-0.00424982
-0.00416907
)
;

boundaryField
{
    inlet
    {
        type            zeroGradient;
    }
    outlet
    {
        type            fixedValue;
        value           uniform 0;
    }
    wall
    {
        type            zeroGradient;
    }
    empty_zmin
    {
        type            empty;
    }
    empty_zmax
    {
        type            empty;
    }
    procBoundary1to0
    {
        type            processor;
        value           nonuniform List<scalar> 
39
(
-0.428858
-0.327681
-0.26032
-0.211689
-0.175851
-0.150144
-0.130577
-0.117443
-0.117522
-0.112632
-0.114463
-0.112029
-0.112028
-0.267341
-0.320264
-0.401101
-0.540904
-0.729773
-0.562956
-0.257347
-0.283333
-0.3008
-0.917256
-1.07241
-0.994345
-1.19622
-1.17007
-0.795785
-0.902993
-1.16888
-1.27206
-0.248904
-1.13354
-0.906802
-0.966605
-0.26902
-0.3008
-0.2471
-0.247142
)
;
    }
}


// ************************************************************************* //
