/*--------------------------------*- C++ -*----------------------------------*\
| =========                 |                                                 |
| \\      /  F ield         | OpenFOAM: The Open Source CFD Toolbox           |
|  \\    /   O peration     | Version:  2406                                  |
|   \\  /    A nd           | Website:  www.openfoam.com                      |
|    \\/     M anipulation  |                                                 |
\*---------------------------------------------------------------------------*/
FoamFile
{
    version     2.0;
    format      ascii;
    arch        "LSB;label=32;scalar=64";
    class       volScalarField;
    location    "3.42";
    object      Co;
}
// * * * * * * * * * * * * * * * * * * * * * * * * * * * * * * * * * * * * * //

dimensions      [0 0 0 0 0 0 0];

internalField   nonuniform List<scalar> 
2367
(
0.0769681
0.0762653
0.0758405
0.0755332
0.0726221
0.0701531
0.131673
0.125798
0.130341
0.130719
0.138837
0.143068
0.0978161
0.0493728
0.102272
0.0520724
0.029616
0.0342291
0.0433544
0.052804
0.0624659
0.0670852
0.063516
0.0542743
0.0418297
0.0332041
0.123865
0.122814
0.0661611
0.130564
0.131543
0.0685095
0.0676869
0.0674987
0.138995
0.13999
0.0789664
0.079502
0.0793273
0.0753394
0.0686218
0.115217
0.0931723
0.0687231
0.0501286
0.0513401
0.0802654
0.11098
0.140385
0.0752636
0.148028
0.150188
0.083403
0.0849155
0.0868726
0.0854719
0.158832
0.135042
0.0974514
0.0596068
0.0307522
0.0356935
0.0772806
0.119984
0.15675
0.0843409
0.085729
0.0848392
0.0808134
0.078312
0.0760451
0.0738785
0.138635
0.132538
0.1596
0.165766
0.0941243
0.0956044
0.097596
0.193926
0.186886
0.174364
0.180702
0.197355
0.0943469
0.0916787
0.0896362
0.0854202
0.0805216
0.0769373
0.144987
0.139042
0.168548
0.176303
0.0954528
0.103318
0.211884
0.230752
0.223665
0.228927
0.213914
0.0986119
0.0915297
0.0872282
0.084323
0.0804678
0.152564
0.144688
0.178081
0.188444
0.105943
0.218644
0.23016
0.255308
0.232967
0.209222
0.098932
0.0918959
0.086915
0.0826957
0.158456
0.150295
0.185475
0.197252
0.107556
0.218688
0.241397
0.233797
0.215883
0.0972813
0.0916954
0.0884941
0.0845695
0.163007
0.155618
0.191257
0.202417
0.109458
0.221319
0.228521
0.206439
0.209595
0.0983696
0.0939803
0.0896556
0.0855432
0.16639
0.159359
0.193608
0.202456
0.108729
0.216936
0.22879
0.212266
0.208468
0.0960207
0.0914652
0.0886551
0.0860477
0.168359
0.161596
0.197168
0.198785
0.106926
0.218884
0.237914
0.213258
0.212052
0.0945159
0.0895252
0.086153
0.0849448
0.16847
0.163402
0.19921
0.200083
0.103403
0.209349
0.215574
0.169839
0.196623
0.0912973
0.0886543
0.0869658
0.0856378
0.169689
0.16416
0.200066
0.203316
0.103755
0.106986
0.220706
0.0853639
0.162052
0.202337
0.0931306
0.0898233
0.0878604
0.0861754
0.1696
0.16289
0.199707
0.20374
0.106071
0.108022
0.215487
0.0767848
0.0232137
0.0508657
0.16043
0.0951957
0.0923123
0.0898264
0.0862671
0.0853335
0.169584
0.160389
0.198914
0.203664
0.103076
0.103904
0.0991932
0.105368
0.00979111
0.0122713
0.0348669
0.0236265
0.0332873
0.0867093
0.0920532
0.0896646
0.0878577
0.0858759
0.0850485
0.168644
0.156635
0.196923
0.20268
0.103401
0.103922
0.100241
0.0522979
0.0308606
0.0437398
0.0498275
0.0648077
0.0642478
0.0609348
0.0450632
0.0334147
0.0231164
0.0462627
0.0870107
0.0912027
0.0882755
0.0872495
0.085751
0.0843836
0.167172
0.152471
0.193648
0.202511
0.103437
0.106248
0.104067
0.0636771
0.0259868
0.0310941
0.0577325
0.0569032
0.0302996
0.0596509
0.0605225
0.0253686
0.0169604
0.050557
0.0853497
0.0902588
0.0881423
0.0856772
0.0843434
0.0832806
0.165414
0.147828
0.0734425
0.0343138
0.0369131
0.0359212
0.0303985
0.0312288
0.0365706
0.0354169
0.0315428
0.0207713
0.0489364
0.0821157
0.0831946
0.0806621
0.081088
0.0818815
0.0816279
0.162922
0.142841
0.0863436
0.0478554
0.0408205
0.0387913
0.0309657
0.0281994
0.0378715
0.0396854
0.0359864
0.0238323
0.0444645
0.0783152
0.079622
0.0788596
0.0796348
0.0801416
0.0800437
0.160113
0.137765
0.117024
0.121306
0.123632
0.129458
0.132128
0.137601
0.141499
0.1473
0.119457
0.130736
0.144115
0.074766
0.124192
0.0311554
0.0311415
0.0625885
0.099448
0.123343
0.131984
0.142353
0.129857
0.136848
0.152025
0.157383
0.191388
0.207898
0.204434
0.168256
0.181215
0.198116
0.196238
0.142456
0.161877
0.167053
0.239171
0.247265
0.247315
0.215217
0.219063
0.233884
0.235217
0.147738
0.171332
0.175632
0.278536
0.240427
0.258033
0.153357
0.179003
0.182728
0.252956
0.237752
0.234249
0.22657
0.217269
0.220549
0.15771
0.185104
0.187798
0.228212
0.22441
0.223085
0.208732
0.208594
0.208938
0.160509
0.18912
0.190723
0.228216
0.23594
0.240508
0.212544
0.222223
0.215279
0.162625
0.193241
0.193799
0.229772
0.224726
0.234478
0.218637
0.216205
0.202197
0.16417
0.193195
0.192242
0.0920136
0.119455
0.163799
0.190475
0.188016
0.0479508
0.0722924
0.100936
0.0843927
0.0732206
0.162109
0.185325
0.18167
0.00683248
0.00836702
0.0483327
0.0316878
0.0294254
0.15864
0.177374
0.171166
0.0199532
0.0360647
0.0281482
0.0540784
0.044478
0.0726707
0.0672657
0.0412946
0.0463718
0.027052
0.0229149
0.0334677
0.15469
0.163515
0.155523
0.150236
0.146873
0.136599
0.145475
0.140346
0.135337
0.123812
0.132874
0.129987
0.123975
0.137602
0.135314
0.131008
0.144685
0.139241
0.13371
0.148511
0.148824
0.140296
0.150061
0.145623
0.142296
0.160871
0.15524
0.109924
0.11541
0.126345
0.0769571
0.075551
0.0957155
0.054074
0.0448785
0.068038
0.0433428
0.0351459
0.041174
0.0723721
0.0672476
0.0412528
0.0960244
0.0977781
0.0769708
0.114542
0.123608
0.115311
0.142028
0.139381
0.142001
0.149637
0.161264
0.155927
0.152475
0.169261
0.166747
0.16694
0.161792
0.159187
0.160891
0.160751
0.154823
0.137487
0.144653
0.14867
0.163331
0.171149
0.165836
0.170571
0.183201
0.17653
0.204449
0.210805
0.201296
0.187138
0.192298
0.203629
0.144034
0.149972
0.153855
0.172572
0.180245
0.174882
0.18124
0.186861
0.184587
0.221889
0.235758
0.229878
0.206454
0.214637
0.221648
0.150526
0.155111
0.159205
0.182992
0.187991
0.182963
0.195675
0.197908
0.192373
0.223774
0.23068
0.220489
0.2453
0.263597
0.245697
0.221036
0.227931
0.242664
0.206298
0.206447
0.215848
0.156167
0.15987
0.163481
0.190468
0.194323
0.189514
0.206426
0.199739
0.197682
0.233046
0.229163
0.222439
0.204245
0.204472
0.211853
0.160914
0.163227
0.165748
0.195926
0.196811
0.193292
0.212297
0.202435
0.199675
0.229689
0.224199
0.222252
0.203246
0.202738
0.207317
0.164317
0.165391
0.167286
0.197009
0.196827
0.194689
0.211807
0.202049
0.199207
0.225914
0.233723
0.224931
0.198919
0.204754
0.214677
0.166501
0.167188
0.168456
0.197213
0.200298
0.199152
0.204485
0.205927
0.201897
0.230064
0.228057
0.218781
0.200448
0.197053
0.208562
0.168011
0.169006
0.169655
0.199969
0.201933
0.200087
0.200766
0.208249
0.204145
0.216259
0.21695
0.208086
0.195527
0.17111
0.217801
0.19718
0.204451
0.159362
0.189534
0.191245
0.201593
0.169434
0.170219
0.171057
0.202054
0.202262
0.199899
0.203883
0.208708
0.204781
0.193068
0.187722
0.217898
0.201659
0.196436
0.15751
0.193692
0.192249
0.20004
0.169707
0.170811
0.171986
0.202263
0.202641
0.199389
0.20477
0.207828
0.204566
0.190619
0.195931
0.213175
0.0225785
0.018382
0.093442
0.0796983
0.0804958
0.0371077
0.192545
0.192419
0.165078
0.169381
0.169406
0.170477
0.202551
0.201688
0.198205
0.204082
0.202004
0.201508
0.0216129
0.0393842
0.123446
0.00781387
0.0224071
0.0230241
0.0211848
0.0137327
0.0156682
0.0926262
0.110633
0.0434349
0.167856
0.167727
0.169573
0.201439
0.202489
0.196183
0.203204
0.204644
0.203483
0.036394
0.0469249
0.0411786
0.0490411
0.0576538
0.0538401
0.0539708
0.0562406
0.0558271
0.0694168
0.0630062
0.0591208
0.0619294
0.0567984
0.060648
0.057769
0.0485902
0.0545206
0.0353749
0.0344138
0.0520892
0.0259078
0.0293637
0.0408332
0.0234547
0.0229119
0.0258113
0.165886
0.165356
0.167719
0.20123
0.20061
0.190432
0.202397
0.203796
0.202199
0.0585086
0.0662153
0.0646362
0.0601721
0.0599639
0.0598188
0.0522546
0.0626478
0.0679046
0.0410134
0.048589
0.0705185
0.163704
0.163008
0.165321
0.161247
0.160171
0.162169
0.15853
0.157408
0.159281
0.253765
0.196775
0.112426
0.116833
0.124808
0.100817
0.0336361
0.0294138
0.0976653
0.0772462
0.0204177
0.0104812
0.0739092
0.0505191
0.0465156
0.0231877
0.0707436
0.0428441
0.042264
0.0331337
0.0696807
0.0471149
0.0943842
0.0733266
0.0265903
0.0141086
0.239057
0.180324
0.200008
0.13018
0.222322
0.0952209
0.127863
0.0224014
0.132822
0.103311
0.104125
0.0537664
0.110295
0.0576909
0.115641
0.0610118
0.119533
0.0626772
0.121832
0.0631048
0.123849
0.062474
0.124015
0.0592423
0.122353
0.0539895
0.116764
0.0462622
0.107035
0.0379536
0.0958448
0.0302445
0.083112
0.0231377
0.0691452
0.0165045
0.0554728
0.0106509
0.0437175
0.00587976
0.0337213
0.00202814
0.241005
0.17965
0.223411
0.140901
0.246044
0.0970227
0.150569
0.030642
0.147305
0.109796
0.132319
0.0956495
0.0243019
0.0155312
0.160493
0.118415
0.0726606
0.0538383
0.0930712
0.0712619
0.037621
0.0291731
0.0498222
0.018151
0.0488151
0.0250849
0.0774641
0.0543278
0.0707489
0.0530182
0.221893
0.123954
0.186498
0.052493
0.108128
0.0559671
0.113636
0.0596547
0.11806
0.0621287
0.121263
0.0631048
0.122509
0.062909
0.124152
0.0611339
0.123538
0.0569288
0.120511
0.0504674
0.112228
0.0420292
0.101958
0.0341444
0.0896882
0.0266301
0.0763347
0.0197659
0.0622196
0.0134882
0.0494377
0.00814206
0.0386827
0.00389429
0.0291158
0.00138144
0.0880393
0.043771
0.0990758
0.0514
0.108544
0.0586761
0.121105
0.0678101
0.131983
0.0761597
0.141917
0.083336
0.149991
0.0885784
0.154828
0.0904549
0.15806
0.0900858
0.162485
0.0862187
0.162997
0.0762781
0.152452
0.0584625
0.13396
0.0408253
0.108135
0.0243175
0.072812
0.00950604
0.0314947
0.0109676
0.0401474
0.0199037
0.261521
0.197982
0.154472
0.114352
0.245749
0.163674
0.241141
0.130229
0.186043
0.0413241
0.0728784
0.062844
0.147434
0.0716441
0.031805
0.00285172
0.0564249
0.0357248
0.153969
0.114326
0.0968716
0.0751945
0.12154
0.0889923
0.120201
0.0940636
0.0234134
0.013986
0.135954
0.100458
0.236574
0.179268
0.101407
0.0991179
0.0949593
0.0477093
0.105411
0.0556009
0.115585
0.0632519
0.126393
0.071971
0.136863
0.079865
0.145775
0.0860801
0.152906
0.0901434
0.156745
0.0904549
0.160809
0.0889678
0.162195
0.0817222
0.159463
0.0680068
0.144011
0.0494506
0.12228
0.0324691
0.0911142
0.0165317
0.0532604
0.00794729
0.0261217
0.0135505
0.0497512
0.0287718
0.0652857
0.0555529
0.0111277
0.00280902
0.0526635
0.0115034
0.0829156
0.041865
0.0660663
0.0428495
0.0443456
0.0274129
0.046339
0.029241
0.030556
0.0144951
0.0163451
0.00580279
0.0543775
0.0414613
0.144538
0.106135
0.240507
0.161209
0.117124
0.0497357
0.0560154
0.0596686
0.184875
0.200483
0.0997459
0.100879
0.101924
0.172873
0.195885
0.0995514
0.103317
0.104978
0.125884
0.115272
0.10548
0.096648
0.197972
0.194391
0.179082
0.200759
0.198685
0.197281
0.191118
0.187308
0.167096
0.196927
0.19587
0.192806
0.0499775
0.0348521
0.0449291
0.0382775
0.047519
0.037442
0.0457153
0.0382775
0.0399155
0.0377418
0.0404704
0.0450854
0.0498969
0.0536622
0.0345812
0.0378325
0.0441899
0.0515912
0.0593745
0.0593715
0.0571748
0.053953
0.048806
0.0446729
0.0615166
0.0564132
0.0507269
0.043693
0.0368901
0.109833
0.108278
0.0564179
0.113486
0.112117
0.0590305
0.117517
0.117004
0.0611996
0.0608314
0.0655138
0.0640849
0.102363
0.106231
0.106056
0.109572
0.110649
0.116162
0.10933
0.119288
0.116421
0.10809
0.12047
0.121222
0.113017
0.120877
0.118982
0.112061
0.122875
0.121615
0.117015
0.130592
0.126267
0.118865
0.130413
0.13246
0.0663798
0.0289082
0.0719342
0.0328166
0.0808173
0.0381326
0.0715415
0.03167
0.0779405
0.0357165
0.0870869
0.0418368
0.0934018
0.094489
0.0949627
0.0954401
0.0956878
0.0958633
0.0959708
0.0960386
0.0960825
0.0961122
0.0961306
0.0961436
0.096151
0.0961478
0.0961363
0.0961142
0.0960842
0.0960207
0.0958424
0.0958708
0.0955925
0.095131
0.0945129
0.0955716
0.0937985
0.0927339
0.0939508
0.0948239
0.0952611
0.0955632
0.0957491
0.0958725
0.0959604
0.0960246
0.0960687
0.0960973
0.0961077
0.0961001
0.0960757
0.0960248
0.0959616
0.0958468
0.0955834
0.095544
0.0950859
0.0942893
0.093035
0.0953886
0.0986731
0.0955107
0.0469358
0.0470449
0.0472443
0.0473775
0.0474863
0.0475881
0.0476786
0.0477498
0.0477977
0.0478353
0.0478579
0.0478638
0.0478488
0.0478052
0.0477325
0.047594
0.0474473
0.0473388
0.0473203
0.0476891
0.0957502
0.100159
0.100678
0.0978854
0.0479121
0.0474366
0.0473588
0.0474251
0.0475055
0.0475803
0.0476541
0.0477268
0.0477879
0.0478313
0.0478643
0.047883
0.0478901
0.0478732
0.0478491
0.04782
0.0476989
0.0477135
0.0481911
0.0490047
0.0988939
0.100814
0.101107
0.0990425
0.048376
0.0477976
0.0475569
0.0474919
0.047513
0.047569
0.0476249
0.0476765
0.0477316
0.0477775
0.0478165
0.0478458
0.0478673
0.047877
0.0478527
0.0478124
0.0477827
0.0480734
0.0485664
0.0492157
0.0995476
0.1
0.101249
0.0995317
0.0487922
0.0482359
0.0478143
0.0476185
0.0475548
0.0475459
0.0475769
0.0476287
0.0476933
0.0477891
0.0478475
0.0478667
0.0478889
0.0479029
0.0479025
0.047962
0.0480633
0.0484591
0.0491614
0.0497996
0.10048
0.0990438
0.101257
0.0996831
0.048822
0.0483782
0.0480628
0.0477843
0.0476475
0.047571
0.0475606
0.0476125
0.0476415
0.0476451
0.0477619
0.0479167
0.0480051
0.0480664
0.048162
0.0483011
0.0484371
0.0487673
0.0491867
0.0496404
0.100449
0.0981352
0.101174
0.0997729
0.0491045
0.0486081
0.0482
0.0479833
0.0478074
0.0476448
0.0475523
0.0475537
0.0476749
0.0477908
0.0477991
0.047814
0.0479785
0.0481573
0.048277
0.0484066
0.0485824
0.0488385
0.0493506
0.0499205
0.101045
0.0973052
0.101224
0.0998298
0.0490148
0.0486545
0.0483832
0.0481611
0.0479509
0.0477747
0.0476275
0.0475462
0.0475965
0.0476706
0.0479186
0.0481539
0.0481816
0.0483083
0.0485322
0.0487943
0.0490485
0.0493417
0.0496585
0.0500193
0.101216
0.0965496
0.101622
0.100141
0.0492232
0.048882
0.0486027
0.0482801
0.0480258
0.0478197
0.047599
0.0475124
0.0475962
0.0478083
0.0478219
0.0479524
0.0483133
0.0485436
0.0486922
0.0487995
0.0489467
0.0492791
0.0496474
0.0501798
0.101603
0.0958748
0.101621
0.100074
0.0495856
0.0491261
0.0487896
0.0485774
0.0483481
0.0480228
0.0477283
0.0475982
0.0475376
0.0477195
0.0480817
0.0483145
0.0484425
0.0487645
0.049068
0.0493853
0.0497193
0.0502401
0.0507656
0.0510668
0.101702
0.095207
0.101529
0.10033
0.0495512
0.0493476
0.0491033
0.0487041
0.04825
0.047912
0.0476924
0.047499
0.0475167
0.0476417
0.0477753
0.0481255
0.0485035
0.0488412
0.0491932
0.0494303
0.0496548
0.0496354
0.0499253
0.0508196
0.102482
0.0950229
0.101649
0.100545
0.0503501
0.0497371
0.0492677
0.0488658
0.0485118
0.0482246
0.0477471
0.0475808
0.0476367
0.0477836
0.0481724
0.048609
0.0488972
0.0492124
0.0495482
0.0499183
0.0503066
0.0508386
0.051292
0.0514527
0.102244
0.0953657
0.101938
0.101024
0.0503624
0.0500854
0.0497929
0.0493539
0.0488868
0.0483487
0.0479432
0.0474447
0.0473489
0.0477776
0.0481698
0.0486061
0.0491556
0.0496494
0.0500153
0.050335
0.0505195
0.0505886
0.0505645
0.0512642
0.103492
0.0955083
0.102374
0.101306
0.0512309
0.0506119
0.0500786
0.0495225
0.0489246
0.0484201
0.0478472
0.0473067
0.0473523
0.0479582
0.0485344
0.0491187
0.049661
0.0501674
0.0507196
0.0511986
0.0517199
0.0523385
0.0526249
0.0528416
0.10319
0.0959502
0.103341
0.102181
0.051023
0.0511332
0.05082
0.0502206
0.0496148
0.048923
0.0480815
0.047198
0.0471203
0.0476628
0.0483262
0.0491989
0.0501516
0.0508806
0.0515257
0.0520345
0.0521762
0.0519338
0.0519417
0.0528249
0.104822
0.0970955
0.104098
0.103003
0.05296
0.052101
0.0515086
0.05114
0.0503908
0.0489538
0.0474052
0.0463974
0.0462908
0.0470259
0.047984
0.0492031
0.0505455
0.0516158
0.0522274
0.0522529
0.0525075
0.0532077
0.0535287
0.0535131
0.105262
0.0984642
0.105332
0.105061
0.0527997
0.0525072
0.0519569
0.0509669
0.0496856
0.0483393
0.0470817
0.0458855
0.0456347
0.0463704
0.0474041
0.0487319
0.0503366
0.0514757
0.0523633
0.0533216
0.0539332
0.0540065
0.0542515
0.0546693
0.107606
0.0998136
0.107603
0.106011
0.0553904
0.0547497
0.0538497
0.0525756
0.0506947
0.0487098
0.0464689
0.0446974
0.0444067
0.0456408
0.0473404
0.049015
0.0505016
0.0524967
0.0543291
0.0554332
0.0560686
0.056548
0.0564625
0.0563264
0.108251
0.101915
0.0453761
0.0432715
0.0426868
0.04432
0.0464271
0.0487637
0.0507202
0.0526561
0.0543133
0.0558877
0.0564488
0.0563782
0.0569599
0.0571697
0.111119
0.104518
0.0448605
0.0416779
0.0407314
0.0427499
0.0458875
0.0495465
0.0529864
0.0558141
0.0574609
0.058346
0.0595684
0.0601366
0.0598159
0.0596242
0.113335
0.107669
0.0561894
0.0588281
0.0607027
0.0611465
0.0611583
0.0614323
0.0611998
0.116876
0.111402
0.0637293
0.0648608
0.0640308
0.06431
0.0653709
0.0653926
0.0641226
0.120713
0.11546
0.0658006
0.069881
0.0727216
0.0718759
0.0701391
0.0691369
0.0673184
0.126044
0.120695
0.109253
0.105704
0.111272
0.105039
0.105156
0.105177
0.10506
0.105319
0.105245
0.105412
0.105372
0.105466
0.105444
0.105494
0.105481
0.105514
0.105506
0.105524
0.10552
0.105534
0.105529
0.105544
0.10554
0.105538
0.105541
0.105538
0.105539
0.105538
0.105538
0.105532
0.105536
0.105517
0.105528
0.105484
0.1055
0.105456
0.105471
0.105459
0.105442
0.105336
0.105413
0.105162
0.105257
0.105023
0.105003
0.11131
0.105717
0.109256
0.0955306
0.0920646
0.0921004
0.095361
0.0983122
0.0983895
0.100082
0.100661
0.100849
0.100679
0.100116
0.100463
0.0997466
0.0990525
0.0995506
0.0987233
0.0980341
0.0985548
0.0976885
0.0971151
0.097636
0.0966422
0.096156
0.0967256
0.0957302
0.0951495
0.0960402
0.0950753
0.0943236
0.0954283
0.094317
0.0937668
0.0950196
0.0936924
0.0935364
0.0952432
0.0936089
0.0938321
0.0956398
0.0938395
0.0942084
0.0960465
0.0942337
0.0949101
0.0970999
0.0947655
0.095912
0.098505
0.095789
0.0974451
0.0998058
0.0973984
0.0996779
0.101837
0.0994379
0.101854
0.104864
0.107559
0.111982
0.11531
0.120438
0.124995
0.0559097
0.0545631
0.0522828
0.0496561
0.0474194
0.0583957
0.057324
0.0558005
0.0530871
0.049361
0.0943853
0.0926537
0.0912783
0.09464
0.0942945
0.0936258
0.0952795
0.0948462
0.094556
0.0955799
0.095267
0.0950567
0.0957862
0.0955819
0.095426
0.0959242
0.0957852
0.0956896
0.0960088
0.0958996
0.0958419
0.0960625
0.0959765
0.0959418
0.0960984
0.0960327
0.096005
0.0961237
0.0960738
0.0960538
0.0961345
0.0961018
0.096089
0.0961513
0.0961223
0.0961121
0.0961497
0.096129
0.0961258
0.0961436
0.0961204
0.0961237
0.0961269
0.0960891
0.0961027
0.0961014
0.0960419
0.0960671
0.0960595
0.0959317
0.0959878
0.095946
0.095852
0.0958846
0.0958209
0.0955946
0.0958068
0.0957752
0.0951959
0.0954197
0.0953653
0.0944048
0.0948272
0.0947984
0.0932667
0.0939605
0.0934178
0.0912987
0.0926714
0.0928171
0.0946826
0.0964656
0.0932796
0.0938051
0.0938299
0.0945794
0.0946016
0.0941866
0.0950792
0.095139
0.094855
0.0954607
0.0954478
0.0952299
0.0956853
0.0956414
0.0954966
0.0958322
0.095774
0.0956605
0.0959277
0.0958705
0.0957986
0.0959977
0.0959498
0.0958983
0.0960542
0.0960109
0.0959708
0.0960871
0.0960556
0.0960258
0.0961084
0.0960781
0.0960659
0.0961142
0.0960944
0.0960778
0.0961012
0.0960926
0.0960828
0.0960709
0.0960584
0.0960566
0.09601
0.0959956
0.0960158
0.0959199
0.0958722
0.0959359
0.0957439
0.0957579
0.0957995
0.0955273
0.0954626
0.0957183
0.095355
0.0951262
0.0954016
0.0947027
0.0946122
0.0950233
0.0934318
0.094377
0.0943867
0.0937236
0.0964488
0.0947387
0.0968971
0.097705
0.099693
0.0939017
0.0953956
0.0962351
0.0985326
0.0999436
0.0982764
0.0991718
0.0990217
0.100546
0.096606
0.0970899
0.0977852
0.100647
0.101008
0.0998735
0.100077
0.0994137
0.100646
0.0978289
0.097854
0.0984485
0.101146
0.101223
0.100344
0.100456
0.0996596
0.100691
0.0986497
0.0982145
0.0987596
0.101321
0.101286
0.100564
0.100612
0.0999887
0.100834
0.0986916
0.0985891
0.099141
0.10148
0.1013
0.10053
0.100643
0.100164
0.100872
0.0991347
0.0988159
0.0992925
0.101658
0.101243
0.100536
0.100833
0.100043
0.100707
0.0986556
0.0990599
0.0993365
0.101819
0.101359
0.100844
0.10142
0.10082
0.100996
0.0992802
0.0991903
0.0997935
0.101925
0.101681
0.101364
0.101405
0.101325
0.101276
0.0992917
0.0999331
0.100348
0.101871
0.102316
0.103067
0.101376
0.102033
0.101762
0.0997682
0.0997339
0.100817
0.102296
0.103097
0.10331
0.101476
0.102817
0.102351
0.100326
0.102379
0.102714
0.102838
0.103925
0.10462
0.101593
0.103346
0.102971
0.100533
0.102575
0.103163
0.103447
0.104034
0.10411
0.101977
0.104851
0.10425
0.101007
0.104746
0.104461
0.103293
0.105885
0.107526
0.102889
0.105816
0.105356
0.101731
0.103718
0.105195
0.10467
0.107497
0.108835
0.103757
0.108013
0.107045
0.10307
0.109088
0.108028
0.106054
0.109428
0.110401
0.105271
0.111086
0.109655
0.104837
0.109642
0.111155
0.108155
0.110381
0.111472
0.1069
0.112421
0.111427
0.105857
0.114313
0.113047
0.108471
0.114425
0.116814
0.111639
0.116449
0.118002
0.113724
0.121978
0.125132
0.117776
0.124887
0.126934
0.121106
0.130422
0.134001
0.125938
0.13401
0.137723
0.105447
0.0851926
0.0984238
0.0616582
0.093494
0.0448983
0.0816063
0.0318987
0.0711375
0.0254583
0.0628779
0.0219244
0.0562707
0.0197291
0.0509804
0.0180679
0.0468125
0.0167855
0.0436699
0.0157752
0.0414781
0.0151704
0.0409523
0.0151944
0.0434427
0.0156239
0.0468709
0.0170864
0.0495237
0.0188314
0.0525259
0.0205237
0.0553773
0.0225543
0.0583978
0.0242647
0.0627952
0.0269201
0.0663507
0.0292324
0.0724966
0.0324705
0.0777686
0.0363764
0.0837869
0.0401676
0.0898146
0.0441755
0.107002
0.0982877
0.0989204
0.0705412
0.0972564
0.0533338
0.0877922
0.0374331
0.0759764
0.028112
0.0668689
0.0234865
0.0593168
0.0207022
0.0533986
0.0188159
0.0485117
0.0173051
0.0450255
0.0162131
0.0422938
0.0153838
0.0409466
0.0151944
0.0418864
0.0153135
0.0456449
0.01638
0.0488964
0.0181747
0.0517462
0.0199067
0.0551788
0.0218735
0.057697
0.0237329
0.0621491
0.0259644
0.066308
0.0287455
0.0710463
0.0311919
0.0781305
0.0354093
0.0828537
0.0388535
0.0890204
0.0428498
0.0956635
0.0471915
0.10552
0.0851947
0.0983491
0.0615619
0.0933826
0.0446958
0.0814392
0.0316461
0.0707643
0.0251445
0.0625628
0.0216307
0.0556555
0.0192058
0.0498815
0.0173074
0.0454372
0.0158748
0.0421821
0.0148244
0.0395088
0.0139606
0.0379223
0.0135307
0.0392351
0.0137597
0.0423403
0.0147106
0.0458736
0.0164648
0.0487705
0.0182426
0.0523076
0.0203925
0.0561063
0.0227494
0.0603205
0.0254484
0.107
0.0982877
0.0989051
0.0704739
0.0972044
0.0531906
0.0875239
0.0371681
0.075451
0.0277443
0.0662373
0.0231136
0.0587877
0.0202823
0.0526484
0.0182234
0.047536
0.0165729
0.0434075
0.0152376
0.0403856
0.0142257
0.0385426
0.013684
0.0382425
0.0135949
0.0407803
0.0141883
0.0444816
0.0155977
0.047779
0.0175318
0.0513484
0.0195312
0.055199
0.0218823
0.059759
0.0245827
0.0644826
0.0274191
0.0999306
0.0629813
0.0403168
0.0348564
0.0288899
0.0209374
0.0331327
0.0375556
0.036646
0.0240855
0.0368597
0.0737464
0.0767781
0.0777154
0.0781571
0.0781937
0.078311
0.157382
0.132898
0.086115
0.0554167
0.0340129
0.0223129
0.0113153
0.0223193
0.0306995
0.0324022
0.0202119
0.0274246
0.0689039
0.0743445
0.0744515
0.0746704
0.0754797
0.0768683
0.155043
0.128774
0.0697685
0.0707837
0.0743259
0.0756133
0.0766584
0.153922
0.12536
0.130759
0.126981
0.155929
0.1548
0.156428
0.153901
0.153374
0.15527
0.152538
0.103692
0.0821017
0.0583334
0.0392089
0.018955
0.0115974
0.0175429
0.0220207
0.0115375
0.0195018
0.0627482
0.0246689
0.00213643
0.0173565
0.00421346
0.0115646
0.00602334
0.0207408
0.00314356
0.0144342
0.00527643
0.131868
0.182671
0.0956919
0.101874
0.109721
0.111955
0.0525505
0.16996
0.187508
0.161163
0.191707
0.0993495
0.104492
0.108549
0.148275
0.187594
0.0984634
0.104662
0.110687
0.108867
0.0877045
0.0783506
0.0692556
0.0606217
0.18451
0.181022
0.155331
0.194333
0.193912
0.189121
0.178125
0.174002
0.140709
0.191445
0.190344
0.184734
0.0339148
0.0258013
0.0242049
0.0445564
0.0364347
0.0386966
0.0303864
0.0416378
0.0332403
0.0360664
0.0278402
)
;

boundaryField
{
    inlet
    {
        type            zeroGradient;
    }
    outlet
    {
        type            zeroGradient;
    }
    wall
    {
        type            zeroGradient;
    }
    empty_zmin
    {
        type            empty;
    }
    empty_zmax
    {
        type            empty;
    }
    procBoundary0to1
    {
        type            processor;
        value           nonuniform List<scalar> 
35
(
0.0719917
0.0741422
0.0760247
0.0769121
0.154729
0.0775678
0.154729
0.124173
0.152667
0.109246
0.100674
0.0844045
0.0658943
0.0449362
0.0295401
0.0275189
0.0247292
0.00765727
0.0147874
0.0566409
0.00937686
0.0066992
0.122764
0.178848
0.0926117
0.185313
0.0973355
0.105558
0.110142
0.0450903
0.1644
0.185313
0.0319928
0.0229307
0.0319928
)
;
    }
}


// ************************************************************************* //
