/*--------------------------------*- C++ -*----------------------------------*\
| =========                 |                                                 |
| \\      /  F ield         | OpenFOAM: The Open Source CFD Toolbox           |
|  \\    /   O peration     | Version:  2406                                  |
|   \\  /    A nd           | Website:  www.openfoam.com                      |
|    \\/     M anipulation  |                                                 |
\*---------------------------------------------------------------------------*/
FoamFile
{
    version     2.0;
    format      ascii;
    arch        "LSB;label=32;scalar=64";
    class       volScalarField;
    location    "4.02";
    object      initialResidual:p;
}
// * * * * * * * * * * * * * * * * * * * * * * * * * * * * * * * * * * * * * //

dimensions      [0 0 0 0 0 0 0];

internalField   nonuniform List<scalar> 
2367
(
8.84185e-09
2.13334e-08
8.57155e-09
-2.47969e-09
9.7024e-09
-2.67474e-11
-3.95698e-11
-4.12656e-10
-1.537e-11
-2.27491e-11
-1.44337e-09
-2.30759e-09
-1.06539e-09
6.15258e-09
-2.58407e-09
-1.80858e-08
-1.95585e-11
-4.86909e-09
-1.22752e-08
1.57106e-08
1.06976e-08
4.05089e-09
-2.86466e-09
1.56806e-08
1.63626e-08
3.0351e-09
-6.62609e-09
2.09452e-09
4.55885e-09
-8.88067e-10
3.08844e-10
-2.95859e-10
-3.90676e-11
-6.8794e-10
-5.3387e-10
8.20595e-10
2.66451e-09
2.17839e-09
-8.70843e-09
-3.22325e-08
-1.32539e-08
-7.35972e-09
-7.45207e-10
1.03379e-08
-4.36076e-09
2.99404e-08
-2.67791e-08
1.19404e-08
1.86543e-09
-3.4874e-09
-2.21776e-08
2.39859e-08
-9.74636e-10
-3.16656e-09
-3.75703e-09
3.72625e-09
-1.27328e-09
-2.78371e-10
-2.06155e-10
4.77063e-09
-1.70833e-09
9.55679e-10
9.38828e-09
-2.21455e-08
6.3273e-09
-3.27713e-09
3.60993e-09
-6.37514e-09
6.28987e-10
-9.54906e-09
7.71514e-09
7.40338e-09
-9.04557e-10
-5.14278e-08
3.43545e-08
5.81028e-08
-4.23469e-08
-1.94288e-09
4.00623e-09
3.32174e-11
-3.04287e-10
7.58195e-10
-4.41322e-10
-4.10994e-09
2.60994e-09
3.09317e-09
-5.50339e-10
-3.55454e-09
7.5301e-09
-2.68927e-10
1.94732e-08
-1.82333e-09
-4.85082e-10
-2.07664e-09
7.13098e-10
-1.19414e-08
6.9261e-09
4.95312e-09
1.09468e-08
-9.00462e-09
-4.29766e-09
-4.98784e-09
-9.37589e-11
-3.25951e-08
4.3046e-08
-1.27218e-08
6.58777e-09
-1.26529e-09
1.43787e-08
-1.48695e-08
1.66939e-09
-3.67684e-09
-4.12915e-11
-1.34038e-09
-1.30248e-09
-4.48506e-10
5.46843e-10
-6.9729e-10
-3.31511e-10
6.57436e-09
-9.30929e-09
7.21134e-09
-2.05555e-08
-9.48639e-09
-1.1823e-08
-4.05163e-09
-1.8244e-09
3.79469e-09
-1.61386e-08
5.64473e-09
2.45899e-08
-1.46034e-08
-1.63352e-10
-5.63289e-10
-1.29075e-09
-5.54771e-10
-5.7014e-10
1.54602e-10
1.02737e-09
-5.54562e-10
-9.13736e-11
-9.89564e-10
-1.7948e-09
2.76007e-09
5.36531e-09
1.01841e-08
-2.88879e-08
-6.67648e-09
-1.5004e-08
-7.80546e-10
-1.43921e-08
-4.87104e-09
-1.04789e-08
1.59949e-08
-1.40146e-08
-5.54671e-09
1.1148e-08
4.97038e-10
1.28129e-09
7.78241e-11
3.35754e-10
2.32383e-10
-2.20937e-09
5.53405e-10
1.4232e-11
-2.21195e-09
1.05366e-08
-1.27618e-08
-1.11e-08
1.05393e-08
1.34162e-08
1.12488e-07
-1.29119e-07
-1.42555e-08
-9.22967e-09
-3.80397e-09
-7.73674e-11
-8.31317e-09
-1.58095e-08
1.87019e-08
3.69453e-09
-2.61267e-09
1.94522e-09
2.29654e-10
-3.53254e-10
-2.40923e-10
1.7005e-09
-7.35096e-10
1.71738e-10
2.69003e-09
-9.16456e-09
9.86091e-09
-4.18273e-09
-1.64458e-08
1.94346e-08
5.72427e-09
4.192e-09
-2.92987e-08
1.60075e-08
-1.29236e-08
-2.3857e-09
-2.65684e-09
-6.2156e-10
-2.28455e-09
-1.36612e-09
1.14427e-10
-2.39502e-09
2.25499e-09
-2.75393e-09
2.6795e-10
6.06538e-10
-1.28792e-09
2.79977e-10
-2.14167e-09
1.74299e-09
-1.08384e-08
2.25932e-08
1.42797e-08
-2.08596e-08
1.23251e-08
4.90032e-09
1.58811e-08
1.41922e-08
-3.11765e-09
-8.2641e-09
-2.01063e-08
1.4023e-08
-4.46015e-09
-1.74189e-09
6.9078e-09
-2.69365e-08
2.10417e-08
2.04246e-09
1.01878e-09
4.30672e-10
-3.94953e-11
-2.13992e-10
-2.03334e-08
-9.5686e-09
1.51083e-08
-1.56812e-08
3.01954e-09
4.38771e-08
-6.03996e-09
6.73723e-09
-4.43074e-09
-4.4095e-09
1.67811e-08
1.81193e-08
1.078e-09
1.48878e-08
1.14364e-08
-1.25667e-08
-5.53765e-09
1.46833e-09
2.11737e-09
1.60633e-09
-1.91001e-09
-8.00306e-10
-6.60912e-11
3.76088e-11
1.08672e-08
-2.71421e-08
3.77029e-09
1.92092e-08
-7.79948e-09
-2.52508e-08
3.83618e-08
1.34745e-08
8.37371e-10
1.80163e-08
1.31762e-08
7.52548e-10
-4.50526e-09
-2.94145e-09
1.01511e-08
4.32715e-11
3.49294e-09
8.11923e-10
1.87717e-09
-3.11579e-09
-9.21822e-11
6.11013e-10
-3.90588e-10
-1.71718e-10
-5.82669e-10
3.61934e-08
-2.28896e-08
8.22726e-09
-2.56634e-09
-9.732e-10
-7.03277e-10
5.50249e-09
2.20527e-08
-9.28805e-10
2.26391e-09
3.03798e-09
5.47713e-09
1.40309e-09
-4.54419e-09
-1.86626e-09
1.19131e-09
-1.09015e-10
-8.17499e-12
3.41177e-10
1.30417e-09
-3.0187e-10
-3.9157e-11
-5.229e-12
2.65237e-09
6.18371e-09
1.05504e-08
-2.29795e-09
-5.30777e-09
2.45357e-09
7.94632e-09
-8.73905e-09
-1.15231e-09
2.28885e-09
6.57465e-09
1.50046e-11
1.12346e-09
-2.37563e-09
-2.53866e-09
3.97736e-11
4.55739e-10
-6.49647e-11
-2.4292e-09
6.87269e-09
-7.69153e-10
7.34675e-10
2.19967e-09
-1.04003e-10
-5.7664e-10
3.92071e-09
-4.41496e-09
-3.38799e-09
-8.23701e-10
-1.0022e-08
5.7196e-09
-4.26984e-09
-2.5148e-09
-1.06668e-09
-1.61853e-09
1.06482e-09
-1.17536e-09
-2.75609e-09
1.57545e-10
-1.01316e-09
-3.1258e-09
4.51495e-09
4.90653e-09
-3.9353e-09
2.68022e-09
2.13337e-09
-1.5128e-10
6.41013e-10
-1.20289e-09
-1.09498e-09
-5.14748e-09
-4.0729e-09
-5.24169e-10
-3.75035e-09
-7.28351e-09
2.36779e-09
2.38688e-09
8.32696e-09
-9.06695e-09
1.47088e-09
-4.3398e-09
1.119e-12
5.85571e-10
-4.96424e-09
5.04167e-09
-3.24123e-10
-1.40544e-09
-3.20746e-09
4.28534e-09
2.72091e-09
2.69789e-09
-1.04154e-11
-5.96942e-10
-1.21277e-10
-3.17042e-09
-1.83172e-09
-3.01352e-09
1.61219e-09
-1.47513e-10
-2.08022e-09
-4.01658e-09
4.55048e-09
-3.50047e-11
3.40622e-09
-1.0533e-09
3.06326e-10
4.30381e-09
-9.22116e-09
5.57759e-09
7.05056e-09
-2.80275e-09
5.3429e-09
-1.70001e-09
-4.06208e-09
-3.03929e-09
2.73503e-09
-3.07484e-10
-3.46256e-10
-8.74761e-10
-5.60536e-10
-9.83943e-10
-4.00651e-10
2.89978e-09
-9.85018e-10
8.58698e-10
1.84923e-11
5.40342e-09
-2.21929e-09
-2.36091e-09
1.02375e-09
8.55928e-10
4.67166e-09
-1.32187e-08
-7.54754e-10
1.27213e-08
7.46018e-09
-3.26842e-09
4.41192e-08
1.18723e-09
-1.19652e-08
-3.05341e-10
-1.19402e-10
5.16561e-11
4.96148e-09
-4.34595e-09
-4.37893e-10
-7.96402e-10
-1.65882e-09
-2.02635e-10
1.08336e-09
-4.06228e-09
1.72728e-09
4.42044e-09
-2.88955e-09
-1.09846e-08
-3.02652e-09
4.21644e-09
-8.82093e-09
-1.89605e-09
2.98925e-09
3.62297e-09
-1.50669e-08
-4.70671e-09
1.2561e-08
1.20989e-09
-7.40928e-10
-2.3677e-08
2.12129e-08
2.1523e-08
-2.16343e-08
-3.27287e-09
-7.5089e-10
-6.95496e-10
-2.48269e-09
-2.10677e-09
-6.82446e-09
-1.83034e-08
-2.82246e-10
2.45998e-08
-1.76869e-08
-7.38948e-09
-2.33989e-09
-6.90274e-09
3.15333e-10
-2.92038e-09
3.19752e-10
1.03607e-08
-8.75471e-09
-4.38606e-10
6.97465e-10
-1.5158e-09
-5.87949e-09
3.32535e-09
-4.64587e-10
4.0969e-10
-1.83711e-09
-1.9071e-09
-2.72215e-09
-2.80036e-09
-8.86121e-09
-1.48914e-10
-2.21444e-08
-2.37847e-08
1.27622e-08
-2.48766e-08
-5.59797e-09
5.19504e-09
3.69274e-09
5.20411e-09
1.51138e-08
-1.65025e-08
4.08393e-09
-5.6109e-10
-1.16027e-10
-1.7241e-10
-7.73481e-10
3.39133e-10
-2.52842e-09
-7.26555e-10
8.5384e-10
-2.67149e-09
-3.15453e-09
-4.44219e-09
-5.23164e-09
-1.73484e-09
5.10049e-09
-1.9525e-08
-2.15419e-08
7.26086e-09
-9.80937e-09
-2.41927e-11
2.05949e-09
-1.40029e-08
-2.06918e-08
2.67937e-08
3.96483e-09
-2.5322e-10
-2.31021e-10
2.74582e-12
-6.17686e-10
-4.41424e-10
-3.17312e-10
-2.0435e-09
-6.12837e-10
-8.54834e-10
-1.19467e-09
-2.1311e-10
4.78602e-09
2.04343e-09
1.84904e-08
4.84421e-08
6.01249e-09
-3.63923e-08
-1.29656e-08
-9.44418e-09
-5.06185e-09
3.51095e-09
-1.92758e-08
-1.05182e-08
3.44738e-10
1.29102e-10
6.38578e-11
-3.95655e-10
1.78804e-10
6.12075e-10
6.91085e-10
5.29571e-10
1.4563e-10
-1.24022e-10
9.18995e-10
8.29621e-10
2.46757e-09
-3.68223e-09
-2.67644e-10
-2.10065e-08
1.19982e-08
2.53716e-08
1.02592e-08
6.05909e-09
-7.76437e-09
2.88815e-09
-1.00827e-08
-1.75452e-08
-6.12999e-09
-3.82524e-10
3.84931e-11
-4.35363e-09
4.93116e-12
3.67804e-09
-4.04803e-09
1.07122e-09
-8.80884e-10
-1.30403e-09
-2.21562e-09
3.5658e-10
-3.54107e-09
3.32719e-09
-2.95345e-08
-5.6293e-08
4.21309e-09
5.30058e-08
1.57477e-08
-1.72537e-08
2.27201e-09
-1.24234e-08
3.43128e-10
-4.41222e-10
1.72228e-09
6.17647e-10
2.17998e-10
-3.05725e-09
-8.69387e-11
4.21901e-09
3.63847e-09
-7.31912e-09
-1.43337e-08
-1.19814e-08
9.93524e-09
2.63952e-08
3.54759e-08
-2.0133e-08
-5.23293e-08
-1.77886e-08
6.07122e-09
-1.07649e-08
1.31061e-08
1.20833e-11
8.1759e-11
-3.49448e-10
3.65929e-10
1.47773e-10
1.61293e-09
3.02153e-10
-3.40839e-09
-2.01529e-10
1.23637e-08
1.63165e-08
1.76787e-08
-4.22434e-09
-6.64412e-09
9.84811e-09
-6.88249e-09
1.72055e-08
2.69147e-08
2.22178e-08
1.44705e-08
7.55775e-11
-5.18172e-12
4.00889e-10
-8.0848e-11
1.07705e-10
8.60183e-10
1.25279e-09
1.66014e-09
9.86058e-10
2.09431e-09
5.60122e-09
7.48599e-09
8.08365e-09
5.47696e-09
3.31982e-09
3.43488e-08
-7.89083e-09
-5.4771e-09
3.23803e-10
-3.81371e-09
-6.01971e-09
3.98386e-12
2.14952e-09
2.56935e-09
-1.34222e-10
2.73239e-09
3.12718e-09
4.54816e-10
7.07193e-10
-8.79295e-11
-1.81849e-10
5.22136e-08
-5.30896e-08
1.93489e-11
1.28856e-08
-3.09073e-09
3.50618e-11
-1.79947e-08
-8.76238e-09
-1.42406e-10
1.35611e-09
8.10514e-10
-1.20571e-10
-4.76903e-09
1.90197e-08
1.8203e-10
5.98357e-09
-3.35086e-10
7.1975e-10
-1.09492e-09
-8.12393e-10
-1.83305e-09
-6.12349e-10
-5.48534e-10
7.39395e-09
-4.22676e-10
-1.86711e-10
2.37849e-08
-3.28957e-11
1.64282e-10
-2.33949e-08
-4.7649e-10
5.52968e-11
7.27844e-10
1.11734e-09
-2.05248e-10
-1.73318e-10
-1.00662e-10
-1.97104e-10
6.40091e-09
-3.65169e-10
-2.61707e-10
-5.10588e-09
2.87416e-09
-3.24179e-09
-1.81356e-09
6.108e-10
5.53569e-10
3.32347e-10
-4.27832e-11
-1.94247e-10
6.07023e-11
4.08516e-12
-3.2923e-10
-1.51035e-09
6.19577e-09
3.088e-09
4.35349e-09
2.29176e-09
2.71096e-09
1.12758e-09
1.34571e-09
-1.9031e-09
-4.66683e-09
2.89374e-10
-1.35638e-11
-1.95467e-10
-6.50659e-10
1.65615e-09
-2.37586e-09
2.02653e-09
-6.50914e-09
5.06206e-09
7.95914e-11
-5.79739e-11
1.02867e-09
2.62103e-09
-1.6463e-10
3.21593e-09
-4.79045e-09
4.21445e-09
2.79079e-09
-6.75169e-11
7.7352e-10
-2.65791e-10
-2.36251e-10
7.08193e-10
-2.87387e-09
2.22198e-09
-3.14091e-09
-1.12447e-08
6.02192e-10
1.72891e-10
-5.73065e-10
-2.24241e-09
2.53677e-10
1.51829e-08
6.06365e-09
4.4251e-09
7.86331e-09
-2.68799e-10
-2.07647e-11
7.76959e-10
1.06806e-08
-9.43201e-09
-1.1561e-08
-1.03971e-08
-2.76903e-09
-9.93252e-09
1.40558e-10
-3.72257e-10
5.94965e-10
-2.90164e-10
1.19786e-08
1.99671e-09
4.69275e-09
5.08562e-09
1.42687e-08
-5.48018e-10
-1.57704e-10
-6.07052e-10
-2.47723e-09
-8.02995e-09
-2.50841e-09
2.93534e-09
-2.39581e-09
-7.57926e-09
6.9015e-10
6.05332e-10
9.53556e-12
-1.34201e-09
-6.93496e-10
-1.68388e-09
-1.30111e-08
-5.49689e-09
-1.47877e-09
-3.63155e-10
-2.92046e-10
-3.11686e-10
-7.66951e-09
-8.92827e-09
-6.53518e-09
-6.14292e-09
-1.26682e-08
-2.38207e-08
3.54822e-10
1.9807e-10
2.79069e-10
-1.09269e-08
1.09663e-07
-7.96184e-08
2.73276e-09
1.42002e-08
-2.95437e-08
1.42714e-10
1.1459e-10
5.79103e-11
-3.85929e-09
5.26195e-08
1.13892e-08
3.74738e-08
2.95495e-10
-1.93899e-08
-1.22583e-10
6.44054e-11
4.51611e-10
-3.04252e-08
6.00573e-09
-4.39457e-10
5.32319e-08
-1.95334e-09
1.58494e-08
-1.64582e-10
-4.67191e-10
-1.08015e-10
4.03772e-10
-1.36934e-09
-1.32126e-09
-2.37826e-09
-1.32627e-09
-2.10451e-09
-6.29062e-10
5.30342e-10
6.7492e-10
-1.38448e-09
-1.10025e-09
-8.65065e-10
-1.43015e-09
-1.2936e-10
-7.78903e-10
1.32341e-09
2.07922e-09
-2.7218e-09
-8.47596e-10
-5.34489e-10
-3.90279e-10
-4.76336e-10
-8.20694e-10
-2.44012e-10
1.30758e-09
1.63375e-09
3.9237e-10
-3.52577e-10
-2.27567e-10
-2.01506e-10
-7.83631e-11
-4.75532e-10
-2.80515e-10
4.85503e-10
-1.02653e-09
-2.79666e-08
6.09052e-11
-4.58707e-10
-1.09891e-10
4.46131e-11
-3.19965e-10
7.5528e-11
-1.90593e-11
-3.44225e-09
6.40828e-09
-8.76883e-10
1.06716e-09
-1.16623e-09
-6.89549e-11
-2.20354e-10
-9.58485e-11
6.07354e-09
2.43935e-08
-3.94513e-09
-3.53942e-10
2.48596e-10
4.10066e-10
2.88185e-10
1.44998e-10
-7.69984e-11
-6.66658e-10
-1.62836e-08
-1.1718e-08
-2.00455e-11
2.01439e-10
-4.87432e-10
1.35784e-10
2.63894e-11
9.00901e-11
-6.38004e-09
3.71233e-09
3.73714e-08
2.59346e-10
6.90283e-11
-1.69697e-10
3.81098e-10
-1.4312e-10
-4.50271e-11
5.20885e-09
-2.07221e-09
-2.65599e-08
-2.78326e-09
3.53297e-09
1.24862e-10
-5.40809e-11
-4.95004e-11
-2.4849e-10
-4.36191e-09
-6.12195e-09
-1.66745e-08
3.72349e-11
5.05886e-11
-3.86044e-10
1.33948e-09
1.48084e-09
-6.9547e-11
-9.675e-11
-2.04806e-10
-3.45768e-11
-3.39197e-10
-1.36381e-10
3.17815e-10
-8.808e-11
9.61855e-11
4.16914e-11
-2.39483e-10
3.16791e-10
6.91887e-11
6.00533e-11
6.32707e-11
6.44434e-11
4.49502e-10
2.29204e-10
-3.65753e-10
-5.90652e-11
1.18717e-11
9.48124e-11
-2.9099e-11
2.34218e-11
1.56831e-11
-5.69086e-11
2.50353e-11
2.29915e-10
-6.11076e-11
-2.55045e-11
3.53481e-11
-4.38981e-11
2.6274e-11
4.55855e-11
1.22682e-11
4.66089e-11
6.44857e-13
-1.10291e-10
3.91843e-11
3.94713e-11
-7.84072e-12
-3.88083e-12
-9.88349e-12
-4.27026e-11
1.96067e-11
-4.15125e-11
1.9855e-11
1.72551e-11
1.76212e-11
7.93731e-11
1.53603e-12
1.9142e-10
-9.75766e-12
1.2877e-10
-6.22976e-11
-1.62116e-09
5.48545e-10
-7.07748e-10
2.84456e-10
6.23377e-09
-3.20001e-09
1.46698e-09
-3.43974e-10
-1.97625e-09
5.70348e-10
-3.26955e-10
3.75188e-11
4.1283e-10
-1.4489e-10
-9.90447e-10
-1.04151e-09
-1.2588e-10
2.39026e-11
7.76664e-12
9.44248e-12
-1.66516e-11
5.18403e-12
-9.24878e-11
3.0446e-11
6.66384e-11
-2.44528e-12
-6.70011e-11
9.72011e-12
-1.48673e-11
2.24542e-11
-2.55912e-11
3.31908e-11
2.56939e-11
3.03222e-12
1.23919e-10
2.79937e-11
2.67101e-10
-4.87923e-11
3.1734e-11
-1.60406e-10
-8.74608e-10
3.39151e-10
-1.19396e-08
1.42024e-09
6.7969e-10
-1.46552e-09
7.40298e-10
-1.45675e-10
-6.40207e-10
6.83858e-11
5.67035e-10
-1.10861e-10
2.4846e-10
8.00489e-11
1.87837e-10
1.40748e-09
-1.32615e-09
4.5451e-10
-7.39836e-10
2.05e-10
-7.67288e-10
1.55755e-10
-1.87669e-10
-6.85626e-10
2.02333e-10
-2.36589e-09
1.55456e-09
1.99304e-09
-1.54889e-09
-7.72351e-09
-3.2988e-10
1.16809e-09
1.24664e-10
-6.37646e-10
1.98394e-10
-9.898e-10
2.59886e-10
3.92622e-10
-2.60251e-10
3.76569e-10
-9.59252e-10
-1.61232e-11
1.41572e-10
-6.6678e-10
-2.30389e-10
9.76275e-10
1.79259e-11
8.27617e-09
1.7807e-10
-1.03451e-09
-7.79632e-11
-7.59657e-11
-3.5848e-09
-1.04846e-10
-1.36579e-10
8.1301e-12
-6.04213e-11
-6.89835e-11
-1.48018e-11
-2.37923e-11
-6.7533e-12
1.99988e-12
-8.56422e-12
-1.55211e-10
2.28888e-11
6.77626e-11
-2.44358e-11
1.08835e-10
-1.56372e-11
-2.28969e-10
8.26884e-11
-1.40039e-10
7.50696e-11
9.27928e-11
-7.39889e-12
6.35051e-11
-7.91147e-12
2.12531e-09
-1.43355e-09
2.47476e-09
-6.99057e-10
-1.90964e-09
5.57567e-10
-9.6102e-11
-6.05477e-11
-2.2494e-11
2.00926e-10
-2.9303e-10
8.81631e-10
1.10017e-09
3.4921e-10
1.08839e-08
2.58451e-10
8.42079e-10
5.41036e-10
-6.06e-09
-1.04249e-08
-7.1259e-09
-2.18004e-10
-1.49657e-10
3.30753e-09
-4.43864e-11
-5.09939e-11
-6.56317e-12
-4.19376e-11
2.8521e-10
-5.31052e-10
-6.34948e-11
2.41106e-11
-1.49534e-10
3.62286e-11
-5.54461e-11
-5.04301e-13
9.35318e-11
-1.42313e-11
9.83542e-11
-2.1599e-11
-2.8702e-10
1.93227e-10
1.90791e-11
1.57264e-12
-4.98145e-12
3.02838e-11
1.1187e-10
-3.70964e-11
4.91313e-08
1.25332e-08
4.42888e-09
2.78387e-09
-3.37179e-08
-1.0706e-08
-1.34892e-09
1.30812e-07
-1.08604e-07
-1.53805e-09
-1.68738e-09
6.32241e-09
-3.84505e-09
-4.48702e-09
1.16438e-08
-4.14974e-09
-4.25313e-09
4.67066e-09
-2.03917e-08
-8.94958e-09
1.95563e-08
6.81201e-10
1.92919e-10
1.9114e-10
1.6853e-10
-5.19944e-10
1.60341e-11
9.35252e-09
1.41991e-09
-3.77359e-10
-9.25104e-11
-1.37051e-09
3.76937e-10
4.74731e-09
9.62889e-09
1.21982e-09
-1.09546e-08
-8.33525e-10
-4.35606e-09
-4.67314e-09
3.33821e-09
-2.64449e-10
2.37437e-08
1.00229e-08
-1.24254e-08
2.36463e-09
-7.71712e-09
-1.61624e-10
-1.88299e-09
-3.57987e-09
-5.07305e-09
-3.50853e-10
-5.16249e-10
-2.60287e-08
-6.19795e-09
8.16392e-09
1.96587e-11
-6.08683e-09
2.66661e-09
-5.02698e-09
3.21017e-09
-8.47946e-09
-6.39185e-10
-3.50963e-10
3.95107e-10
-4.74195e-10
-4.32682e-10
-1.51206e-10
4.78659e-09
8.20736e-09
6.35081e-09
-5.50215e-09
-9.83355e-10
4.02205e-09
1.52791e-09
8.4896e-09
-1.65565e-09
-1.04948e-09
3.16949e-09
-1.21841e-09
-1.10032e-09
3.55063e-10
-7.77382e-10
-7.43877e-10
-1.70703e-10
-2.10241e-11
-1.11333e-10
1.13881e-09
8.27157e-10
-1.46023e-09
-1.37865e-10
4.12464e-10
4.76468e-10
8.48967e-10
9.73414e-10
1.59808e-09
2.82715e-09
-9.18379e-09
-2.68105e-10
4.84593e-10
4.54866e-10
7.86934e-10
-7.51223e-10
2.84951e-10
-1.12108e-11
-5.24663e-10
-3.23202e-10
1.61197e-10
8.29516e-10
-1.54658e-08
3.47821e-10
-2.12521e-12
-8.80823e-10
5.80878e-11
3.08363e-10
-1.41123e-09
1.46649e-11
-7.93023e-10
-3.26878e-10
1.71077e-11
-7.75383e-10
-4.6502e-10
-8.71474e-11
1.59627e-10
-8.11179e-10
1.41556e-09
-3.209e-11
8.35418e-11
2.78465e-10
2.62069e-11
9.959e-09
-8.26599e-10
-7.3904e-10
7.87954e-10
1.22228e-08
3.28439e-08
5.5597e-10
-1.86006e-09
-5.64222e-10
-7.16773e-10
-3.58991e-10
-1.31314e-09
-2.39186e-09
1.88675e-09
-2.04196e-08
-2.8169e-09
4.12885e-09
2.77072e-09
-6.81576e-09
-9.24706e-10
-1.65658e-09
-2.55218e-09
-1.51935e-09
-1.30804e-09
-3.92237e-10
-1.98636e-10
5.40877e-10
-8.09096e-11
1.122e-09
-2.816e-10
7.05625e-10
-2.81912e-11
-1.19113e-09
-8.98323e-10
4.39656e-10
-4.91055e-10
-6.00155e-10
-2.91169e-09
-6.27545e-09
5.74857e-09
-3.96676e-09
-4.32958e-09
-1.12169e-09
-3.75985e-10
-1.75104e-09
-1.06563e-09
-1.16733e-09
1.81052e-09
-2.3497e-10
-9.36059e-11
3.14702e-10
5.07236e-10
3.06528e-09
5.12751e-10
-6.99482e-10
1.87533e-09
5.43747e-11
-1.63144e-09
-4.62853e-10
1.10524e-10
-2.47777e-10
-1.91336e-09
1.19165e-08
-2.49182e-09
-1.32348e-08
3.67317e-09
9.09577e-10
-1.04822e-09
-5.63217e-11
-4.84987e-10
-2.40447e-10
-1.83375e-09
-5.05498e-10
-3.08453e-10
-9.22601e-10
-5.76573e-10
-6.07749e-10
1.34227e-09
-4.35267e-11
-3.37224e-10
1.12789e-09
2.13956e-09
-3.12744e-09
1.76883e-09
-3.75188e-10
1.19406e-10
3.85431e-09
-7.52605e-09
4.99759e-09
9.98101e-10
-4.56754e-10
-4.62058e-10
-5.18831e-10
-2.12802e-10
-5.05366e-10
1.47018e-09
1.14322e-09
-7.54981e-11
-7.95295e-10
-3.09471e-10
-2.0193e-09
3.04076e-10
2.33014e-10
1.05982e-10
1.6579e-10
2.74857e-09
5.96237e-11
-3.39729e-09
2.7071e-09
6.13132e-11
-2.56602e-10
-2.49076e-09
-1.84456e-10
-9.29503e-10
4.53677e-10
-2.92177e-11
-5.90607e-10
-3.33259e-11
-4.58787e-10
2.31499e-10
-6.17072e-12
1.27938e-10
6.45424e-10
-2.70679e-10
7.64929e-09
-3.24392e-09
1.34473e-09
5.66812e-09
-5.77972e-09
-6.59026e-09
-5.82756e-09
5.65196e-09
2.89418e-09
-7.22255e-09
-1.09619e-09
4.91591e-09
4.06366e-10
-9.92874e-10
3.22104e-10
-1.73499e-10
-5.93451e-10
-4.41027e-10
-1.98299e-10
-1.8277e-10
1.57752e-10
2.88744e-10
8.60519e-10
1.95181e-09
-1.03877e-07
1.02545e-07
-1.13334e-09
-3.01203e-09
-6.7648e-09
-1.23579e-08
2.72433e-08
1.68186e-08
-2.42609e-08
3.01539e-09
2.25361e-09
-9.01526e-10
4.41423e-10
-1.66065e-10
-9.91019e-11
1.66985e-10
-2.80963e-10
-5.71464e-10
-2.83895e-10
-6.62856e-10
1.79142e-10
1.83907e-11
-1.21875e-09
-6.63335e-09
9.93795e-09
-7.03454e-09
4.79015e-10
3.03187e-09
4.79261e-09
3.99077e-09
7.05003e-09
-7.31045e-09
5.18184e-10
-1.38348e-09
-2.6788e-09
-2.82716e-09
-1.76525e-09
-4.42814e-11
-5.62283e-10
2.80923e-12
-2.67678e-11
-3.28889e-10
-3.13457e-10
-5.81e-10
1.27433e-12
-2.48173e-10
-2.96779e-09
1.85603e-09
7.85974e-09
-5.63784e-09
1.52958e-08
-4.01629e-08
4.23734e-08
7.40379e-09
-7.93352e-09
-2.3142e-09
1.26796e-09
-1.56055e-09
-4.6375e-09
-4.42221e-09
-2.69068e-09
-1.89491e-09
-6.00213e-10
-6.32938e-10
-8.9003e-11
-3.38219e-10
-4.42109e-10
-3.66406e-10
-1.5914e-10
-3.18027e-10
5.24813e-10
8.76557e-10
-2.28087e-09
1.02203e-08
-9.93123e-09
4.6681e-09
1.06947e-08
-1.54587e-07
1.478e-07
3.65124e-09
9.33931e-10
-2.48022e-09
-2.25554e-09
5.0676e-11
-1.49606e-09
-2.67946e-09
-1.02703e-09
-7.95045e-10
-2.37786e-10
-7.07421e-11
-3.64627e-10
-3.72764e-10
-2.00779e-10
-1.70394e-10
4.27861e-11
-1.64351e-09
9.28855e-10
8.6625e-09
8.2937e-09
-7.96442e-09
-1.54186e-08
8.38877e-09
6.39149e-09
-1.13727e-08
2.01346e-09
-1.48751e-09
-4.20151e-10
-2.82102e-09
-1.61943e-10
-1.52943e-09
-1.65012e-09
-4.10284e-10
-3.23333e-10
-7.89095e-10
-9.92284e-10
-3.60428e-10
-1.33533e-10
2.13322e-10
-2.38132e-11
-1.35074e-11
-1.6767e-11
-7.37504e-09
1.12209e-08
-5.12911e-09
-1.25474e-08
-6.87813e-09
-9.90555e-09
8.9163e-09
-1.24293e-08
-1.11853e-08
-2.73579e-09
3.84324e-09
5.60071e-09
-1.66178e-10
1.52404e-10
-5.48724e-10
-2.42558e-09
6.92975e-10
3.1954e-09
-4.1807e-09
-2.43761e-10
-1.46146e-10
-3.20909e-10
-3.29692e-10
-7.65208e-11
-4.26118e-10
-2.6396e-08
8.83524e-10
6.88733e-09
-3.4327e-09
6.73717e-09
6.68758e-09
2.47997e-09
4.17178e-09
-7.28686e-09
-8.37975e-09
-9.2487e-09
5.43973e-10
-1.17855e-09
1.15008e-09
1.0727e-09
3.31444e-09
1.18227e-09
-9.74714e-10
-2.71214e-10
2.20011e-10
-4.45021e-11
-1.11647e-10
-1.37506e-09
-2.78916e-09
-1.24293e-08
-2.67482e-08
-9.28514e-09
8.53823e-09
-4.32941e-08
1.63797e-09
4.00796e-08
-1.39789e-10
1.807e-08
5.22987e-09
-1.84644e-08
-5.52898e-09
-4.2894e-09
-1.03796e-09
8.81343e-10
-3.38815e-09
-3.55353e-09
6.05265e-10
5.73053e-10
-3.08387e-11
3.02696e-11
7.79534e-11
-2.28167e-09
-2.80562e-09
-1.14089e-08
-3.51135e-08
-3.63366e-08
-1.60912e-08
4.62514e-08
-2.84328e-08
-5.95126e-08
6.26368e-09
-1.26364e-08
-7.50555e-09
1.58157e-08
6.5342e-09
4.6313e-09
4.73275e-09
1.46519e-09
1.04965e-09
2.50569e-09
1.6006e-09
4.12941e-10
2.83512e-11
-3.11087e-11
-3.26728e-11
8.99172e-10
1.69437e-09
1.77939e-09
-1.82182e-08
3.28764e-08
2.95359e-08
1.25933e-08
3.80237e-08
9.81306e-10
-8.1994e-09
6.68057e-09
9.06013e-09
8.73223e-09
7.39884e-09
4.33165e-09
8.03806e-10
1.88863e-09
1.23904e-09
-9.65472e-10
5.78602e-10
-2.97039e-11
2.49273e-10
3.31412e-10
-2.18898e-10
-7.22127e-08
6.41161e-08
-1.35246e-08
1.17546e-07
8.11714e-09
-3.70526e-09
2.54906e-09
9.07282e-09
1.91348e-08
6.31423e-10
-4.80492e-09
2.93252e-09
5.569e-09
4.22712e-09
1.1436e-09
1.05862e-09
-1.07981e-11
-1.7302e-09
3.70261e-09
2.45181e-10
4.1935e-10
7.0439e-11
-1.24234e-10
1.12659e-09
-3.20613e-09
2.06042e-09
-5.56834e-09
1.40442e-08
-5.2964e-09
2.65586e-09
1.78137e-09
-8.82192e-09
-6.80987e-09
1.26928e-08
1.53619e-08
8.20561e-10
7.81592e-10
7.29385e-10
5.08962e-10
3.58043e-10
-6.90532e-10
2.05101e-09
1.02704e-10
-7.7661e-10
1.29201e-11
4.40121e-11
-1.00769e-10
-1.27383e-09
-9.21019e-12
2.43397e-09
9.47307e-09
5.40095e-09
-4.15837e-09
-7.50827e-09
3.28639e-10
-2.29244e-09
3.28633e-09
5.95012e-09
-2.4761e-09
-5.28194e-10
1.42879e-09
1.49889e-09
-1.01188e-09
-3.02649e-10
4.5902e-10
1.28779e-09
-1.64203e-09
-2.65339e-10
2.25991e-09
-1.15789e-10
-6.05218e-11
-2.36613e-10
7.10854e-10
-1.1949e-09
-6.06561e-09
-1.55501e-09
1.99747e-09
-5.30607e-09
-3.25877e-09
2.47681e-09
-2.55827e-09
-9.27665e-09
-5.86475e-09
2.80434e-08
-6.28109e-09
-8.49294e-10
1.21886e-09
2.17576e-09
6.91102e-10
-1.49495e-09
1.09752e-09
3.33583e-09
-5.16628e-10
5.77041e-10
2.39663e-10
-1.17434e-10
5.01559e-10
-4.30946e-11
-5.68677e-10
-2.18799e-09
-2.13761e-09
-4.51785e-10
-1.39131e-09
-7.2215e-10
8.05408e-10
-1.36989e-09
-5.64047e-10
-1.25466e-08
3.17484e-09
-7.46958e-09
7.51504e-10
1.42484e-09
-3.97438e-09
1.52045e-08
-2.02539e-09
-4.65693e-11
-1.60425e-09
-1.29228e-09
1.70726e-11
9.45737e-11
6.14909e-11
-4.31116e-10
1.17888e-09
-3.1703e-09
1.67309e-09
-6.13918e-10
1.04873e-09
-4.90555e-10
-1.2219e-09
1.89713e-09
-7.22343e-10
-4.24144e-10
-6.30978e-10
-4.02322e-10
-4.34488e-11
-1.0651e-09
4.8592e-10
-1.10306e-08
-7.7448e-10
1.36234e-09
1.99642e-09
1.08287e-09
-1.55533e-10
-8.57352e-11
-1.19164e-11
-5.03226e-10
7.11732e-11
1.39493e-10
1.96015e-10
2.13846e-10
3.35559e-10
-4.34254e-10
5.49068e-10
-4.15368e-10
5.6423e-10
-6.61816e-11
-3.35972e-10
3.49223e-10
-2.5971e-14
3.91566e-10
-5.41768e-11
2.04455e-10
5.67133e-10
-3.78784e-10
2.90125e-09
-8.98517e-10
-1.86096e-10
3.05386e-10
-1.07431e-10
-1.80177e-10
-5.21048e-11
-6.05307e-11
1.3941e-09
-7.71274e-11
-1.17508e-10
2.20145e-10
-1.34046e-10
-1.44485e-10
-2.21439e-10
-2.28804e-10
-2.57406e-10
4.07234e-10
-1.70005e-10
-1.16076e-10
2.99063e-12
-6.75907e-11
-8.53778e-11
1.24922e-10
-2.64502e-10
1.6324e-10
-3.13743e-11
-2.18004e-11
1.00737e-10
-1.79786e-12
9.95125e-11
8.01128e-11
8.50318e-10
-9.52112e-11
1.46535e-10
-5.29903e-10
1.16023e-11
-1.0364e-11
5.10973e-10
4.42582e-11
4.62167e-11
-6.2286e-11
-3.40306e-10
-2.8205e-09
4.22303e-10
3.40611e-09
-1.91997e-10
5.64475e-10
3.12724e-10
3.22382e-10
4.29417e-10
-2.3945e-09
-1.15996e-09
2.65083e-09
7.60255e-10
1.75575e-09
-1.35689e-09
-7.47901e-10
1.04716e-08
2.13047e-09
-3.01043e-10
-4.2065e-09
-3.90273e-09
4.79984e-11
-6.25333e-11
-1.08439e-10
1.38504e-11
-1.58889e-10
1.56263e-10
1.22083e-09
-1.27059e-09
-2.65058e-11
-7.19342e-10
1.33768e-10
2.49168e-10
3.14864e-11
3.66867e-11
-3.42668e-10
-1.62875e-10
2.2599e-10
9.06927e-11
-5.15009e-11
6.6798e-11
6.18614e-10
5.45182e-10
5.23781e-10
-3.92492e-11
-3.43358e-10
-1.19048e-11
-4.53344e-10
1.15363e-11
-1.62328e-11
4.42831e-10
8.93289e-10
-1.3779e-10
5.48226e-10
-1.41377e-10
-7.19326e-12
-6.31372e-10
-1.2316e-10
1.37052e-10
-1.24547e-10
1.47423e-10
-4.28908e-10
4.79696e-10
6.65445e-10
4.38619e-10
3.58884e-10
9.39631e-10
1.20165e-09
-9.72356e-10
-1.43821e-10
3.10856e-10
-1.01838e-09
-1.29235e-09
2.62995e-10
-2.19013e-10
1.52572e-10
-3.63817e-09
9.39383e-11
-1.45922e-10
2.11503e-10
1.76107e-09
3.53513e-10
-3.60606e-10
-2.93983e-11
6.21374e-10
2.11952e-09
1.77583e-10
-1.99793e-09
1.63993e-09
-2.45392e-10
-1.11781e-10
-3.30159e-10
9.47107e-11
-3.92892e-09
-1.49042e-10
-1.21084e-09
-6.6732e-09
1.00349e-09
5.18777e-09
-3.43971e-10
-2.1095e-10
5.54799e-11
5.21014e-09
1.0168e-09
5.64225e-10
2.5102e-09
2.68391e-09
-2.41452e-09
-9.44842e-11
3.15463e-12
-7.71378e-11
-1.02213e-09
-1.10684e-09
-7.96069e-12
-3.72546e-09
-2.78879e-09
2.15299e-09
2.37404e-10
1.14423e-10
-1.75323e-10
1.94578e-10
3.29685e-10
1.31029e-10
-2.53376e-10
5.85191e-10
1.19358e-10
2.46833e-10
6.4131e-11
-9.62068e-11
9.60468e-11
1.67784e-10
-1.32629e-11
4.34785e-10
9.8339e-10
-3.22049e-10
-7.85951e-11
-8.1956e-10
3.45528e-11
8.61089e-12
-1.47997e-10
-9.47902e-11
1.87245e-10
5.1471e-12
3.90135e-10
7.82571e-11
-4.52215e-10
4.88856e-09
1.80979e-10
4.88078e-10
-2.48385e-10
1.75373e-10
-6.2723e-10
-1.26306e-09
-1.30827e-10
1.85641e-10
2.97012e-11
5.44991e-11
-2.95378e-10
5.64406e-12
-4.57175e-10
-6.53896e-10
2.1747e-10
-2.30512e-10
-2.52573e-10
3.11681e-10
-3.253e-10
-2.55156e-10
2.28229e-12
6.81775e-11
-2.04281e-10
-2.64178e-10
3.49892e-10
3.57045e-10
2.54928e-10
-1.76075e-10
-1.49828e-10
-5.56078e-11
-2.73926e-10
-2.93125e-10
3.42523e-11
1.68944e-10
4.53092e-10
1.85606e-10
-9.47761e-11
4.5417e-11
7.08847e-11
-3.45713e-10
-8.26898e-10
-1.43677e-09
2.708e-10
6.90119e-10
1.71222e-10
5.75766e-11
-4.20233e-11
1.74186e-11
-2.19015e-09
8.3317e-09
-1.78217e-10
4.51174e-10
1.02534e-09
6.8102e-10
6.20557e-10
-2.97053e-11
2.82664e-10
3.2256e-10
3.12917e-10
2.2929e-10
-9.62746e-10
-6.75211e-10
3.08546e-10
5.66646e-10
-1.19671e-10
-4.50481e-10
7.26885e-11
-5.91404e-11
8.31969e-11
-5.57517e-10
-9.64649e-10
-6.76626e-10
-2.21156e-10
9.59299e-11
1.05261e-10
-3.06017e-10
-1.35376e-10
8.72038e-11
2.87326e-10
4.90772e-11
-6.29696e-10
-8.79602e-11
1.39865e-09
2.29941e-10
-1.17186e-11
-1.8697e-09
1.29543e-09
2.86712e-09
4.28476e-09
-1.86173e-09
1.45382e-09
-1.07049e-09
7.3552e-10
-1.23795e-09
3.53716e-10
-3.32392e-10
-5.30967e-10
-3.7447e-10
1.50135e-09
-1.15728e-09
5.35414e-11
-1.62549e-09
-5.78693e-10
-1.46934e-09
2.21617e-10
2.06101e-09
1.74144e-09
1.77035e-09
-1.03047e-09
-1.26492e-09
1.26458e-10
3.58446e-09
-1.50301e-08
4.75343e-10
-1.90469e-09
7.53385e-09
3.85892e-09
-4.08907e-09
-1.35792e-09
1.07947e-09
1.16629e-09
-2.1611e-10
-3.08447e-10
-1.83298e-09
-3.82964e-10
-1.86683e-09
-3.79273e-09
-4.07555e-08
2.24339e-08
-6.44778e-09
3.27653e-08
-1.22639e-08
3.14105e-09
1.92603e-09
-8.47618e-09
8.79084e-10
-2.81418e-09
-1.35826e-09
3.36781e-09
-6.16882e-10
2.2185e-11
1.81681e-10
2.44312e-11
-1.78195e-10
-8.6863e-11
-1.06691e-10
4.61147e-11
-1.12899e-10
-3.51969e-11
1.0884e-10
3.81071e-11
7.98863e-12
-2.45745e-10
-1.11819e-10
-1.09976e-10
-9.76746e-11
-3.8869e-11
-5.9698e-11
-2.60304e-11
-1.227e-11
-2.28301e-11
1.15681e-11
-1.78363e-11
9.6945e-11
-3.18705e-11
-1.38922e-10
7.29895e-11
-8.05861e-11
-4.04646e-12
-1.09598e-10
1.36089e-11
1.04012e-10
-5.09558e-11
5.21836e-11
-5.35211e-13
5.38823e-11
-1.04217e-11
9.5966e-11
-1.02533e-10
-1.16765e-10
6.05727e-11
-4.54705e-11
1.47188e-11
-3.05916e-11
2.1758e-11
2.57034e-11
2.62079e-11
5.31599e-11
3.13048e-11
9.13991e-11
3.19571e-11
1.00716e-10
1.42359e-11
-3.87701e-11
-7.69645e-11
-1.12018e-10
-5.64933e-11
-5.02482e-11
8.69568e-12
-1.86927e-11
-8.09303e-11
-3.78035e-11
-1.95299e-11
6.04328e-11
-3.5507e-11
3.09945e-12
-1.41831e-11
3.43265e-10
-1.16964e-10
-4.90371e-10
1.94828e-10
-2.08215e-10
4.01593e-11
-1.14309e-12
-2.11692e-11
1.47473e-10
-5.57709e-11
6.70342e-11
-1.07673e-11
7.37387e-11
-1.61701e-11
-4.80519e-10
1.0531e-10
2.35003e-10
-3.33408e-10
-3.62239e-11
4.12645e-11
3.46549e-11
4.51501e-11
2.91114e-11
2.49547e-11
4.12767e-11
1.14219e-11
7.60392e-11
-1.20782e-12
9.83841e-11
-3.81982e-11
-3.22881e-11
-2.5797e-11
-2.36278e-10
-8.17992e-11
3.59933e-11
-7.05177e-11
-3.62552e-11
2.88756e-11
-1.42639e-10
7.05736e-11
-5.14976e-11
2.62027e-11
-2.95017e-11
1.78013e-11
-5.92314e-11
3.0736e-11
-1.64269e-11
3.14464e-11
-3.85139e-11
1.1178e-11
-1.7615e-12
1.34813e-11
2.27297e-11
5.81546e-12
1.49196e-11
-1.09236e-12
-6.47981e-11
3.19584e-12
4.97444e-12
-2.84328e-11
5.1089e-11
-1.57001e-11
-6.49183e-11
3.54768e-11
-8.28958e-11
2.62575e-11
2.13976e-10
-2.06343e-11
1.83861e-10
-3.82833e-11
1.7982e-11
-4.20022e-11
-6.9653e-12
-2.38035e-11
-1.9638e-11
-1.20687e-11
-1.36827e-11
-4.03214e-12
-1.97343e-11
8.68528e-12
-1.63178e-11
1.94805e-11
1.15183e-10
1.99328e-11
3.15483e-11
2.46449e-11
4.22199e-11
1.79431e-11
6.10662e-12
1.19691e-11
1.20601e-11
6.82265e-12
3.27562e-11
-6.0415e-12
2.49754e-11
1.60184e-12
-2.19069e-11
-2.0356e-12
-4.65739e-11
-5.16525e-12
-3.50035e-11
3.24671e-13
9.66647e-12
-5.70183e-12
-1.37717e-10
4.14371e-11
2.21181e-11
1.82194e-11
1.00152e-09
-1.20278e-10
-1.29709e-11
7.04356e-12
7.79143e-12
-1.79884e-11
-1.60771e-11
-1.55757e-11
-1.76452e-11
-7.20603e-12
-1.83398e-11
-2.3114e-13
-1.99525e-11
1.7875e-11
5.16304e-12
1.76201e-11
-9.03925e-11
5.38629e-11
-2.51674e-13
1.09379e-11
3.38778e-11
8.43469e-12
4.03262e-12
1.21545e-11
1.84217e-11
1.13778e-12
)
;

boundaryField
{
    inlet
    {
        type            zeroGradient;
    }
    outlet
    {
        type            zeroGradient;
    }
    wall
    {
        type            zeroGradient;
    }
    empty_zmin
    {
        type            empty;
    }
    empty_zmax
    {
        type            empty;
    }
    procBoundary1to0
    {
        type            processor;
        value           nonuniform List<scalar> 
35
(
2.88128e-09
-2.89358e-09
1.75141e-09
5.9619e-10
1.13092e-09
1.13092e-09
-1.63959e-10
3.55951e-11
1.70894e-10
-6.91277e-09
2.94582e-09
5.6795e-09
8.51784e-09
1.19366e-08
5.48133e-09
-3.07943e-09
1.19401e-08
1.0086e-08
6.56571e-09
-7.46421e-10
1.32788e-10
-6.56256e-11
3.54963e-09
1.39809e-10
4.59586e-10
4.59586e-10
3.58885e-09
-1.54111e-08
1.02975e-08
-3.41282e-09
3.33699e-10
-3.33746e-09
8.14526e-10
2.75716e-10
2.75716e-10
)
;
    }
}


// ************************************************************************* //
