/*--------------------------------*- C++ -*----------------------------------*\
| =========                 |                                                 |
| \\      /  F ield         | OpenFOAM: The Open Source CFD Toolbox           |
|  \\    /   O peration     | Version:  2406                                  |
|   \\  /    A nd           | Website:  www.openfoam.com                      |
|    \\/     M anipulation  |                                                 |
\*---------------------------------------------------------------------------*/
FoamFile
{
    version     2.0;
    format      ascii;
    arch        "LSB;label=32;scalar=64";
    class       volScalarField;
    location    "3.36";
    object      p;
}
// * * * * * * * * * * * * * * * * * * * * * * * * * * * * * * * * * * * * * //

dimensions      [0 2 -2 0 0 0 0];

internalField   nonuniform List<scalar> 
2367
(
0.52051
0.138973
0.283492
0.384992
0.465157
-0.275614
-0.243615
-0.207643
-0.278566
-0.278484
0.555286
-0.921607
-1.09349
-1.32003
-1.57681
-2.00939
-2.61629
-3.26868
-3.83368
-4.22543
-4.37278
-4.08516
-3.22077
-2.02518
-0.78436
0.186593
0.868263
0.78545
0.601842
0.387298
0.246258
0.149083
0.0509315
-0.0867507
-0.158565
-0.839824
-0.980297
-1.05828
-1.25938
-1.54787
-2.01678
-2.66706
-3.29999
-3.6774
-3.76244
-3.54052
-2.72589
-1.60748
-0.367894
0.581857
1.22277
1.39526
0.884937
0.770468
0.566312
0.400137
0.260349
0.135025
0.0557853
-0.823954
-0.872345
-0.792258
-0.81093
-1.10385
-1.43499
-1.79866
-2.44791
-2.81799
-2.87969
-2.66272
-1.98738
-1.08446
-0.106541
0.834176
1.3337
1.67723
1.23416
1.08455
0.738498
0.548869
0.425983
0.331756
0.282116
-0.947486
-0.902842
-0.868754
-0.0520231
-0.840769
-0.82227
0.169501
-0.818992
-0.829359
0.382256
-0.891116
-0.772159
-0.541046
-0.474873
-0.619533
-0.940049
-1.1069
-1.45848
-1.88425
-2.04815
-1.9094
-1.42592
-0.769644
0.00188165
0.808858
1.20799
1.51416
1.3418
1.02682
0.772871
0.678002
0.584999
0.504026
0.472362
-0.829999
-0.605761
-0.277658
-0.205022
-0.244145
-0.452909
-0.638434
-0.844173
-1.13566
-1.33343
-1.37998
-1.09231
-0.651222
-0.102417
0.551719
0.957311
1.1243
1.04945
0.848142
0.749583
0.714371
0.661367
0.623538
0.606019
-0.439132
-0.278279
-0.0249775
0.0368441
0.0139212
-0.0790352
-0.285581
-0.524908
-0.795778
-0.963698
-1.06647
-0.959977
-0.723658
-0.344209
0.126885
0.589455
0.715115
0.679725
0.602801
0.623569
0.628756
0.648213
0.666233
0.687831
-0.0430896
0.0352577
0.192051
0.235012
0.204125
0.0899489
-0.0556927
-0.266991
-0.595244
-0.862688
-1.0287
-1.07393
-0.991732
-0.785096
-0.413816
0.0238589
0.277771
0.339697
0.37831
0.467222
0.524276
0.633614
0.702046
0.743343
0.225624
0.253832
0.336622
0.343642
0.311512
0.202213
0.0729466
-0.163415
-0.526557
-0.876266
-1.16351
-1.34831
-1.35337
-1.32228
-1.19686
-0.799408
-0.396259
-0.18409
0.0553802
0.238369
0.411085
0.5822
0.737216
0.929956
0.376562
0.383043
0.425923
0.401686
0.331466
0.223104
0.134255
-0.158464
-0.587727
-1.06223
-1.50658
-1.82763
-1.96179
-1.84357
-1.90952
-1.79263
-1.3143
-0.926908
-0.428381
-0.0807529
0.222678
0.484866
0.708223
1.02251
0.461678
0.458662
0.46696
0.448571
0.377167
0.233289
0.071374
-0.262989
-0.766949
-1.31723
-1.85825
-2.29795
-2.58498
-2.59527
-2.46419
-2.45505
-2.09533
-1.56373
-0.857544
-0.427069
-0.0919233
0.189912
0.417635
0.597529
0.512841
0.506055
0.504192
0.472626
0.405166
0.274807
-0.0227797
-0.405722
-0.937718
-1.51712
-2.11
-2.58996
-2.86716
-3.04309
-2.91908
-2.65814
-2.40156
-1.70624
-1.10262
-0.750436
-0.446794
-0.225282
0.0395695
0.142632
0.552833
0.541144
0.524187
0.488866
0.418922
0.261677
-0.0778539
-0.501818
-1.02516
-1.59286
-2.18123
-2.6969
-3.05444
-3.20967
-3.14782
-2.6391
-2.15176
-1.7281
-1.34346
-0.911322
-0.669457
-0.588726
-0.375241
-0.268987
0.591707
0.575722
0.553464
0.512034
0.431862
0.24781
-0.0802274
-0.488997
-0.985205
-1.61437
-2.22679
-2.70617
-3.03507
-3.07058
-2.86059
-2.48213
-2.07788
-1.69362
-1.21921
-0.916112
-0.818383
-0.942578
-0.835463
-0.759376
0.642689
0.624311
0.590683
0.543091
0.434939
0.264156
-0.0319991
-0.413195
-0.882265
-1.41089
-1.95381
-2.3525
-2.57533
-2.62308
-2.45836
-2.18358
-1.76081
-1.24935
-0.869441
-0.770825
-0.840817
-1.11387
-1.329
-1.1809
0.697996
0.675718
0.652438
0.583917
0.490569
0.341732
0.0986332
-0.235217
-0.636748
-1.07922
-1.50606
-1.81538
-1.98703
-1.99179
-1.86825
-1.55081
-1.1263
-0.754758
-0.529643
-0.508629
-0.614512
-0.873748
-1.34221
-1.17799
0.761033
0.744169
0.717879
0.654516
0.584295
0.449768
0.233704
-0.0455492
-0.36757
-0.708213
-1.01642
-1.23823
-1.35656
-1.33992
-1.20029
-0.896298
-0.6021
-0.34162
-0.229073
-0.216513
-0.261946
-0.405869
-0.768194
-0.758773
0.828665
0.816275
0.785781
0.740089
0.67038
0.557636
0.367473
0.127735
-0.124256
-0.377589
-0.604172
-0.764265
-0.811816
-0.775589
-0.654914
-0.453598
-0.218191
-0.0747736
0.0104055
0.0672963
0.0560796
0.0218515
-0.175725
-0.204443
0.868218
0.884173
0.850609
0.808534
0.736767
0.636087
0.482368
0.294039
0.0930032
-0.118807
-0.291193
-0.369451
-0.410282
-0.410864
-0.309488
-0.149547
0.0207773
0.126242
0.210461
0.262961
0.295863
0.295574
0.226912
0.1996
0.936089
0.950803
0.920096
0.885265
0.797548
0.707626
0.572618
0.39863
0.232004
0.0666791
-0.0528963
-0.136464
-0.185707
-0.158789
-0.0811592
0.0679493
0.16545
0.273906
0.353989
0.401545
0.451488
0.451374
0.430472
0.41802
1.02167
1.01768
1.0014
0.969295
0.852345
0.752213
0.623743
0.463906
0.315923
0.171908
0.0585196
-0.0062383
-0.0241401
-0.00168218
0.0697755
0.189837
0.292746
0.381902
0.439082
0.509207
0.542919
0.547325
0.534699
0.529554
1.11891
1.10671
1.097
1.04878
0.914109
0.785383
0.658397
0.496268
0.351826
0.218356
0.113969
0.070837
0.0574765
0.0883422
0.164793
0.272836
0.365706
0.432726
0.507341
0.5704
0.596191
0.604027
0.595378
0.593588
1.2186
1.21421
1.20575
1.12465
0.983765
0.817769
0.671045
0.492459
0.333689
0.210963
0.133249
0.0834996
0.0911048
0.138968
0.211739
0.295269
0.38877
0.471985
0.541825
0.592173
0.616527
0.628139
0.627376
0.626825
1.30492
1.31546
1.29166
1.17246
1.04278
0.848534
0.639676
0.458309
0.290273
0.176492
0.104124
0.0678778
0.082491
0.133313
0.203533
0.295963
0.400545
0.482052
0.543714
0.593542
0.614487
0.63077
0.63609
0.635363
1.36397
1.36999
1.30084
1.19322
1.07055
0.860024
0.608725
0.394912
0.22209
0.0813227
0.00704144
-0.0143351
0.0159997
0.0866314
0.165351
0.268003
0.381693
0.461675
0.523205
0.578251
0.60349
1.37893
1.39815
1.33502
1.23453
1.05978
0.798778
0.543643
0.282295
0.0578998
-0.0938537
-0.141909
-0.173391
-0.117117
-0.025459
0.0846046
0.197125
0.328411
0.421913
0.491497
0.549827
0.584647
1.37569
1.38116
1.46326
1.24361
0.987448
0.702312
0.428068
0.105169
-0.202395
-0.314867
-0.372233
-0.388373
-0.309719
-0.188903
-0.0458571
0.0922625
0.242203
0.361826
0.445727
0.507387
1.33706
1.382
1.36009
1.21058
0.934336
0.592028
0.231018
-0.0999962
-0.4006
-0.590025
-0.650544
-0.636141
-0.572275
-0.396545
-0.217285
-0.0384749
-0.842462
-0.840103
0.549448
-0.767088
-0.622585
0.651907
-0.440247
-0.242065
0.703171
-0.0537662
0.102956
0.816957
0.223122
0.311667
1.04132
0.376775
0.424416
0.839831
0.462798
0.492289
0.359551
0.515666
0.537923
-0.0581314
0.557694
0.575332
-0.504676
0.596838
0.621779
-0.998256
0.647881
0.674292
-1.25063
0.700244
0.729707
-1.01348
0.76482
0.802728
-0.475628
0.840364
0.868636
0.0237196
0.885998
0.906047
0.327322
0.940395
0.980666
0.482316
1.02372
1.06823
0.565694
1.11257
1.15252
0.613781
1.19146
1.24193
0.633855
1.29099
1.33127
0.635075
1.36061
1.3778
1.38662
1.38258
1.36966
1.35057
1.32334
1.28697
-1.06542
-0.980056
-1.2735
-1.1567
-1.0061
-0.951937
-0.875696
-1.19631
-1.12121
-1.03828
-0.120218
-0.00791528
0.0283585
-0.905774
-0.874719
-0.820506
-1.03691
-0.946387
-0.919503
0.0938045
0.196995
0.235472
-0.862047
-0.863965
-0.851313
-0.857872
-0.769852
-0.82561
0.302609
0.395497
0.42024
-0.861179
-0.827452
-0.903029
-0.683437
-0.597223
-0.704001
0.480138
0.555249
0.570474
-0.742677
-0.583079
-0.653651
-0.480544
-0.332201
-0.453522
0.608294
0.647111
0.650465
-0.374867
-0.178975
-0.229885
-0.172462
-0.0288974
-0.112054
0.679778
0.712451
0.688189
-0.00941116
0.129951
0.109723
0.0956035
0.195838
0.156706
0.735534
0.801324
0.723607
0.23729
0.316967
0.31183
0.27697
0.34054
0.326885
0.87367
0.910929
0.735471
0.376622
0.422448
0.425226
0.389106
0.430705
0.42636
0.858632
0.725718
0.603919
0.456617
0.484643
0.489618
0.459336
0.487344
0.48476
0.495865
0.310175
0.260563
0.509089
0.529508
0.534115
0.507083
0.522139
0.523792
0.1773
-0.011481
-0.17748
0.547534
0.565642
0.570192
0.537048
0.547767
0.557198
-0.263345
-0.522626
-0.595541
0.584549
0.605554
0.616273
0.56297
0.580787
0.598805
-0.80154
-1.09205
-1.10001
0.629962
0.657222
0.670063
0.603397
0.629542
0.650003
-1.30455
-1.38557
-1.42678
0.684815
0.715604
0.728105
0.661629
0.69461
0.709611
-1.29907
-1.10127
-1.09486
0.750097
0.786339
0.796703
0.725649
0.762477
0.778488
-0.80557
-0.499216
-0.465234
0.823447
0.857173
0.85073
0.799529
0.839165
0.853466
-0.209309
0.0303285
0.0574148
0.888294
0.920072
0.896599
0.878836
0.909835
0.91455
0.207088
0.332137
0.348184
0.956785
0.994465
0.979764
0.94689
0.973355
0.982982
0.419855
0.481576
0.490302
1.03143
1.07185
1.06856
1.00232
1.04605
1.05871
0.528409
0.5649
0.569562
1.11551
1.15889
1.1663
1.09558
1.15608
1.15813
0.593201
0.614366
0.615693
1.20696
1.25041
1.26824
1.21093
1.2558
1.26901
0.627317
0.634621
0.63432
1.29529
1.33891
1.3396
1.30149
1.32918
1.34699
0.636241
0.633136
0.631671
1.37302
1.38602
1.37352
1.3591
1.37861
1.38859
1.40559
1.42202
1.37649
1.40771
1.38981
1.37474
1.38607
1.35715
1.36382
1.39438
1.3837
1.40239
1.34082
1.31608
1.30184
1.31324
1.35822
1.35061
-0.165473
-0.165164
0.0436718
0.0455935
0.276161
0.276844
-0.0641694
-0.0622972
0.160145
0.161642
0.379322
0.379785
0.470775
0.471079
0.605938
0.6059
0.683697
0.683774
0.745476
0.747144
0.917815
0.922276
0.957394
0.961836
0.596512
0.59592
0.159023
0.156278
-0.269092
-0.270405
-0.757706
-0.757341
-1.16166
-1.15745
-1.16138
-1.15657
-0.746595
-0.744349
-0.206013
-0.206136
0.19529
0.194651
0.415778
0.415278
0.529092
0.528884
0.593545
0.593377
0.626983
0.626766
0.635554
0.635428
0.548227
0.548141
0.650865
0.651006
0.703654
0.704973
0.819353
0.821879
0.99919
1.00165
0.816319
0.817435
0.369569
0.36859
-0.051561
-0.0531183
-0.504515
-0.504934
-0.990758
-0.988494
-1.23056
-1.22516
-0.993195
-0.989172
-0.471669
-0.470632
0.0193974
0.0189005
0.32388
0.323263
0.481129
0.480796
0.565591
0.56543
0.613836
0.613638
0.633997
0.633768
0.634221
0.634285
-0.912016
-0.911023
-0.8425
-0.842785
-0.821339
-0.822024
-0.960431
-0.871804
-0.871835
-0.825001
-0.825544
-0.83149
-0.831784
-0.841938
-0.841235
-0.754614
-0.751967
-0.424723
-0.423264
-0.0477638
-0.0476506
0.223345
0.223002
0.377907
0.377725
0.464695
0.464529
0.517564
0.517557
0.55862
0.558623
0.598809
0.598887
0.649385
0.649283
0.700601
0.700807
0.763988
0.764339
0.831938
0.832994
0.878119
0.879712
0.942785
0.942862
1.02745
1.02733
1.12034
1.11934
1.20409
1.20286
1.29255
1.29259
1.35835
1.3585
1.38312
1.38306
1.36969
1.36934
1.32447
1.32378
-0.830201
-0.828189
-0.610058
-0.607479
-0.226634
-0.225671
0.103462
0.103311
0.31133
0.311212
0.426362
0.426196
0.494058
0.4939
0.539264
0.539271
0.576734
0.576889
0.624192
0.624003
0.674573
0.674646
0.730651
0.730791
0.798714
0.799475
0.856593
0.858849
0.90651
0.906931
0.982793
0.982984
1.07416
1.07363
1.16346
1.1619
1.24831
1.24819
1.33073
1.33076
1.375
1.37523
1.38099
1.38087
1.3518
1.35117
1.28709
1.2863
0.584263
0.598541
0.604297
0.594112
0.622947
0.62652
0.632567
0.607524
0.615744
0.619956
0.626995
0.612958
0.601884
0.59254
0.588496
0.629245
0.625493
0.621454
0.618998
0.610935
0.607914
0.604122
0.604
0.594268
0.594206
0.631104
0.631222
0.619736
0.619707
0.626304
0.62627
0.612684
0.612591
0.558185
0.577863
0.584977
0.321767
0.425782
0.489263
0.535222
0.560359
0.569921
-0.877231
-0.578029
-0.301313
-0.0573675
0.137574
0.2807
0.392814
0.464082
0.519559
0.546511
0.557484
-1.03285
-0.691626
-0.38337
-0.116164
0.103395
0.264159
0.381017
0.460522
0.51981
0.54346
0.556972
0.577202
0.5631
0.554946
0.564833
-0.643164
-0.405911
-0.180234
0.0341683
0.202781
0.583861
0.57551
0.569798
0.567848
0.56069
0.553902
0.554955
0.552184
0.543296
0.55375
0.560764
0.549031
1.24922
1.29053
1.16798
1.11035
0.840604
0.395261
0.0566651
-0.280404
-0.570565
-0.785019
-0.963095
-0.987107
-0.865839
1.07447
1.09831
1.02928
0.829946
0.484
0.146767
-0.160498
-0.481249
-0.771271
-1.12948
-1.35236
-1.26368
0.80077
0.80344
0.667988
0.383675
0.0586979
-0.196217
-0.423801
-0.736051
0.45688
0.401888
0.0580699
-0.195075
1.23683
1.16566
1.06878
0.946348
0.801205
0.638652
0.465065
0.289339
-1.13668
-1.09015
-1.39368
-1.61127
-1.54101
-1.32472
-0.439367
-0.57465
-0.680339
-0.958969
-1.27891
-1.55497
-1.65043
-1.63476
-1.55798
-1.21893
-0.733021
-0.411114
-0.126996
0.116596
0.283443
0.404205
0.488028
0.546207
0.560481
0.579468
0.0999281
-0.0332551
-0.587189
-1.02014
-1.04217
-0.813322
-0.851436
-0.996086
-1.2278
-1.4514
-1.60378
-1.71937
-1.6053
-1.2429
-0.784166
-0.4066
-0.0956264
0.160472
0.330055
0.44483
0.523234
0.590156
0.60664
0.621883
-0.173606
-0.368795
-1.05015
-1.6883
-1.57551
-0.958862
-0.784012
-0.877573
-1.09448
-1.26031
-1.47984
-1.52365
-1.38254
-1.09646
-0.698421
-0.331029
-0.0293416
0.219677
0.401188
0.514927
0.590834
0.652622
0.667016
0.681396
-0.289433
-0.474426
-0.968481
-1.70747
-1.3608
-0.702272
-0.482854
-0.496864
-0.829871
-0.991743
-1.11989
-1.17565
-1.07137
-0.83922
-0.508996
-0.187842
0.104096
0.331603
0.495151
0.608557
0.695552
0.754645
0.754562
0.761097
-0.261138
-0.384528
-0.618095
-0.924106
-0.645843
-0.128069
-0.0185251
0.0206335
-0.176733
-0.571804
-0.733371
-0.77303
-0.707837
-0.534962
-0.278245
-0.0134208
0.2444
0.45329
0.618955
0.733226
0.822241
0.868621
0.857242
0.854815
-0.142208
-0.191489
-0.206391
-0.222174
0.0732815
0.356971
0.43158
0.364495
0.251804
0.0245659
-0.292163
-0.421359
-0.401022
-0.278988
-0.0906498
0.128051
0.363509
0.562201
0.729351
0.848775
0.944994
0.99072
0.96671
0.972751
-0.0125351
-0.0152623
0.0755223
0.160481
0.382989
0.540954
0.590339
0.549951
0.405814
0.269481
0.0744612
-0.0967072
-0.177399
-0.120037
0.0294784
0.2289
0.439684
0.633264
0.805966
0.937308
1.04509
1.09498
1.08114
1.09128
0.0879077
0.102592
0.219737
0.326458
0.47935
0.589289
0.612138
0.587328
0.458344
0.295516
0.19037
0.0289716
-0.0352526
-0.0019049
0.10569
0.270728
0.457289
0.662039
0.844505
0.994112
1.1238
1.19083
1.19822
1.20235
0.150263
0.170345
0.271615
0.367614
0.482272
0.560999
0.570226
0.529107
0.434298
0.269771
0.139261
0.0372264
-0.038847
-0.0198058
0.0642841
0.229116
0.447195
0.66479
0.849268
1.03372
1.18194
1.28463
1.30694
1.29913
0.183048
0.203977
0.263027
0.326939
0.413912
0.47128
0.471382
0.42025
0.323979
0.188352
0.0422278
-0.0701644
-0.148455
-0.146628
-0.0647549
0.12636
0.337187
0.552368
0.818055
1.05701
1.20233
1.33016
1.37047
1.35954
0.19764
0.212744
0.245186
0.280366
0.327639
0.355441
0.340373
0.276458
0.175233
0.0357047
-0.121604
-0.237747
-0.331626
-0.330144
-0.220923
-0.078642
0.188838
0.431949
0.72119
1.00147
1.18074
1.32951
1.37051
1.37239
0.179108
0.187925
0.193085
0.209008
0.231316
0.238721
0.202725
0.119367
-0.0106406
-0.178167
-0.341464
-0.501329
-0.54291
-0.529885
-0.470374
-0.290805
-0.00170219
0.300196
0.595171
0.876384
1.11262
1.24068
1.28703
1.30952
0.144792
0.148244
0.13898
0.139066
0.142288
0.125889
0.0673661
-0.0527274
-0.231094
-0.42301
-0.630995
-0.789916
-0.825219
-0.754093
-0.664965
-0.454556
-0.194513
0.129387
0.43528
0.730055
0.986911
1.1279
1.20852
1.18522
0.104825
0.103061
0.086949
0.0772424
0.0621667
0.0127213
-0.0770499
-0.229598
-0.447994
-0.685874
-0.903301
-1.06266
-1.15856
-1.08629
-0.860996
-0.607074
-0.334789
-0.0266334
0.266854
0.565708
0.807812
0.875509
0.98839
0.986257
0.0688899
0.0625175
0.038322
0.0200491
-0.0112368
-0.071524
-0.197063
-0.382887
-0.633319
-0.917078
-1.12048
-1.30467
-1.36118
-1.33806
-1.13692
-0.824538
-0.537266
-0.215334
0.0762259
0.347165
0.613536
0.687259
0.758779
0.765116
0.0433287
0.0344646
0.0200426
-0.0132606
-0.0677844
-0.134094
-0.285274
-0.495973
-0.775987
-1.08513
-1.31484
-1.46619
-1.47833
-1.45338
-1.28557
-1.04185
-0.759515
-0.429495
-0.150556
0.0636096
0.273426
0.509967
0.533705
0.543003
0.025116
0.0176308
-0.00731925
-0.0269816
-0.0829257
-0.172693
-0.318665
-0.542785
-0.857006
-1.17876
-1.44816
-1.73947
-1.52382
-1.39952
-1.34393
-1.17477
-0.891164
-0.588535
-0.366608
-0.191796
-0.0304462
0.167526
0.26253
0.29322
0.0200891
0.0114127
-0.0138002
-0.0359755
-0.0828495
-0.171904
-0.313289
-0.551472
-0.878742
-1.18152
-1.41798
-1.62461
-1.61071
-1.45828
-1.27439
-1.07497
-0.866335
-0.669764
-0.535578
-0.462529
-0.374265
-0.194832
-0.0324159
0.0253895
0.0237183
0.0134126
-0.00895479
-0.0217126
-0.0597624
-0.139734
-0.275244
-0.472187
-0.740154
-1.06462
-1.29797
-1.36706
-1.37584
-1.30618
-1.13716
-0.976523
-0.827269
-0.689257
-0.648779
-0.741755
-0.794756
-0.538354
-0.297182
-0.199757
0.0272653
0.0195343
0.000463205
-0.00915801
-0.0276329
-0.0922398
-0.184815
-0.332661
-0.539776
-0.769209
-0.94231
-1.03378
-1.0405
-0.962673
-0.907852
-0.789996
-0.606976
-0.511631
-0.604948
-0.848884
-0.913579
-0.654158
-0.358745
-0.295673
0.0249425
0.0267863
0.014481
-0.00353097
-0.00897168
-0.0424285
-0.0720103
-0.161285
-0.30124
-0.451704
-0.58632
-0.622093
-0.682097
-0.625738
-0.621786
-0.510065
-0.343595
-0.260519
-0.306594
-0.520088
-0.714701
-0.613914
-0.283893
-0.233496
0.0183285
0.0158793
0.00865951
0.010705
0.00616408
0.00350564
-0.00926066
-0.0216151
-0.0544581
-0.085478
-0.117921
-0.114194
-0.145763
-0.135101
-0.111584
-0.0924907
-0.0606013
-0.0283375
-0.0457131
-0.0910948
-0.152161
-0.124336
-0.0543919
-0.0387966
0.59801
0.122079
-0.024715
0.648923
-0.140253
-0.217385
0.719619
-0.26084
-0.265719
0.80563
-0.238348
-0.189699
0.911515
-0.130721
-0.0690357
1.03292
-0.0102259
0.0421504
1.1478
0.0857859
0.120286
1.25303
0.146141
0.164443
1.3361
0.179182
0.188813
1.37245
0.19095
0.184791
1.34478
0.174557
0.160089
1.25931
0.142665
0.123522
1.09216
0.104005
0.0856599
0.874926
0.069742
0.0559088
0.65515
0.0429767
0.0323394
0.423377
0.025979
0.0228496
0.158665
0.0210983
0.0225713
-0.0969275
0.024475
0.0269271
-0.268939
0.0288804
0.0280001
-0.280395
0.0257491
0.0213886
-0.146185
0.0161814
0.0158689
0.0162403
0.00676257
0.0110824
0.00132461
0.00284296
-0.0137048
-0.0357732
-0.0692353
-0.105587
-0.127477
-0.133932
-0.135658
-0.132099
-0.106311
-0.0869983
-0.0469743
-0.047679
-0.0515391
-0.128856
-0.109707
-0.0704178
-0.0420901
1.27018
1.19532
1.17499
1.34163
1.23918
1.20842
1.09534
0.964762
0.948851
1.11875
0.979031
0.970675
0.812064
0.636172
0.635162
0.78904
0.584343
0.617484
0.443654
0.245144
0.274915
0.341681
0.0937343
0.18193
0.575981
0.595772
0.579208
0.0529294
-0.113
-0.0539737
-0.162621
-0.380575
-0.218877
0.614324
0.639365
0.635583
-0.243334
-0.323764
-0.250468
-0.566055
-0.662248
-0.454951
0.671124
0.709093
0.705335
-0.357448
-0.352441
-0.292776
-0.642228
-0.602095
-0.453494
0.757769
0.806198
0.802896
-0.308889
-0.243081
-0.206784
-0.499082
-0.388656
-0.299191
0.860565
0.914855
0.909937
-0.162333
-0.0848001
-0.0753128
-0.238859
-0.119366
-0.0981259
0.974975
1.03321
1.02465
-0.0143958
0.0453347
0.042785
-0.0136576
0.0653121
0.050751
1.09184
1.14883
1.142
0.0934118
0.13065
0.1235
0.124791
0.169545
0.143346
1.2031
1.25311
1.25347
0.1574
0.174629
0.16718
0.194584
0.216178
0.189285
1.29928
1.34051
1.33996
0.188813
0.201047
0.195935
0.22363
0.23024
0.212641
1.36971
1.37825
1.36939
0.202662
0.195863
0.191364
0.225036
0.21427
0.204129
1.36746
1.34566
1.35967
0.182743
0.165998
0.163198
0.192599
0.173476
0.170011
1.30872
1.24947
1.27087
0.14651
0.125646
0.124996
0.149017
0.124952
0.126094
1.17562
1.08974
1.11123
0.104481
0.0843615
0.085705
0.0997786
0.0773226
0.0816425
0.981558
0.874445
0.873799
0.0666961
0.0527609
0.0557786
0.0566659
0.0406444
0.0472254
0.76864
0.666726
0.647815
0.0400687
0.030274
0.0322475
0.0336735
0.0201081
0.0239872
0.550757
0.431154
0.40942
0.023686
0.018142
0.0214959
0.00858482
0.00494565
0.0132383
0.288506
0.147207
0.116031
0.016504
0.0184224
0.0216162
0.00692419
0.00186727
0.0114338
0.00368211
-0.126624
-0.170629
0.0209296
0.0236695
0.0263255
0.00158152
0.00237255
0.0145467
-0.238341
-0.313341
-0.365617
0.0246075
0.0271289
0.0271512
0.0127107
0.0168843
0.0232125
-0.352784
-0.335406
-0.344228
0.0267538
0.0223979
0.0232235
0.0227318
0.0220183
0.023976
0.00325305
0.00598953
0.0139371
0.00180815
0.00811589
0.0030158
-0.0255945
-0.0181033
0.00117358
-0.0471994
-0.0175579
-0.0210373
-0.106751
-0.0535387
-0.0355385
-0.232045
-0.130331
-0.0833443
-0.37696
-0.221638
-0.173948
-0.533991
-0.322543
-0.265102
-0.623433
-0.376469
-0.353325
-0.65064
-0.380257
-0.354966
-0.655461
-0.394517
-0.407966
-0.647681
-0.394061
-0.390333
-0.570343
-0.315952
-0.358691
-0.432526
-0.234602
-0.282619
-0.298364
-0.109132
-0.171416
-0.26444
-0.124565
-0.0899051
-0.368002
-0.151816
-0.130779
-0.643313
-0.388477
-0.265093
-0.583059
-0.355186
-0.434177
-0.364995
-0.231008
-0.400676
-0.270884
-0.158411
-0.185006
0.585195
0.585147
0.57005
0.569985
0.558219
0.558183
0.55795
0.558046
0.577299
0.577238
0.563475
0.563401
0.555867
0.555887
0.565791
0.565922
0.580056
0.580122
0.620011
0.620471
0.675946
0.6777
0.760953
0.761285
0.85672
0.857004
0.975067
0.975238
1.09376
1.09391
1.20393
1.20409
1.29939
1.29941
1.35919
1.35904
1.36716
1.36667
1.30737
1.30694
1.18247
1.18147
0.986772
0.985962
0.766054
0.765588
0.541371
0.540875
0.29031
0.290011
0.024578
0.0247925
-0.196436
-0.195228
-0.291743
-0.290086
-0.230084
-0.228394
-0.0414464
-0.0406004
0.598199
0.598371
0.644152
0.645287
0.718009
0.718522
0.806212
0.806507
0.914015
0.914277
1.03545
1.03558
1.15006
1.15023
1.25416
1.25432
1.33577
1.33565
1.37049
1.37029
1.34358
1.34337
1.25615
1.25512
1.09127
1.09025
0.876876
0.876183
0.655089
0.654704
0.420378
0.419877
0.156285
0.156203
-0.0960824
-0.0954689
-0.264077
-0.262534
-0.280573
-0.278892
-0.145397
-0.14379
1.23434
1.2332
1.06412
1.0629
0.797969
0.796885
0.464834
0.46427
1.16154
1.16031
0.942111
0.940895
0.636678
0.6358
0.291073
0.290941
0.125938
0.126279
-0.133384
-0.132243
-0.254014
-0.252654
-0.234249
-0.233149
-0.129638
-0.12922
-0.0108095
-0.0107893
0.0845613
0.0843997
0.145168
0.145005
0.178682
0.178529
0.190109
0.189813
0.174552
0.174226
0.142383
0.142246
0.104066
0.104053
0.069772
0.0698494
0.0431089
0.0432692
0.0264785
0.0267002
0.0215809
0.0218438
0.0249608
0.0252307
0.0296813
0.0299333
0.026509
0.0269413
0.0145442
0.0144091
-0.0189614
-0.0181666
-0.210773
-0.209616
-0.260235
-0.258577
-0.187296
-0.186567
-0.0689111
-0.068706
0.04108
0.040975
0.119121
0.11894
0.164001
0.163916
0.188076
0.18782
0.185151
0.184684
0.159864
0.159649
0.12338
0.123303
0.0859792
0.0860174
0.0557167
0.0557981
0.0328559
0.0330597
0.0232699
0.0234629
0.0229973
0.0232604
0.0274252
0.0277342
0.0284074
0.0286633
0.0212004
0.0214218
)
;

boundaryField
{
    inlet
    {
        type            zeroGradient;
    }
    outlet
    {
        type            fixedValue;
        value           uniform 0;
    }
    wall
    {
        type            zeroGradient;
    }
    empty_zmin
    {
        type            empty;
    }
    empty_zmax
    {
        type            empty;
    }
    procBoundary1to0
    {
        type            processor;
        value           nonuniform List<scalar> 
35
(
0.185845
0.0599101
-0.0432861
-0.142132
-0.224885
-0.224885
-0.326716
-0.393173
-0.364343
-3.67918
-4.0316
-4.27167
-4.36493
-4.03433
-3.33851
-2.25354
-1.10087
-0.282209
0.541544
0.277588
-0.396195
-0.396318
-1.04241
-1.23276
-1.51013
-1.51013
-1.8181
-2.40392
-3.00571
-0.997605
-1.13043
-1.36052
-1.01444
-0.958499
-0.958499
)
;
    }
}


// ************************************************************************* //
