/*--------------------------------*- C++ -*----------------------------------*\
| =========                 |                                                 |
| \\      /  F ield         | OpenFOAM: The Open Source CFD Toolbox           |
|  \\    /   O peration     | Version:  2406                                  |
|   \\  /    A nd           | Website:  www.openfoam.com                      |
|    \\/     M anipulation  |                                                 |
\*---------------------------------------------------------------------------*/
FoamFile
{
    version     2.0;
    format      ascii;
    arch        "LSB;label=32;scalar=64";
    class       volScalarField;
    location    "1.2";
    object      initialResidual:p;
}
// * * * * * * * * * * * * * * * * * * * * * * * * * * * * * * * * * * * * * //

dimensions      [0 0 0 0 0 0 0];

internalField   nonuniform List<scalar> 
2367
(
-1.16907e-09
1.74387e-08
-1.74669e-09
-4.0575e-10
-8.08702e-10
9.3163e-11
7.53948e-11
-2.15908e-10
-5.14638e-10
5.21745e-10
-1.87435e-09
-2.44644e-09
2.5064e-09
-5.10441e-12
1.90042e-08
-5.17679e-09
-3.63782e-08
-2.0007e-09
3.10985e-08
4.16522e-08
-4.87015e-08
-1.31457e-08
5.79011e-09
-3.39082e-08
-1.57943e-08
3.78706e-08
-2.86708e-09
3.24649e-09
-1.54949e-09
3.77679e-11
-3.2115e-09
4.53779e-10
-1.17059e-09
-5.99921e-10
-1.40718e-10
1.6605e-09
-5.3537e-09
-1.09432e-08
-2.2966e-08
-2.36172e-10
6.97816e-08
-8.63808e-08
1.04287e-08
-5.79482e-08
-2.72803e-09
-1.68043e-08
3.50856e-09
2.96019e-08
-3.78653e-08
4.48999e-08
-1.47711e-08
-1.64908e-09
-4.37179e-09
-1.15976e-09
3.58225e-10
6.84792e-10
-4.1103e-10
-9.31933e-10
-3.33932e-10
-1.52124e-09
-4.55937e-09
1.67778e-08
-1.22688e-08
-1.48247e-08
2.48585e-08
-1.55303e-08
-6.48166e-09
-1.09656e-08
-1.88129e-09
9.66683e-12
-2.31867e-08
1.05747e-08
2.05616e-08
-4.42944e-08
7.38201e-09
3.3015e-09
4.22108e-09
1.20099e-11
1.49626e-09
-1.37376e-09
-4.86879e-10
2.55297e-09
2.62349e-10
6.93376e-09
-2.8383e-09
-6.01438e-09
-5.11329e-10
-4.14205e-09
-2.42327e-09
-3.11151e-11
-2.51927e-09
-8.21412e-10
4.45747e-10
5.10266e-10
8.95926e-10
1.43037e-09
1.83539e-08
9.64447e-09
-1.41099e-08
1.13108e-08
1.16317e-08
-2.42509e-09
-6.6396e-08
2.65487e-08
9.66187e-09
-4.09326e-08
3.96053e-08
-2.33667e-08
2.80424e-08
-1.33692e-08
2.26386e-09
2.09825e-09
-2.64883e-09
2.4713e-11
2.90262e-09
-2.35822e-09
4.92366e-10
-1.49947e-09
-7.39604e-10
-1.04056e-08
3.39147e-10
1.96517e-08
2.32515e-08
-6.38411e-09
-8.43888e-09
-3.79175e-09
1.78461e-08
2.09586e-08
-5.20204e-09
-4.96593e-09
1.77421e-09
-3.26594e-09
-4.97514e-09
1.2263e-08
3.46513e-10
-1.09951e-08
2.5414e-09
1.53406e-09
-3.57358e-10
1.68201e-10
-5.86571e-10
-3.22919e-09
-1.31056e-09
-1.27469e-09
8.22756e-09
-8.78731e-09
5.91091e-10
3.67082e-08
5.76555e-09
9.83386e-09
9.64638e-09
2.96119e-09
9.55624e-09
7.06946e-09
7.32254e-09
-2.00058e-08
-7.37953e-08
9.69987e-08
4.06103e-09
2.83973e-09
1.65502e-09
-3.20067e-09
-2.80597e-09
-4.14663e-10
3.33104e-10
-4.34773e-09
-2.94859e-09
5.09229e-09
-3.05795e-09
-2.90921e-09
-8.80016e-09
1.19894e-08
1.93194e-08
6.5807e-09
7.87904e-09
6.82699e-09
6.87756e-09
-1.47305e-09
-6.5175e-09
3.85375e-09
5.25059e-09
-1.13451e-08
8.75681e-09
2.34835e-09
-3.14823e-09
1.36793e-09
1.66805e-09
9.3054e-11
-4.65099e-10
-1.01554e-08
2.77428e-09
6.25888e-10
1.94808e-09
4.35126e-09
-6.95127e-09
-4.98113e-09
9.22718e-09
1.18597e-08
5.986e-09
3.8421e-10
3.04698e-09
-4.77434e-10
-9.54081e-10
-2.0937e-09
-2.77243e-09
3.32082e-09
1.9574e-09
2.59841e-09
-1.69119e-09
2.60793e-09
-8.45122e-10
6.93209e-10
1.34504e-10
1.37299e-09
9.24231e-09
-9.24666e-10
-4.34112e-09
4.69419e-09
6.02843e-09
-6.83009e-09
-2.98649e-09
-4.65288e-09
-1.47878e-09
1.21247e-08
-1.01127e-09
-1.22339e-09
-3.40237e-09
3.72656e-11
-7.50985e-10
1.31914e-09
2.54274e-10
2.63474e-09
5.86295e-09
1.08535e-09
4.71954e-09
8.16758e-10
4.82802e-11
1.27984e-09
2.98323e-10
1.22347e-10
-3.34459e-09
-9.32166e-09
7.39146e-09
2.77655e-09
-4.20219e-09
-2.19176e-09
-1.1309e-08
-7.83129e-09
7.98905e-09
-4.82054e-09
1.12807e-10
5.38556e-09
-5.02251e-10
-1.73133e-09
-1.08811e-10
-2.07965e-09
-1.8153e-09
-1.70553e-09
-8.73304e-10
2.33811e-09
-1.41253e-10
-8.61621e-10
-7.7071e-10
-2.62549e-09
-6.25402e-10
-3.19288e-10
-7.26707e-09
1.78751e-09
1.58295e-09
-1.77306e-09
7.13103e-09
2.19357e-09
-4.57229e-09
-4.0711e-09
-7.06455e-09
1.0148e-08
1.14815e-09
-1.95821e-09
5.9019e-09
-5.60524e-09
-4.92075e-09
2.44213e-09
1.94337e-09
-7.73823e-10
2.89362e-09
-4.45749e-10
-3.36619e-10
-3.00385e-09
-1.06154e-09
-1.06531e-09
-7.91792e-10
4.72529e-10
6.85995e-10
2.98116e-09
3.79174e-10
5.82742e-09
2.0231e-09
3.41779e-09
-5.94966e-09
-8.81609e-09
3.43625e-09
-2.27325e-09
2.03262e-09
6.94723e-09
-9.5207e-10
1.71759e-09
-6.83672e-08
-2.50775e-08
-1.32832e-09
-2.58954e-10
-4.6758e-10
-1.01428e-09
-1.5249e-09
-1.93157e-09
1.86844e-09
1.87077e-09
1.01694e-10
2.65377e-09
4.16496e-10
-1.36539e-09
-5.1268e-10
4.15156e-09
-8.95526e-10
-9.08917e-09
-9.84125e-09
-7.31033e-09
1.16716e-09
1.12054e-08
3.31125e-09
-1.0054e-07
9.81815e-08
4.8089e-08
-1.24858e-08
-3.01858e-10
-1.9947e-10
-4.2184e-10
-1.51087e-09
-7.87317e-10
3.44108e-09
-4.47429e-10
-2.62986e-09
-8.50634e-10
-2.99766e-09
-1.382e-08
-1.48808e-08
-2.23251e-08
7.28776e-13
3.13054e-08
-2.14472e-08
-1.01236e-08
-5.65424e-09
-3.98917e-09
6.66143e-09
-2.10534e-09
5.31089e-09
1.23859e-09
-7.51845e-09
-1.1894e-10
3.35677e-11
3.86642e-10
1.83292e-09
-2.05392e-09
-3.1668e-09
1.29364e-09
-3.2015e-09
-2.82764e-09
-3.25272e-09
4.71983e-10
-3.25796e-09
1.26153e-09
-5.40826e-08
-3.99381e-08
4.08882e-08
-2.78413e-08
-1.53182e-08
-1.56687e-08
-3.19323e-09
5.98949e-09
1.85189e-09
-1.0502e-08
-5.97586e-09
1.68649e-10
2.11417e-12
-4.61784e-10
-1.12464e-09
1.30386e-09
-4.53121e-09
-2.27927e-09
3.79564e-09
-3.85742e-09
-3.70025e-09
-5.71511e-09
-4.66106e-10
2.23849e-09
5.00199e-08
-1.66339e-08
-3.48665e-08
1.39326e-08
-3.2382e-08
-5.13557e-09
-3.79237e-09
-1.74825e-09
-5.61592e-09
8.71674e-10
3.76046e-09
-6.52684e-11
-3.45136e-11
-5.07143e-10
-4.17926e-10
-5.68655e-10
-8.04251e-10
-2.34456e-09
-1.57254e-09
-1.41642e-09
9.96759e-10
-2.808e-10
6.86038e-09
-1.64793e-08
-2.21777e-09
5.01858e-08
-8.14742e-09
5.32156e-10
2.55995e-08
8.11048e-09
-2.96029e-09
-6.20647e-09
-1.13096e-08
1.14759e-08
3.24581e-10
-1.03696e-10
1.30889e-11
3.44795e-10
-6.57486e-10
5.86378e-10
1.02565e-09
7.62215e-10
1.55712e-09
1.36329e-09
6.70929e-09
-1.90391e-09
-1.09896e-07
1.12442e-07
-3.08512e-08
-7.05612e-08
2.24418e-08
4.58026e-08
2.0819e-08
-1.83919e-08
-7.53415e-09
3.38971e-09
-1.83158e-08
-1.7895e-08
-1.56772e-09
5.22321e-10
2.60259e-10
4.1105e-10
-1.48494e-09
3.44884e-09
-6.36831e-09
-1.1267e-09
-9.68457e-10
-2.19973e-09
-3.7962e-09
-9.65811e-09
-2.37007e-08
1.87738e-08
4.11493e-08
1.90587e-08
-3.14799e-08
-4.89119e-08
-1.66737e-08
5.84222e-09
-1.45578e-08
-6.7979e-09
-3.69925e-09
-2.84955e-08
-5.23289e-09
-4.26505e-10
-5.37021e-10
-1.67176e-09
3.01755e-09
3.62283e-09
-4.39317e-11
1.42939e-09
1.13047e-09
2.12043e-09
4.84167e-09
1.25454e-08
2.06423e-08
-9.03052e-09
-7.02786e-09
1.80249e-08
-1.11203e-09
2.33691e-08
2.73816e-08
2.63348e-08
2.21546e-08
-7.86449e-09
9.98673e-09
7.26823e-08
-1.90884e-08
5.95723e-10
-1.22647e-10
3.90114e-09
-9.36646e-10
-2.16896e-09
8.03964e-10
1.17466e-09
1.36489e-09
1.87995e-09
3.56072e-09
6.81811e-09
1.10413e-08
1.14135e-08
5.28427e-09
4.32761e-09
4.00348e-08
2.35132e-08
1.56757e-09
-6.82692e-09
2.65693e-08
1.4105e-08
2.17347e-08
1.17183e-08
1.41913e-09
-1.16425e-10
2.66936e-10
-1.52303e-09
1.24155e-09
-5.61732e-10
6.13475e-10
7.76229e-10
8.12554e-10
6.89862e-10
7.6915e-10
2.22136e-09
3.10361e-09
2.45212e-09
7.00545e-09
1.43707e-08
8.87716e-09
-1.79991e-08
-1.52117e-09
-6.45901e-09
-1.71818e-08
-8.99955e-10
-6.78296e-10
6.27854e-09
3.95747e-10
-1.11419e-10
-6.24975e-11
-5.83372e-10
5.71315e-10
-4.19945e-10
2.84285e-10
-1.18173e-11
5.56846e-11
5.07262e-10
2.12457e-10
4.71658e-10
-1.34002e-10
7.01077e-09
3.87464e-09
-3.88645e-10
-9.00768e-09
-5.91338e-10
-2.01019e-09
-2.84224e-09
-4.27844e-09
-1.18584e-08
2.79443e-09
6.67126e-11
-1.23336e-09
1.31619e-10
-1.23855e-10
1.16365e-09
-3.91352e-11
-1.34379e-09
-4.93806e-10
-4.02933e-10
-9.73975e-10
-1.49239e-10
9.80281e-10
-2.13027e-09
1.28569e-08
-3.87717e-09
-6.67534e-09
-9.91296e-10
-8.50857e-10
4.76511e-09
-7.94041e-09
1.08242e-09
-1.34613e-09
-2.93983e-09
4.34582e-10
-1.34348e-10
-2.55265e-10
1.05974e-09
-1.00942e-09
-1.39082e-09
-1.34367e-10
-9.20957e-10
-1.58348e-09
2.15939e-11
1.35987e-08
-1.14494e-08
-1.35874e-08
2.92305e-09
-2.55413e-09
1.65055e-08
-2.04348e-08
-2.43664e-09
3.31221e-10
-1.83037e-09
-2.12785e-09
-7.11745e-10
-1.81428e-10
-1.46319e-09
-3.79722e-10
1.1149e-09
-2.08794e-09
-5.8481e-10
1.6965e-10
-5.42494e-10
-1.84324e-09
-1.13979e-08
-8.63991e-09
1.00654e-08
1.985e-09
4.34078e-08
-4.12506e-08
-4.24365e-08
4.21962e-08
-2.39797e-09
-7.08109e-10
1.07122e-09
8.10176e-10
-7.04583e-10
-2.10251e-10
2.69257e-09
-6.00814e-11
-8.5831e-10
-3.08294e-10
6.28454e-11
-3.01898e-10
-4.03996e-09
1.26212e-09
7.79184e-09
1.51135e-10
-2.65511e-09
-1.59188e-08
3.38784e-10
2.85251e-09
-1.38835e-10
2.9116e-09
1.11616e-09
-9.62102e-11
-2.33526e-09
-1.84985e-09
1.012e-10
-1.67879e-09
-1.91501e-10
-4.28127e-10
2.16689e-09
-2.99699e-10
4.36177e-10
5.1085e-08
-4.55878e-08
1.36164e-10
-6.02087e-10
-1.27183e-10
-3.21265e-10
-7.81272e-10
-7.21507e-10
2.84335e-09
-6.37519e-10
-5.10244e-10
1.07149e-08
-3.06636e-10
-1.65944e-10
3.01771e-08
-1.24614e-10
-1.6956e-10
-3.73285e-09
-1.30529e-10
3.90588e-10
5.0731e-09
-2.51008e-10
1.75618e-10
1.22542e-09
-2.413e-10
5.60628e-11
-9.08138e-10
7.16979e-11
8.42152e-11
-3.53681e-09
4.66347e-10
2.68938e-11
1.64879e-08
-1.79587e-10
-4.12203e-10
8.21777e-09
-8.79561e-11
4.53009e-11
2.45236e-09
9.65118e-11
4.42266e-10
-1.07638e-09
2.49489e-10
-1.982e-10
-8.99726e-10
-5.98213e-10
-4.34546e-10
1.77943e-10
1.1899e-10
-5.60302e-10
2.86101e-10
-8.50918e-11
5.22486e-10
7.12354e-09
-5.09836e-11
-3.46687e-09
-1.08376e-09
-2.58974e-09
-2.16937e-09
-5.75443e-10
-1.0699e-09
1.24729e-10
3.95372e-09
2.48075e-10
5.10226e-10
-1.12159e-09
-6.76134e-10
-2.06591e-09
-1.84642e-09
5.91369e-10
4.45608e-09
3.90928e-09
5.52169e-10
-3.79088e-10
1.59903e-09
2.98422e-09
2.54641e-09
3.8384e-09
4.38579e-09
1.64441e-09
-9.98044e-11
-1.11485e-09
-8.2318e-10
-4.41302e-10
8.19835e-10
4.68834e-11
-9.65594e-10
-3.93039e-09
-3.05764e-09
1.3832e-09
1.53433e-10
5.44594e-10
-9.60012e-10
-1.20363e-09
-2.47135e-09
-2.28555e-09
-1.39717e-09
-4.60753e-10
-1.15298e-09
2.62891e-10
-3.38298e-10
-1.85587e-10
-1.83665e-09
-8.36696e-09
-3.9243e-09
1.27896e-09
4.659e-09
-1.0485e-08
9.59533e-10
5.23014e-10
9.73337e-10
-1.72e-08
-3.42612e-09
-5.03131e-09
9.33551e-10
-3.3973e-09
7.5493e-09
-5.93679e-10
2.98721e-10
-8.46241e-12
1.91222e-08
1.27112e-08
1.36721e-09
1.01512e-09
6.12011e-09
4.85567e-09
-1.96196e-10
-4.35241e-10
-2.74685e-10
9.4108e-09
6.97633e-09
4.35661e-09
3.4079e-09
5.6584e-11
4.56931e-09
9.82558e-11
6.08328e-10
-2.67418e-10
2.36012e-09
2.26508e-10
-4.42133e-10
-1.26653e-09
-8.13665e-10
-1.05867e-09
3.82551e-10
-5.33528e-10
2.01742e-10
-6.04755e-10
-7.84357e-10
-6.6179e-10
-1.37582e-09
7.01577e-10
-7.00955e-10
-5.84902e-10
5.5241e-10
-2.30446e-09
-6.53201e-10
-5.01603e-10
-3.44801e-10
-7.13693e-10
7.47886e-10
-3.37314e-10
2.42252e-08
3.09203e-09
6.77612e-08
-1.80379e-10
5.67355e-11
-3.18137e-10
1.06285e-10
-5.71736e-11
-6.34279e-10
-1.43246e-08
-1.56737e-08
-3.86366e-08
6.65412e-11
2.95651e-12
-1.31013e-10
6.64849e-11
-5.03487e-10
-1.81362e-10
-2.06778e-08
7.09853e-09
6.0438e-09
-1.38089e-10
-1.00637e-09
4.55312e-11
-5.29333e-10
-6.0718e-10
6.03025e-10
3.67149e-08
7.39684e-10
-9.80949e-09
4.57962e-10
-9.39241e-11
-6.46087e-11
-1.28569e-10
9.73794e-11
-1.75764e-11
-1.59551e-08
-7.19416e-09
1.11121e-08
-4.53644e-11
-1.21272e-10
8.07509e-11
-1.31743e-10
1.39705e-10
2.26105e-11
-8.31298e-10
-9.53739e-10
-8.89454e-10
-6.94803e-11
2.47044e-10
1.54716e-10
2.04589e-11
4.73861e-11
-3.56338e-10
-8.22949e-09
-1.01841e-08
-2.36382e-08
4.9766e-10
-1.04734e-09
-1.73128e-09
1.25314e-11
1.32698e-09
5.98207e-10
5.37001e-10
-7.09681e-09
-3.69839e-08
4.91683e-10
1.40444e-10
1.05581e-09
-1.83453e-09
6.05204e-10
5.48841e-10
-4.87804e-09
1.03891e-09
2.4011e-08
1.54602e-11
6.18955e-12
8.66376e-11
6.21958e-10
-1.05272e-09
-5.57553e-10
2.86345e-09
8.77355e-09
1.62189e-08
1.29092e-10
1.50966e-10
-1.70218e-10
-7.83051e-10
3.90933e-10
5.50972e-11
2.68849e-09
-2.1445e-09
1.21355e-09
7.92845e-12
-1.72886e-11
4.30578e-11
-5.05713e-10
2.2275e-10
-5.91021e-11
4.24898e-10
-3.60038e-09
-9.44033e-10
-3.30521e-11
-1.03121e-10
3.40066e-10
6.69266e-10
7.96257e-10
-2.13018e-10
-2.1931e-10
-2.42443e-10
-3.64027e-10
1.50308e-10
-3.18189e-10
1.24936e-10
1.0302e-09
-1.86091e-09
5.81145e-10
1.13764e-10
2.10112e-09
1.8037e-09
-3.94006e-10
-7.55977e-10
8.49636e-10
-4.43719e-10
4.30907e-10
7.90653e-10
-1.8123e-10
1.88919e-11
-2.52643e-10
6.81311e-11
-1.56485e-10
5.80647e-11
8.99788e-12
-2.57481e-11
-1.35145e-10
2.46566e-11
4.39541e-11
2.75795e-11
3.14114e-10
-8.42903e-11
5.48574e-12
-1.35342e-11
6.31735e-11
1.88607e-11
-1.33888e-10
9.53119e-12
1.6682e-10
-6.04843e-12
2.47028e-11
-1.31058e-11
2.02346e-10
-8.12084e-11
-8.21514e-10
1.93578e-10
7.43521e-10
-5.52033e-11
-8.82744e-09
3.75733e-09
1.99473e-09
-1.49026e-09
2.72393e-09
-5.23238e-10
-8.86838e-10
7.15751e-11
1.41906e-09
9.93418e-11
1.09119e-08
-1.17048e-10
-8.30878e-11
-2.568e-10
-8.77144e-09
8.77202e-09
9.37781e-10
4.4069e-10
-1.18769e-10
-9.5259e-11
-2.97468e-10
-4.05801e-10
1.08929e-10
-4.9698e-11
9.05615e-12
-7.11787e-12
-4.11919e-11
3.6489e-12
1.05498e-11
-1.17864e-11
3.6961e-11
-8.53262e-12
1.93498e-10
-3.17402e-11
-2.94962e-10
-1.75139e-11
2.71175e-10
-1.06259e-10
8.44175e-10
4.01545e-10
5.8905e-09
2.52758e-09
1.89728e-09
-5.61401e-10
-2.85299e-09
8.09785e-10
-3.25026e-10
-6.82803e-11
-1.14035e-08
7.83025e-11
-5.24746e-10
5.88673e-10
-4.7713e-10
-3.72214e-11
6.89607e-10
4.91957e-10
3.02246e-10
1.30829e-10
-1.88029e-12
-8.58306e-11
-4.91859e-11
6.99327e-11
3.2893e-10
-5.79523e-10
1.68766e-09
-3.38782e-10
3.72856e-10
8.44602e-10
-5.33331e-10
5.50388e-10
-4.82782e-10
8.4503e-10
-2.91337e-10
2.94576e-10
3.71809e-11
4.43016e-12
-5.00496e-11
-3.99126e-10
-3.27928e-11
2.17662e-10
-9.8803e-11
4.29471e-12
7.74448e-11
-1.57471e-09
3.66891e-10
4.32995e-10
3.97258e-10
-5.97497e-11
2.77463e-12
-1.79734e-10
-1.49751e-10
-1.79224e-11
-1.51999e-10
-1.18115e-11
-4.56984e-11
-3.24323e-11
-1.86779e-11
1.29134e-10
-1.07447e-10
-1.29341e-10
5.34585e-11
-2.30252e-11
-5.27347e-12
-1.49159e-11
1.76106e-11
-4.01856e-10
1.30635e-10
1.06111e-10
-4.84585e-11
-7.63992e-11
7.4714e-11
5.09089e-11
1.00266e-11
6.35657e-11
-5.78769e-12
2.26908e-10
-8.03217e-11
6.55104e-11
1.19021e-12
-2.80237e-10
1.61853e-10
-5.69248e-11
2.85043e-11
-2.14141e-09
8.42352e-10
-6.49121e-11
-2.69573e-11
-1.20702e-10
1.19768e-10
-3.48739e-10
4.38958e-11
4.11394e-10
4.06527e-10
6.33824e-11
-8.08682e-11
-6.05381e-11
-8.80693e-11
-2.50874e-11
-7.71783e-11
6.84471e-13
-5.95569e-11
-4.08378e-11
-2.84226e-11
1.74627e-11
-2.42233e-11
-9.37211e-11
2.21227e-11
-1.99232e-11
1.23368e-12
5.15719e-12
3.70174e-12
-1.47855e-10
5.76084e-11
-2.12749e-10
4.61322e-11
2.03563e-10
-6.25074e-11
-3.91713e-11
2.34793e-11
2.08278e-12
1.82984e-11
1.35751e-10
-4.33178e-11
1.55633e-10
-3.33002e-11
1.48408e-10
-8.50528e-11
-1.17995e-10
8.82179e-11
-5.4407e-11
2.22929e-11
-6.48553e-10
3.74619e-12
-1.70755e-10
-1.62174e-10
-3.41554e-09
3.05675e-10
-6.37929e-10
-5.07562e-10
1.83123e-10
-2.26581e-10
-4.02225e-10
-1.59236e-10
-1.31878e-10
-1.6668e-10
-5.92398e-10
5.18426e-10
-2.22651e-09
-9.91279e-10
-6.84847e-10
-1.72807e-10
-6.28976e-10
-4.03069e-11
-2.57278e-11
-3.18952e-11
-1.92506e-11
-1.0681e-10
-1.0786e-10
-5.26504e-11
-4.51996e-11
-6.97149e-11
-5.60576e-11
-4.58771e-11
-3.35399e-11
-2.38535e-11
1.17841e-10
-8.28588e-11
2.53164e-10
-6.28926e-10
-2.63652e-10
1.69428e-10
4.46809e-09
-1.23081e-11
-4.26456e-10
8.20948e-10
-5.49892e-10
2.00637e-10
-2.37169e-11
-1.18535e-10
-7.81114e-11
-1.54662e-11
4.67796e-10
5.89545e-11
-1.81324e-10
4.5918e-10
2.54442e-10
-7.60252e-10
1.75099e-10
-8.44429e-11
-5.57055e-10
1.05456e-10
8.62377e-11
-2.1309e-10
-1.82139e-10
-4.38014e-10
-7.70892e-11
2.54718e-10
-2.28811e-10
-3.33627e-12
-4.54954e-09
-7.07869e-10
-7.00627e-10
2.51534e-10
-5.32582e-10
-1.55769e-10
8.90036e-11
-7.74234e-10
-4.08402e-09
-2.15143e-10
-1.05753e-09
6.44981e-10
1.53265e-10
1.63747e-10
-3.52371e-11
7.10466e-11
2.50572e-10
2.26573e-10
6.21943e-10
7.00171e-10
-8.57513e-10
1.7062e-09
1.91936e-09
3.29116e-10
-1.91864e-09
2.60428e-09
-6.42526e-09
-5.82678e-09
1.81389e-09
9.21148e-09
-1.26926e-09
-2.68416e-09
-3.18388e-08
1.29352e-08
-2.0624e-09
1.06861e-09
3.61894e-09
1.11909e-08
-7.94924e-09
-5.87006e-09
1.03365e-08
-2.31994e-09
-6.68874e-10
-1.22337e-08
2.5984e-09
1.68442e-09
3.03306e-10
-1.23149e-09
-3.2811e-10
1.47326e-09
1.31351e-09
-8.05347e-09
3.049e-08
-7.68606e-09
3.84446e-10
8.50364e-11
3.23011e-10
1.99771e-10
5.80368e-11
-3.15613e-10
-8.20949e-10
3.11427e-10
-4.21464e-09
-8.48959e-09
4.4506e-09
-8.96224e-09
3.48161e-09
7.04956e-09
-1.34628e-09
5.33457e-09
-1.95075e-09
5.02156e-09
-6.87013e-11
-9.59648e-09
6.41371e-09
1.56795e-08
-3.07246e-09
1.8391e-09
-6.25265e-11
-1.89288e-10
-3.03751e-10
1.07084e-10
-6.91963e-10
-1.39422e-10
-1.49416e-10
-2.07256e-10
4.56305e-10
5.86366e-11
6.91586e-10
1.5948e-08
-3.28511e-08
6.27921e-09
7.68843e-09
3.25384e-09
-1.61813e-09
-1.87983e-09
-5.86063e-10
2.36495e-09
2.72984e-08
-1.21427e-08
-3.17099e-08
-2.57391e-09
-1.04775e-09
-2.67642e-10
-6.65794e-10
2.38095e-10
-3.93548e-10
-1.70641e-10
-4.12253e-10
-2.07694e-10
7.05192e-11
-2.24693e-11
-2.93565e-09
-1.3462e-08
1.87121e-08
1.75537e-08
7.0672e-08
-6.84602e-08
-3.91451e-10
-9.15824e-09
7.17637e-09
1.12166e-09
-3.94141e-08
-1.29736e-08
2.2711e-08
-6.90837e-10
-1.87448e-10
-5.04325e-10
-1.32124e-10
-2.04794e-11
-5.98679e-10
-4.52828e-10
-5.39433e-10
-6.71985e-10
-1.22087e-10
4.06252e-11
7.40197e-10
3.39914e-09
1.39515e-08
-2.74675e-08
7.05175e-09
1.02249e-09
-3.6773e-09
5.00883e-09
-2.53453e-09
-3.22976e-09
9.1868e-09
7.61396e-09
-2.24504e-10
-2.15312e-09
-1.84128e-09
-2.11627e-09
-1.84073e-10
1.03713e-09
-8.15159e-10
-4.49648e-10
-3.49534e-10
-6.57644e-10
-1.96829e-10
5.66312e-11
3.08199e-10
1.69233e-09
1.37837e-08
1.92178e-08
-9.03661e-09
-5.45871e-09
8.4656e-09
-7.44165e-09
2.39411e-08
1.55279e-08
-2.36428e-09
-7.49411e-09
-8.43384e-09
-5.93025e-09
-1.00396e-09
-2.39831e-09
-1.14714e-09
-9.12725e-10
4.29233e-11
-5.5947e-11
-2.03075e-10
-5.87815e-10
-2.15498e-10
-8.28317e-11
2.31847e-10
-2.98264e-10
-1.40998e-08
2.26067e-08
2.47388e-10
-1.55116e-08
-4.35141e-09
1.7518e-08
-2.06617e-08
-3.26655e-08
-1.57377e-08
3.3293e-09
-9.44712e-11
-2.57054e-10
2.11618e-10
-1.05632e-09
9.92436e-10
-6.43098e-10
-1.19753e-09
-7.85682e-10
-4.48976e-10
-9.3558e-10
-3.33198e-10
-8.26222e-12
-1.22592e-10
2.07505e-10
-5.71135e-09
-3.7515e-08
-1.15072e-08
3.1884e-09
-5.54418e-09
-1.68643e-08
-2.45849e-08
7.47393e-09
6.14001e-10
6.34688e-10
-9.20921e-08
-5.13871e-08
1.39741e-07
-5.60269e-10
7.57019e-09
-1.50448e-10
-7.5112e-10
1.5285e-09
1.65655e-09
2.04513e-09
-5.79265e-10
1.41024e-10
-1.8547e-10
-2.22353e-10
-5.93353e-09
-1.47119e-08
-4.42748e-08
-9.37847e-09
1.18261e-08
-3.97156e-09
1.88152e-08
1.01607e-08
2.3786e-08
3.04331e-09
-1.32095e-08
-1.02291e-08
-1.50111e-08
3.45895e-09
-3.13424e-09
-1.2057e-09
5.59232e-11
1.94541e-09
-9.34087e-10
-1.05334e-09
-3.06331e-10
4.9217e-10
-2.96982e-11
-1.39303e-11
-8.79343e-10
-1.77598e-08
-1.33991e-08
-3.86223e-08
-2.26469e-08
-2.65535e-10
-2.60564e-09
-5.98851e-09
-9.644e-09
-1.51252e-08
3.46104e-09
9.39969e-09
1.29882e-08
8.81845e-10
-5.00839e-09
2.42719e-09
3.13217e-09
4.71705e-10
-5.16773e-10
1.27115e-09
-2.34024e-10
9.18664e-11
6.77947e-10
3.03998e-09
6.40357e-09
3.25811e-07
-3.28031e-07
2.27138e-08
3.49634e-08
1.96211e-08
8.45504e-09
1.68852e-09
-1.1197e-08
8.47164e-09
1.18272e-08
1.17985e-08
-8.79906e-10
3.3209e-09
1.03012e-08
9.33576e-10
-7.86114e-10
-1.52447e-09
2.50513e-09
9.8483e-10
-1.93403e-10
5.91391e-11
3.97115e-10
-5.09926e-10
-3.63346e-09
-5.41416e-09
7.13282e-08
5.26012e-08
-8.43977e-09
-4.10869e-09
9.66688e-09
2.2637e-08
1.76615e-08
-6.15441e-09
2.39687e-09
6.11498e-09
4.72941e-09
4.67482e-09
1.77759e-09
7.7759e-10
8.7193e-10
5.93446e-10
8.51942e-10
6.46118e-10
-3.92418e-11
7.39893e-11
1.53494e-10
-5.9134e-10
6.98747e-10
-1.37407e-10
1.72397e-08
-1.24242e-08
3.79701e-09
4.31033e-09
-4.19444e-09
-4.00008e-09
1.92572e-08
2.19628e-08
-6.12071e-09
-6.30227e-10
2.55769e-09
8.95555e-10
-6.84143e-10
-6.35521e-11
-1.02801e-09
-1.45884e-10
1.79853e-09
-6.19138e-10
2.28426e-10
8.31042e-11
1.10853e-10
-2.76725e-10
2.07781e-09
3.28008e-09
3.9974e-09
-2.21454e-09
-6.42214e-09
-3.52865e-09
-1.19151e-09
-5.90298e-09
-1.51476e-09
3.69584e-09
4.79699e-09
3.33174e-09
5.31552e-10
-1.24211e-09
-1.25415e-09
8.60088e-10
-8.88552e-10
1.11631e-09
1.7449e-10
8.37541e-10
1.15047e-09
2.18751e-10
-4.45087e-11
1.17496e-10
-1.02336e-09
-6.40528e-10
8.27526e-10
-1.01729e-08
2.78318e-09
-1.76984e-09
-1.69108e-09
-5.50715e-09
-3.3549e-09
-8.83779e-09
3.38004e-09
6.95867e-10
-3.34898e-09
-9.85733e-10
-2.94786e-10
2.68482e-10
-6.8795e-10
1.772e-09
5.90228e-10
1.84496e-09
1.24717e-09
3.78722e-10
2.34486e-10
1.94071e-09
5.02397e-09
-2.20357e-09
-8.64204e-08
8.28544e-08
-1.04698e-09
-2.6304e-09
-1.74112e-09
7.82087e-11
-4.37695e-09
-1.85373e-09
4.10308e-10
-2.14817e-09
1.22144e-09
-3.67915e-10
3.83955e-09
-3.83859e-09
-6.38021e-10
1.85185e-09
7.71102e-11
-2.54002e-09
1.59227e-10
-2.0302e-10
-5.64836e-11
3.56116e-11
2.27907e-09
-2.56514e-09
2.48412e-09
-3.35422e-09
-7.40909e-10
-1.4878e-09
-1.94428e-09
-8.81576e-10
4.85981e-10
-5.45282e-11
5.05821e-10
5.01818e-09
-4.42638e-09
-9.52563e-09
1.12877e-08
6.49635e-09
-7.45779e-09
-8.99982e-10
-5.5672e-10
5.18149e-09
4.71219e-09
-2.45498e-10
-1.02274e-10
-5.07073e-11
-2.32971e-09
-4.97492e-10
4.5716e-10
3.41406e-10
1.18432e-10
-8.44691e-10
-1.84437e-09
6.99313e-10
-9.90789e-10
-1.96337e-09
-4.08546e-09
-3.81639e-09
3.52991e-10
-2.57451e-09
-3.00624e-09
2.63139e-09
-4.46003e-10
-6.15112e-10
3.03242e-10
2.74144e-09
2.5788e-09
1.08509e-11
4.54729e-11
-1.59933e-09
-6.29951e-10
9.28821e-10
-3.86285e-10
-2.01827e-10
2.32837e-11
-5.56162e-10
-8.30236e-10
-2.83635e-09
-4.27737e-09
-5.49337e-09
-4.26091e-09
-1.65238e-09
-6.63811e-10
-2.57751e-09
-9.05233e-11
-1.4359e-09
-5.46837e-10
-1.33091e-09
4.64925e-10
-2.6267e-09
2.25292e-09
-4.81084e-11
-6.88461e-11
-2.9837e-10
1.14818e-09
-9.08808e-10
7.13442e-10
-4.31254e-10
-1.80006e-09
1.024e-10
-2.18337e-09
-4.33693e-09
-4.40275e-09
-2.73831e-09
1.98936e-09
-1.86977e-08
-8.32478e-09
1.76671e-08
-5.17122e-10
1.05004e-09
-7.79342e-11
2.88511e-09
-2.65127e-09
-3.28316e-09
2.37991e-09
1.01475e-10
2.4178e-11
3.16394e-10
6.10799e-10
1.09386e-09
5.22274e-10
-1.37882e-10
-1.81564e-10
-7.04918e-10
-2.69912e-09
-1.21089e-09
6.45853e-09
-1.74233e-09
-7.37312e-09
2.49596e-08
-2.62251e-09
-1.88755e-08
1.97406e-09
-4.90357e-08
5.20231e-08
5.99715e-11
1.05971e-08
-1.3963e-09
-9.89428e-10
-6.71418e-10
4.63901e-11
-3.77157e-11
-6.6557e-10
-1.3953e-10
4.70282e-10
-5.14281e-10
6.22475e-09
-6.17406e-10
-1.21919e-09
1.64116e-10
-4.5805e-09
-1.30349e-08
1.75059e-08
5.02067e-08
-2.73552e-08
-3.4469e-09
-3.66807e-09
9.60934e-09
9.30635e-10
-1.13833e-09
-7.11389e-09
-3.62926e-09
-1.21943e-09
1.04235e-09
1.49148e-11
4.57602e-11
1.5854e-10
9.12106e-11
-1.09199e-09
1.2248e-09
8.80638e-10
1.05578e-10
-2.35506e-10
5.07606e-10
8.01482e-09
-5.55585e-09
-8.5573e-09
3.82234e-09
2.52277e-09
-7.08385e-10
1.63534e-09
-1.3607e-09
-1.49802e-08
1.63103e-08
-7.40895e-10
-1.54466e-09
-2.75105e-10
-3.14084e-10
1.74607e-11
5.14716e-10
-6.33129e-11
4.6778e-11
5.58049e-10
3.71956e-10
-7.61852e-12
-2.59576e-10
-4.15642e-11
4.76458e-11
-4.28988e-11
1.4589e-11
-1.12156e-10
-1.31354e-10
-2.15222e-10
-2.661e-10
-2.729e-10
-3.38843e-10
-4.47191e-10
-4.24511e-10
-3.67617e-10
2.17162e-10
-2.36359e-10
6.05204e-11
1.45664e-11
2.23464e-11
-4.46741e-11
2.35339e-11
8.13434e-11
-6.49812e-11
2.84654e-11
3.59591e-10
1.64179e-10
1.0841e-10
1.15378e-10
7.38013e-11
3.60296e-10
-6.20479e-12
1.31547e-10
1.41053e-10
-4.15185e-11
-2.45873e-12
-1.98408e-10
-1.83301e-11
-6.32095e-11
3.74313e-09
-4.16803e-11
-1.22565e-11
-2.85909e-09
-1.93395e-12
-3.41331e-11
-1.89893e-11
-1.28138e-11
-1.16571e-11
-3.5057e-10
6.61177e-12
1.41544e-11
5.20559e-11
-1.41332e-11
-8.56794e-11
3.14686e-10
5.74946e-11
1.75091e-10
2.31648e-10
1.15101e-09
-3.40588e-10
-6.04087e-10
5.78825e-10
-3.06797e-10
1.36471e-09
-3.41453e-10
6.39641e-09
-1.20057e-08
6.45275e-10
-5.55509e-09
-4.83238e-09
3.0516e-09
3.78391e-09
-7.75651e-10
-4.26078e-09
1.22133e-08
-2.29579e-08
-2.2189e-09
-1.24115e-09
2.92938e-09
8.5883e-11
-1.04303e-10
1.25511e-10
1.42398e-09
1.98149e-10
-6.46052e-10
3.39717e-09
-4.46296e-11
-5.67223e-10
1.49124e-09
7.02792e-09
1.8581e-08
1.27149e-08
1.98772e-09
4.97268e-11
-5.45681e-09
3.17813e-09
-7.54661e-09
3.88847e-10
-5.2542e-09
1.1819e-09
-2.81011e-08
1.4359e-08
5.14205e-09
5.8457e-11
2.59705e-11
5.84828e-11
-9.29445e-09
2.58197e-09
-1.94374e-11
-8.87854e-09
1.04501e-08
4.60771e-09
1.59268e-11
-1.08724e-10
-4.51469e-11
3.18598e-09
7.46203e-10
1.53535e-10
1.3467e-08
-9.61196e-09
-1.24526e-09
-6.45287e-11
-1.96207e-10
-7.22685e-11
-2.97903e-10
-5.98666e-10
7.40871e-10
-5.21191e-09
-6.65028e-10
2.00007e-09
-1.73255e-10
-1.63556e-10
3.21851e-11
-3.97488e-11
1.47943e-10
3.72205e-10
-1.63696e-09
-1.19551e-09
7.4777e-10
-3.11479e-12
-1.62497e-10
1.17162e-10
2.37964e-10
2.01596e-11
-7.15296e-12
1.71854e-09
1.55218e-09
-8.6125e-10
9.19033e-11
1.90117e-10
8.3945e-10
-6.98856e-10
-2.03844e-10
-3.66319e-10
9.2676e-10
-1.74817e-09
2.36995e-10
1.6991e-10
6.71195e-10
-3.4269e-10
-2.17666e-10
-5.11214e-10
1.08357e-11
-8.86162e-10
-1.11691e-09
-7.51365e-10
-9.26286e-10
-1.27803e-11
-3.38593e-10
-5.42696e-10
-4.04638e-10
-5.02087e-11
3.26064e-10
-1.0398e-09
-1.04339e-09
4.09352e-10
1.45556e-10
4.53006e-10
-2.59968e-08
6.99346e-11
-1.03776e-09
3.40901e-08
5.89659e-09
-5.16067e-09
9.39238e-11
1.38702e-10
5.63831e-11
-5.21709e-10
8.63275e-10
4.15887e-10
-1.52308e-09
9.50616e-10
6.86471e-10
3.90686e-13
1.45297e-10
9.06492e-11
1.07518e-10
-2.95322e-11
9.45932e-11
4.29669e-10
1.27371e-09
-1.11753e-10
1.78145e-10
1.72193e-10
9.51622e-12
-1.1714e-10
-7.43211e-11
2.13016e-10
-7.01759e-11
3.06455e-10
-2.89764e-12
1.28541e-10
1.32483e-10
5.92778e-10
1.86673e-10
-9.79823e-10
1.72586e-11
-5.31469e-11
3.04815e-10
3.06343e-10
-1.94731e-10
-2.36774e-10
1.37272e-10
3.08407e-10
3.91146e-09
-2.62061e-10
-3.51579e-09
-3.17072e-09
-4.01769e-09
1.16817e-09
1.89903e-09
-4.31541e-10
-1.97992e-10
1.27961e-10
-4.34132e-11
-1.77206e-10
-3.56472e-10
-1.54454e-10
-7.60369e-09
-3.72705e-09
-2.4144e-09
6.12907e-12
-1.4107e-10
2.94341e-11
6.54256e-10
-2.26063e-10
3.10438e-11
3.12137e-09
-1.68134e-09
-4.32729e-09
2.74287e-10
8.23728e-11
-9.14069e-11
-2.04593e-10
9.47489e-10
9.00348e-10
-1.82755e-09
1.05203e-09
4.77958e-09
-4.93457e-10
2.82872e-10
1.3004e-10
6.92253e-11
-7.17163e-10
1.03529e-11
1.47542e-09
-1.09028e-11
-3.18576e-09
2.23801e-10
-1.08509e-10
-4.34683e-11
-1.0499e-10
3.81514e-11
1.48396e-10
1.22783e-09
8.38191e-10
-2.0875e-09
-7.58633e-11
8.43404e-11
-1.49596e-11
-3.7405e-10
3.10632e-10
4.51056e-11
1.11758e-10
-7.77588e-10
3.0488e-10
8.67384e-10
-6.52398e-10
-1.84065e-09
3.02608e-10
1.19917e-09
8.94323e-10
-8.475e-10
-6.64983e-10
-5.46876e-11
-5.92943e-09
-3.59046e-10
1.17716e-09
-1.32346e-09
7.85694e-09
-6.63649e-10
4.05655e-10
-7.82024e-08
7.09727e-08
3.31577e-10
-1.16235e-08
-3.89794e-10
1.79738e-09
1.13173e-08
-9.72361e-11
-5.57176e-09
1.82541e-09
-1.23653e-09
2.04875e-09
-5.74046e-09
7.60069e-09
-1.55165e-08
-6.19404e-09
-3.34819e-08
1.58746e-09
3.55883e-09
4.24117e-08
-4.59627e-09
1.20013e-09
1.20119e-09
3.64168e-09
-2.83112e-08
-5.38988e-09
-8.51219e-09
-6.18272e-09
3.06358e-08
-2.93977e-09
-5.60037e-10
8.13698e-10
2.96778e-09
-4.38564e-10
1.61047e-09
1.05656e-08
1.97905e-09
-7.77527e-09
6.79173e-09
3.94951e-10
-1.10715e-10
-6.59223e-10
2.86934e-09
2.11846e-10
-2.44526e-11
-1.14133e-11
-1.98471e-10
-3.78698e-11
2.47498e-10
-1.62668e-10
4.13869e-11
-1.67737e-11
-7.11806e-11
4.81642e-12
3.88152e-11
-1.44644e-11
5.10922e-11
-1.25393e-11
2.18028e-11
-9.58532e-12
3.66176e-11
-1.27958e-11
-3.68511e-12
-5.53507e-12
-6.44307e-11
1.34435e-11
-1.5246e-10
3.70041e-11
-3.8856e-11
1.6302e-11
4.65814e-11
1.11542e-12
-4.9656e-12
7.25486e-12
1.35881e-10
-1.9283e-12
8.43218e-12
2.25977e-11
4.44371e-12
2.36117e-11
1.18978e-11
2.03635e-11
1.94719e-11
1.44311e-11
3.8868e-11
8.12414e-12
7.72817e-12
-1.02142e-11
1.4699e-11
-2.23603e-11
-3.09444e-10
3.83986e-11
-2.54176e-09
1.29549e-10
2.08081e-10
-1.43289e-10
4.36174e-11
-1.44502e-11
1.12549e-10
-2.64337e-11
-9.11287e-10
4.15689e-10
4.67303e-12
-2.33854e-11
4.14724e-12
-9.11775e-12
-1.45609e-11
-2.57915e-13
-8.22533e-11
-3.07774e-12
-1.14123e-10
3.4441e-11
-1.64122e-11
1.40772e-11
2.15618e-10
-3.32027e-11
1.8727e-11
-5.7432e-11
2.24274e-11
2.40835e-11
1.2859e-11
2.4481e-11
6.60894e-12
2.34615e-11
1.3534e-11
1.65179e-11
1.88064e-11
1.00554e-11
2.89576e-11
-6.25914e-12
-3.3923e-12
-2.47355e-11
-1.73232e-10
-1.30978e-11
-2.41191e-10
-1.62127e-11
2.32604e-09
-3.19979e-10
4.70419e-11
-2.87654e-11
4.14043e-11
-1.32341e-11
-1.82871e-10
1.18904e-11
2.59206e-10
-2.62259e-10
-6.51806e-11
1.86899e-11
-7.27767e-11
-9.31196e-13
-5.97895e-12
-3.91728e-11
1.6235e-10
-1.72955e-11
-5.17327e-11
4.49828e-12
-4.41417e-11
-2.25078e-11
2.8689e-11
-2.40101e-11
2.04159e-11
4.77122e-12
-1.71062e-10
6.94832e-11
-2.0056e-10
2.85258e-11
7.1586e-10
-4.17244e-10
8.21728e-11
-3.98216e-11
1.56465e-11
-3.16777e-11
-5.96497e-11
-5.03805e-12
-5.80315e-11
6.39099e-12
-3.27027e-11
1.30524e-11
-1.67702e-11
3.18536e-11
3.18917e-10
1.10811e-12
5.22784e-11
8.30273e-12
2.35631e-11
1.01725e-11
8.29385e-12
6.70949e-14
3.55879e-12
-7.50476e-12
-1.44854e-12
-1.08152e-11
-3.19314e-11
-2.11041e-12
5.08496e-12
-1.08523e-11
-1.06863e-11
-3.61384e-12
1.84226e-11
7.26907e-12
2.25775e-11
-1.34501e-12
3.62335e-11
1.59499e-11
-6.33996e-11
3.02154e-11
1.06291e-10
-6.76393e-11
1.29111e-10
-6.69478e-11
5.72387e-11
-5.33067e-11
-2.58028e-11
-1.53212e-11
-7.02268e-11
-4.34954e-12
-4.47951e-11
5.21307e-12
-1.99552e-11
3.96131e-11
-6.11092e-11
7.2457e-11
1.71475e-10
-1.10005e-11
3.32557e-11
1.41743e-11
1.83021e-11
4.89202e-12
2.9015e-12
-2.06049e-12
-3.54829e-12
-9.70156e-12
-6.62613e-12
-1.17933e-11
1.61027e-11
-5.69441e-12
-9.26008e-12
-2.75946e-12
-2.23928e-11
3.54359e-12
2.40434e-11
-5.17825e-13
1.27764e-11
-1.33947e-12
)
;

boundaryField
{
    inlet
    {
        type            zeroGradient;
    }
    outlet
    {
        type            zeroGradient;
    }
    wall
    {
        type            zeroGradient;
    }
    empty_zmin
    {
        type            empty;
    }
    empty_zmax
    {
        type            empty;
    }
    procBoundary1to0
    {
        type            processor;
        value           nonuniform List<scalar> 
35
(
8.68725e-10
7.68116e-10
4.98551e-10
-2.51239e-09
1.84125e-09
1.84125e-09
8.70597e-10
8.30097e-11
-6.45163e-10
6.66497e-09
-7.71454e-08
6.57273e-08
1.13079e-08
1.62372e-08
7.7209e-09
-6.21431e-10
-2.67817e-08
2.54192e-09
2.31737e-09
-6.71116e-10
-1.20043e-10
2.03203e-10
3.24833e-09
-4.41342e-09
8.50192e-10
8.50192e-10
8.27164e-09
1.23786e-08
-6.53074e-09
5.04345e-09
-5.7187e-10
4.13654e-10
-1.22712e-10
-1.12435e-10
-1.12435e-10
)
;
    }
}


// ************************************************************************* //
