/*--------------------------------*- C++ -*----------------------------------*\
| =========                 |                                                 |
| \\      /  F ield         | OpenFOAM: The Open Source CFD Toolbox           |
|  \\    /   O peration     | Version:  2406                                  |
|   \\  /    A nd           | Website:  www.openfoam.com                      |
|    \\/     M anipulation  |                                                 |
\*---------------------------------------------------------------------------*/
FoamFile
{
    version     2.0;
    format      ascii;
    arch        "LSB;label=32;scalar=64";
    class       surfaceScalarField;
    location    "1.56";
    object      phi;
}
// * * * * * * * * * * * * * * * * * * * * * * * * * * * * * * * * * * * * * //

dimensions      [0 3 -1 0 0 0 0];

oriented        oriented;

internalField   nonuniform List<scalar> 
4480
(
8.41436e-06
-8.23067e-05
-8.32739e-06
8.22197e-05
7.76087e-06
-8.35552e-05
8.42087e-05
8.51626e-05
-8.44079e-05
7.00616e-06
5.28496e-07
-8.3762e-07
4.38267e-05
-4.35175e-05
1.07531e-06
-1.14487e-06
4.43247e-05
-4.42552e-05
-4.53758e-06
1.54185e-06
1.67481e-06
-8.58143e-05
8.71352e-05
-8.58135e-05
-6.18671e-06
8.74626e-05
8.74056e-05
7.45036e-06
-9.69337e-06
9.0338e-05
9.83093e-06
-1.27633e-05
9.41768e-05
9.49362e-06
-1.33325e-05
9.80816e-06
-1.24899e-05
-9.26852e-05
7.84635e-06
3.36187e-05
1.3679e-07
-3.3227e-05
-4.29561e-07
1.13209e-07
3.3935e-05
4.45711e-05
-4.43334e-05
7.0337e-07
-1.02934e-06
4.48971e-05
4.41005e-05
4.43042e-05
-4.39072e-05
1.52762e-06
4.44514e-05
4.4823e-05
4.69906e-08
3.96628e-06
-3.87648e-06
1.66785e-06
-1.62086e-06
3.97715e-08
4.03972e-06
1.70763e-06
1.90235e-07
-1.90544e-07
8.29077e-05
-8.29074e-05
1.84665e-07
8.28401e-05
-8.28346e-05
1.67926e-07
8.27953e-05
-8.27785e-05
1.5863e-07
8.28789e-05
-8.28696e-05
1.39376e-07
8.29879e-05
-8.29686e-05
1.11759e-07
8.31161e-05
-8.30885e-05
7.51198e-08
8.32648e-05
-8.32281e-05
2.19934e-08
8.34479e-05
-8.33948e-05
-2.76135e-08
8.36451e-05
-8.35955e-05
-4.66018e-08
8.38798e-05
-8.38608e-05
-2.05853e-08
8.41641e-05
-8.41901e-05
-3.51718e-08
8.46357e-05
-8.46211e-05
-1.31152e-07
8.53053e-05
-2.96345e-08
-8.51797e-05
-1.45504e-07
4.29473e-05
-4.2933e-05
3.34632e-05
1.14452e-07
-8.49221e-09
-3.35692e-05
1.92125e-07
8.28504e-05
-2.02383e-07
1.85671e-07
8.28017e-05
1.66823e-07
8.28978e-05
1.45724e-07
8.3009e-05
1.1982e-07
8.3142e-05
9.27506e-08
8.32919e-05
8.07077e-08
8.34599e-05
5.47023e-08
8.36711e-05
-1.48682e-08
8.39494e-05
-1.43168e-07
8.42924e-05
-2.08149e-07
8.47007e-05
-1.72689e-07
8.52765e-05
-6.67982e-09
-4.29733e-05
-1.59914e-07
4.29606e-05
-3.33808e-05
3.32754e-05
1.12676e-07
-7.2757e-09
2.20251e-07
-2.30887e-07
8.2861e-05
2.1303e-07
8.28089e-05
2.03089e-07
8.29077e-05
1.82906e-07
8.30291e-05
1.71392e-07
8.31535e-05
1.50303e-07
8.33129e-05
1.1104e-07
8.34992e-05
6.3675e-08
8.37185e-05
4.31033e-08
8.39699e-05
6.0461e-08
8.4275e-05
1.06124e-09
8.47601e-05
-1.47477e-07
-7.06862e-09
8.54321e-05
-4.29799e-05
-1.57266e-07
4.29897e-05
-3.32032e-05
3.30985e-05
1.12204e-07
-7.46225e-09
8.08749e-08
1.60232e-09
6.12343e-08
1.0882e-08
6.98307e-08
3.30229e-05
5.76141e-09
4.26013e-05
-4.26323e-05
5.56599e-08
4.26265e-05
4.25793e-05
2.60408e-08
4.26144e-05
4.25694e-05
4.12968e-08
4.25979e-05
4.30239e-05
2.38991e-07
8.39428e-05
-2.38812e-07
-8.3943e-05
2.2573e-07
8.365e-05
-8.36367e-05
2.17596e-07
8.34243e-05
-8.34162e-05
2.10561e-07
8.32499e-05
-8.32429e-05
2.00961e-07
8.31104e-05
-8.31008e-05
8.3e-05
-8.29896e-05
-1.2021e-07
1.40321e-07
4.24031e-05
-4.24232e-05
-1.3879e-07
1.46195e-07
4.26077e-05
-4.26151e-05
2.5775e-07
8.43317e-05
-1.34432e-07
-1.26518e-07
-8.43285e-05
2.35599e-07
8.39649e-05
2.29426e-07
8.36562e-05
2.22567e-07
8.34312e-05
2.17025e-07
8.32555e-05
2.15329e-07
8.31121e-05
2.13508e-07
8.30018e-05
8.29188e-05
-1.19554e-07
-4.23829e-05
1.42453e-07
4.236e-05
-4.26247e-05
-1.44147e-07
1.54273e-07
4.26146e-05
2.24454e-07
8.43465e-05
-1.3464e-07
-1.04644e-07
2.28915e-07
8.39605e-05
2.24966e-07
8.36601e-05
2.19361e-07
8.34368e-05
2.22399e-07
8.32524e-05
2.13156e-07
8.31213e-05
2.17167e-07
8.29978e-05
8.29051e-05
-1.2057e-07
-4.23432e-05
1.45545e-07
4.23182e-05
-4.26386e-05
-1.47379e-07
1.68152e-07
4.26178e-05
2.29338e-07
8.43537e-05
-1.56968e-07
-7.9575e-08
2.15086e-07
8.39747e-05
2.10668e-07
8.36645e-05
2.13935e-07
8.34335e-05
2.07054e-07
8.32593e-05
2.38574e-07
8.30898e-05
2.57946e-07
8.29784e-05
2.58819e-07
8.29042e-05
2.77019e-07
8.28428e-05
2.66158e-07
8.28198e-05
2.61161e-07
8.29127e-05
2.6372e-07
8.30266e-05
2.38908e-07
8.31783e-05
2.0705e-07
8.33448e-05
1.41419e-07
8.35648e-05
8.17962e-08
8.37781e-05
1.15266e-08
8.40402e-05
-8.14392e-08
8.4368e-05
-1.01013e-07
8.47796e-05
-1.41045e-07
8.54116e-05
6.05313e-08
-1.36685e-07
4.30196e-05
3.29261e-05
1.02067e-07
-5.27622e-09
-1.12954e-07
-4.23047e-05
1.3642e-07
4.22812e-05
-4.2653e-05
-1.35458e-07
1.57183e-07
4.26312e-05
2.17695e-07
8.43723e-05
-1.43458e-07
-9.28204e-08
2.07469e-07
8.39849e-05
2.15307e-07
8.36567e-05
2.306e-07
8.34182e-05
2.91243e-07
8.31987e-05
2.92348e-07
8.30887e-05
2.65524e-07
8.30052e-05
2.52868e-07
8.29169e-05
2.40685e-07
8.2855e-05
2.69725e-07
8.27908e-05
2.81938e-07
8.29005e-05
2.68655e-07
8.30399e-05
2.53204e-07
8.31938e-05
2.27488e-07
8.33705e-05
2.55302e-07
8.3537e-05
2.61965e-07
8.37715e-05
2.17377e-07
8.40848e-05
1.45416e-07
8.444e-05
-1.09464e-08
8.4936e-05
-2.27017e-07
8.55637e-05
6.39591e-08
-4.30618e-05
-2.01106e-07
4.30359e-05
-3.28724e-05
3.27619e-05
1.21413e-07
-1.09602e-08
-1.03207e-07
-4.22633e-05
1.22466e-07
4.2244e-05
-4.26625e-05
-1.19854e-07
1.43942e-07
4.26385e-05
1.6798e-07
8.43865e-05
-1.3218e-07
-5.00193e-08
1.7688e-07
8.3976e-05
1.76162e-07
8.36574e-05
1.82903e-07
8.34115e-05
1.22088e-07
8.32595e-05
1.61337e-07
8.30494e-05
2.62227e-07
8.29043e-05
3.44909e-07
8.28342e-05
4.32712e-07
8.27672e-05
3.98159e-07
8.28253e-05
3.72911e-07
8.29258e-05
3.6573e-07
8.3047e-05
3.45917e-07
8.32136e-05
3.21017e-07
8.33954e-05
2.11728e-07
8.36463e-05
9.40942e-08
8.38891e-05
4.77199e-08
8.41312e-05
3.09672e-08
8.44567e-05
6.21683e-08
8.49048e-05
-1.3843e-07
8.56085e-05
1.55823e-07
-4.3083e-05
-1.41203e-07
4.30857e-05
-3.27033e-05
3.26196e-05
8.42988e-08
-5.77923e-10
-9.99327e-08
-4.22322e-05
1.26397e-07
4.22057e-05
-4.26828e-05
-1.24689e-07
1.59074e-07
4.26484e-05
1.76489e-07
8.43866e-05
-1.58141e-07
-1.84648e-08
1.4407e-07
8.40085e-05
1.43074e-07
8.36584e-05
1.51476e-07
8.34031e-05
2.72608e-07
8.31383e-05
2.56874e-07
8.30652e-05
2.27376e-07
8.29338e-05
2.241e-07
8.28375e-05
1.71041e-07
8.28203e-05
3.15276e-07
8.26811e-05
4.07991e-07
8.2833e-05
4.27144e-07
8.30279e-05
4.32522e-07
8.32082e-05
4.15702e-07
8.34122e-05
5.0203e-07
8.356e-05
5.34112e-07
8.3857e-05
3.79612e-07
8.42857e-05
1.93228e-07
8.46431e-05
1.43472e-08
8.50837e-05
-2.85996e-07
8.56842e-05
2.24643e-07
-4.31661e-05
-2.22349e-07
4.31025e-05
-3.25756e-05
3.24762e-05
1.06843e-07
-7.48377e-09
-9.09249e-08
-4.22083e-05
1.20653e-07
4.21786e-05
-4.26992e-05
-1.19793e-07
1.55268e-07
4.26637e-05
7.26123e-08
8.44078e-05
-1.44337e-07
5.05182e-08
9.57526e-08
8.39853e-05
1.22204e-07
8.3632e-05
1.85782e-07
8.33395e-05
1.36011e-07
8.31881e-05
2.90394e-07
8.29108e-05
4.37245e-07
8.2787e-05
5.03106e-07
8.27716e-05
6.49087e-07
8.26743e-05
5.54842e-07
8.27753e-05
5.14178e-07
8.28737e-05
5.1231e-07
8.30298e-05
5.11606e-07
8.32089e-05
4.92973e-07
8.34309e-05
2.47621e-07
8.38053e-05
1.06837e-07
8.39978e-05
2.17372e-07
8.41751e-05
2.69431e-07
8.45911e-05
2.26032e-07
8.51271e-05
-3.00588e-07
8.59017e-05
3.09113e-07
-4.31963e-05
-2.49335e-07
4.3145e-05
-3.24418e-05
3.235e-05
9.38588e-08
-2.05885e-09
-9.50153e-08
-4.21838e-05
1.05301e-07
4.21735e-05
-4.27422e-05
-1.02658e-07
1.69272e-07
4.26756e-05
5.96296e-08
8.44368e-05
-1.80586e-07
9.20104e-08
6.36863e-08
8.39813e-05
1.16709e-07
8.35789e-05
1.18704e-07
8.33375e-05
2.87296e-07
8.30195e-05
1.84552e-07
8.30135e-05
1.55334e-07
8.28162e-05
3.24413e-07
8.26026e-05
3.23219e-07
8.26755e-05
3.31623e-07
8.27669e-05
5.19611e-07
8.26857e-05
5.92977e-07
8.29564e-05
5.90664e-07
8.32112e-05
5.57394e-07
8.34641e-05
6.9615e-07
8.36666e-05
6.85582e-07
8.40084e-05
3.83154e-07
8.44776e-05
1.44788e-07
8.48294e-05
2.74745e-08
8.52444e-05
-2.82687e-07
8.59118e-05
3.0006e-07
-4.32793e-05
-2.2594e-07
4.32225e-05
-3.23235e-05
3.22414e-05
7.62582e-08
5.85995e-09
-8.66155e-08
-4.21539e-05
1.37934e-07
4.21026e-05
-4.27849e-05
-1.61692e-07
1.89109e-07
4.27575e-05
-6.10106e-08
8.45639e-05
-1.25476e-07
5.93675e-08
-6.51468e-08
8.39854e-05
-6.94604e-08
8.35832e-05
-9.67444e-09
8.32777e-05
-4.4689e-08
8.30545e-05
3.1259e-07
8.26562e-05
5.85883e-07
8.25429e-05
6.23562e-07
8.25649e-05
1.04356e-06
8.22555e-05
7.66245e-07
8.30442e-05
6.79935e-07
8.2772e-05
7.35752e-07
8.29006e-05
7.99366e-07
8.31476e-05
8.16309e-07
8.34472e-05
7.30581e-07
8.37523e-05
6.91917e-07
8.4047e-05
7.74417e-07
8.43951e-05
7.21452e-07
8.48824e-05
2.9719e-07
8.56687e-05
-3.39944e-07
8.62404e-05
3.08482e-07
-4.33328e-05
-2.72999e-07
4.32658e-05
-3.21999e-05
3.21172e-05
7.33786e-08
9.32041e-09
-7.02639e-08
-4.20921e-05
1.34444e-07
4.20279e-05
-4.28406e-05
-1.61623e-07
2.43961e-07
4.27582e-05
1.46686e-07
8.47236e-05
-2.87605e-07
-1.87562e-08
-1.0694e-07
8.4239e-05
-1.00216e-07
8.35765e-05
1.05477e-08
8.31669e-05
2.96494e-07
8.27686e-05
1.67971e-07
8.27848e-05
1.56353e-07
8.25545e-05
4.34579e-07
8.22867e-05
3.23143e-08
8.26578e-05
6.25604e-07
8.24509e-05
9.71888e-07
8.24257e-05
1.0709e-06
8.28016e-05
1.0642e-06
8.31543e-05
1.02762e-06
8.34838e-05
9.31264e-07
8.38486e-05
7.15706e-07
8.42626e-05
2.48619e-07
8.48622e-05
-1.69102e-07
8.53001e-05
-1.1588e-07
8.56154e-05
-3.38783e-07
8.61725e-05
2.90808e-07
-4.33874e-05
-2.6603e-07
4.33147e-05
-3.2084e-05
3.20191e-05
3.9337e-08
2.55211e-08
-5.27984e-08
-4.20283e-05
1.25107e-07
4.1956e-05
-4.27818e-05
-1.43917e-07
2.28426e-07
4.26972e-05
7.58041e-08
8.46908e-05
-2.5019e-07
2.07108e-07
-3.24711e-08
8.43473e-05
-3.97742e-07
8.39418e-05
-4.1364e-07
8.31828e-05
-6.11867e-07
8.29668e-05
-9.30748e-08
8.2266e-05
4.4182e-07
8.20196e-05
5.2902e-07
8.21995e-05
1.14585e-06
8.20409e-05
1.29974e-06
8.2297e-05
1.08045e-06
8.2645e-05
1.33165e-06
8.25504e-05
1.41762e-06
8.30683e-05
1.33419e-06
8.35672e-05
1.2916e-06
8.38912e-05
7.91979e-07
8.47622e-05
5.08025e-07
8.51461e-05
3.36832e-07
8.54713e-05
1.59389e-07
8.57929e-05
-3.03714e-07
8.62754e-05
3.60203e-07
-4.33821e-05
-2.48162e-07
4.33266e-05
-3.19778e-05
3.19265e-05
2.24131e-08
2.88108e-08
-2.17641e-08
-4.19857e-05
9.87361e-08
4.19087e-05
-4.2834e-05
-1.15043e-07
2.45861e-07
4.27032e-05
1.26941e-07
8.46848e-05
-2.7465e-07
1.53768e-07
1.33313e-07
8.43409e-05
-9.64374e-09
8.40848e-05
-5.19809e-07
8.3693e-05
1.01113e-07
8.23459e-05
4.49917e-07
8.19172e-05
5.79105e-07
8.18904e-05
5.57246e-07
8.22213e-05
9.50344e-08
8.25031e-05
3.60069e-07
8.2032e-05
9.41972e-07
8.20631e-05
1.21564e-06
8.22767e-05
1.65293e-06
8.2631e-05
1.40879e-06
8.38114e-05
5.75035e-07
8.4725e-05
2.6817e-07
8.50691e-05
1.96237e-07
8.5218e-05
2.612e-07
8.54063e-05
2.75692e-07
8.57784e-05
-2.97809e-07
8.64186e-05
4.30347e-07
-4.34148e-05
-2.63758e-07
4.33807e-05
-3.19045e-05
3.18655e-05
8.56765e-09
3.04718e-08
2.44956e-08
-4.19259e-05
3.37624e-08
4.18677e-05
-4.28051e-05
-4.43897e-08
1.78358e-07
4.26711e-05
6.46943e-08
8.45712e-05
-2.25766e-07
2.7467e-07
-3.31086e-09
8.44089e-05
1.87851e-07
8.38936e-05
5.78582e-07
8.33023e-05
1.90159e-07
8.27343e-05
7.27563e-07
8.13798e-05
1.07727e-06
8.15407e-05
1.10058e-06
8.2198e-05
1.28594e-06
8.23178e-05
7.07346e-07
8.26106e-05
5.65273e-07
8.22052e-05
8.02465e-07
8.20395e-05
7.35977e-07
8.26975e-05
8.26887e-07
8.37204e-05
8.7887e-07
8.4673e-05
7.69016e-07
8.51789e-05
5.46247e-07
8.54408e-05
2.77867e-07
8.56747e-05
1.15985e-07
8.59403e-05
-2.79845e-07
8.64121e-05
4.02321e-07
-4.34871e-05
-2.19347e-07
4.34266e-05
-3.18705e-05
3.1854e-05
-1.90545e-08
3.55198e-08
6.14233e-08
-4.19026e-05
1.81246e-10
4.1841e-05
-4.28625e-05
-2.43171e-08
2.17289e-07
4.26695e-05
-4.07486e-07
8.47818e-05
-1.82024e-07
3.78888e-07
-3.32323e-07
8.43338e-05
-2.00115e-07
8.37614e-05
1.46813e-07
8.29554e-05
1.00772e-06
8.18734e-05
6.92563e-07
8.16949e-05
6.08322e-07
8.1625e-05
7.86243e-07
8.20201e-05
4.14792e-07
8.26892e-05
5.64972e-07
8.24604e-05
6.13908e-07
8.21563e-05
4.25217e-07
8.22282e-05
4.96465e-07
8.26263e-05
6.93447e-07
8.35235e-05
6.84396e-07
8.46821e-05
6.09074e-07
8.52543e-05
6.52176e-07
8.53977e-05
7.20374e-07
8.56065e-05
6.02815e-07
8.60578e-05
-1.69121e-07
8.66772e-05
5.06886e-07
-4.34974e-05
-1.83552e-07
4.35118e-05
-3.18665e-05
3.18502e-05
-2.34581e-08
3.98215e-08
1.33784e-07
-4.186e-05
-1.42188e-07
4.18684e-05
-4.28339e-05
1.3929e-07
-1.24503e-08
4.27071e-05
1.7278e-07
8.4319e-05
-3.53895e-08
3.254e-07
7.37442e-08
8.44328e-05
1.69849e-08
8.38181e-05
3.68047e-07
8.26043e-05
3.94983e-07
8.18465e-05
1.2929e-06
8.0797e-05
1.58213e-06
8.13357e-05
1.23006e-06
8.23722e-05
2.23076e-06
8.16885e-05
2.33217e-06
8.2359e-05
1.80103e-06
8.26874e-05
1.63577e-06
8.23935e-05
1.55446e-06
8.27076e-05
1.42998e-06
8.36479e-05
1.17916e-06
8.49329e-05
8.6012e-07
8.55733e-05
6.09473e-07
8.56484e-05
4.63827e-07
8.57522e-05
4.04564e-07
8.61171e-05
-1.54636e-07
8.67106e-05
5.25731e-07
-4.36211e-05
-1.26706e-07
4.35932e-05
-3.18959e-05
3.19156e-05
-6.68265e-08
4.71125e-08
1.86038e-07
-4.18929e-05
-1.72074e-07
4.1879e-05
-4.29213e-05
9.39719e-08
1.63753e-07
4.26636e-05
-9.03526e-07
8.46672e-05
-1.06128e-07
6.61467e-07
-9.7333e-07
8.45026e-05
-5.18399e-07
8.33632e-05
1.18038e-08
8.20741e-05
8.70845e-07
8.09874e-05
4.88011e-07
8.11799e-05
4.13307e-07
8.14104e-05
9.60211e-07
8.18252e-05
4.22948e-07
8.22258e-05
1.51078e-06
8.12712e-05
2.57734e-06
8.16209e-05
2.17013e-06
8.28007e-05
1.39793e-06
8.34798e-05
7.04425e-07
8.43414e-05
6.77463e-07
8.49598e-05
8.86171e-07
8.53646e-05
1.2248e-06
8.53097e-05
1.21951e-06
8.57575e-05
9.29305e-07
8.64073e-05
-6.31096e-08
8.70861e-05
6.16902e-07
-4.36916e-05
-1.06253e-07
4.37348e-05
-3.19995e-05
3.20307e-05
-6.94437e-08
3.82346e-08
2.53775e-07
-4.19512e-05
-2.6663e-07
4.19641e-05
-4.29203e-05
2.21569e-07
7.50472e-08
4.26237e-05
-3.07784e-07
8.39747e-05
-8.99851e-08
1.09028e-06
-1.61769e-07
8.43566e-05
-9.89011e-07
8.41905e-05
-2.05444e-06
8.31395e-05
-2.64924e-06
8.15822e-05
-1.49279e-06
8.00234e-05
9.75868e-08
7.98201e-05
1.65618e-06
8.02667e-05
3.71367e-06
8.01683e-05
3.61184e-06
8.1373e-05
3.22224e-06
8.20105e-05
3.71364e-06
8.23093e-05
4.19852e-06
8.29949e-05
3.57475e-06
8.49652e-05
1.74957e-06
8.6785e-05
2.16388e-06
8.49503e-05
2.00452e-06
8.54691e-05
1.61995e-06
8.6142e-05
1.23154e-06
8.67957e-05
5.60234e-08
8.75643e-05
6.97393e-07
-4.38644e-05
-1.6806e-08
4.39372e-05
-3.21397e-05
3.2201e-05
-1.12587e-07
5.12797e-08
3.43252e-07
-4.21182e-05
-4.71034e-07
4.2246e-05
-4.3027e-05
5.09863e-07
-2.29545e-07
4.27467e-05
-1.77814e-06
8.38532e-05
3.33921e-07
1.56567e-06
-8.43465e-07
8.34219e-05
-2.42796e-06
8.57749e-05
-3.01577e-06
8.37273e-05
-2.37043e-06
8.09369e-05
-2.25574e-06
7.99087e-05
-1.30519e-06
7.88695e-05
1.07209e-06
7.78894e-05
2.0039e-06
7.92365e-05
4.38639e-06
7.89905e-05
5.14495e-06
8.12519e-05
4.55841e-06
8.28958e-05
3.68119e-06
8.38721e-05
4.13265e-06
8.45138e-05
4.17648e-06
8.67412e-05
3.51116e-06
8.56156e-05
2.83338e-06
8.61469e-05
2.09272e-06
8.68827e-05
1.43455e-06
8.74539e-05
2.14403e-07
8.80893e-05
6.95071e-07
-4.40828e-05
1.00868e-07
4.41963e-05
-3.23482e-05
3.24547e-05
-1.63861e-07
5.73403e-08
4.27897e-07
-4.24723e-05
-6.43442e-07
4.26878e-05
-4.3327e-05
7.84796e-07
-6.75815e-07
4.3218e-05
-4.06591e-06
8.52393e-05
1.00281e-06
1.67703e-06
-5.18678e-06
8.45428e-05
-5.87067e-06
8.64588e-05
-5.19989e-06
8.30565e-05
-5.64307e-06
8.13801e-05
-4.47838e-06
7.8744e-05
-1.37467e-06
7.57658e-05
2.90656e-06
7.36081e-05
6.92446e-06
7.52186e-05
7.96319e-06
7.79518e-05
6.90837e-06
6.24894e-06
5.71318e-06
5.25234e-06
8.49746e-05
4.15887e-06
8.78346e-05
3.22486e-06
8.65496e-05
2.72258e-06
8.66491e-05
2.25521e-06
8.73501e-05
1.67016e-06
8.80389e-05
2.82554e-07
8.87844e-05
6.9259e-07
-4.43669e-05
1.3949e-07
4.45099e-05
-3.261e-05
3.27332e-05
-1.65985e-07
4.27478e-08
5.47458e-07
-4.28905e-05
-8.82903e-07
4.32259e-05
-4.37346e-05
1.12188e-06
-1.1128e-06
4.37255e-05
-3.82843e-06
1.41341e-06
1.84007e-06
-5.09912e-06
-5.90263e-06
8.72624e-05
-7.09946e-06
8.42534e-05
-8.66532e-06
8.29459e-05
6.01317e-06
8.59676e-05
5.90077e-06
8.7947e-05
4.75561e-06
8.76948e-05
3.58696e-06
8.78178e-05
2.45854e-06
8.84785e-05
1.56167e-06
8.89358e-05
3.04852e-07
8.94145e-05
6.26663e-07
-4.46813e-05
1.86962e-07
4.47992e-05
-3.28845e-05
3.30286e-05
-2.02255e-07
5.8214e-08
5.73087e-06
8.76871e-05
4.97287e-06
8.8705e-05
3.29926e-06
8.93684e-05
2.77053e-06
8.83465e-05
2.33775e-06
8.89113e-05
1.70481e-06
8.95687e-05
2.92646e-07
9.0141e-05
6.85676e-07
-4.49526e-05
1.52747e-07
4.50925e-05
-3.31668e-05
3.32963e-05
-1.64094e-07
3.45511e-08
7.43937e-06
9.00786e-05
6.20598e-06
8.99384e-05
5.27656e-06
9.02978e-05
3.63771e-06
8.99854e-05
2.31009e-06
9.02389e-05
1.52681e-06
9.0352e-05
3.11178e-07
9.07488e-05
6.0783e-07
-4.53017e-05
1.86416e-07
4.54264e-05
-3.34477e-05
3.35839e-05
-1.54608e-07
1.84155e-08
6.88705e-06
5.0674e-06
9.17581e-05
4.10097e-06
9.12643e-05
3.29262e-06
9.07937e-05
2.65455e-06
9.0877e-05
1.76561e-06
9.12409e-05
3.69372e-07
9.15985e-05
5.46524e-07
-4.56019e-05
2.11748e-07
4.57595e-05
-3.37248e-05
3.38624e-05
-1.46605e-07
9.01514e-09
6.01934e-06
4.13625e-06
3.00189e-06
1.92705e-06
1.29204e-06
3.27432e-07
4.21635e-07
-4.59492e-05
1.73141e-07
4.61034e-05
-3.39751e-05
3.40761e-05
-8.54954e-08
-1.556e-08
3.30209e-05
-9.34077e-09
-3.31317e-05
3.29139e-05
1.14527e-07
-7.54184e-09
3.28037e-05
-9.40831e-09
3.27002e-05
1.09976e-07
-6.39609e-09
3.25894e-05
-9.76444e-09
3.249e-05
1.0433e-07
-4.95649e-09
3.83748e-08
1.53528e-08
3.23846e-05
-7.5821e-09
3.22839e-05
1.05991e-07
-5.31319e-09
4.5168e-08
1.34293e-08
3.21857e-05
-4.96795e-09
3.20897e-05
9.88243e-08
-2.81818e-09
2.86846e-08
1.53722e-08
3.1994e-05
-4.21675e-09
3.19054e-05
8.58718e-08
2.69031e-09
1.04612e-08
2.39503e-08
3.18156e-05
-1.11029e-09
3.17339e-05
7.24834e-08
9.22039e-09
2.71723e-09
2.37771e-08
3.1632e-05
6.84311e-09
3.1537e-05
7.84981e-08
1.64977e-08
1.3794e-08
2.77272e-08
3.14361e-05
1.4281e-08
3.13458e-05
6.61584e-08
2.4191e-08
3.5317e-09
2.9642e-08
3.12549e-05
2.06227e-08
3.11861e-05
3.36729e-08
3.51683e-08
1.19695e-08
2.94086e-08
3.11025e-05
3.07564e-08
3.10513e-05
7.61361e-09
4.35798e-08
-1.48233e-08
3.68415e-08
3.09887e-05
4.0859e-08
3.09519e-05
-1.62866e-08
5.30895e-08
-5.39325e-08
4.89151e-08
3.09205e-05
5.58581e-08
3.08951e-05
-4.33963e-08
6.88362e-08
-5.52237e-08
4.2709e-08
3.08832e-05
7.33516e-08
3.08866e-05
-8.5159e-08
8.17415e-08
-1.04969e-07
5.92126e-08
3.09278e-05
9.25674e-08
3.09558e-05
-1.16953e-07
8.89014e-08
-1.37991e-07
5.41277e-08
3.10348e-05
1.07118e-07
3.11315e-05
-2.08057e-07
1.11284e-07
-1.64049e-07
5.50945e-08
3.12617e-05
1.23628e-07
3.14572e-05
-3.27275e-07
1.31756e-07
-2.14897e-07
6.76914e-08
3.16669e-05
1.33551e-07
3.19397e-05
-4.11009e-07
1.38168e-07
-2.01197e-07
4.59525e-08
3.22244e-05
1.43292e-07
3.25371e-05
-4.5643e-07
1.43727e-07
-1.99236e-07
4.78956e-08
3.29194e-05
1.65078e-07
-4.36968e-07
1.29415e-07
-1.88115e-07
4.98818e-08
-1.70076e-07
1.87562e-08
-1.63538e-07
2.2553e-08
-1.12603e-07
-1.4667e-11
-5.85171e-08
-2.48722e-08
4.28078e-05
-4.28063e-05
-1.34678e-07
1.3188e-07
4.28106e-05
4.24148e-05
-4.2403e-05
-1.14906e-07
4.24032e-05
4.28089e-05
-1.26756e-07
1.22598e-07
4.28131e-05
4.24228e-05
-9.85959e-08
4.24168e-05
4.28113e-05
-1.17883e-07
1.10544e-07
4.28186e-05
4.24279e-05
-7.5402e-08
4.24238e-05
4.25633e-05
-1.82662e-08
4.26199e-05
4.28196e-05
-1.23917e-07
1.20835e-07
4.28226e-05
4.24375e-05
-8.95324e-08
4.24342e-05
4.25403e-05
-1.69114e-08
4.26023e-05
4.28253e-05
-1.10659e-07
1.03157e-07
4.28328e-05
4.2446e-05
-5.88076e-08
4.24548e-05
4.25454e-05
-7.54416e-08
4.26496e-05
4.28345e-05
-8.3332e-08
7.17723e-08
4.2846e-05
4.24557e-05
-2.10208e-08
4.24583e-05
4.2534e-05
-1.30865e-07
4.26754e-05
4.28469e-05
-6.72408e-08
5.03102e-08
4.28638e-05
4.24692e-05
2.81951e-08
4.24915e-05
4.25199e-05
-1.74866e-07
4.26975e-05
4.28665e-05
-9.81421e-08
4.2216e-08
4.29224e-05
4.24802e-05
6.71369e-08
4.25051e-05
4.25478e-05
-1.89809e-07
4.27514e-05
4.28986e-05
-7.66454e-08
8.1622e-08
4.28937e-05
4.25687e-05
1.44408e-09
4.26266e-05
4.25518e-05
-1.8688e-07
4.27422e-05
4.28665e-05
-3.32955e-08
3.72246e-08
4.28625e-05
4.2583e-05
-1.37138e-08
4.25779e-05
4.25155e-05
-2.23354e-07
4.27508e-05
4.28437e-05
2.2115e-08
-2.01325e-08
4.28418e-05
4.25562e-05
1.56904e-07
4.26064e-05
4.25251e-05
-2.71985e-07
4.27822e-05
4.28254e-05
3.34934e-08
-3.16073e-08
4.28236e-05
4.25776e-05
1.33495e-07
4.25979e-05
4.2527e-05
-3.24008e-07
4.27971e-05
4.28129e-05
7.83608e-08
-8.49997e-08
4.28196e-05
4.25505e-05
2.76363e-07
4.25488e-05
4.25587e-05
-3.31536e-07
4.2835e-05
4.27954e-05
1.0411e-07
-1.3495e-07
4.28263e-05
4.2584e-05
2.99368e-07
4.26635e-05
4.2628e-05
-3.97537e-07
4.29206e-05
4.28234e-05
1.41517e-07
-1.81932e-07
4.28638e-05
4.26157e-05
3.96184e-07
4.25449e-05
4.27271e-05
-4.27327e-07
4.30164e-05
4.27857e-05
2.80321e-07
-3.96115e-07
4.29015e-05
4.26025e-05
6.52842e-07
4.26112e-05
4.28407e-05
-4.87243e-07
4.31639e-05
4.28564e-05
4.81403e-07
-6.71527e-07
4.30465e-05
4.25962e-05
1.07481e-06
4.26117e-05
4.30345e-05
-5.51822e-07
4.33714e-05
4.30854e-05
6.37279e-07
-8.92308e-07
4.33404e-05
4.27161e-05
1.4726e-06
4.28092e-05
4.33084e-05
-5.24552e-07
4.36318e-05
4.34818e-05
6.59113e-07
-9.39114e-07
4.37618e-05
4.31361e-05
1.45572e-06
4.33575e-05
4.36053e-05
-5.21252e-07
4.39273e-05
4.40007e-05
7.28564e-07
-1.06125e-06
4.36581e-05
1.5909e-06
4.3912e-05
-4.73226e-07
4.41971e-05
4.41858e-05
-4.76483e-07
4.44922e-05
4.4524e-05
-4.32406e-07
4.47929e-05
4.4858e-05
-3.56865e-07
4.51023e-05
4.51899e-05
-2.6419e-07
-2.36465e-09
2.67362e-06
-2.67975e-06
9.05713e-07
-9.08077e-07
-2.94796e-09
-2.67348e-06
2.66915e-06
-9.07456e-07
9.04508e-07
-2.38488e-09
-2.67384e-06
2.66877e-06
-9.10698e-07
9.08314e-07
1.7433e-09
6.19037e-09
3.3019e-09
2.67123e-06
9.11615e-07
-1.97232e-09
2.66792e-06
9.09643e-07
-4.76959e-09
-2.67534e-06
2.66915e-06
-9.1758e-07
9.1281e-07
4.18603e-10
-2.67592e-06
2.67492e-06
-9.19467e-07
9.19886e-07
-4.09516e-09
-2.68295e-06
2.67956e-06
-9.27235e-07
9.2314e-07
-1.07599e-09
-2.69192e-06
2.69094e-06
-9.34725e-07
9.33649e-07
1.91323e-09
-2.70498e-06
2.70892e-06
-9.43391e-07
9.45304e-07
4.02159e-09
-2.72557e-06
2.73086e-06
-9.56389e-07
9.60411e-07
9.15685e-09
-2.74905e-06
2.76542e-06
-9.71866e-07
9.81023e-07
1.06956e-08
-2.78508e-06
2.80319e-06
-9.90768e-07
1.00146e-06
1.04842e-08
-2.82573e-06
2.84572e-06
-1.01577e-06
1.02625e-06
1.32847e-08
-2.87582e-06
2.89805e-06
-1.04507e-06
1.05835e-06
1.33006e-08
-2.92632e-06
2.95285e-06
-1.07279e-06
1.08609e-06
1.82214e-08
-2.98929e-06
3.01818e-06
-1.10886e-06
1.12708e-06
1.26607e-08
-3.0526e-06
3.07818e-06
-1.14679e-06
1.15945e-06
1.70758e-08
-3.11416e-06
3.14837e-06
-1.17855e-06
1.19563e-06
2.30795e-08
-3.19179e-06
3.22605e-06
-1.2199e-06
1.24298e-06
1.35596e-08
-3.2558e-06
3.28499e-06
-1.25918e-06
1.27274e-06
1.92683e-08
-3.32016e-06
3.3591e-06
-1.28547e-06
1.30474e-06
1.30383e-08
-3.38832e-06
3.40983e-06
-1.32541e-06
1.33844e-06
1.94451e-09
-3.42364e-06
3.44011e-06
-1.34339e-06
1.34534e-06
3.76573e-09
-3.45638e-06
3.46163e-06
-1.35162e-06
1.35538e-06
-8.00634e-09
-3.46182e-06
3.45427e-06
-1.35517e-06
1.34717e-06
7.93664e-09
6.65727e-09
7.34857e-09
1.15853e-08
9.74175e-09
1.10851e-08
1.14552e-08
9.74543e-09
1.43046e-08
1.88163e-08
1.44366e-08
2.27653e-08
1.97088e-08
1.91071e-08
2.42695e-08
1.62016e-08
1.27305e-08
2.06669e-08
4.94916e-09
6.28031e-09
-2.10861e-10
-1.28516e-08
-1.98233e-09
2.60299e-06
-2.61035e-06
8.7236e-07
-8.74342e-07
-2.06878e-09
-2.59695e-06
2.58961e-06
-8.70858e-07
8.68789e-07
-2.29044e-09
-2.58417e-06
2.5767e-06
-8.67827e-07
8.65537e-07
-1.29521e-09
-2.57219e-06
2.5659e-06
-8.65092e-07
8.63797e-07
-1.78027e-10
-2.56143e-06
2.55664e-06
-8.62956e-07
8.62778e-07
-1.79696e-10
-2.55359e-06
2.54955e-06
-8.6301e-07
8.6283e-07
3.75398e-11
-2.54993e-06
2.54878e-06
-8.65146e-07
8.65184e-07
2.90668e-09
-2.55399e-06
2.55793e-06
-8.69191e-07
8.72098e-07
5.73121e-09
-2.56805e-06
2.5766e-06
-8.78473e-07
8.84204e-07
7.51207e-09
-2.59146e-06
2.60457e-06
-8.93532e-07
9.01044e-07
1.15942e-08
-2.6265e-06
2.64566e-06
-9.14287e-07
9.25881e-07
1.50383e-08
-2.67258e-06
2.6984e-06
-9.42542e-07
9.57581e-07
2.00829e-08
-2.73158e-06
2.76736e-06
-9.7749e-07
9.97573e-07
2.82113e-08
-2.81143e-06
2.85657e-06
-1.02234e-06
1.05055e-06
3.55314e-08
-2.90954e-06
2.96657e-06
-1.07932e-06
1.11485e-06
3.87512e-08
-3.02428e-06
3.09264e-06
-1.14605e-06
1.1848e-06
4.38303e-08
-3.16297e-06
3.24277e-06
-1.22576e-06
1.26959e-06
4.73254e-08
-3.32504e-06
3.41126e-06
-1.31907e-06
1.3664e-06
4.95324e-08
-3.49911e-06
3.59287e-06
-1.41672e-06
1.46625e-06
6.17052e-08
-3.68731e-06
3.79068e-06
-1.51554e-06
1.57725e-06
-1.50174e-09
-9.61917e-10
-4.45088e-10
-8.41037e-10
2.32506e-10
2.31594e-09
4.00717e-09
6.37534e-09
9.32749e-09
1.32429e-08
1.66613e-08
1.99096e-08
2.47629e-08
2.8775e-08
3.11967e-08
4.09571e-08
4.94848e-08
5.0318e-08
4.92905e-08
4.36179e-08
9.13077e-08
8.28471e-05
-8.28263e-05
-1.12125e-07
6.5584e-08
8.29472e-05
-8.29214e-05
4.01923e-08
8.30662e-05
-8.30409e-05
1.11114e-08
8.32041e-05
-8.31751e-05
-2.16763e-08
8.33729e-05
-8.33401e-05
-5.50033e-08
8.35583e-05
-8.3525e-05
-1.1965e-07
8.38232e-05
-8.37585e-05
-1.20075e-07
8.40911e-05
-8.40907e-05
-1.13196e-07
8.45459e-05
-8.45528e-05
-9.87929e-08
8.51902e-05
-9.36929e-08
-8.51109e-05
-1.18114e-07
4.29202e-05
-4.29009e-05
3.38536e-05
1.12589e-07
-6.59534e-09
-3.39596e-05
1.22498e-07
-1.44992e-07
1.0106e-07
7.8845e-08
5.48359e-08
3.30086e-08
-4.19966e-09
-4.1854e-08
-1.40831e-07
-2.16057e-07
-1.30779e-07
-7.47707e-08
-4.2924e-05
-1.3583e-07
4.29291e-05
-3.37606e-05
3.36565e-05
1.08505e-07
-4.4112e-09
9.207e-08
8.65528e-10
8.5571e-08
1.75776e-09
4.26582e-05
-4.26637e-05
9.74936e-08
4.26527e-05
4.26254e-05
7.86576e-08
-1.22975e-07
1.40667e-07
4.24458e-05
-4.24635e-05
-1.39608e-07
1.45435e-07
4.26024e-05
-4.26082e-05
-1.25058e-07
-1.32165e-07
-8.431e-05
3.32398e-05
-9.80547e-09
-3.3353e-05
1.15145e-07
-7.05563e-09
4.28064e-05
-4.28054e-05
-1.37818e-07
1.37925e-07
4.24101e-05
-4.23897e-05
-1.25138e-07
-9.74776e-10
2.68492e-06
-2.69054e-06
9.04694e-07
-9.05669e-07
-2.01419e-10
-2.68439e-06
2.68018e-06
-9.06094e-07
9.05892e-07
1.3999e-09
2.18496e-09
-2.21904e-09
2.61613e-06
-2.62372e-06
8.75614e-07
-8.77833e-07
-1.27209e-09
-4.12055e-05
1.96403e-06
-1.24708e-06
4.04885e-05
-4.15153e-05
5.77622e-07
-2.2225e-07
4.116e-05
-4.13281e-05
8.35672e-08
-5.75918e-08
4.13021e-05
-4.13059e-05
3.30368e-08
-1.79195e-08
4.12908e-05
-4.13021e-05
9.95976e-09
-1.74545e-09
4.12939e-05
-4.13014e-05
-1.57985e-10
3.42258e-09
4.12981e-05
-4.13018e-05
-3.16259e-09
5.27851e-09
4.12997e-05
-4.13018e-05
-4.08799e-09
4.96397e-09
4.13009e-05
-4.13018e-05
-3.80663e-09
4.43403e-09
4.13012e-05
-4.13018e-05
-3.12278e-09
3.41718e-09
4.13015e-05
-4.13019e-05
-2.51818e-09
3.12078e-09
4.13013e-05
-4.13018e-05
-2.21441e-09
2.08515e-09
4.1302e-05
-4.13019e-05
-1.7693e-09
1.11994e-09
4.13025e-05
-4.13015e-05
-1.11419e-09
-6.12036e-10
4.13032e-05
-4.13018e-05
4.99496e-10
-1.55605e-09
4.13028e-05
-4.1302e-05
3.80636e-10
-1.21647e-09
4.13028e-05
-4.13015e-05
1.10388e-09
-3.034e-09
4.13035e-05
-4.13021e-05
1.33238e-09
-2.22369e-09
4.1303e-05
-4.13021e-05
6.09029e-10
1.63018e-10
4.13013e-05
-4.13067e-05
-1.11276e-08
2.14627e-08
4.12964e-05
-4.1318e-05
-3.57647e-08
5.89314e-08
4.12949e-05
-4.14094e-05
-1.16381e-07
2.49613e-07
4.12762e-05
-4.15387e-05
-5.26642e-07
1.18945e-06
4.08759e-05
-3.35729e-05
3.66432e-05
-1.95796e-06
-1.11235e-06
-6.50591e-07
-4.10195e-05
1.63218e-07
4.15068e-05
-4.10218e-05
1.65941e-07
-1.73527e-07
4.10294e-05
-4.11474e-05
1.21182e-07
-7.37406e-08
4.10999e-05
-4.12521e-05
4.50878e-08
-6.40547e-09
4.12134e-05
-4.12806e-05
4.13442e-09
1.54044e-08
4.12611e-05
-4.12921e-05
-7.17876e-09
1.84727e-08
4.12808e-05
-4.12974e-05
-1.00826e-08
1.80534e-08
4.12894e-05
-4.12995e-05
-9.87248e-09
1.47321e-08
4.12947e-05
-4.13008e-05
-8.26348e-09
1.19468e-08
4.12971e-05
-4.13013e-05
-6.46599e-09
8.48209e-09
4.12993e-05
-4.13024e-05
-4.88262e-09
6.24037e-09
4.1301e-05
-4.13027e-05
-3.8262e-09
3.51296e-09
4.13031e-05
-4.13035e-05
-2.15902e-09
-9.23481e-11
4.13058e-05
-4.13043e-05
6.10791e-10
-4.30815e-09
4.1308e-05
-4.13052e-05
2.75369e-09
-7.6539e-09
4.13101e-05
-4.13067e-05
3.6611e-09
-9.05284e-09
4.13121e-05
-4.13059e-05
5.50387e-09
-1.46811e-08
4.1315e-05
-4.13057e-05
7.72733e-09
-1.71975e-08
4.13151e-05
-4.13021e-05
9.41916e-09
-2.08909e-08
4.13135e-05
-4.12969e-05
-3.05113e-09
8.16256e-09
4.12918e-05
-4.12549e-05
-3.53154e-08
4.33038e-08
4.12469e-05
-4.11384e-05
-1.17804e-07
1.79562e-07
4.10766e-05
-4.08477e-05
-1.15188e-07
-2.20336e-07
4.11832e-05
-3.78035e-05
3.83035e-05
6.47382e-07
-1.14739e-06
-9.46823e-07
-4.18999e-05
6.24871e-07
4.22218e-05
-4.13165e-05
-3.78606e-07
1.97332e-07
4.14978e-05
-1.36747e-07
8.24442e-05
-4.12958e-05
-4.08969e-05
7.31289e-08
-1.87894e-07
-1.26317e-07
8.24597e-05
-4.1356e-05
-4.11142e-05
-9.75641e-08
8.25287e-05
-4.13624e-05
-4.1195e-05
-7.17903e-08
8.25638e-05
-4.13549e-05
-4.12347e-05
-5.09537e-08
8.25809e-05
-4.13444e-05
-4.12573e-05
-3.36938e-08
8.2589e-05
-4.13349e-05
-4.12713e-05
-1.926e-08
8.25931e-05
-4.13263e-05
-4.12813e-05
-8.06778e-09
8.25964e-05
-4.13187e-05
-4.12889e-05
3.14138e-09
8.25955e-05
-4.13104e-05
-4.12963e-05
1.57111e-08
8.25988e-05
-4.13062e-05
-4.13051e-05
1.83263e-08
8.2603e-05
-4.12973e-05
-4.13083e-05
2.4424e-08
8.26021e-05
-4.12906e-05
-4.13176e-05
3.67399e-08
8.25979e-05
-4.12836e-05
-4.13266e-05
5.03095e-08
8.25965e-05
-4.12738e-05
-4.13364e-05
6.6916e-08
8.25915e-05
-4.12616e-05
-4.13465e-05
8.82994e-08
8.25793e-05
-4.12428e-05
-4.13579e-05
1.43848e-07
8.25299e-05
-4.12145e-05
-4.1371e-05
1.6541e-07
8.24995e-05
-4.11445e-05
-4.13766e-05
-1.00023e-07
8.25887e-05
-4.09955e-05
-4.13278e-05
-2.85789e-07
8.29381e-05
-4.09862e-05
-4.12229e-05
-5.43146e-07
-4.14814e-05
-6.43214e-07
4.18389e-05
-3.85804e-05
3.87054e-05
9.41044e-07
-1.06609e-06
-8.24922e-07
-4.24234e-05
6.9037e-07
4.25579e-05
-4.17105e-05
-5.28875e-07
4.0955e-07
4.18299e-05
1.92705e-07
8.28625e-05
-2.26539e-07
-3.84438e-07
1.34925e-08
8.26389e-05
-1.66292e-08
8.25588e-05
-2.38588e-08
8.25711e-05
-2.24114e-08
8.25794e-05
-1.83253e-08
8.25849e-05
-1.29369e-08
8.25877e-05
-4.17266e-09
8.25876e-05
-1.04894e-09
8.25923e-05
5.76163e-09
8.2592e-05
2.25144e-08
8.25862e-05
3.41598e-08
8.25904e-05
4.13194e-08
8.25907e-05
4.77656e-08
8.25901e-05
5.27826e-08
8.25865e-05
4.55485e-08
8.25866e-05
-3.81842e-08
8.26136e-05
-2.18796e-07
8.26801e-05
-5.69548e-07
8.29395e-05
-4.92326e-07
8.34612e-05
-6.00386e-07
-4.19792e-05
-7.09367e-07
4.21962e-05
-3.87062e-05
3.86217e-05
8.29853e-07
-7.45351e-07
-6.71396e-07
-4.26296e-05
6.12179e-07
4.26888e-05
-4.19617e-05
-5.28082e-07
4.56029e-07
4.20337e-05
4.26086e-07
8.31772e-05
-3.22354e-07
-4.18467e-07
1.76008e-07
8.2889e-05
5.52507e-08
8.26796e-05
2.04747e-08
8.26058e-05
5.12698e-09
8.25948e-05
1.93371e-09
8.25881e-05
5.29561e-09
8.25844e-05
8.73362e-09
8.25842e-05
1.8001e-08
8.25831e-05
2.49561e-08
8.2585e-05
2.08324e-08
8.25904e-05
1.93173e-08
8.2592e-05
1.47467e-08
8.25953e-05
3.57361e-09
8.26013e-05
-2.25411e-08
8.26126e-05
-6.7752e-08
8.26318e-05
-1.48856e-07
8.26947e-05
-3.84809e-07
8.29161e-05
-7.21682e-07
8.32764e-05
-5.02559e-07
8.38025e-05
-5.60364e-07
-4.2252e-05
-6.36281e-07
4.23857e-05
-3.84832e-05
3.8326e-05
6.77301e-07
-5.20088e-07
-5.88675e-07
-4.27271e-05
5.43516e-07
4.27723e-05
-4.21204e-05
-4.83958e-07
4.36994e-07
4.21674e-05
5.15634e-07
8.33996e-05
-3.34775e-07
-4.032e-07
3.12517e-07
8.30921e-05
1.46366e-07
8.28457e-05
6.38877e-08
8.26883e-05
3.64673e-08
8.26222e-05
1.96275e-08
8.26049e-05
8.75848e-09
8.25953e-05
6.30574e-09
8.25866e-05
1.76254e-09
8.25876e-05
2.33468e-10
8.25865e-05
7.66574e-09
8.25829e-05
9.94193e-09
8.25897e-05
9.06192e-09
8.25961e-05
-1.94421e-09
8.26123e-05
-1.91884e-08
8.26298e-05
-9.71156e-08
8.27097e-05
-2.86059e-07
8.28837e-05
-4.64376e-07
8.30944e-05
-6.39696e-07
8.34517e-05
-4.54558e-07
8.41047e-05
-4.87385e-07
-4.24054e-05
-5.59647e-07
4.25105e-05
-3.81552e-05
3.79831e-05
5.93104e-07
-4.20993e-07
-5.33143e-07
-4.28018e-05
4.96628e-07
4.28383e-05
-4.22305e-05
-4.48569e-07
4.07678e-07
4.22714e-05
5.29722e-07
8.35811e-05
-3.24813e-07
-3.86446e-07
3.81834e-07
8.324e-05
2.38279e-07
8.29893e-05
1.19963e-07
8.28066e-05
6.00084e-08
8.26821e-05
4.13145e-08
8.26236e-05
3.43788e-08
8.26022e-05
2.87993e-08
8.25922e-05
3.12523e-08
8.25852e-05
3.14935e-08
8.25863e-05
1.93545e-08
8.25951e-05
7.25202e-09
8.26018e-05
-1.54062e-08
8.26188e-05
-4.42962e-08
8.26412e-05
-1.20363e-07
8.27059e-05
-2.33839e-07
8.28232e-05
-3.54555e-07
8.30044e-05
-5.42001e-07
8.32818e-05
-7.38941e-07
8.36486e-05
-4.36978e-07
8.42684e-05
-4.65594e-07
-4.25457e-05
-5.03568e-07
4.26123e-05
-3.78004e-05
3.76221e-05
5.2989e-07
-3.51599e-07
-4.80604e-07
-4.28565e-05
4.57146e-07
4.28799e-05
-4.23242e-05
-4.19437e-07
3.81551e-07
4.23621e-05
5.18411e-07
8.37436e-05
-3.10535e-07
-3.70321e-07
3.95071e-07
8.33633e-05
2.8662e-07
8.30977e-05
1.86145e-07
8.29071e-05
1.01392e-07
8.27669e-05
5.62694e-08
8.26687e-05
3.72903e-08
8.26212e-05
2.89768e-08
8.26005e-05
2.01229e-08
8.2594e-05
1.52342e-08
8.25912e-05
1.87909e-08
8.25915e-05
1.43133e-08
8.26063e-05
1.07948e-08
8.26223e-05
-2.92127e-08
8.26812e-05
-1.01424e-07
8.27781e-05
-2.14445e-07
8.29362e-05
-3.47801e-07
8.31377e-05
-4.4319e-07
8.33772e-05
-5.96681e-07
8.38021e-05
-3.98321e-07
8.44899e-05
-4.1988e-07
-4.26322e-05
-4.65669e-07
4.26996e-05
-3.743e-05
3.72443e-05
4.78935e-07
-2.93221e-07
-4.23772e-07
-4.2884e-05
4.14523e-07
4.28933e-05
-4.24047e-05
-3.8633e-07
3.57147e-07
4.24339e-05
5.0293e-07
8.38865e-05
-2.94412e-07
-3.51511e-07
3.96349e-07
8.34699e-05
3.04256e-07
8.31898e-05
2.17811e-07
8.29935e-05
1.42177e-07
8.28425e-05
8.00421e-08
8.27309e-05
5.10207e-08
8.26502e-05
3.93636e-08
8.26122e-05
3.64454e-08
8.25969e-05
3.33172e-08
8.25943e-05
1.769e-08
8.26072e-05
-8.71341e-11
8.2624e-05
-5.40327e-08
8.26763e-05
-1.31244e-07
8.27584e-05
-2.34512e-07
8.28814e-05
-3.16487e-07
8.30182e-05
-3.86265e-07
8.32075e-05
-5.34606e-07
8.35256e-05
-6.7953e-07
8.3947e-05
-3.81457e-07
8.45877e-05
-3.95934e-07
-4.27268e-05
-4.20575e-07
4.27659e-05
-3.70487e-05
3.68625e-05
4.25347e-07
-2.39096e-07
-3.67144e-07
-4.28839e-05
3.6167e-07
4.28894e-05
-4.24648e-05
-3.4663e-07
3.27792e-07
4.24837e-05
4.83856e-07
8.40035e-05
-2.72343e-07
-3.28469e-07
3.852e-07
8.35686e-05
3.08993e-07
8.3266e-05
2.38809e-07
8.30637e-05
1.71987e-07
8.29094e-05
1.12362e-07
8.27905e-05
6.25477e-08
8.27e-05
4.14179e-08
8.26333e-05
3.27875e-08
8.26056e-05
2.6458e-08
8.26006e-05
2.60428e-08
8.26076e-05
6.02161e-09
8.26441e-05
-2.60577e-08
8.27083e-05
-7.11524e-08
8.28035e-05
-1.07588e-07
8.29178e-05
-1.83028e-07
8.30936e-05
-2.89212e-07
8.33137e-05
-3.70017e-07
8.36064e-05
-5.19998e-07
8.4097e-05
-3.32174e-07
8.4746e-05
-3.46089e-07
-4.27738e-05
-3.68014e-07
4.28096e-05
-3.66698e-05
3.64882e-05
3.68477e-07
-1.86831e-07
-3.17137e-07
-4.28852e-05
3.19609e-07
4.28827e-05
-4.25046e-05
-3.02855e-07
2.8916e-07
4.25183e-05
4.55833e-07
8.4085e-05
-2.42117e-07
-2.9524e-07
3.7303e-07
8.36514e-05
2.95285e-07
8.33438e-05
2.3777e-07
8.31212e-05
1.85716e-07
8.29614e-05
1.37503e-07
8.28387e-05
9.34946e-08
8.2744e-05
5.61082e-08
8.26707e-05
4.64334e-08
8.26152e-05
5.34266e-08
8.25936e-05
3.81147e-08
8.26229e-05
-3.55426e-09
8.26857e-05
-6.72025e-08
8.2772e-05
-1.3554e-07
8.28718e-05
-2.36647e-07
8.30189e-05
-3.06888e-07
8.31639e-05
-3.60476e-07
8.33673e-05
-4.58228e-07
8.37041e-05
-5.23505e-07
8.41623e-05
-2.84756e-07
8.48057e-05
-2.9846e-07
-4.28059e-05
-3.17685e-07
4.28389e-05
-3.6306e-05
3.6129e-05
3.11771e-07
-1.34738e-07
-2.61791e-07
-4.28644e-05
2.70926e-07
4.28553e-05
-4.25317e-05
-2.59422e-07
2.51337e-07
4.25397e-05
4.24926e-07
8.4135e-05
-2.15451e-07
-2.59466e-07
3.55049e-07
8.37212e-05
2.95732e-07
8.34031e-05
2.40084e-07
8.31769e-05
1.89382e-07
8.30121e-05
1.4441e-07
8.28837e-05
1.05438e-07
8.2783e-05
7.06694e-08
8.27055e-05
3.99681e-08
8.26459e-05
3.4424e-08
8.25992e-05
4.22887e-09
8.26531e-05
-3.22281e-08
8.27222e-05
-6.41242e-08
8.28039e-05
-1.00832e-07
8.29085e-05
-1.07877e-07
8.3026e-05
-1.60797e-07
8.32168e-05
-2.65013e-07
8.34715e-05
-3.35556e-07
8.37747e-05
-4.48224e-07
8.4275e-05
-2.4015e-07
8.48633e-05
-2.6566e-07
-4.28344e-05
-2.6431e-07
4.28586e-05
-3.59579e-05
3.57936e-05
2.57746e-07
-9.339e-08
-2.15995e-07
-4.28316e-05
2.28111e-07
4.28195e-05
-4.25477e-05
-2.25774e-07
2.18985e-07
4.25545e-05
3.80671e-07
8.41689e-05
-1.86202e-07
-2.28345e-07
3.35361e-07
8.37665e-05
2.81296e-07
8.34572e-05
2.32941e-07
8.32252e-05
1.93827e-07
8.30512e-05
1.56782e-07
8.29207e-05
1.20755e-07
8.2819e-05
8.93312e-08
8.27369e-05
6.59795e-08
8.26693e-05
4.87512e-08
8.26164e-05
2.48703e-08
8.2677e-05
-4.48326e-09
8.27515e-05
-4.33595e-08
8.28428e-05
-9.01719e-08
8.29553e-05
-1.82042e-07
8.31178e-05
-2.45048e-07
8.32798e-05
-2.64284e-07
8.34907e-05
-3.16327e-07
8.38267e-05
-3.40849e-07
8.42995e-05
-1.84779e-07
8.49182e-05
-2.10943e-07
-4.28442e-05
-2.16234e-07
4.28756e-05
-3.56404e-05
3.549e-05
2.13749e-07
-6.33753e-08
-1.82188e-07
-4.27991e-05
2.02328e-07
4.27789e-05
-4.25588e-05
-2.00802e-07
1.9221e-07
4.25674e-05
3.54888e-07
8.4191e-05
-1.67243e-07
-2.09722e-07
3.11399e-07
8.381e-05
2.69466e-07
8.34991e-05
2.29637e-07
8.32651e-05
1.91105e-07
8.30898e-05
1.59361e-07
8.29525e-05
1.31828e-07
8.28465e-05
1.06993e-07
8.27617e-05
8.09655e-08
8.26953e-05
5.75281e-08
8.26399e-05
2.95082e-08
8.2705e-05
-4.93884e-09
8.2786e-05
-4.89545e-08
8.28868e-05
-9.5148e-08
8.30015e-05
-1.1015e-07
8.31328e-05
-1.57331e-07
8.3327e-05
-2.75603e-07
8.3609e-05
-3.42943e-07
8.3894e-05
-3.82367e-07
8.43389e-05
-1.75003e-07
8.49178e-05
-2.06958e-07
-4.28736e-05
-1.83088e-07
4.28816e-05
-3.53526e-05
3.5217e-05
1.75872e-07
-4.02993e-08
-1.6313e-07
-4.27545e-05
1.8036e-07
4.27372e-05
-4.25687e-05
-1.80461e-07
1.7331e-07
4.25758e-05
3.16202e-07
8.42135e-05
-1.47118e-07
-1.91617e-07
2.96627e-07
8.38296e-05
2.63716e-07
8.3532e-05
2.25944e-07
8.33028e-05
1.93579e-07
8.31221e-05
1.61103e-07
8.29849e-05
1.30259e-07
8.28774e-05
1.00511e-07
8.27915e-05
7.62072e-08
8.27196e-05
5.36435e-08
8.26624e-05
2.5333e-08
8.27333e-05
-3.35897e-09
8.28147e-05
-2.40632e-08
8.29075e-05
-5.1486e-08
8.30289e-05
-1.08282e-07
8.31896e-05
-1.48029e-07
8.33667e-05
-1.26647e-07
8.35876e-05
-1.43832e-07
8.39112e-05
-2.16364e-07
8.44114e-05
-1.36517e-07
8.49997e-05
-1.61748e-07
-4.286e-05
-1.58883e-07
4.28824e-05
-3.50894e-05
3.49613e-05
1.53694e-07
-2.56578e-08
-1.46077e-07
-4.27161e-05
1.65375e-07
4.26968e-05
-4.25746e-05
-1.66282e-07
1.59298e-07
4.25816e-05
2.99979e-07
8.42329e-05
-1.38294e-07
-1.81071e-07
2.71609e-07
8.3858e-05
2.46331e-07
8.35573e-05
2.20373e-07
8.33288e-05
1.91382e-07
8.31511e-05
1.6542e-07
8.30109e-05
1.41458e-07
8.29013e-05
1.20099e-07
8.28128e-05
9.54502e-08
8.27443e-05
6.88942e-08
8.2689e-05
4.53536e-08
8.27568e-05
1.8884e-08
8.28412e-05
-2.50922e-08
8.29515e-05
-7.1245e-08
8.30751e-05
-1.17099e-07
8.32355e-05
-1.69848e-07
8.34195e-05
-3.02204e-07
8.372e-05
-3.63943e-07
8.3973e-05
-3.23303e-07
8.43708e-05
-1.34084e-07
8.49722e-05
-1.61774e-07
-4.28778e-05
-1.44054e-07
4.28878e-05
-3.48406e-05
3.4721e-05
1.35077e-07
-1.54824e-08
-1.33668e-07
-4.2674e-05
1.53878e-07
4.26538e-05
-4.25815e-05
-1.55499e-07
1.53599e-07
4.25834e-05
2.82377e-07
8.42532e-05
-1.34533e-07
-1.68181e-07
2.64532e-07
8.38758e-05
2.45056e-07
8.35768e-05
2.20539e-07
8.33533e-05
1.96059e-07
8.31756e-05
1.72104e-07
8.30349e-05
1.50775e-07
8.29227e-05
1.27431e-07
8.28362e-05
1.0744e-07
8.27643e-05
9.04776e-08
8.27059e-05
6.3435e-08
8.27839e-05
3.22344e-08
8.28724e-05
1.91142e-09
8.29818e-05
-3.28448e-08
8.31099e-05
-6.06522e-08
8.32633e-05
-8.72238e-08
8.3446e-05
-2.74932e-08
8.36602e-05
-5.45282e-08
8.4e-05
-1.77586e-07
8.44939e-05
-1.17857e-07
8.5056e-05
-1.43534e-07
-4.28742e-05
-1.32024e-07
4.28884e-05
-3.46056e-05
3.44896e-05
1.2738e-07
-1.13652e-08
-1.27846e-07
-4.26301e-05
1.48178e-07
4.26098e-05
-4.25856e-05
-1.49528e-07
1.50461e-07
4.25847e-05
2.71944e-07
8.4269e-05
-1.32354e-07
-1.55361e-07
2.54491e-07
8.38933e-05
2.35673e-07
8.35956e-05
2.1623e-07
8.33728e-05
1.93965e-07
8.31979e-05
1.70389e-07
8.30584e-05
1.46254e-07
8.29468e-05
1.28497e-07
8.28539e-05
1.06794e-07
8.2786e-05
8.14638e-08
8.27313e-05
6.08249e-08
8.28045e-05
3.87392e-08
8.28944e-05
1.41442e-08
8.30064e-05
-1.37473e-08
8.31377e-05
-5.55625e-08
8.33051e-05
-9.88317e-08
8.34893e-05
-2.26169e-07
8.37876e-05
-2.57962e-07
8.40318e-05
-2.04998e-07
8.44409e-05
-1.0707e-07
8.50851e-05
-1.27022e-07
-4.28805e-05
-1.25274e-07
4.28987e-05
-3.438e-05
3.42709e-05
1.16586e-07
-7.44869e-09
-1.25489e-07
-4.25873e-05
1.42676e-07
4.25701e-05
-4.25909e-05
-1.44366e-07
1.49882e-07
4.25853e-05
2.68827e-07
-1.35469e-07
-1.49123e-07
8.42848e-05
2.47676e-07
8.39144e-05
2.33762e-07
8.36095e-05
2.17536e-07
8.3389e-05
2.01133e-07
8.32143e-05
1.86228e-07
8.30733e-05
1.71545e-07
8.29615e-05
1.48583e-07
8.28769e-05
1.32514e-07
8.2802e-05
1.18867e-07
8.27449e-05
9.70432e-08
7.00411e-08
3.55634e-08
-1.74456e-09
-3.67861e-08
-7.24684e-08
-4.34e-08
-1.0232e-07
-2.14172e-07
-1.04726e-07
-1.35184e-07
-4.28992e-05
-1.18151e-07
4.29126e-05
-3.41689e-05
3.40597e-05
1.16397e-07
-7.26113e-09
1.67833e-07
8.29778e-05
-1.84145e-07
1.56384e-07
8.28883e-05
1.3635e-07
8.28221e-05
8.27691e-05
1.85948e-07
-1.97689e-07
1.6688e-07
1.54375e-07
2.46389e-06
3.35687e-05
-6.63026e-07
1.24827e-07
-1.64593e-07
4.15484e-05
5.68663e-08
-2.11328e-08
4.14039e-05
-4.02124e-09
-1.20004e-10
4.13233e-05
-1.93473e-09
2.57823e-09
4.13039e-05
-3.6424e-09
3.69053e-09
4.13023e-05
-4.07703e-09
3.5968e-09
4.1302e-05
-3.1991e-09
2.99059e-09
4.13016e-05
-2.57261e-09
2.29808e-09
4.13017e-05
-1.84329e-09
1.67402e-09
4.13016e-05
-1.26556e-09
9.85552e-10
4.13017e-05
-4.72958e-10
2.59431e-10
4.13016e-05
1.62127e-10
-6.08366e-10
4.13018e-05
1.09831e-09
-1.46723e-09
4.13018e-05
1.55231e-09
-1.86987e-09
4.13017e-05
2.24629e-09
-2.9125e-09
4.13021e-05
3.54452e-09
-3.81506e-09
4.13016e-05
3.96379e-09
-4.54642e-09
4.1302e-05
5.16872e-09
-5.03462e-09
4.13017e-05
4.77955e-09
-5.84062e-09
4.13042e-05
8.0583e-09
-7.96342e-09
4.13078e-05
6.88768e-09
-2.0465e-09
4.13484e-05
-2.82238e-08
1.77286e-07
4.1474e-05
-1.47152e-07
-2.45833e-06
4.12222e-05
-6.61684e-07
3.66449e-05
-1.11225e-06
3.78e-05
-1.81849e-08
-1.13684e-06
-2.45858e-08
-1.13567e-06
3.82986e-05
-1.14922e-06
3.8568e-05
8.9308e-07
-1.16253e-06
8.83028e-07
-1.15992e-06
3.86874e-05
-1.06623e-06
3.86858e-05
9.10631e-07
-9.09039e-07
9.06254e-07
-9.07093e-07
3.86026e-05
-7.41655e-07
3.84568e-05
7.46563e-07
-6.00814e-07
7.39589e-07
-6.01084e-07
3.83031e-05
-5.17646e-07
3.81309e-05
6.34763e-07
-4.62625e-07
6.31275e-07
-4.60481e-07
3.79637e-05
-4.21447e-07
3.77786e-05
5.7133e-07
-3.86183e-07
5.65939e-07
-3.83203e-07
3.75998e-05
-3.54411e-07
3.74041e-05
5.19254e-07
-3.23568e-07
5.11161e-07
-3.19074e-07
3.72179e-05
-2.94399e-07
3.70183e-05
4.64954e-07
-2.65284e-07
4.59598e-07
-2.64041e-07
3.68326e-05
-2.38143e-07
3.66377e-05
4.05745e-07
-2.1082e-07
4.02286e-07
-2.09617e-07
3.64561e-05
-1.85535e-07
3.62751e-05
3.40472e-07
-1.5944e-07
3.42139e-07
-1.59982e-07
3.60921e-05
-1.34122e-07
3.59198e-05
2.82797e-07
-1.10592e-07
2.80066e-07
-1.08996e-07
3.57518e-05
-9.37627e-08
3.55941e-05
2.34278e-07
-7.65535e-08
2.2672e-07
-7.35496e-08
3.54417e-05
-6.35846e-08
3.52973e-05
1.94581e-07
-5.01761e-08
1.84035e-07
-4.66138e-08
3.51565e-05
-4.13966e-08
3.50227e-05
1.65688e-07
-3.19029e-08
1.55293e-07
-2.76305e-08
3.48866e-05
-2.70387e-08
3.47573e-05
1.50142e-07
-2.07851e-08
1.36499e-07
-1.57604e-08
3.46293e-05
-1.81392e-08
3.45061e-05
1.37141e-07
-1.39265e-08
1.24933e-07
-9.56893e-09
3.4385e-05
-1.2609e-08
3.42655e-05
1.29505e-07
-9.95159e-09
1.15822e-07
-6.24377e-09
3.41477e-05
-1.00509e-08
3.40317e-05
1.23929e-07
-7.90524e-09
1.04187e-07
-2.16252e-09
3.39153e-05
-9.14815e-09
1.19214e-07
3.38029e-05
-6.82995e-09
1.03138e-07
-2.95862e-09
4.08789e-05
5.4913e-07
-5.28835e-07
4.08586e-05
4.12653e-05
3.9064e-07
-2.6065e-07
4.11353e-05
4.12987e-05
1.05902e-07
-6.04508e-08
4.12532e-05
4.12959e-05
2.17635e-08
-1.35359e-08
4.12877e-05
4.13004e-05
2.6632e-10
1.68624e-09
4.12984e-05
4.13023e-05
-7.71961e-09
5.99247e-09
4.1304e-05
4.13028e-05
-8.29976e-09
6.25825e-09
4.13048e-05
4.13028e-05
-7.64661e-09
5.54495e-09
4.13049e-05
4.13029e-05
-5.93641e-09
4.40662e-09
4.13044e-05
4.13026e-05
-4.59346e-09
2.91347e-09
4.13042e-05
4.13025e-05
-1.83062e-09
6.53385e-10
4.13037e-05
4.13022e-05
1.07595e-10
-8.24286e-10
4.13029e-05
4.13018e-05
1.8062e-09
-1.88841e-09
4.13018e-05
4.13016e-05
3.0002e-09
-2.92736e-09
4.13015e-05
4.13009e-05
5.35294e-09
-5.83469e-09
4.13014e-05
4.13015e-05
9.66032e-09
-7.77134e-09
4.12996e-05
4.13003e-05
1.01777e-08
-8.5732e-09
4.12987e-05
4.13e-05
1.12136e-08
-5.50095e-09
4.12943e-05
4.12932e-05
6.27892e-09
-2.71297e-09
4.12897e-05
4.12935e-05
3.18859e-09
2.86343e-08
4.12617e-05
4.12909e-05
-6.86385e-08
1.58785e-07
4.12008e-05
4.1197e-05
-2.96589e-07
5.91628e-07
4.09019e-05
4.04537e-05
-6.19839e-07
4.1049e-05
4.11878e-05
-5.00055e-07
1.83136e-07
4.15047e-05
4.10829e-05
1.04008e-07
-1.70006e-07
4.11489e-05
4.12246e-05
-3.30406e-08
-3.82093e-08
4.12854e-05
-6.1032e-08
-9.50428e-09
4.13066e-05
-5.65354e-08
7.18849e-10
4.13124e-05
-4.68652e-08
4.31678e-09
4.1313e-05
-3.64504e-08
5.02524e-09
4.13114e-05
-2.84115e-08
4.8575e-09
4.13099e-05
-2.07008e-08
4.30904e-09
4.13078e-05
-1.469e-08
3.88562e-09
4.13061e-05
-8.63524e-09
4.3025e-09
4.13042e-05
-2.26349e-09
2.41171e-10
4.13024e-05
2.33224e-09
2.74547e-09
4.13e-05
6.839e-09
2.531e-09
4.12974e-05
1.3926e-08
-1.24729e-10
4.12961e-05
2.4412e-08
-2.06653e-09
4.12917e-05
3.35226e-08
-3.37685e-09
4.12866e-05
4.61617e-08
-2.40412e-09
4.12657e-05
5.98249e-08
-8.56248e-09
4.12346e-05
9.3409e-08
-3.29515e-09
4.11263e-05
8.42671e-08
4.65698e-08
4.09663e-05
9.97511e-08
-1.19683e-07
4.1476e-05
4.17888e-07
4.19412e-05
4.1751e-05
-7.0906e-07
4.91437e-07
4.19686e-05
4.14194e-05
-2.78665e-07
4.15101e-05
4.2239e-05
6.83492e-07
4.24617e-05
4.21301e-05
-6.74892e-07
5.55113e-07
4.22498e-05
4.16932e-05
-4.23329e-07
4.1732e-05
4.25822e-05
6.56132e-07
4.26657e-05
4.23339e-05
-5.96478e-07
5.24331e-07
4.24061e-05
4.18657e-05
-4.37608e-07
4.18849e-05
4.27067e-05
5.80053e-07
4.27579e-05
4.24656e-05
-5.41773e-07
4.80824e-07
4.25266e-05
4.19871e-05
-4.17737e-07
4.20016e-05
4.27914e-05
5.22563e-07
4.28348e-05
4.25747e-05
-5.01115e-07
4.50057e-07
4.26257e-05
4.20845e-05
-3.97228e-07
4.20953e-05
4.28611e-05
4.8557e-07
4.28867e-05
4.26634e-05
-4.60864e-07
4.19097e-07
4.27052e-05
4.21663e-05
-3.76448e-07
4.21724e-05
4.28999e-05
4.47088e-07
4.29124e-05
4.27334e-05
-4.15135e-07
3.81337e-07
4.27672e-05
4.22351e-05
-3.50407e-07
4.2234e-05
4.29172e-05
4.03795e-07
4.29157e-05
4.27822e-05
-3.44635e-07
3.3851e-07
4.27883e-05
4.22895e-05
-3.17613e-07
4.22786e-05
4.29162e-05
3.42419e-07
4.29159e-05
4.28051e-05
-3.01114e-07
2.93272e-07
4.28129e-05
4.23257e-05
-2.79897e-07
4.23103e-05
4.291e-05
2.94025e-07
4.2896e-05
4.28244e-05
-2.57968e-07
2.52273e-07
4.28301e-05
4.23462e-05
-2.44348e-07
4.23311e-05
4.28895e-05
2.51214e-07
4.2865e-05
4.28325e-05
-2.14967e-07
2.17884e-07
4.28296e-05
4.23639e-05
-2.13489e-07
4.2349e-05
4.28625e-05
2.08896e-07
4.28376e-05
4.28311e-05
-1.90164e-07
1.93459e-07
4.28278e-05
4.2374e-05
-1.92243e-07
4.23565e-05
4.28304e-05
1.85337e-07
4.28004e-05
4.28277e-05
-1.71316e-07
1.76812e-07
4.28222e-05
4.23827e-05
-1.77988e-07
4.23691e-05
4.27952e-05
1.57173e-07
4.27745e-05
4.28213e-05
-1.59919e-07
1.63562e-07
4.28176e-05
4.23901e-05
-1.63656e-07
4.23727e-05
4.27655e-05
1.48216e-07
4.27422e-05
4.2816e-05
-1.53134e-07
1.55312e-07
4.28138e-05
4.23917e-05
-1.53133e-07
4.23767e-05
4.27376e-05
1.35682e-07
4.27177e-05
4.28125e-05
-1.46418e-07
1.48459e-07
4.28105e-05
4.23948e-05
-1.42269e-07
4.23817e-05
4.2709e-05
1.27485e-07
4.26857e-05
4.28088e-05
-1.42909e-07
1.44906e-07
4.28068e-05
4.25464e-05
4.23961e-05
-1.34659e-07
4.23817e-05
4.25956e-05
4.2684e-05
1.2344e-07
-1.25154e-07
1.42235e-07
4.25294e-05
-1.41805e-07
1.46816e-07
4.25906e-05
2.54215e-07
8.42992e-05
-1.27626e-07
-1.4101e-07
2.48452e-07
8.39202e-05
2.32049e-07
8.36259e-05
2.19035e-07
8.3402e-05
2.0161e-07
8.32317e-05
8.30908e-05
-1.23708e-07
-4.25054e-05
1.40444e-07
4.24887e-05
-4.26016e-05
-1.391e-07
1.46283e-07
4.25945e-05
2.66611e-07
-1.33313e-07
-1.44159e-07
2.43853e-07
2.3303e-07
2.18854e-07
2.07654e-07
3.36871e-05
-9.35888e-09
3.35766e-05
1.17288e-07
-6.76265e-09
3.34623e-05
-9.36037e-09
1.1625e-07
-6.97522e-09
4.28072e-05
-1.41229e-07
1.43015e-07
4.28054e-05
4.24008e-05
-1.31955e-07
4.23918e-05
4.28068e-05
-1.41401e-07
1.42807e-07
4.24048e-05
-1.29075e-07
-1.00061e-06
-8.39068e-06
8.27893e-06
-7.58121e-06
6.58061e-06
-8.85863e-07
-8.09888e-06
7.83735e-06
-5.62499e-06
4.73912e-06
-6.86768e-07
-7.49894e-06
7.11962e-06
-3.91762e-06
3.23085e-06
-3.37319e-07
-6.70835e-06
6.30031e-06
-2.73503e-06
2.39771e-06
-1.75106e-07
-5.93237e-06
5.58739e-06
-2.16457e-06
1.98946e-06
-1.16471e-07
-5.265e-06
4.96048e-06
-1.85137e-06
1.7349e-06
-9.07466e-08
-4.67867e-06
4.41781e-06
-1.63351e-06
1.54276e-06
-7.60328e-08
-4.18075e-06
3.96356e-06
-1.46075e-06
1.38472e-06
-6.41188e-08
-3.76888e-06
3.59391e-06
-1.31535e-06
1.25124e-06
-5.19707e-08
-3.44152e-06
3.30666e-06
-1.19401e-06
1.14204e-06
-3.97296e-08
-3.19292e-06
3.09791e-06
-1.09579e-06
1.05606e-06
-2.79523e-08
-3.02117e-06
2.95573e-06
-1.02381e-06
9.95857e-07
-1.85965e-08
-2.90379e-06
2.85902e-06
-9.74243e-07
9.55646e-07
-1.11966e-08
-2.82546e-06
2.79636e-06
-9.42585e-07
9.31389e-07
-6.45795e-09
-2.7758e-06
2.7566e-06
-9.2432e-07
9.17862e-07
-3.23845e-09
-2.7443e-06
2.73206e-06
-9.14401e-07
9.11162e-07
-2.18689e-09
-2.72398e-06
2.7148e-06
-9.09674e-07
9.07487e-07
-8.53516e-10
-2.70927e-06
2.70267e-06
-9.06773e-07
9.05919e-07
-1.03529e-09
-2.69982e-06
2.6936e-06
-9.06605e-07
9.0557e-07
-7.35573e-07
-9.55617e-07
-8.21508e-07
-4.9582e-07
-2.33141e-07
-1.38094e-07
-1.01392e-07
-8.20115e-08
-6.93612e-08
-5.72274e-08
-4.62444e-08
-3.22535e-08
-2.16145e-08
-1.30609e-08
-7.06872e-09
-3.461e-09
-1.48896e-09
-7.14029e-10
6.86404e-10
9.84128e-11
-1.00057e-06
-8.39001e-06
8.27834e-06
-7.58054e-06
6.57996e-06
-8.86479e-07
-8.09801e-06
7.83527e-06
-5.62345e-06
4.73697e-06
-6.86715e-07
-7.49566e-06
7.11615e-06
-3.91405e-06
3.22733e-06
-3.35337e-07
-6.70329e-06
6.29697e-06
-2.73116e-06
2.39582e-06
-1.7408e-07
-5.92884e-06
5.58527e-06
-2.16314e-06
1.98906e-06
-1.17033e-07
-5.26156e-06
4.95714e-06
-1.85015e-06
1.73312e-06
-9.20728e-08
-4.67353e-06
4.41119e-06
-1.63055e-06
1.53848e-06
-7.62856e-08
-4.1711e-06
3.95299e-06
-1.455e-06
1.37871e-06
-6.35727e-08
-3.75723e-06
3.58266e-06
-1.30919e-06
1.24561e-06
-5.17517e-08
-3.42919e-06
3.2954e-06
-1.18827e-06
1.13652e-06
-3.96753e-08
-3.18183e-06
3.08738e-06
-1.09065e-06
1.05098e-06
-2.80554e-08
-3.00974e-06
2.94403e-06
-1.01803e-06
9.8997e-07
-1.87105e-08
-2.89033e-06
2.84545e-06
-9.67122e-07
9.48412e-07
-1.15736e-08
-2.8097e-06
2.77988e-06
-9.33985e-07
9.22412e-07
-7.02867e-09
-2.75651e-06
2.7365e-06
-9.13883e-07
9.06854e-07
-4.2765e-09
-2.72081e-06
2.70695e-06
-9.01753e-07
8.97476e-07
-2.6055e-09
-2.69604e-06
2.68604e-06
-8.94457e-07
8.91851e-07
-1.91604e-09
-2.67792e-06
2.66978e-06
-8.90025e-07
8.88109e-07
-1.76292e-09
-2.66314e-06
2.65575e-06
-8.86849e-07
8.85086e-07
-7.36251e-07
-9.56514e-07
-8.22919e-07
-4.96177e-07
-2.32682e-07
-1.38905e-07
-1.02571e-07
-8.34802e-08
-6.95253e-08
-5.73451e-08
-4.58659e-08
-3.29504e-08
-2.28475e-08
-1.44264e-08
-8.52881e-09
-5.10166e-09
-3.01934e-09
-1.826e-09
-1.26027e-09
-9.81294e-10
2.6499e-06
8.84105e-07
-1.99292e-09
2.64254e-06
8.82112e-07
-2.00093e-09
-2.63684e-06
2.62948e-06
-8.81043e-07
8.79042e-07
-1.06852e-09
-1.20903e-09
-1.02943e-05
3.96114e-05
4.07616e-05
-6.3438e-06
3.56867e-05
3.61286e-05
2.69983e-06
3.23609e-05
3.22037e-05
5.38739e-06
3.69578e-05
3.55733e-05
3.76309e-05
3.73809e-05
-7.26833e-06
8.8344e-05
-9.00555e-06
8.59906e-05
-6.31458e-06
8.64353e-05
-6.18035e-06
-7.3615e-06
4.06583e-05
7.4196e-06
-7.4817e-06
3.57488e-05
4.04403e-06
-1.12521e-06
2.9442e-05
-1.91593e-06
7.30516e-06
3.15685e-05
-8.7269e-06
8.41706e-06
3.79407e-05
1.19796e-05
4.30552e-05
-6.77376e-06
-8.39563e-06
4.23543e-05
8.64949e-05
4.22654e-07
-7.04838e-07
4.43827e-05
9.6477e-07
-1.12528e-06
4.49835e-05
-5.17542e-06
8.90101e-05
1.58144e-06
1.71907e-06
-6.73025e-06
8.90174e-05
-7.52193e-06
8.91357e-05
-1.17979e-05
9.02666e-05
-7.88481e-06
9.12242e-05
-8.70194e-06
-4.27971e-05
-1.00393e-05
4.49516e-05
-3.95767e-05
6.39497e-05
-3.84447e-05
1.40717e-05
1.71962e-05
-3.45061e-06
-2.26241e-05
8.87851e-06
-8.11091e-06
2.98344e-05
-2.84916e-05
6.76812e-06
-1.85135e-05
-3.68214e-05
1.33745e-05
4.19604e-05
-9.87536e-06
9.10773e-06
4.38229e-05
9.07113e-05
-8.04282e-06
-8.93687e-06
3.91084e-07
-4.46791e-05
-7.40246e-07
4.50283e-05
-4.54088e-05
1.07336e-06
-1.35069e-06
4.56861e-05
-4.76682e-06
9.03737e-05
1.88966e-06
1.51354e-06
-7.32042e-06
9.1571e-05
-1.0573e-05
9.23883e-05
-1.30425e-05
9.2736e-05
-7.60099e-06
9.49451e-05
-9.16244e-06
-4.66038e-05
-9.40941e-06
4.84122e-05
-5.09572e-05
4.38555e-05
8.847e-06
-1.74529e-06
1.67253e-05
5.14211e-05
-6.45026e-05
-3.64382e-06
-1.42405e-05
-4.60097e-05
1.12461e-05
4.90041e-05
9.59072e-05
-8.90235e-06
-9.62599e-06
2.65001e-07
-4.53093e-05
-5.78948e-07
4.56233e-05
-4.60342e-05
9.17257e-07
-1.23291e-06
4.63499e-05
-4.30818e-06
1.68101e-06
1.19928e-06
-5.3434e-06
-8.49938e-06
-1.15857e-05
-6.96589e-06
-7.7763e-06
-4.85509e-05
-9.38435e-06
5.09694e-05
-4.5894e-05
4.53572e-05
1.04101e-05
-9.87325e-06
-4.90537e-05
1.04206e-05
4.82351e-05
-9.60202e-06
-5.00816e-05
-1.03345e-05
8.71535e-06
5.17008e-05
-7.81874e-06
-7.35853e-06
1.48453e-07
-4.58956e-05
-3.88549e-07
-4.6624e-05
6.67894e-07
-9.85241e-07
3.42573e-05
1.00436e-07
3.46247e-05
-4.80073e-07
1.12628e-07
-2.90984e-05
6.71799e-06
1.25482e-05
4.44298e-07
-2.23307e-05
1.07692e-05
4.5168e-05
-3.38471e-05
3.93858e-05
5.78221e-06
3.4957e-05
5.87819e-08
3.52806e-05
-3.46801e-07
2.32576e-08
1.06575e-05
-1.2696e-05
4.9888e-05
-4.74031e-05
-1.36597e-05
1.20454e-05
5.15023e-05
-1.12924e-05
3.55547e-05
-9.13792e-09
3.57695e-05
-1.7111e-07
-4.37322e-08
-1.25279e-06
1.99891e-06
7.77201e-06
-2.36653e-06
8.99266e-07
-4.47361e-08
4.08197e-05
8.31913e-06
-9.60902e-06
4.21096e-05
3.26909e-05
1.23049e-05
-8.71244e-06
2.91625e-05
1.89454e-06
4.93723e-06
3.41515e-05
-8.01415e-06
8.31858e-06
3.90242e-05
-9.43788e-06
4.00664e-05
4.5157e-05
7.76561e-07
-1.07601e-06
4.54565e-05
4.49076e-05
1.50128e-06
4.51254e-05
4.6142e-05
1.03541e-05
4.8336e-05
4.35656e-05
-1.68436e-05
1.30061e-05
4.34192e-05
-1.08192e-05
4.53016e-05
4.57896e-05
6.27818e-07
-8.99205e-07
4.6061e-05
4.56643e-05
1.24732e-06
4.59306e-05
4.77736e-05
9.30112e-06
4.913e-05
4.76453e-05
-1.09679e-05
4.89873e-05
4.63993e-05
4.43413e-07
-7.05999e-07
4.66619e-05
4.63786e-05
9.80106e-07
4.65978e-05
5.01557e-05
8.18584e-06
5.15884e-05
-7.94449e-06
8.59407e-06
4.98839e-05
-7.73205e-06
-2.38784e-06
-9.99949e-06
1.0642e-05
-8.99083e-06
6.60299e-06
-3.75113e-06
-4.56201e-06
-1.56012e-06
1.29881e-08
-3.76412e-06
4.60419e-06
5.77265e-06
-1.49833e-06
6.05539e-06
-1.4512e-06
1.5934e-06
1.63605e-06
-1.76266e-07
1.68928e-06
-9.58738e-08
3.14507e-06
-3.75056e-06
7.37361e-06
-4.06913e-06
7.2142e-06
7.17148e-07
-1.08795e-06
1.67488e-06
-8.76896e-07
1.59404e-06
-3.45506e-06
-1.06637e-05
1.04749e-05
-9.70633e-06
6.25127e-06
-3.55859e-06
-5.18906e-06
-8.54363e-07
-2.44763e-07
-3.31383e-06
-5.17537e-08
-9.50344e-06
-9.04259e-06
2.9872e-06
-6.61598e-06
5.52033e-06
2.5672e-08
4.11448e-06
1.7333e-06
2.0488e-08
-4.18823e-06
4.22653e-06
-1.77217e-06
1.79266e-06
-9.34103e-09
-4.24752e-06
4.24773e-06
-1.79492e-06
1.78558e-06
-2.64701e-08
-4.2311e-06
-1.75848e-06
3.88737e-08
2.26226e-09
-2.71049e-08
2.07484e-06
9.7277e-07
2.49213e-06
-6.00651e-06
1.71979e-06
)
;

boundaryField
{
    inlet
    {
        type            calculated;
        value           nonuniform List<scalar> 
52
(
-3.53695e-05
-4.15086e-05
-3.86167e-05
-4.14397e-05
-4.16231e-05
-4.13191e-05
-4.13532e-05
-4.13045e-05
-4.13079e-05
-4.13023e-05
-4.13031e-05
-4.13015e-05
-4.13018e-05
-4.13014e-05
-4.13014e-05
-4.13014e-05
-4.13014e-05
-4.13014e-05
-4.13014e-05
-4.13014e-05
-4.13014e-05
-4.13014e-05
-4.13014e-05
-4.13014e-05
-4.13014e-05
-4.13014e-05
-4.13014e-05
-4.13014e-05
-4.13014e-05
-4.13014e-05
-4.13014e-05
-4.13014e-05
-4.13014e-05
-4.13014e-05
-4.13014e-05
-4.13018e-05
-4.13015e-05
-4.13031e-05
-4.13023e-05
-4.13079e-05
-4.13045e-05
-4.13532e-05
-4.13191e-05
-4.16231e-05
-4.14397e-05
-3.86167e-05
-4.15086e-05
-3.53695e-05
-8.31679e-06
-8.31679e-06
-8.31679e-06
-8.31679e-06
)
;
    }
    outlet
    {
        type            calculated;
        value           nonuniform List<scalar> 0();
    }
    wall
    {
        type            calculated;
        value           uniform 0;
    }
    empty_zmin
    {
        type            empty;
    }
    empty_zmax
    {
        type            empty;
    }
    procBoundary0to1
    {
        type            processor;
        value           nonuniform List<scalar> 
39
(
9.68586e-05
9.4647e-05
9.35851e-05
9.31474e-05
9.19281e-05
9.19518e-05
9.18759e-05
9.21415e-05
4.62609e-05
3.41595e-05
4.53956e-05
3.44225e-06
1.33431e-06
9.18016e-05
9.26062e-05
9.55442e-05
9.58224e-05
9.81016e-05
9.85945e-05
4.61357e-05
4.69413e-05
-1.34504e-06
5.13789e-05
3.63324e-05
-3.05318e-06
-1.30408e-06
3.79241e-05
5.02574e-05
5.25628e-05
-7.46118e-07
1.46726e-06
3.59627e-05
-2.23698e-06
4.97419e-05
5.09388e-05
4.69412e-05
4.69576e-05
4.21283e-06
1.73201e-06
)
;
    }
}


// ************************************************************************* //
