/*--------------------------------*- C++ -*----------------------------------*\
| =========                 |                                                 |
| \\      /  F ield         | OpenFOAM: The Open Source CFD Toolbox           |
|  \\    /   O peration     | Version:  2406                                  |
|   \\  /    A nd           | Website:  www.openfoam.com                      |
|    \\/     M anipulation  |                                                 |
\*---------------------------------------------------------------------------*/
FoamFile
{
    version     2.0;
    format      ascii;
    arch        "LSB;label=32;scalar=64";
    class       volScalarField;
    location    "2.53";
    object      p;
}
// * * * * * * * * * * * * * * * * * * * * * * * * * * * * * * * * * * * * * //

dimensions      [0 2 -2 0 0 0 0];

internalField   nonuniform List<scalar> 
2367
(
1.21828
0.910062
0.708416
0.613423
0.565869
0.526644
0.573309
0.587628
0.411716
0.573758
0.407307
0.394664
0.587502
0.588224
0.411458
0.412143
4.06355
3.90156
3.50483
3.01023
2.43306
2.60542
2.9596
3.37855
3.84595
4.02278
1.99125
2.02048
2.0831
1.73343
1.77394
1.86281
2.00974
2.22492
1.42019
1.44042
1.42045
1.59238
1.85617
2.17851
2.694
3.25917
3.79224
4.11396
4.29354
4.23152
3.68681
3.03198
2.32667
1.56509
0.997741
1.00649
0.933696
1.04914
1.21208
1.57388
2.04056
2.84009
3.6399
4.37883
4.59985
4.32816
3.57646
2.67569
1.79885
0.834861
0.486145
0.311415
0.200463
0.132673
0.115019
0.122148
0.205441
0.227473
0.493131
0.45538
0.286903
0.21706
0.259072
0.552512
1.28049
1.79189
0.744218
0.106317
-0.483532
-0.545217
-0.500246
-0.423016
-0.336375
-0.299173
-0.185042
-0.165714
-0.0786484
-0.176046
-0.516813
-0.823262
-0.757832
-0.881929
-0.795011
-1.82267
-1.63452
-1.55711
-1.24013
-1.01389
-0.858065
-0.767033
-0.613385
-0.579829
-0.691477
-0.842975
-1.3629
-1.64476
-2.16762
-3.44583
-3.47895
-2.60082
-2.04103
-1.62759
-1.37901
-1.23008
-1.05688
-0.997261
-1.27693
-1.51123
-2.16159
-2.63795
-3.67047
-5.36261
-3.68506
-2.72216
-2.23975
-1.91329
-1.67078
-1.46289
-1.38981
-1.78584
-2.0769
-2.74716
-3.36324
-4.60518
-6.29376
-4.41063
-3.29093
-2.74314
-2.32948
-2.0509
-1.86014
-1.74115
-2.15592
-2.468
-3.11297
-3.66324
-4.59409
-6.02185
-4.69119
-3.5944
-3.07644
-2.65532
-2.36668
-2.14439
-2.02355
-2.34934
-2.63346
-3.08203
-3.50389
-4.36177
-5.93598
-4.83853
-3.65287
-3.18915
-2.74099
-2.48855
-2.32296
-2.20335
-2.37507
-2.53615
-2.91821
-3.38321
-3.79012
-7.03832
-4.6678
-3.6213
-3.13965
-2.72483
-2.49209
-2.38767
-2.28051
-2.261
-2.45174
-2.62008
-2.92339
-2.99821
-3.12899
-5.10943
-4.25568
-3.34169
-2.93964
-2.62791
-2.43689
-2.34308
-2.26234
-2.12133
-2.23446
-2.32644
-2.36971
-2.19109
-2.00061
-1.77077
-3.01967
-3.33295
-3.19484
-2.95666
-2.68623
-2.45635
-2.29494
-2.24055
-2.17481
-1.95997
-2.07822
-2.06032
-2.00651
-1.86978
-1.87252
-1.75356
-1.7483
-2.68216
-2.76589
-2.81057
-2.84147
-2.68787
-2.55127
-2.38577
-2.21786
-2.10125
-2.08665
-2.02978
-1.86555
-1.92817
-1.89854
-1.83593
-1.75923
-1.75411
-1.66822
-1.75058
-2.00611
-2.2875
-2.44732
-2.51958
-2.54495
-2.67386
-2.88051
-3.21297
-2.61414
-2.36249
-2.19071
-2.06015
-1.94728
-1.87261
-1.88397
-1.85152
-1.83323
-1.8338
-1.82544
-1.85237
-1.7432
-1.65047
-1.71343
-1.92686
-2.08089
-2.33228
-2.46049
-2.49214
-2.56917
-2.73858
-2.8389
-2.79126
-2.315
-2.06516
-1.87599
-1.74604
-1.66325
-1.61662
-1.65735
-1.64615
-1.9134
-2.0048
-2.16199
-2.41287
-2.54284
-2.58408
-2.54512
-2.43324
-2.48326
-2.44412
-2.2727
-1.85709
-1.6775
-1.52735
-1.42501
-1.36897
-1.34351
-1.40081
-1.40868
-2.39985
-2.39724
-2.61521
-2.85067
-3.02119
-2.92839
-2.63703
-2.46314
-2.2181
-2.01808
-1.72121
-1.31342
-1.23003
-1.14587
-1.08505
-1.06082
-1.06017
-1.13003
-1.1482
1.98535
1.86904
1.72548
1.58881
1.41568
1.21345
0.997847
0.766915
3.20704
2.94244
2.43384
3.99567
3.41497
4.54343
4.53355
4.01016
3.15531
2.86961
2.22973
1.76445
2.36833
0.0361797
0.50541
0.229475
1.51135
0.863363
0.277017
1.09996
0.521172
-0.508661
-0.02134
-0.368138
-0.0554461
-0.350596
-1.02377
-2.03687
-2.28827
-1.59223
-1.75726
-3.06418
-2.83858
-0.788802
-0.647935
-0.943738
-4.29157
-4.18226
-4.97351
-1.19776
-1.22192
-1.48959
-4.84636
-5.48633
-4.21122
-4.27304
-4.82939
-5.93865
-1.57311
-1.72255
-1.92613
-5.63561
-5.69726
-4.67523
-5.09529
-5.22901
-6.11207
-1.89495
-2.08201
-2.19805
-5.44797
-5.01397
-4.47802
-5.36637
-5.32489
-5.98907
-2.12487
-2.27344
-2.29803
-4.70758
-4.79799
-4.09349
-5.33776
-5.28037
-6.43729
-2.26174
-2.30636
-2.26737
-4.87655
-6.82126
-2.27893
-2.20294
-2.13257
-1.83937
-2.05545
-5.18863
-3.77821
-3.50216
-2.22506
-2.05756
-1.97515
-1.71416
-1.73349
-2.91234
-2.85703
-2.81746
-2.10933
-1.89948
-1.84165
-1.81943
-1.83937
-1.748
-2.15667
-2.00456
-2.2806
-2.52204
-2.63266
-2.55563
-2.73618
-2.74954
-2.64733
-1.94232
-1.80722
-1.7965
-1.75322
-1.82756
-1.88984
-1.53103
-1.27988
-1.01765
1.99632
1.8878
1.87656
2.07482
1.94913
1.90672
1.75408
1.62317
1.59726
1.82747
1.66475
1.64216
1.42473
1.22968
1.21816
1.48533
1.25431
1.24911
3.49975
3.40209
3.0984
3.97409
4.01325
3.77492
4.36289
4.48073
4.29204
4.28359
4.45572
4.44136
3.90777
4.0093
4.32825
3.42957
3.35951
3.66844
2.79208
2.54283
2.9069
1.85616
1.74119
2.20822
1.00473
0.761376
0.761767
1.00908
0.739135
0.750239
2.3721
2.04329
1.6496
1.45448
1.02105
1.40013
0.2139
0.0321559
0.0167032
0.474695
0.192323
0.209944
0.464236
0.137936
0.16154
0.89238
0.157296
-0.0786591
-0.193162
-0.897475
-0.660948
-0.175784
-0.375688
-0.393744
-0.114381
-0.443318
-0.389078
-0.23311
-0.57856
-0.505529
-0.788109
-1.83796
-1.48133
-1.49442
-2.2077
-2.58399
-0.593467
-0.805713
-0.836175
-0.762435
-1.06555
-0.990928
-0.941434
-1.30021
-1.16903
-1.86146
-2.48745
-2.16128
-2.74543
-3.90597
-2.94347
-2.90201
-3.63352
-4.48611
-2.36326
-2.84187
-3.18213
-1.02203
-1.22335
-1.26427
-1.37688
-1.64691
-1.54337
-1.66695
-2.00075
-1.8021
-3.03996
-3.49905
-3.05092
-3.24377
-3.60723
-4.09553
-1.42309
-1.61075
-1.66781
-1.90242
-2.11282
-1.99524
-2.29127
-2.51017
-2.28913
-3.90545
-4.04373
-3.5473
-3.92542
-4.18142
-4.71678
-1.78562
-1.93932
-2.02015
-2.28178
-2.39777
-2.27745
-2.70608
-2.83343
-2.58454
-4.02552
-4.01814
-3.64475
-4.18456
-4.24778
-4.69213
-2.0621
-2.1676
-2.23755
-2.46282
-2.47674
-2.37127
-2.8427
-2.79569
-2.61013
-3.86639
-3.69087
-3.46823
-4.32178
-4.256
-4.73981
-2.24635
-2.30442
-2.37354
-2.44231
-2.42076
-2.3325
-2.71993
-2.62293
-2.50218
-3.61128
-3.43103
-3.23423
-5.34375
-4.73139
-3.45951
-5.14423
-4.91094
-6.55327
-4.22891
-4.12338
-4.58967
-2.32373
-2.32212
-2.37863
-2.34992
-2.25719
-2.18931
-2.55081
-2.443
-2.3463
-3.56438
-2.37271
-2.51469
-4.43287
-3.78729
-3.90004
-3.86969
-3.58108
-3.80764
-2.28614
-2.25083
-2.29939
-2.18177
-2.11138
-2.04025
-2.31177
-2.20011
-2.15894
-2.00136
-1.96659
-2.01859
-1.70203
-1.77651
-1.941
-3.32793
-3.09184
-2.89005
-3.27868
-3.03528
-3.0942
-2.19901
-2.13597
-2.17292
-2.02384
-1.95357
-1.90556
-2.10433
-2.01355
-1.99223
-1.6668
-1.78882
-1.72064
-1.70357
-1.70925
-1.7167
-2.85875
-2.96532
-2.83134
-3.00968
-2.966
-3.05329
-2.05112
-1.9619
-1.9893
-1.906
-1.86623
-1.83882
-1.93962
-1.88116
-1.87434
-1.68238
-1.6998
-1.65924
-1.85205
-1.91065
-1.79206
-2.14497
-2.16542
-2.03607
-2.38468
-2.35777
-2.27558
-2.49399
-2.4622
-2.42064
-2.51908
-2.50433
-2.48169
-2.6247
-2.61096
-2.54834
-2.76696
-2.78655
-2.72536
-2.99241
-2.9424
-2.98089
-1.86212
-1.76002
-1.77636
-1.83722
-1.82019
-1.84337
-1.83669
-1.80987
-1.80872
-2.21166
-2.30283
-2.15742
-2.41291
-2.51112
-2.42829
-2.52051
-2.55452
-2.51941
-2.63226
-2.57253
-2.53897
-1.64433
-1.52611
-1.53239
-1.39774
-1.27047
-1.2669
-1.13713
-1.00756
-0.998779
-3.62344
-3.96616
-3.17178
-3.19716
-1.11068
-1.32849
-1.76414
-1.76384
1.66282
1.56999
-1.75421
-1.75458
4.36241
4.36433
4.65546
4.66662
-2.48805
-2.49936
4.31519
4.31721
-2.5446
-2.5577
3.4638
3.45402
-2.69343
-2.69066
-6.16877
-6.68381
-6.88379
-7.11211
-6.5285
-6.64061
-5.66778
-5.70678
-7.08036
-7.06234
0.228679
0.229501
-0.162459
-0.161427
-0.574958
-0.573903
-0.990241
-0.98907
-1.38048
-1.37979
-1.73227
-1.73165
-2.01236
-2.01089
-2.19307
-2.19177
-2.26845
-2.26886
-2.25332
-2.25414
-2.16437
-2.16545
-2.01992
-2.02122
-1.84429
-1.84541
-1.64385
-1.64442
-1.40902
-1.4093
-1.14982
-1.15016
-6.23077
-6.73122
-6.40572
-6.66239
-5.27282
-5.3507
-4.3921
-4.40915
-2.46515
-2.70464
0.747117
0.610687
-1.71798
-1.71544
2.69284
2.65865
3.33002
3.28332
3.90889
3.90405
4.54038
4.53885
-2.2968
-2.30169
4.5878
4.61104
4.01213
4.01826
2.76619
2.71207
-6.77637
-6.96934
-6.18073
-6.24771
0.0383396
0.0393429
-0.364058
-0.363181
-0.782198
-0.781023
-1.19117
-1.19016
-1.56344
-1.56261
-1.88468
-1.88301
-2.11438
-2.11335
-2.24733
-2.24649
-2.26922
-2.26981
-2.21649
-2.21749
-2.09908
-2.10007
-1.93369
-1.93502
-1.74905
-1.74974
-1.53048
-1.53088
-1.28117
-1.28142
-1.01962
-1.01984
1.98596
1.98646
1.72394
1.72468
1.41892
1.42004
1.00159
1.00291
0.513951
0.516418
-0.0454365
-0.0433029
-0.635671
-0.633066
-1.20525
-1.20212
-1.70363
-1.70124
-2.06117
-2.05748
-2.24688
-2.24232
-2.28271
-2.28329
-2.18264
-2.18466
-2.02613
-2.02913
-1.86086
-1.86633
-1.78299
-1.78782
-1.80561
-1.81065
-5.52575
-5.95022
-4.66614
-5.00429
-6.50602
-6.87315
-5.85184
-5.99383
-4.5719
-4.61181
-5.09307
-5.05573
-4.99712
-5.05547
-2.02134
-2.02421
-2.56924
-2.57068
2.09721
2.0523
0.990079
0.886571
-0.188031
-0.340382
-1.90282
-2.1209
-2.93915
-2.9315
-3.23543
-3.4835
-4.35202
-4.67175
-5.23941
-5.24877
1.87031
1.87065
1.58963
1.5909
1.21608
1.21744
0.772593
0.774189
0.240233
0.242374
-0.336158
-0.333653
-0.928681
-0.925829
-1.46822
-1.46788
-1.90466
-1.90243
-2.17212
-2.16826
-2.27462
-2.2729
-2.24972
-2.25099
-2.10685
-2.10914
-1.9398
-1.94354
-1.81372
-1.81849
-1.75809
-1.76723
-1.88469
-1.88338
-1.92766
-1.92269
-1.83986
-1.8368
-2.1451
-2.14896
-2.42306
-2.43178
-2.53477
-2.55197
-2.53137
-2.53419
-2.63089
-2.63067
-2.7669
-2.76198
-2.83076
-2.82765
-3.61475
-3.58806
-5.34219
-5.62561
-6.82527
-7.20902
-6.09163
-6.09312
-6.93583
-6.9259
-1.84178
-1.79244
-1.81195
-1.89631
-1.88933
-1.73444
-1.73858
-1.81259
-1.96357
-2.16239
-1.92779
-1.91208
-1.81804
-1.66046
-1.80042
-1.77161
-1.80773
-1.79981
-1.78825
-1.76895
-1.72245
-1.63808
-1.61955
-1.76213
-1.72553
-1.67818
-1.92578
-1.92152
-1.83788
-1.83083
-1.91577
-1.91016
-1.68711
-1.67856
3.52623
3.54338
3.43902
3.23746
2.96425
2.66609
3.78241
3.65397
3.37695
3.0017
2.55737
2.59743
2.80411
3.02147
3.26632
3.44613
2.71042
3.05884
3.37116
3.62086
3.77047
2.41838
2.46714
2.54383
2.334
2.35786
2.41094
2.17746
2.22424
2.30565
2.43692
2.25723
2.48106
2.41943
2.38261
2.32259
2.2528
2.17361
2.09138
2.43708
2.40745
2.39234
2.46594
2.437
2.4257
2.33983
2.26733
2.25734
2.39957
2.33038
2.28396
2.19848
2.11772
2.10193
2.25363
2.15648
2.14203
2.41712
2.41787
2.32079
2.32114
2.17154
2.1722
2.38153
2.38196
2.25268
2.25319
2.09126
2.092
2.78345
2.74059
2.71632
2.69665
2.68302
2.67191
2.66249
2.65405
2.64578
2.63798
2.63028
2.62252
2.61515
2.6078
2.60087
2.59482
2.58997
2.58728
2.58651
2.58942
2.59772
2.61571
2.64564
2.69056
2.7347
2.72127
2.70466
2.69131
2.6801
2.67022
2.6618
2.65353
2.64574
2.63768
2.6301
2.62238
2.61453
2.60717
2.59994
2.59347
2.58832
2.58405
2.5825
2.58262
2.58729
2.59843
2.60977
2.61612
2.69543
2.69734
2.68608
2.67936
2.67269
2.66507
2.65819
2.651
2.64324
2.63537
2.62808
2.61998
2.61152
2.60352
2.59562
2.58839
2.58174
2.57642
2.57345
2.56811
2.56636
2.56925
2.57257
2.5653
2.66911
2.67685
2.6759
2.67362
2.66839
2.6634
2.65735
2.65075
2.64352
2.63568
2.62738
2.61908
2.61066
2.60196
2.59297
2.58396
2.57652
2.57003
2.56297
2.55916
2.55131
2.54045
2.54065
2.52577
2.65544
2.66388
2.66744
2.66757
2.6656
2.66184
2.65677
2.65068
2.64392
2.63645
2.62842
2.61895
2.60935
2.59992
2.59044
2.58085
2.57133
2.56148
2.55139
2.54378
2.53499
2.52224
2.51771
2.5034
2.65162
2.65701
2.66315
2.66397
2.66237
2.66016
2.65617
2.65108
2.64494
2.63748
2.62764
2.61956
2.61152
2.59867
2.58732
2.576
2.56348
2.55195
2.54189
2.53073
2.51658
2.50464
2.50334
2.48972
2.65086
2.65337
2.65745
2.65969
2.66248
2.66112
2.65782
2.65197
2.64781
2.64118
2.6337
2.62169
2.60505
2.59569
2.58323
2.57005
2.55581
2.54183
2.52931
2.51609
2.50325
2.49087
2.4854
2.47625
2.64836
2.65308
2.65675
2.66063
2.66127
2.6613
2.66016
2.65804
2.65265
2.64498
2.63394
2.62459
2.61356
2.5954
2.58097
2.56516
2.54939
2.53387
2.5154
2.50065
2.48645
2.47282
2.46794
2.45773
2.64411
2.65556
2.65611
2.66013
2.66509
2.66542
2.66621
2.66391
2.65786
2.65041
2.64043
2.62856
2.61475
2.59789
2.57978
2.56101
2.541
2.52139
2.50264
2.48387
2.46817
2.45628
2.45043
2.43691
2.63921
2.64979
2.66024
2.66355
2.66527
2.67015
2.67198
2.67268
2.66929
2.66122
2.65117
2.63523
2.61792
2.60018
2.57793
2.55647
2.53403
2.51038
2.48977
2.46803
2.44842
2.43361
2.42556
2.41371
2.64011
2.64976
2.66259
2.66842
2.67244
2.67989
2.68602
2.68503
2.68048
2.67392
2.66111
2.64653
2.62706
2.60437
2.57871
2.54889
2.52434
2.49861
2.47251
2.44953
2.42648
2.40695
2.39858
2.38836
2.63681
2.65089
2.66037
2.67395
2.68687
2.69255
2.69589
2.70151
2.69971
2.68965
2.67951
2.65911
2.63668
2.61188
2.58196
2.54899
2.51553
2.48738
2.45402
2.42379
2.39802
2.37642
2.37038
2.35743
2.6369
2.64456
2.66981
2.6842
2.69438
2.70548
2.71639
2.72322
2.71942
2.71323
2.69874
2.67957
2.6536
2.61901
2.58548
2.54963
2.51066
2.4686
2.42969
2.39538
2.36858
2.35156
2.33851
2.32416
2.62931
2.65463
2.67578
2.68264
2.70058
2.72603
2.7412
2.74634
2.74428
2.74039
2.7291
2.70422
2.67325
2.63751
2.58947
2.53895
2.49409
2.44954
2.4093
2.36544
2.32684
2.30091
2.30132
2.29226
2.62258
2.65039
2.66255
2.68611
2.72143
2.74319
2.76009
2.76913
2.78362
2.78261
2.76142
2.73762
2.70067
2.6542
2.6042
2.54198
2.48019
2.43317
2.37281
2.32804
2.28773
2.24526
2.24679
2.24298
2.61134
2.63041
2.647
2.69285
2.72711
2.75901
2.78083
2.82072
2.83083
2.8225
2.80986
2.77914
2.73538
2.67687
2.61498
2.54869
2.4768
2.40328
2.33526
2.27517
2.22204
2.19018
2.19561
2.18231
2.59131
2.62114
2.64877
2.6937
2.73444
2.77895
2.8315
2.86059
2.87438
2.88056
2.86966
2.83433
2.78049
2.71271
2.62281
2.53701
2.45189
2.36126
2.28282
2.21937
2.16876
2.13476
2.11699
2.1106
2.5471
2.57218
2.63459
2.67819
2.7417
2.80809
2.85978
2.90786
2.94146
2.96122
2.94809
2.90685
2.83642
2.74814
2.65358
2.53569
2.41999
2.32406
2.22898
2.14073
2.07469
2.01529
2.01699
2.01394
2.50491
2.53773
2.56764
2.64329
2.72994
2.81467
2.90736
2.97853
3.03808
3.06103
3.0473
2.99649
2.90792
2.79124
2.66591
2.52878
2.39931
2.25705
2.13879
2.05219
1.97711
1.93532
1.91765
1.89639
3.14419
3.17836
3.17809
3.11045
2.99662
2.83998
2.67767
2.51961
2.31877
2.16732
2.04042
1.92465
1.84465
1.7756
1.7814
1.77427
3.27397
3.34295
3.33509
3.25795
3.10525
2.89342
2.66446
2.45899
2.25623
2.06192
1.89259
1.76527
1.67235
1.58383
1.61128
1.60317
2.36943
2.09273
1.88961
1.72192
1.58358
1.48529
1.4321
1.42202
1.41131
2.20988
1.92521
1.65262
1.44709
1.31678
1.22218
1.13903
1.17452
1.18623
1.96523
1.59849
1.34484
1.1501
1.00009
0.910336
0.87169
0.906836
0.903697
2.8485
2.76729
2.79976
2.72873
2.74513
2.70701
2.71678
2.69019
2.69778
2.67765
2.68361
2.66752
2.67231
2.65807
2.66281
2.6499
2.65383
2.64204
2.64589
2.63412
2.63802
2.62647
2.63031
2.61854
2.62274
2.61157
2.61484
2.60459
2.60808
2.59799
2.60112
2.59294
2.59531
2.58866
2.59048
2.58716
2.58786
2.58899
2.58746
2.59484
2.59112
2.60773
2.60017
2.63228
2.61883
2.68431
2.65321
2.73154
2.80791
2.76955
2.65026
2.73807
2.71376
2.58914
2.69335
2.67476
2.54429
2.65942
2.65166
2.5127
2.64735
2.64565
2.49673
2.64471
2.64419
2.48326
2.64457
2.64315
2.46823
2.64101
2.64118
2.44817
2.63895
2.63666
2.42715
2.63589
2.63361
2.39972
2.63333
2.63168
2.37222
2.63045
2.63003
2.34321
2.63006
2.62924
2.30816
2.62983
2.63037
2.27056
2.62276
2.62421
2.21683
2.61088
2.60217
2.14852
2.58913
2.57402
2.06985
2.54706
2.52986
1.95916
2.50139
2.46225
1.8443
1.70147
1.51115
1.31648
1.04867
0.758936
2.62616
2.71436
2.84679
2.95741
3.06929
2.53479
2.68235
2.83262
2.99987
3.14667
2.75986
2.74586
2.75996
2.7263
2.71968
2.73224
2.70488
2.70136
2.70925
2.68939
2.68747
2.69453
2.67722
2.67631
2.68176
2.667
2.66661
2.67136
2.65834
2.65792
2.66215
2.64955
2.64964
2.65382
2.6421
2.64182
2.64558
2.63401
2.63431
2.63826
2.62652
2.62618
2.63026
2.61881
2.61871
2.62216
2.61144
2.6111
2.61522
2.60419
2.60375
2.60727
2.5978
2.59721
2.60046
2.59208
2.59153
2.59418
2.58845
2.58746
2.58939
2.58663
2.58519
2.58615
2.58746
2.58446
2.58486
2.59227
2.58977
2.58627
2.60527
2.59991
2.59456
2.62993
2.61718
2.60773
2.66722
2.64107
2.62833
2.72904
2.71293
2.71415
2.71251
2.70327
2.70937
2.69697
2.6925
2.69609
2.68508
2.68213
2.68795
2.67488
2.67352
2.67778
2.66588
2.66491
2.66937
2.6575
2.65688
2.66087
2.64969
2.6495
2.65322
2.6415
2.64142
2.64557
2.63405
2.63361
2.63748
2.62602
2.62612
2.62984
2.61857
2.61819
2.62226
2.61064
2.61038
2.61407
2.60342
2.60278
2.60657
2.59651
2.59563
2.59912
2.5906
2.58901
2.5923
2.5858
2.5841
2.58614
2.58293
2.58027
2.58196
2.58231
2.57876
2.57938
2.58453
2.58022
2.57757
2.59215
2.58188
2.58105
2.60437
2.5883
2.58527
2.61398
2.59034
2.59104
2.69747
2.68492
2.68123
2.69529
2.68632
2.68622
2.56904
2.55084
2.55593
2.6743
2.66602
2.66126
2.67754
2.67112
2.66912
2.53529
2.5224
2.52785
2.66025
2.6562
2.65331
2.66658
2.66351
2.6597
2.5122
2.50558
2.51031
2.65442
2.65245
2.65253
2.65959
2.6574
2.65465
2.49872
2.4927
2.49509
2.65116
2.65051
2.65028
2.65624
2.65505
2.65366
2.48353
2.4771
2.47643
2.64886
2.64675
2.64923
2.65205
2.6503
2.64608
2.46441
2.45664
2.45976
2.64688
2.64511
2.64901
2.65717
2.65379
2.64911
2.44493
2.43664
2.43844
2.64312
2.64305
2.6394
2.65112
2.65257
2.64906
2.42022
2.41153
2.41448
2.64153
2.64408
2.63928
2.65557
2.6555
2.64978
2.39408
2.37704
2.38488
2.64337
2.64132
2.63885
2.65523
2.65436
2.65096
2.36216
2.35539
2.35715
2.63677
2.63941
2.63148
2.65433
2.65652
2.65208
2.3253
2.31183
2.31999
2.64303
2.63639
2.63774
2.64925
2.64564
2.63025
2.29214
2.27707
2.27721
2.63348
2.62239
2.62151
2.65761
2.63928
2.62933
2.24273
2.22108
2.22303
2.61527
2.61094
2.60303
2.61816
2.62102
2.61935
2.18055
2.14887
2.15692
2.59988
2.5836
2.58029
2.64535
2.61399
2.59038
2.09814
2.08412
2.07786
2.56013
2.54331
2.53661
2.5925
2.57335
2.55337
2.01339
1.96374
1.97024
2.5157
2.48322
2.46804
2.56054
2.50971
2.49563
1.89064
1.84398
1.85509
1.77208
1.70486
1.69688
1.60384
1.51635
1.51989
1.3918
1.3255
1.31306
1.17824
1.04462
1.04286
0.888295
0.753935
0.745971
2.70003
2.70531
2.61877
2.61987
2.56359
2.56281
2.52216
2.52018
2.5031
2.502
2.49097
2.49008
2.47702
2.4764
2.45815
2.45778
2.43651
2.4363
2.41311
2.41288
2.38635
2.38633
2.35304
2.3536
2.3177
2.31892
2.29068
2.29068
2.24013
2.24086
2.18142
2.18181
2.10713
2.10761
2.01468
2.01494
1.89289
1.89407
1.77228
1.7726
1.6024
1.60334
1.40692
1.40792
1.18527
1.18576
0.902925
0.903623
2.76988
2.79294
2.65054
2.65172
2.59157
2.59211
2.53992
2.53784
2.51047
2.50903
2.49775
2.49671
2.48429
2.48352
2.46901
2.46843
2.44836
2.44792
2.42638
2.42615
2.39865
2.39862
2.37054
2.37067
2.33807
2.33838
2.30523
2.30582
2.2682
2.26848
2.21602
2.21621
2.14631
2.14669
2.06901
2.06932
1.95805
1.9581
1.84236
1.84268
1.69985
1.6999
1.51126
1.51152
1.31411
1.31438
1.04938
1.04991
0.758895
0.759299
2.81777
2.82312
2.74093
2.74208
2.69188
2.69101
2.65599
2.65409
2.6472
2.64608
2.64634
2.64547
2.64601
2.64527
2.64135
2.64105
2.63829
2.63812
2.63576
2.63552
2.63222
2.63211
2.62757
2.628
2.62538
2.6259
2.62515
2.62584
2.62231
2.62275
2.61116
2.61148
2.58763
2.58791
2.54612
2.54687
2.49946
2.4996
2.88701
2.9101
2.77018
2.77142
2.71628
2.71688
2.67071
2.6687
2.64958
2.64812
2.64685
2.64585
2.64559
2.64491
2.64396
2.6434
2.64188
2.64131
2.63678
2.63657
2.63282
2.63275
2.63035
2.6303
2.62625
2.62673
2.6247
2.62528
2.62732
2.62784
2.62064
2.62116
2.60073
2.60112
2.57217
2.57244
2.52918
2.52959
2.46074
2.46114
-2.78877
-2.99584
-3.21901
-3.41294
-3.53667
-3.42657
-2.91301
-2.39252
-1.85559
-1.43253
-0.922568
-0.747713
-0.755539
-0.741055
-0.742741
-0.743182
-0.768151
-0.863122
-0.886287
-3.63573
-3.74718
-3.95956
-3.97441
-3.80027
-3.17977
-2.31659
-1.46198
-0.841012
-0.0325514
-0.210046
-0.271429
-0.30731
-0.377801
-0.425423
-0.492155
-0.590604
-0.625562
0.202193
0.0756367
-0.0285879
-0.132166
-0.208512
-0.305971
-0.374382
-0.754501
-0.498742
-0.871841
-0.739239
-0.727843
-0.604853
-0.476873
-0.445883
-0.347544
-3.65865
-4.00134
-4.23783
-4.33859
-4.01171
-3.31728
-2.23016
-1.08385
-0.266745
0.565583
0.295722
-0.888692
-0.888832
-0.628321
-0.628513
-0.378722
-0.378799
-0.757304
-0.757545
-0.502248
-0.502289
-1.01904
-1.21308
-1.49325
-1.80659
-2.38679
-2.98663
-0.975213
-1.10847
-1.34237
-1.47283
-1.59206
-1.78085
-2.1317
-2.35962
-1.18942
-1.41114
-1.64139
-2.03061
-2.4998
-3.0382
-1.47163
-1.27623
-1.12308
-1.03261
-1.53394
-1.4163
-1.32198
-1.66033
-1.59204
-1.50529
-1.2923
-1.18835
-1.08999
-1.52532
-1.43703
-1.30565
-0.992254
-0.989965
-0.93603
-1.49943
-1.49214
-1.15356
-1.15179
-1.30716
-1.30304
-1.05666
-1.05486
)
;

boundaryField
{
    inlet
    {
        type            zeroGradient;
    }
    outlet
    {
        type            fixedValue;
        value           nonuniform List<scalar> 0();
    }
    wall
    {
        type            zeroGradient;
    }
    empty_zmin
    {
        type            empty;
    }
    empty_zmax
    {
        type            empty;
    }
    procBoundary0to1
    {
        type            processor;
        value           nonuniform List<scalar> 
35
(
0.622014
0.404266
0.265507
0.176969
-0.183713
0.0798775
-0.183713
-0.260088
-0.223957
-3.25681
-3.81218
-4.20387
-4.35294
-4.06794
-3.20568
-2.01025
-0.767853
0.206027
0.896448
0.804016
-0.262995
-0.263203
-0.95783
-1.13639
-1.30317
-1.25379
-1.56328
-2.00493
-2.61178
-0.924705
-1.04403
-1.25379
-0.938052
-0.888463
-0.938052
)
;
    }
}


// ************************************************************************* //
