/*--------------------------------*- C++ -*----------------------------------*\
| =========                 |                                                 |
| \\      /  F ield         | OpenFOAM: The Open Source CFD Toolbox           |
|  \\    /   O peration     | Version:  2406                                  |
|   \\  /    A nd           | Website:  www.openfoam.com                      |
|    \\/     M anipulation  |                                                 |
\*---------------------------------------------------------------------------*/
FoamFile
{
    version     2.0;
    format      ascii;
    arch        "LSB;label=32;scalar=64";
    class       surfaceScalarField;
    location    "4.09";
    object      phi;
}
// * * * * * * * * * * * * * * * * * * * * * * * * * * * * * * * * * * * * * //

dimensions      [0 3 -1 0 0 0 0];

oriented        oriented;

internalField   nonuniform List<scalar> 
4647
(
2.13084e-05
-0.000173222
-2.04916e-05
0.000172406
-1.24667e-05
-0.000141875
6.17689e-06
0.000148165
-1.82375e-05
-0.000161953
0.000167724
-2.07005e-05
-0.000172862
0.000175325
-0.00017734
0.000177948
1.6265e-06
2.56238e-07
2.9976e-05
3.87631e-06
5.59174e-05
6.24365e-05
1.18267e-07
-1.59407e-06
-1.77485e-06
-0.000169403
2.08138e-05
-2.46337e-05
7.27827e-07
-5.98065e-05
-8.39974e-07
5.99187e-05
-6.11079e-05
8.74576e-07
-9.49865e-07
6.11831e-05
-5.93576e-06
0.000120618
1.31147e-06
2.09839e-06
-5.60676e-06
0.000115406
3.88522e-06
8.83298e-05
-5.13164e-07
2.32119e-05
-1.08049e-05
4.13245e-06
-2.12215e-05
-1.955e-05
-3.33133e-05
-1.25653e-05
-4.68046e-05
8.71651e-06
-5.5597e-05
3.08205e-05
-6.47892e-05
6.07897e-05
-6.99878e-05
8.50922e-05
-6.72255e-05
0.000104655
-6.02063e-05
0.000115548
-5.23736e-05
0.000121642
-4.27256e-05
0.000122322
-3.3758e-05
0.000120396
-2.73244e-05
0.00012186
-2.08827e-05
0.000122598
-1.52818e-05
0.000122821
-4.13536e-06
0.000121966
-5.34884e-06
-2.95238e-06
6.12536e-05
2.80566e-05
1.65891e-06
2.60453e-07
8.8875e-07
-6.00979e-05
-1.07555e-06
6.02847e-05
-6.16608e-05
1.4239e-06
-1.77273e-06
6.20096e-05
-8.40882e-06
0.000123829
2.27253e-06
2.926e-06
-1.07788e-05
0.000117776
-4.57639e-06
8.21274e-05
-1.3351e-05
3.19865e-05
-2.6626e-05
1.74075e-05
-4.14038e-05
-4.77214e-06
-5.65273e-05
2.55815e-06
-7.03579e-05
2.25471e-05
-8.03411e-05
4.08037e-05
-8.30394e-05
6.3488e-05
-8.02562e-05
8.2309e-05
-7.31822e-05
9.75806e-05
-6.3955e-05
0.000106321
-5.33409e-05
0.000111028
-4.27637e-05
0.000111745
-3.48158e-05
0.000112448
-2.69632e-05
0.000114008
-2.0529e-05
0.000116164
-1.44333e-05
0.000116725
-3.88683e-06
0.000116259
-4.83914e-06
-5.95075e-05
-2.60501e-06
5.82256e-05
-2.63738e-05
2.48009e-05
1.33472e-06
2.38246e-07
7.57966e-07
-6.06421e-05
-1.05831e-06
6.09424e-05
-6.26939e-05
1.51434e-06
-2.03787e-06
6.32174e-05
-1.13735e-05
0.000128765
2.94038e-06
3.49667e-06
-1.54358e-05
0.000121839
-1.49854e-05
8.1677e-05
-2.75257e-05
4.45268e-05
-4.19055e-05
3.17874e-05
-5.69069e-05
1.02293e-05
-6.98634e-05
1.55146e-05
-8.12334e-05
3.39171e-05
-8.76371e-05
4.72075e-05
-8.72013e-05
6.30521e-05
-8.2852e-05
7.79597e-05
-7.25959e-05
8.73245e-05
-6.16994e-05
9.54248e-05
-5.21863e-05
0.000101515
-4.14995e-05
0.000101058
-3.37044e-05
0.000104653
-2.62189e-05
0.000106522
-1.95357e-05
0.00010948
-1.33392e-05
0.000110529
-3.51582e-06
0.000110617
-4.18141e-06
-5.64909e-05
-2.17762e-06
5.51527e-05
-2.34769e-05
2.23392e-05
9.07575e-07
2.30161e-07
4.1118e-05
-5.03831e-07
4.28102e-07
4.12956e-05
5.5028e-07
4.14781e-05
-7.88996e-07
6.0649e-07
1.44026e-06
2.42544e-07
4.17112e-05
6.55702e-07
4.19857e-05
-9.2192e-07
6.47354e-07
1.10332e-06
2.20597e-07
4.21232e-05
6.20477e-07
4.19732e-05
-5.01174e-07
6.51226e-07
2.14682e-05
6.36413e-07
2.34632e-07
2.93162e-07
-6.10048e-05
-3.39028e-07
6.10506e-05
-6.44575e-05
1.14226e-06
-1.84499e-06
6.51602e-05
-1.49918e-05
0.000136792
3.13895e-06
3.82579e-06
-2.08615e-05
0.000127708
-2.57384e-05
8.6554e-05
-3.89174e-05
5.77057e-05
-5.2608e-05
4.5478e-05
-6.78024e-05
2.54236e-05
-7.70845e-05
2.47967e-05
-8.37514e-05
4.0584e-05
-8.67923e-05
5.02484e-05
-8.47202e-05
6.098e-05
-7.76336e-05
7.08732e-05
-6.79899e-05
7.76808e-05
-5.72696e-05
8.47045e-05
-4.78772e-05
9.21224e-05
-4.04211e-05
9.3602e-05
-3.33928e-05
9.76247e-05
-2.70465e-05
0.000100176
-1.96464e-05
0.00010208
-1.27059e-05
0.000103588
-2.91798e-06
0.000104169
-3.33967e-06
-5.35134e-05
-1.53921e-06
5.21346e-05
2.07893e-05
4.46879e-07
2.31967e-07
-1.68859e-06
-6.1016e-05
2.01945e-06
6.06852e-05
-6.64833e-05
-1.35305e-06
-1.2626e-07
6.79626e-05
-1.14665e-05
0.000146096
1.5866e-06
5.76022e-07
-2.15243e-05
0.000137766
-3.1944e-05
9.69737e-05
-4.5604e-05
7.13657e-05
-5.7956e-05
5.783e-05
-7.41749e-05
4.16425e-05
-8.15863e-05
3.22081e-05
-8.25059e-05
4.15035e-05
-8.0414e-05
4.81565e-05
-7.84157e-05
5.89816e-05
-7.1251e-05
6.37086e-05
-6.26475e-05
6.90773e-05
-5.43707e-05
7.64276e-05
-4.58885e-05
8.36403e-05
-3.80061e-05
8.57195e-05
-3.07378e-05
9.03564e-05
-2.36748e-05
9.31131e-05
-1.71395e-05
9.5545e-05
-1.06407e-05
9.70893e-05
-1.98146e-06
9.77992e-05
-2.28968e-06
-5.04724e-05
-6.28804e-07
4.91197e-05
-2.04772e-05
2.04639e-05
-2.81891e-07
2.95205e-07
-5.16659e-06
-6.04079e-05
6.14856e-06
5.94259e-05
-6.95484e-05
-5.09284e-06
4.13595e-06
7.05052e-05
-1.35496e-06
0.000154036
-2.87199e-06
-3.71292e-06
-1.34891e-05
0.0001499
-2.95207e-05
0.000113005
-4.65963e-05
8.84413e-05
-5.99676e-05
7.12012e-05
-7.50312e-05
5.67062e-05
-8.37918e-05
4.09687e-05
-8.38757e-05
4.15874e-05
-7.86814e-05
4.29622e-05
-7.15765e-05
5.18767e-05
-6.49417e-05
5.70738e-05
-5.81561e-05
6.22917e-05
-5.08846e-05
6.91562e-05
-4.14546e-05
7.42102e-05
-3.30125e-05
7.72774e-05
-2.59397e-05
8.32837e-05
-1.89645e-05
8.61379e-05
-1.33586e-05
8.99391e-05
-8.05888e-06
9.17896e-05
-1.17916e-06
9.25915e-05
-1.67209e-06
-4.75414e-05
8.36796e-08
4.62786e-05
-2.06512e-05
2.09818e-05
-6.78204e-07
3.47605e-07
-3.61672e-06
-5.68577e-05
8.40843e-06
5.2066e-05
-7.20809e-05
-8.79069e-06
7.28163e-06
7.359e-05
7.87711e-06
0.000161109
-6.2144e-06
-8.73585e-06
-4.17762e-06
0.000161955
-2.32813e-05
0.000132109
-4.04627e-05
0.000105623
-5.65266e-05
8.72651e-05
-7.02873e-05
7.04669e-05
-8.18729e-05
5.25543e-05
-8.3514e-05
4.32285e-05
-7.98712e-05
3.93195e-05
-7.0309e-05
4.23146e-05
-6.05716e-05
4.73363e-05
-5.05144e-05
5.22346e-05
-4.22023e-05
6.0844e-05
-3.648e-05
6.84879e-05
-2.91084e-05
6.99059e-05
-2.19754e-05
7.61506e-05
-1.7111e-05
8.12735e-05
-1.24772e-05
8.53053e-05
-7.4572e-06
8.67696e-05
-1.00315e-06
8.73703e-05
-1.23286e-06
-4.49348e-05
2.06272e-07
4.37254e-05
-2.13926e-05
2.1858e-05
-8.04887e-07
3.39538e-07
-2.32066e-06
-4.52042e-05
9.21126e-06
3.83136e-05
-7.42844e-05
-1.16486e-05
1.15878e-05
7.43452e-05
1.60114e-05
0.000167455
-1.03364e-05
-1.20206e-05
7.15872e-06
0.000170807
-1.22089e-05
0.000151477
-2.88597e-05
0.000122274
-4.24754e-05
0.000100881
-5.4636e-05
8.26275e-05
-6.78815e-05
6.57998e-05
-7.52054e-05
5.05524e-05
-7.48666e-05
3.89807e-05
-6.82607e-05
3.57087e-05
-5.78946e-05
3.69702e-05
-4.69532e-05
4.12931e-05
-3.46102e-05
4.8501e-05
-2.83878e-05
6.22655e-05
-2.54437e-05
6.69618e-05
-2.0327e-05
7.1034e-05
-1.64829e-05
7.74294e-05
-1.1876e-05
8.06983e-05
-6.77468e-06
8.16683e-05
-5.9515e-07
8.20919e-05
-9.01105e-07
-4.25054e-05
4.27705e-07
4.14826e-05
-2.23424e-05
2.28707e-05
-8.48191e-07
3.1987e-07
-1.16689e-06
-3.21598e-05
6.05419e-06
2.72725e-05
-7.37891e-05
-1.35164e-05
1.53223e-05
7.19832e-05
2.95832e-05
0.000170515
-1.57239e-05
-1.69197e-05
2.40574e-05
0.000176333
9.45429e-06
0.00016608
-9.58246e-06
0.00014131
-2.17399e-05
0.000113038
-3.1415e-05
9.23027e-05
-4.07969e-05
7.51817e-05
-5.13475e-05
6.1103e-05
-5.67104e-05
4.43436e-05
-5.61321e-05
3.51303e-05
-5.07016e-05
3.15398e-05
-4.21711e-05
3.27626e-05
-3.20555e-05
3.83855e-05
-2.29209e-05
5.31309e-05
-2.00336e-05
6.40745e-05
-1.75435e-05
6.85439e-05
-1.33705e-05
7.32564e-05
-8.34422e-06
7.56721e-05
-4.22207e-06
7.75462e-05
-1.9437e-07
7.84286e-05
-3.64434e-07
-4.02949e-05
5.84615e-07
3.95159e-05
-2.34277e-05
2.40336e-05
-9.38693e-07
3.32799e-07
-2.58496e-06
-2.37282e-05
5.53269e-06
2.07804e-05
-6.85212e-05
-1.21897e-05
1.81722e-05
6.25387e-05
4.1672e-05
0.000169517
-1.9666e-05
-2.10083e-05
4.01688e-05
0.000177836
3.30715e-05
0.000173177
1.6636e-05
0.000157746
-3.10873e-07
0.000129985
-1.23691e-05
0.000104361
-1.88836e-05
8.16962e-05
-2.44762e-05
6.66956e-05
-3.12088e-05
5.10762e-05
-3.49678e-05
3.88894e-05
-3.54517e-05
3.20236e-05
-3.20236e-05
2.93345e-05
-2.75174e-05
3.38794e-05
-1.95939e-05
4.52074e-05
-1.42826e-05
5.87631e-05
-1.14287e-05
6.569e-05
-6.99258e-06
6.88202e-05
-3.22542e-06
7.19049e-05
-7.49824e-07
7.50706e-05
5.0635e-07
7.65511e-05
6.21333e-07
-3.85462e-05
8.75902e-07
3.81766e-05
-2.46712e-05
2.53215e-05
-9.74771e-07
3.2447e-07
-3.60885e-06
-1.81331e-05
6.19602e-06
1.55459e-05
-5.47555e-05
-1.0276e-05
1.78248e-05
4.72068e-05
4.55214e-05
0.000167467
-2.13733e-05
-2.20981e-05
4.74238e-05
0.000175934
4.75095e-05
0.000173091
4.15717e-05
0.000163684
2.70429e-05
0.000144514
1.13693e-05
0.000120035
3.75792e-07
9.26897e-05
-4.74705e-06
7.18184e-05
-8.72025e-06
5.50494e-05
-1.2272e-05
4.24411e-05
-1.5071e-05
3.48227e-05
-1.61752e-05
3.04387e-05
-1.6195e-05
3.38991e-05
-1.27652e-05
4.17776e-05
-7.25822e-06
5.32561e-05
-3.28154e-06
6.17133e-05
-4.63632e-07
6.60023e-05
1.17372e-06
7.02675e-05
2.11263e-06
7.41317e-05
1.21476e-06
7.62866e-05
1.16236e-06
-3.78317e-05
1.16095e-06
3.78855e-05
-2.6005e-05
2.67015e-05
-9.71722e-07
2.75222e-07
-4.25677e-06
-1.25066e-05
7.77038e-06
8.99301e-06
-4.07911e-05
-1.18667e-05
1.59778e-05
3.668e-05
4.77972e-05
0.000161332
-2.06077e-05
-2.10544e-05
5.00622e-05
0.000173669
5.28005e-05
0.000170353
5.42837e-05
0.0001622
5.10855e-05
0.000147712
4.2647e-05
0.000128473
3.0832e-05
0.000104505
2.00158e-05
8.26347e-05
1.25862e-05
6.2479e-05
6.73715e-06
4.82902e-05
2.34475e-06
3.92151e-05
-8.62839e-07
3.36463e-05
-3.63957e-06
3.66758e-05
-3.82378e-06
4.19618e-05
-9.16636e-07
5.0349e-05
1.81052e-06
5.89862e-05
2.77941e-06
6.50334e-05
3.04671e-06
7.00002e-05
3.19472e-06
7.39837e-05
1.57287e-06
7.65454e-05
1.36307e-06
-3.79037e-05
1.31474e-06
3.81618e-05
-2.73608e-05
2.80053e-05
-8.74721e-07
2.30266e-07
-3.32116e-06
-4.91206e-06
7.25649e-06
9.76732e-07
-3.27975e-05
-1.10989e-05
1.30841e-05
3.08122e-05
3.70807e-05
0.000150181
-1.37618e-05
-1.21673e-05
4.51591e-05
0.000165591
5.23188e-05
0.000163193
5.83633e-05
0.000156156
6.17509e-05
0.000144325
6.22947e-05
0.000127929
5.80205e-05
0.000108779
5.04185e-05
9.02366e-05
4.20082e-05
7.08893e-05
3.26081e-05
5.76903e-05
2.47621e-05
4.70612e-05
1.67692e-05
4.16392e-05
9.24658e-06
4.41985e-05
4.98469e-06
4.62237e-05
4.46865e-06
5.0865e-05
4.63159e-06
5.88233e-05
4.46968e-06
6.51954e-05
3.88707e-06
7.05828e-05
3.45061e-06
7.44201e-05
1.64345e-06
7.70607e-05
1.29189e-06
-3.84056e-05
1.28314e-06
3.87659e-05
-2.85889e-05
2.91467e-05
-7.75247e-07
2.17446e-07
1.83636e-07
1.44289e-06
-4.81701e-08
-1.57836e-06
-2.81765e-05
-4.13057e-07
1.39071e-06
2.71988e-05
1.81237e-05
0.000134153
-2.43692e-06
3.40709e-07
3.39532e-05
0.000149761
4.68296e-05
0.000150317
5.81507e-05
0.000144835
6.51891e-05
0.000137286
6.9017e-05
0.000124101
6.93502e-05
0.000108446
6.66649e-05
9.29219e-05
6.06183e-05
7.69359e-05
5.28325e-05
6.5476e-05
4.49987e-05
5.4895e-05
3.47766e-05
5.18612e-05
2.5284e-05
5.3691e-05
1.55279e-05
5.59799e-05
7.9349e-06
5.8458e-05
5.95287e-06
6.08053e-05
5.27697e-06
6.58713e-05
4.10771e-06
7.17521e-05
2.81824e-06
7.57096e-05
1.22921e-06
7.76414e-05
1.00828e-06
-3.90138e-05
1.06444e-06
3.91786e-05
-2.96695e-05
3.01749e-05
-7.41784e-07
2.36362e-07
3.70159e-06
3.74372e-08
-6.58789e-06
2.84887e-06
-2.69188e-05
8.42334e-06
-9.05767e-06
2.75531e-05
3.67374e-06
0.000115016
6.9813e-06
8.48227e-06
2.27896e-05
0.000130645
3.84048e-05
0.000134702
5.16911e-05
0.000131549
6.33151e-05
0.000125662
7.04335e-05
0.000116983
7.26935e-05
0.000106186
7.25148e-05
9.31006e-05
6.89719e-05
8.04788e-05
6.34558e-05
7.0992e-05
5.54942e-05
6.28566e-05
4.54666e-05
6.18888e-05
3.55104e-05
6.36473e-05
2.61537e-05
6.53365e-05
1.6616e-05
6.79957e-05
1.05072e-05
6.6914e-05
7.607e-06
6.87715e-05
5.77235e-06
7.35868e-05
3.18009e-06
7.83019e-05
1.31491e-06
7.83883e-05
1.11833e-06
-3.92236e-05
1.08872e-06
3.94498e-05
-3.06832e-05
3.11783e-05
-7.35226e-07
2.40086e-07
4.66589e-06
-6.58229e-06
-8.51376e-06
1.04302e-05
-2.81972e-05
1.12912e-05
-1.15333e-05
2.84394e-05
-1.88755e-06
9.93966e-05
8.84881e-06
8.65796e-06
1.52311e-05
0.000113526
3.19711e-05
0.000117962
4.52602e-05
0.000118259
5.714e-05
0.000113782
6.63017e-05
0.000107821
7.18799e-05
0.000100607
7.30269e-05
9.19537e-05
7.1197e-05
8.23087e-05
6.69294e-05
7.52596e-05
5.93299e-05
7.04561e-05
5.05496e-05
7.06692e-05
4.28444e-05
7.13524e-05
3.55697e-05
7.26113e-05
2.68996e-05
7.66658e-05
1.82076e-05
7.5606e-05
1.21644e-05
7.48147e-05
8.42699e-06
7.73241e-05
5.59786e-06
8.1131e-05
1.72942e-06
8.03369e-05
1.91987e-06
-3.94972e-05
1.36742e-06
3.98592e-05
-3.17453e-05
3.24687e-05
-1.00597e-06
2.82489e-07
3.66382e-06
-1.39629e-05
-6.74462e-06
1.70437e-05
-2.88452e-05
8.86162e-06
-8.9921e-06
2.89757e-05
-1.66972e-06
8.71904e-05
7.05281e-06
6.82303e-06
1.30185e-05
9.88383e-05
2.78202e-05
0.00010316
4.12947e-05
0.000104785
5.17201e-05
0.000103357
6.00748e-05
9.94666e-05
6.64164e-05
9.42658e-05
7.02349e-05
8.81351e-05
6.98361e-05
8.27076e-05
6.69703e-05
7.81255e-05
6.1298e-05
7.61284e-05
5.59179e-05
7.60493e-05
5.06875e-05
7.65828e-05
4.28882e-05
8.04106e-05
3.53018e-05
8.42522e-05
2.7212e-05
8.36958e-05
2.00039e-05
8.20229e-05
1.48619e-05
8.24661e-05
1.13817e-05
8.46112e-05
2.92877e-06
8.51444e-05
3.64537e-06
-4.00423e-05
1.99618e-06
4.09749e-05
-3.34161e-05
3.43887e-05
-1.26847e-06
2.95853e-07
2.38367e-06
-1.96012e-05
-4.51481e-06
2.17324e-05
-2.9474e-05
6.08553e-06
-6.31329e-06
2.97017e-05
3.71246e-07
7.73586e-05
4.9882e-06
4.47238e-06
1.19239e-05
8.72856e-05
2.3651e-05
9.14328e-05
3.54489e-05
9.29872e-05
4.49359e-05
9.38698e-05
5.46813e-05
8.97212e-05
6.1228e-05
8.77191e-05
6.63057e-05
8.30574e-05
6.77989e-05
8.12144e-05
6.79e-05
7.80243e-05
6.53285e-05
7.86999e-05
6.26766e-05
7.87012e-05
5.74458e-05
8.18135e-05
5.03019e-05
8.75546e-05
4.45366e-05
9.00175e-05
3.67944e-05
9.1438e-05
2.86754e-05
9.01419e-05
2.28926e-05
8.82489e-05
1.78422e-05
8.96617e-05
4.89511e-06
9.23978e-05
5.69369e-06
-4.23766e-05
2.55493e-06
4.47168e-05
-3.53241e-05
3.61959e-05
-1.13616e-06
2.64345e-07
1.37708e-06
-2.34084e-05
-2.6663e-06
2.46976e-05
-3.00784e-05
3.61023e-06
-3.66221e-06
3.01304e-05
1.21576e-06
7.09624e-05
2.81014e-06
2.37033e-06
9.92162e-06
7.85797e-05
2.02722e-05
8.10822e-05
3.11854e-05
8.2074e-05
4.15288e-05
8.35264e-05
5.13407e-05
7.99093e-05
5.97567e-05
7.93031e-05
6.53066e-05
7.75075e-05
6.93446e-05
7.71764e-05
7.10831e-05
7.62858e-05
7.09026e-05
7.88804e-05
6.84741e-05
8.11298e-05
6.26693e-05
8.76183e-05
5.77486e-05
9.24752e-05
5.16843e-05
9.60818e-05
4.35901e-05
9.95321e-05
3.48703e-05
9.88618e-05
2.64446e-05
9.66745e-05
1.81263e-05
9.798e-05
4.98836e-06
0.00010122
4.31598e-06
-4.71446e-05
3.17419e-06
4.89588e-05
-3.70288e-05
3.75461e-05
-7.71009e-07
2.53712e-07
5.95908e-07
-2.56915e-05
-1.29635e-06
2.63919e-05
-3.02627e-05
1.85755e-06
-1.71636e-06
3.01215e-05
2.38036e-06
6.68881e-05
9.44047e-07
7.49931e-07
9.98093e-06
7.09791e-05
1.99224e-05
7.11408e-05
3.0091e-05
7.19054e-05
4.0865e-05
7.27524e-05
5.04042e-05
7.03701e-05
5.9324e-05
7.03833e-05
6.55386e-05
7.12929e-05
7.12242e-05
7.14908e-05
7.33574e-05
7.41525e-05
7.40608e-05
7.81771e-05
7.19261e-05
8.32644e-05
6.91223e-05
9.04221e-05
6.5163e-05
9.64345e-05
5.62478e-05
0.000104997
4.73228e-05
0.000108457
3.67383e-05
0.000109446
2.36056e-05
0.000109807
1.11728e-05
0.000110413
1.01136e-06
0.00011123
1.50987e-07
-5.09939e-05
-5.0545e-07
5.25108e-05
-3.73991e-05
3.574e-05
1.56868e-06
9.03554e-08
-1.78891e-08
-2.68418e-05
-2.00168e-07
2.70599e-05
-3.01941e-05
4.07212e-07
-2.59933e-07
3.00469e-05
5.29586e-06
6.27981e-05
-4.57704e-07
-7.48188e-07
1.25879e-05
6.36871e-05
2.09988e-05
6.27299e-05
2.99562e-05
6.2948e-05
3.9895e-05
6.28135e-05
4.87807e-05
6.14844e-05
5.72607e-05
6.19032e-05
6.44962e-05
6.40574e-05
7.07167e-05
6.52703e-05
7.36326e-05
7.12366e-05
7.44453e-05
7.73644e-05
7.36253e-05
8.40845e-05
7.15717e-05
9.24757e-05
6.44494e-05
0.000103557
5.46624e-05
0.000114784
4.54411e-05
0.000117678
3.32599e-05
0.000121628
1.90881e-05
0.000123979
6.50987e-06
0.000122991
-1.40742e-06
0.000120713
-1.56571e-06
-5.51475e-05
-3.37519e-06
5.71152e-05
-3.27038e-05
2.95985e-05
3.30174e-06
-1.9644e-07
-6.69562e-07
-2.70979e-05
6.35666e-07
2.71318e-05
-2.99546e-05
-7.09872e-07
1.07904e-06
2.95854e-05
8.67425e-06
5.81053e-05
-1.77776e-06
-2.20367e-06
1.5062e-05
5.72993e-05
2.16088e-05
5.61832e-05
2.91769e-05
5.53799e-05
3.75222e-05
5.44683e-05
4.52793e-05
5.37274e-05
5.28275e-05
5.4355e-05
6.05058e-05
5.63791e-05
6.60619e-05
5.97143e-05
6.99825e-05
6.7316e-05
7.27584e-05
7.45885e-05
7.0679e-05
8.61639e-05
6.52026e-05
9.79521e-05
5.75449e-05
0.000111215
5.05588e-05
0.00012177
3.96019e-05
0.000128635
2.66392e-05
0.00013459
1.6106e-05
0.000134512
4.83984e-06
0.000134257
-3.2835e-06
0.000134097
-5.26053e-06
-5.90354e-05
-4.5342e-06
6.02861e-05
-2.71605e-05
2.54033e-05
2.08633e-06
-3.29167e-07
-1.03121e-06
-2.70415e-05
1.23701e-06
2.68357e-05
-2.92824e-05
-1.49338e-06
1.85311e-06
2.89227e-05
9.61285e-06
5.38109e-05
-2.59732e-06
-2.72113e-06
1.44905e-05
5.24217e-05
1.91876e-05
5.1486e-05
2.47606e-05
4.98068e-05
3.13895e-05
4.78394e-05
3.79958e-05
4.71211e-05
4.48202e-05
4.75307e-05
5.17024e-05
4.94968e-05
5.67993e-05
5.46174e-05
6.02228e-05
6.38925e-05
6.15855e-05
7.32258e-05
5.87324e-05
8.9017e-05
5.28284e-05
0.000103856
4.73196e-05
0.000116723
4.14152e-05
0.000127675
2.88197e-05
0.000141231
1.84478e-05
0.000144962
9.54862e-06
0.000143411
-2.71487e-06
0.000146521
-6.57874e-06
-6.49006e-06
0.000144451
-6.07926e-05
-5.96753e-06
6.01814e-05
-2.4066e-05
2.27778e-05
1.64872e-06
-3.60587e-07
-4.85603e-07
-2.65828e-05
7.39091e-07
2.63293e-05
-2.84618e-05
-1.07092e-06
1.61999e-06
2.79127e-05
7.91818e-06
5.0621e-05
-2.41271e-06
-2.31562e-06
1.13305e-05
4.90094e-05
1.4783e-05
4.80334e-05
1.9513e-05
4.50769e-05
2.51074e-05
4.2245e-05
3.05819e-05
4.16466e-05
3.56906e-05
4.24219e-05
4.00098e-05
4.51776e-05
4.30996e-05
5.15276e-05
4.45744e-05
6.24177e-05
4.19979e-05
7.58023e-05
4.19719e-05
8.9043e-05
4.1031e-05
0.000104797
3.64968e-05
0.000121258
2.82117e-05
0.00013596
1.79849e-05
0.000151457
8.81617e-06
0.000154131
-3.67344e-06
0.000155901
0.000160094
-1.72469e-05
-7.70106e-08
-2.61151e-05
2.074e-07
2.59847e-05
-2.72526e-05
-5.1272e-07
1.08038e-06
2.66849e-05
5.4697e-06
4.844e-05
-1.67747e-06
-1.61124e-06
7.35899e-06
4.71201e-05
9.63398e-06
4.57584e-05
1.25766e-05
4.21342e-05
1.57261e-05
3.90954e-05
1.92991e-05
3.80736e-05
2.31468e-05
3.85742e-05
2.58741e-05
4.24504e-05
2.72706e-05
5.01311e-05
2.65916e-05
6.30967e-05
2.30259e-05
7.93681e-05
1.91173e-05
9.29516e-05
1.72429e-05
0.000106671
1.66771e-05
0.000121823
1.3474e-05
0.000139163
8.14302e-06
0.000156788
-2.23336e-06
0.000164507
-1.61164e-05
0.000169784
-2.54248e-05
-4.20172e-08
-2.59163e-05
5.51504e-08
2.59032e-05
-2.60628e-05
-3.08029e-07
7.22968e-07
2.56479e-05
3.87613e-06
4.69824e-05
-1.18237e-06
-1.23614e-06
3.98866e-06
4.70076e-05
4.70377e-06
4.50433e-05
5.69124e-06
4.11468e-05
6.8796e-06
3.79071e-05
8.46504e-06
3.64882e-05
1.02002e-05
3.68391e-05
1.07243e-05
4.19262e-05
1.06289e-05
5.02264e-05
1.00831e-05
6.36425e-05
1.12345e-05
7.82167e-05
1.01478e-05
9.40383e-05
6.583e-06
0.000110236
2.97432e-06
0.000125432
2.62375e-07
-4.90233e-06
-1.32575e-05
-1.08791e-07
-2.59137e-05
1.10516e-07
2.5912e-05
-2.52334e-05
-2.51699e-07
5.09421e-07
2.49757e-05
2.79493e-06
-9.04153e-07
-1.04426e-06
4.61359e-05
1.79902e-06
4.80035e-05
1.13434e-06
4.5708e-05
2.87674e-07
4.19934e-05
-4.13216e-07
3.8608e-05
-7.85648e-07
3.68606e-05
-1.04551e-06
3.7099e-05
-1.12497e-06
4.20057e-05
-1.28597e-06
5.03874e-05
-2.08808e-06
6.44446e-05
-2.57779e-06
7.87065e-05
-2.56476e-06
9.40252e-05
-2.67288e-06
0.000110344
0.000128936
4.14432e-05
8.23111e-07
3.99788e-05
4.27583e-07
1.03677e-06
7.04894e-08
2.41617e-07
3.71192e-05
1.1711e-06
3.25621e-05
3.95601e-06
6.01085e-07
-5.26081e-07
3.38811e-07
2.75152e-05
-1.19714e-07
2.29588e-05
4.99008e-06
-4.33729e-07
-7.52713e-07
3.41825e-07
1.9665e-05
-3.22875e-07
1.72131e-05
2.65462e-06
-2.02688e-07
-8.12944e-07
3.28548e-07
1.52121e-05
-3.19742e-07
1.37853e-05
1.71214e-06
-2.85252e-07
-8.78247e-07
3.21232e-07
1.27772e-05
-1.5887e-07
1.15003e-05
1.53911e-06
-2.6218e-07
-9.76388e-07
3.38837e-07
9.51102e-06
-5.95676e-07
7.1202e-06
3.27006e-06
-8.79234e-07
-9.8607e-07
3.02542e-07
4.56876e-06
-1.05741e-06
1.78747e-06
3.97821e-06
-1.19692e-06
-9.04526e-07
2.45208e-07
-1.13685e-06
-1.33245e-06
-3.93776e-06
4.15458e-06
-1.35367e-06
-7.96622e-07
2.1299e-07
-6.10065e-06
-1.15827e-06
-7.13575e-06
1.7633e-06
-7.28202e-07
-7.46301e-07
2.23543e-07
-6.80404e-06
-1.48069e-07
-5.2513e-06
-1.95899e-06
4.06245e-07
-7.45561e-07
2.37274e-07
-2.37894e-06
8.29235e-07
1.16035e-06
-4.53821e-06
9.98916e-07
-8.18934e-07
2.51979e-07
4.81089e-06
1.01535e-06
8.11838e-06
-4.28631e-06
9.78818e-07
-1.25151e-06
3.04202e-07
1.09491e-05
8.33093e-07
1.32725e-05
-2.98289e-06
6.59497e-07
-1.21679e-06
2.81369e-07
1.51496e-05
5.06599e-07
1.66409e-05
-1.85325e-06
3.61957e-07
-1.10076e-06
2.67912e-07
1.77761e-05
2.41856e-07
1.85854e-05
-9.64532e-07
1.5526e-07
-4.47487e-08
1.91721e-07
1.90858e-05
9.5468e-08
1.93081e-05
-2.69338e-07
4.70338e-08
3.03961e-06
-3.34902e-09
1.92861e-05
4.15897e-09
1.90012e-05
3.1116e-07
-2.62673e-08
2.80019e-06
-3.62196e-07
1.83897e-05
-5.80899e-08
1.75172e-05
9.85971e-07
-1.13433e-07
1.63558e-06
-2.9824e-07
1.66381e-05
-1.52101e-07
1.59809e-05
7.96125e-07
-1.38973e-07
1.95461e-06
-4.37452e-07
2.12607e-05
1.55939e-05
-9.86071e-08
1.54289e-05
2.19832e-07
-5.48599e-08
1.53825e-05
-3.05944e-08
1.53838e-05
2.59703e-08
-2.72453e-08
1.53826e-05
-4.07866e-08
1.53822e-05
4.35571e-08
-4.3245e-08
1.5324e-05
-5.05157e-08
5.52384e-08
-3.91681e-08
1.53079e-05
4.65507e-07
-4.45951e-07
6.15564e-05
5.44352e-07
6.04728e-05
6.1591e-05
9.68162e-07
-1.19352e-06
6.18163e-05
6.08345e-05
1.67114e-06
6.12617e-05
5.4624e-05
3.60272e-06
5.24615e-05
6.21647e-05
1.27936e-06
-1.64712e-06
6.25325e-05
6.17615e-05
2.33143e-06
6.23561e-05
5.11912e-05
3.10438e-06
4.91902e-05
6.29885e-05
5.63489e-07
-1.26485e-06
6.36898e-05
6.32586e-05
2.50493e-06
6.42503e-05
4.79201e-05
2.5421e-06
4.60144e-05
6.44931e-05
-4.62183e-07
-2.34079e-07
6.51893e-05
6.55443e-05
1.55713e-06
6.78129e-05
4.49221e-05
1.67746e-06
4.33151e-05
6.58557e-05
-4.23333e-06
2.82334e-06
6.72657e-05
6.92733e-05
-1.2376e-06
7.10869e-05
4.24044e-05
7.11352e-07
4.1167e-05
6.83214e-05
-7.55822e-06
7.54832e-06
6.83313e-05
7.23509e-05
-5.97266e-06
7.46106e-05
4.05725e-05
3.28328e-07
3.94914e-05
6.79491e-05
-9.51649e-06
1.04857e-05
6.69799e-05
7.56778e-05
-9.79125e-06
7.67332e-05
3.88928e-05
1.29044e-08
3.8067e-05
6.45426e-05
-7.86586e-06
1.27424e-05
5.96661e-05
7.79846e-05
-1.32985e-05
7.92624e-05
3.76465e-05
-2.86554e-07
3.70548e-05
5.22039e-05
-5.08348e-06
1.31041e-05
4.41832e-05
7.88609e-05
-1.65661e-05
7.85073e-05
3.67007e-05
-6.05329e-07
3.63297e-05
3.75263e-05
-5.9174e-06
1.0712e-05
3.27316e-05
7.70135e-05
-1.84952e-05
7.45004e-05
3.62308e-05
-9.66194e-07
3.62109e-05
2.86516e-05
-7.01752e-06
1.08583e-05
2.48108e-05
7.09519e-05
-1.7274e-05
6.61278e-05
3.64001e-05
-1.14426e-06
3.66399e-05
2.07145e-05
-8.23553e-06
1.2441e-05
1.65091e-05
6.14979e-05
-1.63235e-05
5.6767e-05
3.70799e-05
-1.11927e-06
3.74025e-05
1.26667e-05
-4.18292e-06
6.70035e-06
1.01493e-05
5.60893e-05
-9.33611e-06
5.32581e-05
3.79104e-05
-1.04402e-06
3.82081e-05
9.68804e-06
3.49991e-06
-3.60626e-06
9.79439e-06
5.22119e-05
3.32623e-06
4.92264e-05
3.85308e-05
-9.63229e-07
3.87485e-05
1.16298e-05
8.27163e-06
-1.1014e-05
1.43722e-05
4.715e-05
1.16581e-05
4.39742e-05
3.9102e-05
-1.07096e-06
3.9354e-05
1.71496e-05
7.81901e-06
-1.03317e-05
1.96622e-05
4.12897e-05
1.07375e-05
3.92101e-05
3.97154e-05
-1.7367e-06
4.02006e-05
2.17792e-05
5.54047e-06
-7.16173e-06
2.34005e-05
3.72708e-05
7.65997e-06
3.64339e-05
4.09283e-05
-2.24367e-06
4.19552e-05
2.49712e-05
3.52928e-06
-4.72652e-06
2.61685e-05
3.51088e-05
5.1032e-06
3.44779e-05
4.3374e-05
-3.26585e-06
4.55391e-05
2.71124e-05
1.95838e-06
-2.76099e-06
2.7915e-05
3.36259e-05
2.89325e-06
3.3103e-05
4.79423e-05
-2.28083e-06
5.01783e-05
2.84762e-05
7.19246e-07
-1.08748e-06
2.88444e-05
3.23306e-05
1.16016e-06
3.19204e-05
5.12416e-05
2.48572e-06
5.17955e-05
2.90515e-05
-2.73157e-07
2.31089e-07
2.90935e-05
3.12028e-05
-3.23407e-07
3.0778e-05
5.1722e-05
3.48588e-06
5.10363e-05
2.90193e-05
-1.07625e-06
1.28843e-06
2.88072e-05
3.00793e-05
-1.59141e-06
2.9467e-05
4.85885e-05
5.76703e-06
4.4457e-05
2.85508e-05
-1.04904e-06
1.37051e-06
2.82293e-05
2.87228e-05
-1.8314e-06
2.78331e-05
4.01382e-05
5.22878e-06
3.68641e-05
5.89201e-05
2.78975e-05
-4.34074e-07
7.74047e-07
2.75575e-05
2.70404e-05
-1.43416e-06
2.61589e-05
2.72522e-05
-9.43103e-08
3.8468e-07
2.69618e-05
2.55618e-05
-1.00677e-06
2.49573e-05
2.6709e-05
-3.30428e-08
2.67758e-07
2.64742e-05
2.44979e-05
-6.82272e-07
2.39441e-05
2.63331e-05
-5.66666e-08
1.97257e-07
2.61925e-05
2.59106e-05
2.35493e-05
-5.34229e-07
2.30393e-05
2.46387e-05
1.21682e-07
-1.4553e-06
-1.65317e-06
1.02967e-07
1.32288e-06
-1.1876e-06
1.54305e-06
-1.44008e-06
9.21015e-08
1.05982e-06
-9.21761e-07
1.34726e-06
-1.25516e-06
1.10124e-07
9.2816e-08
9.27018e-08
-7.7983e-07
-1.16246e-06
8.64142e-08
-6.34277e-07
-1.07605e-06
1.08961e-07
4.78407e-07
-2.92163e-07
9.90301e-07
-8.8134e-07
1.25689e-07
8.41831e-08
1.37733e-07
7.50509e-07
-6.2482e-07
1.19606e-07
-3.58114e-07
5.78047e-07
5.03376e-07
-3.8377e-07
1.13123e-07
-7.88694e-07
9.95441e-07
2.65869e-07
-1.52746e-07
1.11132e-07
-1.2074e-06
1.42906e-06
4.34713e-08
6.76609e-08
1.04592e-07
-1.65794e-06
1.87782e-06
-1.77618e-07
2.8221e-07
9.20558e-08
-2.08473e-06
2.26789e-06
-3.77847e-07
4.69903e-07
7.44775e-08
-2.435e-06
2.59078e-06
-5.48009e-07
6.22487e-07
6.38156e-08
-2.73774e-06
2.89137e-06
-6.88521e-07
7.52337e-07
7.64358e-08
-3.0475e-06
3.20742e-06
-8.19753e-07
8.96189e-07
7.92372e-08
-3.3657e-06
3.52655e-06
-9.75183e-07
1.05442e-06
1.00222e-07
-3.69537e-06
3.87764e-06
-1.13758e-06
1.2378e-06
1.29968e-07
-4.06116e-06
4.22705e-06
-1.35848e-06
1.48845e-06
1.40439e-07
-4.37401e-06
4.49792e-06
-1.62285e-06
1.76329e-06
1.70181e-07
-4.6059e-06
4.68943e-06
-1.92323e-06
2.09341e-06
1.07868e-07
-4.73279e-06
4.71528e-06
-2.24177e-06
2.34964e-06
4.02862e-09
-4.63352e-06
4.43305e-06
-2.42804e-06
2.43207e-06
-5.71148e-08
-4.14103e-06
3.86897e-06
-2.3619e-06
2.30479e-06
-6.52535e-08
-3.60776e-06
3.31242e-06
-2.26776e-06
2.20251e-06
8.57463e-08
1.30831e-07
1.21443e-07
1.17901e-07
1.09275e-07
1.09957e-07
9.56373e-08
7.81059e-08
6.60345e-08
6.74164e-08
7.8994e-08
8.31594e-08
1.20679e-07
1.34404e-07
1.59935e-07
1.4836e-07
7.84065e-08
-7.01691e-08
-3.70239e-08
-1.03706e-07
2.97868e-06
2.0988e-06
2.2576e-07
2.54553e-07
6.99664e-08
-1.27901e-06
2.62764e-07
-4.27122e-07
8.2006e-07
1.02968e-06
-7.66916e-07
2.92819e-07
-1.18925e-06
1.51691e-06
4.88752e-07
-1.95933e-07
2.49334e-07
2.78165e-07
3.10911e-07
1.85722e-06
1.14978e-07
3.99861e-07
2.28047e-06
5.14839e-07
6.43213e-07
-2.78351e-06
3.31139e-06
-1.04858e-06
1.69179e-06
2.16598e-08
-3.5359e-06
3.39453e-06
-2.06836e-06
2.09002e-06
-8.4365e-08
-3.09776e-06
2.85925e-06
-1.95306e-06
1.8687e-06
-8.19808e-08
-2.69162e-06
2.45386e-06
-1.83364e-06
1.75166e-06
8.23459e-09
-2.22955e-06
2.06245e-06
-1.69071e-06
1.69895e-06
-1.81701e-07
-1.82396e-06
1.40999e-06
-1.67525e-06
1.49355e-06
-4.3631e-07
-8.61202e-07
2.401e-07
-1.1631e-06
7.26795e-07
-6.35076e-07
4.06204e-07
-1.10358e-06
-1.76178e-07
-4.58899e-07
-6.46172e-07
1.75856e-06
-2.27066e-06
1.15758e-06
-1.80375e-06
-1.72406e-07
2.55499e-06
-2.53065e-06
2.24763e-06
-2.42004e-06
3.39346e-07
2.22089e-06
-1.731e-06
2.32356e-06
-1.98421e-06
4.56229e-07
1.19426e-06
-6.35136e-07
1.52204e-06
-1.06581e-06
3.40702e-07
6.16884e-08
4.30703e-07
6.60437e-07
-3.19735e-07
2.18209e-07
-8.15732e-07
1.10412e-06
4.52672e-08
1.72942e-07
1.09566e-07
-1.30868e-06
1.44097e-06
-3.30342e-07
4.39908e-07
5.06362e-08
-1.52191e-06
1.56674e-06
-5.1423e-07
5.64866e-07
1.41686e-08
-1.58237e-06
1.57236e-06
-5.9627e-07
6.10439e-07
-5.56288e-09
-1.54101e-06
1.48848e-06
-6.15523e-07
6.0996e-07
-5.96263e-08
-1.40937e-06
1.3169e-06
-5.75636e-07
5.16009e-07
-4.78069e-08
-1.23858e-06
1.18778e-06
-4.55355e-07
4.07548e-07
-1.9307e-08
-1.16367e-06
1.15238e-06
-3.76794e-07
3.57487e-07
-2.23688e-08
-1.14224e-06
1.12382e-06
-3.40389e-07
3.1802e-07
-2.83929e-08
-1.10423e-06
1.08211e-06
-2.94363e-07
2.6597e-07
5.33741e-07
3.76572e-07
-1.36963e-07
-3.50589e-08
-6.09429e-08
-2.36956e-08
-3.30447e-07
-5.50617e-07
-6.98682e-07
-4.43878e-07
9.6481e-08
4.62175e-07
4.0537e-07
2.74468e-07
1.57399e-07
7.43215e-08
3.14039e-08
5.08441e-09
-3.43243e-08
-6.06543e-08
-3.07539e-08
-1.70984e-08
-2.36567e-08
-2.42546e-08
1.06719e-06
2.41716e-07
-1.12308e-05
-0.000145916
-1.02984e-05
0.000142811
-7.86364e-06
3.5898e-05
-3.92651e-05
9.99429e-06
-1.27658e-05
4.0093e-06
-1.23781e-06
3.55724e-06
-1.13353e-06
7.57058e-06
-1.01367e-05
0.000147162
-9.82141e-06
-5.03637e-06
5.38198e-05
1.97699e-05
1.97472e-06
-4.83923e-07
-1.20852e-05
-1.20931e-05
-4.88348e-05
-6.72086e-06
4.34705e-05
-1.79586e-05
1.55802e-05
3.32213e-06
-9.43738e-07
2.46413e-06
-6.52881e-07
4.00192e-06
-1.18745e-06
2.02913e-05
-2.41456e-05
7.02002e-06
1.68285e-05
3.26196e-05
3.38024e-05
4.83647e-06
3.14301e-05
2.80313e-05
7.88766e-06
-5.76357e-07
2.98116e-07
-9.59572e-07
2.73562e-07
-8.49919e-07
-5.53632e-07
-2.81783e-07
-2.8007e-07
-1.29394e-07
2.62415e-06
1.96941e-06
-3.77539e-07
-2.19103e-06
1.62483e-06
-1.74965e-06
1.37211e-06
-2.19761e-07
-5.22191e-07
-7.35462e-06
0.000135686
-6.01184e-06
-4.93658e-06
3.02015e-05
5.78948e-06
2.65973e-06
-8.78632e-07
-2.28999e-05
0.000172112
2.61129e-05
-1.97512e-05
0.0001748
-1.5317e-05
0.000167972
-2.19838e-06
0.000123987
-1.42011e-06
-2.75115e-05
-6.29129e-07
2.59423e-05
-4.67129e-06
4.37375e-06
5.89252e-07
-2.91713e-07
-3.76795e-05
9.73677e-05
-9.62311e-05
3.65429e-05
-3.94867e-05
0.000115155
-0.000113347
-3.9296e-05
0.000132577
-0.000132768
-3.62959e-05
0.000148626
-0.000151626
-3.03934e-05
0.000160211
-0.000166113
-2.41816e-05
0.0001659
-1.72295e-05
0.000167848
-6.01566e-06
0.000156758
3.6649e-06
0.000110879
3.42748e-06
-2.40812e-05
2.78826e-06
2.49578e-05
-4.68267e-06
6.04338e-06
-1.63861e-06
2.77894e-07
-5.18746e-05
5.19748e-05
9.72675e-05
-5.04292e-05
0.000113709
-4.73233e-05
0.000129471
-4.21839e-05
0.000143486
-3.48599e-05
0.000152887
-2.5735e-05
0.000156775
-1.3086e-05
0.000155198
2.10713e-06
0.000141565
7.2579e-06
6.53796e-06
9.91907e-05
-2.5149e-05
5.46768e-06
2.69392e-05
-7.72778e-06
1.00012e-05
-2.9099e-06
6.36507e-07
1.73584e-06
-6.17653e-07
-2.64581e-07
-4.43422e-08
-2.14078e-06
4.56379e-07
-2.88122e-06
1.22319e-05
6.50524e-07
-1.74274e-05
1.52215e-05
-2.04303e-05
-2.42625e-05
-2.77238e-05
1.45516e-05
3.32181e-06
1.29657e-05
1.29258e-05
-4.40983e-07
1.31022e-05
1.42518e-05
-3.23628e-06
1.53473e-05
1.79051e-05
-5.19144e-06
2.02153e-05
2.82857e-05
-2.99525e-08
2.1717e-08
2.59188e-05
-5.15846e-08
2.83171e-07
2.44071e-05
7.53062e-07
4.62941e-05
-4.71111e-07
-4.40186e-07
-1.32061e-06
5.00772e-05
-3.86644e-06
4.82538e-05
-6.33124e-06
4.44582e-05
-8.81768e-06
4.10944e-05
-1.06077e-05
3.86506e-05
-1.24151e-05
3.89064e-05
-1.39039e-05
4.34944e-05
-1.45651e-05
5.10486e-05
-1.46044e-05
6.44839e-05
7.93236e-05
1.30823e-07
-2.59263e-05
-1.34965e-07
2.59305e-05
-2.4169e-05
2.16655e-07
-1.23755e-07
2.40761e-05
-3.00424e-06
4.86992e-05
2.96911e-07
3.02234e-07
-6.03142e-06
5.31044e-05
-9.47899e-06
5.17014e-05
-1.27953e-05
4.77745e-05
-1.67292e-05
4.50283e-05
-2.16753e-05
4.35968e-05
-2.63087e-05
4.35398e-05
-3.02356e-05
4.74213e-05
-3.32837e-05
5.40967e-05
-3.50458e-05
6.6246e-05
3.13952e-07
-2.58819e-05
-2.19306e-07
2.57872e-05
-2.39746e-05
2.98241e-07
-5.08893e-07
2.41853e-05
-6.78121e-06
5.27943e-05
1.29588e-06
1.39022e-06
-9.29686e-06
5.562e-05
-1.26735e-05
5.5078e-05
-1.74134e-05
5.25145e-05
-2.28054e-05
5.04203e-05
-2.94235e-05
5.02149e-05
4.79827e-07
-2.56432e-05
-3.6153e-07
2.55249e-05
-2.44547e-05
3.73537e-07
-9.60003e-07
2.50411e-05
-8.09096e-06
5.66683e-05
2.04744e-06
2.16951e-06
-1.08669e-05
5.83959e-05
1.53017e-05
-2.37136e-08
1.52803e-05
4.73598e-08
-2.59471e-08
1.54027e-05
8.32868e-09
1.55937e-05
-2.2789e-07
3.69186e-08
1.58518e-05
5.58591e-08
1.61854e-05
-4.10151e-07
7.66072e-08
1.65714e-05
9.38003e-08
1.69945e-05
-5.30205e-07
1.0711e-07
8.08207e-05
-3.56194e-05
4.97357e-05
-4.08533e-05
5.26552e-05
-4.61273e-05
5.93707e-05
-4.97321e-05
6.98508e-05
8.30634e-05
-1.51144e-05
5.93255e-05
-2.11493e-05
5.85494e-05
-2.71395e-05
5.64105e-05
-3.38176e-05
5.68929e-05
-4.10241e-05
5.69422e-05
-4.75538e-05
5.91849e-05
-5.30268e-05
6.48437e-05
-5.66865e-05
7.35105e-05
-5.89915e-05
8.53684e-05
-5.88605e-05
9.71365e-05
-5.6536e-05
0.000111385
-5.26842e-05
0.00012562
-4.53607e-05
0.000136163
-3.54668e-05
0.000142993
-2.50014e-05
0.00014631
-9.87309e-06
0.00014007
4.77222e-06
0.000126919
6.8944e-06
9.09173e-05
6.15122e-06
5.33611e-06
2.9844e-05
1.44303e-05
-2.8275e-06
6.29114e-07
5.57627e-07
-2.54871e-05
-6.18686e-07
2.55481e-05
-2.56405e-05
8.452e-07
-1.5643e-06
2.63596e-05
-7.42829e-06
5.91921e-05
2.4525e-06
2.45199e-06
-1.05017e-05
6.14694e-05
-1.51569e-05
6.39807e-05
-2.18452e-05
6.52377e-05
-2.84627e-05
6.3028e-05
-3.48662e-05
6.32964e-05
-4.20319e-05
6.41079e-05
-4.98503e-05
6.70034e-05
-5.57785e-05
7.07718e-05
-5.96574e-05
7.73894e-05
-6.14561e-05
8.71672e-05
-6.20278e-05
9.77082e-05
-6.02267e-05
0.000109584
-5.43928e-05
0.000119786
-4.59536e-05
0.000127724
-3.51076e-05
0.000132147
-2.22542e-05
0.000133457
-8.59122e-06
0.000126407
4.29788e-06
0.00011403
4.94738e-06
8.60087e-05
4.25913e-06
-3.13495e-05
3.9427e-06
3.23541e-05
-1.6332e-05
1.79299e-05
-2.04906e-06
4.51182e-07
6.64353e-07
-2.57859e-05
-1.08699e-06
2.62085e-05
-2.69933e-05
1.59728e-06
-2.25146e-06
2.76475e-05
-8.3618e-06
6.15497e-05
2.92747e-06
3.07675e-06
-1.18101e-05
6.49177e-05
-1.59124e-05
6.80829e-05
-2.17936e-05
7.11189e-05
-2.83499e-05
6.95843e-05
-3.48359e-05
6.97824e-05
-4.13343e-05
7.06064e-05
-4.8717e-05
7.4386e-05
-5.46604e-05
7.67153e-05
-5.90705e-05
8.17995e-05
-6.06315e-05
8.87281e-05
-6.09741e-05
9.80508e-05
-5.79116e-05
0.000106521
-5.15533e-05
0.000113427
-4.2553e-05
0.000118723
-3.24387e-05
0.000122033
-1.90901e-05
0.000120108
-7.38338e-06
0.0001147
3.36981e-06
0.000103277
3.07975e-06
8.36945e-05
2.60426e-06
-3.34077e-05
2.50412e-06
3.39833e-05
-1.91958e-05
2.016e-05
-1.24112e-06
2.76903e-07
7.79159e-07
-2.67725e-05
-1.4262e-06
2.74195e-05
-2.83414e-05
2.34036e-06
-3.20954e-06
2.92105e-05
-1.2487e-05
6.54076e-05
4.04366e-06
4.58543e-06
-1.7338e-05
6.97688e-05
-2.08584e-05
7.16033e-05
-2.42716e-05
7.45321e-05
-2.96425e-05
7.49552e-05
-3.56781e-05
7.58181e-05
-4.131e-05
7.62382e-05
-4.65245e-05
7.96005e-05
-5.13831e-05
8.15739e-05
-5.53668e-05
8.57831e-05
-5.68208e-05
9.01822e-05
-5.55441e-05
9.67741e-05
-5.1268e-05
0.000102245
-4.55601e-05
0.00010772
-3.73008e-05
0.000110464
-2.72675e-05
0.000111999
-1.56274e-05
0.000108468
-5.75638e-06
0.000104829
2.17641e-06
9.53443e-05
1.82115e-06
8.24091e-05
1.64059e-06
-3.4669e-05
1.41875e-06
3.50714e-05
-2.0865e-05
2.13654e-05
-6.60827e-07
1.60374e-07
7.8012e-07
-2.81578e-05
-1.54857e-06
2.89262e-05
-3.02922e-05
2.90068e-06
-4.17923e-06
3.15707e-05
-1.6221e-05
7.01295e-05
5.46593e-06
6.03312e-06
-2.105e-05
7.45978e-05
-2.43803e-05
7.49337e-05
-2.62031e-05
7.63549e-05
-3.04326e-05
7.91847e-05
-3.55178e-05
8.09032e-05
-4.07237e-05
8.14442e-05
-4.40568e-05
8.29336e-05
-4.74876e-05
8.50047e-05
-4.96807e-05
8.79762e-05
-5.03295e-05
9.0831e-05
-4.83134e-05
9.4758e-05
-4.44074e-05
9.8339e-05
-3.85671e-05
0.000101879
-3.15022e-05
0.000103399
-2.29579e-05
0.000103455
-1.40609e-05
9.95709e-05
-5.86975e-06
9.66382e-05
1.1281e-07
8.93617e-05
9.92481e-07
8.06443e-05
8.85195e-07
-3.56141e-05
7.42547e-07
3.5864e-05
-2.1718e-05
2.19545e-05
-3.24581e-07
8.81246e-08
5.68136e-07
-2.9665e-05
-1.27808e-06
3.03749e-05
-3.32212e-05
2.88291e-06
-4.58515e-06
3.49235e-05
-1.70178e-05
7.49641e-05
5.99522e-06
6.18797e-06
-2.03002e-05
7.78802e-05
-2.40552e-05
7.86887e-05
-2.72131e-05
7.95128e-05
-3.06735e-05
8.2645e-05
-3.40933e-05
8.4323e-05
-3.89295e-05
8.62804e-05
-4.22266e-05
8.62307e-05
-4.45951e-05
8.73732e-05
-4.57724e-05
8.91536e-05
-4.55343e-05
9.05928e-05
-4.35239e-05
9.27476e-05
-4.04341e-05
9.52492e-05
-3.47425e-05
9.61876e-05
-2.81459e-05
9.68027e-05
-2.16522e-05
9.69611e-05
-1.47645e-05
9.26833e-05
-7.51235e-06
8.9386e-05
-2.47431e-06
8.43237e-05
2.05513e-07
7.7772e-05
1.92435e-07
-3.62021e-05
2.41425e-07
3.61662e-05
-2.21288e-05
2.22613e-05
-1.92598e-07
6.00843e-08
2.69525e-07
-3.10619e-05
-9.19277e-07
3.17117e-05
-3.68464e-05
2.14806e-06
-3.97844e-06
3.86768e-05
-1.67981e-05
8.07682e-05
5.53538e-06
5.45857e-06
-1.93975e-05
8.04796e-05
-2.33588e-05
8.265e-05
-2.82273e-05
8.43813e-05
-3.17138e-05
8.61316e-05
-3.42385e-05
8.68476e-05
-3.72205e-05
8.92624e-05
-4.07372e-05
8.97474e-05
-4.33228e-05
8.99588e-05
-4.43776e-05
9.02084e-05
-4.44643e-05
9.06795e-05
-4.28078e-05
9.10912e-05
-3.85146e-05
9.0956e-05
-3.39201e-05
9.1593e-05
-2.85924e-05
9.1475e-05
-2.26005e-05
9.09693e-05
-1.67484e-05
8.68311e-05
-1.04657e-05
8.31034e-05
-5.56773e-06
7.94257e-05
-7.52371e-07
7.39296e-05
-9.72967e-07
-3.6147e-05
-2.59626e-07
3.56543e-05
-2.23626e-05
2.24168e-05
-9.50795e-08
4.08473e-08
1.05214e-07
-3.23489e-05
-7.62047e-07
3.30057e-05
-4.04982e-05
1.14812e-06
-2.49435e-06
4.18444e-05
-1.51749e-05
8.77868e-05
4.2916e-06
3.86474e-06
-1.92987e-05
8.46034e-05
-2.33492e-05
8.67005e-05
-2.82844e-05
8.93165e-05
-3.22433e-05
9.00904e-05
-3.62407e-05
9.0845e-05
-3.8284e-05
9.13057e-05
-4.08258e-05
9.22892e-05
-4.29561e-05
9.20891e-05
-4.32818e-05
9.05341e-05
-4.31692e-05
9.05668e-05
-4.23856e-05
9.03075e-05
-3.88648e-05
8.74352e-05
-3.47376e-05
8.74658e-05
-2.93338e-05
8.60712e-05
-2.38262e-05
8.54618e-05
-1.86771e-05
8.1682e-05
-1.34477e-05
7.7874e-05
-8.21394e-06
7.41919e-05
-1.91303e-06
6.94846e-05
-1.85587e-06
-3.51028e-05
-9.76829e-07
3.41666e-05
-2.23906e-05
2.22235e-05
1.68851e-07
-1.7478e-09
1.45328e-07
-3.36342e-05
-6.91148e-07
3.418e-05
-4.28139e-05
5.59856e-07
-8.97562e-07
4.31516e-05
-9.5251e-06
9.34702e-05
2.21675e-06
1.62499e-06
-1.6463e-05
9.15413e-05
-2.05164e-05
9.07539e-05
-2.42172e-05
9.30173e-05
-2.86056e-05
9.44789e-05
-3.38396e-05
9.60791e-05
-3.7667e-05
9.51331e-05
-4.02451e-05
9.48674e-05
-4.24762e-05
9.43202e-05
-4.3854e-05
9.19119e-05
-4.28272e-05
8.954e-05
-4.12152e-05
8.86956e-05
-3.91718e-05
8.53918e-05
-3.42301e-05
8.25242e-05
-2.95842e-05
8.14253e-05
-2.43589e-05
8.02364e-05
-1.95047e-05
7.68279e-05
-1.48194e-05
7.31886e-05
-9.44024e-06
6.88128e-05
-2.41698e-06
6.46498e-05
-2.18844e-06
-3.32816e-05
-1.37343e-06
3.2238e-05
-2.18085e-05
2.1205e-05
6.6686e-07
-6.33438e-08
1.4276e-07
-3.45259e-05
-2.4721e-07
3.46304e-05
-4.32931e-05
-2.15248e-08
2.59212e-07
4.30555e-05
-1.57058e-06
9.53244e-05
2.78966e-09
-2.86398e-07
-8.76528e-06
9.8736e-05
-1.41588e-05
9.61474e-05
-1.76104e-05
9.64689e-05
-2.30853e-05
9.99537e-05
-2.82225e-05
0.000101216
-3.40046e-05
0.000100915
-3.80705e-05
9.89332e-05
-4.12747e-05
9.75244e-05
-4.40426e-05
9.46798e-05
-4.57876e-05
9.1285e-05
-4.18658e-05
8.47738e-05
-3.80262e-05
8.15522e-05
-3.49856e-05
7.94835e-05
-2.99385e-05
7.63781e-05
-2.43477e-05
7.46456e-05
-1.93821e-05
7.18623e-05
-1.45142e-05
6.83207e-05
-9.34972e-06
6.36483e-05
-2.45674e-06
5.9936e-05
-2.17924e-06
-3.12729e-05
-1.4433e-06
3.02595e-05
-2.053e-05
1.98776e-05
7.42673e-07
-9.02824e-08
1.21908e-07
-3.45948e-05
-6.07867e-08
3.45337e-05
-4.28286e-05
1.44658e-07
5.42952e-07
4.2141e-05
3.45143e-06
9.41182e-05
-1.25187e-06
-9.9338e-07
1.31913e-06
0.000100868
-5.55053e-06
0.000103017
-1.22798e-05
0.000103198
-1.76533e-05
0.000105327
-2.24154e-05
0.000105978
-2.78683e-05
0.000106368
-3.35425e-05
0.000104607
-3.76582e-05
0.00010164
-4.07095e-05
9.7731e-05
-4.21395e-05
9.27151e-05
-4.07057e-05
8.334e-05
-3.78428e-05
7.86892e-05
-3.40959e-05
7.57367e-05
-2.85553e-05
7.08375e-05
-2.2713e-05
6.88032e-05
-1.7078e-05
6.62273e-05
-1.23087e-05
6.35514e-05
-8.18742e-06
5.9527e-05
-2.20893e-06
5.59612e-05
-2.00368e-06
-2.93034e-05
-1.29765e-06
2.83922e-05
-1.93228e-05
1.8864e-05
5.49337e-07
-9.05011e-08
8.21885e-09
-3.44606e-05
5.39598e-08
3.43984e-05
-4.18507e-05
8.42867e-08
7.18889e-07
4.10475e-05
6.78507e-06
9.0495e-05
-2.04937e-06
-1.11248e-06
9.87946e-06
9.77739e-05
7.29131e-06
0.000105605
-8.80878e-07
0.00011137
-7.30694e-06
0.000111753
-1.34913e-05
0.000112163
-1.8446e-05
0.000111323
-2.37177e-05
0.000109879
-2.83148e-05
0.000106237
-3.12739e-05
0.00010069
-3.26424e-05
9.40835e-05
-3.54673e-05
8.61649e-05
-3.54801e-05
7.87021e-05
-3.0585e-05
7.08416e-05
-2.55712e-05
6.58237e-05
-1.95394e-05
6.27715e-05
-1.40427e-05
6.07306e-05
-9.79266e-06
5.93014e-05
-6.3899e-06
5.61243e-05
-1.87384e-06
5.31425e-05
-1.69738e-06
-2.74815e-05
-1.11683e-06
2.67245e-05
-1.85064e-05
1.82054e-05
3.77412e-07
-7.64045e-08
-2.13355e-07
-3.4347e-05
2.71006e-07
3.42894e-05
-4.09148e-05
-4.07585e-07
1.12373e-06
4.01986e-05
1.07039e-05
8.46024e-05
-2.46854e-06
-2.34278e-06
1.6822e-05
9.16559e-05
2.08365e-05
0.000101591
1.84639e-05
0.000113743
8.28092e-06
0.000121936
-7.25237e-07
0.000121169
-7.55306e-06
0.000118151
-1.27745e-05
0.000115101
-1.77975e-05
0.00011126
-2.22633e-05
0.000105156
-2.68869e-05
9.87071e-05
-3.0427e-05
8.9705e-05
-2.95283e-05
7.78034e-05
-2.66568e-05
6.79701e-05
-2.17343e-05
6.09012e-05
-1.60158e-05
5.7053e-05
-1.09118e-05
5.56265e-05
-6.6183e-06
5.50079e-05
-4.0883e-06
5.35943e-05
-1.46422e-06
5.17146e-05
-1.19616e-06
-2.59498e-05
-9.41469e-07
2.5427e-05
-1.7973e-05
1.77563e-05
2.73948e-07
-5.72432e-08
-4.4762e-07
-3.4147e-05
7.09264e-07
3.38854e-05
-3.97666e-05
-1.29803e-06
2.36863e-06
3.8696e-05
1.45261e-05
7.78934e-05
-3.85128e-06
-3.9658e-06
2.28599e-05
8.3322e-05
3.01796e-05
9.4271e-05
3.2605e-05
0.000111317
2.62894e-05
0.000128252
1.57134e-05
0.000131745
5.49346e-06
0.000128371
-2.16888e-06
0.000122763
-8.12468e-06
0.000117216
-1.29485e-05
0.00010998
-1.49966e-05
0.000100755
-1.62591e-05
9.09675e-05
-1.78828e-05
7.94271e-05
-1.73894e-05
6.74767e-05
-1.41358e-05
5.76477e-05
-1.04642e-05
5.33813e-05
-6.75571e-06
5.19181e-05
-3.95494e-06
5.22071e-05
-3.01263e-06
5.2652e-05
-1.12996e-06
5.07737e-05
-9.41794e-07
-2.49097e-05
-7.17304e-07
2.44971e-05
-1.76067e-05
1.74531e-05
1.7627e-07
-2.26683e-08
-6.48434e-07
-3.34908e-05
1.1825e-06
3.29567e-05
-3.7736e-05
-2.07669e-06
3.38844e-06
3.64243e-05
1.76209e-05
7.02879e-05
-4.96063e-06
-5.05484e-06
2.70731e-05
7.38699e-05
3.68005e-05
8.45436e-05
4.36674e-05
0.000104451
4.35805e-05
0.000128339
3.5533e-05
0.000139792
2.38735e-05
0.00014003
1.12449e-05
0.000135392
2.35527e-06
0.000126106
-2.97325e-06
0.000115308
-5.46622e-06
0.000103248
-5.91558e-06
9.14168e-05
-6.86598e-06
8.03775e-05
-7.26452e-06
6.78752e-05
-6.59786e-06
5.6981e-05
-5.1919e-06
5.19754e-05
-3.26293e-06
4.99891e-05
-1.53562e-06
5.04798e-05
-6.23872e-07
5.17402e-05
-3.30562e-07
5.05332e-05
-5.27897e-08
-2.40079e-05
-3.04481e-07
2.39818e-05
-1.73613e-05
1.73163e-05
-5.56581e-09
5.057e-08
-7.05172e-07
-3.2281e-05
1.55337e-06
3.14328e-05
-3.52131e-05
-2.63301e-06
3.98077e-06
3.38653e-05
1.93134e-05
6.24504e-05
-5.59682e-06
-5.87909e-06
2.84091e-05
6.47742e-05
3.90781e-05
7.38746e-05
4.88716e-05
9.4657e-05
5.07099e-05
0.0001265
4.63554e-05
0.000144147
3.8676e-05
0.00014771
2.86197e-05
0.000145448
1.79665e-05
0.000136759
1.04379e-05
0.000122837
5.27834e-06
0.000108408
2.38309e-06
9.43121e-05
9.75152e-07
8.17854e-05
1.0176e-06
6.78328e-05
9.24436e-07
5.70742e-05
2.05008e-06
5.08497e-05
3.39229e-06
4.86469e-05
3.82543e-06
5.00467e-05
3.09447e-06
5.24712e-05
4.34396e-07
5.19554e-05
1.2379e-06
-2.38155e-05
1.5794e-07
2.4092e-05
-1.74271e-05
1.75787e-05
-2.72608e-07
1.2098e-07
-6.86089e-07
-3.04538e-05
1.77547e-06
2.93644e-05
-3.25168e-05
-2.94069e-06
4.27239e-06
3.11851e-05
1.87336e-05
5.55672e-05
-5.80072e-06
-6.04958e-06
2.66022e-05
5.69056e-05
3.7259e-05
6.32178e-05
4.69807e-05
8.49353e-05
4.87052e-05
0.000124776
4.62913e-05
0.000146561
4.34991e-05
0.000150502
3.99734e-05
0.000148974
3.34896e-05
0.000143243
2.56992e-05
0.000130627
1.85078e-05
0.000115599
1.38272e-05
9.89927e-05
1.13793e-05
8.42333e-05
1.06501e-05
6.85619e-05
9.93296e-06
5.77913e-05
9.10015e-06
5.16825e-05
7.18984e-06
5.05572e-05
5.42109e-06
5.18154e-05
4.79938e-06
5.30929e-05
1.61485e-06
5.28462e-05
2.29368e-06
-2.4448e-05
8.43963e-07
2.52188e-05
-1.79929e-05
1.83277e-05
-4.87932e-07
1.53118e-07
-5.57867e-07
-2.82013e-05
1.68033e-06
2.70788e-05
-2.98092e-05
-2.88162e-06
4.09964e-06
2.85912e-05
1.54214e-05
5.06656e-05
-5.22666e-06
-5.29319e-06
2.10093e-05
5.13176e-05
2.99829e-05
5.42442e-05
3.98943e-05
7.50239e-05
4.3924e-05
0.000120746
4.3392e-05
0.000147093
4.3331e-05
0.000150563
4.39278e-05
0.000148377
4.354e-05
0.00014363
4.12316e-05
0.000132935
3.77946e-05
0.000119036
3.43468e-05
0.000102441
3.08603e-05
8.77197e-05
2.71876e-05
7.22346e-05
2.35067e-05
6.14723e-05
2.1063e-05
5.41262e-05
1.73963e-05
5.4224e-05
1.45038e-05
5.47079e-05
1.20979e-05
5.54987e-05
3.38984e-06
5.7532e-05
4.02229e-06
-2.56072e-05
2.07074e-06
2.69263e-05
-1.91259e-05
1.99277e-05
-1.11375e-06
3.11926e-07
-4.07724e-07
-2.60297e-05
1.3715e-06
2.50659e-05
-2.73425e-05
-2.4601e-06
3.43808e-06
2.63645e-05
9.58981e-06
4.90099e-05
-4.01545e-06
-3.91865e-06
1.13105e-05
4.9597e-05
1.4612e-05
5.09427e-05
2.19389e-05
6.7697e-05
3.08746e-05
0.000111811
3.77025e-05
0.000140265
4.18588e-05
0.000146406
4.48305e-05
0.000145405
4.75483e-05
0.000140913
4.93442e-05
0.00013114
4.97674e-05
0.000118613
4.83219e-05
0.000103886
4.65606e-05
8.9481e-05
4.31601e-05
7.56351e-05
3.68791e-05
6.77533e-05
2.93834e-05
6.16219e-05
2.26666e-05
6.09408e-05
1.73827e-05
5.99918e-05
1.25281e-05
6.03534e-05
4.4959e-06
6.11787e-05
4.38548e-06
-2.80234e-05
3.27909e-06
2.92402e-05
-2.11423e-05
2.25386e-05
-1.89223e-06
4.9599e-07
-2.11046e-07
-2.41803e-05
1.04076e-06
2.33506e-05
-2.54148e-05
-1.97484e-06
2.67887e-06
2.47108e-05
4.62593e-06
2.46066e-05
-2.72621e-06
-2.27438e-06
2.4778e-05
4.0279e-06
2.49035e-05
2.52915e-05
1.95072e-06
2.60531e-05
2.69668e-05
2.18232e-06
3.25693e-05
3.48961e-05
1.21776e-05
4.9364e-05
5.24512e-05
2.5649e-05
6.22117e-05
6.45818e-05
3.64125e-05
6.7166e-05
6.84769e-05
4.33822e-05
6.94238e-05
6.90117e-05
4.90882e-05
6.83155e-05
6.68911e-05
5.25441e-05
6.44642e-05
6.32195e-05
5.48044e-05
5.88074e-05
5.75453e-05
5.543e-05
5.22454e-05
5.10152e-05
5.48788e-05
4.53714e-05
4.46607e-05
5.15074e-05
3.97621e-05
3.92444e-05
4.77589e-05
3.54103e-05
3.60915e-05
4.11873e-05
3.38912e-05
3.43023e-05
3.52591e-05
3.3171e-05
3.36979e-05
2.7979e-05
3.36672e-05
3.36048e-05
1.99684e-05
3.37012e-05
3.46628e-05
5.77174e-06
3.43934e-05
6.05787e-06
3.49241e-05
-3.01893e-05
3.80856e-06
3.21525e-05
-2.41231e-05
2.56649e-05
-2.08303e-06
5.41172e-07
-3.51845e-07
-2.2669e-05
9.30628e-07
2.20902e-05
-2.42321e-05
-1.33826e-06
1.46534e-06
2.41051e-05
-1.39757e-06
1.17279e-06
2.48313e-05
-8.82083e-07
3.65643e-07
2.54199e-05
-8.17013e-08
-6.21625e-07
2.67564e-05
2.17366e-06
-2.92964e-06
3.33253e-05
2.76244e-06
-4.40816e-08
4.66457e-05
-2.51389e-06
5.94618e-06
5.87795e-05
-9.29036e-06
1.23944e-05
6.4062e-05
-1.54414e-05
1.83558e-05
6.65094e-05
-2.07051e-05
2.25486e-05
6.64719e-05
-2.45331e-05
2.55879e-05
6.34094e-05
-2.69079e-05
2.72872e-05
5.84281e-05
-2.84475e-05
2.8646e-05
5.20468e-05
-2.94377e-05
2.88153e-05
4.59938e-05
-2.90738e-05
2.80614e-05
4.07745e-05
-2.78184e-05
2.62708e-05
3.69579e-05
-2.57817e-05
2.41733e-05
3.54996e-05
-2.30316e-05
2.09551e-05
3.52476e-05
-1.97278e-05
1.80819e-05
3.53131e-05
-1.60783e-05
1.3294e-05
3.64856e-05
-1.12589e-05
8.89586e-06
3.67564e-05
-3.36434e-05
-6.84979e-06
4.47771e-06
3.60155e-05
-2.75948e-05
2.91625e-05
-2.36952e-06
8.01779e-07
1.45712e-06
-2.68917e-07
-2.23774e-05
2.70879e-07
-4.80869e-07
-2.42212e-05
9.1188e-07
-1.38931e-06
-2.53095e-05
1.84297e-06
-2.45772e-06
-2.61371e-05
3.05554e-06
-3.79287e-06
-2.76141e-05
4.32012e-06
-4.67004e-06
-3.3576e-05
4.6394e-06
-3.35682e-06
-4.48322e-05
1.22836e-06
1.25453e-06
-5.56406e-05
-4.22817e-06
6.99473e-06
-6.07203e-05
-9.8872e-06
1.26861e-05
-6.32668e-05
-1.53564e-05
1.80273e-05
-6.35057e-05
-2.01727e-05
2.22997e-05
-6.16927e-05
-2.37798e-05
2.49601e-05
-5.75984e-05
-2.60537e-05
2.66435e-05
-5.17277e-05
-2.70717e-05
2.72165e-05
-4.61048e-05
-2.72866e-05
2.70585e-05
-4.16047e-05
-2.67678e-05
2.6209e-05
-3.81994e-05
-2.55379e-05
2.47579e-05
-3.70744e-05
-2.38408e-05
2.25696e-05
-3.69317e-05
-2.08258e-05
1.88741e-05
-3.71922e-05
-1.69749e-05
1.50359e-05
-3.88873e-05
-1.25586e-05
1.00294e-05
-3.93726e-05
-7.39282e-06
4.52503e-06
-3.92607e-05
-2.90719e-05
-4.34136e-06
5.82423e-07
-2.44618e-06
5.44392e-07
1.74366e-05
1.15482e-07
1.79125e-05
-6.03468e-07
1.27623e-07
-1.62622e-06
3.60303e-07
1.84347e-05
1.42156e-07
1.90145e-05
-7.36449e-07
1.56579e-07
-9.21829e-07
2.16906e-07
1.96296e-05
1.64099e-07
2.02664e-05
-8.03595e-07
1.66796e-07
-4.79851e-07
1.27268e-07
2.08849e-05
1.61567e-07
2.14334e-05
-6.9714e-07
1.48637e-07
-2.51169e-07
7.68128e-08
2.18706e-05
1.30955e-07
2.21783e-05
-4.20004e-07
1.12373e-07
-1.61296e-07
6.00188e-08
2.23543e-05
9.34473e-08
2.2435e-05
-1.61942e-07
8.1234e-08
2.94021e-10
2.59863e-08
2.24727e-05
6.75717e-08
2.25142e-05
-1.07659e-07
6.61608e-08
4.45107e-07
-3.01378e-08
2.25908e-05
6.87296e-08
2.26886e-05
-1.61437e-07
6.36482e-08
7.51537e-07
-7.65306e-08
2.27769e-05
5.44421e-08
2.28439e-05
-1.16271e-07
4.92144e-08
6.43208e-07
-8.84686e-08
2.29147e-05
5.11315e-08
2.29511e-05
-8.10078e-08
4.46292e-08
4.36298e-07
-7.8732e-08
2.293e-05
2.9359e-08
2.28118e-05
1.05628e-07
1.24829e-08
2.94396e-07
-6.19308e-08
2.26055e-05
-7.04074e-09
2.23062e-05
3.3334e-07
-3.39684e-08
1.84842e-07
-3.52534e-08
2.19247e-05
-6.61578e-08
2.14784e-05
5.34405e-07
-8.81523e-08
8.66841e-08
5.123e-09
2.09508e-05
-1.20798e-07
2.04044e-05
6.81283e-07
-1.34917e-07
-2.18672e-07
1.07834e-07
1.98464e-05
-1.47127e-07
1.92862e-05
7.14664e-07
-1.54498e-07
-5.96076e-07
1.8193e-07
1.8759e-05
-1.58869e-07
1.82714e-05
6.36495e-07
-1.4889e-07
-1.06356e-06
2.65334e-07
1.78448e-05
-1.31279e-07
1.74751e-05
4.7829e-07
-1.08554e-07
-1.63181e-06
4.17223e-07
1.71541e-05
-8.67526e-08
1.6907e-05
2.99735e-07
-5.26279e-08
-2.10532e-06
5.20781e-07
1.67155e-05
-1.95734e-08
1.65481e-05
1.45323e-07
2.21118e-08
-2.64073e-06
7.10895e-07
1.61199e-05
7.63816e-08
1.49928e-05
1.01073e-06
1.16329e-07
-5.49322e-07
6.39971e-07
1.61713e-07
-2.37812e-05
-2.47172e-05
-2.55391e-05
-2.63551e-05
-2.93751e-05
-3.54862e-05
-4.73984e-05
-5.70067e-05
-6.20114e-05
-6.39336e-05
-6.30855e-05
-6.04433e-05
-5.55114e-05
-4.97672e-05
-4.41874e-05
-3.98966e-05
-3.7115e-05
-3.64616e-05
-3.63151e-05
-3.77921e-05
-3.90435e-05
-3.9332e-05
-3.87346e-05
2.61626e-05
-3.98342e-08
-5.41847e-08
2.62566e-05
2.28514e-05
-1.83914e-07
2.25951e-05
2.63383e-05
1.79322e-07
-2.76343e-07
2.64353e-05
2.27683e-05
1.74866e-07
2.28956e-05
2.65143e-05
2.66103e-07
-2.74453e-07
2.65226e-05
2.36826e-05
5.43847e-07
2.4529e-05
2.65346e-05
4.92396e-07
-5.66797e-07
2.6609e-05
2.56164e-05
1.16619e-06
2.66197e-05
2.2724e-05
-4.64578e-06
2.49236e-05
2.68355e-05
8.41175e-07
-1.20836e-06
2.72027e-05
2.75079e-05
1.84202e-06
2.81179e-05
2.68172e-05
-3.20562e-06
2.83966e-05
2.7713e-05
1.30046e-06
-1.9805e-06
2.8393e-05
2.87939e-05
2.67437e-06
2.91963e-05
2.96596e-05
-1.91854e-06
3.06563e-05
2.93072e-05
1.54184e-06
-2.67515e-06
3.04405e-05
3.00304e-05
3.75679e-06
3.0859e-05
3.14142e-05
-1.09792e-06
3.20323e-05
3.17926e-05
1.4359e-06
-3.00042e-06
3.33572e-05
3.21457e-05
4.65092e-06
3.35279e-05
3.24503e-05
-5.4711e-07
3.27462e-05
3.4962e-05
1.10698e-06
-2.61567e-06
3.64707e-05
3.4938e-05
4.53862e-06
3.65874e-05
3.2795e-05
-2.11596e-07
3.28453e-05
3.76995e-05
7.99151e-07
-1.61977e-06
3.85201e-05
3.81443e-05
3.44117e-06
4.01617e-05
3.24906e-05
4.21458e-07
3.20695e-05
3.89062e-05
7.36164e-07
-8.10043e-07
3.898e-05
4.19589e-05
1.77951e-06
4.40442e-05
3.12615e-05
9.70887e-07
3.07357e-05
3.88487e-05
5.07313e-07
-2.41568e-07
3.8583e-05
4.53634e-05
3.83121e-07
4.66052e-05
3.00291e-05
1.2233e-06
2.95574e-05
3.83143e-05
8.07248e-08
1.24125e-07
3.81094e-05
4.68672e-05
-3.5095e-07
4.69318e-05
2.88567e-05
1.22321e-06
2.82767e-05
3.81933e-05
7.93133e-09
-1.00702e-07
3.82861e-05
4.62229e-05
-1.89652e-07
4.54191e-05
2.75284e-05
1.09301e-06
2.68717e-05
3.84243e-05
-1.57042e-07
1.7176e-07
3.84096e-05
4.40887e-05
-3.04469e-07
4.32806e-05
2.61323e-05
9.22697e-07
2.5504e-05
3.8273e-05
-4.75672e-07
8.68968e-07
3.78797e-05
4.19358e-05
-1.30099e-06
4.0894e-05
2.48365e-05
6.78842e-07
2.43425e-05
3.72909e-05
-9.2902e-07
1.6693e-06
3.65507e-05
3.94114e-05
-2.62928e-06
3.80749e-05
2.38014e-05
4.52616e-07
2.34355e-05
3.56565e-05
-1.35698e-06
2.30882e-06
3.47046e-05
3.65027e-05
-3.52001e-06
3.49679e-05
2.31255e-05
-1.13472e-07
2.30203e-05
3.3625e-05
-1.69368e-06
2.80517e-06
3.25135e-05
3.33518e-05
-4.15374e-06
3.16265e-05
2.29056e-05
-8.81942e-07
2.31915e-05
3.13483e-05
-1.79961e-06
3.00251e-06
3.01454e-05
3.00981e-05
-4.37839e-06
2.84269e-05
2.35475e-05
-1.90529e-06
2.43892e-05
2.89441e-05
-1.52744e-06
2.70013e-06
2.77714e-05
2.72999e-05
-3.94884e-06
2.59556e-05
2.53462e-05
-2.92518e-06
2.66396e-05
2.66828e-05
-1.18537e-06
2.19215e-06
2.5676e-05
2.53782e-05
-3.14183e-06
2.46014e-05
2.80265e-05
-3.43639e-06
2.93575e-05
2.47419e-05
-8.26935e-07
1.58812e-06
2.39807e-05
2.4554e-05
-2.06675e-06
2.43464e-05
3.10831e-05
-4.567e-06
3.30093e-05
2.35731e-05
-7.23468e-07
5.15378e-07
2.44142e-05
-3.99269e-07
9.62004e-08
2.50687e-05
3.81993e-07
-8.52394e-07
2.55754e-05
1.56953e-06
-2.3492e-06
2.85188e-05
3.2069e-06
-4.06321e-06
3.47289e-05
4.31386e-06
-5.07116e-06
4.98933e-05
3.25769e-06
-7.62815e-07
6.12376e-05
-2.37609e-06
6.60704e-06
6.54299e-05
-9.94865e-06
1.33672e-05
6.66624e-05
-1.66098e-05
1.93386e-05
6.49066e-05
-2.23048e-05
2.41259e-05
6.18995e-05
-2.58426e-05
2.72988e-05
5.63851e-05
-2.81286e-05
2.90022e-05
5.02235e-05
-2.93213e-05
2.97777e-05
4.44022e-05
-2.96666e-05
2.98814e-05
3.94874e-05
-2.90513e-05
2.86421e-05
3.65806e-05
-2.74006e-05
2.68662e-05
3.54439e-05
-2.52914e-05
2.42737e-05
3.49253e-05
-2.25896e-05
2.11999e-05
3.56083e-05
-1.93207e-05
1.71369e-05
3.66979e-05
-1.47352e-05
1.23896e-05
3.69702e-05
-9.77336e-06
7.4116e-06
3.51175e-05
-4.16637e-06
-4.52926e-07
-7.07489e-07
-7.32997e-07
-1.94477e-07
9.81819e-07
-1.07905e-06
1.07632e-06
-1.2708e-06
7.43925e-08
1.04368e-06
-8.4018e-07
1.35051e-06
-1.27612e-06
2.53387e-07
5.45857e-07
-1.62738e-07
1.11406e-06
-8.60675e-07
-3.43323e-07
-7.97139e-08
1.62056e-07
2.61552e-07
2.26234e-07
-5.99123e-07
2.59584e-07
5.95765e-07
-3.39539e-07
1.97717e-07
-9.08564e-07
1.16203e-06
1.07945e-07
8.9772e-08
1.23021e-07
-1.36445e-06
1.51833e-06
-2.47654e-07
3.70675e-07
7.42485e-08
-1.63793e-06
1.72406e-06
-4.67981e-07
5.42229e-07
4.39754e-08
-1.79123e-06
1.83538e-06
-6.02318e-07
6.46294e-07
3.29632e-08
-1.87375e-06
1.90087e-06
-6.84744e-07
7.17707e-07
2.81877e-08
-1.92661e-06
1.93927e-06
-7.51984e-07
7.80172e-07
1.27449e-08
-1.94212e-06
1.92763e-06
-8.0331e-07
8.16055e-07
-1.52576e-08
-1.89624e-06
1.84815e-06
-8.17303e-07
8.02045e-07
-3.37692e-08
-1.79639e-06
1.73988e-06
-7.77276e-07
7.43507e-07
-3.98962e-08
-1.68784e-06
1.63723e-06
-7.07081e-07
6.67185e-07
-3.91165e-08
-1.59665e-06
1.55936e-06
-6.29038e-07
5.89921e-07
-3.61613e-08
-1.53406e-06
1.51298e-06
-5.53285e-07
5.17124e-07
-2.71497e-08
-1.50935e-06
1.51383e-06
-4.85502e-07
4.58352e-07
-4.32188e-09
-1.54046e-06
1.59535e-06
-4.36852e-07
4.3253e-07
2.667e-08
-1.68416e-06
1.77847e-06
-4.51556e-07
4.78226e-07
3.84521e-08
-1.91107e-06
2.02573e-06
-5.27556e-07
5.66008e-07
1.04908e-07
-2.21025e-06
2.41727e-06
-6.46825e-07
7.51733e-07
1.84876e-07
-2.69324e-06
3.00435e-06
-8.92983e-07
1.07786e-06
2.0107e-07
-3.33074e-06
3.67084e-06
-1.27225e-06
1.47332e-06
3.36151e-07
-4.10571e-06
4.57134e-06
-1.74935e-06
2.0855e-06
2.36945e-07
-4.95416e-06
-2.34265e-06
2.31594e-07
1.57882e-07
9.73059e-08
6.00894e-08
3.84499e-08
3.42774e-08
2.31378e-08
1.24825e-09
-2.47693e-08
-3.6426e-08
-3.81475e-08
-3.6636e-08
-3.16221e-08
-2.15003e-08
1.90261e-08
4.93296e-08
8.08167e-08
1.4125e-07
1.94393e-07
2.76032e-07
2.57147e-07
-1.8442e-08
1.06192e-06
2.23274e-07
-1.07432e-08
-1.05881e-06
1.07788e-06
-2.00441e-07
1.89698e-07
8.76402e-09
-1.1138e-06
1.1609e-06
-1.90696e-07
1.9946e-07
2.47401e-08
-1.22009e-06
1.28915e-06
-2.16876e-07
2.41616e-07
-2.28323e-08
9.97773e-10
1.74162e-08
3.0047e-08
1.36621e-06
2.71663e-07
3.29815e-08
1.44871e-06
3.04645e-07
4.481e-08
-1.53874e-06
1.63609e-06
-3.42239e-07
3.87048e-07
5.97767e-08
-1.73937e-06
1.84369e-06
-4.40342e-07
5.00119e-07
6.61127e-08
-1.94603e-06
2.04148e-06
-5.6458e-07
6.30693e-07
5.88712e-08
-2.12625e-06
2.19833e-06
-6.94566e-07
7.53437e-07
4.36302e-08
-2.25861e-06
2.30842e-06
-8.05537e-07
8.49167e-07
3.19288e-08
-2.35174e-06
2.38739e-06
-8.87079e-07
9.19008e-07
3.29657e-08
-2.4224e-06
2.45817e-06
-9.50154e-07
9.8312e-07
2.85949e-08
-2.49019e-06
2.51604e-06
-1.01474e-06
1.04334e-06
3.12323e-08
-2.5373e-06
2.5572e-06
-1.07129e-06
1.10252e-06
2.60582e-08
-2.57091e-06
2.57421e-06
-1.13344e-06
1.1595e-06
1.44937e-08
-2.56585e-06
2.54432e-06
-1.18034e-06
1.19483e-06
-1.03731e-08
-2.50648e-06
2.4507e-06
-1.1987e-06
1.18833e-06
-3.67381e-08
-2.38362e-06
2.29956e-06
-1.16725e-06
1.13051e-06
-5.35552e-08
-2.2111e-06
2.11753e-06
-1.08406e-06
1.0305e-06
-6.59031e-08
-2.02396e-06
1.931e-06
-9.69571e-07
9.03668e-07
-6.20409e-08
-1.8471e-06
1.77786e-06
-8.38672e-07
7.76631e-07
-4.92321e-08
-1.7229e-06
1.68538e-06
-7.23044e-07
6.73812e-07
-2.56049e-08
-1.669e-06
1.67503e-06
-6.37559e-07
6.11954e-07
8.45424e-09
-1.70719e-06
1.77511e-06
-6.01911e-07
6.10365e-07
5.50961e-08
-1.86762e-06
-6.34193e-07
3.75937e-08
5.32934e-08
6.44617e-08
6.38727e-08
5.21002e-08
3.79121e-08
3.11459e-08
3.16213e-08
2.79496e-08
3.09266e-08
2.08382e-08
3.86688e-09
-2.10761e-08
-4.64542e-08
-6.09332e-08
-6.49966e-08
-5.35868e-08
-3.62533e-08
-1.00432e-08
2.38275e-08
)
;

boundaryField
{
    inlet
    {
        type            calculated;
        value           nonuniform List<scalar> 0();
    }
    outlet
    {
        type            calculated;
        value           nonuniform List<scalar> 
52
(
2.11892e-05
2.44312e-05
2.5787e-05
2.67518e-05
2.83514e-05
3.39259e-05
4.35496e-05
5.31577e-05
5.79538e-05
6.04679e-05
6.08348e-05
5.95657e-05
5.64181e-05
5.1138e-05
4.596e-05
4.18327e-05
3.87583e-05
3.78545e-05
3.82029e-05
3.91439e-05
4.08263e-05
4.19018e-05
4.21285e-05
3.28308e-05
1.62882e-05
2.37832e-05
2.51483e-05
2.59928e-05
2.69529e-05
2.99024e-05
3.54555e-05
4.52699e-05
5.4033e-05
5.9119e-05
6.12634e-05
6.09402e-05
5.89632e-05
5.44177e-05
4.9339e-05
4.41173e-05
4.01873e-05
3.77861e-05
3.73786e-05
3.80589e-05
3.96913e-05
4.15208e-05
4.19685e-05
3.89182e-05
5.29964e-06
2.5796e-06
1.97423e-06
6.89289e-07
)
;
    }
    wall
    {
        type            calculated;
        value           uniform 0;
    }
    empty_zmin
    {
        type            empty;
    }
    empty_zmax
    {
        type            empty;
    }
    procBoundary1to0
    {
        type            processor;
        value           nonuniform List<scalar> 
35
(
-0.000129364
-0.000128294
-0.00012904
-0.000128422
5.46387e-06
-0.000127764
-6.40241e-05
-3.18587e-05
-5.81672e-05
6.15928e-06
2.99665e-05
2.46572e-05
4.77481e-06
-2.20281e-05
-5.15975e-05
-7.98936e-05
-0.000107417
-0.000122568
-0.000129475
-0.00013197
1.73204e-06
1.89312e-06
-5.98449e-05
-6.10095e-05
-0.000118092
-5.33044e-07
-0.000115735
-9.78218e-05
-1.88135e-05
-4.10423e-05
-6.15759e-05
-6.04841e-05
5.15985e-07
1.50477e-06
1.6667e-07
)
;
    }
}


// ************************************************************************* //
