/*--------------------------------*- C++ -*----------------------------------*\
| =========                 |                                                 |
| \\      /  F ield         | OpenFOAM: The Open Source CFD Toolbox           |
|  \\    /   O peration     | Version:  2406                                  |
|   \\  /    A nd           | Website:  www.openfoam.com                      |
|    \\/     M anipulation  |                                                 |
\*---------------------------------------------------------------------------*/
FoamFile
{
    version     2.0;
    format      ascii;
    arch        "LSB;label=32;scalar=64";
    class       volScalarField;
    location    "4.38";
    object      Co;
}
// * * * * * * * * * * * * * * * * * * * * * * * * * * * * * * * * * * * * * //

dimensions      [0 0 0 0 0 0 0];

internalField   nonuniform List<scalar> 
2367
(
0.0769236
0.07621
0.0761463
0.0763388
0.0732717
0.0704205
0.132241
0.126515
0.131079
0.13147
0.139702
0.143694
0.0975878
0.0494972
0.102642
0.0522905
0.0297259
0.0346594
0.0442816
0.0530862
0.0623518
0.0667507
0.063117
0.0529529
0.0411912
0.0327469
0.123573
0.123218
0.0653162
0.129139
0.127916
0.0680908
0.0676153
0.0673107
0.139336
0.142173
0.0789958
0.0794477
0.0791484
0.0752633
0.0688653
0.114906
0.0926356
0.0677476
0.0475596
0.053797
0.0820022
0.109995
0.140807
0.075628
0.147107
0.148599
0.082298
0.0840764
0.0859727
0.0850944
0.157509
0.132977
0.0959642
0.0595602
0.0317606
0.037389
0.0801464
0.122636
0.157255
0.0851968
0.0863071
0.0852824
0.0809435
0.077985
0.0755134
0.073623
0.138562
0.132753
0.157953
0.163874
0.0931343
0.0948562
0.0970975
0.193352
0.183628
0.170182
0.18315
0.200402
0.0953813
0.0926217
0.0906632
0.0868999
0.0818909
0.0777314
0.145551
0.13945
0.167039
0.175628
0.0952612
0.103206
0.211096
0.228422
0.220765
0.231451
0.215608
0.1001
0.0919874
0.0871247
0.0842389
0.0808217
0.153388
0.145297
0.177322
0.187634
0.105403
0.217333
0.226736
0.252676
0.234574
0.212006
0.0999144
0.0930051
0.0877365
0.0832377
0.15931
0.150529
0.184467
0.195465
0.106695
0.216369
0.237875
0.234341
0.218115
0.0976517
0.0921611
0.0889544
0.0853844
0.164348
0.155854
0.19004
0.199849
0.108543
0.217808
0.226111
0.204518
0.208605
0.099151
0.0945943
0.0898444
0.0857551
0.167424
0.16026
0.193177
0.201455
0.107963
0.215177
0.22834
0.21453
0.208936
0.0960076
0.0917345
0.0889387
0.086357
0.169068
0.162793
0.194848
0.198888
0.106493
0.216886
0.237205
0.215487
0.213826
0.0948034
0.0898378
0.0863261
0.085249
0.168731
0.164509
0.198685
0.197949
0.102876
0.209432
0.214864
0.175198
0.198451
0.0920209
0.0893106
0.0873803
0.0860686
0.170907
0.164817
0.19966
0.202155
0.102693
0.105661
0.216359
0.0793407
0.16878
0.204502
0.094209
0.0908097
0.0886309
0.086748
0.170956
0.162987
0.199363
0.202709
0.105174
0.106655
0.211556
0.065804
0.0181678
0.0553018
0.168861
0.096729
0.0938265
0.0911847
0.0871178
0.0859029
0.170587
0.159878
0.198475
0.20328
0.102621
0.103091
0.0971896
0.0958595
0.00792138
0.0132683
0.030006
0.0228407
0.0377044
0.0897557
0.0935306
0.0908657
0.0887902
0.0863005
0.0852589
0.16841
0.155914
0.196876
0.201927
0.102968
0.103094
0.0985713
0.047899
0.0279075
0.0436923
0.0503001
0.0643293
0.0632592
0.0584731
0.0416913
0.0344412
0.0183197
0.0524631
0.0902047
0.0925822
0.0889919
0.0876354
0.0858247
0.0843229
0.166179
0.151285
0.19466
0.201997
0.103108
0.105504
0.102538
0.0588183
0.0258904
0.0312616
0.0576671
0.0577012
0.0314043
0.0590091
0.058138
0.0261201
0.0166611
0.0596926
0.0880917
0.0913122
0.0886805
0.0859445
0.0843099
0.0830501
0.16413
0.146149
0.0679003
0.0338882
0.037314
0.0365453
0.0318831
0.0338683
0.0385725
0.0371441
0.0329412
0.0200796
0.0596378
0.0842539
0.0841379
0.0811866
0.0809413
0.0813539
0.0810255
0.161177
0.140528
0.078774
0.0437205
0.0431798
0.0412445
0.0339413
0.0328088
0.041635
0.0434228
0.038841
0.0246267
0.0559624
0.0802701
0.0806433
0.0788065
0.0789237
0.0792974
0.0793193
0.158243
0.134948
0.116481
0.120689
0.122942
0.128146
0.131809
0.136995
0.14067
0.146394
0.116944
0.12689
0.141028
0.0745974
0.119783
0.0317934
0.0320558
0.0609106
0.102499
0.128433
0.13231
0.145348
0.13427
0.137299
0.150689
0.156255
0.18774
0.204649
0.201895
0.170201
0.184122
0.200768
0.198497
0.143124
0.160203
0.166229
0.236444
0.245199
0.244879
0.217603
0.221533
0.236033
0.237253
0.148075
0.170171
0.17502
0.276468
0.242043
0.259199
0.153227
0.178191
0.181767
0.250752
0.236467
0.233059
0.22765
0.220113
0.222574
0.158145
0.18422
0.186409
0.226313
0.222947
0.222024
0.207327
0.210846
0.210372
0.161679
0.188161
0.189847
0.227297
0.234901
0.239897
0.213913
0.220679
0.215696
0.163823
0.191336
0.193084
0.228653
0.222924
0.234132
0.219993
0.216843
0.20525
0.165216
0.192839
0.191919
0.0865655
0.123719
0.164194
0.19019
0.18787
0.041411
0.0633522
0.105846
0.0905591
0.0779554
0.161718
0.185428
0.182044
0.0100197
0.00851792
0.0516035
0.0342549
0.0297732
0.158078
0.177999
0.17233
0.0217053
0.036191
0.0286995
0.0538292
0.0446338
0.0724975
0.0619584
0.037618
0.0429806
0.0244305
0.0186533
0.0304879
0.153744
0.165332
0.158003
0.148813
0.15001
0.140374
0.143438
0.137743
0.132375
0.124041
0.132964
0.129488
0.12404
0.136431
0.135003
0.12878
0.142316
0.137253
0.129703
0.148063
0.146845
0.141485
0.150171
0.14535
0.145012
0.160154
0.155168
0.107888
0.113355
0.125995
0.0765011
0.0762179
0.0946958
0.0520272
0.0460872
0.0693321
0.0429879
0.0332032
0.0396954
0.0697458
0.0647616
0.0421238
0.0954289
0.102566
0.082765
0.11417
0.124358
0.118347
0.142714
0.140877
0.14302
0.148552
0.159783
0.154776
0.150425
0.167369
0.165117
0.165555
0.161022
0.158827
0.162835
0.162836
0.157448
0.137687
0.145441
0.149241
0.161414
0.16944
0.16436
0.16845
0.181861
0.175008
0.203115
0.208819
0.199469
0.190058
0.193896
0.205865
0.144534
0.150765
0.154938
0.171408
0.179853
0.174349
0.180953
0.186635
0.184107
0.22079
0.233895
0.228328
0.207745
0.216677
0.224292
0.151131
0.15537
0.159759
0.182508
0.187341
0.182376
0.194959
0.197391
0.191893
0.221426
0.228673
0.218736
0.242448
0.261429
0.242934
0.221212
0.229629
0.243752
0.208461
0.20835
0.217368
0.15655
0.159971
0.163963
0.189238
0.19298
0.188417
0.203834
0.199311
0.197124
0.229707
0.227556
0.220526
0.206206
0.205124
0.214094
0.161639
0.163871
0.167061
0.193994
0.19518
0.191508
0.208725
0.203113
0.199365
0.226699
0.222827
0.220441
0.203853
0.205145
0.208728
0.165241
0.166018
0.167596
0.19661
0.195341
0.193378
0.210146
0.20108
0.198455
0.224815
0.232422
0.224115
0.199196
0.20441
0.213527
0.167282
0.167824
0.16841
0.196187
0.198656
0.198229
0.204337
0.204457
0.199872
0.228173
0.227487
0.218226
0.201912
0.196986
0.208923
0.16884
0.170883
0.170714
0.19903
0.201078
0.199512
0.199286
0.20639
0.203108
0.216274
0.214424
0.20624
0.192214
0.167381
0.214335
0.200202
0.207654
0.165138
0.190127
0.192774
0.203504
0.171018
0.171669
0.172737
0.201135
0.201229
0.199395
0.202471
0.206654
0.203181
0.185493
0.179005
0.21317
0.20483
0.200415
0.165733
0.19567
0.194606
0.202973
0.17078
0.171575
0.173461
0.2017
0.202139
0.199011
0.20316
0.206529
0.20385
0.182671
0.189272
0.20988
0.0166629
0.0139136
0.0818312
0.086493
0.0881761
0.0417041
0.196352
0.196214
0.174124
0.169675
0.169444
0.171348
0.201872
0.200876
0.197887
0.203566
0.201429
0.200912
0.0169755
0.03187
0.112468
0.00866301
0.0214699
0.0205895
0.0237776
0.0144812
0.0118276
0.100457
0.120706
0.0475409
0.16736
0.167169
0.169358
0.200698
0.202049
0.196486
0.20272
0.20406
0.202881
0.035756
0.0470099
0.0400068
0.0477426
0.0565324
0.053414
0.0538154
0.0553239
0.0553867
0.0682973
0.0622969
0.0591037
0.0600031
0.0554666
0.0603048
0.0528588
0.046755
0.0529026
0.0326801
0.0334071
0.049036
0.0227285
0.0280964
0.0429421
0.025376
0.027173
0.0219548
0.164979
0.164471
0.16698
0.201201
0.201427
0.192388
0.202002
0.203245
0.20229
0.0584915
0.0663863
0.0647641
0.0609349
0.0614072
0.0604907
0.054613
0.0672219
0.0698257
0.0413815
0.0488566
0.0701439
0.162515
0.16171
0.164343
0.159487
0.158342
0.160783
0.15628
0.155026
0.157685
0.250934
0.194855
0.111163
0.11245
0.123957
0.0998304
0.0290312
0.0257281
0.0971074
0.0763601
0.0188771
0.00865567
0.0739247
0.0504227
0.0473508
0.0235745
0.0666975
0.0384882
0.0441781
0.0339526
0.0654275
0.0424241
0.0983714
0.0748145
0.0236554
0.0119277
0.240249
0.181263
0.196809
0.129847
0.226328
0.0987776
0.128794
0.0234668
0.135944
0.103669
0.104519
0.0541059
0.111041
0.0583397
0.116144
0.0616145
0.12017
0.0632258
0.122496
0.0634013
0.124496
0.0629736
0.125105
0.0597521
0.12267
0.0540868
0.11683
0.0461443
0.106699
0.0374839
0.0947929
0.0295567
0.0815343
0.0222129
0.0668276
0.0153019
0.0529569
0.00928559
0.0408917
0.0042185
0.0310456
0.00164576
0.240137
0.177956
0.222625
0.139096
0.242251
0.0925655
0.150461
0.0339108
0.146529
0.109021
0.129732
0.0941595
0.0224895
0.0137918
0.155999
0.115604
0.0707263
0.0525706
0.0917543
0.0700483
0.0406907
0.030541
0.047537
0.0157385
0.048496
0.0252426
0.0750108
0.0536735
0.0727838
0.0543361
0.222998
0.127049
0.189003
0.0546364
0.10894
0.056574
0.11442
0.06032
0.118416
0.0625995
0.121346
0.0634014
0.123211
0.0633084
0.124867
0.0616893
0.12386
0.0570223
0.120893
0.0505652
0.112165
0.041757
0.100955
0.0334301
0.0885776
0.0259169
0.0742745
0.0186413
0.059816
0.0122344
0.0467397
0.00662202
0.0358456
0.00214432
0.0266645
0.00278107
0.0885544
0.0437179
0.0979962
0.0504751
0.10899
0.0585071
0.119884
0.0668878
0.130367
0.0749755
0.140235
0.0823247
0.148656
0.0876941
0.153927
0.0895514
0.157044
0.0889562
0.160959
0.0854002
0.16121
0.0756997
0.152803
0.0590407
0.134113
0.0414202
0.109961
0.0255338
0.0758402
0.0109964
0.0354132
0.0086162
0.0366359
0.0174266
0.260284
0.196115
0.153121
0.11305
0.244135
0.161524
0.240982
0.127663
0.179642
0.0375992
0.0636728
0.0604862
0.150036
0.0790442
0.0248507
0.00460774
0.0521621
0.0316043
0.156677
0.116544
0.0984354
0.076385
0.122003
0.0896799
0.121458
0.0948294
0.0234724
0.0158197
0.136006
0.100856
0.236837
0.179848
0.102505
0.102032
0.0936884
0.0470167
0.104394
0.0547182
0.114698
0.0627331
0.125397
0.0710757
0.136244
0.0790501
0.145638
0.0856083
0.1522
0.0892287
0.155528
0.0895514
0.159802
0.0881586
0.161494
0.0813016
0.159096
0.0682573
0.144099
0.0499347
0.123212
0.0334327
0.0937524
0.0178456
0.0569805
0.00774383
0.0262829
0.01097
0.0466678
0.026665
0.0595107
0.0510217
0.0101961
0.00410691
0.0472387
0.00922561
0.0787569
0.0374916
0.0623697
0.0385611
0.0418152
0.0248547
0.0416542
0.0250481
0.0267962
0.0117158
0.0146388
0.00572544
0.0571869
0.0440799
0.145163
0.106688
0.243655
0.16296
0.116272
0.0492192
0.0550453
0.0598756
0.187793
0.201524
0.0997294
0.0992208
0.0993525
0.176588
0.197636
0.100083
0.103069
0.104334
0.130084
0.119602
0.109826
0.101128
0.19957
0.196814
0.182628
0.20147
0.199679
0.198936
0.193784
0.190559
0.171061
0.19784
0.198179
0.195704
0.0478075
0.0331814
0.0433401
0.0374009
0.0459287
0.0362136
0.043762
0.0374009
0.0395107
0.0376864
0.0408402
0.0455132
0.050362
0.0540023
0.034463
0.0380345
0.0448899
0.0521926
0.0596233
0.0588746
0.0565806
0.0532012
0.0481095
0.0441155
0.0608135
0.0557373
0.0501148
0.0433162
0.0365522
0.109439
0.108015
0.0553364
0.11308
0.112574
0.0591445
0.116047
0.114189
0.0606692
0.0603658
0.064382
0.0631592
0.101825
0.105431
0.105622
0.109688
0.109719
0.114704
0.108862
0.117392
0.115087
0.10737
0.11796
0.118805
0.113253
0.121729
0.119564
0.112992
0.123329
0.122273
0.115063
0.127914
0.124192
0.115345
0.129856
0.130222
0.0655792
0.0283459
0.0719168
0.0326436
0.0792686
0.0371301
0.0713727
0.0312495
0.0769956
0.0352246
0.0866103
0.0411588
0.0933838
0.0944334
0.0949521
0.0954392
0.0956886
0.0958706
0.0959857
0.0960563
0.0961008
0.0961239
0.0961652
0.0961732
0.096169
0.0961689
0.0961557
0.0961435
0.09613
0.0960912
0.0959419
0.095855
0.0955763
0.0951716
0.0945678
0.0955792
0.0938162
0.0926625
0.0939267
0.0948086
0.095256
0.095584
0.0957798
0.0959105
0.0960018
0.0960592
0.0961172
0.0961496
0.0961612
0.0961512
0.0961249
0.0960792
0.0960435
0.0960047
0.0957169
0.0955203
0.0950445
0.0942486
0.0930251
0.0953773
0.098669
0.095545
0.0469433
0.0470453
0.0472362
0.0473628
0.047491
0.0476159
0.04771
0.0477809
0.0478327
0.0478708
0.0478953
0.0479037
0.047895
0.0478638
0.0478141
0.0477432
0.0475893
0.0473786
0.0473152
0.0476813
0.0958003
0.100199
0.100658
0.09786
0.0479613
0.0474909
0.0473921
0.0474525
0.0475289
0.0476133
0.0476947
0.047773
0.047836
0.0478834
0.0479168
0.0479306
0.0479299
0.0479102
0.0478339
0.0477104
0.0476399
0.0476638
0.0481157
0.0489791
0.0989479
0.10085
0.10108
0.0989454
0.0483611
0.0477951
0.0475391
0.0474861
0.0475424
0.04761
0.0476715
0.0477271
0.0477829
0.0478289
0.047874
0.0479156
0.047929
0.0479105
0.047927
0.0479383
0.0479225
0.0481498
0.0485479
0.0491734
0.0996032
0.100042
0.101175
0.0994082
0.0488292
0.048265
0.0478486
0.0476331
0.0475533
0.0475723
0.047627
0.0477024
0.0477746
0.0479014
0.0479545
0.0479461
0.0479822
0.0480453
0.0480504
0.0480548
0.0481254
0.0484454
0.0490528
0.0497271
0.100611
0.0991473
0.101132
0.0996093
0.0487946
0.0483725
0.0480607
0.0477723
0.047631
0.0475957
0.0476172
0.0476413
0.0476272
0.0476088
0.0477419
0.0479712
0.0480455
0.0480797
0.0481603
0.0483012
0.0484618
0.0487935
0.0491775
0.0496534
0.100685
0.0982483
0.10105
0.0998524
0.0490477
0.0484909
0.0481193
0.0478935
0.0477088
0.0476117
0.0475728
0.0476581
0.047865
0.048061
0.0480383
0.0479827
0.0481364
0.0483138
0.0484214
0.0485346
0.0486379
0.0489139
0.0493878
0.0498828
0.101029
0.0974021
0.101165
0.0999332
0.0490534
0.0486298
0.0483467
0.0480738
0.0479074
0.0476858
0.0475659
0.0475672
0.0475517
0.0476041
0.0478841
0.0481474
0.0482259
0.0484049
0.0486546
0.0489142
0.0491782
0.0495401
0.0499742
0.0503107
0.101339
0.0965629
0.101338
0.100127
0.0492428
0.0488575
0.0485606
0.0482069
0.0478858
0.0476569
0.0475651
0.0475551
0.0477017
0.0478654
0.0478915
0.0480591
0.0483659
0.0485696
0.04874
0.0488754
0.0489969
0.0493916
0.0499267
0.050437
0.101871
0.0960082
0.101166
0.0998324
0.0493766
0.0488051
0.0485189
0.0482659
0.0480154
0.0478028
0.0475832
0.0475922
0.0477823
0.048021
0.048284
0.0484988
0.0486399
0.0489035
0.0491958
0.0494874
0.0497218
0.0502698
0.050653
0.0509038
0.102109
0.0953694
0.101237
0.1003
0.0496557
0.0492447
0.0489031
0.0485947
0.0482769
0.0479603
0.0476915
0.0474653
0.0474728
0.047658
0.0479002
0.0483287
0.04875
0.0491062
0.0494572
0.0497688
0.0499944
0.0500282
0.0500828
0.0508876
0.1025
0.0951324
0.10121
0.100302
0.0501429
0.0497008
0.0493838
0.0488993
0.0483969
0.0479679
0.0475685
0.0475107
0.0477031
0.0478938
0.0481687
0.0486035
0.0489545
0.0492936
0.0496887
0.0500968
0.0505984
0.051193
0.0515962
0.0516666
0.102304
0.0956217
0.101769
0.100937
0.0499541
0.0496357
0.0491752
0.0487524
0.0483363
0.0479585
0.0476885
0.0474316
0.0475275
0.0479476
0.048364
0.0487399
0.0492676
0.0497673
0.0501449
0.0504666
0.0505869
0.0505413
0.0507209
0.0515006
0.103327
0.09593
0.102086
0.101077
0.0512633
0.0507548
0.0502302
0.0496701
0.049226
0.0486927
0.0479116
0.0473024
0.0474215
0.0481817
0.0487868
0.0494414
0.0499676
0.0504238
0.0508787
0.0513065
0.0518491
0.0524873
0.0524908
0.0524944
0.103694
0.0963553
0.102932
0.101826
0.0511379
0.0508104
0.0504362
0.0500425
0.0492692
0.048331
0.0475737
0.0471544
0.0471942
0.0476909
0.0483571
0.0491835
0.0501954
0.0510053
0.0517231
0.052236
0.0522153
0.0519894
0.0523569
0.0531721
0.105157
0.0971657
0.104344
0.104045
0.0525798
0.0515649
0.0510347
0.0504099
0.0496233
0.0486271
0.0473529
0.0464528
0.0464574
0.0472036
0.0482174
0.0494811
0.0508212
0.0518915
0.0525986
0.052846
0.0532247
0.0537431
0.0537705
0.0538384
0.105763
0.0986701
0.105327
0.105153
0.0522199
0.0524072
0.0519202
0.0511841
0.0502551
0.0487568
0.0471092
0.0458026
0.0457122
0.0465374
0.0476285
0.0489306
0.0505451
0.0515929
0.0522296
0.0531208
0.0537648
0.0537998
0.0544545
0.0549558
0.107934
0.100181
0.107517
0.10772
0.0558414
0.0547348
0.0534235
0.0520189
0.0499671
0.0478758
0.0458147
0.0443292
0.0443505
0.0457988
0.0474054
0.0490676
0.0506647
0.0526217
0.0544331
0.0556178
0.0563781
0.0566799
0.0562646
0.0560126
0.108864
0.102242
0.0452863
0.0431245
0.0426551
0.0446083
0.0468051
0.0492549
0.0510668
0.0531709
0.0548565
0.0563524
0.0569541
0.057058
0.0577389
0.0578147
0.11224
0.104456
0.0446041
0.0412694
0.0407626
0.0431575
0.0461672
0.0498979
0.053239
0.0562859
0.0578814
0.0584148
0.0595272
0.0601019
0.0598841
0.0594508
0.114442
0.107502
0.0566229
0.0593387
0.0612002
0.0615785
0.0615277
0.0620219
0.0620834
0.117097
0.111764
0.0639973
0.0652579
0.0644902
0.0649208
0.0659819
0.0659029
0.0644607
0.121373
0.116245
0.0659274
0.0698924
0.0727829
0.0718822
0.0698927
0.0688016
0.0676126
0.126735
0.121176
0.109252
0.105718
0.111278
0.105038
0.105164
0.105185
0.10506
0.105331
0.105257
0.105425
0.105386
0.105472
0.105452
0.105506
0.105491
0.10553
0.10552
0.105547
0.10554
0.10555
0.105551
0.105553
0.105547
0.10555
0.105553
0.105549
0.105549
0.105548
0.105551
0.105533
0.10554
0.105509
0.105524
0.105471
0.10549
0.105446
0.105458
0.10542
0.105431
0.105314
0.105385
0.105172
0.105245
0.105023
0.105011
0.111283
0.105687
0.109252
0.095524
0.0920672
0.0921068
0.0953672
0.0983055
0.0983704
0.100077
0.100653
0.100848
0.100657
0.100098
0.100503
0.0997017
0.0990212
0.0995584
0.0986491
0.0980179
0.0985952
0.0975781
0.0970388
0.09772
0.0965473
0.096019
0.0969306
0.0956473
0.0950211
0.0962161
0.0948558
0.0942324
0.0956194
0.0940513
0.093641
0.0951798
0.0935084
0.0934711
0.0954875
0.093326
0.0937141
0.09597
0.0935288
0.0941477
0.0964677
0.093781
0.0946774
0.0973316
0.0945846
0.0954381
0.0986932
0.095834
0.0971612
0.100409
0.0969946
0.0991451
0.102414
0.0994437
0.101826
0.105145
0.108263
0.111757
0.116597
0.12077
0.125947
0.0551503
0.0542981
0.0524079
0.049716
0.0472435
0.0584289
0.0572822
0.0554191
0.0525449
0.0490656
0.0943486
0.0926703
0.0912892
0.0945991
0.0943329
0.0936634
0.0952738
0.0948227
0.0945594
0.0955856
0.0952628
0.0950312
0.0957837
0.095623
0.0954588
0.0959358
0.095802
0.0957157
0.0960254
0.0959174
0.0958604
0.0960822
0.0959978
0.0959589
0.09611
0.0960708
0.096035
0.096149
0.0961084
0.096094
0.0961697
0.0961234
0.0961152
0.0961723
0.0961499
0.0961377
0.0961706
0.0961504
0.0961492
0.0961622
0.0961526
0.0961503
0.0961501
0.096117
0.0961341
0.0961377
0.0960463
0.0960851
0.0961181
0.0958778
0.0959668
0.0960266
0.0957265
0.0957915
0.0958776
0.0955687
0.0957043
0.095754
0.0951363
0.0953699
0.0953898
0.0944309
0.0948064
0.094879
0.0932904
0.0939543
0.0934398
0.0913567
0.0927042
0.0928085
0.0946794
0.0964603
0.0932049
0.0938253
0.0938455
0.094567
0.0945851
0.0942205
0.0950698
0.095193
0.0948474
0.0954648
0.0955117
0.0952927
0.0957156
0.0956847
0.0955432
0.095866
0.0958087
0.0956958
0.0959675
0.0959179
0.0958432
0.096033
0.0959973
0.0959468
0.0960942
0.0960681
0.096022
0.0961408
0.0961181
0.0960855
0.0961596
0.0961441
0.0961295
0.096167
0.0961586
0.0961483
0.0961512
0.0961566
0.0961493
0.0961249
0.0961173
0.0961124
0.0960774
0.0960397
0.0960648
0.0960371
0.0958356
0.0959477
0.0959035
0.0956381
0.0957125
0.0956239
0.0954482
0.0955795
0.0952954
0.0949968
0.0953584
0.0946833
0.094592
0.0949608
0.0933694
0.0943241
0.0943667
0.093788
0.0964037
0.0946708
0.0968991
0.0977155
0.0997006
0.0939358
0.095421
0.0962352
0.0985615
0.0998981
0.0981968
0.0991406
0.0990428
0.100555
0.0966133
0.0971885
0.0978512
0.100664
0.100996
0.0997848
0.100044
0.0994391
0.100636
0.0976638
0.0979779
0.0985595
0.101231
0.101238
0.100245
0.100344
0.0997426
0.100727
0.0985652
0.0983263
0.0988762
0.101506
0.101281
0.100471
0.100475
0.0999999
0.100817
0.0987093
0.0983415
0.0990438
0.101633
0.101301
0.100532
0.100521
0.100052
0.100776
0.0993722
0.0984386
0.0990539
0.101669
0.101404
0.100561
0.100844
0.0998256
0.100508
0.0990451
0.0989771
0.0991972
0.10183
0.10159
0.101169
0.101001
0.10021
0.100651
0.0995909
0.0988702
0.0994571
0.102131
0.102035
0.101739
0.100809
0.10079
0.100929
0.0990743
0.100335
0.100406
0.102331
0.102398
0.102772
0.100998
0.101434
0.101451
0.0998544
0.100363
0.100825
0.102274
0.103285
0.103861
0.101013
0.102464
0.102307
0.0999467
0.101702
0.101668
0.10285
0.104204
0.104907
0.101451
0.103027
0.102879
0.100723
0.101032
0.102176
0.10369
0.104668
0.104864
0.10185
0.104438
0.103972
0.10113
0.104419
0.104273
0.10391
0.10636
0.107302
0.102468
0.10509
0.104516
0.101771
0.104138
0.104695
0.105266
0.107483
0.108807
0.104538
0.107426
0.106801
0.103977
0.108253
0.107209
0.105966
0.11
0.111253
0.104961
0.108938
0.108362
0.105098
0.105999
0.108146
0.10833
0.111251
0.112649
0.107787
0.11358
0.111783
0.108347
0.115059
0.114184
0.109194
0.115101
0.116648
0.112338
0.118008
0.120466
0.114555
0.120882
0.123394
0.116948
0.126781
0.130038
0.122009
0.130156
0.132993
0.126416
0.135387
0.139156
0.105477
0.0851994
0.0983817
0.0616716
0.0935733
0.0449375
0.0816531
0.0319303
0.071207
0.0255145
0.063127
0.0220474
0.0563014
0.0197519
0.0510873
0.0181499
0.046775
0.016802
0.043813
0.0158738
0.0415279
0.0152331
0.0413013
0.0153761
0.0434777
0.0158457
0.0470227
0.0171733
0.0500343
0.0190806
0.0525769
0.0207189
0.0557245
0.0228066
0.0584642
0.0244206
0.0630836
0.0270431
0.0669076
0.0296118
0.0721277
0.0327172
0.0785463
0.0366238
0.0841066
0.0405393
0.0908271
0.0448733
0.106995
0.0982877
0.0988904
0.0705252
0.0973005
0.053378
0.0877459
0.0374279
0.0759955
0.0281552
0.0669159
0.0235489
0.0593995
0.0207413
0.0534623
0.0188837
0.0487605
0.017421
0.0451547
0.01631
0.0423967
0.0154524
0.0411468
0.0152592
0.0421423
0.0155909
0.0456107
0.016508
0.0492374
0.0182787
0.0519831
0.0201814
0.0553397
0.0220571
0.0579826
0.0239972
0.062287
0.0260718
0.0668449
0.0290019
0.0721143
0.0319554
0.0778678
0.0353432
0.0839429
0.039432
0.0896358
0.0432885
0.0961866
0.0477698
0.105527
0.0851971
0.0983529
0.0615555
0.0933744
0.0446752
0.0813942
0.0316095
0.0707067
0.0251026
0.0624748
0.0215735
0.0555083
0.019112
0.0497936
0.0172325
0.0453712
0.0158065
0.0419626
0.014683
0.0392676
0.0138074
0.0378431
0.0134185
0.0389036
0.0135697
0.0421778
0.014539
0.0455104
0.0162508
0.0489006
0.0182174
0.0522022
0.0203025
0.0555792
0.0223126
0.0606191
0.025479
0.106997
0.0982877
0.0989073
0.0704715
0.0971975
0.0531758
0.0875092
0.0371406
0.0754212
0.0277133
0.0661954
0.0230747
0.0587622
0.0202375
0.0525463
0.0181449
0.0473635
0.0164617
0.0433126
0.0151379
0.0403821
0.0141567
0.0385023
0.013605
0.0383207
0.0135485
0.0408462
0.0140694
0.0445811
0.0155438
0.0475807
0.0172949
0.0507732
0.0193332
0.0545898
0.0215879
0.0597601
0.0242823
0.0637767
0.0271658
0.0929441
0.0561897
0.0427193
0.0397207
0.0340559
0.026863
0.0400385
0.0439751
0.0420245
0.0280691
0.0485129
0.0755632
0.0768116
0.0772133
0.0779991
0.0780852
0.077749
0.155385
0.12983
0.0764255
0.0469678
0.0337307
0.0276197
0.0171874
0.0299009
0.0381663
0.0394211
0.0274869
0.0375586
0.0705558
0.0740823
0.0753648
0.0753187
0.0752709
0.0756257
0.152556
0.125197
0.0707526
0.070087
0.0710959
0.0726481
0.0742865
0.150174
0.121645
0.127479
0.123272
0.153202
0.152132
0.15474
0.150614
0.149405
0.151532
0.148474
0.0978559
0.0708722
0.0478458
0.0307733
0.0118442
0.0105533
0.0248326
0.0303572
0.0207533
0.0259697
0.0654026
0.0224864
0.0038489
0.0156097
0.00555316
0.0106488
0.00689903
0.0188946
0.00475901
0.0130475
0.00632732
0.137751
0.187802
0.0985198
0.10492
0.112225
0.112431
0.0555981
0.175385
0.192663
0.165403
0.19473
0.100404
0.104758
0.107702
0.153571
0.191325
0.100276
0.10617
0.111816
0.106524
0.0924393
0.0830655
0.073579
0.0642965
0.187852
0.184822
0.160016
0.197342
0.197059
0.192447
0.182428
0.178915
0.146377
0.195559
0.194519
0.189029
0.0317426
0.0240455
0.0224109
0.0431545
0.0357917
0.0367474
0.029015
0.0403461
0.0324338
0.0338334
0.0261345
)
;

boundaryField
{
    inlet
    {
        type            zeroGradient;
    }
    outlet
    {
        type            zeroGradient;
    }
    wall
    {
        type            zeroGradient;
    }
    empty_zmin
    {
        type            empty;
    }
    empty_zmax
    {
        type            empty;
    }
    procBoundary0to1
    {
        type            processor;
        value           nonuniform List<scalar> 
35
(
0.0664235
0.0688436
0.0724336
0.0737407
0.150362
0.0747378
0.150362
0.120433
0.147962
0.109632
0.0952222
0.0747795
0.0554405
0.0357186
0.0202116
0.0199143
0.018738
0.00806279
0.0184168
0.0582358
0.00863203
0.00733187
0.12854
0.18478
0.0957332
0.191089
0.101263
0.110035
0.113528
0.047586
0.170328
0.191089
0.0298545
0.0210664
0.0298545
)
;
    }
}


// ************************************************************************* //
