/*--------------------------------*- C++ -*----------------------------------*\
| =========                 |                                                 |
| \\      /  F ield         | OpenFOAM: The Open Source CFD Toolbox           |
|  \\    /   O peration     | Version:  2406                                  |
|   \\  /    A nd           | Website:  www.openfoam.com                      |
|    \\/     M anipulation  |                                                 |
\*---------------------------------------------------------------------------*/
FoamFile
{
    version     2.0;
    format      ascii;
    arch        "LSB;label=32;scalar=64";
    class       volScalarField;
    location    "4";
    object      Co;
}
// * * * * * * * * * * * * * * * * * * * * * * * * * * * * * * * * * * * * * //

dimensions      [0 0 0 0 0 0 0];

internalField   nonuniform List<scalar> 
2367
(
0.0461541
0.0573705
0.0537178
0.0510871
0.0488642
0.111996
0.140421
0.143735
0.00420402
0.0100121
0.0474817
0.130228
0.191063
0.100931
0.106994
0.114289
0.114148
0.100663
0.0755236
0.0526375
0.0346005
0.0171579
0.00727747
0.0221637
0.0305581
0.0238556
0.0346302
0.0620613
0.0660556
0.0664508
0.0667713
0.0679967
0.069762
0.140728
0.11062
0.106865
0.185707
0.0986331
0.10374
0.112119
0.115828
0.112474
0.0989465
0.0788005
0.0596353
0.0403399
0.0211717
0.0154767
0.0151518
0.00958354
0.0236788
0.0561271
0.0612384
0.0631264
0.0675522
0.0694358
0.0707452
0.141793
0.110953
0.0831124
0.176589
0.0950064
0.098491
0.106405
0.112676
0.113202
0.107473
0.0946557
0.0796967
0.0617434
0.0432992
0.0307555
0.0209203
0.0114822
0.017418
0.0488748
0.063564
0.0669691
0.0698452
0.070924
0.0718336
0.143151
0.111914
0.0540006
0.0453317
0.0374216
0.110635
0.0305122
0.0244985
0.111376
0.0194532
0.0151462
0.112536
0.0655295
0.161628
0.0887002
0.0922852
0.0974773
0.102913
0.106211
0.105873
0.0983545
0.0877092
0.0739111
0.0586946
0.0494914
0.0341801
0.0311201
0.0303609
0.0491304
0.0680141
0.0730599
0.0742639
0.0741841
0.0739957
0.145135
0.113309
0.0527596
0.141366
0.0804973
0.0848366
0.0889317
0.093457
0.0955987
0.0974029
0.0947034
0.0883172
0.0792876
0.0678712
0.0622332
0.0502297
0.0490671
0.0469015
0.0556625
0.0736061
0.0824105
0.0820047
0.0795042
0.0772901
0.148938
0.115568
0.053722
0.119009
0.0709398
0.0763449
0.0799425
0.0837614
0.0854754
0.0873445
0.0875508
0.0849522
0.0797702
0.0724489
0.0702531
0.0624633
0.0628858
0.0601805
0.0646918
0.0767615
0.0882254
0.0877779
0.0839685
0.0799984
0.153139
0.117503
0.0598601
0.104832
0.0614652
0.0672106
0.0712373
0.0750055
0.0769871
0.0786821
0.0793343
0.0784382
0.0767287
0.0744651
0.075028
0.0725486
0.0756786
0.0727497
0.0754634
0.0799929
0.0899162
0.0886809
0.0849159
0.0805466
0.154767
0.117513
0.0627239
0.092589
0.0539293
0.0588755
0.0623538
0.0659406
0.0671277
0.0688023
0.0710901
0.0728902
0.0744478
0.0757363
0.0779945
0.078619
0.0840946
0.0823174
0.0857736
0.0862715
0.092481
0.0896189
0.0848494
0.0810309
0.158046
0.115296
0.0633767
0.0826693
0.0483625
0.052798
0.0554129
0.0587241
0.0585022
0.061447
0.0650649
0.068346
0.0716498
0.0745652
0.078844
0.0806385
0.0871192
0.0882616
0.0941058
0.0958294
0.0992623
0.0947196
0.0884744
0.0858687
0.167166
0.106711
0.0628286
0.0752732
0.0436041
0.0475112
0.0490632
0.0512869
0.0500501
0.0542502
0.0576959
0.0608472
0.0643199
0.0677579
0.0736529
0.0775302
0.0833783
0.086929
0.0945313
0.100007
0.10281
0.0978584
0.0932486
0.0929678
0.177658
0.0855912
0.0618093
0.07012
0.0384395
0.0416928
0.0435855
0.0444303
0.0428619
0.0455902
0.0471803
0.0489992
0.0518552
0.0551623
0.0602909
0.0651849
0.0708322
0.077074
0.0858039
0.0939458
0.100893
0.103392
0.102481
0.101063
0.186647
0.0621541
0.0614442
0.0661165
0.0335854
0.0355956
0.0367184
0.034982
0.0330545
0.0339608
0.034878
0.0362081
0.0391121
0.043462
0.0496411
0.0567108
0.0638979
0.072757
0.0888405
0.106667
0.113895
0.112161
0.109537
0.105771
0.183884
0.0462506
0.0617529
0.0647883
0.0311625
0.0308904
0.0303923
0.0276174
0.0252076
0.024052
0.0234992
0.0247452
0.0291637
0.0353611
0.0427525
0.0535441
0.0687432
0.0885542
0.107008
0.116507
0.117346
0.113494
0.110875
0.105785
0.167657
0.0339902
0.0625908
0.0648552
0.0301551
0.0272323
0.0245113
0.021198
0.0183653
0.0181849
0.0208725
0.0260897
0.0346141
0.0454896
0.0583249
0.0740255
0.0906637
0.106669
0.116119
0.118468
0.116763
0.112202
0.109145
0.101195
0.146398
0.0190524
0.0630662
0.0651437
0.030033
0.0258683
0.0232114
0.0235514
0.0254304
0.0296835
0.0355461
0.0428064
0.0528379
0.0650213
0.0780798
0.0920828
0.103902
0.113046
0.11683
0.116236
0.112635
0.107349
0.102941
0.091461
0.124912
0.00588605
0.0639232
0.0664114
0.0303702
0.0277831
0.0289909
0.032703
0.0362571
0.0418897
0.0483017
0.0558836
0.0656798
0.076773
0.0878607
0.0988093
0.107122
0.112428
0.112758
0.11004
0.105716
0.0998095
0.0934419
0.082835
0.119455
0.0089696
0.066793
0.0690732
0.0320595
0.03242
0.0374994
0.042585
0.0459806
0.0512421
0.0567493
0.063882
0.0727514
0.0821965
0.0911357
0.099956
0.106016
0.1079
0.10645
0.102982
0.0983638
0.0922763
0.085054
0.0761347
0.120341
0.022372
0.0717628
0.0731781
0.0355931
0.037448
0.0433987
0.0474965
0.0502032
0.0559073
0.0620739
0.0692008
0.0765407
0.0839628
0.0911505
0.0973386
0.100604
0.10032
0.0986486
0.0953832
0.0913045
0.0862024
0.0785423
0.0697171
0.114816
0.0350775
0.0760063
0.0791969
0.0391065
0.0413895
0.0485753
0.0532402
0.0563535
0.0618633
0.0665593
0.0719323
0.0779296
0.0834835
0.0885763
0.0918588
0.0936495
0.0930465
0.0913512
0.088539
0.0850034
0.0805595
0.0727068
0.0640541
0.106528
0.0439993
0.0804796
0.0862285
0.0406341
0.0438911
0.0516078
0.0561462
0.0584161
0.0629002
0.0678165
0.0726845
0.0778344
0.0812683
0.0847721
0.0866131
0.087665
0.0866114
0.0850657
0.0828243
0.0793849
0.0747602
0.0671877
0.0594509
0.0999265
0.0499878
0.0826146
0.0896327
0.042133
0.0474325
0.0544462
0.0590418
0.0619028
0.0662073
0.0711437
0.0737263
0.0771305
0.0792304
0.0813883
0.0826853
0.0833128
0.0824701
0.0810116
0.0780275
0.0741731
0.0694236
0.0625129
0.0557855
0.0953977
0.0544933
0.0821778
0.0906708
0.0463835
0.0537017
0.0591016
0.0639176
0.0672596
0.0698078
0.0730622
0.0745926
0.076865
0.0780216
0.0789036
0.080082
0.080038
0.0789508
0.076733
0.0732151
0.0695411
0.0647497
0.0586879
0.0525079
0.0913816
0.0578336
0.0798537
0.09518
0.0534
0.0606299
0.0645877
0.0693624
0.0723988
0.0740123
0.076052
0.0771355
0.0777851
0.0781956
0.0780151
0.0776867
0.0765065
0.0747231
0.0716576
0.0678262
0.0645122
0.0599114
0.0548212
0.0495599
0.0875567
0.0598401
0.0774803
0.105037
0.05893
0.0643456
0.0684836
0.0736424
0.07669
0.0784926
0.0798874
0.0807515
0.0794985
0.0783587
0.0768955
0.0753454
0.0729299
0.0704413
0.0667883
0.0627434
0.0597409
0.055586
0.0513505
0.0755368
0.111984
0.0612881
0.0651935
0.0711784
0.0767196
0.0802726
0.0825159
0.0835645
0.0837349
0.0805353
0.079138
0.0766285
0.0739494
0.0703889
0.0677962
0.0637003
0.0594658
0.0563658
0.0527147
0.0490489
0.0740582
0.117126
0.0628387
0.066754
0.0743829
0.0790857
0.0827952
0.0849163
0.0855979
0.0851091
0.0808724
0.0788705
0.0756655
0.0719835
0.0675267
0.0645747
0.0604389
0.0563455
0.05339
0.0505858
0.0745502
0.111173
0.0668135
0.0688811
0.0738133
0.0784716
0.0819897
0.0830171
0.0827987
0.0817177
0.0788407
0.07724
0.0735373
0.0688535
0.0644837
0.061199
0.0103413
0.00559359
0.114451
0.00155583
0.00246292
0.11664
0.006383
0.0120368
0.117979
0.0182309
0.0239217
0.116701
0.0286461
0.0326126
0.112274
0.0359245
0.0386806
0.0967986
0.0410187
0.0429929
0.0735889
0.0446286
0.046
0.0528871
0.0471262
0.0480004
0.0403002
0.0490891
0.0504316
0.0267134
0.0516698
0.0523674
0.0116559
0.0525023
0.0524178
0.00446162
0.0521817
0.0518163
0.0151807
0.051321
0.0504088
0.0290865
0.0487779
0.0467363
0.0399842
0.0454685
0.0459046
0.0472447
0.0467845
0.0479089
0.0523944
0.0490633
0.0502443
0.0563225
0.0514708
0.0530729
0.0590365
0.0552762
0.0576121
0.0602918
0.0596739
0.0616535
0.0629034
0.0635113
0.0637256
0.0636663
0.0636376
0.0632413
0.179777
0.140497
0.198678
0.192608
0.175741
0.17027
0.118978
0.197284
0.195329
0.188131
0.138375
0.138493
0.141097
0.163928
0.15638
0.0947349
0.193507
0.190679
0.181174
0.138966
0.139456
0.142261
0.148298
0.138894
0.0734574
0.186996
0.181963
0.169604
0.140144
0.141148
0.144164
0.129169
0.119573
0.0593055
0.174507
0.166709
0.15193
0.14194
0.143843
0.147594
0.109755
0.10098
0.0509459
0.156584
0.147058
0.129934
0.145012
0.146951
0.15206
0.0958302
0.0941425
0.0569819
0.134797
0.125321
0.112286
0.148307
0.150061
0.155811
0.0915581
0.087938
0.0616651
0.114389
0.107365
0.0985789
0.149733
0.149668
0.156043
0.0841051
0.0803577
0.0632172
0.100324
0.0956388
0.0875762
0.150627
0.151559
0.160491
0.0771238
0.0741557
0.0632033
0.0904547
0.0863571
0.0787464
0.155307
0.157561
0.172066
0.0714957
0.0689471
0.062302
0.0820792
0.0791245
0.0727774
0.1575
0.153585
0.183401
0.0671235
0.0658637
0.0614898
0.0744052
0.0713509
0.0680655
0.143714
0.129359
0.186568
0.0652979
0.0646962
0.0614181
0.0665304
0.0650429
0.0649459
0.114132
0.10033
0.178467
0.0646264
0.0647112
0.0622149
0.0639636
0.0636963
0.0645899
0.0882971
0.0795739
0.159747
0.0648434
0.0647177
0.0627958
0.0640875
0.063535
0.064609
0.0698566
0.0619319
0.139398
0.0649304
0.0649807
0.0633576
0.0642564
0.063798
0.0649496
0.0518527
0.0475576
0.118791
0.0659966
0.0672526
0.0650318
0.0653608
0.0649048
0.067056
0.0526232
0.0582074
0.119691
0.0689755
0.0705806
0.0691335
0.0667714
0.0672591
0.0704326
0.0639699
0.0681853
0.1181
0.0730625
0.075692
0.0741274
0.0703858
0.0724982
0.0754601
0.0716638
0.073569
0.110351
0.0787397
0.0816367
0.0784226
0.0768628
0.0803769
0.0828526
0.0750382
0.0757306
0.10273
0.084629
0.0871984
0.0819029
0.0822565
0.0834442
0.0884158
0.0764086
0.0770172
0.0975981
0.089604
0.0914895
0.0827851
0.0835894
0.0843877
0.0902366
0.0775901
0.078138
0.0934641
0.0929594
0.0942757
0.0810202
0.0860531
0.0888134
0.0916031
0.078451
0.0785723
0.0894085
0.096778
0.0995195
0.0786422
0.0950867
0.100757
0.0995948
0.0783998
0.078068
0.0863091
0.101729
0.102369
0.0767283
0.106618
0.111094
0.109572
0.100641
0.0994294
0.0746245
0.113393
0.116269
0.114568
0.0961836
0.0925747
0.0741333
0.120469
0.126265
0.115858
0.0892351
0.0878732
0.0753465
0.131062
0.128232
0.105586
0.00376109
0.0100121
0.00959006
0.00992221
0.0172285
0.00806315
0.00611769
0.010009
0.0136826
0.00944358
0.0200253
0.00607424
0.0222159
0.00392127
0.0258247
0.001948
0.0288506
0.00487512
0.0330341
0.00796543
0.0422536
0.0149856
0.0504829
0.02608
0.0454853
0.0275918
0.0344738
0.022171
0.0219467
0.0152052
0.0130214
0.00666478
0.020609
0.0119509
0.023047
0.0201854
0.0207531
0.0211516
0.0164102
0.0165612
0.00940443
0.0081665
0.0156836
0.0025115
0.019182
0.00450714
0.0216306
0.00637616
0.0231993
0.00759839
0.0237175
0.00818633
0.024142
0.00198278
0.0272223
0.00345609
0.0308293
0.00634635
0.0367193
0.0106067
0.0484003
0.0209607
0.0454848
0.0275918
0.0426314
0.0260794
0.0274186
0.018461
0.0169342
0.0114969
0.0149431
0.00633262
0.0236764
0.0171796
0.0202843
0.0211516
0.0196576
0.0197166
0.0107521
0.0124181
0.0128536
0.00434105
0.0176389
0.00316618
0.0205076
0.00554172
0.0225503
0.00706425
0.0235971
0.0079776
0.0236885
0.00826321
0.0238428
0.0176014
0.0217688
0.0148654
0.0209411
0.0136973
0.0250643
0.0226936
0.016181
0.0209433
0.0138963
0.0238991
0.0153891
0.0268111
0.0181285
0.0281523
0.0235174
0.025531
0.0232915
0.0205185
0.0179212
0.0103977
0.0103765
0.00759937
0.00436755
0.0117881
0.00128042
0.0145754
0.0023386
0.0164391
0.00322536
0.0176521
0.00359735
0.0186474
0.00403771
0.0191389
0.00432187
0.0198035
0.00479345
0.0202573
0.00552315
0.0199024
0.00562062
0.0202622
0.00560207
0.0230137
0.00681593
0.0265516
0.00869889
0.0299074
0.0106651
0.0334975
0.0127962
0.0366856
0.0151404
0.0380799
0.016943
0.0378698
0.0180019
0.0371109
0.0188883
0.0289704
0.0213161
0.0261769
0.0235174
0.0236817
0.0213005
0.0161434
0.0141625
0.00689318
0.00701842
0.00991614
0.00226423
0.0133129
0.00163147
0.0156354
0.00286471
0.016998
0.00341181
0.018279
0.00384041
0.0189037
0.00418482
0.0194027
0.00449675
0.0201304
0.0051692
0.0199033
0.00562062
0.0194736
0.00541945
0.0215048
0.00611247
0.0247459
0.00770264
0.0283056
0.00971352
0.0315793
0.0116475
0.0353292
0.0140262
0.03773
0.0161621
0.038005
0.0174998
0.0375967
0.0184877
0.0366114
0.0192498
0.0445243
0.0825449
0.0601383
0.0594195
0.0475003
0.085197
0.0605376
0.0459897
0.083707
0.0606669
0.0606212
0.0605597
0.0769095
0.0763825
0.0818854
0.0776969
0.0774364
0.0843331
0.0772898
0.077158
0.0830489
0.0233519
0.00813239
0.0230907
0.00795924
0.023649
0.00828894
0.023635
0.00829147
0.0236232
0.00829147
0.0235321
0.00823623
0.0429337
0.0809678
0.0585881
0.0484653
0.0467101
0.04434
0.0408839
0.0774572
0.0569966
0.0571466
0.0531809
0.0509111
0.0488732
0.0464562
0.0450333
0.0435338
0.0413774
0.0381021
0.0724446
0.0553258
0.0491986
0.0458594
0.0438662
0.0417469
0.0399821
0.0396808
0.038895
0.0373593
0.0348476
0.0667883
0.0536615
0.0577743
0.0562012
0.0544474
0.0531458
0.0639482
0.0591752
0.055652
0.0529612
0.050368
0.0753504
0.0739768
0.0794834
0.0722239
0.0703415
0.0752432
0.0680641
0.0656906
0.0700781
0.06309
0.0610677
0.0647405
0.0762855
0.101179
0.0723581
0.0784482
0.0752636
0.0757108
0.0789036
0.0798734
0.079916
0.0795388
0.0782773
0.0746793
0.069141
0.0779839
0.0992561
0.0722459
0.0886358
0.091998
0.0838834
0.0777988
0.0776746
0.0778101
0.0762125
0.0739733
0.0687015
0.0759385
0.0967906
0.0680022
0.0917312
0.106243
0.102784
0.0909001
0.0798178
0.0686439
0.0889757
0.062292
0.0896262
0.0625269
0.0614047
0.0596952
0.057336
0.0543393
0.0509131
0.0473002
0.0436845
0.0626428
0.074971
0.0714184
0.0669414
0.0599408
0.0541431
0.113768
0.117835
0.109941
0.095938
0.080429
0.0685868
0.0618095
0.0555946
0.0495414
0.0426447
0.038179
0.0363487
0.0345947
0.0338511
0.0346825
0.0346919
0.0338448
0.032084
0.0619062
0.0528762
0.0593373
0.0753448
0.0542827
0.0829234
0.113687
0.122542
0.119798
0.111405
0.0967571
0.0800761
0.0660547
0.0550192
0.0459872
0.0378907
0.0333601
0.0321282
0.0313742
0.0317599
0.0330454
0.0332743
0.0324133
0.0310107
0.0605907
0.052875
0.0498652
0.0584206
0.0422538
0.0712781
0.108831
0.121631
0.121492
0.11831
0.109738
0.0959069
0.0816465
0.0685295
0.0574004
0.0475837
0.0415761
0.0388695
0.0368134
0.0367797
0.0372752
0.0367185
0.0345657
0.0322076
0.0622477
0.0525505
0.0426177
0.0426213
0.0279041
0.0528677
0.0957449
0.114275
0.118205
0.118276
0.114625
0.105894
0.095519
0.0837416
0.0730244
0.0624862
0.0553258
0.0513928
0.0474689
0.0458178
0.0443316
0.0425535
0.0388006
0.0351138
0.0660125
0.0515102
0.0419635
0.0428062
0.0283196
0.0427404
0.0781891
0.100424
0.110442
0.11497
0.11437
0.108751
0.101803
0.0926984
0.0836733
0.0741195
0.0666203
0.0609483
0.0558029
0.0536597
0.0510628
0.0485081
0.0435057
0.0388177
0.0720346
0.0522493
0.048023
0.054023
0.0352735
0.0484505
0.069752
0.0836657
0.0966158
0.106002
0.11025
0.108572
0.103586
0.096606
0.0893997
0.0809963
0.0750975
0.0701872
0.065395
0.0623278
0.058615
0.0551465
0.0487712
0.0426826
0.0784169
0.0555801
0.0541682
0.0628196
0.0381717
0.048837
0.0627771
0.0725251
0.0828309
0.0935627
0.101051
0.103731
0.102455
0.0974017
0.0921959
0.085713
0.0807402
0.0757618
0.0716587
0.0683342
0.0647769
0.0609442
0.054275
0.046795
0.0840537
0.0599264
0.0590157
0.0676098
0.0378751
0.045833
0.0547664
0.0626871
0.0709571
0.0808003
0.0886378
0.0931604
0.0959383
0.0952668
0.092081
0.0872837
0.0833391
0.0790527
0.0756696
0.072377
0.0693716
0.0655252
0.0599695
0.0514876
0.0903867
0.0644543
0.0614337
0.0687713
0.0356987
0.041295
0.0467421
0.055497
0.0642087
0.0726702
0.0797042
0.0840185
0.0878086
0.0896585
0.0893491
0.0881509
0.0865696
0.0839155
0.0807312
0.0772779
0.0740765
0.0700454
0.065924
0.056944
0.0981977
0.068876
0.0614625
0.0670463
0.0333013
0.0377745
0.043948
0.0527395
0.0595061
0.0666302
0.0733425
0.0777567
0.0823978
0.0851372
0.0863739
0.0864992
0.087584
0.0866267
0.0842582
0.0817559
0.0783734
0.0740285
0.0701386
0.0619741
0.106695
0.0728195
0.0603385
0.0674782
0.0348558
0.0390465
0.0439978
0.050167
0.0554052
0.0613633
0.0674648
0.0722802
0.0778597
0.0823039
0.084916
0.0862837
0.0899259
0.0906998
0.0888966
0.0862232
0.0820413
0.076801
0.0710322
0.0648702
0.112499
0.0752173
0.0581486
0.0669197
0.0357481
0.0397795
0.0440342
0.0485058
0.0523327
0.0572676
0.0628335
0.0678484
0.0727058
0.079035
0.0826314
0.0837335
0.0861161
0.0881685
0.088288
0.086927
0.0830644
0.0779776
0.0703859
0.0668947
0.1182
0.0752417
0.05567
0.0639543
0.0350511
0.0383625
0.0417032
0.0449732
0.0478867
0.0524549
0.0578356
0.0630063
0.0682798
0.0752053
0.0800923
0.082281
0.0840602
0.0855307
0.0859932
0.0853084
0.0823998
0.0780499
0.0745281
0.071656
0.120359
0.0727805
0.0533234
0.0601596
0.0335981
0.0364118
0.0391915
0.0413634
0.0429593
0.0468635
0.0523432
0.0577979
0.0625662
0.0691083
0.0763785
0.0802047
0.0823544
0.0828955
0.0838547
0.0827974
0.0806632
0.079942
0.081959
0.0741234
0.112938
0.0666885
0.0513496
0.0566804
0.0316823
0.033704
0.0357712
0.0373672
0.0382412
0.0410205
0.0449872
0.0506601
0.0560912
0.0606874
0.0678649
0.0737969
0.0779606
0.0803954
0.0826452
0.0818926
0.0849158
0.0906979
0.0902199
0.0724171
0.102097
0.0599528
0.0510726
0.0549426
0.0306552
0.0306664
0.0306025
0.0306955
0.0309005
0.0335418
0.0373713
0.043445
0.0516591
0.0574731
0.0627309
0.0682495
0.0736273
0.0778977
0.0819332
0.0879019
0.0956823
0.10003
0.0927564
0.0658263
0.0910543
0.0541263
0.0522755
0.0568997
0.0307956
0.0299897
0.0293456
0.0284866
0.0267378
0.0271606
0.0298667
0.0351115
0.0433357
0.0522304
0.0593727
0.0644448
0.0700411
0.0778816
0.0896437
0.0998147
0.105932
0.106226
0.0911981
0.0583572
0.0826904
0.0493432
0.054634
0.0593312
0.0326415
0.032635
0.031472
0.0297032
0.0271402
0.025765
0.0271002
0.0320718
0.0398868
0.04854
0.0566921
0.0649175
0.0755106
0.0883813
0.101516
0.109245
0.112141
0.10803
0.0858687
0.0510428
0.0736173
0.0439941
0.0578108
0.0623494
0.03376
0.0340912
0.0332933
0.0321437
0.0305293
0.0300141
0.0329902
0.0389815
0.0465742
0.0554553
0.0652785
0.0757713
0.0876904
0.099999
0.109323
0.113043
0.11374
0.107421
0.078538
0.0433481
0.0626777
0.0378413
0.0609756
0.0653545
0.036719
0.0386601
0.0391288
0.0389186
0.0386613
0.0399975
0.0439399
0.0496947
0.0580048
0.0672595
0.0768174
0.086551
0.096482
0.105207
0.110778
0.112052
0.110532
0.0995021
0.0648465
0.0331078
0.0499973
0.0317863
0.0629291
0.0704829
0.0788669
0.0842303
0.0862407
0.0864284
0.0875224
0.09258
0.0996977
0.109574
0.126127
0.142653
0.159966
0.178934
0.195939
0.209688
0.21969
0.222289
0.221468
0.20045
0.124637
0.0614219
0.042322
0.0282547
0.0863965
0.0891515
0.096134
0.101995
0.105096
0.107103
0.11059
0.115997
0.121571
0.131366
0.145378
0.162889
0.179729
0.195112
0.211235
0.225648
0.234121
0.232815
0.225185
0.192582
0.11172
0.0717202
0.0555437
0.0391835
0.0529131
0.0401469
0.0367895
0.0528614
0.0337183
0.0311674
0.0519238
0.029249
0.0281607
0.0515811
0.0282099
0.0294685
0.053626
0.0310833
0.0327695
0.0577061
0.0343537
0.0357905
0.062152
0.0369898
0.0379304
0.0666692
0.0386492
0.0392055
0.0709432
0.0396947
0.0401936
0.0742829
0.040593
0.0408019
0.0754544
0.0408405
0.0408471
0.0748493
0.0408243
0.0406844
0.0699835
0.0404776
0.0402584
0.0633515
0.0401498
0.0404178
0.0569104
0.0408234
0.0414822
0.0516631
0.0423174
0.0435295
0.0467965
0.0447062
0.0463927
0.0409649
0.0478953
0.0496057
0.0346483
0.0510381
0.0520198
0.029355
0.0530805
0.0558902
0.0293351
0.071639
0.086322
0.092596
0.0992961
0.10429
0.106335
0.10964
0.11467
0.119605
0.12667
0.138706
0.151968
0.166057
0.183576
0.199314
0.215388
0.228519
0.233778
0.230018
0.212595
0.168834
0.107268
0.0621163
0.0527034
0.0874902
0.0883323
0.0772074
0.12644
0.11873
0.0991486
0.0884218
0.0878923
0.0777687
0.115534
0.109766
0.0983766
0.0855263
0.0825766
0.0727326
0.107165
0.102119
0.0936028
0.0783828
0.0736552
0.0641409
0.0983106
0.0918105
0.0829916
0.0593321
0.0588156
0.0609107
0.0677536
0.0616059
0.0545673
0.0843294
0.0759813
0.0676018
0.0592724
0.0602806
0.0606686
0.0548935
0.0491599
0.0458571
0.064816
0.056864
0.0510812
0.0623536
0.0636839
0.0626774
0.0438013
0.0407871
0.0408114
0.0439293
0.0397829
0.0387642
0.0659191
0.0677917
0.067947
0.0432299
0.0473534
0.0448099
0.044575
0.0488372
0.0477526
0.0706299
0.0731648
0.0749489
0.051885
0.0559915
0.0512257
0.0572715
0.0618685
0.0587778
0.0757296
0.0779654
0.0812335
0.0595696
0.0626424
0.0568634
0.065988
0.0689913
0.0659354
0.0801755
0.082791
0.0871608
0.0648309
0.0663896
0.0605676
0.0695365
0.0706368
0.0688513
0.0855649
0.0887515
0.0939818
0.0671613
0.0672388
0.0616756
0.0688588
0.0680026
0.0682967
0.0918459
0.0948088
0.102751
0.0667882
0.0662115
0.0609842
0.0655289
0.0646739
0.0662662
0.0965496
0.0972528
0.111163
0.0664068
0.0660594
0.0593992
0.0671546
0.0674355
0.0675042
0.0962365
0.0949232
0.115019
0.0648116
0.0632272
0.0569083
0.068321
0.0673295
0.0655053
0.09412
0.0932064
0.118225
0.0613949
0.0594755
0.0544678
0.0665807
0.0649463
0.0619285
0.0924952
0.090452
0.114677
0.0576489
0.0558558
0.0522229
0.0635315
0.0619066
0.0582045
0.089544
0.0863983
0.105842
0.0544079
0.0531428
0.0508867
0.0604181
0.0587583
0.0550626
0.0838989
0.0799674
0.0948257
0.0531534
0.053722
0.0515672
0.058637
0.0592913
0.0557006
0.0774453
0.0738116
0.0853687
0.0546332
0.056142
0.0535804
0.0607282
0.0611472
0.0583835
0.0713302
0.0674687
0.0780603
0.0571281
0.0590622
0.0564763
0.0626928
0.0639901
0.0612474
0.0634415
0.0589286
0.0687347
0.0603065
0.0623799
0.0596851
0.0653421
0.0662975
0.0642834
0.0539751
0.0491785
0.0575441
0.0634687
0.0653008
0.0622015
0.0685577
0.0707436
0.0678149
0.04402
0.0403607
0.0459018
0.0668558
0.0711784
0.0649138
0.0743902
0.0795448
0.0758041
0.0813026
0.0859859
0.0833174
0.0853887
0.090512
0.0887344
0.0870659
0.0925068
0.0913893
0.087254
0.0941675
0.092577
0.0896278
0.0985744
0.0949317
0.0959943
0.10396
0.100604
0.102427
0.110757
0.10643
0.113981
0.122612
0.116124
0.128694
0.135905
0.13101
0.143653
0.151406
0.147912
0.1636
0.170311
0.166805
0.18304
0.184704
0.181561
0.198616
0.199585
0.195997
0.21246
0.213189
0.209945
0.221434
0.220052
0.219112
0.22222
0.218398
0.219742
0.214405
0.206018
0.215519
0.181401
0.168661
0.189695
0.109176
0.0981919
0.112068
0.0517438
0.0521941
0.0587332
0.0381104
0.0384842
0.0447924
0.0227065
0.00770632
0.0218592
0.00713333
0.0209483
0.00641586
0.0198123
0.00548286
0.0222779
0.00742395
0.0214377
0.00680954
0.0204167
0.00596759
0.0192905
0.00502695
0.0187822
0.00460801
0.0179278
0.00396624
0.0174161
0.00348683
0.018381
0.00366316
0.0201576
0.00437807
0.023943
0.00605217
0.0282982
0.00851742
0.0324661
0.0111386
0.0364492
0.0139275
0.0395816
0.0166674
0.0409261
0.0188412
0.0401189
0.0200984
0.0387409
0.0202709
0.0363432
0.0197072
0.0322502
0.0177724
0.0277295
0.0153934
0.0237713
0.0128762
0.0193169
0.00938187
0.0141533
0.00492226
0.00909882
0.00180074
0.00588449
0.00303219
0.0118251
0.00273365
0.0184106
0.00427676
0.0177125
0.00375628
0.0174608
0.00332657
0.0190463
0.00395959
0.0218131
0.00505167
0.0262047
0.00726458
0.0304011
0.00980775
0.0345219
0.0125187
0.0382286
0.0153445
0.0405191
0.0178476
0.040901
0.0196348
0.0396554
0.0202709
0.0377471
0.0201925
0.0344134
0.0188454
0.0299377
0.0165845
0.0256661
0.0141814
0.0216607
0.011277
0.0167424
0.00721765
0.0114527
0.00255448
0.00687874
0.00244605
0.00820172
0.00318134
0.0359164
0.0195114
0.0338491
0.0195836
0.0307766
0.018591
0.0258164
0.015557
0.0349343
0.0195836
0.0325388
0.0193307
0.0285018
0.0173153
0.0228361
0.0133947
0.0196559
0.0109351
0.0131814
0.00572111
0.00786639
0.00150755
0.00508685
0.00157539
0.00697123
0.00146266
0.00983228
0.00084435
0.0121769
0.00237295
0.0136966
0.00374049
0.0146434
0.00468925
0.015326
0.00544209
0.0152566
0.00573364
0.0151874
0.00570046
0.0149675
0.0054368
0.0147708
0.00507579
0.0153756
0.0048702
0.0168549
0.00509071
0.0191082
0.00580071
0.0222787
0.00710624
0.0257714
0.00882499
0.0292581
0.0107505
0.0376135
0.0149317
0.0163873
0.00832273
0.0102864
0.00332353
0.00614044
0.00116246
0.0055312
0.00157539
0.0084632
0.000953062
0.0111039
0.00153378
0.013036
0.00311609
0.0141995
0.00424945
0.0150618
0.00510052
0.0153636
0.00565229
0.0152084
0.00573364
0.0150784
0.0055899
0.0148255
0.00524202
0.0149826
0.004944
0.0159972
0.00491574
0.0180001
0.00542445
0.0208117
0.00643502
0.0241079
0.00793526
0.0269632
0.00958343
0.0328515
0.0125542
)
;

boundaryField
{
    inlet
    {
        type            zeroGradient;
    }
    outlet
    {
        type            zeroGradient;
    }
    wall
    {
        type            zeroGradient;
    }
    empty_zmin
    {
        type            empty;
    }
    empty_zmax
    {
        type            empty;
    }
    procBoundary1to0
    {
        type            processor;
        value           nonuniform List<scalar> 
35
(
0.0695749
0.0716044
0.0721511
0.0718774
0.0719241
0.0719241
0.144405
0.113585
0.141577
0.0792606
0.0506085
0.0362568
0.0282809
0.0186042
0.0282013
0.0405981
0.0423527
0.0310152
0.04983
0.0670279
0.00546169
0.00993516
0.149421
0.1946
0.102165
0.102165
0.108022
0.114085
0.107789
0.0634739
0.183538
0.199329
0.0265816
0.0189295
0.0189295
)
;
    }
}


// ************************************************************************* //
