/*--------------------------------*- C++ -*----------------------------------*\
| =========                 |                                                 |
| \\      /  F ield         | OpenFOAM: The Open Source CFD Toolbox           |
|  \\    /   O peration     | Version:  2406                                  |
|   \\  /    A nd           | Website:  www.openfoam.com                      |
|    \\/     M anipulation  |                                                 |
\*---------------------------------------------------------------------------*/
FoamFile
{
    version     2.0;
    format      ascii;
    arch        "LSB;label=32;scalar=64";
    class       volVectorField;
    location    "1.98";
    object      U;
}
// * * * * * * * * * * * * * * * * * * * * * * * * * * * * * * * * * * * * * //

dimensions      [0 1 -1 0 0 0 0];

internalField   nonuniform List<vector> 
2285
(
(2.40824 0.14745 -4.40944e-21)
(2.36458 0.113897 1.18315e-21)
(2.45667 0.108097 2.21791e-21)
(2.38874 0.116941 5.02803e-21)
(2.28194 -0.0549613 -8.89024e-22)
(2.2638 -0.0580705 -8.23386e-22)
(2.32442 0.0805923 -4.99132e-21)
(2.30042 0.0664537 -8.39055e-22)
(2.28598 0.0497005 -2.80846e-23)
(2.27898 0.0412395 1.91112e-22)
(2.27494 0.0286355 3.24007e-23)
(2.27834 0.0180598 8.23082e-24)
(2.27893 0.00374521 -3.09832e-23)
(1.84383 -0.00128047 -1.4728e-23)
(1.84577 -0.00184961 7.88426e-24)
(2.23333 0.00519354 0)
(2.23858 0.00110119 0)
(2.28387 0.0143249 3.26316e-23)
(2.34718 0.0895837 -2.702e-22)
(2.32238 0.0754138 -3.23416e-22)
(2.30346 0.0547648 7.48832e-22)
(2.29017 0.0336657 -6.46274e-22)
(2.28384 0.0209863 -1.70711e-22)
(2.28782 0.011619 1.72215e-22)
(2.29016 0.000588629 3.31237e-24)
(1.84817 -0.0042745 -4.70089e-24)
(2.31921 0.0130341 -5.55271e-22)
(2.30472 0.0242121 0)
(2.29771 0.0126834 -1.51908e-24)
(2.30064 0.0037183 0)
(2.30067 -0.002688 1.02599e-22)
(1.84751 -0.00632589 4.71777e-23)
(2.31886 -0.00671571 -1.63975e-22)
(2.30836 -0.00836505 -6.18967e-23)
(2.30491 -0.00923325 0)
(2.30748 -0.00667992 -2.40572e-23)
(2.30805 -0.00589327 2.28103e-24)
(1.8425 -0.00853792 -6.27313e-24)
(2.31645 -0.0213575 -1.40415e-22)
(2.30679 -0.0186529 -1.72493e-22)
(2.30365 -0.014845 1.27135e-22)
(2.30689 -0.0140959 6.81525e-23)
(2.30954 -0.0117939 2.3544e-23)
(1.83121 -0.0100255 -6.60932e-24)
(2.31058 -0.0362858 -1.04081e-21)
(2.30151 -0.0266098 1.04134e-21)
(2.29883 -0.0225088 0)
(2.30524 -0.0192614 7.535e-25)
(2.30991 -0.013756 9.26279e-23)
(1.81449 -0.0119393 -6.70099e-24)
(2.29716 -0.0482432 -2.18164e-21)
(2.29194 -0.037027 -2.80329e-23)
(2.29434 -0.0289777 0)
(2.30273 -0.023571 1.01955e-22)
(2.30771 -0.0135102 -2.98127e-22)
(1.79449 -0.0139862 -5.37879e-23)
(2.28381 -0.0421784 9.20352e-22)
(2.2882 -0.0330511 0)
(2.29785 -0.0269868 0)
(2.30289 -0.0118122 -3.61621e-23)
(1.77241 -0.0121653 5.2048e-23)
(2.27142 -0.0435767 0)
(2.27908 -0.0354683 0)
(2.29055 -0.0270091 -2.37083e-23)
(2.29723 -0.0156514 1.8081e-22)
(1.74798 -0.0138827 5.25661e-23)
(2.28457 -0.0256564 -3.50656e-22)
(2.29024 -0.0139862 -1.55774e-22)
(1.72324 -0.01227 4.57867e-23)
(2.27995 -0.0248696 1.00271e-23)
(2.28487 -0.0138885 -1.59681e-22)
(1.69891 -0.0119659 1.34084e-24)
(2.27618 -0.0237832 2.79995e-22)
(2.27912 -0.0137821 0)
(1.67375 -0.0108126 5.67562e-25)
(1.8481 -0.00535694 4.50825e-24)
(1.8454 -0.00787903 -5.574e-24)
(1.83627 -0.0103694 6.27304e-24)
(1.82248 -0.0118309 6.70358e-24)
(1.80511 -0.0127401 0)
(1.78369 -0.0141678 3.29254e-24)
(1.76117 -0.0129123 4.45414e-23)
(1.73619 -0.0130057 0)
(1.71186 -0.0123141 -1.342e-24)
(1.68656 -0.0113843 0)
(1.66094 -0.0104504 -5.67129e-25)
(2.24402 0.00074791 0)
(2.24774 -0.00245784 0)
(2.29442 0.00679876 -7.87707e-23)
(2.25273 -0.0026964 -1.45615e-22)
(2.25557 -0.00674541 1.0056e-23)
(2.30522 -0.00199243 7.98284e-23)
(2.25707 -0.00914305 2.20913e-23)
(2.25693 -0.0113729 -2.12887e-23)
(2.30851 -0.0110495 4.32869e-25)
(2.25642 -0.0129074 5.69898e-24)
(2.25522 -0.0138337 1.21679e-23)
(2.31015 -0.0156544 -2.37182e-23)
(2.25348 -0.0158168 -1.12449e-22)
(2.25015 -0.0163216 9.98187e-23)
(2.30891 -0.0243597 -9.7336e-23)
(2.2475 -0.0183003 1.3519e-22)
(2.242 -0.0183488 2.40826e-23)
(2.30466 -0.0297122 2.41313e-23)
(2.23842 -0.0186613 -5.36192e-23)
(2.2332 -0.0185713 -5.22411e-23)
(2.29965 -0.0317643 1.18628e-23)
(2.22929 -0.019589 -3.95106e-23)
(2.22178 -0.0187304 -5.5306e-24)
(2.29217 -0.0315577 -1.06416e-23)
(2.21809 -0.0185553 1.24832e-22)
(2.21179 -0.0179639 4.87551e-24)
(2.28661 -0.0314219 9.73303e-24)
(2.20782 -0.0180751 -4.87115e-24)
(2.20073 -0.0176438 -2.18308e-24)
(2.28084 -0.0300049 1.44365e-22)
(2.19676 -0.0177581 2.18133e-24)
(2.1902 -0.0175647 0)
(2.27526 -0.0292997 -1.2791e-22)
(0.825519 -0.0012913 0)
(0.319282 -0.000174127 0)
(0.82022 -0.00190706 0)
(0.31484 -0.000209639 0)
(0.814005 -0.00218938 0)
(0.310119 -0.00036735 0)
(0.795304 -0.00268346 0)
(0.297129 -0.000474521 0)
(0.76701 -0.00367673 0)
(0.279944 -0.000501625 0)
(0.735384 -0.00373371 0)
(0.260422 -0.00049104 0)
(0.700644 -0.00376666 0)
(0.240769 -0.000537087 0)
(0.663801 -0.0036303 0)
(0.220938 -0.000655571 0)
(0.628843 -0.00303716 0)
(0.202172 -0.000416894 0)
(0.596355 -0.00270022 0)
(0.186517 -0.000478725 0)
(0.567936 -0.00204551 0)
(0.172884 -0.000343914 0)
(0.543815 -0.00142226 0)
(0.161872 -0.000314254 0)
(0.523961 -0.000914079 0)
(0.153767 -0.000288781 0)
(0.803694 -0.00256586 0)
(0.303483 -0.000463401 0)
(0.781219 -0.00347691 0)
(0.288641 -0.00043641 0)
(0.750679 -0.00376813 0)
(0.270005 -0.000618215 0)
(0.717373 -0.00378008 0)
(0.250382 -0.000541683 0)
(0.681868 -0.00371055 0)
(0.230702 -0.000548549 0)
(0.645707 -0.00340201 0)
(0.210975 -0.000606904 0)
(0.612148 -0.00292304 0)
(0.194159 -0.000416625 0)
(0.581586 -0.00234872 0)
(0.179251 -0.000412194 0)
(0.555438 -0.00182509 0)
(0.167063 -0.000336869 0)
(0.533484 -0.00113979 0)
(0.157507 -0.000294625 0)
(0.515289 -0.000796473 0)
(0.15048 -0.000301457 0)
(2.17583 0.171994 4.04683e-24)
(2.17792 0.242375 0)
(2.15443 0.295858 6.8165e-24)
(2.11396 0.3515 -6.23323e-26)
(2.04255 0.381301 -6.40152e-25)
(2.13069 0.125596 1.51351e-26)
(2.11027 0.162983 -5.60903e-24)
(2.11398 0.237224 0)
(2.09867 0.30731 1.33336e-23)
(2.07012 0.340465 9.46942e-25)
(2.01996 0.399165 -2.35129e-25)
(1.91974 0.436146 1.88283e-23)
(1.70259 0.457046 9.28696e-25)
(1.5949 0.441196 -1.76791e-24)
(1.60469 0.397941 1.30047e-24)
(1.76961 0.324541 0)
(2.10472 0.213967 5.81244e-24)
(2.24148 0.10195 0)
(2.25357 0.0530542 0)
(2.23852 0.0213535 0)
(2.22835 0.00836164 0)
(2.21917 -0.00265299 5.61515e-24)
(2.08608 0.0956789 7.3176e-25)
(2.05574 0.132498 -4.63934e-26)
(2.03859 0.191283 -6.84355e-25)
(2.04395 0.280031 -1.23478e-23)
(2.02088 0.317211 -9.43668e-25)
(1.94968 0.399522 -3.49646e-25)
(1.86189 0.471036 -3.55736e-25)
(1.69748 0.471685 -5.07041e-25)
(1.63066 0.460464 -5.87592e-25)
(1.68978 0.382519 -1.02474e-23)
(1.92492 0.224885 0)
(2.24105 0.0604177 -5.82695e-24)
(2.29931 0.0044151 0)
(2.27652 -0.00629264 0)
(2.24836 -0.01539 3.14856e-25)
(2.23274 -0.00972182 1.07929e-25)
(2.22127 -0.0143987 6.97955e-24)
(2.07375 0.0306006 -4.51184e-25)
(2.25705 0.00866711 -5.59072e-25)
(2.27205 -0.00895808 -9.11196e-25)
(2.06718 0.0343548 1.1137e-26)
(2.27755 0.0274597 0)
(2.27665 0.0208301 -6.68806e-26)
(2.04807 0.0325174 1.19907e-25)
(2.27913 0.0315362 -2.24577e-25)
(2.27503 0.0308185 0)
(2.29619 0.049077 -1.85733e-24)
(2.33913 0.0448376 0)
(2.38803 0.0910739 -1.00294e-23)
(2.26401 0.0543031 1.51003e-24)
(2.02404 0.0218257 7.23613e-26)
(2.27339 0.0324238 2.61268e-25)
(2.26937 0.0402531 -4.71104e-25)
(2.28194 0.0634866 1.33777e-24)
(2.3098 0.0737626 3.70138e-24)
(2.36978 0.121649 2.51763e-23)
(2.29678 0.161587 -1.57492e-23)
(2.12504 0.103879 -1.57208e-23)
(1.99778 0.00887908 0)
(2.25772 0.0303734 1.51411e-25)
(2.25594 0.0500306 -8.29808e-25)
(2.26225 0.0778651 -1.19192e-24)
(2.26664 0.100901 -3.73096e-24)
(2.30105 0.159663 -2.4244e-23)
(2.28234 0.210397 1.73452e-24)
(2.17391 0.238124 -1.60558e-23)
(1.97136 0.00109608 5.03454e-25)
(2.23366 0.0305455 1.51135e-25)
(2.23058 0.0636578 6.03611e-25)
(2.23146 0.0989185 -1.99608e-25)
(2.22918 0.143826 1.8214e-24)
(2.23306 0.197401 7.10011e-24)
(2.22347 0.264492 -7.59105e-24)
(2.162 0.293915 2.89432e-23)
(1.94426 -0.0038428 5.75165e-25)
(2.20016 0.0292208 -1.6109e-24)
(2.18968 0.0741895 7.75179e-24)
(2.18272 0.121984 0)
(1.38788 0.0115546 1.85497e-25)
(1.3647 0.010718 6.18349e-26)
(1.34177 0.00883445 -6.61588e-26)
(1.31997 0.00651586 1.12414e-26)
(1.3006 0.00371668 -3.75728e-26)
(1.28472 9.48603e-05 7.45298e-26)
(1.27368 -0.00394748 9.9987e-26)
(1.26787 -0.00744859 -7.46348e-26)
(1.26663 -0.00930251 7.24304e-26)
(1.26741 -0.0100592 1.92933e-26)
(1.27139 -0.0111748 -9.23929e-26)
(1.27785 -0.0119914 3.22342e-25)
(1.28501 -0.0114959 -1.34884e-25)
(1.29265 -0.00981003 0)
(2.23606 0.0169397 8.63553e-25)
(2.24294 0.0228057 -7.4279e-27)
(2.07252 0.0324578 1.28176e-25)
(2.26263 -0.010114 0)
(2.27284 0.0052096 6.24281e-25)
(2.26992 0.0190207 -8.10995e-25)
(2.24531 0.0274133 0)
(2.24546 0.0288588 2.16961e-27)
(2.05793 0.0343585 4.39411e-26)
(2.27841 0.0207831 0)
(2.27969 0.0315919 -3.05357e-27)
(2.27952 0.0307924 5.44298e-26)
(2.24482 0.0288015 -2.12293e-27)
(2.24243 0.0270042 1.59255e-25)
(2.03655 0.0284415 -3.22414e-25)
(2.27958 0.0333665 1.71792e-25)
(2.27827 0.0386518 -2.48746e-25)
(2.27739 0.032197 2.54304e-25)
(2.23631 0.0224909 -3.12194e-25)
(2.22648 0.0185026 -9.11926e-26)
(2.01084 0.0145331 9.11702e-26)
(2.27502 0.0354848 9.86774e-25)
(2.26743 0.0423088 9.05722e-25)
(2.2667 0.0311893 -1.11879e-25)
(2.21459 0.0164084 0)
(2.20129 0.0151949 -3.09749e-25)
(1.98472 0.00465805 -1.50022e-25)
(2.25935 0.037381 2.72505e-25)
(2.2481 0.0438801 8.2743e-25)
(2.24698 0.0301245 -2.93941e-25)
(2.18731 0.013601 4.52251e-25)
(2.17254 0.0114244 2.35967e-25)
(1.95739 -0.0016498 -1.13331e-25)
(2.23725 0.0405254 -3.37043e-24)
(2.22355 0.0447024 3.96808e-25)
(2.21752 0.0301576 2.04034e-25)
(2.1574 0.00953253 -3.42406e-25)
(2.14185 0.00829091 -1.94703e-24)
(1.93263 -0.00570556 -1.84419e-24)
(2.20922 0.0395972 8.21645e-25)
(2.19091 0.0404488 5.48699e-24)
(2.18335 0.0277374 1.61086e-24)
(0.456211 -0.000207598 0)
(0.152933 0.000697101 0)
(0.443776 0.000904597 0)
(0.147229 0.000330724 0)
(0.431078 0.00163255 0)
(0.138701 0.00019583 0)
(0.424217 0.00142077 0)
(0.131473 -0.00051744 0)
(0.427482 0.000571986 0)
(0.130975 -0.00078742 0)
(0.436424 0.000225346 0)
(0.134486 -0.000843041 0)
(0.448207 -0.000396139 0)
(0.140518 -0.000682433 0)
(0.450222 0.000336409 0)
(0.150489 0.000461864 0)
(0.437198 0.00133146 0)
(0.143211 0.00028557 0)
(0.426365 0.00168985 0)
(0.134405 -6.3657e-05 0)
(0.424667 0.00100736 0)
(0.130466 -0.000844662 0)
(0.431546 0.000333154 0)
(0.132457 -0.000809935 0)
(0.442072 -4.93228e-05 0)
(0.137166 -0.0008007 0)
(0.454369 -0.000667189 0)
(0.144244 -0.000490301 0)
(1.92304 -0.00688453 1.0317e-24)
(2.16803 0.0263038 2.16452e-24)
(2.13874 0.069495 -1.05017e-23)
(2.22147 -0.00514229 0)
(2.22599 -0.0115776 -2.00499e-24)
(2.20145 -0.0110528 1.21504e-24)
(1.32712 -0.00354591 -6.714e-25)
(1.91025 -0.00615468 -2.78255e-24)
(2.13776 0.0209759 8.40942e-24)
(2.09775 0.0475235 -2.89446e-24)
(2.22299 -0.0106995 0)
(2.22714 -0.0144112 -5.28106e-25)
(2.20291 -0.0111685 1.5584e-24)
(1.30876 -0.0017423 1.51114e-25)
(1.9069 -0.00495618 4.13586e-24)
(2.10783 0.00772463 -1.39853e-23)
(2.07885 0.0165777 0)
(2.04952 0.0427557 0)
(2.01084 0.0748039 2.92887e-23)
(1.96474 0.12486 -1.67523e-24)
(1.96487 0.206435 -2.32034e-23)
(1.94484 0.296164 -7.8432e-25)
(1.86972 0.380921 -6.80568e-24)
(1.81989 0.398917 0)
(1.71215 0.405063 -2.32038e-25)
(1.69465 0.362066 -1.91395e-24)
(1.84507 0.231062 2.42409e-23)
(2.12289 0.0358683 2.1326e-23)
(2.31175 -0.0505956 2.5172e-23)
(2.3076 -0.042833 -1.8083e-23)
(2.27578 -0.0264113 1.29784e-24)
(2.2465 -0.0264985 0)
(2.2309 -0.0140795 0)
(2.22035 -0.017118 -1.45425e-23)
(2.22247 -0.0115565 -4.71521e-25)
(2.2267 -0.0149099 3.6616e-24)
(2.20179 -0.00993311 4.37735e-24)
(1.29488 -0.000173449 0)
(1.90904 -0.00373218 -3.69859e-24)
(2.09459 -0.00326646 -1.40634e-23)
(2.07613 -0.00280967 0)
(2.0342 0.00152635 0)
(1.97699 0.00549808 -2.76067e-23)
(1.90167 0.0466297 3.16675e-24)
(1.86816 0.102183 2.01452e-23)
(1.85375 0.211149 -2.29095e-23)
(1.83214 0.27798 2.42454e-24)
(1.81739 0.257283 1.3388e-23)
(1.74099 0.292271 0)
(1.80912 0.17843 2.53992e-24)
(2.02077 0.0285316 5.82796e-24)
(2.21755 -0.10227 -5.37214e-23)
(2.31543 -0.0865811 -2.86347e-23)
(2.29324 -0.0646409 1.51732e-23)
(2.26156 -0.0396124 1.67336e-24)
(2.23667 -0.0342064 3.33937e-25)
(2.22435 -0.0188393 -5.08553e-25)
(2.21791 -0.0208277 7.85583e-24)
(2.22084 -0.0123577 9.14373e-24)
(2.2252 -0.0156252 -4.25628e-24)
(2.19627 -0.00793404 0)
(1.28604 0.00108118 -6.49925e-25)
(1.91997 0.0063831 2.44101e-25)
(2.09636 -0.00575741 -1.51814e-23)
(2.07825 -0.0173295 1.94327e-24)
(2.03563 -0.0134693 -6.17013e-23)
(1.97012 -0.0274703 0)
(1.87157 -0.0275505 2.80022e-24)
(1.80118 -0.00562264 3.7921e-23)
(1.78432 0.0601442 3.8184e-23)
(1.80397 0.0883548 2.49681e-23)
(1.81843 0.109358 -1.66291e-23)
(1.79586 0.107512 4.61017e-24)
(1.96387 -0.0502469 -1.11056e-24)
(2.12308 -0.141103 -3.14128e-24)
(2.23233 -0.172466 6.63906e-23)
(2.28852 -0.117793 1.53426e-23)
(2.25398 -0.101404 -6.89777e-24)
(2.24027 -0.0605701 -5.42119e-24)
(2.22433 -0.0502116 -1.46674e-23)
(2.21668 -0.0333564 8.57494e-25)
(2.21403 -0.0295823 -1.95504e-23)
(2.21699 -0.0177427 -9.18854e-24)
(2.2217 -0.0176024 1.08429e-23)
(2.18848 -0.00764309 2.54902e-24)
(1.28106 0.00204433 0)
(1.93977 0.015249 5.9165e-24)
(2.11023 -0.0161838 -8.31426e-25)
(2.08748 -0.0493985 3.51912e-24)
(2.04273 -0.064811 1.11756e-22)
(1.97501 -0.05812 -5.76694e-23)
(1.8718 -0.0746223 0)
(1.78556 -0.0813364 -3.98607e-23)
(1.76265 -0.0620717 -8.93076e-24)
(1.77653 -0.0872617 3.27084e-23)
(1.82737 -0.00547745 -2.99196e-23)
(1.90897 -0.142618 -4.07289e-24)
(2.05287 -0.210117 1.64936e-24)
(2.14343 -0.243099 -1.41119e-23)
(2.21621 -0.211255 -1.72387e-23)
(2.23132 -0.172411 -1.57479e-23)
(2.22531 -0.136417 1.28142e-23)
(2.21483 -0.0959991 6.07859e-24)
(2.20778 -0.0766976 -6.08103e-24)
(2.20307 -0.0559191 -1.2713e-24)
(2.20536 -0.0417571 2.21718e-23)
(2.20775 -0.0270343 -1.37315e-24)
(2.21385 -0.0199239 -1.08808e-23)
(2.17884 -0.00802529 2.97353e-24)
(1.27826 0.00233398 -1.93746e-25)
(1.96462 0.015702 -4.41694e-24)
(2.14182 -0.0260298 -1.08577e-23)
(2.11692 -0.0897213 4.08763e-23)
(2.05891 -0.135269 -5.87306e-23)
(1.98184 -0.161474 6.99717e-23)
(1.8696 -0.15367 3.0696e-24)
(1.78635 -0.138922 -2.1404e-24)
(1.7652 -0.137288 9.11997e-24)
(1.7789 -0.174558 -4.40368e-23)
(1.87917 -0.198763 1.83405e-23)
(1.98338 -0.297476 3.91575e-24)
(2.07113 -0.295196 1.43223e-24)
(2.13358 -0.283144 -1.4955e-23)
(2.16709 -0.261436 -1.63046e-23)
(2.18487 -0.207027 0)
(2.18806 -0.164588 -6.52505e-24)
(2.18097 -0.124065 -5.33791e-24)
(2.18284 -0.0969328 2.51801e-23)
(2.1819 -0.0702386 2.83084e-23)
(2.18677 -0.0515411 -1.69378e-24)
(2.19261 -0.032212 1.69493e-24)
(2.19791 -0.0213466 0)
(2.16839 -0.0067409 0)
(1.27597 0.00150134 1.8905e-24)
(1.9892 0.0112735 0)
(2.18369 -0.0325626 0)
(2.1893 -0.109027 -3.99724e-23)
(2.10715 -0.175005 4.13853e-23)
(1.99131 -0.242986 4.69684e-23)
(1.85995 -0.2173 7.06128e-24)
(1.7923 -0.237283 3.55559e-24)
(1.79501 -0.269085 -9.98816e-24)
(1.83852 -0.316652 -8.54579e-24)
(1.92084 -0.361113 4.1398e-24)
(1.99009 -0.358158 1.38341e-23)
(2.06123 -0.326499 -1.27991e-25)
(2.1072 -0.299575 1.39354e-23)
(2.12405 -0.259585 -4.79263e-24)
(2.13517 -0.216851 9.83945e-24)
(2.14221 -0.164352 -5.69993e-24)
(2.14586 -0.123678 7.42155e-24)
(2.1522 -0.0943359 5.99458e-23)
(2.15694 -0.064239 -2.83277e-23)
(2.16607 -0.0462164 0)
(2.17666 -0.0277415 -1.96417e-24)
(2.18261 -0.0184293 3.37341e-23)
(2.15643 -0.00755638 1.37468e-23)
(1.27359 -0.000488414 0)
(2.00872 0.00944775 0)
(2.22786 -0.0321139 1.37759e-23)
(2.25293 -0.0783249 -4.99029e-25)
(2.18876 -0.143068 -3.80245e-23)
(2.03098 -0.248181 -3.49283e-23)
(1.86728 -0.278484 -1.17432e-23)
(1.828 -0.332082 3.21415e-23)
(1.84182 -0.372668 0)
(1.88058 -0.413831 -8.88113e-24)
(1.91727 -0.413384 -1.82333e-23)
(1.96628 -0.399619 -1.37894e-23)
(2.02289 -0.359248 0)
(2.04976 -0.288474 -6.17145e-24)
(2.07993 -0.221545 6.18765e-24)
(2.08955 -0.183106 7.70327e-23)
(2.09521 -0.135056 5.99415e-23)
(2.111 -0.0922928 9.63227e-23)
(2.12142 -0.0668383 -1.44571e-22)
(2.13364 -0.0405167 0)
(2.14901 -0.0284682 0)
(2.16499 -0.0157954 0)
(2.17458 -0.0116086 -3.17099e-23)
(2.14483 -0.00929612 -1.23123e-23)
(1.26893 -0.00236957 -2.42812e-24)
(2.01517 0.0103785 3.45883e-24)
(2.27181 -0.0088798 5.93446e-24)
(2.28526 -0.0225558 2.71889e-24)
(2.26528 -0.0650073 -1.60683e-23)
(2.14534 -0.149338 0)
(1.9306 -0.274155 0)
(1.87182 -0.346002 6.47625e-23)
(1.8737 -0.378299 -1.56127e-23)
(1.90032 -0.390187 -1.54657e-23)
(1.91282 -0.42148 6.72682e-23)
(1.9256 -0.430017 2.63813e-24)
(1.94557 -0.362605 1.53573e-24)
(1.95977 -0.278427 9.23852e-24)
(2.01211 -0.184481 3.40169e-23)
(2.0461 -0.127162 -7.68997e-23)
(2.05235 -0.0897363 -7.77963e-23)
(2.07606 -0.0448179 -7.82918e-23)
(2.09851 -0.0295737 1.80628e-22)
(2.11872 -0.0131169 -1.13343e-22)
(2.1407 -0.0100549 -8.01911e-23)
(2.16089 -0.00466907 9.01386e-24)
(2.17333 -0.00681426 7.23898e-23)
(2.14023 -0.00585372 -4.26501e-24)
(1.26009 -0.00359383 7.21536e-24)
(2.00335 0.00998765 -2.67561e-24)
(2.29146 0.0157811 9.79833e-24)
(2.29246 0.0166325 1.9784e-23)
(2.30392 0.00464595 0)
(2.25102 -0.027417 -2.15641e-23)
(2.07252 -0.139598 2.15054e-23)
(1.93503 -0.259872 -3.19654e-22)
(1.89976 -0.304562 0)
(1.92567 -0.292726 0)
(1.93546 -0.359518 -3.22695e-23)
(1.90897 -0.37346 1.42033e-24)
(1.86381 -0.290243 -2.51001e-24)
(1.86547 -0.237852 -2.4855e-23)
(1.92207 -0.141257 -1.33502e-22)
(1.99055 -0.0715938 -8.22366e-23)
(2.01337 -0.0288368 -2.09989e-24)
(2.05166 -0.00289625 -2.20174e-23)
(2.09009 0.000918127 -6.00252e-23)
(2.11558 0.00307433 8.17278e-23)
(2.14011 -0.00154432 2.23903e-22)
(2.16113 -0.000280806 0)
(2.17413 -0.00438447 -6.95109e-23)
(2.14062 -0.00531127 -4.22687e-24)
(1.2485 -0.0042293 -4.8409e-24)
(1.97937 0.00561985 0)
(2.28967 0.0238648 -1.79358e-26)
(2.29096 0.0326411 -2.16965e-23)
(2.3073 0.0341302 0)
(2.2929 0.0468544 0)
(2.18039 -0.00919482 2.63079e-22)
(2.03595 -0.110308 4.0764e-22)
(1.93295 -0.195443 0)
(1.93522 -0.206151 -2.27323e-23)
(1.97263 -0.207271 5.18582e-24)
(1.88702 -0.222601 1.8464e-23)
(1.80507 -0.146599 -1.17662e-25)
(1.81179 -0.156938 4.47161e-23)
(1.8412 -0.0775059 7.2966e-23)
(1.92734 -0.0222772 1.05572e-24)
(1.98778 0.0318733 1.96516e-22)
(2.04728 0.0160843 1.8357e-22)
(2.09084 0.0162196 -1.34353e-22)
(2.11735 0.013029 0)
(2.14216 0.0074646 -1.65425e-22)
(2.16319 0.00697724 1.44289e-22)
(2.17682 -0.000250879 2.02377e-24)
(2.14401 -0.00250043 -1.6275e-23)
(1.23608 -0.00390768 0)
(1.94827 0.00576952 3.75647e-26)
(2.28332 0.0347226 -6.84793e-25)
(2.28436 0.0515134 -4.52515e-23)
(2.29859 0.059079 0)
(2.29396 0.0795275 0)
(2.22748 0.0866062 -1.54581e-22)
(2.12781 0.035962 -4.7096e-22)
(2.00297 -0.0458075 1.79606e-22)
(1.94532 -0.104558 0)
(1.96433 -0.118026 0)
(1.85872 -0.033057 6.05167e-24)
(1.79165 -0.0606015 -5.92186e-24)
(1.7871 -0.04246 -1.48268e-23)
(1.78811 0.00339177 -2.8353e-23)
(1.87401 0.041027 9.93294e-23)
(1.9812 0.0798648 -2.43662e-22)
(2.05327 0.0472306 -2.3429e-22)
(2.09517 0.0538607 1.88362e-22)
(2.12329 0.0401003 0)
(2.14822 0.026962 1.65028e-22)
(2.16859 0.0183969 -3.13935e-23)
(2.18296 0.00596671 4.7864e-24)
(2.15098 0.000931191 -3.79421e-24)
(1.22515 -0.00235046 3.7373e-24)
(1.91106 0.00708297 -3.16572e-24)
(2.26561 0.0406846 7.34444e-25)
(2.26977 0.0666744 4.35348e-23)
(2.27193 0.0830439 0)
(2.27701 0.122407 -1.24299e-22)
(2.22822 0.14103 -1.07388e-22)
(2.1624 0.151261 2.96366e-22)
(2.08258 0.130856 -1.81086e-22)
(1.97936 0.0322802 1.11993e-22)
(1.92816 0.0641581 0)
(1.85105 0.0707341 0)
(1.79333 0.0335591 0)
(1.75471 0.0840768 -6.14822e-24)
(1.75598 0.101509 2.56327e-23)
(1.84293 0.126956 6.18246e-23)
(1.98105 0.126395 -1.31804e-22)
(2.06514 0.130873 -2.16989e-22)
(2.10783 0.0947045 1.99487e-22)
(2.14002 0.0694538 -4.20832e-23)
(2.165 0.0440108 -1.47424e-22)
(2.18247 0.0280816 -1.19101e-22)
(2.19615 0.00999132 9.37322e-23)
(2.16044 0.00217193 5.91219e-23)
(1.21771 -0.000685939 0)
(1.87505 0.00752028 9.04516e-25)
(2.24018 0.0409322 0)
(2.24993 0.0706101 6.43843e-24)
(2.2362 0.100913 5.28254e-23)
(2.2283 0.152248 4.84591e-23)
(2.21155 0.176054 5.48851e-23)
(2.15854 0.197015 0)
(2.10223 0.221993 -1.02398e-22)
(2.02929 0.209423 -2.77347e-23)
(1.93295 0.145788 2.81735e-23)
(1.85903 0.154592 -5.61506e-23)
(1.78557 0.146263 1.65939e-24)
(1.72903 0.180978 4.6151e-24)
(1.74224 0.175237 7.59854e-24)
(1.83271 0.190617 0)
(1.9859 0.186309 1.68928e-22)
(2.09084 0.165588 1.72039e-22)
(2.1478 0.112141 -9.02159e-23)
(2.17621 0.0770665 0)
(2.19198 0.0476159 0)
(2.20202 0.0293833 0)
(2.21204 0.0100379 8.65624e-23)
(2.17144 0.00285979 -5.47786e-23)
(1.21311 0.000450179 -1.33597e-23)
(1.8505 0.00748327 2.20842e-23)
(2.21275 0.0371385 -1.77581e-23)
(2.2162 0.0722296 -5.34812e-24)
(2.20165 0.123879 -3.34061e-23)
(2.18497 0.15659 3.47634e-24)
(2.17041 0.225716 0)
(2.13686 0.253544 5.20818e-23)
(2.09132 0.266959 5.60074e-23)
(2.03723 0.304204 -4.28345e-24)
(1.95449 0.303498 -3.49718e-23)
(1.88779 0.280189 3.4575e-23)
(1.78502 0.246789 -1.20632e-23)
(1.72337 0.242649 4.41138e-24)
(1.7399 0.230272 7.64107e-24)
(1.83062 0.220457 -1.44751e-23)
(2.00808 0.214599 -9.33246e-23)
(2.145 0.145207 3.49798e-23)
(2.19904 0.0925313 -4.32915e-23)
(2.2117 0.0576867 4.33046e-23)
(2.21559 0.0318873 0)
(2.21953 0.020903 1.62338e-22)
(2.2252 0.00347544 -1.92746e-22)
(2.18269 0.00215197 -9.80594e-23)
(1.20934 0.000822067 1.32592e-23)
(1.83926 0.000706275 6.04517e-23)
(2.1849 0.0277086 -3.02354e-23)
(2.16646 0.0589641 9.03481e-24)
(2.15758 0.113195 8.49852e-24)
(2.13707 0.142887 -4.62715e-23)
(2.10877 0.185381 -2.40304e-23)
(2.09135 0.264235 -5.3203e-23)
(2.05611 0.299959 0)
(2.01938 0.347046 -3.37666e-23)
(1.95132 0.378963 3.42594e-23)
(1.91081 0.351988 0)
(1.8107 0.362473 -3.55281e-25)
(1.7462 0.310986 0)
(1.7598 0.285554 0)
(1.8501 0.236335 -3.62135e-24)
(2.07687 0.162879 1.52851e-23)
(2.2132 0.0775676 -1.16763e-23)
(2.23867 0.0410415 -2.95689e-23)
(2.23626 0.0229929 -3.64295e-23)
(2.23022 0.0122289 6.59755e-23)
(2.23134 0.00635955 -2.8473e-22)
(2.23279 -0.00428467 9.28001e-24)
(2.18962 -0.00321727 -8.45808e-23)
(1.20501 0.000691884 0)
(1.83405 -0.00638754 -1.0074e-22)
(2.15478 0.0124409 -4.59406e-23)
(2.13006 0.0451056 -1.74283e-23)
(2.11821 0.0933048 0)
(2.09705 0.124932 1.11338e-23)
(2.05109 0.174555 8.49269e-23)
(2.02682 0.235618 0)
(1.98898 0.313176 6.61113e-24)
(1.96736 0.328017 3.9832e-24)
(1.94172 0.39279 0)
(1.90983 0.370484 2.64622e-24)
(1.82365 0.404758 -2.57343e-24)
(1.79018 0.349475 0)
(1.82356 0.292127 -4.48113e-24)
(1.94774 0.188447 1.16818e-23)
(2.18046 0.0608903 0)
(2.26097 0.0202011 1.16828e-23)
(2.25638 0.00272423 3.62588e-24)
(2.24412 0.00261533 2.53834e-23)
(2.23498 -0.00463948 -8.26991e-23)
(2.23592 -0.0038234 1.70001e-22)
(2.23495 -0.00841739 -1.83529e-22)
(2.19085 -0.00781125 1.50483e-23)
(1.19987 0.000419249 0)
(1.83751 -0.0108475 -8.71013e-24)
(2.12217 -0.00422347 5.03939e-23)
(2.10055 0.0138434 2.85843e-23)
(2.08012 0.0458832 -7.25837e-23)
(2.05238 0.078488 6.27417e-23)
(1.99133 0.130033 -4.66791e-23)
(1.96199 0.185489 6.79655e-25)
(1.94656 0.247337 -1.07005e-23)
(1.91685 0.282813 -4.65437e-25)
(1.92095 0.327201 0)
(1.90362 0.336303 -2.69224e-24)
(1.85465 0.296132 -1.74419e-25)
(1.85712 0.260204 7.70813e-25)
(1.93305 0.167215 4.51929e-24)
(2.08357 0.049257 -1.1208e-23)
(2.24296 -0.0151691 5.89491e-24)
(2.27103 -0.0153779 -1.80627e-24)
(2.25808 -0.0164564 -2.91077e-24)
(2.24505 -0.00849658 -2.72288e-23)
(2.23596 -0.0153749 6.18976e-23)
(2.23656 -0.00904902 -8.59787e-23)
(2.23557 -0.0139124 2.57829e-22)
(2.18846 -0.0128737 6.34082e-24)
(1.19395 -0.000280166 -8.72809e-25)
(1.85153 -0.0134055 0)
(2.09868 -0.0200389 3.25462e-23)
(2.08906 -0.00796159 0)
(2.05929 0.00983897 2.7859e-23)
(2.02383 0.0425397 1.4673e-23)
(1.95269 0.0717907 -3.93124e-23)
(1.91899 0.0985148 -1.85966e-24)
(1.92219 0.161328 1.33918e-24)
(1.89295 0.203314 0)
(1.899 0.211238 0)
(1.90931 0.246889 0)
(1.88556 0.180845 -3.04888e-24)
(1.91532 0.143877 -3.11733e-24)
(1.99393 0.0789881 -1.77402e-24)
(2.12922 0.00777563 0)
(2.24759 -0.0379045 0)
(2.26905 -0.0228908 1.13006e-23)
(2.25587 -0.0178147 2.51345e-25)
(2.24485 -0.0123271 8.6173e-25)
(2.2362 -0.0172552 0)
(2.23643 -0.0120139 -7.41633e-25)
(2.23567 -0.0156719 -3.50041e-24)
(2.17942 -0.0144702 0)
(1.18202 -0.000664555 1.07313e-22)
(1.8534 -0.0132652 4.81585e-23)
(2.09785 -0.0279154 9.64625e-25)
(2.08867 -0.0269259 6.14276e-25)
(2.04803 -0.0276785 -9.34261e-25)
(1.99525 -0.0177123 -3.68956e-25)
(1.92313 0.00258958 0)
(1.88666 0.0218148 0)
(1.87831 0.0334048 2.86701e-25)
(1.88854 0.0624442 -2.67707e-25)
(1.88885 0.0668302 2.08671e-26)
(1.90322 0.0949298 0)
(1.90872 0.072953 0)
(1.97717 0.0171327 1.00128e-26)
(2.06832 -0.0401486 -1.2939e-25)
(2.1695 -0.0770574 0)
(2.23624 -0.0759642 -2.80886e-26)
(2.24844 -0.0600509 4.43102e-26)
(2.24716 -0.0398585 3.96176e-26)
(2.23912 -0.0263935 -7.59481e-26)
(2.23356 -0.0233003 -9.2545e-26)
(2.2331 -0.0200294 2.74833e-25)
(2.23531 -0.0184402 0)
(2.15816 -0.0126709 5.21646e-24)
(1.1493 -0.00314238 0)
(1.30001 -0.00728382 0)
(1.306 -0.00432514 -3.56952e-25)
(1.31763 -0.00251448 2.95667e-26)
(1.31001 -0.00115102 -8.35042e-25)
(1.3118 0.00168576 -6.56892e-26)
(1.30137 -0.000863168 0)
(1.31212 0.00327612 8.73218e-25)
(1.31181 0.00424858 0)
(1.29007 0.000559457 5.15135e-25)
(1.31039 0.00617758 0)
(1.306 0.00895309 0)
(1.2834 0.00164632 0)
(1.29644 0.0124438 -2.40457e-24)
(1.28328 0.0145523 1.63677e-24)
(1.27974 0.00234694 1.76118e-25)
(1.26767 0.014489 0)
(1.25166 0.012363 -3.9307e-25)
(1.27737 0.00214982 0)
(1.23742 0.00896526 0)
(1.22622 0.00473612 2.18673e-24)
(1.275 0.000720174 -1.89049e-24)
(1.21855 0.000667144 -2.18677e-24)
(1.21396 -0.00253844 2.20896e-25)
(1.27161 -0.00139808 2.85615e-25)
(1.21156 -0.00478749 0)
(1.21017 -0.00606249 1.03756e-24)
(1.26458 -0.00299577 -3.43153e-26)
(1.20919 -0.0065797 -1.21239e-24)
(1.2082 -0.00721886 0)
(1.25401 -0.00392104 -3.67436e-25)
(1.20751 -0.00783268 0)
(1.20717 -0.00638272 -8.38784e-25)
(1.24194 -0.00414814 0)
(1.20705 -0.00457856 7.61249e-25)
(1.20679 -0.00339106 0)
(1.22989 -0.00317627 4.09256e-24)
(1.20579 -0.0020302 -1.01323e-24)
(1.20333 -3.43262e-06 1.66506e-24)
(1.22066 -0.00138253 -7.83004e-24)
(1.19999 0.00139406 -4.40017e-25)
(1.19575 0.00283138 -2.40565e-25)
(1.21491 0.000134658 -8.79005e-28)
(1.19024 0.00441971 0)
(1.18383 0.00610376 -1.81578e-28)
(1.21086 0.000956906 1.38555e-24)
(1.1762 0.00748696 0)
(1.16936 0.00617693 1.51788e-23)
(1.20667 0.00081845 -1.53352e-24)
(1.16521 0.00321348 1.88157e-23)
(1.16419 0.00121624 -5.96261e-23)
(1.20173 0.0007197 0)
(1.16482 -0.000197356 1.30033e-22)
(1.16754 -0.00219221 -1.04526e-22)
(1.19522 -0.000509693 -1.03987e-24)
(1.17213 -0.00392847 1.02519e-23)
(1.17789 -0.0040603 -9.01713e-25)
(1.18426 -0.00159947 -7.8418e-23)
(1.18403 -0.00493384 -4.02978e-23)
(1.15076 0.00199695 2.65859e-22)
(1.12699 -0.00520228 -8.36978e-23)
(1.18642 0.000234276 -2.55883e-22)
(2.0541 -0.026515 -7.71215e-24)
(2.10037 -0.0298151 -1.27679e-25)
(2.08253 -0.0286935 3.90725e-25)
(2.03937 -0.0330385 6.03127e-25)
(1.98761 -0.0240611 4.00244e-25)
(1.92207 -0.0105367 -2.2369e-25)
(1.87768 0.00856773 -1.22772e-25)
(1.89088 0.0466364 -1.62692e-25)
(1.88624 0.0723303 1.7717e-25)
(1.89361 0.0640845 0)
(1.91082 0.0867316 0)
(1.91956 0.0517977 -1.06402e-25)
(1.98652 0.00390485 -8.15012e-26)
(2.0893 -0.060318 8.95022e-27)
(2.17513 -0.0783554 0)
(2.24325 -0.0630659 0)
(2.25105 -0.0550706 2.95018e-26)
(2.24076 -0.0436161 0)
(2.23682 -0.0324728 -1.63042e-26)
(2.2315 -0.0260055 1.60448e-25)
(2.23448 -0.0197365 1.03003e-24)
(2.22704 -0.0173878 0)
(1.88189 -0.00832534 -5.38596e-24)
(2.12585 0.00768198 -3.83043e-25)
(2.10962 0.00717462 2.33006e-24)
(1.91548 -0.00693786 3.10796e-24)
(2.17214 0.0371442 -1.08022e-23)
(2.15179 0.04028 1.164e-23)
(2.15316 0.0245333 -7.91217e-24)
(2.02891 -0.0162845 0)
(2.02547 -0.0155314 1.04524e-24)
(2.20261 -0.0113142 -3.60104e-24)
(2.09448 0.00648133 0)
(2.08204 0.00526794 0)
(1.9075 -0.00530762 0)
(2.13398 0.0395487 1.98839e-23)
(2.11821 0.037625 -1.32281e-23)
(2.12196 0.0154609 4.72047e-25)
(2.02154 -0.014761 -3.95098e-25)
(2.01668 -0.0133141 4.96206e-25)
(2.20268 -0.0116298 -2.34938e-24)
(2.07358 0.00355152 -9.87078e-27)
(2.06941 0.00164607 -2.62533e-24)
(1.90726 -0.00480439 -2.43217e-24)
(2.10628 0.0285165 6.27299e-24)
(2.0984 0.0153711 6.97104e-24)
(2.09813 0.000867668 8.51463e-24)
(2.01179 -0.0114887 -4.79526e-25)
(2.00666 -0.00945156 -4.91498e-25)
(2.19913 -0.0104242 5.20039e-25)
(2.06861 0.00051041 0)
(2.06928 1.61336e-05 -8.77608e-24)
(1.9131 0.00049037 3.79011e-24)
(2.09445 0.00355611 -1.48721e-23)
(2.09389 -0.00267195 1.41558e-23)
(2.09466 -0.00419531 2.90591e-23)
(2.00184 -0.00797556 1.22887e-25)
(1.99682 -0.00661191 -2.81625e-24)
(2.19246 -0.00910374 5.55592e-25)
(2.07223 0.00043659 8.19271e-24)
(2.07994 0.000182782 1.76995e-24)
(1.92908 0.0118137 4.58753e-25)
(2.09442 -0.00314006 0)
(2.09649 -0.0127774 0)
(2.10087 -0.0101219 -1.76764e-24)
(1.99156 -0.00572108 -2.23733e-25)
(1.98569 -0.00490919 2.32389e-24)
(2.18359 -0.00925642 -2.5484e-24)
(2.09225 -0.00220953 1.37164e-23)
(2.10808 -0.00700138 -1.44375e-23)
(1.95185 0.0164648 -5.55813e-24)
(2.1019 -0.0189237 -1.42125e-23)
(2.11148 -0.0365662 0)
(2.12412 -0.0221678 1.5551e-24)
(1.97954 -0.00461321 1.76643e-25)
(1.97342 -0.00415407 0)
(2.17359 -0.00838825 -2.97267e-24)
(2.12657 -0.0121231 0)
(2.14648 -0.01669 0)
(1.97723 0.0134857 4.41677e-24)
(2.13043 -0.0437388 2.3676e-23)
(2.1535 -0.0564515 -2.36632e-23)
(2.16228 -0.0304909 1.08556e-23)
(1.96789 -0.00368274 0)
(1.96319 -0.00273655 7.6408e-24)
(2.16248 -0.00706107 -1.4709e-23)
(2.16663 -0.0194332 0)
(2.18692 -0.0205098 0)
(1.99993 0.00977536 -2.01375e-25)
(2.18295 -0.0581242 0)
(2.21219 -0.0645177 0)
(2.20596 -0.0352752 -1.37564e-23)
(1.95888 -0.00208516 -6.67345e-24)
(1.95469 -0.00219023 -8.74513e-24)
(2.15005 -0.0091824 3.99764e-24)
(2.20773 -0.0193508 -1.18244e-23)
(2.22719 -0.0144788 1.34343e-23)
(2.01411 0.0099124 -1.74905e-25)
(2.23938 -0.062691 -4.54984e-24)
(2.26225 -0.0600648 2.71617e-23)
(2.25087 -0.0240429 -1.27401e-24)
(1.95094 -0.00318232 7.95073e-24)
(1.94819 -0.00472674 0)
(2.14142 -0.00779931 8.58571e-24)
(2.24094 -0.00562392 0)
(2.24672 0.00401439 -6.77393e-25)
(2.01293 0.0105839 -8.89118e-25)
(2.27981 -0.0404796 -1.29277e-23)
(2.2918 -0.017184 3.46577e-24)
(2.28635 0.00504332 -1.27513e-23)
(1.94697 -0.00598727 1.39561e-25)
(1.94679 -0.00658433 2.63289e-25)
(2.14023 -0.00474694 0)
(2.24704 0.00901031 -2.78696e-26)
(2.24517 0.0127691 1.00109e-25)
(1.99128 0.00756324 6.52386e-26)
(2.29744 0.00484717 -3.45602e-24)
(2.29802 0.0139927 0)
(2.2914 0.0192643 -2.61723e-24)
(1.94687 -0.00690589 1.56944e-23)
(1.94738 -0.00738562 -1.61733e-23)
(2.14174 -0.00256137 0)
(2.23924 0.0182399 5.45344e-26)
(2.23061 0.0240768 -1.62865e-25)
(1.96536 0.00493708 1.62837e-25)
(2.29709 0.020288 0)
(2.2935 0.0314805 -4.55557e-24)
(2.28679 0.0291741 8.51637e-25)
(1.94889 -0.00750554 0)
(1.95148 -0.00702508 1.93672e-24)
(2.14697 0.00121176 6.13199e-24)
(2.21891 0.0296433 7.76737e-27)
(2.20517 0.0329412 -2.96385e-25)
(1.92984 0.00627692 3.16561e-24)
(2.28976 0.0386817 -2.09376e-25)
(2.28456 0.0479895 4.19326e-24)
(2.27589 0.0380841 1.33476e-25)
(1.95417 -0.00616396 -1.16811e-25)
(1.95695 -0.00519319 0)
(2.15539 0.00343389 -7.45396e-23)
(2.1906 0.0348987 2.92681e-24)
(2.17575 0.0349037 -9.4316e-24)
(1.89254 0.00728565 -7.84971e-25)
(2.27815 0.0523473 -1.32379e-24)
(2.26841 0.056158 3.9647e-24)
(2.2534 0.040922 1.91719e-24)
(1.9593 -0.00438272 2.18473e-25)
(1.96147 -0.00395026 0)
(2.16578 0.00431903 5.46685e-23)
(2.16081 0.033696 6.33114e-24)
(2.14673 0.0295864 2.7845e-24)
(1.86077 0.00791817 0)
(2.25792 0.0559175 0)
(2.24582 0.0540709 -7.13951e-24)
(2.22681 0.0383939 2.10694e-23)
(1.96321 -0.00414147 2.46556e-23)
(1.96486 -0.00456364 1.652e-23)
(2.1772 0.0048924 9.12901e-23)
(2.13237 0.0263421 -3.64297e-24)
(2.11743 0.0201567 -4.66757e-23)
(1.84416 0.00490185 -2.20771e-23)
(2.23337 0.0524184 1.18969e-24)
(2.21742 0.0487116 5.76122e-24)
(2.19824 0.0321904 -2.87521e-23)
(1.96584 -0.00531559 -4.56105e-23)
(1.96607 -0.00547116 1.33455e-24)
(2.18704 0.00220287 8.43648e-23)
(2.10199 0.0139944 4.24178e-23)
(2.08654 0.00693441 -8.79958e-24)
(1.83538 -0.00379137 -6.22276e-23)
(2.20072 0.0452067 -1.18928e-23)
(2.18143 0.040125 2.10322e-23)
(2.17026 0.0195232 5.65658e-23)
(1.96554 -0.00605891 0)
(1.96191 -0.00572543 0)
(2.19049 -0.00212178 -3.69553e-23)
(2.073 0.00084082 -7.01336e-23)
(2.06329 -0.00643853 8.9774e-23)
(1.83479 -0.0081663 7.75759e-23)
(2.16331 0.0335927 0)
(2.14595 0.0269775 1.16062e-23)
(2.13908 0.00461723 -2.34494e-24)
(1.95937 -0.0066521 1.33191e-22)
(1.9513 -0.00561396 9.4192e-24)
(2.18972 -0.00638693 -2.81521e-23)
(2.05656 -0.0138292 0)
(2.05218 -0.0201739 -9.04964e-23)
(1.84278 -0.0132994 3.59372e-23)
(2.12921 0.0183866 -2.18309e-23)
(2.11393 0.00253722 -1.33317e-23)
(2.10717 -0.0149856 0)
(1.94912 -0.00720356 -1.57761e-22)
(1.93226 -0.00647168 -5.70932e-23)
(2.184 -0.0102102 0)
(2.05126 -0.0219944 2.27752e-23)
(2.04742 -0.0255862 7.97991e-24)
(1.82115 -0.0144312 -3.41804e-23)
(2.10431 -0.0121694 -4.53149e-24)
(2.10073 -0.0251443 1.34234e-23)
(2.09627 -0.025655 -8.01803e-24)
(2.0876 -0.00812862 4.12938e-24)
(2.08243 -0.0225473 -6.3123e-24)
(2.0877 -0.0196058 -6.54747e-24)
(2.06155 0.00457565 0)
(2.05002 -0.0106201 -2.24566e-25)
(2.04998 -0.0126718 0)
(2.02002 0.028087 9.78268e-24)
(2.0057 0.0164859 2.29043e-24)
(2.00751 0.0193371 9.89151e-24)
(1.94756 0.0722806 1.45832e-24)
(1.93596 0.046047 -2.20263e-24)
(1.93492 0.0555589 5.1745e-24)
(1.92306 0.128996 -4.09215e-24)
(1.89444 0.0760916 -1.06477e-24)
(1.9009 0.0836355 -1.29561e-24)
(1.91896 0.157651 0)
(1.91147 0.111433 9.86667e-25)
(1.90802 0.121874 0)
(1.88999 0.186305 1.8872e-24)
(1.88475 0.111594 0)
(1.893 0.127424 -9.27111e-25)
(1.91165 0.1881 3.8027e-25)
(1.91036 0.113851 -3.68959e-25)
(1.88922 0.123298 0)
(1.90157 0.224936 1.16704e-23)
(1.90369 0.1294 7.53761e-25)
(1.91224 0.164823 0)
(1.8731 0.232689 4.70965e-24)
(1.89127 0.15016 -5.26546e-25)
(1.89277 0.122626 -6.00354e-25)
(1.92226 0.141496 1.8009e-24)
(1.94205 0.0905488 3.8125e-26)
(1.93608 0.121821 -2.25039e-25)
(2.00659 0.0663921 0)
(2.04784 0.022562 1.13492e-24)
(2.02299 0.0500702 0)
(2.14115 -0.00870406 1.23953e-23)
(2.16524 -0.0346778 9.5169e-25)
(2.15493 -0.0285143 -9.78819e-25)
(2.25376 -0.0348901 -2.84978e-23)
(2.25249 -0.0424507 -5.24995e-24)
(2.24711 -0.0518802 -8.36958e-25)
(2.26795 -0.0209844 7.08659e-24)
(2.26333 -0.0335213 9.72772e-27)
(2.26334 -0.0331264 -5.34506e-25)
(2.25093 -0.0218003 -3.86001e-24)
(2.24829 -0.0316845 0)
(2.25378 -0.0268331 5.19768e-26)
(2.24241 -0.0141276 8.86838e-24)
(2.2414 -0.0242539 0)
(2.24414 -0.0178911 -9.21236e-26)
(2.23588 -0.0162985 0)
(2.23507 -0.0200636 -1.28884e-25)
(2.23621 -0.0192439 0)
(2.23616 -0.0095905 -2.55847e-23)
(2.23605 -0.0164867 -1.1929e-24)
(2.23578 -0.0162896 -4.16155e-25)
(2.23358 -0.0155965 -1.41493e-23)
(2.23164 -0.0163775 2.58051e-23)
(2.2361 -0.0172171 0)
(1.93121 -0.0102016 1.95699e-24)
(1.87507 -0.00850592 9.24544e-23)
(2.16835 -0.0113855 -1.22342e-23)
(0.459704 -0.000446757 0)
(0.152648 -0.000121725 0)
(0.454104 -0.000528915 0)
(0.149663 -7.89687e-05 0)
(0.450296 -0.000442532 0)
(0.147246 3.50513e-05 0)
(0.448893 -0.000297525 0)
(0.146217 0.000206887 0)
(0.449232 -0.000193421 0)
(0.146383 0.000255763 0)
(0.450568 -7.6563e-05 0)
(0.147348 0.000233136 0)
(0.452137 0.00014999 0)
(0.148797 7.275e-05 0)
(0.453515 0.000506479 0)
(0.150684 -5.71618e-05 0)
(0.453967 0.000578024 0)
(0.15257 -0.000233915 0)
(0.45224 0.000353149 0)
(0.153283 -0.000310931 0)
(0.44899 0.000213277 0)
(0.152912 -0.000300683 0)
(0.444977 -3.56458e-05 0)
(0.151549 -0.000225705 0)
(0.441389 -0.000110097 0)
(0.149832 -9.54035e-05 0)
(0.43944 -0.000102371 0)
(0.148982 5.45365e-05 0)
(0.438743 -0.000147714 -1.9214e-27)
(0.148968 0.000172511 1.89417e-27)
(0.438338 -0.000241316 0)
(0.149191 0.000219905 0)
(0.437428 -0.0002927 0)
(0.148997 0.000198492 0)
(0.436604 -0.000104029 -4.34765e-26)
(0.14919 0.000138348 -4.31219e-26)
(0.436294 0.000297815 3.5424e-24)
(0.149813 2.71502e-05 -8.53022e-26)
(0.443787 0.00118654 7.92718e-24)
(0.156266 0.000127294 0)
(0.419239 -0.000989277 -3.25234e-26)
(0.136784 -0.000169157 0)
(0.456819 -0.00048181 0)
(0.151155 -0.000101442 0)
(0.451979 -0.000507106 0)
(0.148343 -2.87814e-05 0)
(0.449353 -0.000355923 0)
(0.146571 0.000121544 0)
(0.448947 -0.000249652 0)
(0.146213 0.000253064 0)
(0.449945 -0.000132416 0)
(0.146831 0.000257688 0)
(0.451485 1.8714e-05 0)
(0.14807 0.000170943 0)
(0.452946 0.000320057 0)
(0.149716 -2.99274e-06 0)
(0.453985 0.000580959 0)
(0.151757 -0.000127453 0)
(0.453426 0.000485165 0)
(0.153107 -0.000271716 0)
(0.45073 0.000311189 0)
(0.153222 -0.00032631 0)
(0.447003 0.000102023 0)
(0.15235 -0.000265042 0)
(0.442978 -9.62314e-05 0)
(0.150628 -0.000163655 0)
(0.440197 -9.19959e-05 -2.61281e-28)
(0.149278 -1.50258e-05 2.58855e-28)
(0.43903 -0.000103528 3.94888e-27)
(0.14892 0.000132979 0)
(0.438605 -0.000180339 0)
(0.149115 0.000232318 0)
(0.437871 -0.000274028 0)
(0.14913 0.000191507 0)
(0.436798 -0.000184328 4.39493e-26)
(0.148952 0.000200115 4.32728e-26)
(0.435975 1.00142e-05 4.74201e-24)
(0.149309 1.25352e-05 -2.4501e-24)
(0.437147 0.00104593 2.71271e-25)
(0.150758 -0.000146129 6.17738e-24)
(0.434359 -0.00614329 3.08979e-26)
(0.150872 -0.000874511 0)
(0.45998 -0.000890154 0)
(0.147928 -0.000278233 0)
(0.468484 -0.00116783 0)
(0.154316 8.38122e-05 0)
(0.472971 -0.001474 0)
(0.158974 0.00039145 0)
(0.475376 -0.00197787 0)
(0.16414 0.000680405 0)
(0.472394 -0.00145316 0)
(0.167352 0.00118836 0)
(0.460448 -6.17601e-06 0)
(0.163862 0.000887476 0)
(0.446826 0.000869727 0)
(0.156343 0.000292136 0)
(0.438158 0.00106519 0)
(0.150493 -0.000305746 0)
(0.435118 0.00124133 0)
(0.148066 -0.000893292 0)
(0.434174 0.00163596 0)
(0.146758 -0.0011397 0)
(0.433854 0.00149478 0)
(0.145772 -0.00129927 0)
(0.434295 0.000735582 0)
(0.146134 -0.000718595 0)
(0.434687 0.000141928 0)
(0.14721 -0.000265603 0)
(0.433695 -0.00014046 1.43796e-28)
(0.147973 0.000118269 0)
(0.430423 -0.000253252 -1.80196e-28)
(0.147708 0.000429303 3.56037e-28)
(0.424572 -3.61199e-06 0)
(0.14461 0.000809713 0)
(0.420982 -0.000441698 2.18417e-30)
(0.140808 0.000619868 -2.17836e-30)
(0.425293 -0.000885542 0)
(0.142257 0.000104956 8.66655e-26)
(0.43549 -0.00131251 -3.02718e-24)
(0.146973 -0.00015221 2.99896e-24)
(0.464297 -0.00443903 3.02963e-24)
(0.165115 -0.000434082 1.25987e-25)
(0.450617 0.00018863 -1.91408e-25)
(0.152498 -0.000158736 3.68011e-23)
(0.464758 -0.00105643 0)
(0.151348 -9.53285e-05 0)
(0.471107 -0.00128075 0)
(0.156759 0.000292081 0)
(0.474454 -0.00173388 0)
(0.161438 0.000466684 0)
(0.475078 -0.00199806 0)
(0.16639 0.00102121 0)
(0.467096 -0.000688645 0)
(0.166557 0.00106566 0)
(0.453356 0.00052114 0)
(0.160212 0.000604168 0)
(0.441697 0.00101024 0)
(0.152973 -2.89109e-05 0)
(0.436106 0.00112676 0)
(0.148936 -0.00060016 0)
(0.434644 0.00144496 0)
(0.14747 -0.00105228 0)
(0.433808 0.00168015 0)
(0.146057 -0.00130436 0)
(0.434074 0.00111062 0)
(0.145859 -0.0010032 0)
(0.434541 0.000402927 0)
(0.146593 -0.000476072 0)
(0.434526 -2.05487e-05 -6.64714e-29)
(0.147724 -4.57545e-05 3.32357e-29)
(0.432304 -0.000224802 0)
(0.148008 0.000259638 -3.95792e-30)
(0.427857 -0.000144708 8.15596e-28)
(0.146678 0.000628488 -4.08491e-28)
(0.421868 -9.65425e-05 -9.64547e-31)
(0.14221 0.000776607 0)
(0.421824 -0.000865036 1.69724e-29)
(0.140866 0.000311465 3.29913e-26)
(0.429004 -0.000949668 5.47749e-24)
(0.143885 -1.79245e-05 -1.92966e-24)
(0.441737 -0.0028336 4.30535e-24)
(0.150509 -0.000139926 0)
(0.460657 0.00523087 -9.63984e-24)
(0.163959 0.000762007 9.85868e-24)
(2.35124 -0.0639978 -7.94708e-22)
(2.36921 -0.0866996 3.81904e-21)
(2.40167 -0.0978088 -8.63375e-21)
(2.45594 -0.148403 6.57581e-21)
(2.51733 -0.109845 -7.62878e-21)
(2.52562 -0.189949 -1.38365e-20)
(1.42262 -0.272625 0)
(-0.291975 -0.217785 -9.79739e-20)
(-0.0451547 0.329658 -2.97191e-20)
(1.60964 0.305408 1.33005e-20)
(2.51814 0.301748 -3.1223e-21)
(2.46026 0.217036 2.13079e-21)
(1.9758 0.000211334 2.16463e-24)
(-0.172127 0.281716 -1.71202e-20)
(-0.470317 0.251719 2.54161e-20)
(-0.354339 -0.299583 -2.3893e-20)
(2.34875 -0.0199516 5.34787e-23)
(2.30795 -0.00897359 -6.24248e-23)
(2.35253 -0.0475496 3.57038e-22)
(2.35228 -0.0319734 1.38336e-22)
(2.39869 -0.160183 0)
(2.28103 -0.0779716 -3.20025e-20)
(2.57324 -0.160748 1.50773e-20)
(-0.102723 0.104568 -5.3146e-20)
(-0.0767121 0.0260006 0)
(1.39869 -0.10069 3.20164e-20)
(-0.129668 0.0236044 -2.56156e-20)
(0.246099 0.172044 3.23675e-20)
(-0.144585 0.37151 1.41671e-20)
(2.34532 0.288039 0)
(2.49531 0.250495 1.21616e-20)
(1.12403 0.144971 0)
(2.1363 0.0162372 0)
(2.15791 0.00797257 0)
(1.60886 0.115522 0)
(1.77852 0.130265 0)
(1.96148 0.120724 -8.6627e-24)
(2.03228 0.11949 0)
(2.08827 0.0850396 0)
(2.12159 0.0602021 0)
(2.14722 0.0386592 -5.66088e-25)
(2.16703 0.0218277 5.67204e-25)
(2.04946 0.34682 0)
(1.89433 0.263579 -1.86564e-24)
(1.63559 0.171046 1.81039e-24)
(1.55752 0.205636 2.25509e-25)
(1.59024 0.218515 -7.29273e-25)
(1.7591 0.234173 2.02427e-24)
(1.97352 0.254212 6.84764e-24)
(2.06429 0.194826 -1.0243e-23)
(2.1265 0.129877 9.75402e-24)
(2.15729 0.087566 5.63666e-25)
(2.17592 0.0508306 -7.88062e-24)
(2.18794 0.0286148 6.61986e-24)
(1.93115 0.388716 -1.8324e-23)
(1.68612 0.356414 -1.03735e-24)
(1.56005 0.310824 1.24457e-24)
(1.58354 0.30592 4.27689e-25)
(1.74441 0.298942 -2.76167e-25)
(2.00913 0.292093 0)
(2.14854 0.190191 1.12157e-23)
(2.19742 0.11589 -1.07561e-23)
(2.20533 0.0695236 0)
(2.20829 0.0363619 6.96471e-24)
(2.20782 0.0172677 -1.14866e-23)
(2.3184 -0.00177945 3.96215e-23)
(2.35983 -0.0170273 -2.4286e-22)
(2.37296 -0.0409177 1.52724e-21)
(2.39135 -0.0577068 3.03056e-21)
(2.42059 -0.0695359 1.25331e-20)
(2.46463 -0.0526376 3.61318e-22)
(2.51095 -0.0543707 -6.47423e-21)
(2.40621 -0.120013 -3.90407e-21)
(1.26233 -0.0634032 1.75795e-20)
(-0.502336 0.0193112 2.16104e-20)
(-0.0495424 0.109232 2.24149e-20)
(1.83664 0.200271 -1.29693e-20)
(2.5277 0.172738 1.79142e-21)
(2.52352 0.118354 1.2138e-20)
(2.33348 0.00586177 0)
(2.38175 -0.00310676 2.74417e-22)
(2.3918 0.00121398 -3.38711e-21)
(2.40474 -0.00399135 -1.90956e-21)
(2.42123 -0.000877041 2.68886e-21)
(2.45842 -0.0301989 -2.44541e-21)
(2.49501 0.0171108 0)
(2.36647 0.0435944 -7.92447e-21)
(0.911473 0.164107 7.68477e-21)
(-0.692516 0.0157621 -1.03455e-20)
(-0.163269 0.0759116 -4.44263e-21)
(1.77122 0.058381 3.95884e-20)
(2.53983 0.0358955 -7.1346e-21)
(2.53052 0.0491921 -1.27222e-21)
(2.45667 0.0646238 -1.14846e-20)
(2.40691 0.031389 4.10474e-21)
(2.37107 0.0220915 -1.2787e-21)
(2.34015 0.0204561 -5.07979e-23)
(2.34041 0.015191 2.0902e-23)
(2.38774 0.0104774 1.08684e-22)
(2.38973 0.0136545 1.50367e-21)
(2.40251 0.0134335 0)
(2.418 0.0204994 -2.58157e-22)
(2.44111 0.029851 6.69026e-22)
(2.45153 0.085991 -5.42853e-21)
(2.2793 0.0947362 -5.68502e-21)
(0.522231 0.232104 6.38184e-22)
(-0.481456 0.362572 -3.85607e-21)
(-0.0833774 0.105045 4.72669e-21)
(1.79153 0.00706036 -1.3622e-20)
(2.53685 -0.00135838 -3.99584e-21)
(2.5261 -0.0220466 0)
(2.45442 -0.0337424 4.56575e-21)
(2.4099 -0.0228378 3.36881e-21)
(2.37057 -0.0111251 2.44695e-22)
(2.33929 -0.0061403 4.81182e-22)
(2.33935 0.0236085 1.04268e-23)
(2.38837 0.0225067 9.18925e-23)
(2.38431 0.0252602 1.19946e-21)
(2.39526 0.0230561 7.5281e-21)
(2.40813 0.0375079 -1.58833e-20)
(2.41923 0.0299618 1.32618e-20)
(2.40886 0.0838842 5.1999e-21)
(2.17421 0.0800029 6.77747e-21)
(0.393137 0.247978 1.01873e-21)
(-0.548166 0.231334 2.82365e-21)
(0.0935238 0.0368616 1.287e-21)
(1.88614 -0.0847206 -9.33099e-21)
(2.52292 -0.183541 6.70882e-21)
(2.52021 -0.115386 -2.95827e-21)
(2.4452 -0.0835182 -6.99111e-21)
(2.40028 -0.0558189 -5.3909e-21)
(2.36229 -0.031161 0)
(2.33479 -0.0274035 6.31521e-22)
(2.33591 0.028387 -1.0936e-23)
(2.38998 0.0331365 0)
(2.38353 0.0368848 3.41825e-22)
(2.38971 0.0338549 0)
(2.39793 0.0521032 -4.07342e-21)
(2.39924 0.0399072 7.49715e-21)
(2.3826 0.0703912 0)
(2.0849 0.0633331 4.20667e-21)
(0.387892 0.188188 -1.57461e-21)
(-0.401259 0.0596814 -2.52832e-21)
(0.307662 -0.177821 -6.22725e-22)
(2.071 -0.329606 7.45635e-21)
(2.48026 -0.334538 -4.73996e-21)
(2.49488 -0.168829 3.06209e-21)
(2.41166 -0.168275 6.24731e-21)
(2.3712 -0.0910348 -1.40226e-21)
(2.34343 -0.0770745 1.36982e-21)
(2.32564 -0.0481673 -6.39243e-22)
(2.32733 0.0325425 1.03018e-21)
(2.38726 0.0384922 -2.14276e-23)
(2.38213 0.0492133 -7.39626e-22)
(2.38554 0.0518762 -7.35154e-22)
(2.39595 0.065586 -3.29362e-21)
(2.39713 0.062282 0)
(2.3818 0.0540847 3.10724e-21)
(2.02939 0.05023 0)
(0.375084 0.0436028 3.92436e-21)
(-0.230732 -0.176154 -7.06571e-21)
(0.55994 -0.398127 -1.2607e-21)
(2.06839 -0.428512 0)
(2.37919 -0.395617 2.20982e-21)
(2.41087 -0.233768 0)
(2.35236 -0.17949 -7.04305e-21)
(2.32905 -0.122615 4.48639e-22)
(2.31591 -0.093077 1.44709e-21)
(2.30336 -0.0662593 2.16744e-21)
(2.31429 0.0362647 -1.67404e-22)
(2.38228 0.0476953 0)
(2.37697 0.0600039 6.49311e-22)
(2.3802 0.0671169 3.55823e-21)
(2.39619 0.0704756 -2.67962e-21)
(2.40383 0.0737037 2.80408e-21)
(2.38654 0.0376223 1.70518e-21)
(2.01611 0.0436123 -8.21625e-21)
(0.497365 -0.0917772 -8.34473e-22)
(-0.0212535 -0.404887 3.45879e-21)
(0.696797 -0.54229 4.68453e-22)
(2.02075 -0.473001 1.06927e-21)
(2.23042 -0.432015 -3.2725e-21)
(2.30406 -0.279581 2.90744e-21)
(2.27754 -0.211969 -2.37392e-21)
(2.29679 -0.143504 4.24247e-22)
(2.28342 -0.101288 0)
(2.28445 -0.0750387 4.61092e-22)
(2.29564 0.0389995 0)
(2.37534 0.051722 6.04021e-22)
(2.36346 0.0637096 0)
(2.37187 0.0790246 1.13823e-21)
(2.39308 0.0808752 -1.23776e-21)
(2.41357 0.107125 0)
(2.41943 0.076731 2.33765e-21)
(2.06075 0.0491085 -1.42657e-22)
(0.759921 -0.167717 -3.57256e-21)
(0.161937 -0.491624 3.58094e-21)
(0.706205 -0.58397 -1.70129e-21)
(1.93829 -0.471333 -1.02854e-22)
(2.09629 -0.499926 0)
(2.19743 -0.229931 0)
(2.18914 -0.256075 0)
(2.23696 -0.131159 1.5306e-21)
(2.24029 -0.123682 -8.97208e-22)
(2.26029 -0.0740309 3.60275e-22)
(2.27188 0.0399067 -1.38931e-22)
(2.36424 0.0570428 0)
(2.35346 0.0798424 -1.32396e-22)
(2.36188 0.094828 1.4801e-22)
(2.38021 0.114531 -1.19961e-21)
(2.40693 0.145799 1.17831e-21)
(2.43293 0.147472 -2.61875e-21)
(2.21762 0.221662 -2.81665e-21)
(1.11115 -0.0846804 1.02351e-21)
(0.352772 -0.41653 1.28264e-21)
(0.654674 -0.536715 2.06268e-23)
(1.88764 -0.336906 -2.07155e-23)
(2.01438 -0.37768 0)
(2.04423 -0.136366 0)
(2.14493 -0.145762 0)
(2.17431 -0.0853256 2.05785e-21)
(2.20998 -0.0817658 -6.75973e-22)
(2.23121 -0.0581427 6.53108e-22)
(2.24698 -0.0556417 0)
(2.24251 0.0403179 9.19079e-25)
(2.34661 0.0648879 -2.41438e-22)
(2.33501 0.101843 3.36426e-24)
(2.34126 0.119079 4.86731e-22)
(2.34797 0.155861 -4.86078e-22)
(2.37932 0.215343 0)
(2.41266 0.193649 0)
(2.25241 0.366759 0)
(1.479 0.0990669 0)
(0.561645 -0.237208 1.04844e-22)
(0.60482 -0.374292 5.70636e-23)
(1.7412 -0.227557 -2.11688e-23)
(1.95591 -0.0594958 -4.55478e-24)
(1.97273 -0.0562062 -4.31693e-23)
(2.14321 -0.0466088 4.28762e-23)
(2.15552 -0.0420222 -3.42024e-22)
(2.20684 -0.0410652 0)
(2.22238 -0.0360214 -1.38129e-23)
(2.24109 -0.0362733 0)
(2.2075 0.0389251 -4.27012e-25)
(2.32179 0.0694835 4.08998e-22)
(2.29784 0.104741 -3.36133e-24)
(2.29877 0.131885 -4.893e-23)
(2.29938 0.178684 4.63324e-23)
(2.32475 0.225899 1.35016e-22)
(2.33544 0.28692 -2.4364e-22)
(2.23465 0.407586 2.8169e-22)
(1.77993 0.282804 -1.61055e-22)
(0.826271 0.0491104 2.49684e-22)
(0.661803 -0.188691 3.95013e-23)
(1.48418 -0.120385 -9.20567e-23)
(1.91651 0.174369 0)
(1.98668 -0.0343291 1.00042e-22)
(2.14719 0.0155708 -1.27986e-23)
(2.15927 -0.0285875 -9.04999e-23)
(2.20997 -0.022914 0)
(2.22318 -0.0285748 3.95476e-23)
(2.24155 -0.0292275 -8.25919e-23)
(2.17069 0.0356925 -4.46422e-23)
(2.29481 0.0649283 -1.67286e-22)
(2.2698 0.0949474 -9.19929e-24)
(2.25353 0.126226 -3.6903e-23)
(2.26002 0.161672 3.95794e-23)
(2.23538 0.237529 -9.78389e-23)
(2.24427 0.283226 7.67794e-23)
(2.18289 0.4447 0)
(1.90074 0.391776 0)
(1.06213 0.319083 -3.33891e-22)
(0.787771 0.0871465 2.18922e-22)
(1.30327 0.0874013 -2.62116e-22)
(1.91244 0.250237 -2.71698e-23)
(2.05627 0.0874759 -1.02015e-22)
(2.16073 0.0874464 1.29395e-23)
(2.1757 0.013438 -2.624e-23)
(2.21803 0.00931806 5.31079e-24)
(2.22742 -0.0184759 -8.6771e-24)
(2.24349 -0.0205857 -5.39825e-24)
(2.13539 0.0282929 0)
(2.26552 0.0580371 -1.66366e-23)
(2.24248 0.0950658 -7.17727e-24)
(2.21699 0.134952 -3.31061e-25)
(2.20636 0.156024 2.41141e-23)
(2.17099 0.275526 -2.56198e-23)
(2.15544 0.228429 6.43566e-25)
(2.07378 0.477547 0)
(1.90126 0.415561 0)
(1.15561 0.475634 1.48043e-22)
(0.919348 0.398967 0)
(1.27105 0.245919 -6.84833e-25)
(1.91835 0.363274 3.39332e-23)
(2.15616 0.213468 -3.87058e-24)
(2.21087 0.136354 -2.62869e-24)
(2.22651 0.0434201 5.3521e-24)
(2.2447 0.0183424 -7.22504e-24)
(2.24552 -0.0180112 0)
(2.25107 -0.0204191 8.1379e-24)
(2.10283 0.0209607 5.76867e-26)
(2.23465 0.051287 -3.27033e-24)
(2.19799 0.093723 1.19908e-25)
(2.17746 0.139408 3.3102e-25)
(2.14169 0.174221 0)
(2.13922 0.262344 1.02999e-24)
(2.06625 0.263923 -2.76965e-25)
(1.99354 0.383045 4.30005e-25)
(1.86704 0.408023 -3.94466e-23)
(1.13563 0.542125 4.00267e-23)
(0.994659 0.544065 0)
(1.30224 0.35855 0)
(1.98729 0.362776 1.39244e-23)
(2.30849 0.122673 -2.21228e-23)
(2.32167 0.0670205 3.63436e-24)
(2.29694 -0.013053 -5.34987e-24)
(2.27844 -0.0171609 -1.01868e-23)
(2.26031 -0.0392621 7.80577e-24)
(2.25448 -0.0291403 2.31364e-24)
(2.07455 0.0127881 1.758e-24)
(2.20554 0.0360279 0)
(2.15472 0.062314 -1.19931e-25)
(2.12992 0.102489 0)
(2.08903 0.139208 3.41503e-24)
(2.08373 0.184485 -3.40901e-24)
(2.01713 0.304319 -3.64532e-25)
(1.96363 0.229803 8.34257e-25)
(1.71447 0.398077 -1.84546e-24)
(1.06279 0.554044 0)
(1.07246 0.523436 -4.29694e-23)
(1.48275 0.29036 4.29465e-23)
(2.20691 0.104849 -3.08221e-23)
(2.42601 -0.062397 3.90239e-23)
(2.35803 -0.039195 2.38528e-24)
(2.31291 -0.0738675 0)
(2.28117 -0.0424805 2.10598e-24)
(2.25946 -0.0516732 4.34983e-24)
(2.25191 -0.0368958 -7.65037e-24)
(2.24958 -0.0364823 0)
(2.05728 0.00457227 0)
(2.18367 0.0199662 -1.13823e-24)
(2.13963 0.0191931 4.16999e-25)
(2.09916 0.0394641 -4.27934e-25)
(2.05583 0.0539349 0)
(1.99187 0.0809048 0)
(1.99169 0.206405 0)
(1.93427 0.147633 -1.88074e-23)
(1.45246 0.379976 2.4184e-23)
(1.06847 0.457661 -4.24888e-24)
(1.21939 0.368446 0)
(1.80897 0.0260323 -4.13377e-24)
(2.33656 -0.142488 -4.36164e-23)
(2.43916 -0.145905 4.23754e-23)
(2.35158 -0.0870398 -6.99486e-25)
(2.30611 -0.100822 -9.12898e-24)
(2.27089 -0.0618985 1.32846e-23)
(2.25113 -0.0676762 -3.94168e-24)
(2.2418 -0.0509602 1.00794e-24)
(2.24151 -0.0465851 3.93454e-25)
(2.04649 -0.00280141 2.21399e-25)
(2.17019 0.00214662 3.85958e-25)
(2.13985 0.0035719 1.40403e-24)
(2.09551 0.00500034 -3.70463e-24)
(2.04795 -0.00607777 7.78858e-24)
(1.94105 0.00326201 -4.41723e-24)
(1.93723 0.0396559 0)
(1.84377 0.139175 -6.98337e-26)
(1.28853 0.30104 0)
(1.13112 0.322447 0)
(1.48612 0.106468 5.49657e-23)
(2.04085 -0.211792 -4.64384e-23)
(2.34564 -0.223748 2.12457e-23)
(2.40972 -0.18465 -3.40725e-23)
(2.31672 -0.123715 1.51492e-23)
(2.28149 -0.115632 -7.11334e-24)
(2.25222 -0.0739456 7.78105e-24)
(2.2391 -0.0734463 2.53064e-24)
(2.23441 -0.0527231 -4.25675e-24)
(2.23225 -0.0490765 1.02466e-24)
(2.0468 -0.00329239 1.67288e-27)
(2.16919 -0.00586189 0)
(2.14257 -0.0162051 0)
(2.10051 -0.0143801 -1.92874e-24)
(2.05284 -0.0385014 1.55464e-23)
(1.94005 -0.0280067 -1.40482e-23)
(1.88057 -0.092401 1.47447e-23)
(1.64871 0.0690413 -1.05925e-23)
(1.25066 0.171294 0)
(1.29382 0.0673449 -3.58093e-23)
(1.77866 -0.185169 3.41073e-23)
(2.11993 -0.371351 -3.3033e-24)
(2.31351 -0.260511 -1.90791e-24)
(2.32129 -0.238155 6.9811e-24)
(2.26824 -0.1459 -8.94591e-24)
(2.2513 -0.123749 -1.03451e-24)
(2.23269 -0.0837048 1.81907e-25)
(2.22722 -0.0738558 -7.67403e-25)
(2.22529 -0.0533797 2.16396e-24)
(2.22456 -0.0451276 -1.09119e-24)
(2.05161 -0.0014294 0)
(2.17638 -0.0135863 1.72306e-24)
(2.15245 -0.0421192 -2.69993e-24)
(2.11609 -0.0578731 -1.76776e-24)
(2.06832 -0.115149 -4.18322e-24)
(1.9676 -0.108077 -1.20478e-23)
(1.84881 -0.191727 2.71919e-23)
(1.5186 -0.0995637 -1.18412e-23)
(1.29631 0.00348761 -7.65823e-24)
(1.5342 -0.257305 8.08506e-25)
(1.92118 -0.366825 -1.64835e-23)
(2.11239 -0.434348 1.68012e-23)
(2.22966 -0.323421 2.89972e-24)
(2.24802 -0.282605 4.52607e-24)
(2.21613 -0.190843 -5.11365e-24)
(2.21475 -0.154517 1.03345e-24)
(2.20302 -0.113646 3.13799e-25)
(2.20865 -0.0904001 -8.37736e-25)
(2.20686 -0.0664468 -4.20174e-25)
(2.21231 -0.0497877 4.99947e-25)
(2.06078 0.00541404 4.81966e-25)
(2.1943 -0.016159 4.61785e-25)
(2.18798 -0.0630643 2.31198e-24)
(2.16267 -0.102889 3.48298e-24)
(2.11206 -0.182908 -2.80946e-24)
(2.02687 -0.266756 0)
(1.8159 -0.291854 -1.07972e-24)
(1.4907 -0.238313 1.09455e-23)
(1.41022 -0.282272 4.80535e-24)
(1.68468 -0.439757 -5.61731e-24)
(1.9576 -0.462271 0)
(2.07839 -0.487653 -6.07477e-25)
(2.14648 -0.384817 -1.10132e-24)
(2.17075 -0.315689 -7.88147e-25)
(2.15447 -0.227675 1.36081e-24)
(2.16821 -0.184101 -5.41409e-26)
(2.16665 -0.140274 5.41606e-26)
(2.18061 -0.107782 -3.56472e-25)
(2.18162 -0.0797889 4.2059e-25)
(2.19293 -0.0589598 -4.99956e-25)
(2.07053 0.0211858 2.52395e-25)
(2.22427 -0.00907987 0)
(2.24436 -0.0498392 3.21683e-26)
(2.23854 -0.094785 -1.22383e-24)
(2.21752 -0.166535 1.64255e-26)
(2.1076 -0.296172 1.77892e-24)
(1.80912 -0.350317 -3.87705e-24)
(1.51295 -0.370054 1.0084e-25)
(1.49656 -0.482945 -5.18657e-24)
(1.72826 -0.516665 1.05958e-23)
(1.95315 -0.481789 -8.96422e-24)
(2.02797 -0.469018 3.03282e-24)
(2.05706 -0.381819 -1.31735e-24)
(2.07361 -0.295677 1.079e-24)
(2.09719 -0.219235 -4.43658e-24)
(2.11655 -0.172782 1.30298e-24)
(2.12878 -0.128383 0)
(2.14704 -0.0966403 0)
(2.15632 -0.0697858 -8.05461e-25)
(2.17184 -0.0524243 -5.07719e-25)
(2.28696 -0.0283016 1.23699e-24)
(2.30847 -0.0728301 1.31743e-24)
(2.24628 -0.160652 0)
(1.88303 -0.344759 -7.24623e-25)
(1.59978 -0.455365 -1.0205e-25)
(1.54756 -0.556087 3.96963e-24)
(1.7065 -0.548175 -1.74342e-24)
(1.90713 -0.495521 1.74305e-24)
(1.96542 -0.377049 -9.64872e-27)
(1.98248 -0.306894 6.38048e-25)
(1.98986 -0.232546 1.01674e-24)
(2.04526 -0.159789 -5.76404e-25)
(2.06498 -0.114123 5.18181e-24)
(2.09478 -0.0770801 -8.69283e-25)
(2.11845 -0.0553932 8.6871e-25)
(2.13804 -0.0372826 8.05463e-25)
(2.15782 -0.0286721 -6.36116e-25)
(2.29944 0.0289725 1.87112e-24)
(2.34258 0.0133881 0)
(2.36329 0.0124471 0)
(2.11632 -0.142426 6.77725e-24)
(1.74854 -0.339239 5.781e-24)
(1.60543 -0.49171 -3.97404e-24)
(1.65594 -0.483202 0)
(1.77116 -0.465127 -3.83918e-25)
(1.84747 -0.316192 0)
(1.90088 -0.209322 0)
(1.91905 -0.133437 -3.56645e-24)
(1.99211 -0.0683629 3.56399e-24)
(2.02704 -0.0378954 -9.51783e-24)
(2.07484 -0.0198621 0)
(2.10558 -0.0133575 0)
(2.13181 -0.00845668 3.86859e-25)
(2.1541 -0.00891161 7.28454e-25)
(1.9626 -0.104465 0)
(1.70063 -0.317301 0)
(1.66836 -0.344881 -4.08235e-24)
(1.69385 -0.341617 -5.72122e-26)
(1.7242 -0.259091 -2.90663e-24)
(1.78002 -0.114578 4.65756e-24)
(1.84636 -0.0253471 0)
(1.95914 0.0101199 1.04347e-23)
(2.01649 0.00768382 1.31475e-23)
(2.07238 0.00779345 1.56882e-24)
(2.10524 0.0022455 -7.62175e-24)
(2.13237 0.00111249 0)
(2.15472 -0.00235231 0)
(1.86278 -0.0449254 1.70311e-23)
(1.69721 -0.219059 4.03039e-24)
(1.65423 -0.139084 5.36101e-24)
(1.6356 -0.131496 -3.48682e-26)
(1.66591 -0.00527544 -1.70966e-24)
(1.79784 0.0384012 0)
(1.95523 0.0466084 -8.35443e-24)
(2.0206 0.0354559 -8.28859e-24)
(2.07623 0.0321635 0)
(2.10935 0.0223233 6.00348e-24)
(2.00949 0.216611 -1.33891e-23)
(1.77918 0.00650451 4.02061e-24)
(1.62917 0.0486677 -6.8817e-24)
(1.58203 0.0612192 -1.88122e-24)
(1.97979 0.00644219 4.03439e-23)
(1.98576 0.00915991 3.58658e-23)
(1.98571 0.0109755 5.01553e-24)
(1.98363 0.0137253 0)
(1.97866 0.0161963 -5.9637e-24)
(1.97171 0.0197059 -9.16341e-23)
(1.96227 0.0215789 0)
(1.95012 0.0229819 0)
(1.93524 0.0255159 0)
(1.92015 0.0276026 -3.84256e-22)
(1.90265 0.0287311 -3.77151e-22)
(1.88247 0.028657 0)
(1.86008 0.0283545 1.76947e-22)
(1.83602 0.0286951 1.36714e-24)
(1.81024 0.028559 1.26413e-24)
(1.78403 0.0274103 -1.26221e-24)
(1.75682 0.0263445 1.49574e-22)
(1.72892 0.0255612 3.01398e-25)
(1.70012 0.0243602 2.70092e-25)
(1.67086 0.0226409 0)
(1.64214 0.0198364 0)
(1.61498 0.0160232 0)
(1.58894 0.0129422 4.88115e-23)
(1.56464 0.0102632 0)
(1.5427 0.00762057 0)
(1.52357 0.00488214 0)
(1.50712 0.00207361 0)
(1.49372 -0.000521903 2.32171e-26)
(1.48362 -0.00236487 -6.86652e-25)
(1.47625 -0.00339016 2.94952e-26)
(1.47195 -0.00418171 -7.89778e-27)
(1.47 -0.00464546 -7.67384e-27)
(1.46998 -0.00421103 -1.34476e-26)
(1.47028 -0.00344725 -2.20764e-28)
(1.47043 -0.00226253 2.20765e-28)
(1.46992 -0.000732484 -6.06755e-26)
(1.46816 0.00170534 0)
(1.46419 0.00445003 1.23995e-25)
(1.45726 0.00675851 -7.52397e-26)
(1.44602 0.00837153 -7.07037e-26)
(1.43015 0.00986169 -2.08393e-25)
(1.41011 0.0111031 -6.84353e-26)
(2.36039 -0.00995037 -7.65303e-23)
(2.36729 -0.00739244 4.26473e-23)
(2.32442 -0.000575569 -3.92776e-23)
(2.3594 -0.0305795 3.92119e-22)
(2.37038 -0.0205753 1.80236e-22)
(2.37031 -0.0179352 -9.56131e-23)
(0.169918 -0.0715474 -2.69693e-20)
(-0.266524 -0.152951 1.12046e-20)
(1.33083 0.0239145 0)
(-0.601799 0.0541484 -1.35784e-20)
(-0.618126 -0.080467 0)
(-0.617095 -0.193892 -4.44853e-21)
(0.169947 0.144785 -1.75352e-20)
(0.0997166 0.0471519 -4.59366e-21)
(-0.17331 -0.0385888 4.55039e-21)
(2.37816 -8.24126e-05 -2.22886e-22)
(2.38382 0.0116823 -1.36517e-22)
(2.33892 0.0124522 6.70548e-23)
(2.38468 -0.0160315 2.00718e-22)
(2.38715 0.0032488 -1.89276e-22)
(2.38646 0.00651124 9.44579e-23)
(2.38569 0.0114152 1.87774e-22)
(2.38732 0.0207861 -5.70568e-23)
(2.34015 0.0205825 -2.4779e-22)
(2.38615 0.00598859 -4.65157e-22)
(2.38446 0.0204793 1.05048e-21)
(2.38825 0.0198897 2.80764e-22)
(2.38757 0.0222266 0)
(2.38923 0.0264981 0)
(2.33802 0.0256506 -1.08967e-23)
(2.38454 0.022545 -1.85713e-22)
(2.38459 0.0254651 -1.50961e-21)
(2.38901 0.0243082 0)
(2.38976 0.0319242 0)
(2.38888 0.0344619 -1.24121e-23)
(2.33211 0.0308858 -3.46229e-22)
(2.3856 0.0265898 -1.46717e-21)
(2.38611 0.0413332 1.39006e-21)
(2.38975 0.036121 -6.61259e-22)
(2.38639 0.0368061 -6.78653e-22)
(2.38406 0.0393845 6.7943e-22)
(2.32112 0.0343613 5.2978e-24)
(2.38555 0.0304515 0)
(2.38266 0.058073 0)
(2.38363 0.0441955 -6.78359e-22)
(2.38177 0.0406216 1.00713e-23)
(2.37743 0.0440134 -3.24695e-22)
(2.30569 0.0381693 3.20006e-22)
(2.38058 0.0292839 -1.34486e-21)
(2.3751 0.0692885 -1.30336e-21)
(2.3802 0.0509477 -9.62619e-24)
(2.37113 0.0461924 -6.10595e-22)
(2.36464 0.0488119 4.60166e-24)
(2.28413 0.0394111 2.18759e-24)
(2.37006 0.0413083 9.2901e-24)
(2.36328 0.075732 5.60085e-22)
(2.37007 0.0538502 -5.74622e-22)
(2.35809 0.0505362 0)
(2.34973 0.0531342 0)
(2.25807 0.0401093 0)
(2.35976 0.0491998 8.83246e-24)
(2.35205 0.0813598 5.28189e-22)
(2.35653 0.0613434 -1.95604e-24)
(2.33979 0.0537763 2.43064e-22)
(2.32862 0.0540799 -9.13663e-25)
(2.22559 0.0398416 -4.90678e-25)
(2.34343 0.05808 -1.83034e-24)
(2.32925 0.0872657 4.50857e-22)
(2.33488 0.0684688 -4.4541e-22)
(2.31593 0.052973 -3.9154e-25)
(2.30168 0.0511292 3.91214e-25)
(2.18877 0.0377784 1.80655e-25)
(2.31619 0.0662174 -4.10555e-22)
(2.29993 0.0885724 -3.78405e-25)
(2.30864 0.0674165 3.48385e-25)
(2.28688 0.0490909 1.60652e-25)
(2.27074 0.0471544 -1.6054e-25)
(2.15248 0.0324872 0)
(2.28603 0.06855 1.66812e-22)
(2.27152 0.0833958 1.11442e-22)
(2.28046 0.0625224 -7.43916e-23)
(2.25511 0.043321 0)
(2.24134 0.0381482 4.84648e-25)
(2.11878 0.0241435 -5.42051e-25)
(2.259 0.0639442 1.64431e-23)
(2.24365 0.0719141 2.44317e-23)
(2.25029 0.0537455 3.68419e-24)
(2.22778 0.0332147 3.18583e-24)
(2.21244 0.0279621 7.0822e-25)
(2.08788 0.0169718 -7.07993e-25)
(2.22923 0.0560145 5.06214e-26)
(2.21209 0.060871 1.31584e-25)
(2.21932 0.0460943 8.77962e-26)
(2.19773 0.021096 -1.15349e-24)
(2.1862 0.0152215 -7.22084e-25)
(2.06498 0.00891484 0)
(2.1948 0.0461699 -1.31789e-25)
(2.17834 0.0447204 0)
(2.1937 0.0271129 8.964e-25)
(2.1764 0.0113974 1.13902e-24)
(2.16767 0.00670743 1.30696e-26)
(2.0501 9.78992e-05 0)
(2.16843 0.0316495 0)
(2.16475 0.023595 6.60897e-26)
(2.17566 0.0119191 -1.10761e-25)
(2.16261 0.000495566 -7.19686e-25)
(2.16176 -0.00312135 5.44017e-26)
(2.04619 -0.0034458 -6.38854e-27)
(2.16249 0.00828202 -7.16174e-26)
(2.15994 -0.00217773 5.50099e-27)
(2.16863 -0.00375605 -1.66175e-26)
(2.16226 -0.00427114 8.65345e-26)
(2.16385 -0.00501284 2.85833e-25)
(2.04863 -0.00259576 -6.00537e-26)
(2.15969 -0.0069328 0)
(2.16073 -0.00926101 0)
(2.17152 -0.0088481 -2.60372e-25)
(2.16758 -0.00483873 0)
(2.1741 -0.00357454 0)
(2.05559 0.00061649 -1.1334e-25)
(2.16444 -0.0134749 -1.91906e-24)
(2.17347 -0.0213834 2.65447e-24)
(2.18358 -0.0159214 -1.91089e-24)
(2.18308 -0.00117586 -2.44745e-25)
(2.19471 0.00231099 -2.3727e-25)
(2.06606 0.0128316 1.33058e-25)
(2.18871 -0.0241442 -9.07934e-24)
(2.20775 -0.0290692 9.74334e-24)
(2.20829 -0.0142465 -2.27609e-24)
(2.20896 0.0066244 0)
(2.22385 0.0114962 -3.61511e-25)
(2.07325 0.0276741 0)
(2.2281 -0.0255612 -3.47783e-25)
(2.24736 -0.0219775 3.47677e-25)
(2.24109 -0.00173006 3.61509e-25)
(1.01891 0.004381 0)
(0.418009 0.000396395 0)
(1.00337 0.00526424 0)
(0.405272 0.000990541 0)
(0.968551 0.00633174 0)
(0.376508 0.00101105 0)
(0.910096 0.00846113 0)
(0.338037 0.000861849 0)
(0.837516 0.0089494 0)
(0.295092 0.000726873 0)
(0.75224 0.00922636 0)
(0.251701 0.000694468 0)
(0.667517 0.00795496 0)
(0.207313 0.00116012 0)
(0.592391 0.0061324 0)
(0.16959 0.00100231 0)
(0.526468 0.00497759 0)
(0.138397 0.000890256 0)
(0.470756 0.00345646 0)
(0.112779 0.000748015 0)
(0.427123 0.0017066 0)
(0.0934727 0.00100722 0)
(0.397134 8.52183e-05 0)
(0.0812573 0.00115483 0)
(0.380634 -0.000968931 0)
(0.0760757 0.00114502 0)
(0.376589 -0.00199235 0)
(0.0768625 0.000974106 0)
(0.382667 -0.00233683 0)
(0.083221 0.000269349 0)
(0.395719 -0.00233019 0)
(0.0929512 -0.000129905 0)
(0.411422 -0.00230906 0)
(0.103921 -0.000207617 0)
(0.428823 -0.00260518 0)
(0.116345 -0.000256243 0)
(0.445476 -0.00258015 0)
(0.129204 -0.000107689 0)
(0.458375 -0.00266062 0)
(0.140783 0.000233113 0)
(0.465728 -0.00250924 0)
(0.150089 0.000685946 0)
(0.465238 -0.00145292 0)
(0.154438 0.000998276 0)
(0.988489 0.00518823 0)
(0.392072 0.00106791 0)
(0.942313 0.00806206 0)
(0.358404 0.000977655 0)
(0.875036 0.00882395 0)
(0.316849 0.0010003 0)
(0.795558 0.00907384 0)
(0.27342 0.000432247 0)
(0.709177 0.00890947 0)
(0.229267 0.00104779 0)
(0.628743 0.00689757 0)
(0.187401 0.00108384 0)
(0.558394 0.0055794 0)
(0.153415 0.000954343 0)
(0.49724 0.00421202 0)
(0.124803 0.000744857 0)
(0.447345 0.00263278 0)
(0.102326 0.000865843 0)
(0.410467 0.000816209 0)
(0.0864785 0.00112055 0)
(0.387772 -0.000454133 0)
(0.07797 0.00109254 0)
(0.376899 -0.00154319 0)
(0.0758234 0.00131779 0)
(0.378076 -0.00226436 0)
(0.0794492 0.000543365 0)
(0.388803 -0.00235099 0)
(0.0877915 1.97492e-06 0)
(0.403415 -0.00225095 0)
(0.0983847 -0.000153141 0)
(0.419946 -0.00246991 0)
(0.109921 -0.000256035 0)
(0.437468 -0.00262339 0)
(0.122872 -0.000207512 0)
(0.45249 -0.00258064 0)
(0.135183 3.39688e-05 0)
(0.462931 -0.00269018 0)
(0.145872 0.000458688 0)
(0.466481 -0.00210328 0)
(0.153032 0.000942727 0)
(0.461374 -0.000737893 0)
(0.154361 0.000856318 0)
(2.26089 -0.0399556 -3.31583e-22)
(2.27102 -0.033338 6.4151e-22)
(2.25314 -0.0327952 0)
(2.26463 -0.0294369 3.63187e-23)
(2.24977 -0.0275315 3.13095e-22)
(2.26185 -0.0276859 -5.21403e-22)
(2.24993 -0.0258472 -7.69933e-24)
(2.26121 -0.0259136 -1.1264e-22)
(2.27216 -0.0226219 1.12655e-22)
(2.2738 -0.0142209 -5.78724e-23)
(1.64837 -0.00978753 -5.00088e-25)
(2.25189 -0.0281247 -8.58596e-24)
(2.26016 -0.0246185 7.63829e-25)
(2.26883 -0.0242023 -7.66785e-25)
(2.26965 -0.0158186 0)
(1.622 -0.00988171 0)
(2.25202 -0.0317456 0)
(2.25747 -0.0261692 0)
(2.26659 -0.0259637 1.38262e-25)
(2.26479 -0.0165439 -9.74839e-24)
(1.59403 -0.00905952 5.82514e-25)
(1.63515 -0.00994259 4.99744e-25)
(1.60831 -0.00983765 2.04304e-25)
(1.57972 -0.00866989 -1.7626e-25)
(2.18579 -0.0177061 5.97237e-23)
(2.17963 -0.0175017 1.70195e-24)
(2.27086 -0.0280509 -1.80222e-24)
(2.17505 -0.0183343 -1.70087e-24)
(2.16819 -0.0183681 0)
(2.26667 -0.0281178 -1.47753e-24)
(2.16276 -0.0190866 -1.40893e-24)
(2.15556 -0.0190421 4.84769e-26)
(2.26098 -0.0282853 1.06756e-23)
(0.507183 -0.000627217 0)
(0.147535 -0.000292888 0)
(0.492437 -0.000368526 0)
(0.142499 -0.000414523 0)
(0.480133 5.38241e-05 0)
(0.138434 -0.000504344 0)
(0.499577 -0.000478854 0)
(0.144956 -0.000350871 0)
(0.485843 -0.000148404 0)
(0.14026 -0.000490897 0)
(0.475218 0.000241613 0)
(0.137041 -0.000562398 0)
(2.17321 -0.00651144 -9.14233e-25)
(2.18822 -0.0069888 -1.01825e-25)
(2.17756 -0.00480769 0)
(1.41629 -6.4444e-05 0)
(2.17363 -0.00255873 0)
(2.18854 -0.00490918 0)
(2.17527 -0.00449258 -2.8888e-25)
(1.41003 -0.00155306 -2.3922e-25)
(2.17598 0.00272824 3.4496e-24)
(2.19049 -0.00238185 0)
(2.17562 -0.00481737 6.54048e-25)
(1.40085 -0.0027806 0)
(2.18288 0.00912261 -3.39199e-24)
(2.19629 -0.000297325 -9.15056e-25)
(2.17907 -0.00559445 3.23263e-24)
(1.38795 -0.00411212 -2.29507e-25)
(2.19852 0.0112655 -9.77262e-26)
(2.20858 -0.00129432 2.98016e-24)
(2.18722 -0.00742769 0)
(1.36981 -0.0052826 -4.58743e-25)
(2.21327 0.00481831 -5.46694e-25)
(2.21976 -0.00585137 -7.46524e-26)
(2.19552 -0.00987011 -4.22872e-24)
(1.3485 -0.00500516 -1.7031e-26)
(1.41373 -0.000768425 0)
(1.40576 -0.00213991 8.44155e-26)
(1.39512 -0.00331722 -2.20061e-25)
(1.37957 -0.00474582 2.3396e-25)
(1.35944 -0.00527241 4.37114e-25)
(1.33769 -0.00426629 1.57795e-25)
(2.03978 -0.00276738 0)
(2.03781 -0.0034208 4.56932e-25)
(2.17583 -0.00482075 -2.31027e-24)
(2.03641 -0.00437099 4.44369e-25)
(2.03515 -0.00537451 -3.03233e-25)
(2.17528 -0.00479273 -3.54273e-25)
(2.0345 -0.00491712 -3.79701e-25)
(2.0341 -0.00798874 1.30721e-24)
(2.17659 -0.00481985 -7.71004e-25)
(2.03414 -0.00917403 9.55718e-25)
(2.03424 -0.0116717 -1.58513e-24)
(2.18281 -0.00599866 0)
(2.03431 -0.0134082 7.71383e-25)
(2.03409 -0.0144175 0)
(2.19155 -0.00847365 0)
(2.03326 -0.0157994 -6.57378e-25)
(2.03128 -0.0163281 6.72746e-25)
(2.19897 -0.0105104 4.10684e-24)
(2.25366 -0.0311735 -5.7219e-25)
(2.26338 -0.0263903 1.62704e-24)
(2.25851 -0.0182559 5.87665e-25)
(1.5649 -0.00799724 9.49143e-26)
(2.24608 -0.0368138 4.67932e-25)
(2.25628 -0.0284345 -1.52305e-24)
(2.25107 -0.0192025 -2.32689e-24)
(1.53586 -0.00670841 -7.47863e-26)
(2.23637 -0.0371345 -3.7867e-25)
(2.2466 -0.0296147 -1.14869e-24)
(2.24244 -0.0191903 0)
(1.50786 -0.00495597 -4.99165e-25)
(2.22911 -0.0342103 -2.95597e-25)
(2.23868 -0.0273574 4.12463e-25)
(2.23202 -0.0177847 -6.54288e-24)
(1.48247 -0.00327842 0)
(2.22074 -0.0355678 -2.06252e-25)
(2.23069 -0.02623 1.15325e-24)
(2.22116 -0.0163115 -3.66946e-24)
(1.46109 -0.00214736 0)
(2.2057 -0.0394634 0)
(2.2176 -0.0274646 -3.23216e-25)
(2.21013 -0.013788 -6.8796e-25)
(1.44362 -0.000741008 -2.7425e-26)
(2.18781 -0.0347877 0)
(2.20154 -0.0243333 1.98598e-25)
(2.19768 -0.010894 1.04229e-24)
(1.43018 0.000636886 3.21796e-26)
(2.17612 -0.0194288 8.72885e-25)
(2.1909 -0.0146825 6.33571e-25)
(2.18546 -0.00836235 0)
(1.42145 0.000980682 3.13098e-27)
(1.55041 -0.00752274 1.56133e-25)
(1.52171 -0.00593287 -4.92752e-25)
(1.49494 -0.00414123 -7.04413e-27)
(1.47147 -0.00274079 0)
(1.45222 -0.00145494 2.74249e-26)
(1.43668 8.73229e-07 -3.21795e-26)
(1.42551 0.00104392 0)
(1.41895 0.000625802 3.54716e-26)
(2.14973 -0.0192515 6.43139e-25)
(2.14151 -0.0191223 2.73968e-25)
(2.25415 -0.0283425 -5.87644e-25)
(2.13474 -0.019283 1.80615e-24)
(2.12618 -0.0190461 -1.4782e-24)
(2.24653 -0.0271621 2.14543e-24)
(2.11856 -0.0188858 4.90192e-25)
(2.11003 -0.0181689 0)
(2.23692 -0.0254266 6.10042e-24)
(2.10264 -0.0171148 1.36681e-24)
(2.09452 -0.0154933 0)
(2.22626 -0.0227149 4.70828e-24)
(2.08719 -0.014208 -1.21502e-25)
(2.07932 -0.0130832 1.08106e-24)
(2.21556 -0.0197306 -9.73464e-25)
(2.07202 -0.0123692 5.87755e-25)
(2.06499 -0.0111274 0)
(2.20391 -0.0155596 0)
(2.0587 -0.00972183 0)
(2.05264 -0.00764191 1.34352e-25)
(2.1911 -0.0121526 -7.05864e-25)
(2.04723 -0.00540685 1.12264e-26)
(2.04287 -0.00333874 -1.93209e-26)
(2.18082 -0.0078156 0)
(0.472947 0.000882751 0)
(0.14935 6.91488e-06 0)
(0.475773 0.000816248 0)
(0.15282 -0.000133645 0)
(0.476804 0.000890002 0)
(0.155483 -0.000243967 0)
(0.475787 0.000636538 0)
(0.15718 -0.00034374 0)
(0.471864 0.000217971 0)
(0.157175 -0.000318249 0)
(0.466094 -0.000177117 0)
(0.155459 -0.000184504 0)
(0.474662 0.000833872 0)
(0.151242 -6.02188e-05 0)
(0.476453 0.000798637 0)
(0.154196 -0.000195192 0)
(0.476681 0.000754847 0)
(0.156546 -0.000323615 0)
(0.474183 0.000403172 0)
(0.157429 -0.000347758 0)
(0.469197 4.55122e-05 0)
(0.156504 -0.000244106 0)
(0.462958 -0.00033125 0)
(0.154156 -0.00013934 0)
(0.471168 0.000442296 0)
(0.136072 -0.000605684 0)
(0.465107 0.000658012 0)
(0.135093 -0.000646337 0)
(0.46154 0.000772736 0)
(0.135315 -0.000558175 0)
(0.460087 0.000743606 0)
(0.136175 -0.000377175 0)
(0.460319 0.00070257 0)
(0.137696 -0.00023415 0)
(0.462047 0.000593514 0)
(0.139697 -5.25353e-05 0)
(0.464838 0.000577094 0)
(0.142134 3.30609e-05 0)
(0.468696 0.000736393 0)
(0.145346 5.29708e-05 0)
(0.467826 0.000546465 0)
(0.13543 -0.000635887 0)
(0.462962 0.000740525 0)
(0.135082 -0.000617949 0)
(0.460575 0.000749833 0)
(0.135677 -0.0004962 0)
(0.460031 0.000729361 0)
(0.136889 -0.000300152 0)
(0.461166 0.00066396 0)
(0.138675 -0.000133235 0)
(0.463428 0.000556873 0)
(0.140881 3.11754e-06 0)
(0.466748 0.000636122 0)
(0.143653 4.95713e-05 0)
(0.470967 0.000843843 0)
(0.147334 4.78423e-05 0)
)
;

boundaryField
{
    inlet
    {
        type            fixedValue;
        value           nonuniform List<vector> 0();
    }
    outlet
    {
        type            zeroGradient;
    }
    wall
    {
        type            noSlip;
    }
    empty_zmin
    {
        type            empty;
    }
    empty_zmax
    {
        type            empty;
    }
    procBoundary1to0
    {
        type            processor;
        value           nonuniform List<vector> 
39
(
(2.33772 0.239113 -1.28037e-21)
(2.31772 0.180405 1.12848e-21)
(2.2978 0.152287 -1.03526e-21)
(2.27422 0.120859 0)
(2.26012 0.091532 -5.46229e-24)
(2.25494 0.0644208 -1.02947e-22)
(2.25557 0.0432401 -4.39316e-23)
(2.26355 0.0249699 -7.53546e-24)
(2.27129 0.0200832 3.47578e-23)
(1.83843 0.000481387 -1.06384e-24)
(2.22709 0.00614177 -2.29873e-23)
(0.827751 -0.000770759 0)
(0.321336 3.53903e-06 0)
(2.32095 -0.0910941 1.35981e-22)
(2.33907 -0.109631 8.61818e-22)
(2.36105 -0.16499 0)
(2.40051 -0.181546 -3.98297e-21)
(2.48155 -0.24013 -1.32931e-20)
(2.39529 0.272899 -3.45433e-21)
(2.29404 -0.0151088 -6.2905e-23)
(2.33781 -0.0381152 -7.33154e-23)
(2.34268 -0.0508263 0)
(2.53851 -0.229577 2.54841e-20)
(1.87011 -0.252611 -7.00495e-20)
(-0.191779 -0.171181 -1.31564e-18)
(-0.178886 0.305743 0)
(1.80507 0.378535 3.17858e-20)
(2.49085 0.286498 -2.80832e-22)
(2.50106 0.288005 0)
(-0.0132773 0.129578 -8.47922e-20)
(0.0979221 -0.165809 0)
(1.96246 -0.000688631 2.16516e-24)
(-0.0645811 0.323002 -1.03101e-20)
(2.45702 -0.119013 0)
(2.45533 0.295488 -3.99076e-20)
(2.33504 -0.023915 4.66898e-23)
(2.34268 -0.0508263 0)
(1.02577 0.00327314 0)
(0.427481 0.000319306 0)
)
;
    }
}


// ************************************************************************* //
