/*--------------------------------*- C++ -*----------------------------------*\
| =========                 |                                                 |
| \\      /  F ield         | OpenFOAM: The Open Source CFD Toolbox           |
|  \\    /   O peration     | Version:  2406                                  |
|   \\  /    A nd           | Website:  www.openfoam.com                      |
|    \\/     M anipulation  |                                                 |
\*---------------------------------------------------------------------------*/
FoamFile
{
    version     2.0;
    format      ascii;
    arch        "LSB;label=32;scalar=64";
    class       volScalarField;
    location    "0.99";
    object      initialResidual:p;
}
// * * * * * * * * * * * * * * * * * * * * * * * * * * * * * * * * * * * * * //

dimensions      [0 0 0 0 0 0 0];

internalField   nonuniform List<scalar> 
2367
(
-8.66216e-10
-1.03143e-09
-4.3442e-10
-1.30645e-10
-1.08166e-09
6.90034e-10
8.31358e-10
2.26463e-10
-2.48574e-10
-5.06468e-11
2.69887e-10
1.9166e-10
-5.70101e-11
-7.92873e-13
2.17636e-11
1.70589e-11
-1.25368e-09
-6.76904e-10
-1.93356e-09
4.28802e-10
-3.52575e-10
-9.05264e-10
-2.82919e-09
4.62383e-10
-2.81317e-09
2.17827e-09
5.11261e-09
-1.87282e-09
-1.83962e-08
-2.57304e-10
-3.16286e-09
-5.67568e-09
-2.57932e-09
2.36862e-09
2.35979e-09
3.63539e-08
-8.63773e-08
3.55515e-08
-1.84932e-09
-4.87583e-10
2.44658e-09
-4.637e-10
3.88605e-09
-1.28567e-09
-2.81671e-10
9.83666e-10
-8.85838e-10
2.79367e-09
-1.016e-09
3.43154e-10
1.94506e-09
1.91773e-09
1.02518e-08
1.07849e-09
1.32764e-09
1.07543e-09
7.64995e-10
-2.65653e-09
-1.34948e-09
1.74753e-09
-2.08419e-09
1.90821e-10
-5.04748e-09
1.03079e-12
2.81041e-09
5.94647e-09
-5.02769e-09
2.09418e-09
1.09916e-09
1.49693e-09
1.37883e-10
2.73992e-09
-1.54666e-09
4.56081e-10
-1.88292e-09
2.09783e-09
-5.70096e-09
6.86946e-09
2.28474e-09
-6.39871e-09
7.7678e-09
-8.85885e-10
-2.99997e-09
1.20011e-09
-2.74978e-09
1.57152e-09
1.01961e-09
-1.89359e-09
2.90996e-10
-8.66884e-09
6.66493e-10
2.16266e-10
-1.02119e-09
-1.97755e-09
5.81126e-09
-7.15074e-09
4.79633e-09
-2.24015e-09
2.08026e-09
3.89803e-10
1.87377e-09
-3.85804e-10
-1.55959e-09
-4.95815e-10
-3.35768e-10
3.39642e-11
2.06447e-10
-2.91941e-10
1.99108e-09
3.51102e-11
-5.91116e-09
-6.65347e-10
-3.41751e-09
3.0569e-09
-1.74943e-09
-6.96047e-10
-2.36635e-09
6.64191e-10
-4.28703e-10
1.00977e-09
-8.23293e-10
-1.23435e-10
-5.51095e-10
3.18906e-10
1.21302e-08
-1.74454e-09
8.56744e-09
-2.19611e-10
4.16869e-09
7.13444e-09
-7.06448e-10
2.52545e-09
-1.98196e-10
4.78465e-10
-2.68434e-10
1.59828e-10
-1.13412e-09
-3.05923e-08
-7.88307e-09
-3.92529e-09
-2.26347e-09
-7.8005e-09
-1.47616e-08
1.74929e-09
-3.90655e-09
-1.005e-09
9.47476e-10
2.16537e-10
-3.0857e-10
1.50075e-09
5.34506e-08
2.50154e-09
-4.99799e-09
2.07296e-08
-4.28163e-09
6.866e-08
1.79722e-09
-3.72879e-09
7.16698e-10
-9.28077e-10
-2.8864e-10
9.59256e-11
-9.67919e-10
-3.61798e-08
-2.13569e-08
2.15102e-08
8.9738e-09
1.93576e-08
-6.08011e-08
6.8691e-10
2.70402e-09
2.08351e-09
8.5125e-11
-9.76312e-11
-6.93611e-10
-1.39571e-09
-1.4859e-08
2.84966e-08
-2.03911e-08
1.03702e-08
2.50073e-08
-6.18218e-09
1.75299e-09
-2.73021e-09
-9.53408e-10
-1.57423e-10
4.60923e-10
1.01548e-09
2.8405e-10
-9.8547e-10
-7.78541e-09
-1.35982e-09
-1.82516e-08
2.71399e-09
-1.00111e-08
1.5439e-09
-1.95049e-09
3.04642e-09
-2.53841e-10
-4.57445e-11
-1.815e-10
-9.87214e-10
1.81829e-09
-1.63072e-09
6.56281e-09
2.17841e-10
2.86375e-09
3.18346e-09
-3.67471e-09
2.42028e-09
1.62714e-09
-7.02024e-10
5.45655e-10
4.77999e-10
-6.58511e-10
2.77498e-10
2.80425e-11
4.3437e-10
-1.80033e-10
-1.21764e-09
6.59274e-10
-4.0527e-09
4.42064e-10
1.96217e-09
1.69942e-10
9.21561e-10
-2.10834e-09
-1.36715e-09
-4.47217e-09
-3.88273e-09
4.07332e-09
1.59452e-09
-2.57139e-09
4.89739e-10
5.89719e-10
-2.18548e-10
1.7292e-10
5.32764e-10
1.57096e-09
-1.07807e-09
-1.22595e-09
-8.7644e-09
-1.11763e-09
1.82177e-10
1.20477e-09
-5.18182e-11
3.01538e-10
4.3113e-09
-3.28855e-09
7.93847e-11
1.28057e-10
9.70021e-09
9.9956e-10
1.23836e-10
-6.65488e-10
5.31475e-11
-5.90924e-10
1.23143e-10
3.63316e-10
2.01108e-10
2.36388e-10
-1.07952e-09
1.01907e-10
-1.09527e-09
-2.46783e-09
3.96382e-09
-6.72735e-09
-8.16262e-10
-3.24827e-09
-1.74338e-09
4.56717e-09
-2.99679e-09
2.1049e-09
-1.64593e-09
2.78944e-09
5.22309e-09
-4.98145e-09
1.61911e-09
-2.78584e-10
1.55863e-10
6.67569e-10
-1.67567e-10
-7.00278e-10
1.57947e-10
-4.50529e-09
-4.3804e-09
4.22749e-09
-8.74707e-09
-9.40604e-09
-3.7522e-09
-2.31034e-11
-2.34202e-09
4.40875e-09
1.84142e-10
8.75491e-09
-1.91064e-09
2.75e-10
2.04013e-09
-8.55179e-11
-5.71903e-10
-4.06148e-10
1.28701e-09
-1.20805e-10
6.98468e-09
2.51812e-08
-4.33152e-08
-6.24259e-09
1.2512e-09
4.12131e-09
-6.2678e-10
-1.8144e-10
6.07929e-09
3.49689e-09
-4.96064e-09
1.16184e-08
-2.18217e-09
-2.38464e-09
-2.22283e-09
-5.14639e-10
1.03818e-09
-6.40302e-10
3.82618e-10
-3.44548e-09
-5.16978e-09
3.56929e-09
2.0755e-09
-3.8032e-10
-6.40908e-10
9.58085e-10
6.8323e-10
1.73929e-09
-4.68917e-10
-3.54914e-10
6.85283e-10
2.66823e-10
2.07047e-09
-5.1451e-10
-3.42091e-09
2.79051e-11
9.30286e-10
-3.23054e-09
1.58262e-09
3.02338e-09
2.31762e-10
8.49988e-12
3.55248e-10
-5.06928e-09
1.96745e-09
-5.77719e-09
2.64587e-09
-4.89057e-09
-5.29735e-09
1.6085e-09
-5.91693e-09
1.94563e-10
1.77236e-09
-1.11431e-10
-5.01625e-10
6.85586e-09
4.12934e-10
5.14968e-10
1.69495e-09
1.22337e-09
1.64671e-10
-2.83774e-10
-8.38506e-10
6.84715e-09
8.64997e-10
3.17959e-10
-5.6459e-11
-2.45519e-10
1.08125e-10
9.58429e-09
-3.53608e-09
-9.01402e-09
2.09526e-09
-1.13883e-08
1.47941e-08
1.17301e-10
1.12528e-10
4.40406e-11
-2.1256e-08
3.05269e-08
2.05725e-08
4.29908e-09
3.8024e-08
-2.75655e-08
2.44429e-10
-3.5086e-11
-4.5705e-11
1.14532e-08
-2.51382e-08
-1.99339e-08
-2.26561e-08
-1.82305e-08
-2.33341e-08
-3.59046e-10
8.96408e-11
2.53329e-10
-9.40179e-10
1.34815e-08
-1.76635e-09
2.72539e-08
-3.42677e-09
2.43367e-08
1.29565e-10
1.26434e-10
-8.43589e-11
-5.95646e-09
-8.59725e-09
-4.28016e-10
-3.18378e-10
8.45494e-11
-5.43633e-09
-4.46695e-09
1.02757e-08
5.43104e-09
-8.37658e-10
4.54567e-10
8.56419e-10
3.16828e-10
-6.90696e-10
5.08236e-09
-6.69443e-10
-7.47815e-10
3.46994e-10
-2.60531e-10
-5.58146e-10
-5.84127e-10
-3.6034e-10
-7.62722e-11
9.36988e-11
1.71033e-09
5.2956e-10
4.14884e-10
-5.18897e-10
8.33708e-10
3.52973e-10
-8.39876e-10
4.72658e-11
-1.99478e-09
-8.77724e-11
-5.77181e-11
2.98866e-10
3.46375e-10
1.03295e-10
9.71689e-10
-3.80954e-10
2.87621e-10
1.00169e-10
2.01067e-09
-3.69557e-09
-5.17292e-09
-5.10109e-09
5.3283e-10
-3.81564e-09
-4.50426e-09
8.33609e-09
2.29745e-09
1.96243e-08
6.92068e-09
1.96415e-08
-4.58295e-09
-1.91951e-09
-1.70306e-09
-5.46974e-09
-1.16739e-08
2.10932e-09
-4.5703e-09
5.4682e-09
-2.26223e-09
4.7472e-09
-3.92684e-09
1.02235e-09
-1.18595e-09
1.81443e-09
-5.6399e-10
2.03858e-10
-1.56654e-09
2.14638e-09
1.19675e-09
-3.33407e-10
2.08156e-09
-1.32504e-10
-6.49401e-10
-7.39928e-10
1.248e-09
6.20231e-10
4.63911e-10
9.06842e-10
-1.39693e-09
-3.74649e-09
6.59379e-10
1.75314e-10
-1.476e-09
1.23034e-09
-4.44679e-09
-3.72331e-10
1.37099e-09
-8.74597e-10
4.18483e-09
3.34793e-09
4.8268e-09
-8.73723e-09
-3.5727e-10
-1.95566e-10
-5.37256e-10
-1.4403e-09
5.25869e-11
1.38896e-09
1.21526e-09
1.53118e-09
1.67309e-09
-1.90781e-09
-5.74227e-10
-3.43816e-09
4.56546e-09
-2.49525e-10
-6.05066e-10
5.4126e-10
2.97374e-09
8.68882e-09
4.10044e-09
-1.25855e-08
9.70249e-09
-2.37275e-09
9.34334e-09
-8.97763e-09
-1.20535e-09
-9.68207e-10
2.807e-09
-8.81819e-10
3.45493e-10
3.60416e-10
1.18942e-09
1.21253e-11
-4.2157e-10
-4.22069e-09
6.92732e-10
1.14914e-09
2.88518e-09
4.30545e-11
-9.59866e-11
-2.11334e-09
4.04063e-09
-3.23475e-09
-3.66334e-09
-1.79278e-08
-3.77406e-12
2.25586e-09
-2.34865e-09
-4.14582e-09
-1.81126e-09
1.22935e-09
4.66835e-10
3.17195e-10
2.84235e-10
6.30545e-11
-2.66216e-11
1.01223e-11
-6.61043e-10
-6.62626e-10
-1.3431e-10
1.32131e-10
-2.59066e-09
-4.91754e-09
5.57026e-09
-6.90518e-10
-6.662e-10
-6.94448e-09
-1.65316e-10
-2.39075e-10
2.62134e-10
7.66987e-11
5.31787e-11
1.98866e-10
-2.57525e-10
-1.48556e-09
3.96986e-10
3.38542e-08
-4.05696e-08
1.18138e-08
6.94721e-09
-1.61607e-08
1.78034e-08
6.87398e-11
-4.09584e-10
-2.77039e-10
4.36973e-10
-3.45879e-10
8.1689e-11
1.81678e-09
4.92616e-09
-9.90462e-10
-5.38694e-09
1.77855e-09
4.5637e-10
2.77065e-09
2.83017e-09
-1.95293e-08
2.77851e-10
5.76197e-10
-1.69147e-10
-1.03159e-10
-2.26036e-10
1.49363e-10
1.78408e-09
3.10679e-10
-1.49794e-09
2.82268e-08
-2.17987e-08
5.2529e-09
-1.44427e-08
9.50593e-09
-1.60402e-08
-3.12335e-10
2.51993e-10
-1.19782e-10
1.35339e-09
-1.95653e-10
-4.29754e-11
2.03121e-09
-8.93739e-10
2.26264e-09
2.79099e-09
1.47219e-08
-1.76459e-09
4.88335e-09
9.3384e-09
-3.12463e-09
-6.25467e-08
1.04262e-08
-1.0961e-08
2.98257e-08
-1.35081e-08
3.03193e-08
2.53959e-10
-6.72611e-10
-3.97479e-10
-2.00746e-09
6.88112e-10
-1.05741e-10
3.69955e-09
9.20045e-11
-3.30206e-09
6.88747e-09
-2.58709e-09
-3.99659e-09
-1.27326e-09
1.38759e-09
2.79595e-09
-6.50455e-09
3.7962e-10
-1.34852e-09
-2.59283e-10
4.70869e-10
1.76868e-10
1.8115e-09
-6.38971e-10
-4.42498e-11
-2.61083e-09
6.97718e-10
2.44859e-09
3.57265e-09
2.71394e-09
-1.06249e-09
3.02886e-09
1.71732e-09
2.59038e-09
-1.35624e-09
1.3936e-09
-6.37078e-10
1.34918e-09
2.47869e-09
-2.91093e-09
-1.88116e-11
2.52741e-10
-8.75856e-11
-9.48301e-10
1.78994e-10
1.08485e-10
-3.41154e-12
1.25395e-10
-5.5775e-11
-1.25589e-11
-3.35938e-10
-4.60896e-09
2.65015e-10
-1.37832e-09
5.53369e-10
-7.08758e-10
1.629e-09
5.90532e-10
3.25313e-09
1.69984e-09
2.20486e-09
1.80074e-13
-2.3855e-10
-1.43222e-10
1.49704e-10
1.03293e-10
2.43038e-10
4.08538e-10
1.55679e-10
1.94581e-11
-6.61204e-11
-1.18451e-09
-3.21459e-10
-1.24095e-10
9.33248e-10
-9.98833e-11
-2.03495e-10
4.33585e-10
-1.06604e-09
1.6432e-09
1.80328e-09
-1.60704e-09
-2.08495e-09
1.89344e-10
-1.12028e-09
-1.18425e-09
1.45438e-10
2.69169e-10
7.68984e-10
-6.09651e-10
1.34078e-09
-8.77764e-10
-3.40714e-10
1.99437e-10
4.6399e-10
-2.58278e-09
1.26367e-09
-1.21442e-10
1.11944e-10
-2.76988e-10
-4.50608e-10
6.85715e-10
-5.22853e-10
9.26386e-10
-2.20886e-10
-1.00723e-09
2.51827e-10
5.01703e-09
3.56959e-09
3.51285e-10
-2.10144e-09
-1.74014e-09
-1.36053e-09
5.38096e-10
8.19973e-10
1.89244e-09
-5.26012e-11
-8.60914e-10
-1.80442e-11
2.13999e-10
-3.42538e-10
-2.03032e-10
-3.33151e-10
1.37644e-10
3.53497e-10
4.89005e-10
-8.70921e-10
-1.01499e-10
1.70885e-10
-4.17875e-10
-7.54997e-10
1.41572e-09
-1.92526e-09
-4.04746e-10
1.25288e-09
-4.83866e-09
-1.19184e-09
-1.28307e-10
-6.92484e-11
-1.08206e-09
-6.79709e-10
-2.38315e-10
-2.3045e-11
-4.15126e-10
-1.85978e-10
1.0355e-10
8.3964e-10
-2.34086e-10
4.73545e-10
8.83744e-10
7.61414e-10
3.34104e-10
-1.07204e-10
-3.5192e-09
1.07239e-09
-1.29886e-08
6.39321e-09
6.12113e-09
1.98175e-09
-5.30607e-09
1.99696e-09
-1.99298e-09
1.40652e-09
-1.46308e-10
4.38526e-11
7.89359e-11
-2.53445e-12
3.38857e-11
-7.7092e-13
-2.39076e-10
2.16391e-12
1.3093e-10
-4.91956e-11
-1.33527e-11
-3.35954e-12
-5.95986e-11
9.26916e-12
1.953e-10
-6.22606e-11
1.63688e-11
5.57532e-11
-1.45742e-10
3.04284e-12
-3.37607e-11
3.2295e-11
-4.47324e-11
-1.33124e-11
8.81509e-11
-1.68036e-11
-7.56492e-12
2.61677e-11
1.43e-11
-8.51401e-12
3.89123e-10
-9.0214e-11
8.04695e-09
-1.78267e-09
-1.26848e-08
4.13025e-10
-9.40753e-10
-3.25274e-09
-2.31372e-09
-3.44122e-11
2.1714e-09
-2.67101e-09
3.77498e-09
2.80519e-09
2.34228e-10
-3.80799e-10
7.72622e-10
2.73977e-10
-2.61134e-09
4.41519e-11
-2.0092e-10
-2.01803e-10
2.12359e-10
3.03974e-10
9.5503e-10
-5.27511e-10
-6.47706e-11
-5.44605e-10
3.15244e-09
8.15191e-10
-8.73249e-10
6.43992e-10
-4.36322e-09
-9.01894e-10
1.48357e-09
-4.61212e-10
-1.61119e-10
1.53632e-11
1.13065e-10
-2.08033e-11
-5.16692e-11
-2.90301e-11
2.41272e-10
5.02047e-11
-3.06952e-10
4.52984e-11
4.31948e-11
2.82779e-11
-2.84449e-11
2.56597e-12
1.98413e-11
-4.79088e-11
3.66966e-11
-1.22317e-11
9.97225e-13
3.7748e-11
-6.41369e-11
1.33527e-12
-5.79862e-12
-2.26747e-11
1.69109e-10
-1.1678e-12
-5.11303e-11
-4.26555e-12
1.65347e-10
-2.84248e-11
2.41757e-10
-7.53637e-11
5.2733e-10
9.17255e-11
-6.0542e-10
4.5119e-11
1.29938e-10
-1.17755e-10
1.11401e-10
1.26689e-10
-1.76927e-10
-1.20183e-10
1.01739e-10
8.04625e-11
-1.5473e-10
2.40177e-11
5.2745e-10
-2.15157e-10
6.49079e-11
-1.69729e-10
-8.89361e-12
-5.16754e-11
1.07534e-10
1.70382e-11
8.19274e-11
-2.98893e-11
-1.73876e-10
5.78316e-11
4.20063e-10
-2.65919e-11
-6.27858e-10
1.07214e-10
2.70422e-10
-1.74821e-10
-1.23547e-10
4.49379e-11
-1.03023e-08
1.91894e-09
1.65265e-08
-7.42967e-09
2.51016e-09
-6.71644e-09
3.81844e-09
4.62323e-09
-3.79347e-09
-9.35685e-10
7.84766e-10
-3.62843e-09
6.21957e-10
3.57654e-09
-2.7043e-10
-7.27174e-11
2.09177e-10
-4.03109e-10
-5.98495e-10
1.17237e-09
-1.14061e-09
-9.13531e-10
3.07507e-09
1.84639e-09
1.11028e-09
-1.8202e-09
1.10326e-10
-7.81405e-10
-4.04335e-09
2.18671e-09
-5.19428e-10
6.35777e-10
-5.3461e-10
2.83783e-10
-6.20228e-10
-7.43499e-10
8.04137e-10
6.07971e-10
-1.38941e-10
-2.35471e-10
-2.65056e-10
-1.13901e-10
2.03976e-10
6.82583e-11
-1.80705e-10
1.25044e-10
1.15944e-10
-6.90262e-11
-6.14645e-11
-1.33056e-10
1.06939e-10
2.58285e-10
-2.49068e-11
-2.6712e-11
5.34275e-11
2.84698e-11
2.06877e-10
-3.93727e-11
-8.08018e-11
9.40843e-12
8.90642e-11
4.61816e-11
8.25943e-11
-9.79367e-11
-1.76737e-09
5.64085e-10
3.15339e-10
-1.11685e-10
-2.635e-09
-2.32999e-10
1.11493e-09
-6.55907e-10
-7.08372e-10
9.72641e-11
-3.25378e-11
-6.21123e-10
8.84462e-10
-5.2366e-10
7.58007e-10
-3.31708e-10
-3.87023e-10
-1.54467e-10
3.76028e-10
-9.51471e-11
2.93088e-10
2.44294e-10
1.40264e-09
-3.08239e-10
1.03501e-09
8.96098e-10
3.76783e-09
1.39445e-09
2.64612e-10
-2.42751e-09
2.49781e-09
3.52461e-09
-4.59051e-10
1.32051e-09
-2.11726e-09
4.7692e-09
-8.35969e-10
3.55067e-10
-1.50342e-10
2.26071e-09
2.82716e-10
1.60693e-09
5.08945e-10
2.10514e-10
1.04053e-09
3.97849e-10
5.68067e-10
-3.29147e-10
4.39955e-11
-9.49685e-11
1.48633e-09
-6.31254e-10
-6.19909e-10
8.02643e-11
-6.56143e-11
-5.91491e-10
-5.95003e-10
1.01458e-09
5.90981e-11
-8.17564e-11
2.36209e-10
-2.67041e-11
3.63482e-11
5.18168e-11
4.00067e-10
-2.69983e-10
5.20124e-10
-8.42737e-11
-1.99576e-11
8.97372e-10
-6.29009e-10
-2.20263e-10
4.62652e-10
-1.74e-10
-5.57272e-10
1.17054e-09
-6.26435e-10
1.4754e-09
-2.49858e-09
-2.05944e-09
1.40692e-09
-6.76321e-11
2.22214e-09
2.39821e-09
-8.05276e-10
1.4382e-10
-6.09365e-10
-1.63935e-09
1.51317e-09
8.86512e-09
4.1105e-09
-1.6765e-09
-8.693e-09
-1.71325e-09
-1.77596e-08
1.66973e-08
-2.93696e-09
-3.34345e-10
-1.39099e-09
-2.2739e-10
1.78386e-09
-1.93194e-09
-9.1867e-10
1.58934e-09
4.9951e-09
-2.65261e-09
4.49806e-09
-3.14815e-10
-6.71144e-10
-9.69847e-09
1.6695e-09
2.88892e-09
-3.01732e-09
-3.42548e-09
-7.611e-10
7.67126e-10
-2.2382e-09
1.41871e-08
4.138e-09
2.86532e-10
4.57064e-09
-1.6963e-09
4.28553e-09
-7.36099e-11
-5.98989e-11
2.55333e-10
3.58833e-11
-7.96508e-10
-5.12523e-11
3.50307e-10
1.70521e-10
-4.339e-10
-3.30971e-10
7.74008e-10
5.05165e-10
1.73678e-11
-1.03657e-11
-6.05937e-11
-2.42939e-12
-3.13751e-12
8.49633e-11
6.50465e-12
-3.27768e-11
1.20827e-11
1.35101e-10
-2.48632e-10
2.25192e-10
-1.09433e-10
1.9961e-11
1.97845e-12
-6.02703e-12
-9.38232e-12
-9.07736e-12
3.59499e-11
-1.59449e-11
-2.52512e-11
4.32143e-11
-7.35649e-11
2.40331e-11
2.39955e-11
-1.28512e-11
-1.11411e-11
-9.18827e-12
1.83366e-12
6.54611e-12
-1.14116e-11
1.11485e-11
2.22458e-11
-4.70055e-11
5.4543e-11
-3.88333e-11
6.03525e-12
-1.77975e-12
-1.74633e-12
4.07929e-12
-2.9606e-13
-2.35843e-12
-4.41291e-12
7.70116e-11
-5.44362e-11
-7.64692e-11
6.14778e-11
-2.13972e-11
1.33689e-11
-1.24394e-11
-1.899e-11
1.156e-11
2.74577e-13
7.90695e-12
1.58439e-11
-9.41921e-12
-1.99067e-11
8.24589e-12
4.12514e-12
7.85631e-12
-1.3712e-12
8.92631e-12
-8.52662e-12
3.44601e-11
-9.5249e-11
1.24116e-10
-7.90229e-11
-2.4521e-11
9.87947e-11
-1.88027e-10
5.51234e-12
2.53856e-09
1.16381e-11
-1.43147e-11
-3.85024e-12
-2.43636e-11
1.90404e-11
-5.37997e-12
-2.13227e-11
-1.05919e-11
1.28746e-11
9.94647e-13
8.36067e-12
-1.48402e-12
-6.96337e-13
7.01626e-12
-3.44858e-11
-3.54895e-11
5.92386e-11
-3.9397e-11
7.37839e-11
9.0519e-11
-6.93894e-11
1.20413e-10
-2.17455e-11
-2.27716e-10
2.85375e-12
1.8358e-11
2.27494e-11
8.55596e-12
-1.66793e-11
1.13374e-11
2.13988e-11
1.88605e-12
-1.81399e-11
-2.02334e-12
-5.98535e-12
-4.98749e-12
-7.70714e-12
-2.6525e-11
4.10354e-11
-5.92311e-12
2.19202e-10
-1.32739e-10
-8.17178e-11
-9.21672e-11
2.92152e-11
-3.05849e-11
-8.95479e-11
-5.95288e-11
-3.20452e-11
6.42818e-12
-9.90425e-11
-1.7332e-11
1.00395e-11
-1.3508e-11
3.04188e-11
3.65642e-11
1.25656e-11
-6.44994e-11
4.98203e-11
1.22456e-11
-5.12325e-12
4.45341e-11
7.08149e-13
1.88966e-12
-3.08371e-10
1.08574e-10
-1.25057e-11
-2.53223e-10
2.97573e-10
6.32937e-12
1.70794e-10
9.02716e-11
6.85274e-12
-8.2659e-11
3.61544e-10
1.47978e-10
-1.99054e-10
9.81727e-12
-7.78386e-11
-3.58307e-11
-4.2651e-12
3.26762e-11
-2.22655e-11
5.41642e-11
4.72274e-11
-8.97006e-11
-1.14003e-11
-3.36607e-11
1.55128e-10
-4.38244e-11
1.12158e-10
3.32558e-10
-4.34182e-10
-1.19917e-10
-1.79979e-10
1.06551e-10
-9.95481e-12
9.78496e-11
-4.02354e-10
-8.59338e-12
5.6667e-11
4.76041e-11
4.04392e-11
4.05106e-11
-9.95882e-13
-4.8599e-11
5.57519e-11
-1.19134e-10
-5.2745e-11
1.93285e-10
-2.21893e-11
1.35522e-10
2.37275e-10
-3.77617e-10
1.78788e-10
-1.42081e-10
-1.00437e-10
1.35137e-10
-2.88456e-10
-2.69825e-11
2.70158e-10
-2.76857e-10
4.74164e-10
1.31021e-10
-1.67641e-10
-2.69396e-11
6.74191e-11
-8.50357e-11
7.5264e-11
2.32651e-10
-2.21662e-10
7.9431e-11
2.58855e-12
-1.34018e-10
5.78105e-11
-2.22514e-11
-4.91764e-10
1.97476e-10
3.59639e-12
-2.03369e-10
7.93211e-10
-1.13842e-10
1.04788e-10
-9.66916e-11
2.09549e-10
3.63669e-10
-1.14801e-09
7.37443e-11
9.787e-11
-5.48351e-11
-1.33095e-10
-5.53016e-11
-3.69553e-11
-1.07955e-11
-1.1897e-10
6.60372e-11
7.25257e-11
-2.21341e-12
-1.22055e-10
3.1979e-10
1.77402e-10
-6.56072e-10
9.33167e-11
1.5298e-10
-3.90638e-10
6.61564e-11
8.14025e-11
1.09977e-11
-3.41944e-10
-1.46196e-10
1.52104e-09
-1.50327e-10
8.83798e-11
1.6367e-10
-2.96733e-10
2.78148e-10
2.78272e-11
-2.30316e-09
3.71942e-09
-1.44974e-09
-2.72742e-11
-9.34121e-11
1.86134e-10
-2.39305e-10
1.91539e-10
3.97428e-10
-3.3059e-10
3.88153e-11
-2.21646e-10
-5.80959e-11
1.01041e-10
9.86832e-11
7.92171e-10
-4.38059e-10
-1.56994e-09
2.19536e-10
-2.60996e-10
-1.80092e-10
5.88581e-10
-1.23373e-10
-1.4111e-10
-2.71363e-11
-1.6874e-10
3.438e-10
9.23608e-11
9.85993e-12
-3.09507e-10
-1.79591e-10
2.05523e-10
5.43376e-10
1.13938e-10
-5.38307e-10
1.05552e-09
2.01039e-10
-7.02618e-10
-1.24728e-10
-9.16935e-10
8.42747e-10
1.25348e-09
-4.58065e-10
4.10718e-10
3.15045e-10
-9.72611e-11
-3.66416e-10
2.72932e-10
-7.10489e-11
9.38856e-11
-1.99824e-10
-1.56112e-10
4.72334e-10
6.59359e-11
-1.11202e-09
-9.11387e-10
7.65673e-10
1.25718e-10
4.78144e-10
-3.82863e-10
-1.56274e-10
7.41733e-10
-1.40156e-10
6.66177e-10
-1.2372e-09
-1.32465e-09
4.86657e-10
2.89975e-10
-2.53423e-10
-9.36893e-10
4.63882e-10
-8.14628e-11
3.97406e-10
-3.17824e-10
-6.76672e-11
1.96822e-10
-5.88738e-10
4.96468e-10
1.19801e-09
1.15885e-09
-1.15284e-09
-2.62178e-10
1.96235e-10
-1.82217e-10
-1.48216e-09
-1.50644e-10
-2.41166e-10
-1.01227e-09
5.18266e-10
4.70347e-10
1.0372e-10
1.65187e-10
-9.52077e-11
7.17119e-10
-2.02484e-10
-2.62326e-10
-2.34167e-10
1.88991e-10
-2.03027e-11
7.46979e-12
-1.71812e-10
-4.16239e-10
2.81461e-10
-9.64696e-10
-4.1939e-11
1.47917e-10
-3.12846e-10
4.2168e-10
1.87403e-09
-1.04066e-10
-4.58011e-11
-1.88457e-09
1.58974e-09
-3.80048e-09
-9.18292e-10
-4.95451e-10
1.91319e-10
-7.61904e-10
-5.34138e-11
7.36852e-10
-1.46364e-10
1.87754e-10
-1.04475e-10
-1.24265e-10
4.43497e-10
-1.48553e-10
-1.52754e-10
8.97898e-10
-6.16812e-10
5.50025e-10
-2.5627e-11
-2.39353e-10
-7.09627e-10
-1.01435e-09
4.82578e-10
1.64397e-09
-3.2536e-09
5.89198e-09
9.25688e-10
-8.91409e-10
-2.24937e-10
8.5695e-10
1.16967e-09
-4.61919e-10
4.05025e-10
-3.8313e-10
1.93219e-10
2.05645e-10
-2.9405e-10
3.48404e-10
2.55462e-11
5.76486e-10
1.09394e-10
-1.93846e-10
2.68852e-11
-7.86429e-10
-2.58648e-09
6.58607e-09
-1.14004e-09
-2.01578e-10
5.25609e-09
-2.52571e-09
2.16145e-10
1.46085e-10
1.22482e-09
6.23997e-10
-1.27681e-09
-5.4368e-10
-2.28831e-10
3.40407e-10
-1.10458e-10
-1.32012e-10
2.59798e-12
-5.31151e-10
-1.15611e-10
-1.57179e-09
2.12866e-10
2.86466e-11
1.59016e-10
1.2355e-09
8.87855e-09
-6.94005e-10
2.05572e-09
9.39e-10
4.62415e-09
-1.34249e-09
-3.54348e-09
2.55792e-09
-2.88695e-09
-2.1619e-09
-2.09193e-10
6.44148e-10
7.07387e-11
4.44732e-11
-2.74519e-10
2.12632e-10
-4.68197e-11
2.27351e-10
7.43189e-10
9.59056e-12
-6.78966e-11
-2.06144e-10
-4.80558e-10
1.8307e-10
-1.08082e-08
1.86196e-09
-2.46386e-09
4.83263e-10
-4.62092e-11
-2.84026e-10
2.41838e-10
-3.40614e-10
-1.51307e-10
8.69901e-10
-6.29052e-10
1.27342e-09
-1.97374e-10
-9.91922e-12
5.14292e-10
-1.3756e-09
5.43631e-09
-1.76131e-10
1.89015e-09
-8.9823e-10
-5.57338e-11
-1.28607e-10
-2.64802e-11
-2.12733e-10
4.96249e-10
-6.68712e-10
-2.84674e-10
-8.08007e-10
-4.47003e-10
6.56779e-10
1.12613e-10
4.59478e-10
-7.4396e-09
-1.06442e-09
1.03163e-09
2.43341e-10
1.84481e-10
8.2355e-10
-3.05367e-10
-4.92686e-10
-5.63767e-10
-3.59646e-09
-4.82276e-09
2.81002e-10
-2.64276e-10
6.84577e-10
6.1778e-11
1.24246e-10
8.28291e-10
8.60195e-10
2.01307e-08
9.89652e-10
8.59642e-10
2.95605e-10
9.71332e-11
-1.51051e-09
2.96689e-10
-4.7418e-10
7.51393e-10
-6.31138e-09
-3.35052e-09
1.52844e-09
-6.29165e-12
2.11666e-11
-5.87561e-12
5.08927e-12
-9.04668e-13
-1.85413e-11
1.20537e-11
-1.66269e-12
9.69435e-12
1.06195e-11
-6.12056e-13
-1.19658e-11
-2.40163e-12
1.14391e-11
-2.44862e-12
1.12366e-10
3.20164e-11
-3.13241e-10
-7.67171e-12
1.92008e-10
-1.93679e-10
1.11151e-10
3.15121e-10
-1.72252e-10
-2.21966e-10
6.95932e-11
9.98311e-11
-3.88162e-12
-1.34513e-11
1.63986e-12
-3.20498e-12
2.88326e-12
1.76724e-12
-8.14663e-12
-7.93145e-13
9.00395e-11
4.08661e-12
6.19804e-12
-9.91047e-11
-1.0646e-11
-7.7077e-12
-1.60905e-11
2.35822e-11
-3.61882e-11
-4.95317e-12
6.71987e-11
8.61255e-12
-1.85841e-12
6.12742e-12
2.6579e-12
-2.05088e-11
5.21184e-12
-6.55253e-12
-5.43362e-10
8.51102e-12
-2.16322e-11
-1.7513e-09
4.08965e-11
-1.30063e-11
-1.31404e-11
3.64029e-12
-1.78495e-12
-8.71072e-12
-3.11511e-11
2.74709e-11
-1.22019e-10
-6.9029e-11
1.02377e-10
1.30003e-10
-5.46549e-12
-9.91616e-11
-1.38858e-10
3.53992e-11
2.06675e-10
1.6089e-10
-1.19491e-10
2.87806e-10
-3.04142e-11
-9.15607e-11
-1.9157e-10
-7.41183e-11
4.19615e-12
7.10244e-11
2.24653e-10
3.74032e-10
-5.88704e-10
-9.2507e-11
-2.74785e-10
5.18821e-10
5.4023e-10
2.86054e-10
-3.32463e-10
-7.35465e-10
-8.97022e-10
1.23262e-09
-4.48232e-11
1.16889e-11
-8.69595e-11
-2.17288e-10
2.50359e-10
-3.77106e-10
1.06172e-10
4.64991e-11
-1.37826e-11
-7.61406e-10
3.26882e-10
-2.16494e-09
-8.03132e-10
4.47901e-09
-6.44814e-11
2.09699e-09
-2.68313e-09
4.22925e-09
2.15849e-09
-1.67489e-10
3.34782e-09
-8.27343e-10
-3.15487e-10
6.79663e-10
-6.73976e-10
-5.90288e-12
-1.16997e-11
-2.84046e-11
7.60631e-12
1.57244e-11
1.33148e-11
1.97068e-11
5.3271e-12
2.75108e-11
9.99538e-13
7.83109e-12
-9.11741e-12
-8.68623e-11
6.42635e-12
-6.6598e-12
5.98192e-12
8.26054e-12
-1.04793e-11
-4.02075e-12
-1.23617e-11
1.33864e-11
-9.54767e-11
-9.06708e-12
-5.16773e-12
2.94559e-10
1.74998e-11
-2.48281e-11
-2.11919e-10
1.96163e-11
1.06806e-10
-6.21018e-11
-5.56951e-11
-1.18586e-10
1.10276e-10
5.86186e-11
5.20284e-11
-4.92117e-11
-1.8095e-11
-1.26748e-11
2.01671e-13
-8.37667e-13
-1.00993e-12
-7.41542e-12
9.05113e-12
1.3325e-12
3.85902e-12
-9.98396e-12
-2.13759e-12
1.55433e-11
-9.66745e-12
8.62671e-12
-2.54362e-11
1.3078e-11
2.07419e-11
-3.38667e-11
6.4787e-11
-2.95044e-11
3.30947e-11
-5.2668e-11
1.06119e-11
-7.2151e-12
-8.98482e-12
1.34486e-11
9.11515e-11
-1.28532e-11
3.43964e-12
-6.98723e-11
-1.08848e-10
3.73652e-11
4.63349e-13
-1.16516e-12
-1.7092e-11
-1.26508e-11
8.31727e-12
9.63052e-12
1.35163e-11
-7.66729e-12
3.52584e-11
1.07605e-11
1.20716e-11
-1.57936e-11
-4.52127e-12
4.45068e-12
-6.5975e-12
7.70464e-13
1.73586e-11
-9.97812e-12
-8.11911e-12
1.46347e-11
-2.75671e-11
6.42514e-15
2.84141e-12
-5.73674e-12
8.78837e-12
8.73448e-12
3.91928e-12
-8.55509e-12
1.73511e-11
-1.88645e-11
-1.01795e-12
9.25972e-12
-1.06824e-11
-2.83105e-12
9.27537e-12
-1.13343e-11
4.42951e-12
3.88202e-12
-1.06428e-11
1.61669e-12
1.02021e-11
-4.99173e-12
1.37392e-12
1.0583e-11
-1.80899e-11
4.70373e-12
4.50824e-12
4.42771e-12
-7.1424e-12
3.70384e-11
-5.00933e-11
3.02202e-11
-5.45061e-11
3.8267e-11
-7.51095e-11
1.01568e-10
-1.08488e-10
6.76399e-11
-5.70845e-11
-4.64736e-12
6.15338e-11
9.47893e-11
-4.80797e-11
-5.16734e-11
6.28199e-11
-4.62582e-12
1.2176e-10
9.23545e-11
-5.08409e-11
5.01097e-12
-8.80635e-12
-2.00943e-11
-1.54393e-11
1.04562e-11
1.65727e-11
-2.60277e-09
2.00095e-09
1.07017e-10
1.64449e-11
-1.89191e-11
-1.46959e-11
5.34315e-12
3.486e-11
-2.85166e-12
1.51055e-10
3.87803e-11
-9.21748e-11
2.81684e-11
-3.8565e-12
2.12131e-11
-3.79054e-11
-3.48439e-11
-2.32379e-11
-3.00878e-11
7.91451e-11
5.24096e-11
-8.08573e-12
6.50171e-12
6.47263e-11
4.3308e-11
-2.60774e-12
1.51658e-11
7.03516e-12
-1.45179e-10
2.68196e-10
-9.08027e-12
1.49369e-11
-1.24854e-10
7.14016e-11
-1.75518e-10
3.96353e-11
-9.72296e-11
8.46945e-12
8.09607e-11
-1.65014e-11
-2.21479e-11
9.9471e-11
7.69951e-11
1.41931e-11
1.12765e-12
7.80906e-11
6.23949e-11
-1.28877e-10
5.70358e-11
1.53103e-09
-2.33694e-09
-8.94712e-11
9.53905e-11
1.07204e-10
8.78589e-11
-6.64325e-11
4.16243e-11
2.33222e-11
-1.6e-10
3.08598e-10
-1.1254e-11
1.27264e-10
-3.43678e-10
-9.6083e-11
-1.70171e-11
1.13364e-11
3.20184e-10
-1.12689e-10
-8.93316e-11
-2.08097e-10
2.03678e-11
2.95064e-10
-2.66326e-11
7.99706e-11
-8.74653e-11
-3.40596e-10
3.16728e-10
-7.36607e-10
5.75953e-10
3.56977e-10
-1.58484e-10
3.08821e-10
-5.97789e-11
-1.51018e-10
-1.60544e-10
8.33866e-10
1.01414e-09
-2.73131e-10
-4.21689e-10
2.60943e-10
-1.82629e-10
-2.84912e-10
2.58796e-10
-3.19082e-10
-4.94637e-10
-1.00853e-09
2.67546e-10
-1.64854e-10
5.34121e-10
6.72099e-10
3.52113e-11
-2.11452e-10
-7.12057e-10
9.42172e-10
2.54344e-09
8.68566e-10
-7.96819e-10
-1.20135e-09
-1.78959e-10
-6.62649e-10
6.0595e-10
1.20474e-09
8.08753e-10
-2.63586e-09
2.7285e-09
-1.60955e-09
1.0092e-09
-4.06147e-10
2.01134e-09
-4.6116e-11
-4.30513e-10
-3.80608e-10
6.98367e-11
2.79557e-11
9.11611e-10
-2.20918e-10
-5.39065e-09
-7.41472e-10
1.12338e-10
-6.44551e-10
-1.31285e-09
1.07939e-10
8.09696e-11
1.66354e-10
-2.52794e-09
-5.74812e-09
4.06482e-09
6.94287e-10
-3.95738e-09
1.04788e-09
5.3715e-11
5.91003e-10
-3.75397e-10
-2.07893e-09
4.39948e-09
-5.29389e-09
-3.41076e-10
1.94622e-09
-1.62611e-09
-4.27633e-10
-8.12085e-10
1.41086e-08
1.81083e-09
-7.32667e-09
-1.9565e-09
3.97325e-09
-7.30976e-09
5.2428e-09
-7.57016e-09
-1.1505e-09
-2.31408e-09
-3.74675e-10
1.01819e-11
3.9031e-12
-9.80697e-13
-5.756e-12
9.51335e-10
6.12615e-13
-3.62778e-11
9.0853e-12
-1.12338e-11
-8.66358e-12
2.50502e-11
1.21023e-12
5.92234e-12
6.16799e-12
1.74168e-12
-7.15278e-12
-2.93233e-11
6.47759e-12
-4.06917e-12
-5.03817e-13
1.91794e-11
9.18292e-12
-7.62241e-11
-7.84704e-12
1.00043e-10
-2.82642e-11
-4.50743e-11
1.14913e-11
-1.04148e-10
-4.78725e-12
1.10852e-09
-2.66537e-10
-4.97669e-10
-1.23125e-10
1.39275e-09
-4.8228e-10
-2.26262e-10
1.51113e-11
-2.63722e-10
1.2221e-11
7.21214e-10
-8.08959e-11
3.90666e-11
-1.83072e-11
-4.41054e-11
-1.17638e-10
2.73306e-10
-3.26736e-11
2.42793e-13
-2.53937e-12
-1.79416e-11
-9.24298e-13
-1.44652e-11
1.53328e-11
-5.29179e-10
-1.42282e-11
-9.10795e-13
3.75119e-12
-2.31804e-11
5.2919e-12
-5.81893e-12
-1.14763e-11
-2.93568e-12
1.24584e-11
3.0571e-12
-1.12514e-11
1.69104e-11
6.97096e-12
1.69896e-11
-7.70892e-12
-5.28499e-11
1.34745e-11
3.97554e-11
2.79461e-12
-5.39388e-11
-5.86409e-12
7.33413e-11
3.98787e-11
-3.55373e-10
3.04012e-11
7.16028e-10
1.34307e-11
-7.95545e-10
-4.89514e-12
2.28709e-10
7.57748e-11
-8.64524e-12
-1.67407e-10
1.44904e-11
1.68962e-10
9.36111e-11
-1.5582e-10
-5.10041e-10
-4.68965e-11
4.95828e-10
2.35608e-10
-2.49516e-10
-1.76532e-10
7.5166e-13
1.91917e-13
3.43934e-12
1.51075e-13
8.90392e-14
3.41587e-12
-3.09132e-12
7.04037e-14
-1.05502e-11
3.74612e-12
-8.0737e-12
-6.80567e-13
1.50162e-13
-3.88091e-12
4.01659e-12
-5.0859e-12
6.86603e-11
-1.43897e-12
-5.97055e-11
-4.15196e-12
-2.15006e-11
-1.03472e-11
2.36249e-10
-7.9761e-11
-2.3976e-10
5.99668e-11
2.20269e-10
-4.42559e-11
-1.87106e-10
2.04622e-11
7.47803e-11
3.07566e-12
3.49895e-11
-1.04856e-11
5.60208e-11
8.79163e-12
-7.5278e-11
1.13854e-11
-3.72342e-14
-7.08705e-14
-3.55738e-12
-1.36405e-12
-2.7531e-12
-1.95552e-12
1.80714e-12
-3.26817e-12
5.52697e-12
-9.86293e-13
1.31024e-11
-1.77092e-12
8.90334e-12
-2.42784e-13
-5.22003e-12
6.44288e-12
-1.78668e-11
1.33176e-12
-4.36295e-11
-1.72792e-12
6.96262e-11
2.1072e-11
-5.54624e-11
-3.87906e-13
5.73403e-11
-1.91549e-11
2.05097e-11
2.42678e-11
-1.37542e-10
4.92349e-12
1.42812e-10
1.16935e-11
-1.83776e-10
-1.20674e-11
1.21303e-10
8.59646e-13
-1.04249e-10
-5.06577e-11
-4.55183e-11
2.68619e-11
6.44163e-10
1.98853e-09
-8.55652e-09
-1.05257e-08
-1.18004e-09
-1.19527e-09
-4.13314e-10
-7.59401e-10
-2.3481e-09
8.19846e-09
-1.06347e-08
4.81613e-09
-3.24154e-09
-3.61744e-09
4.55493e-09
1.12424e-09
-8.99003e-10
-6.76042e-10
-1.44598e-10
8.93476e-09
2.17426e-09
-5.78e-09
-1.65805e-08
-1.01458e-08
-1.71813e-09
3.57821e-08
-1.42602e-07
1.35191e-07
6.36924e-09
8.9292e-09
-2.43357e-09
2.4856e-08
-4.71769e-09
-5.34379e-09
-6.93965e-10
1.89194e-09
3.07716e-10
3.46739e-08
-2.48299e-08
-9.72122e-09
7.37523e-09
2.80491e-09
-1.14863e-09
6.11106e-10
-9.81252e-12
-1.18846e-09
-9.45433e-10
3.4931e-10
5.83609e-10
4.18122e-10
-2.2172e-10
5.68868e-10
-1.88538e-09
2.71952e-09
-7.68866e-10
-5.60234e-09
6.17499e-09
1.62106e-08
1.68551e-08
1.36786e-08
5.6627e-09
-2.48397e-08
3.33401e-08
-2.96062e-08
8.29285e-11
-5.28553e-11
7.11038e-11
-1.01455e-12
-1.60395e-10
3.30555e-12
9.56497e-11
-2.3092e-11
-9.74313e-12
-1.77742e-11
-2.40229e-10
1.53324e-09
2.20507e-09
5.0366e-09
-6.07743e-10
7.70269e-09
-3.45411e-10
-1.77604e-10
2.7285e-10
-2.46809e-10
9.45716e-11
-3.41447e-09
-1.76384e-09
5.0955e-09
-1.66016e-11
-1.31777e-09
8.85372e-11
-2.42409e-09
-7.04409e-10
8.12959e-10
-8.09185e-10
-1.16325e-09
-9.23085e-10
-5.51194e-10
-4.8227e-10
4.59252e-10
-1.17698e-10
1.81356e-09
6.149e-10
3.83076e-11
-7.72781e-11
1.16596e-10
-6.55935e-10
-1.46056e-09
-1.41844e-10
5.4515e-10
1.61161e-10
-3.39136e-11
-4.41341e-11
1.08505e-10
-6.92732e-11
7.20968e-11
-2.06745e-11
3.27097e-10
-8.71464e-11
-3.98274e-11
1.77093e-11
)
;

boundaryField
{
    inlet
    {
        type            zeroGradient;
    }
    outlet
    {
        type            zeroGradient;
    }
    wall
    {
        type            zeroGradient;
    }
    empty_zmin
    {
        type            empty;
    }
    empty_zmax
    {
        type            empty;
    }
    procBoundary0to1
    {
        type            processor;
        value           nonuniform List<scalar> 
35
(
-5.69572e-09
-1.19747e-08
1.50897e-08
-3.30552e-09
3.65353e-10
-2.23638e-09
3.65353e-10
6.29559e-10
1.25274e-09
1.74479e-08
1.12485e-08
3.59482e-09
1.07455e-08
8.10001e-09
1.9995e-10
1.24525e-08
-1.83839e-09
-5.19835e-09
7.34553e-09
-3.32771e-08
-5.7576e-11
-1.69542e-11
-1.28812e-10
-1.87061e-10
-6.05229e-09
1.39853e-10
7.22406e-09
-3.85255e-09
-4.39539e-09
-3.67986e-10
-1.37717e-09
1.39853e-10
1.95748e-10
1.04016e-11
1.95748e-10
)
;
    }
}


// ************************************************************************* //
