/*--------------------------------*- C++ -*----------------------------------*\
| =========                 |                                                 |
| \\      /  F ield         | OpenFOAM: The Open Source CFD Toolbox           |
|  \\    /   O peration     | Version:  2406                                  |
|   \\  /    A nd           | Website:  www.openfoam.com                      |
|    \\/     M anipulation  |                                                 |
\*---------------------------------------------------------------------------*/
FoamFile
{
    version     2.0;
    format      ascii;
    arch        "LSB;label=32;scalar=64";
    class       volVectorField;
    location    "0.3";
    object      U;
}
// * * * * * * * * * * * * * * * * * * * * * * * * * * * * * * * * * * * * * //

dimensions      [0 1 -1 0 0 0 0];

internalField   nonuniform List<vector> 
2285
(
(2.40789 0.168375 -4.53188e-21)
(2.35377 0.148075 1.25197e-21)
(2.44464 0.121619 2.35532e-21)
(2.39561 0.0947479 5.24637e-21)
(2.27948 -0.04917 -9.2186e-22)
(2.26452 -0.0493713 -8.39746e-22)
(2.32097 0.0865848 -5.28177e-21)
(2.30425 0.0686931 -9.0725e-22)
(2.28921 0.0480938 -2.99745e-23)
(2.27751 0.0434442 2.05871e-22)
(2.27136 0.0311473 3.59594e-23)
(2.27526 0.0194778 9.0757e-24)
(2.27744 0.00567061 -3.42976e-23)
(1.84374 -0.000587919 -1.66146e-23)
(1.84504 -0.00299138 8.83921e-24)
(2.2326 0.0039408 0)
(2.23809 0.00120672 0)
(2.28365 0.0122705 3.59626e-23)
(2.35857 0.0848398 -2.31032e-22)
(2.32446 0.0678341 -3.38796e-22)
(2.30217 0.0533397 7.93848e-22)
(2.28866 0.031966 -6.8993e-22)
(2.28535 0.0196771 -1.84899e-22)
(2.2894 0.00968096 1.86519e-22)
(2.28913 0.00194123 3.52243e-24)
(1.84775 -0.00387822 -5.15814e-24)
(2.31592 0.0111078 -5.84096e-22)
(2.30316 0.0198078 0)
(2.29631 0.00876457 -1.6276e-24)
(2.29865 0.00322818 0)
(2.3005 -0.00218087 1.11965e-22)
(1.84702 -0.00630874 5.11881e-23)
(2.31531 -0.00739349 -1.70771e-22)
(2.30556 -0.00855498 -6.49522e-23)
(2.30139 -0.00628944 0)
(2.30368 -0.00354798 -2.60414e-23)
(2.30499 -0.00771975 2.07927e-24)
(1.84216 -0.0084153 -6.71082e-24)
(2.31223 -0.020353 -1.47073e-22)
(2.30344 -0.0154834 -1.81203e-22)
(2.30028 -0.0123353 1.34193e-22)
(2.30577 -0.015203 7.18612e-23)
(2.30939 -0.0125167 2.38907e-23)
(1.83166 -0.010048 -7.04899e-24)
(2.30384 -0.03228 -1.07901e-21)
(2.29695 -0.0253574 1.08111e-21)
(2.29764 -0.0218043 0)
(2.30502 -0.018446 6.83197e-25)
(2.30888 -0.0116712 1.00853e-22)
(1.81616 -0.0115115 -7.12014e-24)
(2.29262 -0.0427659 -2.2322e-21)
(2.29166 -0.0337286 -2.92552e-23)
(2.29423 -0.0260229 0)
(2.30234 -0.0219077 1.06755e-22)
(2.30646 -0.0107109 -3.17977e-22)
(1.79708 -0.0131929 -5.71864e-23)
(2.28349 -0.0362954 9.5413e-22)
(2.28669 -0.0304209 0)
(2.29694 -0.0237808 0)
(2.30332 -0.0146709 -3.80849e-23)
(1.77556 -0.0127735 5.53734e-23)
(2.27218 -0.0364984 0)
(2.2806 -0.0304636 0)
(2.29296 -0.0242166 -2.5046e-23)
(2.29847 -0.0123738 1.92307e-22)
(1.7517 -0.0133407 5.59131e-23)
(2.28917 -0.0250134 -3.76717e-22)
(2.29384 -0.0140524 -1.67325e-22)
(1.72806 -0.0126152 4.92669e-23)
(2.28541 -0.0244656 1.08292e-23)
(2.28878 -0.0144644 -1.73335e-22)
(1.70283 -0.0121798 1.44687e-24)
(2.28139 -0.0232313 3.13904e-22)
(2.28365 -0.0148348 0)
(1.67691 -0.011401 6.26028e-25)
(1.84766 -0.00499722 4.9468e-24)
(1.8448 -0.00776201 -6.02392e-24)
(1.83662 -0.00921477 6.71074e-24)
(1.82327 -0.0118914 7.12288e-24)
(1.80619 -0.013454 0)
(1.78659 -0.0127784 3.49396e-24)
(1.76389 -0.0138009 4.74414e-23)
(1.74051 -0.0130262 0)
(1.71644 -0.0123252 -1.44813e-24)
(1.69064 -0.0115059 0)
(1.66394 -0.0112912 -6.25549e-25)
(2.24335 0.00109273 0)
(2.24766 -0.00256919 0)
(2.29428 0.0047818 -8.61047e-23)
(2.25197 -0.00286485 -1.58033e-22)
(2.25413 -0.00751054 1.09602e-23)
(2.30298 -0.00205184 8.50093e-23)
(2.25513 -0.00751072 2.48237e-23)
(2.256 -0.010563 -2.35477e-23)
(2.30685 -0.00769816 -2.66154e-26)
(2.25568 -0.0123462 5.91232e-24)
(2.25449 -0.0132391 1.27309e-23)
(2.30929 -0.0147508 -2.44304e-23)
(2.25287 -0.015382 -1.19125e-22)
(2.24971 -0.0165607 1.05819e-22)
(2.30769 -0.0256888 -1.0466e-22)
(2.24701 -0.0176876 1.44203e-22)
(2.24294 -0.0168142 2.57135e-23)
(2.30445 -0.0265281 2.57834e-23)
(2.24028 -0.0178132 -5.67624e-23)
(2.23492 -0.0177987 -5.53909e-23)
(2.30038 -0.0305921 1.25102e-23)
(2.23088 -0.0188185 -4.20172e-23)
(2.22551 -0.0180169 -5.8887e-24)
(2.29526 -0.0307081 -1.14214e-23)
(2.22196 -0.0186374 1.34517e-22)
(2.21553 -0.0178601 5.25878e-24)
(2.2904 -0.0299513 1.04861e-23)
(2.2118 -0.0185256 -5.25407e-24)
(2.20492 -0.0180977 -2.39086e-24)
(2.28509 -0.0297108 1.57568e-22)
(2.20137 -0.0184845 2.38893e-24)
(2.19458 -0.0183515 0)
(2.28058 -0.0297519 -1.42533e-22)
(0.826239 -0.00150584 0)
(0.319698 -0.000135293 0)
(0.819502 -0.00210032 0)
(0.314449 -0.000321578 0)
(0.813817 -0.00201255 0)
(0.309794 -0.000314987 0)
(0.795828 -0.00273476 0)
(0.297267 -0.000453648 0)
(0.767813 -0.00348873 0)
(0.280029 -0.000541156 0)
(0.737284 -0.00372681 0)
(0.26139 -0.000464753 0)
(0.702703 -0.00372423 0)
(0.241929 -0.000508815 0)
(0.666127 -0.00359474 0)
(0.221595 -0.000620711 0)
(0.631575 -0.00309385 0)
(0.20377 -0.000427198 0)
(0.598726 -0.00270445 0)
(0.187784 -0.000466128 0)
(0.569989 -0.00209956 0)
(0.173828 -0.000365562 0)
(0.545754 -0.00142479 0)
(0.163044 -0.000301826 0)
(0.525011 -0.00104875 0)
(0.154567 -0.00032367 0)
(0.804004 -0.00247577 0)
(0.303455 -0.000437783 0)
(0.780941 -0.00354705 0)
(0.288535 -0.000472332 0)
(0.752526 -0.0035431 0)
(0.270528 -0.000521171 0)
(0.719529 -0.00378576 0)
(0.251461 -0.000530758 0)
(0.683531 -0.00387697 0)
(0.231593 -0.000650944 0)
(0.648324 -0.00322272 0)
(0.21209 -0.000469318 0)
(0.614512 -0.00295086 0)
(0.195519 -0.000465091 0)
(0.583648 -0.00244882 0)
(0.180384 -0.00042748 0)
(0.557318 -0.00170091 0)
(0.167998 -0.000309602 0)
(0.5351 -0.00124094 0)
(0.158566 -0.000289048 0)
(0.515632 -0.000923944 0)
(0.15082 -0.000357015 0)
(2.0896 0.153448 3.60837e-24)
(2.09022 0.236387 0)
(2.07609 0.300688 -6.71463e-24)
(2.05198 0.333493 4.4286e-27)
(2.00099 0.404432 -3.91039e-25)
(2.07053 0.0780876 -3.01049e-27)
(2.03344 0.110031 -8.6298e-24)
(2.01207 0.164602 0)
(2.02072 0.262268 2.6208e-23)
(1.9959 0.29932 1.20464e-23)
(1.91001 0.402894 -4.07041e-26)
(1.81261 0.464335 9.47081e-24)
(1.6635 0.468601 1.057e-24)
(1.62541 0.443939 -3.2162e-24)
(1.73776 0.33383 2.77776e-24)
(2.04677 0.135626 0)
(2.29593 0.00446271 1.15009e-23)
(2.30847 -0.0224949 0)
(2.27738 -0.0167296 0)
(2.24712 -0.0217007 0)
(2.23182 -0.0118244 0)
(2.22082 -0.015995 1.05873e-24)
(2.0408 0.0238797 7.49973e-25)
(1.99464 0.0526161 3.21276e-26)
(1.93834 0.090526 -7.81612e-25)
(1.93414 0.175855 -2.01194e-23)
(1.90906 0.269233 -1.20494e-23)
(1.83179 0.362458 -6.48325e-24)
(1.78666 0.363366 1.31794e-25)
(1.68544 0.391792 -4.7365e-25)
(1.7138 0.308633 -7.83914e-25)
(1.92955 0.14093 -1.23274e-23)
(2.19851 -0.036564 0)
(2.32845 -0.0697343 -1.11797e-23)
(2.30641 -0.0517255 0)
(2.27219 -0.0310015 0)
(2.24273 -0.0292467 -1.83898e-25)
(2.22836 -0.0148019 2.09276e-25)
(2.21951 -0.0181048 2.46243e-24)
(2.07219 0.0345055 1.16494e-25)
(2.27663 0.0304225 1.77261e-25)
(2.27504 0.0253782 -2.65981e-25)
(2.05142 0.0312166 1.46218e-25)
(2.27546 0.032607 0)
(2.2723 0.0346531 9.80035e-25)
(2.02842 0.0217261 2.72765e-25)
(2.2686 0.0335353 -1.07693e-24)
(2.26445 0.0435986 0)
(2.27326 0.0694265 -2.82481e-24)
(2.29333 0.081418 0)
(2.35157 0.137135 -7.42838e-24)
(2.31286 0.173565 -1.73431e-24)
(2.0023 0.00894947 1.14906e-25)
(2.25176 0.0314462 3.46824e-25)
(2.24805 0.0545064 -3.96049e-25)
(2.25224 0.0846315 3.04538e-25)
(2.2533 0.111721 1.16202e-24)
(2.27852 0.172198 1.25756e-23)
(2.27992 0.233335 -1.60621e-23)
(2.17931 0.268718 -1.46985e-23)
(1.97561 0.00178774 0)
(2.22503 0.0315131 4.308e-25)
(2.21837 0.0676735 -1.80661e-24)
(2.21658 0.107605 2.3346e-24)
(2.21022 0.153681 -1.16341e-24)
(2.21324 0.208056 -6.55457e-24)
(2.20165 0.285406 1.09346e-24)
(2.15507 0.326077 -4.4252e-24)
(1.94964 -0.00446104 9.52015e-25)
(2.19054 0.0281643 2.13727e-25)
(2.17242 0.0757019 1.52743e-24)
(2.16519 0.124741 -2.6615e-24)
(2.15565 0.177056 5.35602e-24)
(2.1534 0.247576 5.7854e-25)
(2.13212 0.299442 5.86373e-25)
(2.0951 0.368739 1.82497e-23)
(1.93006 -0.00903608 6.58336e-25)
(2.15948 0.0242586 -1.9974e-24)
(2.12222 0.0643289 9.05245e-24)
(2.11244 0.118333 0)
(1.35973 0.00745793 -3.67228e-26)
(1.33841 0.00563011 -4.2087e-26)
(1.3194 0.00355614 1.25481e-25)
(1.30346 0.000531976 3.35545e-27)
(1.29193 -0.00332119 -1.63545e-25)
(1.28557 -0.00714319 1.55476e-25)
(1.28402 -0.00933143 1.03954e-25)
(1.2846 -0.0100916 -3.91765e-26)
(1.2879 -0.0112303 4.03623e-26)
(1.29437 -0.012435 7.10678e-26)
(1.30188 -0.0122915 -2.10811e-25)
(1.31039 -0.0107621 5.34303e-25)
(1.31904 -0.00822513 -2.08723e-25)
(1.3264 -0.00520777 0)
(2.24605 0.0292247 -2.56126e-25)
(2.24579 0.0296427 -5.36617e-27)
(2.06223 0.0334805 -1.14906e-25)
(2.27737 0.0296188 0)
(2.27744 0.0346633 -6.71687e-25)
(2.2766 0.03143 7.90264e-25)
(2.24443 0.0292024 0)
(2.2403 0.0270502 4.0707e-25)
(2.04004 0.0276024 -1.89048e-25)
(2.27675 0.0344611 0)
(2.27372 0.0415419 -7.47419e-25)
(2.27293 0.0337675 1.14853e-24)
(2.23273 0.0224853 -4.14159e-25)
(2.22258 0.0189594 2.7827e-25)
(2.01564 0.0146397 -5.5265e-25)
(2.26896 0.0368348 6.94229e-25)
(2.26081 0.0437413 -5.75942e-25)
(2.26138 0.0320921 5.75992e-25)
(2.21013 0.017079 -4.90771e-25)
(2.19648 0.0156063 -6.01541e-26)
(1.98888 0.00509489 6.01383e-26)
(2.25231 0.0385087 1.00794e-24)
(2.24064 0.0460367 5.73967e-25)
(2.23988 0.0314342 -1.34272e-25)
(2.18246 0.0130994 0)
(2.16793 0.00992031 -4.41584e-25)
(1.96213 -0.00140627 -3.54376e-25)
(2.2292 0.0414996 4.84332e-25)
(2.21443 0.0444541 1.19182e-24)
(2.20786 0.0300673 -7.20946e-25)
(2.15288 0.00740831 7.31675e-25)
(2.13696 0.00577395 3.48827e-25)
(1.93883 -0.00719613 -2.86376e-25)
(2.19845 0.0374114 -5.11881e-24)
(2.17843 0.0383542 9.09537e-25)
(2.1745 0.0262294 2.16945e-25)
(2.12039 0.00469372 -4.55803e-25)
(2.10402 0.00372241 -2.31652e-24)
(1.92347 -0.00930213 -2.23425e-24)
(2.15877 0.0359979 1.24447e-24)
(2.13877 0.0392761 6.94426e-24)
(2.14389 0.0213886 1.99737e-24)
(0.44183 0.000635059 0)
(0.143623 0.000318768 0)
(0.431773 0.00118581 0)
(0.137 0.000195316 0)
(0.426504 0.00114304 0)
(0.131044 -0.000401889 0)
(0.430607 0.000392543 0)
(0.131098 -0.000724771 0)
(0.440141 0.000204571 0)
(0.134901 -0.000817246 0)
(0.45267 -0.000471247 0)
(0.141045 -0.000687672 0)
(0.466064 -0.00103274 0)
(0.149258 -0.000322581 0)
(0.436604 0.000947475 0)
(0.140508 0.000264598 0)
(0.428058 0.00130928 0)
(0.133507 -1.04581e-06 0)
(0.427322 0.000772181 0)
(0.130315 -0.000717466 0)
(0.434987 0.000229063 0)
(0.132804 -0.000778606 0)
(0.446042 -5.18798e-05 0)
(0.137559 -0.000793092 0)
(0.459563 -0.000799818 0)
(0.14511 -0.000515333 0)
(0.471679 -0.00116439 0)
(0.153119 -0.000147684 0)
(1.91959 -0.00846125 1.2022e-24)
(2.12767 0.0157259 2.54012e-24)
(2.08817 0.035377 -1.21667e-23)
(2.22281 -0.0115801 0)
(2.2273 -0.0145468 -5.28204e-25)
(2.20577 -0.0112672 2.49194e-25)
(1.32993 -0.00143974 -1.16657e-25)
(1.91857 -0.00707406 -2.7245e-24)
(2.10108 0.000487295 8.7447e-24)
(2.07567 0.00518316 -3.08557e-24)
(2.22194 -0.0117369 0)
(2.22663 -0.0147684 -1.35846e-25)
(2.20361 -0.00932212 4.48866e-25)
(1.3166 2.02959e-05 1.98087e-26)
(1.92627 -0.00574279 4.26257e-24)
(2.09463 -0.0077047 -1.33725e-23)
(2.07522 -0.00860348 0)
(2.03147 -0.0113199 0)
(1.97111 -0.0129631 2.89434e-23)
(1.88525 0.0203089 -1.56784e-24)
(1.83677 0.0635642 -1.73888e-23)
(1.82093 0.178226 -5.5932e-25)
(1.79902 0.218895 5.51342e-24)
(1.78554 0.201443 0)
(1.73249 0.232538 -2.61525e-25)
(1.86996 0.0769078 -1.74862e-24)
(2.08819 -0.0578512 2.5943e-23)
(2.2481 -0.147523 2.02608e-23)
(2.31864 -0.0961321 2.94386e-23)
(2.28029 -0.0796734 -1.48699e-23)
(2.25132 -0.0458695 1.68438e-24)
(2.23059 -0.0386766 0)
(2.22097 -0.0220821 0)
(2.21669 -0.0223429 -6.16488e-24)
(2.21956 -0.0127129 -2.11122e-25)
(2.22463 -0.0152257 1.83872e-24)
(2.19769 -0.00707407 1.69656e-24)
(1.30853 0.00155699 0)
(1.9392 0.00370131 -3.36078e-24)
(2.09833 -0.0122604 -1.29168e-23)
(2.07978 -0.028792 0)
(2.03513 -0.0304044 0)
(1.96832 -0.0482333 -2.67379e-23)
(1.86526 -0.0475761 2.40021e-24)
(1.77951 -0.0416714 1.49205e-23)
(1.76332 0.0284649 -1.09247e-23)
(1.77692 0.0340609 1.99859e-23)
(1.79196 0.0837529 3.26405e-23)
(1.82481 0.00436984 0)
(2.01158 -0.132395 2.43818e-24)
(2.1511 -0.202518 5.7593e-24)
(2.24368 -0.189924 -4.80584e-23)
(2.2691 -0.140117 -3.40778e-23)
(2.24085 -0.111903 1.29742e-23)
(2.22957 -0.07069 4.96418e-25)
(2.21784 -0.0578881 3.73591e-25)
(2.21143 -0.0403149 -3.53626e-25)
(2.2113 -0.0319 3.81186e-24)
(2.21434 -0.0191469 6.1974e-24)
(2.22028 -0.0168791 -2.07188e-24)
(2.18987 -0.00651694 0)
(1.30474 0.00276879 -2.90948e-25)
(1.96115 0.0141645 1.90254e-25)
(2.1183 -0.0217959 -1.32633e-23)
(2.09518 -0.0674032 1.58221e-24)
(2.04672 -0.0898869 -4.8074e-23)
(1.97442 -0.0938632 0)
(1.86655 -0.106522 3.52552e-24)
(1.76888 -0.108965 2.51559e-23)
(1.74346 -0.0996788 1.12646e-23)
(1.75661 -0.115071 3.44147e-23)
(1.82988 -0.0497032 -3.62968e-23)
(1.94871 -0.234656 4.89238e-24)
(2.07143 -0.263336 -9.48211e-25)
(2.15053 -0.268724 -4.81595e-24)
(2.20598 -0.243632 4.85108e-23)
(2.2127 -0.182675 1.04027e-24)
(2.21133 -0.148715 4.23464e-24)
(2.20253 -0.107276 -1.01701e-23)
(2.19847 -0.0850176 -1.47837e-23)
(2.19477 -0.0622474 7.11225e-25)
(2.19834 -0.0451667 -1.63251e-23)
(2.20283 -0.0281841 -6.20976e-24)
(2.21006 -0.0190656 8.58214e-24)
(2.18034 -0.00610955 1.74743e-24)
(1.30363 0.00311755 0)
(1.98819 0.0176465 3.56789e-24)
(2.15708 -0.0280484 -5.9988e-25)
(2.14176 -0.103704 2.60599e-24)
(2.0733 -0.1587 7.7935e-23)
(1.98294 -0.204886 -3.17905e-23)
(1.86165 -0.188898 0)
(1.77066 -0.180869 -2.83178e-23)
(1.74558 -0.189538 -1.17775e-23)
(1.77051 -0.238863 -1.86146e-23)
(1.90821 -0.300986 -2.02714e-23)
(1.99503 -0.347615 -2.25504e-24)
(2.07262 -0.320518 1.59218e-24)
(2.13107 -0.308471 -1.36215e-23)
(2.14977 -0.271624 -1.66122e-23)
(2.16347 -0.21419 -1.03989e-24)
(2.17221 -0.171769 1.26542e-23)
(2.16668 -0.128148 9.99447e-24)
(2.17057 -0.0996246 -7.97027e-24)
(2.17152 -0.0700065 -1.21505e-24)
(2.17762 -0.0508399 1.8864e-23)
(2.18657 -0.0307036 -1.25182e-24)
(2.19289 -0.0191001 -8.61644e-24)
(2.16959 -0.00475788 2.33643e-24)
(1.30366 0.00251127 -1.46242e-25)
(2.01216 0.0141367 -2.16826e-24)
(2.20272 -0.0323284 -5.77432e-24)
(2.21936 -0.102389 1.42088e-23)
(2.14399 -0.171824 -3.55514e-23)
(2.00627 -0.266634 3.7459e-23)
(1.85456 -0.262693 -1.56593e-24)
(1.78683 -0.29396 -3.4152e-24)
(1.79119 -0.331414 5.07332e-23)
(1.84699 -0.392181 -3.07702e-23)
(1.91743 -0.423864 8.85136e-24)
(1.98752 -0.385619 5.18488e-24)
(2.05206 -0.353998 7.21014e-25)
(2.09027 -0.304812 2.15635e-24)
(2.10661 -0.249858 -1.86219e-23)
(2.11427 -0.212579 0)
(2.12196 -0.158939 -1.67872e-23)
(2.12948 -0.115473 -6.4606e-24)
(2.13831 -0.0864577 2.85131e-23)
(2.146 -0.0563228 2.81881e-23)
(2.15726 -0.0398902 -1.55476e-24)
(2.17085 -0.0227487 1.55407e-24)
(2.17867 -0.0142374 0)
(2.15714 -0.00557306 0)
(1.30392 0.000284545 1.58235e-24)
(2.02798 0.0110786 0)
(2.24952 -0.0250768 0)
(2.2715 -0.0558206 -1.50736e-23)
(2.23106 -0.113214 -4.45791e-24)
(2.08801 -0.216706 -4.63423e-23)
(1.88016 -0.305703 -4.10496e-23)
(1.83261 -0.36642 3.90512e-24)
(1.84317 -0.41359 -2.64513e-23)
(1.88319 -0.424773 -2.32496e-23)
(1.9053 -0.436737 1.12197e-23)
(1.93517 -0.42991 2.51717e-24)
(1.9901 -0.376073 1.16408e-24)
(2.01626 -0.284397 -4.0994e-24)
(2.05215 -0.211033 9.82501e-24)
(2.0694 -0.165006 1.56113e-23)
(2.07307 -0.118113 -8.13978e-24)
(2.09431 -0.0747945 8.29762e-24)
(2.10877 -0.0518613 6.09448e-23)
(2.12477 -0.0280829 -2.81785e-23)
(2.14291 -0.0192974 0)
(2.16138 -0.00937692 -1.71903e-24)
(2.17255 -0.00700095 2.95631e-23)
(2.14655 -0.00517434 1.19767e-23)
(1.30295 -0.00110736 0)
(2.02953 0.0106901 0)
(2.2868 0.00195667 2.93705e-24)
(2.29017 -0.00218204 -6.61855e-25)
(2.2915 -0.0314535 -2.10352e-23)
(2.21533 -0.0881046 3.82601e-23)
(1.99789 -0.224106 4.91195e-23)
(1.88888 -0.326408 1.17546e-22)
(1.86891 -0.373083 0)
(1.89852 -0.378449 -8.5499e-24)
(1.90766 -0.419092 -1.97895e-23)
(1.89574 -0.428925 -2.57289e-24)
(1.90603 -0.35396 0)
(1.91584 -0.264042 -8.83683e-24)
(1.97082 -0.171759 8.86282e-24)
(2.02016 -0.0998151 8.40718e-23)
(2.03165 -0.0647767 5.88718e-23)
(2.06303 -0.0247795 9.99907e-23)
(2.09032 -0.0140788 -1.48925e-22)
(2.11473 -0.00220596 0)
(2.1384 -0.00385228 0)
(2.15938 -0.000352326 0)
(2.17216 -0.00361241 -2.7085e-23)
(2.14416 -0.00300656 -9.9342e-24)
(1.29729 -0.00263842 -2.01059e-24)
(2.01299 0.0061652 5.44975e-25)
(2.29267 0.0149475 -2.5052e-24)
(2.29091 0.0202062 4.11892e-23)
(2.30852 0.019929 2.56606e-23)
(2.28832 0.0142761 0)
(2.13907 -0.0754803 0)
(1.98077 -0.201842 4.99002e-23)
(1.90457 -0.268906 -2.99286e-23)
(1.91137 -0.297752 -2.00971e-23)
(1.93522 -0.293828 1.505e-22)
(1.8888 -0.338031 4.16101e-23)
(1.82666 -0.251035 -2.42416e-24)
(1.82603 -0.206449 7.69482e-24)
(1.87944 -0.119227 2.83591e-23)
(1.9613 -0.04541 -8.40262e-23)
(1.99796 -0.0039131 -7.81648e-23)
(2.04716 0.0113328 -7.85971e-23)
(2.08687 0.00799354 1.86657e-22)
(2.11442 0.00814361 -1.1086e-22)
(2.13906 0.00235189 -6.9296e-23)
(2.16019 0.00366774 8.5937e-24)
(2.17348 -0.00121234 5.66894e-23)
(2.14508 -0.00292475 -3.54417e-24)
(1.28911 -0.00380193 5.7987e-24)
(1.98794 0.000992259 -7.17339e-25)
(2.287 0.0243191 -8.45374e-24)
(2.28647 0.0383653 -6.2706e-24)
(2.30454 0.0432371 0)
(2.30302 0.0655734 -2.63929e-23)
(2.21816 0.0488236 2.7113e-23)
(2.08953 -0.034412 -4.053e-22)
(1.95859 -0.131178 0)
(1.9242 -0.147817 0)
(1.9545 -0.161915 -1.272e-22)
(1.86862 -0.154369 -1.34427e-23)
(1.77801 -0.0948066 -3.78688e-25)
(1.78231 -0.107428 -9.05527e-24)
(1.80743 -0.0415456 -9.49132e-23)
(1.90049 0.00874082 -6.57305e-23)
(1.98188 0.0561692 4.74886e-24)
(2.04797 0.0276576 -2.50416e-23)
(2.0895 0.0285836 -6.62129e-23)
(2.11763 0.0249338 7.67205e-23)
(2.14255 0.0159259 1.84684e-22)
(2.16322 0.0124857 0)
(2.17734 0.00359978 -5.616e-23)
(2.14992 -0.000197356 -3.37646e-24)
(1.27849 -0.00374208 -3.70095e-24)
(1.95716 0.00171821 0)
(2.27415 0.0320555 -3.12859e-24)
(2.27333 0.0553995 -2.96821e-23)
(2.28393 0.06912 0)
(2.29306 0.0978291 0)
(2.23578 0.121072 3.07469e-22)
(2.15412 0.104656 4.61797e-22)
(2.04541 0.0553612 0)
(1.94098 -0.0420159 -3.95985e-23)
(1.9374 -0.0333982 -6.56202e-24)
(1.84582 0.0328565 4.67218e-23)
(1.77226 -0.0135543 3.07647e-25)
(1.76198 0.0145285 1.66921e-23)
(1.76389 0.0491361 5.1154e-23)
(1.85946 0.0796463 -4.99362e-24)
(1.98087 0.0898564 1.83969e-22)
(2.05661 0.0822522 1.28075e-22)
(2.09704 0.0713564 -9.79528e-23)
(2.1268 0.0540764 0)
(2.1518 0.0349344 -1.32791e-22)
(2.1711 0.0232763 1.01389e-22)
(2.18666 0.00884931 1.42777e-24)
(2.15882 0.00220247 -1.16436e-23)
(1.26856 -0.00234535 0)
(1.92463 0.00264022 6.11981e-27)
(2.25137 0.036287 -2.14904e-24)
(2.25688 0.0659351 -1.33871e-23)
(2.25144 0.0914102 0)
(2.25165 0.14037 0)
(2.22539 0.163956 -1.80455e-22)
(2.16272 0.185975 -5.57217e-22)
(2.09543 0.193562 2.00739e-22)
(1.99752 0.134313 0)
(1.91946 0.105352 0)
(1.84452 0.113177 5.25361e-24)
(1.77382 0.0773654 -5.3523e-24)
(1.73104 0.136421 3.95448e-24)
(1.73952 0.145045 -3.38799e-23)
(1.84074 0.161552 9.31057e-23)
(1.98293 0.158821 -2.29599e-22)
(2.07084 0.154807 -1.75189e-22)
(2.11865 0.109025 1.43586e-22)
(2.15253 0.0783801 0)
(2.17475 0.0495087 1.02449e-22)
(2.18868 0.0309231 -3.07644e-23)
(2.20207 0.0123188 3.10868e-24)
(2.17005 0.00354089 -2.52787e-24)
(1.2619 -0.000328345 2.30401e-24)
(1.89434 0.00179312 -6.14022e-25)
(2.22087 0.0343924 2.26098e-25)
(2.22806 0.0739116 1.27926e-23)
(2.21614 0.11308 0)
(2.20769 0.163678 -1.26638e-23)
(2.18964 0.201934 -8.34777e-23)
(2.1496 0.229539 3.22348e-22)
(2.09578 0.251152 -1.95591e-22)
(2.03121 0.275848 8.56478e-23)
(1.93999 0.217101 0)
(1.86252 0.217644 0)
(1.76832 0.20208 0)
(1.71313 0.216782 7.03259e-24)
(1.73193 0.204928 8.39973e-24)
(1.83286 0.213032 5.49638e-23)
(1.99588 0.21742 -3.3504e-23)
(2.10995 0.165215 -8.26443e-23)
(2.16922 0.109984 9.17777e-23)
(2.19054 0.0714758 -2.19402e-23)
(2.20104 0.0436173 -9.05471e-23)
(2.20775 0.0278808 -7.4485e-23)
(2.21731 0.00976179 5.33076e-23)
(2.18199 0.00492387 3.70437e-23)
(1.25885 0.00142259 0)
(1.87193 0.00124459 4.46818e-26)
(2.19318 0.0338641 0)
(2.18094 0.0715296 -4.22377e-24)
(2.17051 0.130424 -5.9748e-23)
(2.16078 0.159355 1.82387e-23)
(2.14319 0.233582 -1.40512e-24)
(2.11272 0.272281 0)
(2.07419 0.304054 -4.77771e-23)
(2.02669 0.334288 -5.81699e-24)
(1.95172 0.366253 2.37349e-23)
(1.8959 0.330828 -4.7358e-23)
(1.7828 0.317154 1.20182e-24)
(1.718 0.277616 7.83587e-24)
(1.73674 0.261954 3.49676e-24)
(1.83637 0.235383 0)
(2.03985 0.202281 3.73105e-23)
(2.17759 0.116411 4.81645e-23)
(2.21708 0.0707696 -5.04237e-23)
(2.22193 0.0431422 0)
(2.22044 0.0246533 0)
(2.22229 0.0167599 0)
(2.22731 0.00332563 3.74614e-23)
(2.1922 0.00418836 -3.10502e-23)
(1.25787 0.0022822 -7.1682e-24)
(1.86371 -0.00185553 9.39288e-24)
(2.1629 0.0233936 7.57037e-24)
(2.1344 0.0569458 2.08657e-23)
(2.1257 0.109485 6.21934e-23)
(2.1063 0.13937 -2.39229e-23)
(2.07897 0.198228 0)
(2.06104 0.282093 -4.70997e-23)
(2.02217 0.327318 3.26815e-23)
(1.99729 0.379681 -3.07517e-23)
(1.94531 0.407849 -3.07418e-23)
(1.90769 0.377971 2.77803e-23)
(1.80491 0.413763 -9.58801e-24)
(1.75572 0.358063 3.52299e-24)
(1.77669 0.313671 -1.11886e-23)
(1.88458 0.232809 1.04895e-23)
(2.13587 0.120739 3.9207e-23)
(2.24064 0.051342 -1.30781e-23)
(2.24752 0.0229344 -1.2718e-23)
(2.23849 0.0128206 1.2721e-23)
(2.22902 0.00389417 0)
(2.22919 0.00409548 6.14165e-23)
(2.23116 -0.00357891 -9.83135e-23)
(2.19695 -0.000506106 -5.02348e-23)
(1.25745 0.00239666 6.67707e-24)
(1.86224 -0.00464792 1.74565e-23)
(2.13545 0.0101278 1.14824e-23)
(2.10329 0.0312624 3.45298e-23)
(2.08756 0.0683645 5.42405e-23)
(2.05342 0.104228 -1.24148e-22)
(1.99831 0.135975 -3.61632e-23)
(1.98534 0.225375 4.71284e-23)
(1.96038 0.295265 0)
(1.93816 0.325666 -4.67237e-24)
(1.93672 0.395913 4.53323e-24)
(1.90573 0.380002 0)
(1.82475 0.376605 -3.74474e-25)
(1.81643 0.316344 0)
(1.87534 0.242003 0)
(2.02856 0.120603 -3.09374e-23)
(2.22483 0.0129049 -2.55287e-23)
(2.27001 -0.00145886 3.1949e-23)
(2.25541 -0.00995136 4.80175e-24)
(2.24113 -0.00257223 -1.30993e-23)
(2.23021 -0.00647539 8.30589e-24)
(2.23053 -0.00278337 -8.75813e-23)
(2.23164 -0.00572245 3.2863e-24)
(2.19702 -0.00397899 -3.41647e-23)
(1.25708 0.00208408 0)
(1.87087 -0.00787927 -2.82787e-23)
(2.10639 -0.00812316 1.71908e-23)
(2.08739 0.0064017 -8.82853e-23)
(2.05922 0.0338306 0)
(2.02661 0.063586 4.39568e-23)
(1.9498 0.118284 1.55324e-22)
(1.91433 0.13439 0)
(1.91446 0.217591 3.8964e-24)
(1.89248 0.223665 -3.01433e-25)
(1.91 0.271013 0)
(1.90183 0.275071 4.3806e-25)
(1.85905 0.267594 -5.67829e-25)
(1.8896 0.213794 0)
(1.98327 0.114987 -7.52764e-24)
(2.13553 0.00749691 4.86553e-23)
(2.25465 -0.0384617 0)
(2.26941 -0.0104937 -3.12787e-23)
(2.25262 -0.0111501 -1.26805e-23)
(2.23963 -0.00132532 -7.03356e-24)
(2.23018 -0.0114094 -7.84163e-24)
(2.23021 -0.00483545 3.53051e-23)
(2.23123 -0.00943465 -6.34792e-23)
(2.19418 -0.00748394 5.96146e-24)
(1.25675 0.00140955 0)
(1.88864 -0.0142446 -1.62982e-24)
(2.09551 -0.0235706 -7.1982e-23)
(2.07432 -0.0312035 5.7858e-23)
(2.03329 -0.0247402 -1.07603e-22)
(1.98698 -0.0110601 7.73621e-23)
(1.91566 0.0191896 -6.34296e-23)
(1.87614 0.0361924 2.64571e-24)
(1.87636 0.068638 -3.62876e-24)
(1.87104 0.107975 -1.8454e-25)
(1.89935 0.0911817 0)
(1.90249 0.12912 -8.11251e-25)
(1.90217 0.077688 -1.47486e-24)
(1.97211 0.0425433 3.54823e-24)
(2.07021 -0.031497 7.58777e-24)
(2.17995 -0.0756451 -2.07781e-23)
(2.25103 -0.0650656 5.38088e-24)
(2.25564 -0.0525466 -1.75164e-24)
(2.24378 -0.0421586 1.42113e-23)
(2.23535 -0.0283019 8.54034e-24)
(2.22875 -0.022805 -1.52452e-24)
(2.2287 -0.0144733 -1.60538e-23)
(2.22924 -0.0148873 8.57769e-23)
(2.18863 -0.0107934 2.74602e-24)
(1.25518 0.00079672 -3.31404e-25)
(1.91223 -0.0144166 0)
(2.09763 -0.0337893 7.13442e-24)
(2.08154 -0.0384103 0)
(2.0336 -0.0380203 4.61161e-23)
(1.97738 -0.0223428 1.7998e-23)
(1.91029 0.00233681 -3.87342e-23)
(1.87351 0.0118663 6.26147e-25)
(1.84999 -0.0178485 8.46772e-24)
(1.86894 0.0149538 0)
(1.88014 0.0157253 0)
(1.9083 0.0768033 0)
(1.92474 -0.000825961 -6.57866e-24)
(2.00077 -0.0222975 -1.43296e-23)
(2.09456 -0.0827135 -2.44534e-24)
(2.18126 -0.0983158 0)
(2.22664 -0.0997201 0)
(2.23867 -0.0715335 4.93002e-24)
(2.23354 -0.0525518 1.57992e-24)
(2.23008 -0.0343842 4.26953e-24)
(2.22533 -0.0257138 0)
(2.2252 -0.0185677 -6.35183e-25)
(2.22762 -0.0155279 -3.10853e-24)
(2.17654 -0.011523 0)
(1.24931 0.000882588 5.076e-23)
(1.92755 -0.013626 3.93546e-23)
(2.11241 -0.0441981 4.6623e-24)
(2.09851 -0.0681253 1.07708e-24)
(2.04386 -0.0856232 -1.03531e-24)
(1.96625 -0.077242 -7.29004e-25)
(1.90085 -0.0752529 0)
(1.8688 -0.0689716 0)
(1.85452 -0.0696455 3.68679e-25)
(1.86094 -0.0633174 2.31528e-25)
(1.87404 -0.0521788 5.59342e-26)
(1.90538 -0.0344632 0)
(1.99209 -0.110123 0)
(2.03378 -0.134468 2.10318e-26)
(2.11196 -0.15522 -1.44894e-25)
(2.16386 -0.147994 0)
(2.20247 -0.137775 -3.06418e-26)
(2.2156 -0.0964476 -2.8517e-25)
(2.20818 -0.0771523 -7.03903e-26)
(2.20784 -0.0524217 -2.2963e-25)
(2.2077 -0.0389525 -3.78836e-25)
(2.21261 -0.0236985 4.39633e-26)
(2.2185 -0.0162507 0)
(2.15222 -0.00595984 4.00417e-24)
(1.22909 -0.00121219 0)
(1.33188 -0.00226343 0)
(1.33525 0.000316997 -3.86569e-25)
(1.3225 -0.000783889 8.76164e-27)
(1.33696 0.0026957 -8.74765e-25)
(1.33741 0.00451985 -5.30293e-26)
(1.31186 0.000748915 0)
(1.33702 0.00573381 8.83128e-25)
(1.33464 0.00759552 0)
(1.30615 0.00220577 2.24137e-25)
(1.32749 0.0107849 0)
(1.3158 0.0135407 0)
(1.30391 0.0030341 0)
(1.30122 0.0143503 -1.81833e-24)
(1.28508 0.0129675 1.25504e-24)
(1.30356 0.00295278 1.24356e-25)
(1.26971 0.00990691 0)
(1.25673 0.00586051 -2.24418e-25)
(1.30384 0.00118303 0)
(1.24727 0.00153563 0)
(1.24122 -0.00222842 9.07617e-25)
(1.30378 -0.000283729 -1.55144e-24)
(1.23798 -0.00492627 -9.07629e-25)
(1.23637 -0.00656146 6.82719e-26)
(1.30046 -0.00192131 2.39889e-25)
(1.23558 -0.00772899 0)
(1.23542 -0.00879157 -1.46516e-25)
(1.29349 -0.00318939 7.22069e-28)
(1.23664 -0.00949937 1.48421e-25)
(1.24072 -0.00913875 0)
(1.28393 -0.00394052 -4.4686e-25)
(1.24485 -0.00756279 0)
(1.24798 -0.00487939 -2.19811e-25)
(1.27321 -0.00307695 0)
(1.24937 -0.00225414 1.98254e-25)
(1.24946 -0.00126199 0)
(1.26472 -0.00131068 2.69247e-24)
(1.24898 -0.000866951 -8.87521e-26)
(1.2476 0.000266425 1.35049e-25)
(1.25998 0.00068664 -4.99659e-24)
(1.24609 0.00112246 -3.88288e-26)
(1.24454 0.0022931 -1.18491e-26)
(1.25822 0.00201818 -5.17488e-28)
(1.24153 0.00437403 0)
(1.23806 0.00608979 -7.38884e-29)
(1.25768 0.00239955 1.19284e-24)
(1.23472 0.00587983 0)
(1.23331 0.00342806 4.52118e-24)
(1.25725 0.00233722 -6.97759e-25)
(1.23317 0.00179201 4.9579e-24)
(1.23393 0.000451155 -1.7389e-23)
(1.25691 0.00178239 0)
(1.2363 -0.00092212 4.36016e-23)
(1.24252 -0.0029292 -3.49658e-23)
(1.25503 0.000956868 -4.17311e-25)
(1.248 -0.00459977 1.78719e-24)
(1.25534 -0.00432094 -1.82411e-26)
(1.24815 0.000436819 -2.49376e-23)
(1.26274 -0.00484172 -1.57366e-23)
(1.2304 0.0012304 1.78956e-22)
(1.2033 -0.00356661 -2.2846e-22)
(1.26866 -0.00104762 -1.84834e-22)
(2.08895 -0.0359677 -1.73702e-23)
(2.1083 -0.0546081 -7.06072e-25)
(2.08143 -0.0641663 6.57885e-25)
(2.02689 -0.0707978 2.18588e-24)
(1.95305 -0.0831314 1.9528e-25)
(1.89451 -0.0733247 -2.04952e-25)
(1.8727 -0.0654411 -2.74571e-25)
(1.84753 -0.0726301 -1.12024e-25)
(1.86863 -0.0607668 -2.39929e-25)
(1.86096 -0.0850825 0)
(1.95344 -0.0884861 0)
(1.9937 -0.130253 -1.16399e-25)
(2.05531 -0.15262 -7.30301e-26)
(2.11776 -0.152594 -4.20248e-26)
(2.1785 -0.135728 0)
(2.20939 -0.1224 0)
(2.21232 -0.0972789 1.52604e-25)
(2.20574 -0.0736025 0)
(2.20646 -0.0523816 2.13479e-25)
(2.20809 -0.037317 1.11147e-25)
(2.21369 -0.0230913 4.71505e-25)
(2.20746 -0.0124803 0)
(1.90875 -0.000933229 -4.10208e-24)
(2.08973 0.00264227 -2.98481e-25)
(2.0794 0.00120375 2.61497e-24)
(1.91827 -0.00747118 3.14803e-24)
(2.12218 0.0361425 -1.2892e-23)
(2.10879 0.0299076 1.34248e-23)
(2.11248 0.00860264 -8.47311e-24)
(2.03089 -0.0141272 0)
(2.02562 -0.0126069 1.66721e-25)
(2.20519 -0.0120531 -7.46593e-25)
(2.07394 -0.000948484 0)
(2.07251 -0.00302048 0)
(1.92102 -0.00693593 0)
(2.09959 0.0167224 2.12426e-23)
(2.09463 0.00327132 -1.30162e-23)
(2.09545 -0.00523583 3.92923e-25)
(2.02106 -0.0106742 -4.08923e-26)
(2.01611 -0.00872188 1.28581e-25)
(2.20066 -0.00992673 -8.19274e-25)
(2.07277 -0.00399291 -3.54188e-27)
(2.0744 -0.00439903 -2.46109e-24)
(1.93167 -0.00203203 -2.56382e-24)
(2.09294 -0.0049657 5.95353e-24)
(2.09315 -0.00901293 6.24411e-24)
(2.0955 -0.00903295 7.91571e-24)
(2.01171 -0.00714699 -1.65515e-25)
(2.00672 -0.00588097 -2.10998e-25)
(2.19376 -0.00829761 2.73509e-25)
(2.07895 -0.00377583 0)
(2.08927 -0.0038669 -7.89901e-24)
(1.94913 0.00953033 3.36077e-24)
(2.09461 -0.0102083 -1.30342e-23)
(2.09841 -0.0234411 1.33329e-23)
(2.10515 -0.0173282 2.71681e-23)
(2.00169 -0.00478843 6.09116e-26)
(1.99595 -0.00373269 -1.78917e-24)
(2.18513 -0.007905 3.30942e-25)
(2.1039 -0.00524217 7.06168e-24)
(2.12218 -0.0084729 1.37599e-24)
(1.9744 0.0169591 3.23318e-25)
(2.10803 -0.0299602 0)
(2.12326 -0.0451635 0)
(2.13609 -0.0257913 -1.37623e-24)
(1.99041 -0.00308604 -3.22696e-25)
(1.98489 -0.00256835 1.66403e-24)
(2.17495 -0.00635367 -1.74702e-24)
(2.14279 -0.0119648 9.41368e-24)
(2.1645 -0.0147596 -9.8238e-24)
(2.00095 0.0163715 -3.3633e-24)
(2.14778 -0.0497061 -1.04905e-23)
(2.17584 -0.0586528 0)
(2.18003 -0.0312199 1.011e-24)
(1.98008 -0.00176162 1.37507e-25)
(1.97595 -0.000443927 0)
(2.16344 -0.00550646 -2.33575e-24)
(2.18654 -0.0166972 0)
(2.20834 -0.0170204 0)
(2.02143 0.0121622 2.16824e-24)
(2.2072 -0.0583877 1.1979e-23)
(2.23598 -0.0646099 -1.19876e-23)
(2.22616 -0.0325392 5.76833e-24)
(1.97256 0.00062026 0)
(1.96925 0.000467363 6.48844e-24)
(2.15093 -0.00614912 -1.2805e-23)
(2.22842 -0.0149448 0)
(2.2436 -0.00890566 0)
(2.03033 0.0107249 -5.9351e-26)
(2.26015 -0.0587696 0)
(2.27861 -0.0469523 0)
(2.27141 -0.0131859 -2.93501e-24)
(1.96661 -0.000848911 -5.65542e-24)
(1.96525 -0.00252867 -7.32229e-24)
(2.14451 -0.00374032 3.4406e-24)
(2.25101 -0.000414044 -1.46852e-24)
(2.25202 0.00479371 1.41337e-24)
(2.02383 0.00970017 -1.49121e-26)
(2.29081 -0.0217302 -2.19494e-25)
(2.29639 0.000248289 -6.8147e-24)
(2.29265 0.0118658 -8.54998e-27)
(1.96507 -0.003284 6.35163e-24)
(1.9653 -0.00372573 0)
(2.14437 -0.00212239 6.74806e-24)
(2.25079 0.00790825 0)
(2.24625 0.0109884 2.25845e-25)
(2.00177 0.00252184 1.63235e-25)
(2.29721 0.00975421 4.95136e-24)
(2.29591 0.0169523 -8.29079e-24)
(2.2908 0.0188707 6.75997e-24)
(1.96612 -0.00459143 1.09568e-25)
(1.9681 -0.0057298 2.13165e-25)
(2.14677 2.93826e-05 0)
(2.23707 0.0168238 4.62482e-26)
(2.22572 0.0218272 -1.47777e-25)
(1.97248 0.00105134 1.96564e-26)
(2.29211 0.024688 8.72521e-24)
(2.28646 0.0355104 0)
(2.28169 0.0287083 4.04842e-24)
(1.97082 -0.00614123 1.21845e-23)
(1.97412 -0.00607004 -1.21834e-23)
(2.15384 0.00291523 0)
(2.21297 0.0264345 -7.24554e-26)
(2.19918 0.0286693 -1.50394e-26)
(1.94134 0.00215185 1.50369e-26)
(2.28082 0.0419457 0)
(2.27162 0.0476421 -3.45995e-24)
(2.26288 0.0342731 5.43654e-24)
(1.97755 -0.00543541 0)
(1.98082 -0.00470977 1.32604e-24)
(2.16415 0.00433337 4.58132e-24)
(2.18458 0.0288916 8.88915e-26)
(2.16913 0.0280428 -1.14725e-24)
(1.9086 0.00231184 6.13999e-25)
(2.26276 0.0503114 -1.76709e-25)
(2.25201 0.0543644 2.01296e-24)
(2.23726 0.036024 1.47158e-25)
(1.98356 -0.00384879 -7.73475e-26)
(1.98595 -0.00330937 0)
(2.17604 0.0055067 -4.6924e-23)
(2.15438 0.025706 2.70354e-24)
(2.14003 0.0226578 -3.31356e-24)
(1.88187 0.00136952 -8.67453e-27)
(2.23933 0.0510572 -3.51762e-25)
(2.22406 0.0485115 5.4814e-25)
(2.20673 0.0339375 1.92289e-26)
(1.98815 -0.00303309 1.34359e-25)
(1.99007 -0.00295294 0)
(2.18754 0.00612308 3.09857e-23)
(2.12418 0.0196901 1.49917e-24)
(2.10781 0.0155452 -3.54478e-25)
(1.86626 -0.000175034 0)
(2.20844 0.0475234 0)
(2.19006 0.0476346 5.03129e-24)
(2.17744 0.0294506 -8.9126e-24)
(1.99137 -0.00297788 1.39739e-23)
(1.99167 -0.00288908 6.78193e-24)
(2.19542 0.00306995 4.66902e-23)
(2.09292 0.0126731 2.75487e-25)
(2.07998 0.00677318 -1.58147e-24)
(1.86244 -0.00369492 -9.38984e-24)
(2.17229 0.04418 -1.51886e-24)
(2.15394 0.0380134 -3.62167e-24)
(2.14977 0.0164506 9.97332e-24)
(1.99127 -0.00300813 -2.19691e-23)
(1.98843 -0.00268912 6.17591e-25)
(2.1972 -0.00093893 3.50907e-23)
(2.06938 0.000959458 1.75116e-24)
(2.06275 -0.00807 1.5681e-24)
(1.86405 -0.00691791 -1.76311e-23)
(2.13783 0.032782 2.7993e-23)
(2.12246 0.0207822 -3.74486e-23)
(2.11968 -0.000541562 -9.66583e-24)
(1.98621 -0.00247268 0)
(1.98127 -0.00196103 0)
(2.19545 -0.00335404 -1.30283e-23)
(2.06009 -0.0141643 8.82437e-24)
(2.05973 -0.0191995 -5.95652e-24)
(1.88078 -0.0139464 2.62158e-23)
(2.11003 0.00960824 0)
(2.09837 -0.00626579 -1.73126e-23)
(2.0975 -0.0178786 2.51179e-23)
(1.97873 -0.00252219 5.4972e-23)
(1.97045 -0.00260165 1.62543e-24)
(2.19055 -0.00555482 -1.16699e-23)
(2.06086 -0.0214811 0)
(2.06343 -0.0279283 3.03023e-23)
(1.89932 -0.0159705 -7.27721e-24)
(2.09319 -0.021149 -1.27857e-23)
(2.0931 -0.0275167 -4.28066e-25)
(2.096 -0.0277146 0)
(1.96816 -0.00415054 -6.04816e-23)
(1.95189 -0.00366735 -1.31158e-23)
(2.18291 -0.00680173 0)
(2.06949 -0.0279471 -3.11273e-24)
(2.07027 -0.0356173 -1.11268e-23)
(1.88868 -0.0158934 -2.11486e-23)
(2.09499 -0.0314002 -2.7876e-23)
(2.09726 -0.0450214 8.00752e-24)
(2.09976 -0.0408763 1.1152e-23)
(2.07424 -0.0355848 7.25697e-24)
(2.07496 -0.0473633 -4.73601e-24)
(2.08619 -0.0509201 -3.14894e-24)
(2.02693 -0.0430013 0)
(2.02625 -0.0538812 -1.39842e-24)
(2.03641 -0.0538748 0)
(1.97054 -0.0352934 9.07582e-24)
(1.96049 -0.0356537 1.28281e-24)
(1.9673 -0.0577878 8.21736e-24)
(1.90623 -0.0274531 1.53141e-24)
(1.90369 -0.0285166 -4.56924e-24)
(1.90451 -0.0330109 5.28486e-24)
(1.86728 -0.0114275 -1.83702e-23)
(1.86961 -0.00277656 -1.66514e-24)
(1.87216 -0.0402849 -8.05483e-25)
(1.86361 0.00397025 0)
(1.8542 -0.0232224 -5.20704e-25)
(1.84781 -0.0427137 0)
(1.86523 0.00856185 7.16846e-25)
(1.86544 -0.0141168 0)
(1.86774 -0.0172776 4.63999e-25)
(1.89845 0.00820341 8.97339e-25)
(1.88398 -0.012275 -8.8639e-25)
(1.87241 -0.0241391 0)
(1.90334 0.0413668 4.90937e-24)
(1.91179 -6.94607e-05 5.88337e-25)
(1.90487 0.0207313 0)
(1.94307 -0.01659 1.44171e-23)
(1.96896 -0.0485359 -1.10717e-24)
(1.95057 -0.0201538 -7.19837e-25)
(2.00626 -0.0452047 2.44402e-24)
(2.02876 -0.0902445 3.81811e-26)
(2.01617 -0.05963 -3.2527e-25)
(2.10856 -0.0954803 0)
(2.11925 -0.136252 2.51631e-24)
(2.10595 -0.119539 0)
(2.18345 -0.095497 1.37008e-23)
(2.1824 -0.11616 1.11172e-24)
(2.17855 -0.123251 -2.23264e-24)
(2.24135 -0.0789922 -2.32228e-23)
(2.23189 -0.105542 -2.65387e-24)
(2.21788 -0.123066 -1.192e-24)
(2.23697 -0.0697086 7.28829e-24)
(2.23035 -0.0860786 1.77539e-25)
(2.23337 -0.0852209 -1.40866e-25)
(2.22938 -0.0556143 -9.45949e-24)
(2.22323 -0.066271 0)
(2.22663 -0.0678417 -2.45058e-25)
(2.22589 -0.0361858 -5.53483e-24)
(2.22076 -0.0457487 0)
(2.22448 -0.0449528 -8.38173e-25)
(2.22348 -0.0277573 0)
(2.21942 -0.034191 -7.12899e-25)
(2.22053 -0.0346536 0)
(2.22518 -0.0175992 -8.73864e-24)
(2.22218 -0.0217282 -3.01125e-25)
(2.22199 -0.0224454 1.19708e-24)
(2.22028 -0.0150813 -4.96836e-24)
(2.21626 -0.0140378 3.84802e-24)
(2.22543 -0.0170123 0)
(1.95129 -0.00550287 2.41067e-23)
(1.901 -0.00172789 1.55311e-22)
(2.16459 -0.00576943 9.78525e-25)
(0.460925 -0.00044368 0)
(0.151488 -7.02367e-05 0)
(0.457817 -0.000356266 0)
(0.14944 4.47894e-05 0)
(0.457178 -0.000238878 0)
(0.148778 0.000228116 0)
(0.458417 -0.000168018 0)
(0.149266 0.000278829 0)
(0.460695 -3.05365e-05 0)
(0.150545 0.000246857 0)
(0.463441 0.000204348 0)
(0.152469 0.000112064 0)
(0.466005 0.000533811 0)
(0.154764 2.27517e-05 0)
(0.467905 0.000583464 0)
(0.157256 -0.00010392 0)
(0.467965 0.000557562 0)
(0.158824 -0.000290803 0)
(0.466114 0.000349439 0)
(0.159332 -0.000331331 0)
(0.462832 4.23006e-05 0)
(0.158382 -0.000239495 0)
(0.459631 -0.000114026 0)
(0.156809 -0.000100611 0)
(0.457833 -0.000181894 0)
(0.155681 8.25415e-05 0)
(0.457608 -0.000241366 0)
(0.155442 0.000254048 0)
(0.45823 -0.000338365 -1.07999e-27)
(0.155676 0.000353776 1.06995e-27)
(0.458911 -0.000375607 0)
(0.155903 0.000376647 0)
(0.459685 -0.000244259 0)
(0.156253 0.000274394 0)
(0.460659 -6.36624e-05 -1.93838e-26)
(0.15687 0.000145916 -1.91286e-26)
(0.4615 0.00010438 1.39638e-24)
(0.157424 6.95573e-05 -2.53778e-26)
(0.471352 0.00164743 2.19266e-24)
(0.164004 0.000207018 0)
(0.452201 -0.000313921 1.42627e-25)
(0.146587 -0.000156821 0)
(0.459051 -0.000422306 0)
(0.150327 -3.20175e-05 0)
(0.457206 -0.000290174 0)
(0.14892 0.000141621 0)
(0.45762 -0.000211208 0)
(0.148916 0.000255445 0)
(0.459486 -0.000112733 0)
(0.149829 0.00027532 0)
(0.462086 7.05106e-05 0)
(0.151453 0.000195586 0)
(0.464791 0.000378303 0)
(0.153584 3.81859e-05 0)
(0.467167 0.000578654 0)
(0.156079 -1.88205e-05 0)
(0.468179 0.000573441 0)
(0.158203 -0.000200839 0)
(0.467271 0.000508304 0)
(0.159232 -0.000315324 0)
(0.464602 0.00018134 0)
(0.159043 -0.000285147 0)
(0.461138 -4.9389e-05 0)
(0.157601 -0.000170712 0)
(0.458533 -0.000154912 0)
(0.156149 -8.4614e-06 0)
(0.457584 -0.000212142 -1.62922e-28)
(0.155461 0.000182359 1.63168e-28)
(0.45791 -0.000284683 2.30475e-27)
(0.155556 0.000313863 0)
(0.458654 -0.000357062 0)
(0.15582 0.000368951 0)
(0.459295 -0.000309505 0)
(0.156056 0.000321391 0)
(0.459933 -0.000156467 1.94522e-26)
(0.156449 0.000212613 1.91957e-26)
(0.460783 -0.000128091 2.00887e-24)
(0.157005 0.000116983 -1.02531e-24)
(0.46225 0.000631129 1.02442e-25)
(0.157612 -4.37401e-05 2.0369e-24)
(0.462836 -0.00590577 -1.35513e-25)
(0.159089 -0.000930189 0)
(0.476273 -0.00125426 0)
(0.156526 1.19909e-05 0)
(0.482552 -0.00162052 0)
(0.162256 0.000378636 0)
(0.485831 -0.00193436 0)
(0.167625 0.000598796 0)
(0.484697 -0.00172569 0)
(0.171758 0.00110887 0)
(0.47439 -0.000214817 0)
(0.169971 0.000884315 0)
(0.460341 0.00098752 0)
(0.162526 0.000317089 0)
(0.449549 0.00140456 0)
(0.155056 -0.000224787 0)
(0.444815 0.00155502 0)
(0.150789 -0.000837497 0)
(0.443402 0.00195112 0)
(0.148067 -0.00120902 0)
(0.44465 0.00126689 0)
(0.146943 -0.00121962 0)
(0.448968 0.000365636 0)
(0.149301 -0.000741937 0)
(0.451499 0.00028002 0)
(0.151315 -0.000301931 0)
(0.452012 -9.6548e-05 0)
(0.151787 3.27263e-06 0)
(0.452599 -0.000494709 1.34823e-29)
(0.152873 0.00026742 0)
(0.452355 -0.000752886 -6.18783e-29)
(0.153625 0.000744195 1.23199e-28)
(0.450618 -0.000815314 0)
(0.152559 0.000944345 0)
(0.452593 -0.000982871 6.98938e-31)
(0.153187 0.000391314 -6.95031e-31)
(0.458331 -0.000578568 0)
(0.15561 8.39432e-05 2.91841e-26)
(0.469863 -0.00156061 -5.98744e-25)
(0.161358 -0.00036903 5.93049e-25)
(0.498637 -0.0040187 -1.71628e-24)
(0.179893 -0.000556647 1.67057e-26)
(0.484411 0.000474479 -9.95651e-26)
(0.166272 -0.000319871 1.79721e-23)
(0.479848 -0.00141118 0)
(0.159514 0.000195668 0)
(0.48455 -0.00180205 0)
(0.164924 0.000487925 0)
(0.486113 -0.00199591 0)
(0.170145 0.000853715 0)
(0.480441 -0.000996271 0)
(0.171817 0.0010686 0)
(0.467365 0.000473081 0)
(0.16658 0.00061913 0)
(0.454231 0.00128807 0)
(0.158496 3.65477e-05 0)
(0.446496 0.00145311 0)
(0.152519 -0.000535733 0)
(0.443916 0.00177873 0)
(0.14941 -0.00104017 0)
(0.443489 0.00181802 0)
(0.147067 -0.00133611 0)
(0.446723 0.000752234 0)
(0.147815 -0.000966671 0)
(0.450709 0.00025551 0)
(0.150661 -0.000500965 0)
(0.451739 0.000155902 0)
(0.151496 -0.000148684 0)
(0.452289 -0.000322005 -8.54747e-30)
(0.152276 0.000157645 4.41626e-30)
(0.452705 -0.000650721 0)
(0.153425 0.000449758 -4.02256e-30)
(0.451404 -0.000816747 3.31164e-28)
(0.153301 0.000949638 -1.65751e-28)
(0.450852 -0.000923012 -3.61697e-31)
(0.152446 0.000624266 0)
(0.455307 -0.000985778 5.42291e-30)
(0.15445 0.000219558 1.0803e-26)
(0.462562 -0.00109519 1.8065e-24)
(0.157446 -0.000145478 -6.34834e-25)
(0.476754 -0.00275807 6.5465e-26)
(0.165669 -0.000297945 0)
(0.493755 0.00565508 -5.25379e-24)
(0.177913 0.00065565 5.42375e-24)
(2.34427 -0.0624741 -7.93536e-22)
(2.36525 -0.0948553 3.84177e-21)
(2.40142 -0.118439 -8.64117e-21)
(2.45031 -0.161892 6.57415e-21)
(2.51071 -0.116541 -7.65949e-21)
(2.5181 -0.193795 -1.35349e-20)
(1.43035 -0.263861 0)
(-0.293084 -0.172466 -9.66378e-20)
(-0.0400427 0.35154 -3.04802e-20)
(1.62592 0.278978 1.3811e-20)
(2.53579 0.273133 -3.39224e-21)
(2.47994 0.183397 2.19653e-21)
(1.97606 0.00101784 2.20996e-24)
(-0.151007 0.323053 -1.73163e-20)
(-0.443863 0.304378 2.5567e-20)
(-0.353713 -0.285697 -2.32702e-20)
(2.35159 -0.0165318 5.43778e-23)
(2.30987 -0.0065599 -6.34098e-23)
(2.34754 -0.0437207 3.58128e-22)
(2.35092 -0.02575 1.40298e-22)
(2.38753 -0.142354 0)
(2.25629 -0.0776055 -3.05768e-20)
(2.56408 -0.174253 1.46988e-20)
(-0.133221 0.152983 -5.25777e-20)
(-0.101502 0.0705242 0)
(1.38989 -0.106826 3.07348e-20)
(-0.13464 0.0267337 -2.61199e-20)
(0.252323 0.208093 3.29638e-20)
(-0.120515 0.408359 1.43786e-20)
(2.35718 0.290333 0)
(2.50072 0.257153 1.28652e-20)
(1.1451 0.164668 0)
(2.15715 0.0414633 0)
(2.17539 0.023628 0)
(1.5727 0.249914 0)
(1.77349 0.262556 0)
(1.9984 0.283083 -2.61907e-24)
(2.0968 0.198855 0)
(2.15389 0.128279 0)
(2.17691 0.0831333 0)
(2.18989 0.0457235 -2.46679e-25)
(2.19673 0.0249492 2.46858e-25)
(2.03326 0.400394 0)
(1.91765 0.413225 -1.31625e-24)
(1.65925 0.423535 1.3471e-24)
(1.54124 0.368435 7.65459e-25)
(1.5719 0.351066 -3.55694e-24)
(1.7681 0.320777 -2.31661e-25)
(2.05694 0.275683 2.85967e-24)
(2.19216 0.159672 -1.6527e-25)
(2.22286 0.0924657 1.56665e-24)
(2.22025 0.0513366 1.86197e-25)
(2.21796 0.0248713 -2.19883e-24)
(2.21338 0.0099156 2.06658e-24)
(1.88838 0.458727 -8.82852e-24)
(1.66256 0.481589 -1.09944e-24)
(1.5806 0.471498 1.35332e-24)
(1.61282 0.415372 3.57904e-24)
(1.83546 0.310221 -1.20527e-24)
(2.18262 0.148915 0)
(2.27468 0.0605974 5.66981e-26)
(2.26701 0.026217 -1.45859e-24)
(2.24384 0.00304233 0)
(2.23102 -0.00116569 1.92672e-24)
(2.22047 -0.00883937 -2.96705e-24)
(2.31897 -0.00668932 4.01279e-23)
(2.36116 -0.0257322 -2.4612e-22)
(2.37549 -0.0366774 1.54464e-21)
(2.39705 -0.0529558 3.05509e-21)
(2.42951 -0.0509589 1.21099e-20)
(2.46459 -0.0683356 3.50386e-22)
(2.50298 -0.0856317 -6.36641e-21)
(2.3826 -0.134845 -3.80602e-21)
(1.22302 -0.0601514 1.65662e-20)
(-0.503369 0.00478917 2.0691e-20)
(-0.0329084 0.136667 2.28199e-20)
(1.87815 0.205532 -1.46173e-20)
(2.54937 0.113519 1.82772e-21)
(2.51436 0.168209 1.32111e-20)
(2.33655 0.0030081 0)
(2.38261 -0.00197658 2.78511e-22)
(2.39452 -0.0123264 -3.52599e-21)
(2.40908 -0.0127224 -1.92588e-21)
(2.42877 -0.020231 2.60333e-21)
(2.46275 -0.0254948 -2.414e-21)
(2.4867 0.000670655 0)
(2.33719 0.0165503 -7.62013e-21)
(0.860525 0.135661 7.30076e-21)
(-0.720722 -0.0385819 -9.81554e-21)
(-0.152264 0.103141 -4.95161e-21)
(1.85734 0.0401393 4.47534e-20)
(2.54189 0.0845235 -7.98778e-21)
(2.52929 0.0298212 -1.53918e-21)
(2.46129 0.000935462 -1.18855e-20)
(2.40804 0.00406334 4.22345e-21)
(2.36818 0.0103784 -1.39663e-21)
(2.33588 0.0124993 -5.9481e-23)
(2.34286 0.0157459 2.2438e-23)
(2.39083 0.0139376 1.09616e-22)
(2.39468 -0.000396165 1.53368e-21)
(2.40696 -0.00274952 0)
(2.42676 -0.000877662 -2.60878e-22)
(2.45581 -0.0150485 5.7003e-22)
(2.45645 0.0426339 -5.44185e-21)
(2.23605 0.0307826 -5.76386e-21)
(0.477162 0.181355 4.71303e-22)
(-0.561677 0.274199 -3.81781e-21)
(-0.095254 0.0125452 5.28779e-21)
(1.8883 -0.0169365 -1.61214e-20)
(2.53044 -0.0922809 -4.53728e-21)
(2.53668 -0.0865605 0)
(2.45685 -0.0387371 4.72513e-21)
(2.40172 -0.0264583 3.42502e-21)
(2.36252 -0.0117329 2.63654e-22)
(2.33371 -0.00831582 5.04934e-22)
(2.34538 0.0248995 1.09993e-23)
(2.39641 0.0180748 9.51133e-23)
(2.39863 0.0245971 1.22233e-21)
(2.40698 0.0111563 7.57626e-21)
(2.42408 0.0169572 -1.64473e-20)
(2.44129 0.0136276 1.35397e-20)
(2.43426 0.0410307 5.31095e-21)
(2.14107 0.0261971 6.61609e-21)
(0.429498 0.164438 9.76855e-22)
(-0.554361 0.0771995 2.6828e-21)
(0.0618109 -0.108715 1.021e-21)
(2.00446 -0.175216 -9.32779e-21)
(2.50139 -0.284572 6.71738e-21)
(2.51965 -0.121006 -2.92382e-21)
(2.42786 -0.103763 -7.5216e-21)
(2.38274 -0.0613983 -5.6487e-21)
(2.34839 -0.0397884 0)
(2.32801 -0.027866 6.59661e-22)
(2.34284 0.0307336 -1.09227e-23)
(2.39834 0.0324641 0)
(2.39873 0.0453511 3.71187e-22)
(2.40653 0.0506332 0)
(2.42146 0.0608507 -4.29763e-21)
(2.43491 0.0599546 7.77917e-21)
(2.43107 0.0619894 0)
(2.08882 0.0507996 4.51184e-21)
(0.447723 0.0777618 -1.82277e-21)
(-0.397186 -0.0929169 -2.55868e-21)
(0.258629 -0.344914 -1.25525e-21)
(2.07332 -0.364214 7.36485e-21)
(2.43858 -0.368367 -4.82999e-21)
(2.4519 -0.172026 3.41775e-21)
(2.37668 -0.15822 6.04445e-21)
(2.34952 -0.0877559 -1.405e-21)
(2.32999 -0.0698971 1.38573e-21)
(2.3166 -0.0439297 -6.63913e-22)
(2.33273 0.0359251 1.07321e-21)
(2.3957 0.0456137 -2.29755e-23)
(2.39292 0.0581017 -7.76086e-22)
(2.40249 0.0641012 -7.66623e-22)
(2.41893 0.0766229 -3.63013e-21)
(2.43783 0.0833768 0)
(2.43452 0.0609986 3.64364e-21)
(2.08141 0.0607068 0)
(0.518635 -0.0503493 4.14444e-21)
(-0.21152 -0.335466 -6.97447e-21)
(0.415638 -0.512915 -1.15598e-21)
(2.03971 -0.414977 0)
(2.29422 -0.410931 1.76533e-21)
(2.34922 -0.237072 0)
(2.31853 -0.170728 -6.58734e-21)
(2.32246 -0.113373 4.52312e-22)
(2.30276 -0.0823117 1.41142e-21)
(2.29681 -0.0595821 2.22116e-21)
(2.31595 0.0383928 -1.74636e-22)
(2.38915 0.0526389 0)
(2.37771 0.0689589 6.90273e-22)
(2.39144 0.0777312 3.8949e-21)
(2.41083 0.0942818 -3.10484e-21)
(2.43885 0.104594 3.41442e-21)
(2.45261 0.108624 3.35664e-21)
(2.1121 0.0699662 -1.23728e-20)
(0.73565 -0.111127 -1.20715e-22)
(-0.0256498 -0.436256 4.34548e-21)
(0.462035 -0.582382 2.97085e-22)
(1.96016 -0.441478 7.82191e-22)
(2.14207 -0.488222 -2.53494e-21)
(2.23845 -0.211561 2.51563e-21)
(2.23222 -0.23905 -2.03452e-21)
(2.27156 -0.11548 3.53988e-22)
(2.26914 -0.102045 0)
(2.27915 -0.0614101 4.68334e-22)
(2.29247 0.0410446 0)
(2.3752 0.0584602 6.37904e-22)
(2.36751 0.0822862 0)
(2.37934 0.0963575 1.23443e-21)
(2.39655 0.125664 -1.39386e-21)
(2.42728 0.151483 0)
(2.45289 0.160718 3.41423e-21)
(2.23269 0.25776 -4.99974e-23)
(1.10382 -0.0345856 -5.10212e-21)
(0.187135 -0.356521 4.42101e-21)
(0.437879 -0.550908 -1.25837e-21)
(1.89383 -0.331899 -6.19376e-23)
(2.05499 -0.376202 0)
(2.08631 -0.133746 0)
(2.18058 -0.151044 0)
(2.20618 -0.0848564 1.5126e-21)
(2.23769 -0.0866427 -8.53028e-22)
(2.2532 -0.0548443 3.69811e-22)
(2.26493 0.0420382 -1.45269e-22)
(2.35777 0.0659794 0)
(2.35045 0.101347 -1.38211e-22)
(2.35352 0.129566 1.5824e-22)
(2.36535 0.159648 -1.28978e-21)
(2.39343 0.239866 1.29407e-21)
(2.42573 0.211557 -3.37097e-21)
(2.24996 0.400111 -3.67818e-21)
(1.4393 0.128796 1.53982e-21)
(0.406147 -0.177042 1.5136e-21)
(0.439784 -0.377425 -3.02425e-23)
(1.72408 -0.227544 3.02576e-23)
(2.00319 -0.0557883 0)
(2.01962 -0.0631424 0)
(2.17658 -0.0491813 0)
(2.18411 -0.0484931 1.84904e-21)
(2.22988 -0.0407723 -6.61994e-22)
(2.24094 -0.0393892 6.40782e-22)
(2.25639 -0.0392341 0)
(2.23115 0.0411214 9.5114e-25)
(2.33292 0.0709499 -2.49742e-22)
(2.31129 0.105489 3.41573e-24)
(2.30865 0.144384 4.95608e-22)
(2.31005 0.183659 -4.95911e-22)
(2.33664 0.243534 0)
(2.33965 0.309297 0)
(2.22812 0.438118 0)
(1.7183 0.297593 0)
(0.672732 0.0965662 1.28469e-22)
(0.529461 -0.169928 5.2346e-23)
(1.4706 -0.118181 -3.0001e-23)
(1.9711 0.170537 -8.55199e-24)
(2.03432 -0.0449159 -3.30582e-24)
(2.18116 0.00835606 3.28943e-24)
(2.18699 -0.0359089 -2.90336e-22)
(2.23192 -0.0243974 0)
(2.24137 -0.0333639 -1.55563e-23)
(2.25568 -0.0304623 0)
(2.19417 0.0378059 -4.39486e-25)
(2.30585 0.066783 4.1404e-22)
(2.27854 0.0953772 -3.42659e-24)
(2.26385 0.134479 -4.80335e-23)
(2.26745 0.167933 4.54184e-23)
(2.24052 0.245802 1.20159e-22)
(2.24572 0.292754 -2.09123e-22)
(2.17141 0.46874 2.36699e-22)
(1.85154 0.397673 -1.31393e-22)
(0.878309 0.350369 2.74172e-22)
(0.672125 0.109142 -4.77094e-23)
(1.30233 0.0824359 -7.12042e-23)
(1.97405 0.241356 0)
(2.10139 0.070936 1.41735e-23)
(2.19519 0.0725694 -8.2093e-23)
(2.20122 0.000589492 -9.0582e-23)
(2.2379 -0.00157741 0)
(2.24529 -0.0252151 4.63047e-23)
(2.25648 -0.0269251 -9.53632e-23)
(2.15888 0.0306405 -4.53845e-23)
(2.27719 0.0607319 -1.67753e-22)
(2.24867 0.0981966 -9.04611e-24)
(2.22384 0.137252 -3.46906e-23)
(2.21136 0.161045 3.73353e-23)
(2.17227 0.279092 -8.53327e-23)
(2.15027 0.2342 6.61982e-23)
(2.05869 0.484531 0)
(1.84938 0.419605 0)
(0.980552 0.497308 -3.16819e-22)
(0.818835 0.410691 7.742e-23)
(1.27607 0.227938 -6.37932e-23)
(1.99044 0.354379 9.52673e-24)
(2.2048 0.173363 -1.43159e-23)
(2.24311 0.113167 8.28483e-23)
(2.24961 0.0225641 -5.61969e-23)
(2.26052 0.00283009 5.14613e-24)
(2.26052 -0.0280159 -1.2058e-23)
(2.26097 -0.0281885 -7.0262e-24)
(2.12596 0.0222664 0)
(2.24479 0.0538687 -1.6187e-23)
(2.20377 0.0969043 -6.70131e-24)
(2.1819 0.138237 -2.84259e-25)
(2.14495 0.175813 1.90413e-23)
(2.1411 0.257981 -2.00649e-23)
(2.06109 0.268698 2.99853e-25)
(1.98387 0.368264 0)
(1.80233 0.416239 0)
(0.959684 0.569302 1.35118e-22)
(0.90767 0.543718 0)
(1.32479 0.320639 -2.68381e-26)
(2.08791 0.314211 -2.22143e-23)
(2.35662 0.0647788 -7.58968e-24)
(2.33931 0.0359559 2.02609e-23)
(2.3101 -0.0361066 1.10489e-23)
(2.28589 -0.0312546 -1.35951e-23)
(2.26873 -0.0455047 0)
(2.26199 -0.0342788 1.0395e-23)
(2.09708 0.0147226 5.56155e-26)
(2.21702 0.0380214 -3.07522e-24)
(2.16422 0.0622674 9.83859e-26)
(2.13696 0.0967319 2.84199e-25)
(2.09579 0.13455 0)
(2.08656 0.169823 7.04602e-25)
(2.0161 0.296989 -5.63194e-25)
(1.95788 0.202499 -2.49046e-25)
(1.58387 0.408641 -2.09719e-23)
(0.927338 0.556822 2.1405e-23)
(1.01776 0.490508 0)
(1.56296 0.202981 0)
(2.29952 0.0132671 4.30495e-23)
(2.44313 -0.100119 -6.22898e-23)
(2.36036 -0.0586527 1.04809e-23)
(2.31777 -0.0855837 -1.45344e-23)
(2.28509 -0.0503093 -1.57479e-23)
(2.26627 -0.0572555 1.27504e-23)
(2.25856 -0.043017 2.7457e-24)
(2.07802 0.00694111 1.61658e-24)
(2.19525 0.021303 0)
(2.15318 0.0203508 -9.58971e-26)
(2.11147 0.033808 0)
(2.06927 0.0452794 -1.23682e-24)
(1.99574 0.0657136 1.23582e-24)
(1.99612 0.199877 2.62581e-25)
(1.9263 0.131908 1.90042e-23)
(1.3247 0.377247 -2.08727e-23)
(0.962284 0.438586 0)
(1.21131 0.296852 -6.80085e-23)
(1.8974 -0.0699183 6.85647e-23)
(2.36805 -0.189468 -5.33982e-23)
(2.44028 -0.156318 7.18797e-23)
(2.34854 -0.104888 4.92776e-24)
(2.30719 -0.109958 0)
(2.26954 -0.0734088 3.17278e-24)
(2.25467 -0.0756163 5.05299e-24)
(2.24751 -0.0561934 -9.04636e-24)
(2.24563 -0.0515221 0)
(2.06718 -0.000546557 0)
(2.18447 0.00379626 -1.02528e-24)
(2.15406 0.00504062 -4.69683e-25)
(2.11021 0.00592693 4.75827e-25)
(2.06545 -0.00917922 0)
(1.95364 -0.000800531 0)
(1.94226 0.00762175 0)
(1.83053 0.130048 -2.08728e-23)
(1.17967 0.277173 1.95739e-23)
(1.05668 0.270146 2.93469e-24)
(1.52738 0.00515383 0)
(2.0809 -0.286022 -3.62726e-24)
(2.35788 -0.240578 -4.59997e-23)
(2.39494 -0.204225 4.70261e-23)
(2.30696 -0.138257 -9.44842e-25)
(2.27773 -0.123541 -9.6662e-24)
(2.25372 -0.081168 1.4234e-23)
(2.24024 -0.0806536 -4.36783e-24)
(2.23694 -0.0568096 1.16477e-24)
(2.23486 -0.0518797 4.80259e-25)
(2.0669 -0.00123747 1.76233e-25)
(2.18424 -0.00419752 2.96249e-25)
(2.1574 -0.0169594 1.34987e-24)
(2.11696 -0.0160891 -4.20905e-24)
(2.072 -0.0480507 1.2894e-23)
(1.9599 -0.029237 -8.35081e-24)
(1.89402 -0.133359 0)
(1.61915 0.0438642 -1.21398e-25)
(1.16799 0.149795 0)
(1.26784 -0.0249662 0)
(1.79849 -0.250068 5.08591e-23)
(2.11786 -0.412199 -4.20349e-23)
(2.29647 -0.28574 1.566e-23)
(2.30176 -0.256308 -2.49409e-23)
(2.25877 -0.159015 1.00611e-23)
(2.24675 -0.135302 -7.29926e-24)
(2.2335 -0.0919273 7.88314e-24)
(2.22747 -0.0806532 3.01926e-24)
(2.22602 -0.0580213 -5.09298e-24)
(2.22662 -0.0472695 1.24508e-24)
(2.07035 9.80939e-05 -1.44556e-27)
(2.19179 -0.0117906 0)
(2.16887 -0.0422739 0)
(2.13595 -0.0616037 -1.94918e-24)
(2.0913 -0.12327 1.52505e-23)
(2.00372 -0.13396 -1.47363e-23)
(1.87861 -0.218399 1.50661e-23)
(1.49146 -0.132921 -1.24957e-23)
(1.24311 -0.0512769 0)
(1.50261 -0.322204 -3.41944e-23)
(1.91686 -0.402959 3.20893e-23)
(2.10354 -0.458945 -2.48114e-24)
(2.21041 -0.344401 -9.24311e-25)
(2.2294 -0.296979 4.82792e-24)
(2.20343 -0.206162 -5.94217e-24)
(2.2075 -0.168441 -7.87238e-25)
(2.19886 -0.123846 4.9139e-26)
(2.20714 -0.0966003 -8.39566e-25)
(2.20652 -0.0719085 2.45878e-24)
(2.21358 -0.0530794 -1.2698e-24)
(2.07752 0.00756884 0)
(2.20972 -0.0132495 9.56814e-25)
(2.2093 -0.0569748 -1.38583e-24)
(2.18982 -0.0973782 -1.12393e-24)
(2.1483 -0.173249 -2.83322e-24)
(2.07039 -0.270306 -7.28085e-24)
(1.85943 -0.305107 1.6555e-23)
(1.47452 -0.255875 -9.08345e-24)
(1.3735 -0.343716 -1.64184e-24)
(1.63333 -0.474634 7.32117e-25)
(1.93851 -0.477044 -9.55473e-24)
(2.05474 -0.511813 9.91141e-24)
(2.12397 -0.394473 1.11693e-24)
(2.14981 -0.326323 1.68943e-24)
(2.13999 -0.238686 -1.72635e-24)
(2.15796 -0.189919 7.86832e-25)
(2.15851 -0.145675 2.48621e-25)
(2.17639 -0.109997 -7.05414e-25)
(2.17975 -0.0825651 -4.55801e-25)
(2.1928 -0.0607961 6.18808e-25)
(2.08462 0.022553 1.99946e-25)
(2.23817 -0.00365024 1.31446e-25)
(2.25671 -0.0343261 7.14793e-25)
(2.25774 -0.0707514 1.32154e-24)
(2.25425 -0.134169 2.96782e-26)
(2.17071 -0.25136 0)
(1.86714 -0.357587 -2.01462e-24)
(1.50378 -0.401948 3.12528e-24)
(1.45486 -0.512173 6.52917e-24)
(1.66015 -0.53722 -5.08673e-24)
(1.93114 -0.489079 0)
(2.00827 -0.465417 -3.21136e-25)
(2.03408 -0.382717 1.13723e-25)
(2.04922 -0.288571 1.83428e-24)
(2.08046 -0.213489 -1.80518e-24)
(2.10345 -0.163711 5.23986e-25)
(2.12048 -0.121878 -5.23629e-25)
(2.14224 -0.090571 -3.10401e-25)
(2.15468 -0.0663703 4.5581e-25)
(2.17192 -0.0498392 -6.1882e-25)
(2.08472 0.0291297 4.71342e-26)
(2.26572 0.0157112 0)
(2.27407 0.00576282 -7.3748e-25)
(2.29266 -0.00161724 5.96993e-25)
(2.32524 -0.0373962 2.41178e-24)
(2.31253 -0.0880342 -6.22267e-25)
(2.00083 -0.285199 -4.66834e-24)
(1.61934 -0.423801 -6.3066e-24)
(1.50897 -0.557347 -8.23065e-24)
(1.62843 -0.556813 1.05116e-23)
(1.86521 -0.499042 -3.85645e-24)
(1.93747 -0.358334 1.48614e-25)
(1.95724 -0.280594 -3.96661e-24)
(1.96103 -0.201321 3.12913e-24)
(2.02949 -0.138481 -6.76457e-24)
(2.05331 -0.093861 1.95387e-24)
(2.09025 -0.0624105 0)
(2.1173 -0.0449041 0)
(2.13934 -0.0304629 -6.89909e-25)
(2.16028 -0.023679 -2.64317e-25)
(2.29707 0.0393243 -2.02945e-24)
(2.33943 0.0289184 -1.20125e-24)
(2.3897 0.0558909 0)
(2.22675 -0.0472908 5.54177e-24)
(1.81914 -0.244868 6.33315e-24)
(1.58834 -0.453116 7.48324e-24)
(1.59952 -0.454429 -7.48021e-25)
(1.71143 -0.442974 7.46488e-25)
(1.80444 -0.298083 -4.53365e-26)
(1.86959 -0.17303 1.33944e-24)
(1.89525 -0.107025 1.57158e-24)
(1.98302 -0.0439129 -1.58321e-25)
(2.02303 -0.0204924 5.64633e-24)
(2.07691 -0.00931905 -8.5459e-25)
(2.10955 -0.00806453 8.53687e-25)
(2.13585 -0.00624588 6.72634e-25)
(2.15829 -0.00710145 -5.12899e-25)
(2.2903 0.055106 4.19167e-24)
(2.3292 0.0551539 0)
(2.38983 0.097547 0)
(2.3109 0.110186 6.84903e-24)
(2.04555 -0.00427036 8.89975e-24)
(1.72064 -0.242193 -7.4644e-24)
(1.62406 -0.330551 0)
(1.63918 -0.291389 6.59575e-25)
(1.68016 -0.232022 0)
(1.74718 -0.0802513 0)
(1.83216 0.00285607 -3.61908e-24)
(1.95935 0.0244665 3.53332e-24)
(2.01928 0.0146664 -1.05802e-23)
(2.07729 0.00987368 0)
(2.11058 0.00529392 0)
(2.13708 0.00276862 3.0136e-25)
(2.15932 -0.000704148 4.59788e-25)
(2.16649 0.175212 0)
(1.92296 0.0693837 0)
(1.67442 -0.163411 -7.85134e-24)
(1.59985 -0.0825143 -6.17576e-24)
(1.59828 -0.081122 -1.5132e-24)
(1.63794 0.0367497 2.70451e-24)
(1.79679 0.0885179 0)
(1.96194 0.0553112 1.16356e-23)
(2.02616 0.0564115 1.23522e-23)
(2.08357 0.0444157 1.29277e-24)
(2.11643 0.0316993 -5.67115e-24)
(2.14232 0.020684 0)
(2.1634 0.0108743 0)
(2.03184 0.284265 1.78171e-23)
(1.79929 0.116236 8.01612e-24)
(1.58733 0.0779631 1.27255e-23)
(1.54471 0.122094 -1.83078e-25)
(1.58563 0.166325 -1.2073e-24)
(1.78816 0.165724 0)
(1.97837 0.170222 -9.63819e-24)
(2.04365 0.145162 -7.15126e-24)
(2.10085 0.0995492 0)
(2.13323 0.0689312 4.42223e-24)
(2.0455 0.375268 -1.35647e-23)
(1.901 0.325276 3.64705e-24)
(1.61311 0.237999 -7.84739e-24)
(1.52541 0.245389 -2.5749e-24)
(1.98182 0.00670107 4.10455e-23)
(1.98823 0.00341835 3.82126e-23)
(1.9892 0.0116475 5.30088e-24)
(1.98772 0.0143297 0)
(1.98409 0.0171967 -6.07406e-24)
(1.9773 0.0207987 -9.39933e-23)
(1.96814 0.0213114 0)
(1.95492 0.0244796 0)
(1.93989 0.0278103 0)
(1.92244 0.0290731 -3.99757e-22)
(1.90182 0.0291204 -3.92438e-22)
(1.87987 0.0290297 0)
(1.85625 0.0294052 1.84587e-22)
(1.83071 0.0294198 1.42616e-24)
(1.80456 0.028351 1.32101e-24)
(1.77707 0.0275043 -1.319e-24)
(1.7483 0.0267679 1.56396e-22)
(1.71926 0.0254677 3.15366e-25)
(1.68957 0.0235104 2.81315e-25)
(1.66122 0.0205105 0)
(1.63425 0.0168286 0)
(1.60899 0.0139206 0)
(1.58549 0.0116535 4.96232e-23)
(1.56452 0.00871292 0)
(1.54643 0.00550457 0)
(1.53134 0.00236887 0)
(1.51918 -5.45911e-05 0)
(1.50965 -0.00155717 2.17339e-26)
(1.50313 -0.00231782 -6.37046e-25)
(1.49902 -0.00289606 2.64241e-26)
(1.49705 -0.00295596 -7.90156e-27)
(1.49562 -0.00227936 -7.09187e-27)
(1.49413 -0.00124474 -1.14301e-26)
(1.49198 0.000158247 -1.4669e-28)
(1.48899 0.00204235 1.46689e-28)
(1.48388 0.00438381 -4.68846e-26)
(1.47565 0.00661375 0)
(1.46324 0.00814818 7.23653e-26)
(1.44664 0.00948473 -3.23007e-26)
(1.42666 0.0106026 -1.73628e-26)
(1.40497 0.010699 -4.24408e-26)
(1.38228 0.00936415 -1.33957e-26)
(2.35964 -0.0151197 -7.76271e-23)
(2.3715 -0.00907607 4.3418e-23)
(2.32837 0.00203846 -3.99407e-23)
(2.35876 -0.0334047 4.01139e-22)
(2.37311 -0.0232196 1.84902e-22)
(2.37605 -0.0176932 -9.85607e-23)
(0.103902 -0.0444481 -2.54009e-20)
(-0.276672 -0.158756 1.04424e-20)
(1.277 0.0380322 0)
(-0.601865 0.0931992 -1.36323e-20)
(-0.654835 -0.0648146 0)
(-0.627903 -0.192339 -4.24299e-21)
(0.158311 0.194053 -1.81038e-20)
(0.0917635 0.0766863 -4.78934e-21)
(-0.127385 0.0150673 4.7434e-21)
(2.38022 0.00425864 -2.26675e-22)
(2.38431 0.00455355 -1.38059e-22)
(2.3401 0.0106774 6.80018e-23)
(2.3854 -0.0129298 2.02795e-22)
(2.38795 -0.00541998 -2.02218e-22)
(2.38789 -0.00104931 9.58369e-23)
(2.39024 0.0133324 1.92045e-22)
(2.39164 0.0186065 -5.7401e-23)
(2.34506 0.0169421 -2.83312e-22)
(2.3886 0.00879547 -4.90281e-22)
(2.39067 0.012774 1.09425e-21)
(2.39207 0.0119982 2.80549e-22)
(2.39418 0.0179333 0)
(2.39745 0.0296356 0)
(2.34473 0.0285928 -1.05598e-23)
(2.39699 0.0134692 -1.98774e-22)
(2.39976 0.0292749 -1.54189e-21)
(2.39896 0.0299336 0)
(2.39713 0.0335233 0)
(2.39615 0.036692 -1.2701e-23)
(2.33903 0.0330472 -3.56216e-22)
(2.39933 0.0248366 -1.47983e-21)
(2.39583 0.0504366 1.47679e-21)
(2.39656 0.0399609 -7.56846e-22)
(2.39439 0.0389796 -7.14087e-22)
(2.39047 0.0436134 7.08568e-22)
(2.325 0.0372022 5.51997e-24)
(2.39368 0.0266945 0)
(2.38818 0.0697347 0)
(2.39382 0.0501577 -6.96954e-22)
(2.38522 0.045995 1.05158e-23)
(2.37848 0.0494536 -3.38689e-22)
(2.30475 0.0400252 3.33789e-22)
(2.3844 0.0420297 -1.40583e-21)
(2.37673 0.0782449 -1.36455e-21)
(2.38253 0.0555244 -1.01678e-23)
(2.37087 0.0507173 -6.38949e-22)
(2.36235 0.0534087 4.81367e-24)
(2.27935 0.0417836 2.28927e-24)
(2.37099 0.0503305 9.82761e-24)
(2.36358 0.0847189 5.91121e-22)
(2.36786 0.0626469 -6.06594e-22)
(2.35237 0.05523 0)
(2.34135 0.0557633 0)
(2.24858 0.0419436 0)
(2.35514 0.0590628 9.34517e-24)
(2.34117 0.0910119 5.52892e-22)
(2.34628 0.069512 -2.02291e-24)
(2.32887 0.0551218 2.51476e-22)
(2.31488 0.053809 -9.45453e-25)
(2.21261 0.0395867 -5.10221e-25)
(2.32816 0.067498 -1.86536e-24)
(2.31098 0.0929617 4.59437e-22)
(2.31927 0.0699703 -4.53904e-22)
(2.30038 0.0514087 -3.98175e-25)
(2.28486 0.0496164 3.97843e-25)
(2.17638 0.03469 1.84055e-25)
(2.29666 0.0710122 -4.15621e-22)
(2.28231 0.0872732 -3.80494e-25)
(2.29178 0.0641629 3.5187e-25)
(2.26923 0.04618 1.60747e-25)
(2.25472 0.0416914 -1.60635e-25)
(2.14199 0.0265098 0)
(2.26958 0.0653436 1.67276e-22)
(2.2539 0.07674 1.09923e-22)
(2.26157 0.056809 -7.34912e-23)
(2.24105 0.0366302 0)
(2.22634 0.0311696 4.71311e-25)
(2.11035 0.0187995 -5.26653e-25)
(2.2385 0.0588159 1.60008e-23)
(2.22125 0.0637209 2.27813e-23)
(2.22982 0.0482136 3.46665e-24)
(2.21203 0.0247802 2.99585e-24)
(2.20032 0.0186296 6.58593e-25)
(2.08603 0.0108355 -6.58384e-25)
(2.20456 0.0485691 4.61734e-26)
(2.18866 0.0472751 1.11208e-25)
(2.20505 0.0282406 8.15423e-26)
(2.19108 0.0136316 -1.05591e-24)
(2.18303 0.00853725 -6.48232e-25)
(2.07141 0.00260545 0)
(2.1796 0.0306034 -1.11255e-25)
(2.17756 0.0227261 0)
(2.18856 0.0137632 8.05133e-25)
(2.17833 0.00219465 1.02293e-24)
(2.17759 -0.00126889 9.66826e-27)
(2.0665 -0.00141286 0)
(2.17585 0.00821039 0)
(2.1735 -0.00122398 5.36369e-26)
(2.18355 -0.00188248 -9.30205e-26)
(2.17815 -0.00236005 -5.6645e-25)
(2.17983 -0.00293274 5.62778e-26)
(2.06803 -0.000985827 -8.72868e-27)
(2.17355 -0.00507374 -6.28866e-26)
(2.17519 -0.00765206 1.18182e-26)
(2.18681 -0.00741283 -1.43967e-26)
(2.18379 -0.00266688 5.78238e-26)
(2.19007 -0.00146868 1.90214e-25)
(2.07346 0.00242607 -3.6651e-26)
(2.17989 -0.0119368 0)
(2.1905 -0.0198401 0)
(2.19906 -0.0136955 -1.69104e-25)
(2.19868 0.000965615 0)
(2.20995 0.00453962 0)
(2.08167 0.0151249 -6.59771e-26)
(2.20595 -0.0222649 -1.07314e-24)
(2.22454 -0.025278 1.10202e-24)
(2.22321 -0.0102486 -8.1185e-25)
(2.22312 0.00900464 -1.19384e-25)
(2.23506 0.0144862 -8.06178e-26)
(2.08547 0.026754 4.31195e-26)
(2.24273 -0.0204776 -2.32731e-24)
(2.25845 -0.0127752 1.47208e-24)
(2.25317 0.00479873 -4.32382e-25)
(2.24263 0.0209846 0)
(2.24556 0.0266437 2.74037e-26)
(2.08063 0.0325518 0)
(2.26943 0.00204505 5.55495e-26)
(2.27507 0.0182107 -5.55409e-26)
(2.27377 0.0250052 -2.74102e-26)
(1.01851 0.00436523 0)
(0.417971 0.000573851 0)
(1.00549 0.00444256 0)
(0.406787 0.000954836 0)
(0.974142 0.00645001 0)
(0.380107 0.00104238 0)
(0.913984 0.00867329 0)
(0.340871 0.00110968 0)
(0.839566 0.00931486 0)
(0.297679 0.00049042 0)
(0.749763 0.00968932 0)
(0.250823 0.00106713 0)
(0.665034 0.00763324 0)
(0.205875 0.0011384 0)
(0.589431 0.0062809 0)
(0.168199 0.0010789 0)
(0.522374 0.00511468 0)
(0.135827 0.000918059 0)
(0.466602 0.00339549 0)
(0.109727 0.000819677 0)
(0.424454 0.00151407 0)
(0.0908172 0.000972063 0)
(0.397193 6.09609e-05 0)
(0.0798626 0.000964917 0)
(0.382989 -0.00117924 0)
(0.0758479 0.00122495 0)
(0.382014 -0.00220458 0)
(0.0784472 0.000539193 0)
(0.391406 -0.00239858 0)
(0.08698 3.13164e-06 0)
(0.405081 -0.00236566 0)
(0.0976796 -9.55457e-05 0)
(0.421027 -0.00268166 0)
(0.109643 -0.00016763 0)
(0.437134 -0.00274256 0)
(0.122433 -1.91027e-05 0)
(0.450334 -0.00279649 0)
(0.134336 0.000240256 0)
(0.458277 -0.00258407 0)
(0.14401 0.000709168 0)
(0.458702 -0.00159818 0)
(0.148466 0.00112792 0)
(0.451675 -0.000539874 0)
(0.147887 0.000750598 0)
(0.993065 0.00513392 0)
(0.394844 0.000616039 0)
(0.946327 0.00808564 0)
(0.361751 0.00101345 0)
(0.879584 0.00863344 0)
(0.319423 0.000889533 0)
(0.794692 0.00998845 0)
(0.274804 0.000689644 0)
(0.706166 0.00860373 0)
(0.227343 0.00115067 0)
(0.626368 0.00690532 0)
(0.186305 0.00109884 0)
(0.554647 0.00574936 0)
(0.151354 0.00103049 0)
(0.492912 0.00425621 0)
(0.121929 0.000786124 0)
(0.443706 0.00244764 0)
(0.0992928 0.000903665 0)
(0.409036 0.000738902 0)
(0.0843738 0.000972633 0)
(0.389124 -0.000517556 0)
(0.0771937 0.00101988 0)
(0.381217 -0.00185859 0)
(0.0762976 0.00116381 0)
(0.385532 -0.00234519 0)
(0.0822558 0.000205194 0)
(0.397869 -0.00237836 0)
(0.0922073 -9.59705e-05 0)
(0.412907 -0.00252976 0)
(0.103444 -0.000142307 0)
(0.429248 -0.00273654 0)
(0.116091 -0.000107915 0)
(0.444202 -0.00277749 0)
(0.128527 8.12407e-05 0)
(0.455142 -0.00278561 0)
(0.139623 0.0004532 0)
(0.45941 -0.00214495 0)
(0.147031 0.00100018 0)
(0.455735 -0.00104474 0)
(0.148644 0.00103614 0)
(0.446973 0.000111174 0)
(0.146146 0.000450571 0)
(2.26578 -0.0323278 -3.54317e-22)
(2.27558 -0.0287083 6.87143e-22)
(2.26261 -0.028768 0)
(2.27239 -0.0291162 3.98319e-23)
(2.26205 -0.0291379 3.66635e-22)
(2.27115 -0.0293304 -5.86404e-22)
(2.26199 -0.0323613 -8.82066e-24)
(2.26852 -0.0284168 -1.28818e-22)
(2.2773 -0.0254131 1.29213e-22)
(2.27923 -0.0163194 -6.50193e-23)
(1.65026 -0.0110815 -5.62826e-25)
(2.2606 -0.035066 -1.06093e-23)
(2.26456 -0.0292146 8.9995e-25)
(2.2742 -0.0281574 -8.99392e-25)
(2.27413 -0.0173874 0)
(1.62217 -0.0103348 0)
(2.25618 -0.0410097 0)
(2.26044 -0.0339908 0)
(2.27022 -0.0287617 1.42748e-25)
(2.2668 -0.0193674 -1.13281e-23)
(1.59245 -0.00899381 6.77455e-25)
(1.6359 -0.0109462 5.62439e-25)
(1.60674 -0.00989306 2.36072e-25)
(1.57656 -0.00854879 -2.06596e-25)
(2.19044 -0.0187988 6.72448e-23)
(2.1831 -0.0192981 1.93563e-24)
(2.27607 -0.030263 -2.04025e-24)
(2.17799 -0.0199022 -1.93441e-24)
(2.16997 -0.0201856 0)
(2.26981 -0.0303807 -1.7074e-24)
(2.16401 -0.0203903 -1.63866e-24)
(2.15521 -0.0201126 5.22754e-26)
(2.26218 -0.030421 1.24644e-23)
(0.50672 -0.000701491 0)
(0.147411 -0.000374873 0)
(0.490891 -0.000375183 0)
(0.141473 -0.000450975 0)
(0.478525 5.39282e-05 0)
(0.137233 -0.000517275 0)
(0.498373 -0.000603289 0)
(0.144278 -0.00041976 0)
(0.484068 -0.000169413 0)
(0.139085 -0.000495482 0)
(0.473603 0.000290832 0)
(0.135841 -0.000578138 0)
(2.17798 -0.00232744 -4.20253e-25)
(2.19357 -0.00445348 6.80626e-26)
(2.18186 -0.00458182 0)
(1.42938 -0.00153046 0)
(2.18091 0.00341118 0)
(2.19575 -0.00172688 0)
(2.18237 -0.00476011 -1.37748e-25)
(1.41983 -0.00269746 -1.13949e-25)
(2.18969 0.00907955 1.51301e-24)
(2.20233 1.09606e-05 0)
(2.18617 -0.00553978 3.29158e-25)
(1.40728 -0.00389289 0)
(2.20519 0.00866749 -1.48609e-24)
(2.21396 -0.00213924 -3.69939e-25)
(2.19388 -0.00760563 1.31633e-24)
(1.3895 -0.00488194 -9.91385e-26)
(2.21735 0.000555652 -3.39366e-26)
(2.22306 -0.00763987 9.41949e-25)
(2.20116 -0.0101374 0)
(1.3686 -0.00444668 -1.66645e-25)
(2.22251 -0.00849505 -1.51372e-25)
(2.22701 -0.0129615 -1.70487e-25)
(2.20529 -0.0114692 -1.22715e-24)
(1.34774 -0.00320155 -1.46003e-26)
(1.4247 -0.00214076 0)
(1.41406 -0.00326073 4.20614e-26)
(1.39883 -0.00447152 -1.0328e-25)
(1.379 -0.00488157 9.05911e-26)
(1.35781 -0.00391824 1.36793e-25)
(1.33818 -0.00228116 2.11933e-26)
(2.0484 -0.00483053 0)
(2.04721 -0.00501366 1.71352e-25)
(2.18191 -0.00495106 -7.81383e-25)
(2.04639 -0.00576268 2.07764e-25)
(2.04604 -0.00668499 -1.42223e-25)
(2.18359 -0.00495142 -1.82029e-25)
(2.04599 -0.00900869 -1.76861e-25)
(2.04598 -0.0116759 5.9867e-25)
(2.18971 -0.00628364 -3.57172e-25)
(2.0459 -0.0130975 3.79225e-25)
(2.04535 -0.0143006 -5.85937e-25)
(2.1978 -0.00884133 0)
(2.04418 -0.0155588 2.84267e-25)
(2.04153 -0.0159762 0)
(2.20373 -0.0110597 0)
(2.039 -0.0158654 -1.57699e-25)
(2.03493 -0.0151932 1.57698e-25)
(2.20575 -0.0117356 1.10808e-24)
(2.25172 -0.0391171 -6.66499e-25)
(2.26182 -0.030446 1.91076e-24)
(2.25868 -0.0200276 6.92065e-25)
(1.56193 -0.00774357 1.10427e-25)
(2.24025 -0.0386738 5.59548e-25)
(2.25098 -0.0313808 -1.80503e-24)
(2.2493 -0.0197352 -2.76857e-24)
(1.53283 -0.00589035 -8.91218e-26)
(2.23243 -0.036038 -4.59865e-25)
(2.24244 -0.0287678 -1.38535e-24)
(2.23792 -0.0185629 0)
(1.50666 -0.00386751 -6.03316e-25)
(2.22323 -0.0382815 -3.58581e-25)
(2.23372 -0.0270846 4.80866e-25)
(2.22627 -0.0170724 -7.97296e-24)
(1.48435 -0.00256359 0)
(2.20667 -0.0412316 -2.54535e-25)
(2.21963 -0.0278883 1.45127e-24)
(2.2148 -0.014243 -4.63634e-24)
(1.46603 -0.00120439 0)
(2.18869 -0.0338306 0)
(2.2038 -0.023693 -5.12332e-25)
(2.20213 -0.0115764 -8.98446e-25)
(1.45167 0.000288356 -3.56175e-26)
(2.17889 -0.016926 0)
(2.19478 -0.0132266 4.0167e-25)
(2.19032 -0.0083071 1.71917e-24)
(1.44219 0.000720741 4.55732e-26)
(2.17729 -0.00609369 3.98079e-25)
(2.1931 -0.00639182 1.24247e-25)
(2.18362 -0.0046749 0)
(1.43636 -0.000177783 -8.49982e-27)
(1.54689 -0.0069321 1.85292e-25)
(1.51898 -0.0049668 -5.91249e-25)
(1.49476 -0.00323058 -8.54856e-27)
(1.47471 -0.00195641 0)
(1.45819 -0.000382528 3.56174e-26)
(1.4462 0.000681458 -4.55731e-26)
(1.43886 0.000415746 0)
(1.43296 -0.000887408 -5.02798e-27)
(2.1482 -0.0201644 7.53556e-25)
(2.13924 -0.0197157 3.25032e-25)
(2.25367 -0.0288476 -6.92045e-25)
(2.13168 -0.0192046 2.14993e-24)
(2.12245 -0.0183095 -1.76096e-24)
(2.24329 -0.026801 2.55925e-24)
(2.11501 -0.0172121 5.9209e-25)
(2.10651 -0.0157152 0)
(2.23178 -0.0240106 7.36995e-24)
(2.0989 -0.0143675 1.66512e-24)
(2.0906 -0.0133078 0)
(2.22034 -0.0207853 5.81824e-24)
(2.08342 -0.0126474 -1.52038e-25)
(2.07612 -0.0113402 1.37007e-24)
(2.20846 -0.0164214 -1.23504e-24)
(2.06986 -0.00978204 7.70223e-25)
(2.06362 -0.00772629 0)
(2.19561 -0.0127446 0)
(2.05848 -0.00555896 0)
(2.05429 -0.00362067 2.70269e-25)
(2.18629 -0.00757995 -1.61769e-24)
(2.05162 -0.0031517 1.01502e-25)
(2.04974 -0.00376034 -1.85961e-26)
(2.18221 -0.00494128 0)
(0.478565 0.000835544 0)
(0.152784 -0.000141783 0)
(0.479876 0.000876989 0)
(0.155577 -0.000252396 0)
(0.479453 0.000712502 0)
(0.157549 -0.000362014 0)
(0.476124 0.000284865 0)
(0.157721 -0.00032713 0)
(0.471217 -8.5399e-05 0)
(0.156396 -0.000188467 0)
(0.46576 -0.000348538 0)
(0.154079 -0.000111246 0)
(0.479393 0.000874423 0)
(0.154233 -0.000196107 0)
(0.479941 0.000851516 0)
(0.156731 -0.000322047 0)
(0.478029 0.000431804 0)
(0.157845 -0.000367614 0)
(0.473748 0.00011171 0)
(0.1572 -0.000259926 0)
(0.468434 -0.000237834 0)
(0.155307 -0.000140806 0)
(0.46315 -0.00041389 0)
(0.152756 -9.65597e-05 0)
(0.469887 0.000415948 0)
(0.134908 -0.000601117 0)
(0.46439 0.000693511 0)
(0.134103 -0.000599386 0)
(0.462136 0.000826747 0)
(0.134778 -0.00046571 0)
(0.46206 0.000800184 0)
(0.136427 -0.000260862 0)
(0.463773 0.000710433 0)
(0.138606 -0.000110713 0)
(0.466799 0.00069883 0)
(0.141373 1.79174e-05 0)
(0.470989 0.00083674 0)
(0.144941 4.00129e-05 0)
(0.475532 0.000947916 0)
(0.149189 -9.03805e-06 0)
(0.466732 0.00054848 0)
(0.134262 -0.000611889 0)
(0.46282 0.000774563 0)
(0.134286 -0.000561971 0)
(0.461904 0.000822557 0)
(0.135488 -0.000340431 0)
(0.462748 0.00076269 0)
(0.137483 -0.000201173 0)
(0.465143 0.000687559 0)
(0.139902 -2.66742e-05 0)
(0.468808 0.000742477 0)
(0.14306 3.4654e-05 0)
(0.473334 0.000925867 0)
(0.147049 2.97609e-05 0)
(0.477294 0.000892316 0)
(0.151141 -7.54314e-05 0)
)
;

boundaryField
{
    inlet
    {
        type            fixedValue;
        value           nonuniform List<vector> 0();
    }
    outlet
    {
        type            zeroGradient;
    }
    wall
    {
        type            noSlip;
    }
    empty_zmin
    {
        type            empty;
    }
    empty_zmax
    {
        type            empty;
    }
    procBoundary1to0
    {
        type            processor;
        value           nonuniform List<vector> 
39
(
(2.35265 0.204083 -1.3526e-21)
(2.32428 0.160964 1.1902e-21)
(2.29506 0.151047 -1.1131e-21)
(2.27065 0.122291 0)
(2.26005 0.089358 -5.94973e-24)
(2.25732 0.059576 -1.17672e-22)
(2.25695 0.0397783 -5.28879e-23)
(2.26392 0.0237079 -8.43409e-24)
(2.27145 0.0192591 4.02799e-23)
(1.83804 -0.000301086 -1.08452e-24)
(2.22639 0.0061797 -2.65438e-23)
(0.828604 -0.000808993 0)
(0.322033 -6.86163e-05 0)
(2.32818 -0.0760868 1.40663e-22)
(2.33739 -0.0999217 8.52411e-22)
(2.35147 -0.136438 0)
(2.38896 -0.191272 -3.94675e-21)
(2.47508 -0.231479 -1.31468e-20)
(2.39443 0.274898 -3.56188e-21)
(2.29713 -0.0152372 -6.39995e-23)
(2.34037 -0.0386971 -7.36325e-23)
(2.34134 -0.0478397 0)
(2.53461 -0.22349 2.50205e-20)
(1.87197 -0.251997 -7.04426e-20)
(-0.186384 -0.127431 -1.29281e-18)
(-0.187272 0.330466 0)
(1.79374 0.397136 3.28749e-20)
(2.48405 0.325847 -2.92981e-22)
(2.51012 0.311898 0)
(0.00950805 0.138931 -8.38041e-20)
(0.0744699 -0.149488 0)
(1.96571 -0.00206182 2.21043e-24)
(-0.0664517 0.345899 -1.03202e-20)
(2.44715 -0.112932 0)
(2.45901 0.310655 -4.11811e-20)
(2.33794 -0.0283743 4.74921e-23)
(2.34134 -0.0478397 0)
(1.02598 0.00307078 0)
(0.427901 0.000138637 0)
)
;
    }
}


// ************************************************************************* //
