/*--------------------------------*- C++ -*----------------------------------*\
| =========                 |                                                 |
| \\      /  F ield         | OpenFOAM: The Open Source CFD Toolbox           |
|  \\    /   O peration     | Version:  2406                                  |
|   \\  /    A nd           | Website:  www.openfoam.com                      |
|    \\/     M anipulation  |                                                 |
\*---------------------------------------------------------------------------*/
FoamFile
{
    version     2.0;
    format      ascii;
    arch        "LSB;label=32;scalar=64";
    class       volScalarField;
    location    "4.53";
    object      p;
}
// * * * * * * * * * * * * * * * * * * * * * * * * * * * * * * * * * * * * * //

dimensions      [0 2 -2 0 0 0 0];

internalField   nonuniform List<scalar> 
2367
(
0.348268
0.05899
-0.0951867
-0.172161
-0.205944
-0.224372
-0.168924
-0.14654
-0.336196
-0.166839
-0.345964
-0.363549
-0.143783
-0.142567
-0.334936
-0.334244
3.51411
3.28379
2.80808
2.2361
1.65341
2.26495
2.62626
3.02893
3.38365
3.55091
1.67019
1.69181
1.8161
1.47581
1.51093
1.57118
1.73486
1.92784
1.19393
1.21302
1.2614
1.42631
1.6913
1.99854
2.54946
2.97535
3.38379
3.76155
3.7731
3.56108
2.96767
2.17776
1.53858
0.709617
0.858037
0.878417
0.839296
0.963415
1.17104
1.52878
1.96388
2.68884
3.37176
4.00066
4.03455
3.61833
2.74841
1.72839
0.839428
-0.162558
-0.45716
-0.613302
-0.700281
-0.708927
-0.700651
-0.672773
-0.569675
-0.5459
0.433492
0.411203
0.284831
0.293976
0.39297
0.684345
1.37867
1.8312
-0.382155
-1.08098
-1.56016
-1.58643
-1.47941
-1.31586
-1.20797
-1.13535
-1.02153
-0.975896
-0.0590465
-0.110298
-0.366781
-0.5308
-0.445553
-0.569537
-0.433402
-3.21475
-2.90839
-2.73675
-2.29409
-1.9758
-1.78607
-1.65085
-1.48354
-1.43211
-0.575735
-0.692879
-1.08674
-1.28294
-1.6732
-2.60874
-4.95878
-3.8932
-3.16023
-2.67088
-2.35797
-2.16107
-1.96441
-1.89147
-1.08861
-1.28055
-1.81938
-2.1559
-2.94666
-7.08682
-5.04484
-3.94086
-3.31252
-2.9226
-2.65
-2.41842
-2.31577
-1.53714
-1.76961
-2.38237
-2.82643
-3.78253
-7.88595
-5.90171
-4.47091
-3.82364
-3.37266
-3.04226
-2.80989
-2.68415
-1.86318
-2.12685
-2.66773
-3.11829
-3.9547
-7.71698
-6.02052
-4.68871
-4.1684
-3.71325
-3.33526
-3.10969
-2.96772
-2.04448
-2.28892
-2.67405
-3.15514
-3.89385
-7.10983
-5.99731
-4.74117
-4.23697
-3.77116
-3.47001
-3.3044
-3.15047
-2.05942
-2.21446
-2.59084
-3.01132
-3.61495
-7.70407
-5.68809
-4.6718
-4.15025
-3.72366
-3.44401
-3.31975
-3.19291
-1.94175
-2.07878
-2.28653
-2.66743
-2.83426
-3.08593
-6.34897
-5.28526
-4.35351
-3.94466
-3.60312
-3.37185
-3.26588
-3.14361
-1.76637
-1.83688
-1.84315
-1.95869
-1.84431
-1.79922
-1.52811
-3.98372
-4.43337
-4.24082
-3.97984
-3.6854
-3.41515
-3.22877
-3.1549
-3.05183
-1.54363
-1.56592
-1.45908
-1.42607
-1.38632
-1.49713
-1.43447
-1.55047
-3.16656
-3.30128
-3.55374
-3.6575
-3.65219
-3.56358
-3.3822
-3.19117
-3.0517
-3.00119
-2.90077
-1.30674
-1.29022
-1.16208
-1.11669
-1.10148
-1.05955
-1.3271
-1.51878
-1.8184
-2.33716
-2.82867
-3.07876
-3.17186
-3.13437
-3.23126
-3.45242
-3.29783
-3.26337
-3.19132
-3.0638
-2.936
-2.83704
-2.82501
-2.76534
-1.074
-1.04198
-0.946829
-0.932057
-0.885263
-0.865739
-1.20489
-1.49098
-1.85791
-2.35245
-2.97397
-3.2129
-3.35575
-3.26466
-3.22517
-3.1855
-3.11253
-3.01166
-2.88544
-2.76331
-2.65944
-2.60718
-2.62102
-2.59673
-0.686369
-1.02229
-1.39927
-1.99078
-2.615
-3.24867
-3.71559
-3.8477
-3.62135
-3.43879
-3.1148
-2.98951
-2.80946
-2.61992
-2.48454
-2.40219
-2.36132
-2.40494
-2.41355
-0.441974
-0.782832
-1.2316
-1.99823
-2.77772
-3.55228
-4.10783
-4.36365
-4.07211
-3.75549
-3.22188
-2.93247
-2.61017
-2.38257
-2.23798
-2.14351
-2.11808
-2.17899
-2.20505
1.66236
1.57202
1.46475
1.33672
1.19086
1.02927
0.851636
0.6571
3.02145
2.81979
2.36625
3.71611
3.23754
4.03708
3.99746
3.24459
2.20491
1.80659
1.2847
0.736996
1.37813
-0.756535
0.437597
0.203897
1.60677
1.08067
0.508791
-0.0130399
-0.604435
-1.74331
-1.38644
-1.20267
-0.0381909
-0.295597
-0.585499
-1.5107
-1.61698
-3.06143
-3.08982
-4.55857
-4.43593
-1.66184
-0.546747
-0.798935
-3.34462
-5.79999
-6.71144
-2.1083
-1.0488
-1.26885
-3.84802
-4.40685
-3.43399
-5.73904
-6.24517
-7.8644
-2.51025
-1.48164
-1.65887
-4.72412
-4.59562
-3.91665
-6.77708
-6.76107
-7.96871
-2.83695
-1.80071
-1.91269
-4.51848
-4.43565
-3.91378
-6.76255
-6.6981
-7.41571
-3.07129
-1.98107
-2.01692
-4.37674
-4.80064
-3.78188
-6.60189
-6.38349
-7.12939
-3.19014
-2.00709
-1.96446
-4.88438
-7.77994
-3.18119
-1.90656
-1.83407
-1.74681
-1.9179
-6.76608
-5.36573
-4.84716
-3.09766
-1.74618
-1.64777
-1.5092
-1.48754
-3.73142
-3.48652
-3.41473
-2.97451
-1.53345
-1.41761
-1.6263
-1.67559
-1.54357
-1.99114
-1.82607
-2.21492
-3.16118
-3.11939
-3.12931
-3.23622
-3.20744
-3.13533
-2.83626
-1.30622
-1.19504
-2.68099
-1.08667
-0.976171
-2.5082
-2.31171
-2.08962
1.68602
1.60403
1.57976
1.76953
1.67916
1.63846
1.49198
1.36249
1.34722
1.53721
1.39291
1.3746
1.20597
1.0553
1.0359
1.26434
1.1109
1.07486
3.16539
3.14172
2.87296
3.61622
3.6956
3.42127
3.78087
3.93603
3.89268
3.68957
3.83764
3.93464
3.27306
3.30367
3.62067
2.65789
2.49402
2.86172
1.97514
1.66532
2.02886
0.990829
0.832797
1.34937
0.870715
0.661291
0.654657
0.903406
0.646878
0.664105
2.26577
1.98592
1.64181
0.462117
-0.0526869
0.42581
-0.562962
-0.76743
-0.787322
0.423676
0.189454
0.197374
0.415287
0.15592
0.171258
0.988939
0.376182
0.11
-1.35299
-2.16232
-1.92549
-1.00382
-1.22189
-1.24958
-0.0815539
-0.36063
-0.320465
-0.142116
-0.434872
-0.393975
-0.527255
-1.34401
-1.05725
-2.69553
-3.47036
-3.94107
-1.45682
-1.68346
-1.72113
-0.622873
-0.897006
-0.836782
-0.754255
-1.0887
-0.992212
-1.42622
-1.97323
-1.74811
-2.11563
-3.0478
-2.33306
-4.27561
-5.05084
-6.06457
-3.54422
-4.08582
-4.51304
-1.91642
-2.14167
-2.19955
-1.15597
-1.40865
-1.32284
-1.43737
-1.7201
-1.54411
-2.44815
-2.85345
-2.51866
-4.54615
-4.92598
-5.44046
-2.35984
-2.55525
-2.62371
-1.63204
-1.81114
-1.71421
-1.94691
-2.14851
-1.95837
-3.17602
-3.42763
-3.04701
-5.25621
-5.50875
-6.03636
-2.73293
-2.88636
-2.97211
-1.97133
-2.07129
-1.98185
-2.32428
-2.43674
-2.22614
-3.51889
-3.45641
-3.15467
-5.47366
-5.48103
-6.06118
-3.02016
-3.13061
-3.22006
-2.14167
-2.15377
-2.07761
-2.46672
-2.43165
-2.26646
-3.5119
-3.42923
-3.07391
-5.43436
-5.36433
-5.82425
-3.21107
-3.24308
-3.3247
-2.12242
-2.07523
-2.00866
-2.39109
-2.30075
-2.1609
-3.35044
-3.19141
-2.92077
-5.28877
-4.73867
-3.32778
-6.11715
-5.88777
-7.22145
-5.29393
-5.1865
-5.57201
-3.24488
-3.23583
-3.3089
-2.0037
-1.91019
-1.8633
-2.18778
-2.04269
-1.96901
-3.3516
-2.2169
-2.25075
-5.57275
-5.00714
-5.24469
-4.91022
-4.62956
-4.8646
-3.18561
-3.14333
-3.2152
-1.79864
-1.67624
-1.65761
-1.88296
-1.73049
-1.70338
-1.78043
-1.62662
-1.5831
-1.5498
-1.46873
-1.65144
-4.4297
-4.00979
-3.74072
-4.48346
-4.10421
-4.03313
-3.10056
-3.01989
-3.08552
-1.55258
-1.42571
-1.42567
-1.58124
-1.42972
-1.42271
-1.38874
-1.36921
-1.26857
-1.49047
-1.44736
-1.37833
-3.4271
-3.39047
-3.30832
-3.79022
-3.56074
-3.53052
-2.94182
-2.87345
-2.92169
-1.30081
-1.17601
-1.18784
-1.28069
-1.14523
-1.16119
-1.38978
-1.34494
-1.23249
-1.61974
-1.62762
-1.46868
-2.03158
-2.03778
-1.83077
-2.52481
-2.52419
-2.26125
-2.96401
-2.96835
-2.78529
-3.15733
-3.22293
-3.13518
-3.14352
-3.21363
-3.24255
-3.17074
-3.17892
-3.17724
-3.35003
-3.24468
-3.23104
-2.78552
-2.69363
-2.72451
-1.06127
-0.966273
-0.969633
-1.03126
-0.947763
-0.952063
-2.07856
-2.10862
-1.8366
-2.6021
-2.60805
-2.35936
-3.31439
-3.45715
-3.35572
-3.32791
-3.47809
-3.49796
-2.60215
-2.50958
-2.51845
-2.40528
-2.29807
-2.29429
-2.18445
-2.06997
-2.06263
-2.73851
-3.00701
-3.11931
-3.12176
-0.673727
-0.841096
-1.55016
-1.54429
1.6988
1.63588
-1.55123
-1.55398
3.99953
4.00008
4.06859
4.07517
-2.81904
-2.8526
3.57888
3.57238
-3.11572
-3.13328
2.62917
2.61793
-3.17845
-3.18341
-8.00909
-8.36067
-8.93744
-9.30765
-8.34065
-8.51646
-7.12014
-7.17529
-7.30463
-7.35274
-0.544382
-0.543558
-0.971686
-0.970497
-1.42445
-1.42287
-1.88481
-1.88341
-2.30456
-2.30364
-2.67228
-2.67115
-2.9534
-2.9515
-3.13093
-3.12924
-3.18009
-3.18136
-3.12892
-3.13017
-3.02986
-3.03132
-2.88196
-2.88498
-2.7536
-2.75482
-2.59667
-2.59739
-2.41288
-2.41325
-2.20841
-2.20812
-5.14443
-5.45526
-5.08838
-5.24731
-4.56009
-4.60662
-4.62832
-4.67215
-1.82766
-1.99604
1.10662
1.04526
-1.51456
-1.51208
2.64015
2.6326
3.1738
3.14093
3.69227
3.69943
4.0596
4.06441
-2.24721
-2.2598
4.02163
4.02802
3.21215
3.20992
1.65014
1.57414
-8.65859
-8.8976
-7.85822
-7.94789
-0.755932
-0.754928
-1.19865
-1.19725
-1.65581
-1.65481
-2.09949
-2.09832
-2.50208
-2.50122
-2.82518
-2.82296
-3.05466
-3.0522
-3.17339
-3.1733
-3.17082
-3.17094
-3.07912
-3.08098
-2.95537
-2.95778
-2.8226
-2.82418
-2.67673
-2.67682
-2.50791
-2.50919
-2.31403
-2.31404
-2.09532
-2.09458
1.66061
1.66118
1.46425
1.4649
1.19284
1.19339
0.855054
0.856409
0.443853
0.44545
-0.0287349
-0.0269631
-0.53494
-0.532539
-1.03601
-1.0339
-1.45981
-1.4587
-1.78485
-1.78225
-1.96248
-1.95977
-1.99446
-1.99519
-1.89592
-1.89711
-1.73523
-1.73687
-1.52321
-1.52516
-1.2987
-1.30037
-1.0843
-1.08522
-4.40353
-4.80975
-3.66079
-3.91425
-5.07927
-5.32937
-4.93487
-5.02662
-4.09961
-4.13516
-5.03432
-4.99979
-5.21393
-5.24716
-1.84898
-1.85622
-3.15551
-3.16406
1.04499
0.976845
-0.123328
-0.258291
-1.62363
-1.81183
-3.41651
-3.67645
-3.78549
-3.79056
-4.91965
-5.22187
-6.03783
-6.43752
-6.67719
-6.7276
1.57056
1.57141
1.33812
1.33884
1.02991
1.031
0.660458
0.661729
0.210653
0.212089
-0.287183
-0.285318
-0.786348
-0.784084
-1.25205
-1.251
-1.64446
-1.64285
-1.89086
-1.88786
-1.99825
-1.9972
-1.95524
-1.95635
-1.82242
-1.82391
-1.63698
-1.63846
-1.40757
-1.40973
-1.19126
-1.19257
-0.973385
-0.974891
-1.80865
-1.78363
-1.64252
-1.64272
-2.01115
-2.02644
-2.59241
-2.61245
-3.02973
-3.05377
-3.17651
-3.19023
-3.15498
-3.16171
-3.26834
-3.26974
-3.43119
-3.43574
-4.98295
-4.97752
-7.08834
-7.5827
-8.7706
-9.24389
-6.71781
-6.77633
-7.96247
-7.97461
-0.876425
-0.863255
-0.736289
-0.743054
-0.650346
-0.731859
-0.673406
-0.518898
-0.506594
-0.332341
-0.877727
-0.802377
-0.74409
-0.697337
-0.876861
-0.790422
-0.799143
-0.854988
-0.754913
-0.759457
-0.712278
-0.639427
-0.669662
-0.655237
-0.566416
-0.592788
-0.873511
-0.876206
-0.741699
-0.743576
-0.798608
-0.800776
-0.696567
-0.698191
3.02889
3.01102
2.8736
2.62878
2.3158
2.03737
3.24558
3.07339
2.74701
2.34126
1.89119
2.2515
2.4426
2.61526
2.81711
2.96359
2.40243
2.65974
2.89979
3.13145
3.27012
2.0306
2.06168
2.10369
1.93394
1.96999
2.07889
1.83933
1.88051
1.92932
2.07543
1.94905
2.1484
2.02567
1.98867
1.93278
1.88736
1.83203
1.75451
2.04051
2.00054
1.99745
2.07627
2.04074
2.01025
1.95748
1.92088
1.89392
2.03202
1.98272
1.94715
1.85074
1.77658
1.76753
1.90948
1.8199
1.78997
2.02269
2.02289
1.93069
1.93183
1.83098
1.83103
1.98743
1.98761
1.88604
1.88678
1.75432
1.75444
2.2996
2.25668
2.23002
2.21017
2.19555
2.18417
2.17301
2.16304
2.15449
2.14487
2.13581
2.12659
2.11804
2.10913
2.10181
2.09372
2.08759
2.08336
2.08139
2.08412
2.0914
2.10796
2.1367
2.18004
2.25074
2.23661
2.21944
2.20573
2.19337
2.18164
2.17282
2.16338
2.15402
2.14462
2.13516
2.12665
2.11819
2.10904
2.09967
2.09212
2.08547
2.08038
2.07755
2.07813
2.0811
2.08944
2.10001
2.10732
2.21239
2.21263
2.20078
2.19357
2.18555
2.17748
2.16954
2.16123
2.15099
2.14215
2.13275
2.1229
2.11416
2.10456
2.09507
2.08655
2.07885
2.07176
2.0664
2.06318
2.06277
2.06002
2.06245
2.05609
2.18634
2.19385
2.19082
2.1871
2.1824
2.17524
2.1677
2.15984
2.15201
2.14247
2.13295
2.12352
2.1121
2.10242
2.09265
2.0824
2.07378
2.0652
2.05657
2.05184
2.04331
2.03674
2.03609
2.01555
2.17538
2.18071
2.18399
2.18322
2.17929
2.17436
2.17062
2.16014
2.15068
2.14313
2.13273
2.12255
2.11196
2.09967
2.08867
2.07725
2.06568
2.05689
2.04699
2.03631
2.02661
2.01565
2.00903
1.99553
2.1726
2.17605
2.17945
2.17952
2.17734
2.17358
2.16685
2.1632
2.15514
2.14259
2.13394
2.12139
2.10982
2.099
2.08529
2.07231
2.05986
2.04728
2.03504
2.02205
2.00695
1.99589
1.99242
1.97997
2.17156
2.17511
2.17755
2.17827
2.17752
2.17511
2.17132
2.1646
2.15867
2.14845
2.13474
2.12318
2.11038
2.09753
2.08235
2.06631
2.05094
2.03494
2.01941
2.00659
1.99366
1.98013
1.97605
1.96349
2.17032
2.17375
2.17853
2.17993
2.18047
2.17951
2.17543
2.16903
2.16109
2.15373
2.14197
2.12526
2.11277
2.09555
2.0774
2.06101
2.04096
2.02387
2.00742
1.98728
1.97299
1.96483
1.95661
1.94668
2.16959
2.1745
2.17936
2.18358
2.18622
2.1851
2.18198
2.17655
2.16911
2.15878
2.1483
2.13246
2.1086
2.09207
2.07506
2.0542
2.03334
2.01153
1.99066
1.9716
1.95247
1.93509
1.93286
1.92316
2.16954
2.17537
2.18468
2.18925
2.19041
2.19131
2.1896
2.1872
2.17995
2.16775
2.15483
2.14001
2.11758
2.09196
2.07317
2.04885
2.02395
1.99771
1.97388
1.94957
1.92999
1.91401
1.90539
1.89475
2.17087
2.17879
2.18903
2.19464
2.20022
2.20329
2.20357
2.19844
2.19085
2.18152
2.16451
2.1474
2.12623
2.09633
2.06979
2.04168
2.01131
1.98443
1.95506
1.92949
1.90766
1.88654
1.88022
1.86584
2.17287
2.18259
2.19363
2.20318
2.21056
2.21503
2.21601
2.21482
2.21047
2.19789
2.18015
2.15693
2.1325
2.10531
2.07081
2.04044
2.00144
1.96394
1.93213
1.90366
1.87853
1.8586
1.84609
1.8344
2.17529
2.18539
2.20187
2.21158
2.22145
2.22926
2.23612
2.23842
2.23022
2.21914
2.20311
2.17871
2.14471
2.10748
2.07298
2.0287
1.98754
1.94732
1.90497
1.86783
1.83815
1.80918
1.81189
1.80013
2.17764
2.19102
2.20639
2.21945
2.235
2.2519
2.2617
2.26118
2.25911
2.24746
2.22703
2.1999
2.16696
2.12334
2.07326
2.02274
1.96906
1.92113
1.87952
1.83616
1.80005
1.77518
1.76311
1.75791
2.17922
2.19379
2.2119
2.23093
2.25134
2.2698
2.28342
2.29188
2.29402
2.28663
2.26495
2.2314
2.19003
2.13974
2.07675
2.01376
1.95447
1.89428
1.83535
1.78463
1.74535
1.70814
1.71692
1.70697
2.1776
2.19286
2.21566
2.23809
2.26601
2.29331
2.31627
2.33749
2.34253
2.32979
2.30794
2.26981
2.21922
2.15874
2.08695
2.01283
1.93265
1.85616
1.79233
1.73812
1.68493
1.65159
1.64014
1.63608
2.16107
2.17841
2.21634
2.24665
2.28141
2.32585
2.36482
2.38444
2.39106
2.39172
2.36653
2.32057
2.25399
2.17786
2.08991
1.99541
1.90801
1.81874
1.7319
1.65678
1.60662
1.56412
1.56664
1.56276
2.12942
2.16325
2.19513
2.25135
2.30517
2.35776
2.3964
2.44016
2.46738
2.46407
2.43742
2.3846
2.30451
2.20358
2.10193
1.98612
1.86196
1.75435
1.66348
1.58332
1.51108
1.43668
1.45016
1.44801
2.09049
2.12992
2.17977
2.23906
2.30904
2.37152
2.45867
2.51785
2.54493
2.55863
2.5372
2.46761
2.36936
2.24395
2.09349
1.95855
1.82181
1.68737
1.56243
1.45736
1.39134
1.36226
1.34046
1.33304
2.65188
2.68071
2.65293
2.57122
2.43368
2.27644
2.11845
1.92922
1.73846
1.58254
1.44971
1.33714
1.24434
1.1501
1.16356
1.16994
2.78103
2.83788
2.81512
2.69956
2.52684
2.32645
2.07777
1.83151
1.63227
1.44627
1.27931
1.14658
1.05904
1.03823
1.01537
0.990987
1.75732
1.47041
1.24786
1.07293
0.930623
0.814631
0.719502
0.764622
0.783057
1.53158
1.21479
0.965838
0.77316
0.6335
0.53987
0.507053
0.521412
0.507649
1.19898
0.863179
0.605981
0.399385
0.26257
0.189333
0.14923
0.208765
0.218453
2.36461
2.2835
2.31605
2.24422
2.26065
2.22126
2.23117
2.2034
2.21164
2.18931
2.19629
2.17859
2.18371
2.16835
2.17327
2.15846
2.16324
2.14949
2.15418
2.14077
2.14504
2.13115
2.13597
2.1226
2.12724
2.11381
2.118
2.10514
2.10938
2.09799
2.10138
2.09086
2.09419
2.08572
2.0881
2.08296
2.08411
2.08392
2.08268
2.08834
2.08528
2.10076
2.09368
2.12359
2.11145
2.17464
2.14361
2.22269
2.32435
2.2854
2.14071
2.25434
2.23003
2.08082
2.2106
2.19166
2.03582
2.17743
2.16993
2.00517
2.16675
2.16503
1.98683
2.16529
2.16514
1.97274
2.165
2.16504
1.95624
2.16412
2.16389
1.93358
2.16357
2.16337
1.90978
2.16354
2.16385
1.88163
2.16468
2.16566
1.85275
2.16672
2.16789
1.8172
2.16941
2.17096
1.78167
2.17304
2.17558
1.73527
2.17844
2.17875
1.67437
2.17437
2.1725
1.59731
2.15858
2.1415
1.51796
2.13116
2.11306
1.39329
2.08395
2.05157
1.26621
1.08278
0.902272
0.658307
0.37472
0.0543165
2.22335
2.31884
2.41607
2.51735
2.59729
2.17015
2.3146
2.44089
2.55787
2.67978
2.2756
2.26133
2.27512
2.24166
2.23558
2.24771
2.21933
2.21583
2.22542
2.20255
2.20111
2.20808
2.18963
2.18894
2.19465
2.17838
2.17738
2.1834
2.16805
2.16776
2.17219
2.15851
2.15893
2.16358
2.14963
2.14941
2.15377
2.14004
2.14074
2.14497
2.13159
2.13146
2.13645
2.12246
2.12213
2.12679
2.11316
2.11317
2.11738
2.10566
2.10521
2.10933
2.09741
2.0966
2.10077
2.09047
2.08973
2.09306
2.08528
2.08402
2.08681
2.08199
2.08065
2.08198
2.08175
2.07978
2.08027
2.08781
2.08358
2.08145
2.09793
2.09225
2.08727
2.12348
2.10679
2.09899
2.15697
2.13314
2.1193
2.24465
2.2286
2.23
2.22754
2.21869
2.22444
2.21164
2.20665
2.2128
2.19892
2.19646
2.20175
2.18759
2.18542
2.19108
2.17681
2.17671
2.18088
2.1679
2.16788
2.17239
2.15912
2.15863
2.16348
2.14896
2.14925
2.1537
2.13981
2.13959
2.14466
2.1311
2.13058
2.13503
2.12203
2.12192
2.12607
2.11345
2.11279
2.11714
2.10408
2.10332
2.10848
2.09564
2.09484
2.09886
2.08858
2.08727
2.09098
2.08252
2.08087
2.08399
2.07834
2.0757
2.07801
2.07729
2.07303
2.07394
2.0786
2.07322
2.07248
2.08558
2.07594
2.07491
2.09426
2.07618
2.07688
2.10467
2.08189
2.08021
2.21375
2.20166
2.19796
2.2094
2.20126
2.20257
2.05927
2.04367
2.04815
2.19111
2.18337
2.17864
2.19464
2.18884
2.18662
2.02695
2.01614
2.02289
2.17855
2.17524
2.17365
2.18348
2.1797
2.17749
2.00373
1.99604
1.99962
2.17379
2.17331
2.17194
2.17772
2.17725
2.17594
1.98838
1.98038
1.98509
2.17248
2.17196
2.17107
2.17679
2.17577
2.17424
1.97108
1.9671
1.96745
2.17092
2.17043
2.16955
2.17573
2.17622
2.1737
1.95201
1.94125
1.94625
2.17113
2.17127
2.16963
2.17682
2.17702
2.17457
1.93066
1.91829
1.91952
2.1713
2.17248
2.17011
2.17792
2.18048
2.1774
1.90201
1.89042
1.89321
2.17374
2.17482
2.17182
2.18303
2.18416
2.18007
1.8722
1.86303
1.86627
2.17614
2.17742
2.17418
2.18525
2.1874
2.18421
1.83764
1.82549
1.82877
2.17867
2.18015
2.17645
2.19078
2.19295
2.18834
1.80542
1.78789
1.78918
2.18248
2.18453
2.17894
2.19326
2.19544
2.192
1.75544
1.74198
1.74135
2.18533
2.1857
2.18051
2.2006
2.20186
2.19379
1.70709
1.677
1.68091
2.1839
2.17819
2.17185
2.20322
2.18979
2.18445
1.62778
1.59681
1.60036
2.16543
2.15494
2.14327
2.20371
2.18242
2.16915
1.55355
1.53693
1.51798
2.14772
2.12841
2.12369
2.15592
2.1473
2.12499
1.44614
1.39156
1.39332
2.10704
2.07637
2.05695
2.16179
2.12434
2.10248
1.31391
1.28174
1.27021
1.16812
1.08439
1.08627
0.966425
0.903175
0.911243
0.781658
0.657063
0.629274
0.491063
0.370198
0.3839
0.209031
0.0401009
0.00971933
2.18939
2.19483
2.10948
2.11054
2.05456
2.0538
2.01196
2.01001
1.99513
1.99395
1.98123
1.98036
1.96425
1.96367
1.9469
1.9464
1.92264
1.92231
1.89443
1.89427
1.86434
1.86448
1.8301
1.83073
1.79539
1.79601
1.75386
1.75465
1.70534
1.70568
1.63181
1.6331
1.55955
1.55974
1.44641
1.44782
1.33038
1.33068
1.16787
1.16907
0.985304
0.986555
0.782042
0.782618
0.505232
0.506725
0.216227
0.21711
2.26122
2.28424
2.14127
2.14233
2.08304
2.08354
2.03114
2.02911
2.0021
2.00063
1.98754
1.98664
1.97396
1.97316
1.95648
1.95599
1.93373
1.93349
1.9095
1.90923
1.88007
1.87998
1.84881
1.84898
1.81334
1.81375
1.77864
1.77889
1.73369
1.73411
1.6741
1.67425
1.5976
1.59829
1.51519
1.51507
1.39436
1.3948
1.26394
1.26385
1.08291
1.0832
0.90156
0.902179
0.658165
0.658096
0.37509
0.375702
0.0536502
0.0540665
2.33411
2.33945
2.25744
2.25864
2.20906
2.20821
2.17388
2.17197
2.16701
2.16581
2.1672
2.16623
2.16648
2.16582
2.16492
2.16446
2.16342
2.16315
2.16291
2.16276
2.16352
2.16347
2.16487
2.16494
2.16534
2.16583
2.16825
2.16897
2.17569
2.17612
2.17396
2.17423
2.1581
2.15828
2.12737
2.12767
2.0819
2.0823
2.40321
2.42629
2.28618
2.28747
2.2327
2.23332
2.18811
2.18609
2.16823
2.1668
2.16621
2.16526
2.16681
2.16606
2.16609
2.16552
2.16414
2.16377
2.16306
2.16283
2.163
2.16289
2.16432
2.16433
2.16505
2.16544
2.16587
2.16656
2.17211
2.1727
2.17705
2.17747
2.17058
2.1708
2.14101
2.14139
2.11144
2.11165
2.05051
2.05108
-0.195459
-0.4679
-1.00363
-1.9433
-2.91485
-3.79974
-4.58995
-4.80524
-4.38081
-3.76695
-3.21057
-2.76417
-2.3915
-2.15752
-1.99962
-1.89945
-1.87443
-1.9391
-1.96883
-0.254608
-0.831619
-1.80702
-2.87298
-3.90438
-4.67318
-4.65587
-4.10657
-3.4301
-2.84231
-2.41475
-2.10842
-1.86513
-1.73177
-1.66116
-1.62029
-1.68678
-1.71561
-1.68641
-1.52655
-1.42908
-1.38709
-1.35607
-1.4295
-1.45519
-1.84371
-1.58498
-1.94691
-1.82456
-1.81509
-1.69703
-1.5702
-1.55897
-1.4432
-0.191575
-0.770615
-1.60248
-2.58262
-3.53086
-4.08268
-3.94845
-3.37315
-2.70813
-2.24233
-1.94337
-1.97552
-1.97459
-1.72736
-1.72515
-1.46773
-1.46545
-1.85289
-1.85135
-1.59844
-1.59605
-0.301847
-0.24566
-0.127075
-0.0430638
0.255786
0.0252685
-0.384706
-0.293697
-0.238351
-0.610359
-0.518412
-0.344341
-0.296348
0.0855632
-0.484177
-0.384264
-0.20745
-0.12863
0.275284
-0.00972851
-0.659576
-0.627675
-0.576377
-0.495957
-0.568247
-0.51128
-0.554667
-0.480515
-0.407922
-0.448867
-0.465704
-0.392452
-0.398149
-0.341682
-0.293981
-0.316458
-0.392599
-0.38922
-0.250643
-0.661527
-0.662084
-0.581523
-0.579986
-0.628619
-0.628089
-0.506979
-0.503555
)
;

boundaryField
{
    inlet
    {
        type            zeroGradient;
    }
    outlet
    {
        type            fixedValue;
        value           nonuniform List<scalar> 0();
    }
    wall
    {
        type            zeroGradient;
    }
    empty_zmin
    {
        type            empty;
    }
    empty_zmax
    {
        type            empty;
    }
    procBoundary0to1
    {
        type            processor;
        value           nonuniform List<scalar> 
35
(
-1.22396
-1.1696
-1.11519
-1.09113
-1.3044
-1.09019
-1.3044
-1.32327
-1.31812
-0.388664
-0.882687
-1.43967
-2.24787
-2.88426
-3.16598
-2.8923
-2.32484
-1.9118
-1.70668
-1.42441
-1.33517
-1.33316
-0.198552
-0.166372
-0.119632
-0.16383
-0.212729
-0.0520651
-0.169394
-0.248824
-0.199429
-0.16383
-0.253696
-0.0979721
-0.253696
)
;
    }
}


// ************************************************************************* //
