/*--------------------------------*- C++ -*----------------------------------*\
| =========                 |                                                 |
| \\      /  F ield         | OpenFOAM: The Open Source CFD Toolbox           |
|  \\    /   O peration     | Version:  2406                                  |
|   \\  /    A nd           | Website:  www.openfoam.com                      |
|    \\/     M anipulation  |                                                 |
\*---------------------------------------------------------------------------*/
FoamFile
{
    version     2.0;
    format      ascii;
    arch        "LSB;label=32;scalar=64";
    class       volScalarField;
    location    "2.02";
    object      Co;
}
// * * * * * * * * * * * * * * * * * * * * * * * * * * * * * * * * * * * * * //

dimensions      [0 0 0 0 0 0 0];

internalField   nonuniform List<scalar> 
2367
(
0.0785693
0.0775695
0.0775211
0.0777771
0.0746159
0.0716255
0.134163
0.128121
0.132662
0.133215
0.14146
0.145498
0.0987219
0.0504477
0.103969
0.0532927
0.0296154
0.0348571
0.0450227
0.0533371
0.0631721
0.0657721
0.0615185
0.051792
0.0402226
0.0321323
0.120739
0.118957
0.0655692
0.1289
0.129771
0.0662683
0.0660462
0.065994
0.135818
0.135637
0.0777078
0.0778853
0.0773262
0.0739252
0.0674012
0.112223
0.0901548
0.0643893
0.0472323
0.0551288
0.0862729
0.111418
0.14312
0.0768221
0.145507
0.149113
0.0813657
0.0831461
0.0847317
0.0843179
0.155593
0.129381
0.0941237
0.0572512
0.0317048
0.0385453
0.0838242
0.124617
0.161157
0.0866462
0.0876968
0.0862076
0.0819183
0.0785661
0.0759446
0.0742657
0.139963
0.133869
0.156155
0.162232
0.0919137
0.0939944
0.0957914
0.19103
0.180499
0.164156
0.185436
0.203103
0.0963467
0.0927433
0.0910228
0.087164
0.0820356
0.0782426
0.146958
0.140496
0.164725
0.17207
0.0936382
0.101189
0.205717
0.223232
0.217379
0.233748
0.218315
0.100874
0.0932075
0.0877937
0.0846455
0.0815294
0.154953
0.147265
0.175058
0.185096
0.103682
0.213092
0.223574
0.248701
0.239255
0.21372
0.10139
0.0941535
0.0887451
0.0839236
0.160242
0.152442
0.18328
0.193743
0.105494
0.213111
0.235901
0.239997
0.220652
0.0990757
0.0930045
0.0896408
0.0860593
0.16552
0.156988
0.189282
0.198399
0.107304
0.215632
0.223809
0.211622
0.214955
0.100039
0.095843
0.0913968
0.0874038
0.169168
0.161123
0.192027
0.199939
0.107118
0.213831
0.225522
0.21602
0.211953
0.0970772
0.0921028
0.0886565
0.0866948
0.170902
0.163809
0.193127
0.196987
0.10525
0.215398
0.233821
0.218399
0.213736
0.0952125
0.0905785
0.0873627
0.0859819
0.170287
0.165762
0.196692
0.19664
0.101806
0.207478
0.211164
0.182413
0.201638
0.0936833
0.0907883
0.0885542
0.0868511
0.171972
0.165687
0.197525
0.199283
0.101044
0.103666
0.209569
0.0740654
0.177562
0.209199
0.0954786
0.0920451
0.0897125
0.0874621
0.171689
0.163657
0.197388
0.199999
0.103264
0.104277
0.20475
0.0521458
0.0148171
0.0612182
0.177991
0.098568
0.095485
0.0927406
0.0883655
0.0866347
0.171268
0.160362
0.196853
0.200685
0.100868
0.100957
0.0934979
0.0816436
0.00685262
0.0142561
0.0215892
0.0226057
0.0437416
0.0929774
0.0958376
0.0931322
0.090597
0.0876324
0.08603
0.169229
0.155828
0.196346
0.200145
0.101801
0.101318
0.0955305
0.0415673
0.0257678
0.0418161
0.0484208
0.0598289
0.057516
0.0479182
0.0329221
0.0273999
0.0105738
0.058687
0.0943447
0.0952693
0.0909993
0.0888976
0.0867043
0.0848223
0.16677
0.150217
0.195555
0.201153
0.102165
0.104068
0.0994694
0.0509505
0.0245098
0.029513
0.0545106
0.0554449
0.0316099
0.0555389
0.0503181
0.022881
0.0207793
0.0722006
0.0933957
0.0943978
0.0905455
0.0871694
0.0851966
0.0834119
0.164384
0.14387
0.0592847
0.0325537
0.0361806
0.0357051
0.0311591
0.0367809
0.0402931
0.0377889
0.0302116
0.0252696
0.0762953
0.0891189
0.0871068
0.0836221
0.0827481
0.0824022
0.0811119
0.160771
0.137178
0.0687221
0.041726
0.0437599
0.0423219
0.0351826
0.0393817
0.046134
0.0469172
0.0383885
0.0262237
0.0758984
0.0845621
0.0836215
0.0808038
0.0794664
0.0788987
0.0783874
0.156062
0.130499
0.11463
0.119732
0.121817
0.127191
0.129485
0.134683
0.13848
0.144579
0.115177
0.124941
0.136811
0.0732724
0.118286
0.0303653
0.034596
0.0630171
0.10497
0.130458
0.13584
0.148059
0.136584
0.137983
0.148981
0.15393
0.183094
0.199882
0.196873
0.172788
0.18627
0.202659
0.200409
0.144557
0.158392
0.163139
0.233231
0.241108
0.240767
0.21985
0.224037
0.239263
0.240254
0.15027
0.16784
0.171764
0.271814
0.246094
0.264098
0.155007
0.176013
0.17916
0.247304
0.233374
0.230487
0.23153
0.221802
0.225575
0.159165
0.182375
0.184609
0.222916
0.220433
0.220148
0.213071
0.211766
0.212947
0.162748
0.186824
0.188341
0.224421
0.230844
0.236949
0.216075
0.225721
0.21995
0.164989
0.19009
0.191537
0.224312
0.218225
0.23146
0.222232
0.219721
0.209985
0.166297
0.19108
0.190117
0.0863193
0.129478
0.164999
0.188669
0.186691
0.0368116
0.0538624
0.112787
0.0989264
0.0838907
0.162261
0.184529
0.181723
0.0120501
0.00920138
0.0565553
0.039402
0.0310939
0.158263
0.178343
0.173577
0.0228985
0.0346604
0.0286329
0.0508766
0.0427462
0.067542
0.0479685
0.0268007
0.0338598
0.0205751
0.0103391
0.021721
0.153204
0.167564
0.161229
0.147085
0.15407
0.145273
0.14063
0.133781
0.127473
0.119913
0.133391
0.128916
0.12118
0.141096
0.137634
0.130004
0.140182
0.136143
0.130181
0.141321
0.142297
0.136279
0.147571
0.14285
0.139214
0.160297
0.153748
0.106211
0.111641
0.121836
0.0739757
0.0743283
0.0928303
0.051254
0.0449029
0.0658716
0.0437146
0.0356488
0.0402372
0.0717068
0.0667499
0.043257
0.098655
0.104015
0.0858733
0.115753
0.127454
0.120019
0.144271
0.142601
0.146173
0.148076
0.158352
0.153119
0.150854
0.164025
0.162777
0.162263
0.157771
0.157048
0.165711
0.16567
0.160191
0.138977
0.146318
0.150546
0.159802
0.166652
0.161669
0.166438
0.177853
0.171682
0.201333
0.204586
0.194593
0.192438
0.196298
0.208083
0.145609
0.152051
0.156511
0.168187
0.175339
0.170272
0.177887
0.183767
0.180484
0.215302
0.229993
0.22354
0.209581
0.21975
0.228242
0.152664
0.157211
0.161378
0.17987
0.18347
0.178547
0.192553
0.194479
0.18867
0.217316
0.225114
0.215117
0.23925
0.257789
0.240416
0.224496
0.232233
0.249114
0.211915
0.210343
0.219583
0.158025
0.161647
0.164951
0.188371
0.190225
0.185493
0.201987
0.197055
0.19426
0.227169
0.224762
0.217444
0.209011
0.209414
0.216984
0.162982
0.165258
0.168252
0.193885
0.19325
0.189571
0.20683
0.200065
0.196977
0.224475
0.221001
0.218454
0.207829
0.206317
0.210715
0.166536
0.167378
0.16954
0.195831
0.19365
0.191534
0.207906
0.198947
0.197049
0.22276
0.230732
0.22218
0.201982
0.208007
0.21755
0.168322
0.16894
0.170091
0.194184
0.196886
0.196405
0.202091
0.202107
0.198293
0.226225
0.224659
0.215174
0.201681
0.199515
0.21091
0.170154
0.17212
0.172408
0.197064
0.198439
0.197241
0.197786
0.204595
0.201067
0.21377
0.209751
0.203075
0.18438
0.160084
0.208458
0.203867
0.213216
0.172675
0.194372
0.197093
0.208749
0.172095
0.172932
0.17437
0.198505
0.198724
0.197289
0.199853
0.203309
0.20004
0.172646
0.164826
0.206172
0.210487
0.205866
0.175466
0.199175
0.19748
0.207307
0.171572
0.172456
0.174663
0.199479
0.199936
0.197146
0.20021
0.203194
0.20118
0.169143
0.176123
0.20377
0.0130447
0.0132781
0.0668961
0.0958749
0.0988012
0.0486838
0.201073
0.200602
0.183105
0.1704
0.170372
0.172557
0.199655
0.198789
0.196544
0.200721
0.198516
0.198428
0.0145006
0.0250951
0.0954421
0.0100796
0.0219653
0.0193613
0.0304272
0.0208848
0.00985033
0.109535
0.130012
0.0534123
0.168174
0.168025
0.170644
0.199266
0.201328
0.196713
0.20108
0.202326
0.201549
0.0340467
0.0453358
0.0389467
0.0437695
0.0515017
0.0511114
0.0512834
0.0511443
0.0520517
0.0629082
0.0583295
0.0559987
0.0522311
0.0499744
0.0562918
0.0409977
0.0403167
0.0457503
0.0232796
0.0284374
0.0401464
0.0124583
0.0199421
0.0350298
0.0264942
0.0342484
0.0146231
0.165421
0.164725
0.167921
0.200815
0.201706
0.194194
0.200846
0.202739
0.202237
0.0538469
0.0612594
0.0607571
0.0604049
0.059299
0.0571878
0.0524992
0.066934
0.0691008
0.0413069
0.0488657
0.0632919
0.162144
0.161077
0.164724
0.158162
0.156527
0.16018
0.153631
0.152164
0.155592
0.247481
0.191028
0.112369
0.107196
0.121646
0.0978615
0.0228066
0.0204161
0.0923367
0.0733061
0.0154312
0.00638319
0.0717348
0.0486029
0.0466498
0.0231783
0.0553735
0.0291865
0.0453974
0.0352534
0.0551606
0.0326369
0.103525
0.0785431
0.0172355
0.00731163
0.245818
0.184419
0.206244
0.135821
0.228655
0.101777
0.134087
0.0262757
0.139441
0.103408
0.105866
0.055239
0.112476
0.0593903
0.117993
0.0626584
0.121366
0.0642787
0.123662
0.0645165
0.125701
0.0639068
0.126623
0.0605755
0.123723
0.0542059
0.117014
0.0459404
0.106714
0.0369507
0.0932033
0.0283028
0.0788308
0.0206118
0.0630427
0.0133435
0.048111
0.00673866
0.035433
0.00232466
0.0252421
0.00479766
0.237529
0.174919
0.221099
0.135821
0.233185
0.0841915
0.151773
0.0410676
0.142497
0.106305
0.128199
0.0922082
0.0190712
0.01081
0.153962
0.112782
0.068188
0.0509581
0.0925725
0.0693783
0.038512
0.0284212
0.0409797
0.0113136
0.0506642
0.0269419
0.0775059
0.0556823
0.0725739
0.0552287
0.227314
0.129636
0.196735
0.05938
0.10997
0.0575779
0.115749
0.0612271
0.119941
0.063746
0.122804
0.0645165
0.12437
0.064334
0.126113
0.0625755
0.125325
0.0575274
0.121425
0.0504408
0.112449
0.0415091
0.100162
0.0324913
0.0863157
0.0244095
0.071119
0.0169389
0.0554238
0.00996307
0.0415723
0.00382809
0.0300931
0.00318311
0.0212331
0.00624774
0.0871213
0.0423331
0.0960743
0.049216
0.106723
0.056967
0.117401
0.0651184
0.12891
0.0736148
0.138577
0.0805982
0.146544
0.0857741
0.152124
0.0879799
0.155109
0.0875885
0.159447
0.0842026
0.159258
0.0748096
0.15104
0.0590305
0.134301
0.0425147
0.111788
0.0271925
0.0804946
0.0134495
0.0418685
0.00451959
0.0283093
0.0131784
0.255794
0.192768
0.150884
0.111115
0.23907
0.157281
0.239215
0.122172
0.169588
0.0323458
0.0585415
0.0576603
0.146012
0.0914248
0.0143128
0.0100042
0.0408728
0.0221392
0.159205
0.118424
0.0990818
0.0773408
0.123457
0.0910726
0.122967
0.0965398
0.0229082
0.0188543
0.1382
0.102877
0.24217
0.184255
0.103878
0.106251
0.0937677
0.0464945
0.102403
0.0531871
0.113049
0.0613394
0.12387
0.0695
0.133316
0.0771077
0.142237
0.0832959
0.149342
0.087206
0.153651
0.0879799
0.157598
0.0866918
0.159226
0.0799352
0.157127
0.0677757
0.143186
0.0504674
0.124231
0.0348481
0.0972359
0.020003
0.0623474
0.00702296
0.025877
0.00697135
0.0401626
0.0224333
0.0522777
0.0439035
0.00840377
0.00587507
0.0370852
0.0091069
0.0676333
0.028634
0.0522737
0.029665
0.034017
0.0186003
0.0298103
0.0156954
0.0183142
0.00577223
0.0116602
0.00566003
0.0601108
0.0475985
0.147694
0.108546
0.245716
0.166215
0.120029
0.0499034
0.0532424
0.0597248
0.190216
0.201312
0.0987705
0.0974417
0.0962032
0.180521
0.198526
0.100011
0.100884
0.099799
0.135677
0.125907
0.116805
0.108363
0.200035
0.197854
0.185719
0.200955
0.199196
0.199086
0.195608
0.193031
0.175669
0.198593
0.19897
0.197045
0.043416
0.0294901
0.0408897
0.0354089
0.0427155
0.0334345
0.0397771
0.0354089
0.0388246
0.0376537
0.04151
0.0461473
0.0510898
0.0549302
0.0344508
0.0387233
0.0458771
0.0530521
0.0602701
0.0582846
0.0560411
0.0530895
0.0480077
0.0434504
0.0594867
0.0549374
0.0496389
0.0423612
0.035929
0.108884
0.108572
0.0550005
0.111319
0.11023
0.0589687
0.116174
0.115602
0.0591388
0.0594755
0.0642651
0.0622378
0.10118
0.104234
0.104337
0.108761
0.109154
0.113308
0.109018
0.115245
0.113969
0.107772
0.113157
0.114816
0.110545
0.121472
0.118435
0.111853
0.125221
0.123467
0.116239
0.124962
0.122456
0.115596
0.123801
0.125624
0.0646396
0.0277338
0.0712271
0.0316825
0.0781273
0.0366411
0.0691885
0.0300376
0.0775295
0.0350459
0.0837001
0.0395881
0.0933095
0.0943981
0.0949882
0.0954146
0.095699
0.0958918
0.0960033
0.0960653
0.0961114
0.0961579
0.0961845
0.0962064
0.0962123
0.0961918
0.0961714
0.0961401
0.0961122
0.0960537
0.0959308
0.0958737
0.0955772
0.0951006
0.094364
0.0955392
0.0939067
0.0925528
0.0939181
0.0948121
0.095315
0.095644
0.0958572
0.0959767
0.0960618
0.0961392
0.0961688
0.0962099
0.0962309
0.0962128
0.0961785
0.0961061
0.0960694
0.0959239
0.0957414
0.0955361
0.0952145
0.0941803
0.0930058
0.0954361
0.0987221
0.0956053
0.0469259
0.0469787
0.0471709
0.0473552
0.0475329
0.0476669
0.0477682
0.0478439
0.0478933
0.04793
0.0479529
0.0479568
0.0479334
0.0478922
0.0478238
0.0477224
0.0475756
0.0474323
0.0474047
0.0477276
0.0960719
0.100237
0.10063
0.0978622
0.0479755
0.0474788
0.0473882
0.0474743
0.0475692
0.0476679
0.047753
0.0478444
0.047917
0.047959
0.0479899
0.0480081
0.0480151
0.0479819
0.0479296
0.0478221
0.0477039
0.0477058
0.048201
0.0490096
0.0990583
0.100864
0.100953
0.0988601
0.0483911
0.0478894
0.0476579
0.0475837
0.0476226
0.0476845
0.0477441
0.0478104
0.0478901
0.0479537
0.0479973
0.0480321
0.0480529
0.0480421
0.0480402
0.0480036
0.0480261
0.048328
0.0486735
0.0491808
0.0997359
0.100041
0.101046
0.0992919
0.0488319
0.0482376
0.0478155
0.047659
0.0476215
0.0476727
0.047732
0.0477988
0.0478626
0.0479914
0.0480684
0.0480749
0.0481149
0.0481639
0.048167
0.0482062
0.0482564
0.0485063
0.0491214
0.0497673
0.100785
0.0992042
0.101143
0.09951
0.0487997
0.048451
0.0481823
0.0478653
0.0477068
0.0476753
0.0477185
0.0477802
0.0478017
0.0478
0.0479529
0.0481427
0.0481874
0.0482616
0.0483423
0.0484482
0.0486566
0.0491422
0.0495021
0.0497683
0.100451
0.0982998
0.101149
0.0995621
0.0490921
0.0485041
0.0481067
0.047956
0.0477923
0.0477258
0.0477266
0.0478121
0.0479692
0.0480952
0.0480836
0.0481534
0.048303
0.0484207
0.0485052
0.0486712
0.0486624
0.0489724
0.0496513
0.0501575
0.10123
0.0974328
0.100901
0.0994517
0.0488531
0.0485483
0.0482586
0.0479484
0.0477689
0.0476247
0.0475951
0.047686
0.0477728
0.0479536
0.0481944
0.0483635
0.0484778
0.0486757
0.0488597
0.0490476
0.0493863
0.0497981
0.0501131
0.0502765
0.100978
0.0968198
0.100789
0.0996015
0.0491234
0.0486643
0.0483106
0.0479915
0.047844
0.0478377
0.0477501
0.0477268
0.0478131
0.0479117
0.0479997
0.048219
0.0485178
0.0487869
0.0490191
0.0491719
0.049275
0.0493475
0.049697
0.0503307
0.101821
0.096261
0.100948
0.099602
0.0491366
0.048753
0.0483716
0.0480591
0.0478848
0.047734
0.0475799
0.0476893
0.0478844
0.0482006
0.0484643
0.0486698
0.048845
0.0490717
0.0494107
0.0497244
0.0501394
0.0506106
0.0508706
0.0508729
0.101824
0.0958634
0.100918
0.0998099
0.0491755
0.0489118
0.0486259
0.0483103
0.0479605
0.0475865
0.0474949
0.0476479
0.0478058
0.0479637
0.0482727
0.0486714
0.0490787
0.0494082
0.0496271
0.0498375
0.0499532
0.0499209
0.0502457
0.0510516
0.102982
0.095642
0.100958
0.0999146
0.0498853
0.0493776
0.0489189
0.0484876
0.0480145
0.0476486
0.047507
0.0476294
0.0478707
0.0480677
0.0484119
0.0488598
0.0492173
0.0496605
0.0501098
0.0503679
0.0508482
0.0513824
0.0516312
0.0517483
0.102993
0.0957985
0.101173
0.100512
0.049698
0.0495161
0.0491809
0.0486939
0.0482207
0.0478897
0.0475227
0.0474118
0.0476718
0.0481234
0.0486067
0.0490113
0.0494847
0.0499497
0.0505141
0.0510349
0.0512807
0.051296
0.051525
0.0522568
0.104368
0.0961221
0.101704
0.10106
0.0507315
0.050142
0.0495609
0.0491333
0.0488331
0.0481682
0.0474396
0.047274
0.0476951
0.0484663
0.0491027
0.0497557
0.0503746
0.0508239
0.051189
0.0516401
0.052147
0.0525734
0.0525535
0.0527618
0.105784
0.096894
0.102476
0.101832
0.0505073
0.0505413
0.0502839
0.0495441
0.0485622
0.0477404
0.0472088
0.0471113
0.0475381
0.0480408
0.0487628
0.0496083
0.0506438
0.0515163
0.0519424
0.0522179
0.0523019
0.0522245
0.0527328
0.0533374
0.105389
0.0977203
0.10334
0.102419
0.0523938
0.0514332
0.0505457
0.0499836
0.0495406
0.0486219
0.0471292
0.0463391
0.0466509
0.047455
0.048544
0.0497824
0.0509098
0.0521121
0.0530535
0.0534162
0.0538651
0.0543275
0.0542773
0.0544039
0.107298
0.0991615
0.104387
0.103647
0.0522658
0.0518388
0.0515771
0.0508929
0.0496973
0.0479898
0.0464131
0.0456951
0.0460289
0.0468761
0.0480028
0.0496035
0.0514072
0.0524908
0.0532247
0.0540658
0.0543599
0.0543584
0.0548405
0.055266
0.107884
0.100775
0.106445
0.105953
0.0541017
0.0533334
0.0522855
0.0508739
0.0490447
0.0472275
0.0453505
0.0442441
0.0446528
0.0461906
0.0479012
0.0494472
0.0510162
0.0530023
0.0547536
0.0557965
0.0564567
0.0570449
0.0568058
0.056661
0.111121
0.102855
0.0447926
0.0429666
0.0430935
0.0450746
0.0473266
0.0496685
0.0515335
0.0531029
0.0548955
0.0570809
0.0580137
0.058044
0.0583746
0.0586284
0.112087
0.105438
0.0438411
0.0407391
0.0406584
0.0435451
0.0467485
0.050533
0.0543012
0.0575261
0.0589812
0.0591175
0.0599323
0.0603767
0.0602099
0.0598228
0.115705
0.108861
0.057577
0.0602746
0.0619635
0.0624214
0.062309
0.0626023
0.0625386
0.118233
0.112612
0.0646858
0.0662095
0.0651602
0.0652443
0.066337
0.0663632
0.064923
0.122472
0.1172
0.0664149
0.0708063
0.073803
0.0731733
0.0713774
0.070085
0.068628
0.127885
0.121994
0.109249
0.105726
0.111288
0.105002
0.105129
0.105187
0.10506
0.10533
0.105259
0.105431
0.105389
0.105483
0.105459
0.105517
0.105503
0.105534
0.105528
0.105541
0.105539
0.105552
0.105545
0.105563
0.105559
0.105562
0.105562
0.105565
0.105567
0.105564
0.105564
0.105555
0.10556
0.105535
0.105549
0.105503
0.105518
0.105467
0.105485
0.105432
0.105448
0.105307
0.105374
0.105141
0.105248
0.105055
0.105003
0.111332
0.105752
0.109246
0.0954987
0.0920953
0.0921519
0.0954052
0.0982539
0.0983323
0.10011
0.100612
0.100859
0.100628
0.100096
0.100508
0.0996237
0.0990048
0.0995276
0.0985501
0.0978942
0.0987263
0.0975091
0.0968093
0.0979541
0.096489
0.0958643
0.0972043
0.0953874
0.0949406
0.0963571
0.0944777
0.0940517
0.0958144
0.0938131
0.0933835
0.0956431
0.0931348
0.0929334
0.0961176
0.092998
0.0932064
0.096624
0.0931967
0.0936004
0.0976994
0.0932417
0.0942532
0.0980628
0.0936802
0.0952945
0.0993231
0.0948018
0.096441
0.101258
0.0964497
0.098565
0.103104
0.0982474
0.100865
0.105867
0.109657
0.112784
0.117697
0.121862
0.127354
0.0553224
0.054284
0.0525398
0.0498756
0.0469107
0.0575563
0.0556874
0.0535392
0.0508327
0.0475451
0.0942527
0.0927774
0.0913582
0.0946371
0.0943048
0.0937308
0.0952608
0.0947789
0.0945132
0.095565
0.09526
0.0950155
0.0958082
0.0956395
0.0954691
0.0959558
0.0958239
0.0957385
0.0960378
0.0959581
0.0958905
0.0960897
0.0960624
0.0960105
0.0961361
0.0961193
0.0960959
0.0961733
0.0961509
0.0961382
0.0961924
0.0961782
0.0961655
0.0962171
0.0961814
0.0961783
0.0961994
0.0961925
0.0961853
0.0961836
0.0961997
0.0961923
0.0961567
0.0961776
0.0961856
0.0961263
0.0961212
0.0961559
0.0960969
0.0959866
0.0960464
0.0959872
0.0958776
0.0959401
0.0959039
0.095585
0.095775
0.095733
0.0951353
0.0953681
0.0953836
0.0944352
0.0948296
0.0947186
0.093531
0.0940749
0.0932974
0.0915056
0.0929592
0.0927786
0.0945707
0.0963769
0.0931897
0.0937251
0.0937697
0.0945251
0.0946387
0.0941775
0.0951306
0.0952218
0.0948684
0.0955215
0.0955536
0.0953124
0.0957861
0.0957405
0.0955952
0.0959352
0.0958874
0.0957789
0.0960262
0.0959993
0.095926
0.0961007
0.0960797
0.0960303
0.0961652
0.0961545
0.0961077
0.0961947
0.0962111
0.0961684
0.0962304
0.0962305
0.0962225
0.0962375
0.0962456
0.0962238
0.0962105
0.0962526
0.0962388
0.0961709
0.0962297
0.096205
0.0961024
0.0961443
0.096184
0.0960435
0.0959893
0.0960195
0.095831
0.0958195
0.0959308
0.0956908
0.0955296
0.0956595
0.0953228
0.0949707
0.0953851
0.0948252
0.094656
0.095022
0.0931822
0.0940311
0.0942009
0.0939089
0.0962881
0.0944444
0.0969827
0.0976556
0.099662
0.0938804
0.0955313
0.0962187
0.0986752
0.0998405
0.098062
0.0991404
0.0990956
0.100606
0.0964955
0.097364
0.0978923
0.100743
0.100933
0.0996126
0.0999142
0.0995625
0.100744
0.0975316
0.0981375
0.0986242
0.101293
0.101104
0.100003
0.100191
0.0997111
0.100736
0.0983635
0.0985685
0.0989281
0.10158
0.10133
0.100412
0.10057
0.0996348
0.100516
0.0982089
0.0988663
0.0990925
0.101606
0.101604
0.100856
0.1007
0.0999352
0.10056
0.0988581
0.099031
0.0992983
0.101649
0.101762
0.101098
0.100484
0.100029
0.100624
0.0983207
0.0989489
0.0993139
0.101935
0.101636
0.101295
0.100548
0.0998917
0.100411
0.0990013
0.0989686
0.0991965
0.102185
0.102177
0.101719
0.100749
0.10053
0.100736
0.0987151
0.0990416
0.0995869
0.102552
0.102829
0.103002
0.100857
0.101138
0.100958
0.0990579
0.099218
0.100235
0.102934
0.103946
0.104185
0.100653
0.101806
0.101528
0.0996954
0.100847
0.101136
0.103317
0.10514
0.105548
0.100952
0.102332
0.102335
0.100317
0.100291
0.101349
0.1042
0.106819
0.107627
0.101562
0.103933
0.103582
0.1012
0.102297
0.102736
0.105497
0.107035
0.108032
0.102489
0.105758
0.104977
0.101957
0.102055
0.104133
0.105485
0.108811
0.109958
0.103221
0.107436
0.106024
0.102927
0.107341
0.107699
0.107226
0.110537
0.112044
0.10413
0.110687
0.108579
0.102916
0.109848
0.111281
0.108401
0.113232
0.114878
0.106649
0.111626
0.110096
0.104772
0.114758
0.113214
0.111102
0.114823
0.116536
0.112081
0.120059
0.122675
0.116195
0.121949
0.124277
0.11817
0.128301
0.131688
0.123438
0.131474
0.134603
0.127146
0.137143
0.141442
0.105518
0.0852096
0.0984199
0.0616978
0.0936762
0.0449746
0.0816778
0.031954
0.0712176
0.0255698
0.0632729
0.0221902
0.0564725
0.0198622
0.0510326
0.0181991
0.0471574
0.0170357
0.0440765
0.0161178
0.042111
0.0155811
0.0414461
0.0154986
0.0436548
0.0160541
0.0472121
0.0172657
0.0503275
0.0194274
0.0529417
0.0211804
0.0565131
0.02297
0.0598721
0.0254488
0.0630106
0.0274429
0.0675238
0.0299295
0.0739183
0.0336638
0.0790554
0.0373967
0.0848643
0.0411417
0.0921325
0.0459293
0.106984
0.0982877
0.0988368
0.0705093
0.0972265
0.0533632
0.0877552
0.0374456
0.0760313
0.0281881
0.0669371
0.0236369
0.0597611
0.0209366
0.0537284
0.0190188
0.0490546
0.0176196
0.0452889
0.0164541
0.0427162
0.0157243
0.0413167
0.0154986
0.0429877
0.0158693
0.0460584
0.0168215
0.0507804
0.0188661
0.0523685
0.0205493
0.0551235
0.0222122
0.060007
0.0247325
0.0625623
0.0268614
0.0671421
0.0292922
0.0733903
0.0324932
0.0791408
0.0363939
0.0844848
0.0400394
0.0912202
0.0442829
0.0976064
0.0488626
0.105553
0.0852023
0.0983723
0.0615591
0.0934278
0.0446576
0.0813528
0.0315652
0.0705599
0.0250006
0.0623155
0.0214605
0.0554785
0.0190501
0.049742
0.0171692
0.0450073
0.0155988
0.0415834
0.0144523
0.0391314
0.0136764
0.037491
0.0131945
0.0386957
0.0133269
0.0419325
0.0143098
0.0449981
0.0158783
0.0478489
0.0176289
0.0513259
0.0197424
0.055209
0.0219811
0.0591033
0.024515
0.106991
0.0982877
0.0988817
0.0704585
0.097154
0.0531399
0.087435
0.0370835
0.07544
0.027681
0.0661219
0.0229967
0.0585132
0.0201068
0.0521796
0.0179687
0.0472042
0.0163374
0.0432773
0.0150525
0.0401478
0.0139926
0.0382226
0.0133826
0.0376214
0.0131945
0.0403892
0.0137776
0.0440497
0.0152165
0.0473311
0.017065
0.0507568
0.0189931
0.0539711
0.0210648
0.0585697
0.0237117
0.063251
0.0264719
0.0799297
0.0498568
0.0482563
0.0457462
0.0386605
0.0363311
0.0492709
0.0507996
0.0449739
0.0283173
0.0706812
0.0788748
0.0787722
0.0769286
0.0767979
0.076594
0.0763901
0.152324
0.124485
0.0608095
0.045695
0.04075
0.0339168
0.0264941
0.0432205
0.0491882
0.0470844
0.0316254
0.0598694
0.072557
0.0733181
0.0740369
0.0751052
0.0750634
0.074624
0.14884
0.119371
0.0700858
0.0717838
0.0719722
0.0718633
0.0720678
0.14503
0.115113
0.121906
0.117135
0.149508
0.148021
0.151598
0.145789
0.144454
0.147924
0.142539
0.0824409
0.0533298
0.036781
0.0270802
0.0176026
0.0254907
0.03815
0.0406679
0.030081
0.04497
0.0670928
0.0173348
0.00737083
0.0109205
0.00881394
0.00644024
0.00934374
0.0139722
0.0082171
0.00847931
0.00920806
0.147506
0.193687
0.101749
0.107714
0.113957
0.108995
0.0621803
0.182408
0.198398
0.170546
0.19617
0.10085
0.10511
0.106166
0.160834
0.195402
0.101455
0.106495
0.110593
0.0956293
0.100217
0.0914173
0.081935
0.0719053
0.190879
0.188671
0.165863
0.197756
0.198594
0.195264
0.187106
0.184868
0.155114
0.198721
0.198903
0.194253
0.0275741
0.021163
0.0195999
0.0399254
0.0345471
0.0344622
0.0275748
0.0381579
0.0316327
0.0303011
0.0236654
)
;

boundaryField
{
    inlet
    {
        type            zeroGradient;
    }
    outlet
    {
        type            zeroGradient;
    }
    wall
    {
        type            zeroGradient;
    }
    empty_zmin
    {
        type            empty;
    }
    empty_zmax
    {
        type            empty;
    }
    procBoundary0to1
    {
        type            processor;
        value           nonuniform List<scalar> 
35
(
0.0663301
0.065938
0.0670947
0.0690638
0.144049
0.0706593
0.144049
0.113618
0.141367
0.102965
0.0790988
0.0559704
0.0374759
0.0199207
0.00700539
0.0191807
0.0283994
0.022069
0.0308911
0.0621666
0.00505511
0.00941515
0.138551
0.191573
0.100085
0.197592
0.106293
0.114107
0.114666
0.0530037
0.178392
0.197592
0.0260235
0.0182443
0.0260235
)
;
    }
}


// ************************************************************************* //
