/*--------------------------------*- C++ -*----------------------------------*\
| =========                 |                                                 |
| \\      /  F ield         | OpenFOAM: The Open Source CFD Toolbox           |
|  \\    /   O peration     | Version:  2406                                  |
|   \\  /    A nd           | Website:  www.openfoam.com                      |
|    \\/     M anipulation  |                                                 |
\*---------------------------------------------------------------------------*/
FoamFile
{
    version     2.0;
    format      ascii;
    arch        "LSB;label=32;scalar=64";
    class       volVectorField;
    location    "4.63";
    object      U;
}
// * * * * * * * * * * * * * * * * * * * * * * * * * * * * * * * * * * * * * //

dimensions      [0 1 -1 0 0 0 0];

internalField   nonuniform List<vector> 
2284
(
(1.98689 0.290319 -2.36284e-21)
(2.04819 0.233935 8.21458e-22)
(2.08618 0.218349 -5.81855e-22)
(2.1791 -0.0334736 0)
(2.21453 -0.0545551 3.30297e-24)
(2.20084 -0.0988576 1.46995e-22)
(2.18634 -0.148418 -3.90719e-22)
(2.13764 0.223942 5.34845e-23)
(2.20481 0.264185 -5.80161e-22)
(2.25184 0.251164 5.27179e-22)
(2.34037 0.227609 -1.25074e-21)
(2.31027 0.178862 1.10517e-21)
(1.8283 -0.0180965 0)
(1.84677 -0.0173218 -1.89834e-24)
(2.21967 -0.043304 4.29369e-24)
(2.23408 -0.0444561 1.64157e-23)
(2.19226 -0.0293888 -2.44822e-24)
(2.20886 -0.0457594 -7.54103e-23)
(2.21859 -0.106395 4.93865e-23)
(2.23088 -0.0618366 2.42655e-23)
(0.946238 -0.00391883 0)
(0.396716 -0.000524473 0)
(0.961519 -0.00317719 0)
(0.405423 -0.000554992 0)
(2.02179 0.00444327 8.21805e-23)
(2.02156 0.00449827 4.20649e-23)
(2.0218 0.00393503 -8.06975e-26)
(2.02244 0.00365002 1.28126e-24)
(2.02348 0.00370904 -1.08818e-24)
(2.02493 0.00302232 2.53874e-24)
(2.02696 0.00266974 -2.52363e-24)
(2.02961 0.00125281 0)
(2.03299 0.000621449 -1.59362e-22)
(2.0384 -0.00142632 -7.99041e-23)
(2.04442 -0.000416458 -1.58776e-22)
(2.05334 -0.000403263 -7.84563e-23)
(2.0668 -0.000670343 -9.89384e-23)
(2.08067 -0.010308 -9.84125e-24)
(1.78018 -0.00486335 -2.70067e-24)
(2.02157 0.00497759 -8.1038e-23)
(2.0219 0.00501834 -6.43681e-25)
(2.02256 0.00480059 0)
(2.02372 0.00389617 1.80628e-25)
(2.02543 0.00328731 8.10462e-23)
(2.02783 0.00250694 0)
(2.03092 0.00114232 -7.92472e-23)
(2.03452 0.00138643 -1.54946e-25)
(2.03916 -0.00107804 6.31232e-25)
(2.04506 -0.000652092 7.87811e-23)
(2.05466 -0.00690599 9.54224e-27)
(2.06865 -0.00297127 -9.74517e-24)
(2.08172 -0.011594 3.89024e-23)
(1.77033 -0.00523268 0)
(2.02166 0.00488424 4.05213e-23)
(2.022 0.00491455 6.4189e-25)
(2.02295 0.00452392 0)
(2.0244 0.00440968 7.84916e-23)
(2.02628 0.0041507 -7.60081e-23)
(2.02869 0.00407095 -2.51774e-24)
(2.03148 0.00376889 7.99403e-23)
(2.03513 0.00430436 -7.64291e-23)
(2.04034 0.00183049 7.6402e-23)
(2.04657 0.0027806 7.75566e-23)
(2.05601 0.000388135 0)
(2.06971 -0.000128486 1.92934e-23)
(2.08304 -0.00991612 -4.82065e-23)
(1.76071 -0.00433212 0)
(1.77704 -0.00223265 0)
(1.76724 -0.00151639 0)
(1.75794 -0.00161126 -5.21793e-24)
(2.06429 -0.0049179 -1.21178e-23)
(2.06409 -0.00483267 9.59141e-24)
(2.0812 -0.000262111 5.86546e-23)
(2.06352 -0.00484473 -9.59128e-24)
(2.06337 -0.00446432 9.52304e-24)
(2.08222 0.00108976 -1.94542e-23)
(2.06294 -0.00472714 -1.59897e-26)
(2.06309 -0.00469689 8.68269e-24)
(2.08401 0.000959546 -3.84638e-23)
(2.03828 0.00634308 8.13586e-23)
(2.03255 0.00545481 8.20693e-23)
(2.02864 0.0054225 1.29412e-24)
(2.02575 0.0052083 1.65889e-22)
(2.02379 0.00504978 -1.29529e-24)
(2.0225 0.00472617 -1.64565e-22)
(2.05427 0.0059869 5.12173e-24)
(2.06505 0.005577 0)
(2.04669 0.00589685 2.05995e-23)
(2.03851 0.00624168 0)
(2.03275 0.00529938 -8.2078e-23)
(2.02873 0.00523995 -6.46592e-25)
(2.02587 0.00522818 -8.21248e-23)
(2.02382 0.00513578 2.54709e-24)
(2.02257 0.00517626 7.96906e-23)
(2.02182 0.00508745 -1.61782e-22)
(2.05232 0.00618044 -2.04555e-23)
(2.06541 0.00564717 0)
(2.04692 0.00447469 2.0554e-23)
(2.03886 0.00599469 -8.23709e-23)
(2.03285 0.00532424 0)
(2.0288 0.00542525 0)
(2.02585 0.00520402 -1.25703e-26)
(2.02395 0.00555027 -8.15625e-23)
(2.02253 0.00399214 2.48396e-24)
(2.02176 0.00620009 1.5666e-22)
(2.0503 0.00637563 5.0889e-24)
(2.06588 0.0055888 -1.02228e-23)
(2.04729 0.00476741 -2.31048e-23)
(2.03896 0.00572363 8.49475e-23)
(2.03295 0.0049725 0)
(2.0289 0.00498899 8.08148e-23)
(2.02587 0.00525154 1.58103e-22)
(2.02401 0.00373659 8.60646e-23)
(2.02211 0.00728152 -9.94131e-24)
(2.02134 0.00490536 -1.5678e-22)
(2.02173 0.0072464 4.29113e-23)
(2.02225 0.00648535 0)
(2.02324 0.00650799 0)
(2.02474 0.00644489 0)
(2.02654 0.00590725 8.5639e-23)
(2.02902 0.00541918 -4.9837e-24)
(2.03233 0.00281571 -4.94808e-24)
(2.03641 -4.3367e-05 8.38417e-23)
(2.04112 -0.00133838 0)
(2.04781 -0.00131867 -3.13845e-24)
(2.05721 -0.00414225 3.61061e-24)
(2.07155 -0.00110218 8.34391e-24)
(2.08441 -0.0120575 -1.90569e-23)
(1.75166 -0.00543315 7.8124e-24)
(2.04842 0.00603354 5.07392e-24)
(2.06656 0.00521286 -1.02041e-23)
(2.04776 0.00438168 -2.04529e-23)
(2.03915 0.00550134 0)
(2.03297 0.00433865 1.61285e-22)
(2.02884 0.00516915 -2.38993e-22)
(2.02559 0.0050505 -7.04296e-23)
(2.02348 0.0105456 1.33725e-26)
(2.02226 0.00542515 7.9266e-23)
(2.02143 0.00645383 6.92474e-23)
(2.02154 0.00399147 6.05183e-26)
(2.0221 0.00542202 0)
(2.02299 0.00656237 4.97566e-24)
(2.02463 0.00727048 -4.85651e-24)
(2.0268 0.00682941 -1.87972e-25)
(2.03001 0.00670276 9.83457e-24)
(2.03362 0.00653071 -9.78225e-26)
(2.03748 0.0117144 -9.79956e-24)
(2.0428 0.00802098 -7.69297e-23)
(2.04944 0.00680802 -1.53453e-22)
(2.05887 0.00126972 7.44815e-23)
(2.07403 -0.001248 1.18082e-24)
(2.08639 -0.0105923 -2.78538e-23)
(1.74302 -0.00467029 3.52497e-26)
(2.04669 0.00561092 1.76937e-23)
(2.06696 0.00471683 0)
(2.04804 0.00319575 -2.04263e-23)
(2.03932 0.00461871 8.21397e-23)
(2.03288 0.00387541 -3.22712e-22)
(2.0285 0.00432004 1.63226e-22)
(2.02482 0.00563633 -1.6627e-22)
(2.02231 -0.00232466 -2.07663e-23)
(2.02197 0.00849892 -4.98816e-23)
(2.02124 0.00571774 -9.00312e-23)
(2.02098 0.0114066 1.55963e-25)
(2.02171 0.0106971 1.01991e-23)
(2.02264 0.00834451 -5.15058e-24)
(2.02464 0.00814711 -7.93768e-23)
(2.02742 0.00761253 -8.01918e-23)
(2.03043 0.00734361 1.5867e-22)
(2.03395 0.00671028 -1.64575e-22)
(2.03831 -1.88169e-05 9.70405e-24)
(2.04435 -0.00247473 -7.54182e-23)
(2.05162 0.00142456 7.63009e-23)
(2.06143 -8.49115e-05 -7.56665e-23)
(2.07534 0.00191597 -7.38711e-23)
(2.08748 -0.00899229 -4.57389e-23)
(1.73499 -0.00375238 2.5277e-24)
(2.0451 0.0055684 2.01236e-23)
(2.06789 0.00427407 0)
(2.04846 0.0035491 -1.22263e-22)
(2.0395 0.00421299 -7.15089e-23)
(2.03285 0.00277361 2.9989e-22)
(2.02807 0.00324451 2.07495e-23)
(2.02473 0.00295319 3.07905e-22)
(2.02204 0.00995467 1.4552e-26)
(2.02009 -0.000770825 2.06168e-23)
(2.02004 0.00837629 8.20126e-23)
(2.01976 0.0015939 -4.15001e-23)
(2.02054 0.00634312 -5.13151e-24)
(2.02234 0.010752 -9.1723e-23)
(2.02465 0.0113247 9.90775e-24)
(2.02769 0.0116774 -1.56709e-22)
(2.03074 0.0114813 -1.58248e-22)
(2.03514 0.00916759 1.54938e-22)
(2.04034 0.0160723 -1.52136e-22)
(2.04558 0.0124776 1.52528e-22)
(2.05272 0.00654828 1.43484e-22)
(2.06272 0.00151917 6.93728e-24)
(2.07727 -0.000902311 7.15606e-23)
(2.09084 -0.0207517 -9.09072e-24)
(1.72806 -0.0055788 -5.01439e-24)
(2.04385 0.00519606 0)
(2.0687 0.00400271 -6.04705e-23)
(2.04909 0.00153808 8.15636e-23)
(2.03999 0.00213032 -1.59425e-22)
(2.0328 0.00157978 -1.62345e-22)
(2.02757 0.00321122 0)
(2.02385 0.00507154 4.17041e-23)
(2.02101 0.0016459 -4.1454e-23)
(2.01863 0.0157962 0)
(2.01887 0.0065015 1.49009e-22)
(2.01807 0.0171745 4.21907e-23)
(2.01856 0.0129634 -2.0366e-25)
(2.0213 0.0116867 6.1077e-23)
(2.02437 0.0122621 2.56618e-22)
(2.02765 0.013278 1.53631e-22)
(2.03148 0.0127842 -1.98274e-23)
(2.03597 0.0126582 1.54587e-22)
(2.04145 0.00521545 1.53056e-22)
(2.04809 0.00525201 0)
(2.0554 0.0106883 -1.48132e-22)
(2.06556 0.0067254 -6.7343e-23)
(2.08115 0.00552167 -4.52185e-24)
(2.09197 -0.0157716 0)
(1.72071 -0.00341653 4.85122e-24)
(2.0424 0.0042742 4.01599e-23)
(2.06948 0.00324658 1.0516e-22)
(2.04958 0.000277765 -1.62091e-22)
(2.0399 0.00112632 1.803e-22)
(2.03232 0.00175225 -2.24226e-22)
(2.02633 0.0028629 2.09015e-22)
(2.02149 0.00125129 -1.67607e-22)
(2.01901 0.00990362 -3.43027e-22)
(2.01767 -0.00347944 0)
(2.01636 0.00992319 -2.56002e-22)
(2.01708 0.00589161 8.513e-23)
(2.0181 0.00915382 -8.45325e-23)
(2.02017 0.0131182 0)
(2.02347 0.0124593 -1.62274e-22)
(2.02736 0.0136067 3.15957e-22)
(2.03205 0.0131465 0)
(2.03775 0.0114979 -1.36269e-24)
(2.04251 0.0156568 -1.49597e-22)
(2.04941 0.00997277 0)
(2.05828 0.00220517 0)
(2.06848 -9.96093e-05 7.64737e-23)
(2.08387 -0.000305261 2.14485e-23)
(2.09538 -0.0246006 5.28686e-23)
(1.71525 -0.00434053 4.22464e-23)
(2.04216 0.00351095 -3.90088e-23)
(2.07173 0.00140927 1.558e-22)
(2.0505 -0.00116202 2.02471e-22)
(2.03987 -0.0021448 1.80631e-22)
(2.03138 -0.00246738 -2.04079e-22)
(2.0258 -0.00266694 -1.68319e-22)
(2.0207 0.000333673 0)
(2.01737 -0.00529327 3.42411e-22)
(2.01441 0.0168821 5.252e-22)
(2.01268 0.00665144 -5.30234e-22)
(2.01403 0.0158631 -6.90192e-22)
(2.01673 0.0235352 7.5296e-22)
(2.01952 0.0181332 -5.0046e-22)
(2.02292 0.020535 8.48158e-23)
(2.02705 0.0207909 -2.40886e-22)
(2.03238 0.0210462 -3.87261e-23)
(2.03818 0.0201503 1.89874e-22)
(2.04499 0.0210437 4.81457e-22)
(2.05261 0.0171855 -3.66357e-23)
(2.06028 0.0235833 0)
(2.07073 0.0143366 -2.75893e-22)
(2.08622 0.00855944 2.40704e-22)
(2.09796 -0.0244793 -1.36856e-22)
(1.71055 -0.000793901 -4.62693e-24)
(2.04168 0.00184062 1.29835e-22)
(2.07312 -0.0011315 2.31478e-22)
(2.05168 -0.00456079 -5.53118e-25)
(2.04042 -0.000335927 -1.59943e-22)
(2.03153 -0.00516036 3.18624e-22)
(2.02478 -0.000735885 0)
(2.01856 0.00151698 0)
(2.01344 0.0156548 0)
(2.01088 -0.00562125 -7.07324e-22)
(2.01039 0.0126918 7.08088e-22)
(2.01019 0.00747602 3.52636e-22)
(2.01225 0.00179093 5.17038e-22)
(2.01699 0.0186221 -3.4134e-22)
(2.02174 0.0230717 0)
(2.02684 0.0237661 0)
(2.03254 0.024831 0)
(2.03906 0.0232064 -8.99929e-22)
(2.04691 0.0157763 -3.3213e-22)
(2.05492 0.0145213 3.16668e-22)
(2.06511 0.00605811 4.09424e-22)
(2.07663 0.00669355 -5.43144e-22)
(2.09232 0.00597865 0)
(2.10271 -0.0208898 0)
(1.70721 -0.000196098 8.92294e-24)
(2.04267 0.00172038 0)
(2.07573 -0.002322 7.53334e-23)
(2.05312 -0.00688282 -1.51618e-22)
(2.0412 -0.0112329 3.23684e-22)
(2.03106 -0.00650992 -6.49889e-22)
(2.02162 -0.00585216 0)
(2.01483 -0.00628337 1.79438e-22)
(2.01058 -0.0175077 -1.80532e-22)
(2.00775 0.0146312 0)
(2.0064 0.00407435 4.56336e-23)
(2.00681 0.0227915 -4.55486e-23)
(2.00848 0.0368747 -1.78979e-22)
(2.01154 0.0236665 8.70435e-23)
(2.01839 0.0223521 2.45772e-22)
(2.02525 0.0296622 -1.61905e-21)
(2.0329 0.02922 0)
(2.04223 0.0254949 5.9899e-22)
(2.05022 0.0327911 5.66759e-22)
(2.05869 0.0257843 -8.09088e-24)
(2.06809 0.0254001 1.35857e-22)
(2.07989 0.0148605 0)
(2.0963 0.00710668 -8.30556e-25)
(2.10828 -0.0223135 2.54503e-22)
(1.70572 0.000484365 -6.93371e-23)
(2.0443 -0.00118418 -2.97309e-22)
(2.07856 -0.00643872 -6.10475e-22)
(2.05733 -0.0144151 -1.44193e-22)
(2.04167 -0.0119945 -1.62284e-21)
(2.02995 -0.0158798 1.92966e-21)
(2.02058 -0.0164161 -1.10249e-23)
(2.01255 -0.0120451 -2.88529e-21)
(2.00583 0.0138701 -3.05567e-21)
(1.99981 -0.00819345 -7.61891e-22)
(1.99728 0.0164621 7.6177e-22)
(1.99911 0.00429489 0)
(2.00464 0.0093489 0)
(2.00912 0.0345643 0)
(2.01585 0.0394143 3.42428e-22)
(2.02495 0.0378535 9.62462e-22)
(2.0345 0.0327358 0)
(2.04332 0.0360728 1.1492e-21)
(2.05251 0.0281007 -2.24924e-21)
(2.06422 0.0241935 -2.7183e-22)
(2.07464 0.0223993 7.59267e-22)
(2.08624 0.0184787 -5.09088e-22)
(2.10209 0.0151391 6.03716e-23)
(2.11179 -0.0194377 -1.8359e-22)
(1.70459 0.00180419 -5.5754e-23)
(2.04748 -0.00380624 7.15346e-23)
(2.08211 -0.00920644 6.55054e-22)
(2.05979 -0.0143164 9.02956e-22)
(2.04349 -0.019635 0)
(2.02995 -0.0216784 0)
(2.01876 -0.0131678 0)
(2.00584 -0.00658063 1.40662e-21)
(1.99536 -0.0183153 1.39299e-21)
(1.99318 0.0179559 3.6146e-23)
(1.99149 0.00481545 1.59435e-21)
(1.99018 0.0362287 4.41781e-22)
(1.99362 0.0392363 -3.89741e-22)
(2.00304 0.0311208 1.43538e-21)
(2.01378 0.0397562 -2.874e-21)
(2.02518 0.0436075 0)
(2.03536 0.0510007 0)
(2.04538 0.0449511 0)
(2.05758 0.0431425 5.49295e-22)
(2.0678 0.0348201 0)
(2.0791 0.0266347 -2.52229e-22)
(2.09289 0.0168508 6.95673e-22)
(2.11121 0.0108671 -5.77809e-22)
(2.12001 -0.0165944 -5.85905e-23)
(1.70645 0.00193223 -7.8879e-24)
(2.05404 -0.00716334 -3.49783e-23)
(2.09297 -0.0112303 -5.59987e-22)
(2.0636 -0.0331425 -6.76752e-24)
(2.04713 -0.0332666 -1.29942e-21)
(2.02905 -0.0355656 1.17169e-21)
(2.01286 -0.0328768 2.77031e-21)
(1.99961 -0.0322233 1.70185e-22)
(1.99047 -0.00970641 -3.32924e-21)
(1.98178 -0.0313716 -5.10878e-21)
(1.97857 0.0173007 -4.70225e-22)
(1.98271 0.00836159 -4.47929e-22)
(1.98782 0.0295316 2.3802e-21)
(1.99392 0.0483906 1.3926e-21)
(2.00852 0.0493027 1.19153e-21)
(2.02362 0.0541099 -2.00546e-22)
(2.03705 0.048667 -4.94941e-21)
(2.05101 0.0433332 0)
(2.06455 0.046224 0)
(2.07472 0.0422308 -4.70355e-22)
(2.08717 0.0381993 0)
(2.09881 0.0319922 -8.8101e-22)
(2.11626 0.0186391 5.99328e-22)
(2.1274 -0.0163948 0)
(1.7096 0.00235226 0)
(2.05898 -0.0110934 -5.24988e-22)
(2.09635 -0.0167156 -1.36442e-22)
(2.07484 -0.0261872 1.49927e-21)
(2.0545 -0.0286666 -2.36123e-21)
(2.0311 -0.0347042 -2.63036e-21)
(2.01333 -0.0458347 2.79052e-21)
(1.99769 -0.0380235 0)
(1.9795 -0.0432365 3.29917e-21)
(1.96454 0.0244799 -3.12701e-22)
(1.95674 0.000738387 -1.40149e-21)
(1.95954 0.0439911 -1.28414e-21)
(1.97254 0.0746545 -7.53535e-22)
(1.99017 0.0661895 4.71825e-21)
(2.00514 0.0829668 -2.73858e-21)
(2.02252 0.0771451 2.68423e-21)
(2.0389 0.0915405 4.72331e-21)
(2.05596 0.0776403 -2.06438e-21)
(2.06883 0.0645671 1.10862e-21)
(2.08402 0.0471482 -4.09626e-22)
(2.09802 0.0367494 4.76518e-22)
(2.11188 0.023539 2.13721e-22)
(2.12751 0.0187584 -1.03145e-22)
(2.13424 -0.0130682 0)
(1.71457 0.00384458 5.29244e-23)
(2.06881 -0.0135513 1.86214e-22)
(2.10397 -0.0206609 -1.27141e-22)
(2.0807 -0.0493695 -1.00856e-21)
(2.06011 -0.0679772 2.20369e-21)
(2.03778 -0.066175 -2.72487e-21)
(2.01196 -0.0648336 -1.66909e-22)
(1.9873 -0.0459266 3.36518e-21)
(1.96086 -0.00673089 -3.4002e-21)
(1.9393 -0.0440864 7.7377e-21)
(1.9359 0.0216613 -7.09884e-22)
(1.93884 0.0175919 4.89483e-22)
(1.9577 0.0122594 1.6857e-21)
(1.97902 0.0729078 -4.79402e-21)
(2.00481 0.0634899 -2.8831e-21)
(2.02444 0.0752907 2.33791e-21)
(2.04825 0.0515563 -4.65246e-21)
(2.0672 0.0650996 2.12005e-21)
(2.08112 0.0599827 1.78748e-21)
(2.09589 0.05468 -7.78893e-22)
(2.10597 0.0472604 4.09167e-22)
(2.11932 0.0367019 1.70151e-22)
(2.13728 0.0236707 2.19355e-23)
(2.14705 -0.0112488 -8.7465e-23)
(1.72228 0.00368525 -5.89744e-23)
(2.08539 -0.0151644 1.5452e-22)
(2.12498 -0.0249049 -6.92129e-22)
(2.09365 -0.0573725 1.88839e-21)
(2.07288 -0.0662885 -2.20752e-21)
(2.04741 -0.0753383 -5.34641e-21)
(2.01249 -0.0913691 7.9044e-21)
(1.97454 -0.101575 0)
(1.94109 -0.11023 4.03176e-21)
(1.91938 -0.0201352 -5.83468e-21)
(1.90361 -0.00234869 -4.77787e-21)
(1.91452 0.0809347 3.03289e-21)
(1.93083 0.13871 -6.09976e-21)
(1.96706 0.0935876 0)
(1.99965 0.130387 2.81859e-21)
(2.02852 0.117165 2.36066e-21)
(2.05262 0.126967 -6.02867e-21)
(2.07408 0.100208 0)
(2.09153 0.0795154 -8.55009e-22)
(2.10383 0.0673273 7.82763e-22)
(2.1166 0.0521799 0)
(2.13184 0.0398221 -4.56755e-22)
(2.14701 0.0255384 0)
(2.15687 -0.00791548 0)
(1.73282 0.00448696 9.8206e-24)
(2.10003 -0.021407 2.20813e-22)
(2.13715 -0.0326149 8.44357e-23)
(2.11457 -0.0570937 -8.81951e-22)
(2.08732 -0.0750883 0)
(2.06116 -0.102093 -2.42182e-21)
(2.02367 -0.101335 2.38475e-21)
(1.97652 -0.125913 0)
(1.93411 -0.0639476 4.42748e-21)
(1.86385 -0.0989262 -1.46502e-20)
(1.82511 0.0189638 1.07912e-20)
(1.86993 0.0404078 -1.13394e-21)
(1.91847 0.0977468 4.0232e-21)
(1.96069 0.174991 -3.11909e-21)
(2.00327 0.154058 3.10863e-21)
(2.03965 0.137871 -2.36465e-21)
(2.06774 0.115738 3.9843e-21)
(2.09108 0.11554 3.17678e-21)
(2.10597 0.106128 8.09871e-23)
(2.12017 0.0807279 -6.12556e-22)
(2.13672 0.0627032 0)
(2.14814 0.0433489 2.86422e-22)
(2.16575 0.0294771 7.81246e-24)
(2.16962 -0.00275392 -1.27599e-22)
(1.74517 0.00634307 -8.12149e-24)
(2.12302 -0.0263731 0)
(2.15964 -0.0421156 6.43254e-23)
(2.13012 -0.0924798 -3.37351e-22)
(2.10844 -0.133302 4.89668e-23)
(2.08665 -0.155598 0)
(2.04501 -0.162425 2.0927e-21)
(1.9874 -0.1692 0)
(1.90351 -0.212101 4.82863e-21)
(1.82764 -0.0760411 5.36987e-21)
(1.74549 -0.0119535 -5.94786e-21)
(1.78234 0.162434 0)
(1.86201 0.240364 0)
(1.96433 0.22674 0)
(2.01728 0.203772 4.48246e-21)
(2.06216 0.187659 -2.13255e-21)
(2.08629 0.162675 1.0094e-21)
(2.10755 0.122334 -1.99159e-21)
(2.12781 0.0860139 -2.37639e-22)
(2.14221 0.0687418 5.93809e-22)
(2.15082 0.0584549 3.33514e-22)
(2.16036 0.0448486 -1.58767e-22)
(2.1756 0.0307925 7.80454e-23)
(2.18395 0.000102315 -6.50536e-23)
(1.76167 0.00545834 -9.2977e-24)
(2.14548 -0.0342589 2.30947e-23)
(2.18055 -0.0560876 2.37322e-23)
(2.17138 -0.091049 0)
(2.15046 -0.115644 5.43135e-22)
(2.11245 -0.166465 -1.45865e-21)
(2.07312 -0.215578 -5.96886e-22)
(2.00897 -0.303204 -7.01437e-21)
(2.12522 0.184363 -5.50093e-22)
(2.14248 0.145302 4.2335e-22)
(2.15169 0.13225 1.28201e-22)
(2.15678 0.105373 -1.83239e-22)
(2.16463 0.0771945 -3.49378e-22)
(2.17763 0.0531476 1.86295e-22)
(2.19263 0.0324443 -4.93295e-23)
(2.19748 0.00246844 0)
(1.77729 0.00664464 -2.21327e-24)
(2.16114 0.168005 7.11868e-22)
(2.16932 0.139968 0)
(2.1722 0.105987 0)
(2.18317 0.08088 1.42058e-22)
(2.19202 0.065878 2.02361e-23)
(2.20017 0.0495964 2.029e-23)
(2.21106 0.0343373 -4.00394e-23)
(2.2148 0.00473464 0)
(1.79174 0.0057563 9.02641e-24)
(2.19835 0.220921 -3.10722e-23)
(2.19559 0.171774 0)
(2.20364 0.136923 0)
(2.20577 0.104891 7.04386e-24)
(2.20797 0.0698178 -1.96919e-22)
(2.2134 0.0488377 7.09612e-23)
(2.22546 0.0303557 4.50802e-24)
(2.23094 0.00574779 -1.8715e-24)
(1.80773 0.00329099 -1.52161e-25)
(2.24388 0.195981 1.43309e-22)
(2.24514 0.138626 -1.4445e-22)
(2.24126 0.111569 0)
(2.23545 0.0804043 -3.95922e-23)
(2.23517 0.0733855 3.30842e-22)
(2.23599 0.0512185 -6.24638e-24)
(2.24512 0.032072 1.05812e-23)
(2.2466 0.00624579 1.71796e-24)
(1.82239 0.00344493 0)
(2.28151 0.131426 -9.83908e-22)
(2.26291 0.109834 0)
(2.25439 0.0836178 -5.13552e-24)
(2.25153 0.05191 -9.61526e-23)
(2.25518 0.0361159 -3.96862e-23)
(2.26199 0.0238026 -7.06873e-24)
(2.26308 0.00574275 -3.16647e-23)
(1.83548 0.00138488 -5.23275e-24)
(1.75676 0.00482945 -5.63325e-24)
(1.75295 0.00431007 -2.80982e-24)
(1.74526 0.00452314 0)
(1.74152 0.00397024 -5.60617e-24)
(1.73399 0.00437316 5.60616e-24)
(1.73025 0.00364054 0)
(1.74885 0.000198661 -5.18136e-24)
(1.72307 0.00403849 0)
(1.71909 0.00337449 -8.34977e-24)
(1.74064 -0.00130428 5.12062e-24)
(1.71269 0.00366839 2.79055e-24)
(1.70838 0.00306735 1.60116e-26)
(1.73284 0.00110201 2.48863e-24)
(1.70239 0.00325785 1.71161e-26)
(1.69869 0.00232315 1.10213e-23)
(1.72591 0.000423798 0)
(1.69235 0.00324542 -1.09801e-23)
(1.68965 0.00140572 5.46526e-24)
(1.71933 0.00134982 -4.83807e-24)
(1.68347 0.00242899 0)
(1.68107 0.000884393 0)
(1.71388 0.00252844 7.1425e-23)
(1.67573 0.00187978 0)
(1.67328 -0.000198248 -8.57662e-23)
(1.70974 0.000101957 4.61067e-24)
(1.66856 0.00116143 0)
(1.66735 -0.00109786 0)
(1.70696 0.00122545 6.21696e-23)
(1.66366 -0.000297354 -1.03341e-23)
(1.66257 -0.00170175 1.03969e-23)
(1.70507 0.00166516 -8.40678e-24)
(1.66078 -0.00182425 0)
(1.66055 -0.00303066 0)
(1.70544 0.00274527 -5.49447e-23)
(1.66102 -0.00385673 0)
(1.66203 -0.00475371 -1.46007e-22)
(1.70827 0.00300238 0)
(1.66365 -0.00499137 -1.79894e-23)
(1.66612 -0.00602183 1.8271e-23)
(1.71258 0.00396803 0)
(1.67049 -0.00738376 0)
(1.67517 -0.0084803 -1.65332e-23)
(1.71926 0.00565537 0)
(1.68345 -0.0101752 2.91736e-22)
(1.69004 -0.0103704 -1.57334e-23)
(1.72928 0.00466687 -1.06728e-23)
(1.70133 -0.0120584 -1.27901e-22)
(1.70968 -0.0130819 -9.15794e-23)
(1.74036 0.00663309 -9.82146e-24)
(1.72421 -0.0154296 3.65294e-23)
(1.73784 -0.0151604 1.48884e-24)
(1.75194 0.00582957 8.12132e-24)
(1.75521 -0.0164113 1.63506e-24)
(1.76817 -0.0158184 7.96591e-24)
(1.76695 0.00528355 6.02186e-24)
(1.79104 -0.0194606 0)
(1.80535 -0.0172978 -6.93378e-24)
(1.78268 0.00647466 -2.83943e-24)
(1.79882 0.00489693 -1.71367e-24)
(1.81552 0.00451792 -6.71481e-25)
(1.82836 0.00269611 0)
(1.83952 -0.000536693 -1.09727e-24)
(2.07399 0.0083631 1.46471e-23)
(2.07407 0.00718038 -2.00924e-23)
(2.05362 0.00588361 1.27959e-23)
(2.05563 0.00960608 -8.1598e-23)
(2.05585 0.00436348 -4.10355e-23)
(2.06519 0.00497061 0)
(2.07414 0.0083782 0)
(2.07423 0.00682808 0)
(2.05159 0.00585251 2.04314e-23)
(2.05604 0.00962718 4.10297e-23)
(2.05615 0.00373931 -6.14018e-23)
(2.06569 0.0047628 -2.04859e-23)
(2.07429 0.00791008 5.11515e-24)
(2.07442 0.0066468 5.09734e-24)
(2.0497 0.00591338 -1.52444e-23)
(2.0563 0.0103928 8.17555e-23)
(2.05655 0.00262984 0)
(2.06611 0.0045395 0)
(2.06261 -0.00451335 -1.13571e-23)
(2.06237 -0.00418707 -9.04215e-24)
(2.08497 0.00476182 -9.43237e-24)
(2.07453 0.00712865 -3.56394e-23)
(2.07469 0.00643241 2.03588e-23)
(2.04784 0.00618286 2.53789e-24)
(2.05693 0.00988467 2.0405e-23)
(2.05718 0.00263907 1.02012e-22)
(2.06679 0.00466443 2.0371e-23)
(2.06246 -0.00428353 8.98025e-24)
(2.06256 -0.00418617 0)
(2.08714 0.00143277 3.74774e-23)
(2.07499 0.00676436 0)
(2.07525 0.00519586 0)
(2.04616 0.00604009 -2.02324e-23)
(2.05731 0.00945516 4.06796e-23)
(2.05766 0.000912791 4.05475e-23)
(2.0674 0.00434734 0)
(2.06195 -0.00373551 -2.08616e-24)
(2.06309 -0.00339685 2.20677e-24)
(2.08859 0.0123101 2.73673e-23)
(2.07539 0.00718588 2.0057e-23)
(2.07574 0.00283828 -2.00584e-23)
(2.04453 0.00537166 -2.01237e-23)
(2.05819 0.0109436 4.06333e-23)
(2.05839 -0.00189861 2.20388e-25)
(2.06832 0.00363832 0)
(2.06364 -0.00347833 1.72896e-23)
(2.0635 -0.00313969 -1.72611e-23)
(2.09131 0.012945 9.06589e-24)
(2.07607 0.00812453 0)
(2.07639 0.00173514 0)
(2.04343 0.00474877 -1.98639e-23)
(2.05868 0.0118569 1.00826e-22)
(2.05897 -0.00379766 0)
(2.06918 0.00206293 1.58573e-25)
(2.06317 -0.00274257 -1.70318e-23)
(2.06509 -0.00244846 3.21636e-23)
(2.09399 0.0181876 -3.47153e-23)
(2.07707 0.00599108 -7.43929e-24)
(2.07759 -5.9475e-07 -1.18945e-22)
(2.0424 0.00401526 1.49969e-22)
(2.0593 0.012951 -2.00212e-23)
(2.06006 -0.0105906 -1.9986e-23)
(2.06996 0.00102001 -1.95466e-23)
(2.06491 -0.0019834 -4.7331e-23)
(2.06518 -0.000880211 -7.97458e-23)
(2.09631 0.0257803 1.56704e-22)
(2.07829 0.0058105 -7.89832e-23)
(2.07916 -0.00207415 -2.75349e-22)
(2.04201 0.00304191 1.17168e-22)
(2.06144 0.0114355 -2.39148e-22)
(2.06199 -0.00880834 0)
(2.07299 0.000140443 3.92971e-22)
(2.06659 -0.00208854 3.77753e-25)
(2.06843 5.02035e-05 1.68044e-23)
(2.10054 0.0284328 0)
(2.07977 0.00539739 -1.16263e-22)
(2.08104 -0.00611436 2.71773e-22)
(2.04199 0.0010937 0)
(2.06226 0.0119428 -3.14282e-22)
(2.06271 -0.0162662 -1.23281e-21)
(2.07345 -0.00204571 2.26428e-22)
(2.06949 0.000250187 0)
(2.07193 0.00252814 -3.24949e-23)
(2.10504 0.0297272 0)
(2.08243 0.00328998 0)
(2.08354 -0.00702947 -3.06142e-22)
(2.04346 -0.0016503 3.74586e-23)
(2.06463 0.010847 -6.13082e-22)
(2.06578 -0.018641 4.69285e-22)
(2.07722 -0.00483435 3.05799e-22)
(2.07363 -0.00122736 3.12383e-23)
(2.07591 0.00270464 0)
(2.10987 0.0299329 -1.89634e-22)
(2.0853 -0.000681993 2.99488e-22)
(2.08758 -0.00903303 7.35739e-23)
(2.04586 -0.00231121 -7.2626e-23)
(2.06768 0.00539792 7.63767e-22)
(2.06923 -0.0198179 1.36271e-21)
(2.08038 -0.00816288 -6.75902e-22)
(2.0766 0.00241158 1.77579e-22)
(2.07884 0.00486243 2.94177e-23)
(2.11426 0.0325866 -1.82235e-22)
(2.0908 -0.00482902 -1.45945e-22)
(2.09303 -0.0153132 9.35892e-22)
(2.05071 -0.00470993 -1.43805e-22)
(2.07182 -0.00543245 -7.42202e-22)
(2.07527 -0.0341789 -1.18796e-21)
(2.08774 -0.0128544 -5.67153e-22)
(2.08174 0.0020299 2.92041e-23)
(2.08677 0.00675948 2.7158e-23)
(2.12418 0.0372258 0)
(2.09673 -0.00506931 5.61007e-22)
(2.09906 -0.0154786 0)
(2.05625 -0.00876397 0)
(2.07848 0.00784865 -1.43241e-22)
(2.07999 -0.0419233 1.29459e-21)
(2.09454 -0.0216614 1.36196e-22)
(2.08912 0.00349986 -2.70557e-23)
(2.094 0.00787913 0)
(2.13013 0.0368253 2.10627e-22)
(2.10357 -0.0102687 5.89343e-22)
(2.10854 -0.0224501 -6.31861e-22)
(2.06391 -0.0127136 5.05179e-22)
(2.08433 0.0168964 1.2464e-21)
(2.08705 -0.0664031 -1.3574e-22)
(2.09872 -0.0287983 1.26852e-22)
(2.09656 0.00617056 -4.84433e-23)
(2.10209 0.0112157 0)
(2.14022 0.0406352 0)
(2.11496 -0.0183188 -4.18027e-22)
(2.12202 -0.0328372 0)
(2.07747 -0.0173791 5.7982e-23)
(2.09515 0.00476943 -1.25065e-22)
(2.09719 -0.0917242 1.08108e-21)
(2.1133 -0.038099 -1.07866e-21)
(2.10572 0.00593609 4.35579e-23)
(2.1131 0.0120056 -6.14557e-23)
(2.15078 0.0405017 8.19882e-23)
(2.12866 -0.0173683 1.04014e-22)
(2.13373 -0.0318693 -1.03891e-22)
(2.0904 -0.0245313 -6.03987e-25)
(2.10882 0.00927075 7.93844e-22)
(2.11429 -0.0884671 9.47835e-22)
(2.13081 -0.0492657 -8.45284e-22)
(2.11638 0.00781435 0)
(2.1233 0.0142986 -1.74523e-23)
(2.16107 0.0411685 8.43859e-23)
(2.14467 -0.0298887 -3.58064e-22)
(2.15519 -0.0386813 3.88455e-23)
(2.1107 -0.026605 -7.98057e-23)
(2.12956 -0.00497372 -1.78969e-22)
(2.13426 -0.105112 5.02365e-22)
(2.14516 -0.0542116 0)
(2.12761 0.0105023 0)
(2.13664 0.0135971 -2.5719e-23)
(2.17658 0.040136 8.13799e-23)
(2.16575 -0.0362007 -6.11644e-23)
(2.17602 -0.0375207 6.11851e-23)
(2.1336 -0.0263536 -2.31005e-23)
(2.14431 -0.0166441 -3.21541e-22)
(2.15082 -0.0973322 3.4065e-22)
(2.16777 -0.0583076 -1.86053e-22)
(2.14169 0.0115428 4.07662e-23)
(2.15045 0.0135461 0)
(2.19012 0.0393621 -1.05583e-24)
(2.18741 -0.0458641 3.8033e-23)
(2.20309 -0.0456812 -1.6849e-23)
(2.16046 -0.02872 6.32003e-24)
(2.17152 -0.0393758 -2.62692e-22)
(2.1902 -0.114337 6.75057e-23)
(2.19896 -0.0669273 0)
(2.15625 0.0130809 2.01755e-24)
(2.16519 0.0143073 1.00384e-23)
(2.20553 0.0385616 0)
(2.17202 0.0131532 -1.41226e-23)
(2.1807 0.0127127 -1.76795e-24)
(2.22174 0.0358967 4.07713e-24)
(2.18823 0.0115944 2.53983e-24)
(2.19675 0.0118126 4.94003e-24)
(2.23784 0.0324738 1.52133e-23)
(2.20398 0.0108041 -1.19588e-23)
(2.21206 0.0101307 0)
(2.25504 0.0282782 -2.61118e-23)
(2.21941 0.00792292 7.35809e-25)
(2.22613 0.00677096 -2.10061e-23)
(2.27005 0.0219677 3.19221e-23)
(0.643142 0.000529571 0)
(0.217859 -0.000586406 0)
(0.641834 0.00052067 0)
(0.217761 -0.00070945 0)
(0.641821 0.000573099 0)
(0.218454 -0.000560205 0)
(0.643328 0.000622319 0)
(0.218266 -0.000306524 0)
(0.643322 0.000742683 0)
(0.218477 -0.000150784 0)
(0.642803 0.000632 0)
(0.21938 -0.00021623 0)
(0.641044 0.000481868 0)
(0.218669 -0.000719679 0)
(0.641701 0.000574719 0)
(0.219824 -0.000631944 0)
(0.642307 0.000701355 0)
(0.220635 -0.000620145 0)
(0.643779 0.000498946 0)
(0.222334 -0.000779987 0)
(0.646036 0.000911973 0)
(0.223997 -0.000640478 0)
(0.649594 0.000720653 0)
(0.2265 -0.00083775 0)
(0.655171 0.000907796 0)
(0.230226 -0.00017076 0)
(0.661573 0.00131416 0)
(0.23394 -0.000163905 0)
(0.670301 0.0010993 0)
(0.238947 -0.000228731 0)
(0.681031 0.00150344 0)
(0.244763 0.000107769 0)
(0.692701 0.00127857 0)
(0.252248 -3.0018e-05 0)
(0.704938 0.00141824 0)
(0.259029 -6.40777e-05 0)
(0.720254 0.00191459 0)
(0.267241 0.000208922 0)
(0.735859 0.00129462 0)
(0.27728 8.96503e-05 0)
(0.750724 0.00160074 0)
(0.284397 5.32084e-05 0)
(0.771419 0.00215744 0)
(0.295704 0.000405241 0)
(0.786975 0.00123383 0)
(0.304591 0.000146553 0)
(0.804411 0.00164642 0)
(0.311732 0.000189662 0)
(0.817709 0.00107935 0)
(0.320142 0.00022611 0)
(0.824319 4.36881e-05 0)
(0.323385 -0.000132033 0)
(0.831592 1.00223e-05 0)
(0.324946 0.000299148 0)
(0.831731 -0.000831062 0)
(0.32505 0.000137748 0)
(0.643405 0.000803075 0)
(0.219871 -9.68645e-06 0)
(0.643722 0.000683217 0)
(0.220942 -0.000152327 0)
(0.645402 0.000909698 0)
(0.222651 1.62537e-06 0)
(0.647013 0.000898481 0)
(0.223707 6.06489e-05 0)
(0.650223 0.00104758 0)
(0.226493 6.82866e-05 0)
(0.653983 0.00131772 0)
(0.228652 7.01576e-05 0)
(0.658844 0.000968635 0)
(0.23256 -0.000148845 0)
(0.667539 0.00150573 0)
(0.237288 -8.47225e-05 0)
(0.677756 0.00165139 0)
(0.242428 -6.74096e-05 0)
(0.689143 0.00186311 0)
(0.249918 0.000103099 0)
(0.701079 0.0017685 0)
(0.256798 5.28131e-05 0)
(0.71497 0.00194244 0)
(0.263945 8.64218e-05 0)
(0.731737 0.00228221 0)
(0.273982 0.000340489 0)
(0.745317 0.00153636 0)
(0.28191 9.65461e-05 0)
(0.76328 0.00236931 0)
(0.290252 0.000292658 0)
(0.778733 0.00137439 0)
(0.300849 0.000188402 0)
(0.79247 0.00132723 0)
(0.307238 3.42773e-05 0)
(0.80984 0.00155176 0)
(0.315351 0.000306378 0)
(0.821089 0.000409707 0)
(0.322427 0.000185545 0)
(0.829671 0.000315787 0)
(0.324163 2.55833e-05 0)
(0.832127 -0.000468278 0)
(0.325484 0.000471691 0)
(0.829737 -0.00120157 0)
(0.322789 -0.000177204 0)
(0.626547 -0.000362256 0)
(0.209929 0.000465629 0)
(0.623368 -0.000325143 0)
(0.209098 0.000422913 0)
(0.620315 -0.000294438 0)
(0.208376 0.000399905 0)
(0.617571 -0.0003497 0)
(0.207819 0.00038661 1.72259e-29)
(0.615277 -0.000391251 0)
(0.207483 0.000386589 2.19915e-30)
(0.613474 -0.000405397 0)
(0.207497 0.000373229 0)
(0.612687 -0.000579919 0)
(0.207955 0.000536049 0)
(0.614289 -0.000839893 0)
(0.209258 0.000393593 0)
(0.618024 -0.000987368 0)
(0.211655 0.000364989 0)
(0.62405 -0.00124706 0)
(0.21546 0.000290859 0)
(0.633056 -0.00148473 0)
(0.220758 0.000163642 0)
(0.644777 -0.00175816 0)
(0.228032 -2.87412e-05 0)
(0.659525 -0.00214012 0)
(0.236823 -6.98957e-05 0)
(0.680764 -0.00284281 0)
(0.248607 -0.000239359 2.77278e-30)
(0.707614 -0.00335307 0)
(0.263659 -0.00037285 2.5945e-30)
(0.738025 -0.00353906 0)
(0.281353 -0.000478834 -7.88165e-30)
(0.771916 -0.00377874 0)
(0.300616 -0.000458582 0)
(0.811911 -0.00446381 0)
(0.323603 -0.000723062 0)
(0.855438 -0.00482027 0)
(0.347944 -0.000763596 0)
(0.902633 -0.00529381 0)
(0.372848 -0.000892148 0)
(0.62555 -0.000377373 0)
(0.209689 0.000441537 0)
(0.62243 -0.000364627 0)
(0.208917 0.000403121 0)
(0.619457 -0.000356747 0)
(0.208204 0.000381965 7.51384e-30)
(0.616823 -0.000342469 0)
(0.207741 0.000364609 1.19061e-29)
(0.614663 -0.000423624 0)
(0.207545 0.000364574 0)
(0.613319 -0.000603019 0)
(0.207813 0.000296766 0)
(0.613999 -0.000743859 0)
(0.20866 0.000211798 0)
(0.61667 -0.000948141 0)
(0.210805 0.00022667 0)
(0.622075 -0.00126015 0)
(0.213929 0.000107087 0)
(0.629981 -0.0015436 0)
(0.218685 9.00616e-05 0)
(0.640704 -0.00186094 0)
(0.225074 -1.08868e-05 0)
(0.653492 -0.00198448 0)
(0.233028 -5.38371e-05 0)
(0.671584 -0.002588 0)
(0.242956 -8.29877e-05 0)
(0.692605 -0.00304209 0)
(0.255741 -0.000164747 5.37598e-30)
(0.718816 -0.00342829 0)
(0.271353 -0.000390513 -4.14668e-30)
(0.749553 -0.00377115 0)
(0.289216 -0.000483098 -3.71196e-30)
(0.787037 -0.00463231 0)
(0.309667 -0.000726077 0)
(0.828962 -0.00436161 0)
(0.333662 -0.00067889 0)
(0.87234 -0.00414745 0)
(0.35774 -0.000572493 0)
(0.918253 -0.00415107 0)
(0.383409 -0.000595465 0)
(2.0214 0.00267225 -7.73474e-24)
(2.02237 0.00208317 -8.21032e-23)
(2.02378 0.00142519 -7.66414e-23)
(2.02575 0.000656226 -1.63161e-22)
(2.02847 -0.00033502 0)
(2.03176 -0.000603739 -1.57306e-22)
(2.03651 -0.00239673 -1.66352e-22)
(2.04224 -0.00245466 -2.49527e-24)
(2.05147 -0.00316056 -7.75036e-23)
(2.06467 -0.00129836 -1.03267e-23)
(2.07901 -0.00927596 -1.98073e-23)
(1.80092 -0.00548226 2.71977e-24)
(2.02212 0.00302261 -3.85718e-24)
(2.02318 0.00233541 -2.28851e-24)
(2.02464 0.0017484 8.18361e-23)
(2.02661 0.00126989 1.01574e-23)
(2.02919 0.000326505 -5.0645e-24)
(2.03228 0.000502302 1.60804e-22)
(2.03698 -0.00144452 -2.48075e-24)
(2.04301 -0.000951802 7.96827e-23)
(2.05268 -0.00750301 8.16133e-23)
(2.06599 -0.00351318 9.31572e-24)
(2.07981 -0.0106265 1.97279e-23)
(1.79035 -0.00485223 5.40774e-24)
(1.79746 -0.00349156 0)
(1.78705 -0.00300652 2.67546e-24)
(2.06628 -0.00490229 -2.22017e-23)
(2.06592 -0.0045857 3.96015e-23)
(2.07936 -0.00301926 1.9756e-23)
(2.06531 -0.00470747 -1.9772e-23)
(2.06503 -0.00480922 1.69482e-23)
(2.08045 -0.00213634 -1.98419e-23)
(2.0563 0.00584279 0)
(2.06472 0.00555774 -4.06147e-23)
(2.04635 0.00454648 2.12745e-23)
(1.76844 0.00515701 0)
(1.76457 0.00443848 5.63326e-24)
(2.07397 0.00833605 0)
(2.07397 0.00784752 0)
(2.05563 0.00578712 0)
(2.0553 0.00904353 -8.23327e-23)
(2.05542 0.00533402 2.04124e-23)
(2.06483 0.00514089 2.04978e-23)
(0.646049 0.000578281 0)
(0.217641 -0.000636268 0)
(0.644687 0.000661257 0)
(0.217716 -0.000621391 0)
(0.645761 0.000742844 0)
(0.217767 -0.000554907 0)
(0.644559 0.000679572 0)
(0.218088 -0.00043134 0)
(0.629748 -0.000408692 0)
(0.210753 0.000517817 0)
(0.628754 -0.000424077 0)
(0.210509 0.000473131 0)
(2.00814 0.0276965 0)
(2.00257 0.0136162 3.27011e-22)
(2.00083 0.00834603 3.16497e-21)
(2.00063 0.00562822 3.02011e-22)
(2.00039 0.00391352 -3.85698e-22)
(2.00026 0.00277899 -1.59878e-24)
(2.00019 0.00204958 -2.09695e-22)
(2.00014 0.00148433 -9.20839e-23)
(2.00012 0.00102581 8.56151e-23)
(2.0001 0.000647883 0)
(2.00009 0.000287377 -2.81504e-23)
(2.00009 4.19818e-06 1.41211e-24)
(2.0001 -0.000234795 1.55423e-23)
(2.00011 -0.000405139 -7.91712e-23)
(2.00013 -0.000659188 4.83638e-23)
(2.00017 -0.000859752 -1.37409e-22)
(2.00019 -0.00127938 0)
(2.00028 -0.00188518 0)
(2.0004 -0.00275202 1.88733e-22)
(2.0007 -0.00357313 -3.90415e-22)
(2.00097 -0.00583934 -1.95918e-22)
(2.00194 -0.00996354 -4.19048e-21)
(2.00372 -0.0238633 -3.73654e-21)
(2.01997 -0.041821 -3.48527e-20)
(2.03208 0.0413261 3.36121e-21)
(2.01214 0.0263598 5.76259e-23)
(2.00551 0.0160888 -1.63707e-21)
(2.00335 0.0112647 0)
(2.0021 0.00811245 0)
(2.00142 0.00581219 2.15575e-24)
(2.00102 0.00430095 -3.73682e-22)
(2.00077 0.00314213 9.32157e-23)
(2.00062 0.00220471 9.22086e-23)
(2.00053 0.00143366 9.17591e-23)
(2.00049 0.000719331 -9.14818e-23)
(2.00047 0.000118452 -1.14659e-23)
(2.00055 -0.000477298 -2.28663e-23)
(2.00063 -0.00112214 -2.28459e-23)
(2.00073 -0.0017251 -2.28695e-22)
(2.00095 -0.00245414 -9.17161e-23)
(2.00122 -0.00346187 -1.84607e-22)
(2.00167 -0.00497019 -1.87066e-22)
(2.00239 -0.00707216 3.04525e-24)
(2.00371 -0.00934352 0)
(2.00592 -0.0141679 0)
(2.01074 -0.0218912 6.42444e-21)
(2.01916 -0.0382601 1.33359e-20)
(2.051 -0.0490153 -1.97628e-21)
(2.05268 0.0428125 7.89285e-22)
(2.0246 0.0309393 4.49514e-24)
(2.01383 0.021458 3.7843e-22)
(2.00868 0.0152547 4.44931e-21)
(2.00573 0.0115891 -1.54056e-21)
(2.00392 0.00841836 0)
(2.00292 0.006361 -7.05804e-22)
(2.00223 0.00470791 0)
(2.00179 0.00331772 9.1092e-23)
(2.00158 0.00223754 1.80451e-22)
(2.0014 0.00108659 0)
(2.00136 0.000242748 4.51459e-23)
(2.00144 -0.000751038 -4.5141e-23)
(2.00163 -0.00203332 3.16219e-22)
(2.00199 -0.00306487 4.0819e-22)
(2.00246 -0.00450137 2.05175e-24)
(2.00324 -0.00603684 -1.63831e-21)
(2.00416 -0.0087737 1.83848e-21)
(2.00609 -0.0117564 -7.35426e-22)
(2.00916 -0.014621 2.94324e-21)
(2.01403 -0.0210564 -4.50141e-21)
(2.02477 -0.0290795 1.18882e-21)
(2.03579 -0.0415729 7.89908e-21)
(2.06099 -0.0515567 -1.58596e-21)
(2.06622 0.0378014 4.6452e-22)
(2.03565 0.0303974 1.50403e-21)
(2.0201 0.0219337 0)
(2.01314 0.0170989 -3.01177e-21)
(2.00895 0.0129334 0)
(2.00652 0.0100177 0)
(2.00479 0.00758601 -7.21412e-22)
(2.00377 0.00559512 0)
(2.00314 0.00402181 3.62413e-22)
(2.00269 0.00252841 -1.81976e-22)
(2.00258 0.00145094 0)
(2.0025 1.94408e-05 5.64029e-24)
(2.00271 -0.00108886 -1.81117e-22)
(2.0029 -0.00198704 -6.46958e-25)
(2.00324 -0.00350897 0)
(2.00383 -0.0048573 0)
(2.00469 -0.00709676 7.33709e-22)
(2.00632 -0.00846756 -7.34815e-22)
(2.00924 -0.0119493 7.33715e-22)
(2.01376 -0.0169648 -6.66573e-23)
(2.02115 -0.0208593 3.02635e-21)
(2.03365 -0.0271976 -2.91866e-21)
(2.04853 -0.0380993 0)
(2.05811 -0.046417 0)
(2.07342 0.0307169 8.95937e-23)
(2.04378 0.0275575 1.43811e-21)
(2.02569 0.0217369 -7.5764e-22)
(2.01728 0.0174729 2.89874e-21)
(2.01222 0.014076 7.30073e-22)
(2.0089 0.0109556 7.26188e-22)
(2.00681 0.00847444 7.31804e-22)
(2.00546 0.00645981 -7.20236e-22)
(2.00456 0.00473725 -3.62323e-22)
(2.004 0.00334431 0)
(2.00366 0.00172143 0)
(2.00354 0.000763888 -1.68407e-23)
(2.00347 -0.000776087 0)
(2.00373 -0.00220382 -3.60163e-22)
(2.00421 -0.00388493 3.5945e-22)
(2.00522 -0.00566786 0)
(2.0068 -0.00767998 0)
(2.00921 -0.0106218 0)
(2.0124 -0.0136437 0)
(2.0175 -0.0169906 -2.94209e-21)
(2.02725 -0.022783 0)
(2.04197 -0.0261919 2.94114e-21)
(2.05756 -0.0326225 7.08636e-22)
(2.04397 -0.0391336 0)
(2.0759 0.0254203 7.23679e-22)
(2.049 0.0245545 1.35949e-24)
(2.03013 0.0191446 3.60406e-22)
(2.02135 0.0168936 -5.41886e-21)
(2.01535 0.0139121 1.0159e-23)
(2.01144 0.0113007 7.10212e-22)
(2.00886 0.00899709 1.42882e-21)
(2.00708 0.00689462 7.20796e-22)
(2.0059 0.0050701 0)
(2.00525 0.00334641 0)
(2.00477 0.00204294 -4.4678e-23)
(2.00467 0.000250671 1.12248e-23)
(2.00487 -0.00115628 4.46573e-23)
(2.00537 -0.0026809 3.55673e-22)
(2.00628 -0.00428264 0)
(2.00751 -0.00621087 0)
(2.00921 -0.00828324 -7.1515e-22)
(2.01159 -0.0105551 7.15428e-22)
(2.0159 -0.0132561 0)
(2.02219 -0.0161356 0)
(2.03101 -0.0166875 1.76384e-21)
(2.04552 -0.0218395 -3.6577e-22)
(2.06263 -0.0283567 -2.09716e-21)
(2.02452 -0.0360545 1.8719e-22)
(2.07655 0.0217431 -3.45069e-22)
(2.05219 0.022218 -1.74884e-22)
(2.03388 0.0181673 -3.54225e-22)
(2.02441 0.0159179 2.14002e-21)
(2.01818 0.0134339 2.13595e-21)
(2.01393 0.0110576 -1.07796e-21)
(2.01097 0.00897377 -1.60908e-23)
(2.009 0.00706431 -1.06003e-21)
(2.00767 0.00528027 -7.07946e-22)
(2.00673 0.00364108 -3.55378e-22)
(2.00638 0.00188755 0)
(2.0063 0.00052371 3.3294e-23)
(2.00653 -0.00104664 -4.43348e-23)
(2.00703 -0.00282982 -1.54711e-24)
(2.00786 -0.00451222 -3.54343e-22)
(2.0092 -0.0065914 1.40932e-21)
(2.0113 -0.00852323 0)
(2.0143 -0.0110224 0)
(2.01861 -0.0132593 1.75499e-21)
(2.02474 -0.0160074 -3.52898e-22)
(2.03465 -0.0201995 -1.23851e-21)
(2.04974 -0.021426 -1.54972e-21)
(2.06576 -0.0257305 0)
(2.00329 -0.0336544 -1.16474e-23)
(2.07703 0.018731 3.69775e-22)
(2.0546 0.0203607 6.87053e-22)
(2.03661 0.0159873 1.29565e-21)
(2.02745 0.0144839 -3.50902e-22)
(2.02082 0.0126249 -1.06547e-21)
(2.01622 0.0107389 3.52751e-22)
(2.01305 0.00887864 -1.77088e-21)
(2.01082 0.00706744 1.41799e-21)
(2.00934 0.00528851 7.08618e-22)
(2.00843 0.00366937 -5.25841e-22)
(2.00785 0.00219783 -1.32215e-22)
(2.0077 0.000547114 -7.701e-23)
(2.0078 -0.00101376 4.40184e-23)
(2.00847 -0.00246198 -1.05201e-21)
(2.00953 -0.00403916 1.40244e-21)
(2.01116 -0.00559723 -2.80973e-21)
(2.0135 -0.00751617 -3.51034e-22)
(2.01669 -0.00900874 0)
(2.02155 -0.0114631 -1.40558e-21)
(2.02836 -0.0127708 1.37841e-21)
(2.0377 -0.0132851 1.36911e-21)
(2.05163 -0.018043 6.96251e-22)
(2.06888 -0.0244093 -1.0581e-21)
(1.98212 -0.031029 -1.08781e-23)
(2.07754 0.0158733 -1.63012e-22)
(2.05679 0.0184254 -4.24204e-23)
(2.03889 0.0153209 -7.2022e-22)
(2.02958 0.0133943 1.20262e-21)
(2.02303 0.0114859 1.73247e-22)
(2.01839 0.00992829 0)
(2.01505 0.00842109 -3.49901e-22)
(2.01265 0.00682357 3.49548e-22)
(2.01097 0.00540913 -1.75025e-22)
(2.00994 0.00385833 1.05303e-21)
(2.00934 0.00232927 -1.74972e-22)
(2.00925 0.000844984 4.3702e-23)
(2.00961 -0.00055757 -2.18354e-22)
(2.01025 -0.00249563 7.01601e-22)
(2.01141 -0.00410116 -8.74649e-22)
(2.01301 -0.00625621 1.05568e-21)
(2.01549 -0.0078715 0)
(2.01894 -0.0102806 0)
(2.02326 -0.01106 -1.71791e-22)
(2.03009 -0.0139456 -1.20777e-21)
(2.03991 -0.0165537 -1.36979e-21)
(2.05427 -0.0168246 6.88335e-24)
(2.07134 -0.0228494 -1.87168e-22)
(1.96153 -0.0281841 -4.54976e-23)
(2.0778 0.0130454 0)
(2.05887 0.0161688 -3.57224e-22)
(2.04058 0.0137973 -6.62988e-22)
(2.03145 0.0119518 -1.37691e-21)
(2.02495 0.0107358 0)
(2.02023 0.00934533 -6.88302e-22)
(2.01676 0.00794964 0)
(2.01437 0.00654156 -1.73715e-22)
(2.01273 0.00494758 -6.92092e-22)
(2.01154 0.00347839 1.73697e-22)
(2.01109 0.00205918 -4.34266e-23)
(2.01087 0.000514179 -1.07852e-23)
(2.01112 -0.000966315 4.34019e-23)
(2.01178 -0.00228874 0)
(2.01301 -0.0036316 0)
(2.01478 -0.00473651 6.94305e-22)
(2.01741 -0.00608009 -5.13495e-22)
(2.02086 -0.00696935 -1.71909e-22)
(2.02588 -0.00886883 0)
(2.03229 -0.0100448 -8.45209e-23)
(2.04137 -0.011524 7.55416e-22)
(2.05541 -0.0147054 1.32951e-21)
(2.07393 -0.0205911 2.05663e-23)
(1.94195 -0.0245502 -4.43244e-23)
(2.07755 0.0112767 2.48685e-24)
(2.06064 0.0137313 -2.108e-23)
(2.04201 0.0126545 -4.21106e-23)
(2.03292 0.0110858 0)
(2.0265 0.00943164 -5.09503e-22)
(2.02188 0.0084875 5.17923e-22)
(2.01849 0.00741727 0)
(2.01598 0.00614713 -6.86488e-22)
(2.01427 0.00507825 5.20458e-22)
(2.01318 0.00382278 3.4515e-22)
(2.01243 0.0024344 -1.29442e-22)
(2.01225 0.00131643 -3.23112e-23)
(2.0125 -1.20062e-05 0)
(2.0133 -0.00124694 -1.71842e-22)
(2.01458 -0.002756 4.85044e-25)
(2.01658 -0.00402487 -5.10514e-22)
(2.01915 -0.00584692 8.56388e-22)
(2.02282 -0.00738304 -6.77816e-22)
(2.02722 -0.00893463 -1.6956e-22)
(2.0341 -0.0102333 0)
(2.04358 -0.0127375 -5.948e-24)
(2.05694 -0.0109037 -1.01897e-21)
(2.07522 -0.0179655 -8.20202e-23)
(1.92322 -0.0209279 4.41246e-23)
(2.0764 0.00887026 7.66711e-24)
(2.06191 0.0114048 -1.86814e-22)
(2.04312 0.0113962 -6.3021e-23)
(2.03407 0.00992882 1.26739e-22)
(2.02782 0.00902387 5.9642e-22)
(2.02321 0.00793613 0)
(2.01988 0.00685969 0)
(2.01735 0.00582091 5.16045e-22)
(2.01554 0.00464207 2.56959e-22)
(2.01444 0.00346915 -5.13172e-22)
(2.01387 0.00241174 -8.51007e-23)
(2.01382 0.0010103 -1.06731e-23)
(2.01416 -0.000146799 0)
(2.01505 -0.00148933 0)
(2.01636 -0.00266914 -1.70203e-22)
(2.01827 -0.00414964 6.83452e-22)
(2.02086 -0.00488654 8.44565e-22)
(2.02438 -0.00606454 7.61581e-22)
(2.02907 -0.0064232 -8.41496e-23)
(2.03507 -0.00938131 4.15727e-23)
(2.04448 -0.0108456 -6.85722e-22)
(2.05828 -0.0109772 -3.88361e-23)
(2.07653 -0.0150866 8.14115e-23)
(1.90578 -0.0176262 0)
(2.07469 0.0070498 -2.54318e-24)
(2.06275 0.009512 0)
(2.04394 0.00994449 -2.10928e-23)
(2.03505 0.00908615 4.18949e-23)
(2.02882 0.00809844 -8.45106e-23)
(2.02441 0.007168 -5.90817e-22)
(2.02104 0.00641142 0)
(2.01869 0.00541388 0)
(2.01702 0.00441657 8.519e-23)
(2.01588 0.00344695 2.14381e-22)
(2.01533 0.00223624 1.92439e-22)
(2.01516 0.00140719 2.13876e-23)
(2.01553 0.000186374 0)
(2.01625 -0.000875578 -3.38387e-22)
(2.01754 -0.00190144 0)
(2.01937 -0.00272329 0)
(2.02188 -0.00392138 -7.59335e-22)
(2.02527 -0.00496188 -6.67461e-22)
(2.02986 -0.00699937 8.3559e-23)
(2.03665 -0.00581348 -3.72247e-22)
(2.04629 -0.00932036 3.69027e-22)
(2.05935 -0.00590007 3.49282e-22)
(2.07696 -0.0129319 8.04929e-23)
(1.88936 -0.0145053 0)
(2.07273 0.00576584 -5.11797e-24)
(2.0632 0.00802963 1.65128e-22)
(2.04456 0.00892737 -3.32868e-22)
(2.03568 0.00839864 0)
(2.02966 0.00751895 -2.93281e-22)
(2.02531 0.0068874 1.01196e-21)
(2.02218 0.00595294 -4.21626e-23)
(2.01978 0.00517902 0)
(2.01812 0.00439425 -2.9544e-22)
(2.01706 0.00344359 -4.23599e-23)
(2.01642 0.00269775 -1.69013e-22)
(2.01632 0.00143801 3.18023e-23)
(2.01659 0.000626273 -2.11609e-23)
(2.01741 -0.000340347 3.38778e-22)
(2.01873 -0.00147611 0)
(2.02069 -0.00283136 0)
(2.02334 -0.00393 2.49871e-22)
(2.02685 -0.00556136 7.93169e-22)
(2.0313 -0.00517888 -4.15428e-23)
(2.03733 -0.0099013 3.51539e-22)
(2.04688 -0.0103585 -3.48458e-22)
(2.06039 -0.00735037 -1.52861e-22)
(2.07755 -0.0111191 3.81662e-23)
(1.87415 -0.0119879 -2.47096e-23)
(2.07064 0.00487758 -4.35639e-23)
(2.06345 0.00706621 0)
(2.04492 0.00789503 3.12166e-22)
(2.03641 0.00753579 0)
(2.03037 0.00727882 3.35431e-22)
(2.02606 0.00630023 -1.31461e-24)
(2.02296 0.00572614 -2.93539e-22)
(2.02068 0.00494551 -3.78092e-22)
(2.01901 0.0041436 2.95927e-22)
(2.01803 0.00342652 4.21584e-23)
(2.01747 0.0023796 8.50828e-23)
(2.01745 0.00187529 0)
(2.01784 0.000737528 -2.10127e-23)
(2.01874 -0.000381282 -1.04448e-22)
(2.02011 -0.00114394 -4.18983e-23)
(2.02198 -0.00191535 0)
(2.0245 -0.00253041 -3.74957e-22)
(2.02762 -0.00284601 4.14644e-23)
(2.03234 -0.00540272 0)
(2.03819 -0.000599265 0)
(2.04754 -0.00604941 -1.62512e-22)
(2.06074 -0.00408428 1.61775e-22)
(2.07727 -0.0100511 3.73864e-23)
(1.86021 -0.0100279 2.19889e-23)
(2.06853 0.00446921 3.59126e-23)
(2.06353 0.00633069 1.0089e-23)
(2.04523 0.00711955 0)
(2.03673 0.00737717 -3.32663e-22)
(2.03086 0.00652442 0)
(2.02677 0.0060963 -6.69205e-22)
(2.0236 0.00539794 1.22441e-24)
(2.02149 0.0047354 6.71068e-22)
(2.02001 0.0040971 2.09822e-23)
(2.01896 0.00328731 -2.09521e-22)
(2.01853 0.00281075 1.05173e-22)
(2.01846 0.00150586 0)
(2.01888 0.00102495 2.0907e-23)
(2.01959 0.000350912 3.13149e-22)
(2.02089 -0.000404868 0)
(2.02266 -0.00135172 0)
(2.02508 -0.00236776 4.12776e-23)
(2.0285 -0.00389902 -6.18332e-23)
(2.03284 -0.0039166 2.04486e-23)
(2.03872 -0.0096391 -3.16448e-22)
(2.04873 -0.00919847 3.14149e-22)
(2.0617 -0.00414908 1.60636e-22)
(2.07745 -0.00930955 0)
(1.84716 -0.00827623 1.37538e-23)
(2.06644 0.00444683 4.11303e-23)
(2.06373 0.00596889 8.18536e-23)
(2.04537 0.00673888 0)
(2.03719 0.00667373 1.7705e-22)
(2.03136 0.00651674 1.04332e-23)
(2.02716 0.00586044 1.46672e-22)
(2.02429 0.00532565 3.34659e-22)
(2.02209 0.00469617 -4.81051e-22)
(2.02062 0.00418668 -2.09075e-23)
(2.01973 0.00366556 1.67656e-22)
(2.01924 0.00274864 -5.22227e-24)
(2.01922 0.00265708 8.58498e-27)
(2.01965 0.00179785 -5.19198e-24)
(2.02052 0.000983215 -3.01356e-22)
(2.0219 0.000186348 -2.06766e-22)
(2.0237 -0.000799196 2.06776e-23)
(2.02625 -0.00156968 0)
(2.02941 -0.00230509 0)
(2.03411 -0.00397798 2.0286e-23)
(2.03986 0.00144201 3.06276e-22)
(2.04906 -0.00593933 -1.60699e-22)
(2.06216 -0.00364097 -1.61841e-22)
(2.07789 -0.00846016 -9.032e-23)
(1.83488 -0.00718167 2.7497e-24)
(2.06436 0.00467526 2.57225e-24)
(2.06384 0.00564821 6.18778e-23)
(2.04558 0.00599308 -2.0689e-23)
(2.03743 0.00676089 3.31873e-22)
(2.03164 0.00605686 0)
(2.0276 0.00561901 3.54988e-25)
(2.02469 0.00517276 0)
(2.02263 0.00469928 4.51216e-25)
(2.0212 0.00408142 0)
(2.02032 0.00345673 0)
(2.01995 0.00325607 -2.60174e-24)
(2.02004 0.00206881 5.20046e-24)
(2.02051 0.00157954 0)
(2.0214 0.000968048 2.48572e-22)
(2.02274 0.00023678 1.86017e-22)
(2.0245 -0.000240317 -2.059e-23)
(2.02695 -0.0013558 -2.04569e-23)
(2.02984 -0.00157389 2.04461e-23)
(2.03461 -0.00315016 -1.61923e-22)
(2.04067 -0.00648233 0)
(2.04991 -0.00581069 -2.49926e-24)
(2.0629 -0.00246355 -7.53204e-24)
(2.07796 -0.00832011 3.75667e-23)
(1.82306 -0.00636466 0)
(2.06229 0.0049951 -5.14075e-24)
(2.06399 0.00540543 -3.06809e-23)
(2.04577 0.00640028 0)
(2.03768 0.00639396 -1.65826e-22)
(2.03198 0.00607635 0)
(2.028 0.0056125 1.76758e-22)
(2.02503 0.00520128 -1.03953e-23)
(2.02306 0.00461323 1.77009e-22)
(2.02177 0.00439699 -1.76644e-22)
(2.02094 0.00397219 -5.19439e-24)
(2.02056 0.00306379 5.1973e-24)
(2.02058 0.00314018 -7.88073e-27)
(2.021 0.00242461 0)
(2.02178 0.00193715 -8.26726e-23)
(2.02309 0.00124517 1.02625e-23)
(2.02488 0.000549835 1.52882e-22)
(2.02737 -0.000366291 0)
(2.03069 -0.0011683 1.62301e-22)
(2.03567 -0.00293013 3.23014e-22)
(2.04116 0.000458385 0)
(2.0505 -0.00645531 8.00023e-23)
(2.06409 -0.00364296 7.99123e-23)
(2.07862 -0.00859092 -4.9764e-23)
(1.81178 -0.00565162 5.47829e-24)
(2.02196 0.00434516 1.61108e-22)
(2.02118 0.00392946 5.19194e-24)
(2.02085 0.00394626 -1.29444e-24)
(2.0209 0.00298737 1.28839e-24)
(2.02228 0.00468603 8.29353e-23)
(2.02149 0.00440498 0)
(2.02122 0.00365153 0)
(2.02147 0.00365295 1.28934e-24)
(2.00327 0.0248479 2.06823e-20)
(2.00062 0.00829016 1.86664e-23)
(2.0015 0.0132945 -2.12639e-21)
(2.00022 0.00243241 4.35206e-22)
(2.00041 0.00595851 1.24753e-24)
(2.00015 0.00279666 -4.08467e-24)
(2.00005 0.0040506 -2.18932e-22)
(2.00008 0.00211841 1.18355e-23)
(2.00009 0.0021998 -2.96665e-24)
(2.00005 0.00152793 4.96848e-23)
(2.00006 0.00139791 0)
(2.00004 0.00112165 3.70461e-25)
(2.00004 0.000992074 -4.93111e-23)
(2.00003 0.000802687 4.81546e-23)
(2.00003 0.000690584 7.34572e-23)
(2.00002 0.000572936 2.38482e-23)
(2.00002 0.00050979 -4.83817e-23)
(2.00002 0.000387821 1.19249e-23)
(2.00002 0.000376968 -4.19326e-23)
(2.00001 0.000232777 -8.85554e-24)
(2.00001 0.000272681 1.19238e-23)
(2.00001 0.000102711 0)
(2.00001 0.000196113 1.18561e-23)
(2.00001 -5.58666e-05 -9.0527e-24)
(2.00001 9.44413e-05 1.85311e-25)
(2.00001 -0.000173476 0)
(2.00001 -4.17847e-05 4.41581e-24)
(2.00001 -0.000284512 -2.37973e-23)
(2.00001 -0.000207956 1.18041e-23)
(2.00002 -0.000412214 -2.39116e-23)
(2.00002 -0.000360701 3.26939e-23)
(2.00002 -0.000600212 -2.42008e-23)
(2.00002 -0.000598575 -2.39225e-23)
(2.00003 -0.000767262 -4.86477e-23)
(2.00003 -0.000825119 4.81885e-23)
(2.00004 -0.00100636 -4.91155e-23)
(2.00003 -0.00112415 9.6957e-23)
(2.00007 -0.00139485 2.5251e-22)
(2.00005 -0.00154788 -1.00461e-22)
(2.0001 -0.00236294 -2.87929e-24)
(2.00009 -0.00234061 -2.03228e-22)
(2.00018 -0.00345661 -4.36483e-22)
(2.00012 -0.00331153 4.16766e-22)
(2.00023 -0.00643523 2.24949e-22)
(2.00025 -0.00473925 4.32929e-22)
(2.00157 -0.0131686 0)
(2.0006 -0.00579573 0)
(2.00331 -0.0246227 0)
(2.01975 0.041724 -1.9033e-20)
(2.0372 0.0489497 0)
(2.03748 -0.0487974 7.67378e-21)
(2.05068 0.0491341 3.59954e-21)
(2.0575 0.0541038 -6.66312e-21)
(2.05795 -0.0539513 0)
(2.06042 0.0516059 3.3546e-21)
(2.05984 0.0486429 -6.51959e-22)
(2.06048 -0.0484782 1.45596e-21)
(2.05742 0.0460924 6.88958e-22)
(2.053 0.0416188 2.29717e-29)
(2.05367 -0.0411537 -4.85053e-23)
(2.04386 0.0388927 0)
(2.03655 0.0369298 0)
(2.03759 -0.0366308 -1.75344e-22)
(2.0245 0.0357699 -2.11596e-22)
(2.0158 0.0345565 1.8786e-22)
(2.01722 -0.0343385 5.85926e-24)
(2.00296 0.0335626 1.14273e-26)
(1.99414 0.0322261 -9.25452e-23)
(1.99588 -0.0316723 -9.30757e-23)
(1.98136 0.0309918 -5.24361e-24)
(1.97294 0.0293596 9.3416e-23)
(1.97505 -0.028838 1.81359e-22)
(1.96048 0.0278811 -5.73753e-24)
(1.95264 0.0260011 0)
(1.95485 -0.0256569 -4.34539e-23)
(1.94053 0.0243919 -4.48982e-23)
(1.93331 0.0224109 4.48987e-23)
(1.93545 -0.022255 1.59228e-24)
(1.9216 0.0209216 -2.80734e-24)
(1.91496 0.0190441 -2.226e-23)
(1.91715 -0.0187302 2.76222e-24)
(1.90383 0.0177098 4.73078e-23)
(1.89759 0.0159288 -2.22522e-23)
(1.90007 -0.015444 2.75369e-24)
(1.887 0.0147572 2.79549e-24)
(1.88126 0.0131329 0)
(1.88413 -0.0125743 2.19561e-23)
(1.8713 0.0122258 0)
(1.86602 0.0108784 9.80338e-24)
(1.86951 -0.0101194 -2.1989e-23)
(1.85664 0.0101645 -8.39765e-24)
(1.85172 0.00909377 0)
(1.8559 -0.00805765 -8.24725e-24)
(1.84274 0.00865268 0)
(1.83816 0.00773038 1.12768e-23)
(1.8431 -0.00654333 0)
(1.82943 0.00756266 -1.12768e-23)
(1.82517 0.00671613 -2.82183e-24)
(1.831 -0.00557831 0)
(1.8167 0.00677328 -2.82332e-24)
(1.81259 0.00600957 5.65368e-24)
(1.81934 -0.00468775 -5.47833e-24)
(1.80434 0.00617845 -5.65367e-24)
(1.80031 0.00549604 5.65398e-24)
(1.80823 -0.00410662 2.72743e-24)
(2.00381 0.018837 -3.40741e-21)
(2.01086 0.0284405 1.18966e-20)
(2.01966 0.0378127 0)
(2.00143 0.0144215 8.69136e-22)
(2.00429 0.0108352 -4.1011e-21)
(2.0067 0.0212097 -1.7166e-21)
(2.00119 0.00631535 -3.20383e-21)
(2.00261 0.0100958 3.17446e-21)
(2.0033 0.0124146 0)
(2.00061 0.00398198 2.88986e-22)
(2.00145 0.00713132 0)
(2.00202 0.00863386 -3.98726e-22)
(2.0004 0.00280444 1.41746e-22)
(2.00094 0.00507824 7.64705e-22)
(2.00124 0.00583792 -3.84056e-22)
(2.00028 0.00198971 -1.39315e-24)
(2.00067 0.00376881 -1.87674e-22)
(2.00083 0.00410747 -3.78996e-22)
(2.00019 0.0014809 9.22781e-23)
(2.00048 0.00270288 -9.37905e-23)
(2.00059 0.00298228 3.75302e-22)
(2.00015 0.0010811 -9.14904e-23)
(2.00037 0.00192251 0)
(2.00045 0.00217364 -9.27664e-23)
(2.00012 0.000769041 0)
(2.0003 0.00130769 -9.18128e-23)
(2.00036 0.00157768 0)
(2.0001 0.000514272 2.83366e-24)
(2.00026 0.000784255 0)
(2.0003 0.0010992 9.18316e-23)
(2.0001 0.0002475 2.26176e-23)
(2.00025 0.000364434 0)
(2.00029 0.000729937 0)
(2.0001 7.08369e-05 1.06346e-23)
(2.00026 -9.80966e-05 -1.07817e-23)
(2.00029 0.000307947 -1.285e-23)
(2.0001 -0.00020466 1.137e-23)
(2.00026 -0.000487032 -3.45481e-23)
(2.00025 -0.000130308 1.14643e-23)
(2.0001 -0.000513461 -2.26722e-23)
(2.00031 -0.000950172 -6.68556e-27)
(2.00027 -0.000618733 3.42435e-23)
(2.00012 -0.000815975 2.29159e-23)
(2.00036 -0.00151987 -6.90291e-23)
(2.0003 -0.00116205 9.18379e-23)
(2.00014 -0.00120523 9.13206e-23)
(2.00046 -0.00226169 9.30457e-23)
(2.00039 -0.00190096 0)
(2.00019 -0.00180482 0)
(2.00059 -0.00309175 -3.73537e-22)
(2.00048 -0.00267165 9.30523e-25)
(2.00027 -0.00271088 -1.87889e-22)
(2.00086 -0.00401972 3.7963e-22)
(2.00068 -0.00363259 1.87305e-22)
(2.00041 -0.00378693 -4.79304e-23)
(2.00128 -0.00581586 0)
(2.00096 -0.00500831 -3.78902e-22)
(2.00067 -0.00503959 1.47039e-21)
(2.0021 -0.00926485 -1.95769e-21)
(2.00154 -0.0075917 7.80805e-22)
(2.00118 -0.00839037 -8.04028e-22)
(2.00379 -0.0134083 -7.90962e-22)
(2.00237 -0.0106442 -7.98057e-22)
(2.00202 -0.0141987 1.53788e-21)
(2.00723 -0.0211743 1.5981e-21)
(2.00451 -0.0160548 8.269e-22)
(2.00856 -0.0279148 3.69285e-20)
(2.02004 -0.0371956 -1.03911e-20)
(2.01099 -0.0218813 -6.72633e-21)
(2.01881 0.0330628 -1.35122e-20)
(2.02752 0.0360423 0)
(2.04309 0.0435816 -4.0726e-22)
(2.00802 0.0256626 1.29786e-20)
(2.01292 0.0188562 3.07116e-21)
(2.01835 0.029737 0)
(2.00614 0.0145827 -1.60497e-21)
(2.00703 0.015371 -1.55188e-21)
(2.0106 0.020548 0)
(2.00358 0.00976544 -7.67657e-22)
(2.00417 0.0111802 7.60112e-22)
(2.00655 0.0144056 0)
(2.00233 0.007071 -7.58602e-22)
(2.00275 0.00813432 -1.83432e-22)
(2.00425 0.0102209 0)
(2.00163 0.00509804 7.499e-22)
(2.00193 0.0061165 -3.67976e-22)
(2.00294 0.00741401 7.40594e-22)
(2.00118 0.0037621 -2.7807e-22)
(2.00143 0.00445774 2.73423e-22)
(2.00211 0.00546801 3.66268e-22)
(2.00091 0.00274765 -9.13562e-23)
(2.00112 0.0031937 9.0914e-23)
(2.0016 0.00400823 -3.6312e-22)
(2.00073 0.00193399 2.36303e-25)
(2.00092 0.00218767 9.06537e-23)
(2.00127 0.0028987 -4.49751e-22)
(2.00063 0.00126372 0)
(2.00083 0.00134642 0)
(2.00104 0.0019637 0)
(2.00056 0.000617447 2.29002e-23)
(2.00081 0.000637124 -4.51293e-23)
(2.00093 0.00120303 1.34934e-22)
(2.00048 7.64375e-05 -4.58677e-23)
(2.00084 -0.000145552 2.25748e-23)
(2.00086 0.000435384 0)
(2.00051 -0.00055186 -9.18062e-23)
(2.0009 -0.000859331 9.03097e-23)
(2.00078 -0.000283713 4.51032e-23)
(2.00053 -0.00124369 1.37974e-22)
(2.00101 -0.0015834 -4.50556e-22)
(2.00086 -0.000950325 -9.00349e-23)
(2.00063 -0.00196195 -9.20516e-23)
(2.00121 -0.0025941 1.81099e-22)
(2.00096 -0.00189931 -1.34951e-22)
(2.00079 -0.00282874 2.78162e-22)
(2.00155 -0.00377508 -3.63876e-22)
(2.00118 -0.00296703 9.05334e-23)
(2.00103 -0.00396637 1.86968e-22)
(2.00203 -0.00533356 -7.29726e-22)
(2.00149 -0.00432494 3.62467e-22)
(2.00148 -0.00573621 0)
(2.00297 -0.00704009 -1.4685e-21)
(2.00196 -0.00575255 0)
(2.00218 -0.00798838 -3.80316e-22)
(2.00435 -0.00995355 0)
(2.00286 -0.00791247 3.72469e-22)
(2.00351 -0.0108859 7.82667e-22)
(2.00681 -0.01512 -1.52577e-21)
(2.00431 -0.0116392 0)
(2.00608 -0.0166974 1.6029e-21)
(2.01164 -0.0210982 4.5808e-21)
(2.00698 -0.0158526 3.07674e-21)
(2.01149 -0.0251081 -6.56059e-21)
(2.02108 -0.0301552 -7.79593e-21)
(2.01291 -0.022818 -1.59555e-21)
(2.03252 -0.041279 5.23e-21)
(2.04386 -0.0429055 0)
(2.02834 -0.0293676 -1.29401e-20)
(2.03511 0.0357479 7.40372e-22)
(2.04229 0.0355825 -6.15438e-21)
(2.06031 0.0422194 -9.45104e-23)
(2.01761 0.0314916 -7.79137e-21)
(2.02255 0.0231084 4.61212e-21)
(2.03056 0.031374 0)
(2.05332 -0.043256 0)
(2.06113 -0.04168 -2.88735e-21)
(2.04306 -0.031096 0)
(2.04821 0.0333822 1.91641e-21)
(2.05324 0.0319133 0)
(2.07061 0.035188 0)
(2.0267 0.0313359 -3.78676e-21)
(2.03078 0.0232903 2.57855e-21)
(2.0402 0.0292874 3.70725e-22)
(2.06687 -0.0383189 2.98978e-21)
(2.07142 -0.0345327 4.4365e-23)
(2.05372 -0.0284365 -4.60177e-23)
(2.057 0.0293499 -4.51338e-22)
(2.05997 0.0280714 0)
(2.07508 0.0288758 -7.01947e-22)
(2.03401 0.0285794 -4.02491e-21)
(2.03697 0.021458 1.54751e-21)
(2.04675 0.0260837 -1.44418e-21)
(2.07417 -0.0308188 0)
(2.076 -0.0285018 -1.08102e-23)
(2.0606 -0.0254847 6.9431e-22)
(2.06205 0.0261871 1.76523e-22)
(2.06378 0.0256943 0)
(2.07631 0.0245846 0)
(2.03919 0.0250474 1.23975e-21)
(2.04117 0.0193135 -2.9223e-21)
(2.05077 0.0233335 8.81574e-23)
(2.07671 -0.0253901 -3.45934e-22)
(2.0771 -0.0243856 -3.52542e-24)
(2.06421 -0.0234661 7.40409e-22)
(2.06512 0.0243743 -6.9121e-22)
(2.06649 0.0243183 6.6976e-22)
(2.07677 0.021404 2.34909e-23)
(2.04266 0.021992 1.58117e-21)
(2.04417 0.0176982 0)
(2.05349 0.0212702 0)
(2.07731 -0.0212606 3.51095e-22)
(2.07776 -0.0210423 1.30692e-24)
(2.06745 -0.0224228 6.80035e-22)
(2.06771 0.0231202 -3.62597e-22)
(2.06904 0.0230635 3.7318e-22)
(2.07727 0.0185591 -1.19392e-23)
(2.04526 0.0197757 3.46015e-22)
(2.0465 0.0165104 0)
(2.05578 0.0194028 -7.08682e-22)
(2.07818 -0.0184803 5.27834e-23)
(2.07869 -0.018414 0)
(2.0703 -0.0213626 3.37424e-22)
(2.07024 0.0217406 3.79233e-22)
(2.07144 0.021449 -3.47364e-22)
(2.07768 0.0157618 1.68239e-22)
(2.04741 0.0180473 -3.41058e-22)
(2.04851 0.0154249 1.10154e-21)
(2.05786 0.0172684 1.58543e-23)
(2.07885 -0.0158955 2.08473e-23)
(2.07914 -0.0156403 1.58566e-22)
(2.07256 -0.020026 1.71689e-22)
(2.0725 0.0199678 2.09587e-23)
(2.07345 0.0195028 -6.47785e-25)
(2.07776 0.0118558 6.00373e-25)
(2.04942 0.0164231 -6.78732e-22)
(2.05033 0.0142413 -8.45634e-23)
(2.05979 0.0149142 3.36313e-22)
(2.0792 -0.0131201 -2.05699e-23)
(2.07915 -0.0120325 2.77364e-24)
(2.07473 -0.0184808 3.63362e-22)
(2.07416 0.0177842 -1.8579e-22)
(2.07476 0.0173329 1.65024e-22)
(2.0772 0.00968141 0)
(2.05108 0.0146842 2.09857e-22)
(2.05182 0.0129194 0)
(2.06136 0.012493 1.66196e-22)
(2.07894 -0.0112566 -2.39047e-22)
(2.07863 -0.00962197 7.82597e-23)
(2.07599 -0.0161867 -1.63025e-22)
(2.0751 0.0155986 1.74614e-22)
(2.07537 0.0153418 -1.66811e-22)
(2.07585 0.00769271 0)
(2.05242 0.0129522 8.34391e-23)
(2.053 0.0115799 0)
(2.06245 0.010387 2.57635e-24)
(2.07792 -0.00869163 8.03343e-23)
(2.07747 -0.00777445 -1.27178e-23)
(2.07685 -0.0141539 -1.51556e-22)
(2.07547 0.0137759 0)
(2.07543 0.013175 -4.82048e-24)
(2.07404 0.00619861 0)
(2.05331 0.0114957 -8.30626e-23)
(2.05366 0.0103456 0)
(2.06302 0.00865198 -1.59997e-22)
(2.07653 -0.0067454 -1.61089e-22)
(2.07593 -0.00618137 8.06506e-23)
(2.07717 -0.0122365 0)
(2.07531 0.0128669 8.57262e-23)
(2.07521 0.0120008 -8.46447e-23)
(2.07204 0.00518372 -1.28432e-24)
(2.0539 0.0103175 0)
(2.05414 0.00947463 0)
(2.06335 0.00751099 5.14447e-24)
(2.07489 -0.00552377 2.51039e-24)
(2.07435 -0.00530322 3.00803e-23)
(2.07749 -0.0109501 -1.40722e-22)
(2.07509 0.0117129 0)
(2.07497 0.0110283 0)
(2.06994 0.00463082 -2.70037e-26)
(2.05424 0.00943198 1.65234e-22)
(2.05431 0.00877259 -8.25912e-23)
(2.06352 0.0068257 0)
(2.07318 -0.00496988 -1.45253e-26)
(2.0726 -0.00461991 -4.27642e-23)
(2.0773 -0.00945852 3.75282e-23)
(2.07484 0.0108611 -5.15801e-24)
(2.07469 0.0101793 1.03263e-26)
(2.06783 0.00444228 5.13881e-24)
(2.05434 0.00905145 0)
(2.05441 0.00795992 -2.0647e-23)
(2.06359 0.00611769 -6.5175e-23)
(2.07161 -0.00427238 -2.51088e-24)
(2.07116 -0.00425354 0)
(2.07778 -0.00853536 8.01105e-23)
(2.07457 0.0101784 0)
(2.07447 0.00969262 -5.14293e-24)
(2.06575 0.00451149 -3.33912e-23)
(2.05451 0.00900082 0)
(2.05455 0.00747396 0)
(2.06377 0.00573433 0)
(2.07022 -0.00441029 7.50554e-24)
(2.06972 -0.00446956 0)
(2.07789 -0.00801657 0)
(2.07433 0.00960869 -4.11639e-23)
(2.07425 0.00935512 4.63097e-23)
(2.06368 0.0047567 -5.14002e-24)
(2.05457 0.00869362 -1.03137e-22)
(2.05465 0.00724788 1.64575e-22)
(2.06388 0.00550144 -3.6348e-27)
(2.06867 -0.00448944 -1.99597e-23)
(2.06831 -0.00435667 1.99046e-23)
(2.07818 -0.00680492 3.913e-23)
(2.07414 0.00915804 -4.63301e-23)
(2.07408 0.00899541 2.39934e-27)
(2.06162 0.00505579 0)
(2.05479 0.00823792 -4.10827e-23)
(2.05483 0.00736651 4.1229e-23)
(2.06406 0.00541439 0)
(2.06752 -0.00452943 9.91647e-24)
(2.06713 -0.00465926 7.42476e-24)
(2.07889 -0.00531782 2.98368e-23)
(2.06029 0.0053086 -2.31449e-23)
(2.06412 0.00536009 3.01868e-23)
(2.04593 0.00503022 5.94576e-23)
(2.03798 0.00644655 2.58589e-24)
(2.03221 0.00564753 -1.60518e-22)
(2.02818 0.00546397 -1.65895e-22)
(2.02539 0.00513159 -5.1905e-24)
(2.02336 0.00494106 1.66052e-22)
(2.05831 0.00560242 0)
(2.06442 0.00542072 4.11763e-23)
(2.04617 0.00633353 -8.27042e-23)
(2.03813 0.00632675 -8.26447e-23)
(2.03239 0.00589048 1.63129e-22)
(2.02836 0.00541371 1.68513e-22)
(2.02557 0.00520655 -1.71044e-22)
(2.02358 0.00479766 -1.60905e-22)
(1.79223 0.00565766 -8.48257e-24)
(1.78826 0.0051301 2.82937e-24)
(1.78027 0.00536859 -5.64627e-24)
(1.77635 0.004755 5.64597e-24)
(2.07402 0.00881445 -1.02934e-23)
(2.07399 0.00873067 3.60231e-23)
(2.05964 0.00537667 2.82567e-23)
(2.05486 0.00772148 -2.02279e-23)
(2.05499 0.00708967 8.29175e-26)
(2.06433 0.00527708 0)
(2.07395 0.00850012 0)
(2.07396 0.00835575 0)
(2.05764 0.00556516 0)
(2.05514 0.00834713 8.23695e-23)
(2.05525 0.00613262 0)
(2.0645 0.00523248 -4.06727e-23)
(2.00055 -0.0529766 9.64102e-24)
(1.69551 -0.0305892 -5.69569e-22)
(1.9257 -0.0515876 -7.75237e-24)
(1.24794 -0.0256989 -1.279e-22)
(1.7554 -0.0488952 3.82956e-24)
(0.844311 -0.0186133 3.58121e-24)
(1.56327 -0.0317331 -2.11175e-25)
(0.611258 -0.00359105 1.06967e-24)
(1.38479 -0.0196153 -8.1461e-28)
(0.497489 0.000771347 0)
(1.22772 -0.014452 1.60206e-27)
(0.430033 0.00152469 0)
(1.09139 -0.0113473 -5.08072e-26)
(0.380931 0.00127702 0)
(0.976858 -0.00891687 -7.80384e-28)
(0.341317 0.00064651 -7.78826e-28)
(0.882673 -0.00692259 0)
(0.307802 6.34463e-05 0)
(0.808795 -0.00501928 0)
(0.280041 -0.000307774 0)
(0.754231 -0.00331503 0)
(0.257942 -0.000376821 0)
(0.716864 -0.00192665 0)
(0.242153 -0.00045358 0)
(0.69154 -0.000856325 0)
(0.231472 -0.000572198 0)
(0.674789 -8.13404e-05 0)
(0.224875 -0.000703491 0)
(0.664157 0.000367026 0)
(0.221114 -0.000794768 0)
(0.657612 0.000642268 0)
(0.219176 -0.000809997 0)
(0.653482 0.00068096 0)
(0.218381 -0.000774447 0)
(0.650276 0.000691159 0)
(0.217815 -0.000736158 0)
(0.648178 0.000726407 0)
(0.217783 -0.000704781 0)
(2.00458 -0.0440007 0)
(1.88631 -0.0220598 1.39649e-21)
(1.97806 -0.0520522 -2.58513e-22)
(1.47696 -0.0282399 -3.37812e-25)
(1.84746 -0.0518224 1.28528e-22)
(1.0371 -0.023413 -1.23608e-22)
(1.66119 -0.040606 0)
(0.703963 -0.0102445 -4.46706e-24)
(1.4734 -0.0242879 2.1236e-25)
(0.546549 -0.000350319 -2.09069e-25)
(1.30541 -0.016555 0)
(0.460941 0.00136367 0)
(1.15868 -0.0128375 -1.60234e-27)
(0.404654 0.00151355 0)
(1.0332 -0.0100395 0)
(0.360889 0.00102129 7.78814e-28)
(0.929435 -0.00788429 7.80481e-28)
(0.324595 0.000418248 0)
(0.845838 -0.00588961 0)
(0.293982 -0.000101554 0)
(0.781384 -0.00413316 0)
(0.269058 -0.000417992 0)
(0.735985 -0.00251855 0)
(0.25014 -0.000373315 0)
(0.705015 -0.00129634 0)
(0.236999 -0.000508355 0)
(0.684076 -0.000372606 0)
(0.228421 -0.000620464 0)
(0.670523 0.000266533 0)
(0.223322 -0.000728677 0)
(0.661862 0.000603191 0)
(0.220394 -0.000771688 0)
(0.656357 0.000787862 0)
(0.219008 -0.000787642 0)
(0.652533 0.000750014 0)
(0.218265 -0.00072521 0)
(0.649689 0.000834495 0)
(0.217908 -0.000703345 0)
(0.647708 0.000724411 0)
(0.217934 -0.000610894 0)
(2.00041 0.0529872 1.16002e-21)
(1.69539 0.0305749 5.82711e-22)
(1.92576 0.0516088 -2.40454e-22)
(1.24765 0.0257149 1.36022e-22)
(1.75528 0.0488718 -3.63896e-24)
(0.843634 0.0186101 0)
(1.56297 0.0315904 1.26011e-27)
(0.610863 0.00348787 -4.16004e-28)
(1.38479 0.0195479 0)
(0.497522 -0.000764383 -3.53706e-25)
(1.22744 0.0145205 -5.01444e-26)
(0.429869 -0.001516 -3.80381e-25)
(1.09065 0.0114815 -1.02535e-25)
(0.380338 -0.00127692 2.54497e-26)
(0.974888 0.00900554 -5.53534e-27)
(0.340069 -0.000690574 -2.22394e-25)
(0.880585 0.00686122 0)
(0.306565 -0.000103595 5.29594e-26)
(0.806617 0.00498603 0)
(0.278932 0.000305825 0)
(0.752184 0.00329187 0)
(0.256923 0.000382256 0)
(0.714635 0.00194737 0)
(0.240968 0.000463196 0)
(0.688625 0.000888144 0)
(0.229915 0.000599636 0)
(0.671181 0.000117377 0)
(0.222869 0.000715049 0)
(0.659714 -0.000340332 0)
(0.218636 0.000779429 0)
(0.652 -0.000568391 0)
(0.216105 0.000802445 0)
(0.64661 -0.00067789 0)
(0.214617 0.000800765 0)
(0.642612 -0.000694366 0)
(0.213707 0.000765764 0)
(0.639249 -0.000646416 0)
(0.213001 0.000709319 0)
(2.00449 0.0440409 -3.79587e-35)
(1.88626 0.0220863 0)
(1.97783 0.0521028 -3.27534e-23)
(1.47659 0.0282494 3.52284e-23)
(1.84632 0.0519444 -1.24768e-22)
(1.03632 0.0234365 5.4182e-23)
(1.65951 0.0407036 3.21312e-23)
(0.702842 0.0102299 -1.41804e-23)
(1.47191 0.0242156 -1.03117e-28)
(0.545947 0.000357891 0)
(1.30408 0.0165912 0)
(0.460477 -0.00131291 -7.05553e-25)
(1.15716 0.0128973 -1.61552e-27)
(0.403887 -0.00148385 1.59903e-27)
(1.03086 0.0102059 2.46927e-26)
(0.359521 -0.00101007 0)
(0.926037 0.00789713 0)
(0.322868 -0.000395053 -1.55924e-25)
(0.842303 0.00589106 0)
(0.292394 0.000114257 -8.09231e-27)
(0.778065 0.00411969 0)
(0.267537 0.000416172 0)
(0.732923 0.00254807 0)
(0.248667 0.00038916 0)
(0.701621 0.00136166 0)
(0.235298 0.000521655 0)
(0.680233 0.000433143 0)
(0.226377 0.000651554 0)
(0.666024 -0.000174507 0)
(0.220876 0.000752909 0)
(0.656546 -0.000494792 0)
(0.217581 0.000791999 0)
(0.650017 -0.000666358 0)
(0.215579 0.000795062 0)
(0.6453 -0.000727137 0)
(0.214344 0.000775796 0)
(0.64154 -0.000706278 0)
(0.213516 0.000730792 0)
(0.63826 -0.00064231 0)
(0.212816 0.000667763 0)
(0.636127 -0.000570938 0)
(0.212328 0.000633931 0)
(0.632958 -0.000480918 0)
(0.211563 0.000570648 0)
(0.63513 -0.000546698 0)
(0.212122 0.000592074 0)
(0.631961 -0.000484225 0)
(0.211336 0.000528813 0)
(1.90486 -0.292011 8.11601e-21)
(1.70231 -0.336021 7.27853e-21)
(1.57666 -0.00236818 -1.84044e-20)
(1.70821 0.159 -1.40664e-20)
(1.85303 0.20389 1.19639e-20)
(2.16175 -0.211976 -4.20287e-22)
(2.13534 -0.271288 0)
(2.08567 -0.298022 -7.25707e-22)
(1.96393 -0.479943 -1.68611e-20)
(1.68266 -0.489652 -2.91956e-20)
(1.43521 -0.194987 -5.34118e-21)
(1.58135 0.19099 8.67342e-21)
(1.77952 0.510862 -9.03805e-21)
(2.0382 0.387085 7.73816e-22)
(2.09797 0.314941 -2.89025e-21)
(2.20829 -0.0294404 -1.62376e-23)
(2.24193 -0.054547 -1.63591e-23)
(2.23152 -0.0985747 1.44989e-22)
(2.23333 -0.151807 -2.86601e-23)
(2.23581 -0.182226 4.24298e-22)
(2.21754 -0.306438 0)
(2.18797 -0.408972 3.76771e-21)
(2.11502 -0.588873 0)
(1.72963 -1.09427 3.86377e-20)
(1.00384 -0.580062 1.93588e-19)
(1.26475 0.550983 5.58474e-20)
(1.8952 0.771721 -2.85007e-22)
(2.09795 0.440511 1.54384e-21)
(2.18368 0.316631 0)
(2.23782 -0.0283055 9.91363e-24)
(2.27898 -0.0566559 7.24592e-23)
(2.28264 -0.0981244 -3.51076e-23)
(2.2856 -0.138502 2.38333e-21)
(2.30575 -0.218434 -2.33486e-22)
(2.33143 -0.266447 -8.85317e-22)
(2.37361 -0.31716 1.94488e-21)
(2.37286 -0.531872 -3.63004e-20)
(2.59526 -0.849325 -1.07607e-20)
(2.52759 0.854399 6.18797e-21)
(2.31839 0.472827 -1.86425e-21)
(2.28977 0.336389 0)
(2.26911 -0.0206452 -7.04383e-23)
(2.31173 -0.0468911 5.59532e-23)
(2.32062 -0.0922875 1.34032e-22)
(2.33884 -0.123024 8.50375e-22)
(2.35884 -0.141238 0)
(2.41085 -0.212798 -4.00889e-21)
(2.48972 -0.254859 -1.29997e-20)
(2.54884 -0.276247 0)
(2.0032 -0.346863 -1.08774e-19)
(2.12885 0.381592 -1.75076e-19)
(2.50165 0.296241 0)
(2.38842 0.256327 -3.43152e-21)
(2.29371 -0.0112522 -6.2153e-23)
(2.33623 -0.0339044 -7.27621e-23)
(1.86302 -0.0131793 0)
(1.8853 -0.0168749 -1.09496e-23)
(1.46372 -0.90877 6.90675e-20)
(2.17419 -1.16928 -2.65258e-20)
(0.78117 0.164968 1.43666e-20)
(1.35921 1.25882 -5.41697e-20)
(2.06634 0.907944 8.90146e-21)
(1.90015 -0.0129789 -1.54413e-23)
(1.91941 -0.0110068 -9.42267e-24)
(2.66379 -0.5207 -1.0842e-21)
(2.42897 0.789181 -4.89106e-21)
(2.56136 0.469715 0)
(2.59629 0.584588 -1.05627e-20)
(1.93638 -0.00774385 2.42289e-23)
(1.94903 -0.0018966 0)
(-0.00347761 0.152709 -8.09795e-20)
(1.83529 -0.245081 -6.66576e-20)
(0.219016 -0.180313 0)
(1.9611 -0.00178046 2.15953e-24)
(1.90799 -0.374562 2.71302e-20)
(1.94306 -0.496694 -3.06324e-20)
(2.03633 -0.46326 2.50961e-21)
(1.63053 -0.27471 0)
(1.45777 -0.655224 0)
(1.76912 -0.559284 4.86182e-20)
(1.35822 0.0757712 4.99644e-21)
(1.12754 0.064151 3.51356e-20)
(1.19269 -0.284423 3.02676e-20)
(1.58575 0.534204 2.62842e-20)
(1.75973 0.391599 -1.44995e-20)
(1.31217 0.4899 -2.31375e-20)
(1.88222 0.387772 2.96394e-21)
(1.927 0.484273 -1.0896e-21)
(1.82059 0.571755 -1.7852e-20)
(2.24929 -0.0424253 1.22701e-23)
(2.2614 -0.0437362 3.04365e-23)
(2.22025 -0.0287038 9.98368e-24)
(2.23304 -0.0471589 -1.0011e-22)
(2.25003 -0.0983522 -8.45234e-23)
(2.2592 -0.0635419 3.35655e-23)
(2.05342 -0.610389 1.05415e-20)
(2.19194 -0.725049 1.96259e-20)
(2.23574 -0.558683 3.19956e-21)
(2.04886 0.595118 1.072e-20)
(2.16024 0.71232 -8.17837e-22)
(2.1077 1.08617 2.19166e-22)
(2.13229 0.495265 0)
(2.206 0.476774 0)
(2.17803 0.499593 0)
(2.27916 -0.0429103 -5.48974e-23)
(2.29451 -0.034701 5.69461e-23)
(2.2533 -0.0233432 1.33888e-23)
(2.27306 -0.0556423 2.91957e-23)
(2.28973 -0.0844301 -3.62306e-22)
(2.29422 -0.0543996 -3.67351e-23)
(2.49094 -0.698181 2.86428e-20)
(2.61025 -0.373861 -7.01375e-21)
(2.50543 -0.419838 -1.30819e-21)
(2.27764 0.488931 7.51823e-22)
(2.37557 0.416079 -1.12724e-21)
(2.44528 0.424173 -1.05611e-21)
(2.31035 -0.0341524 3.66128e-23)
(2.32346 -0.0250886 3.47887e-24)
(2.28234 -0.016308 3.77451e-24)
(2.30998 -0.0549666 1.19915e-22)
(2.32304 -0.0634316 -6.42179e-22)
(2.32397 -0.0424225 -5.60104e-23)
(2.55703 -0.240913 0)
(2.44682 -0.153948 0)
(2.54656 -0.247378 2.45658e-20)
(2.51431 0.340664 1.29934e-20)
(2.46764 0.238931 -4.3247e-20)
(1.87981 0.32279 3.50626e-20)
(2.43025 0.35631 6.34964e-21)
(2.47362 0.301336 -3.2542e-22)
(2.49496 0.278422 0)
(2.33501 -0.0249882 4.60289e-23)
(2.34191 -0.0452871 0)
(2.59312 -0.773353 4.06239e-20)
(2.20098 -1.02097 4.09179e-20)
(0.0551922 -0.328262 1.04529e-18)
(-0.717172 -0.446914 -3.93815e-20)
(0.560255 -0.926941 -1.9138e-18)
(0.542177 -0.994944 1.9217e-18)
(-0.206437 -0.257751 -1.24283e-18)
(-0.128231 -0.218121 3.39848e-19)
(0.704351 0.96486 8.22171e-19)
(0.662748 1.16564 -8.39071e-19)
(-0.176624 0.268981 0)
(-0.115707 0.236073 -2.59456e-20)
(2.50162 0.755645 -1.0114e-18)
(2.06283 1.06533 1.07415e-18)
(0.308483 0.258531 1.13021e-18)
(-0.634011 0.346968 -4.12517e-20)
(2.0056 -1.43085 -4.92804e-20)
(1.69617 -1.32803 -4.95592e-20)
(1.24773 -1.14427 -8.14066e-19)
(1.11947 -1.4419 -4.35557e-19)
(2.44633 -0.238075 0)
(0.972016 -0.231141 5.56063e-20)
(0.424179 0.435661 3.23457e-19)
(0.231893 0.490026 -2.95557e-19)
(0.978234 -0.00258822 0)
(0.413892 -4.33666e-06 0)
(1.00951 -0.00147807 0)
(0.427477 -0.000346743 0)
(1.0224 0.00198424 0)
(0.431287 -0.000796613 0)
(1.0164 0.00333649 0)
(0.420253 0.000242347 0)
(1.00054 -0.00274893 0)
(0.421834 -0.00022605 0)
(1.02103 0.000197106 0)
(0.431969 -0.000566157 0)
(1.0207 0.00267837 0)
(0.427552 0.000170733 0)
(-0.431637 -0.408242 0)
(-0.55975 -0.52698 1.82459e-18)
(-0.0953694 0.215843 -9.82897e-21)
(-0.0299411 0.196143 -2.196e-20)
(1.80117 1.46518 0)
(1.61343 1.32152 1.09337e-18)
(2.47609 0.27262 -4.68915e-20)
(0.966812 0.290671 1.99257e-20)
(-0.495503 0.423084 0)
(-0.559935 0.457683 2.98575e-20)
)
;

boundaryField
{
    inlet
    {
        type            fixedValue;
        value           uniform (2 0 0);
    }
    outlet
    {
        type            zeroGradient;
    }
    wall
    {
        type            noSlip;
    }
    empty_zmin
    {
        type            empty;
    }
    empty_zmax
    {
        type            empty;
    }
    procBoundary0to1
    {
        type            processor;
        value           nonuniform List<vector> 
39
(
(2.40138 0.161213 -4.29863e-21)
(2.34555 0.13947 1.12295e-21)
(2.31247 0.131316 -4.72904e-21)
(2.29547 0.104451 -7.95229e-22)
(2.28504 0.076062 -2.62191e-23)
(2.27575 0.0627301 1.78708e-22)
(2.27071 0.0414514 3.01985e-23)
(2.27529 0.0237444 7.67345e-24)
(2.27699 0.00380868 -2.86117e-23)
(1.84536 -0.000682463 -1.37113e-23)
(2.23328 0.00505463 0)
(0.826734 -0.00152903 0)
(0.319545 -0.000122969 0)
(2.35945 -0.0456466 -7.82276e-22)
(2.37533 -0.0861147 3.7996e-21)
(2.41674 -0.120465 -8.69783e-21)
(2.47356 -0.168924 6.62166e-21)
(2.54787 -0.135931 -7.62074e-21)
(2.45198 0.187955 2.06127e-21)
(2.30595 -0.0101382 -6.21382e-23)
(2.3532 -0.0275055 1.4044e-22)
(2.35945 -0.0456466 -7.82276e-22)
(2.53953 -0.227593 -1.35205e-20)
(1.38155 -0.265456 0)
(-0.242738 -0.218182 -9.56786e-20)
(-0.0660861 0.222078 -2.98169e-20)
(1.68876 0.298666 1.47845e-20)
(2.48807 0.211424 -3.19107e-21)
(2.48807 0.211424 -3.19107e-21)
(-0.0522903 0.0411678 -5.07066e-20)
(-0.150592 -0.0452267 -2.63026e-20)
(1.96954 0.00323307 2.15901e-24)
(-0.154418 0.146667 -1.67441e-20)
(2.38806 -0.174668 0)
(2.34716 0.213953 0)
(2.34959 -0.0162297 5.32674e-23)
(2.35778 -0.0418064 3.65563e-22)
(1.00798 0.00342462 0)
(0.411795 0.000732088 0)
)
;
    }
}


// ************************************************************************* //
