/*--------------------------------*- C++ -*----------------------------------*\
| =========                 |                                                 |
| \\      /  F ield         | OpenFOAM: The Open Source CFD Toolbox           |
|  \\    /   O peration     | Version:  2406                                  |
|   \\  /    A nd           | Website:  www.openfoam.com                      |
|    \\/     M anipulation  |                                                 |
\*---------------------------------------------------------------------------*/
FoamFile
{
    version     2.0;
    format      ascii;
    arch        "LSB;label=32;scalar=64";
    class       surfaceScalarField;
    location    "2.85";
    object      phi;
}
// * * * * * * * * * * * * * * * * * * * * * * * * * * * * * * * * * * * * * //

dimensions      [0 3 -1 0 0 0 0];

oriented        oriented;

internalField   nonuniform List<scalar> 
4647
(
1.30804e-05
-6.9504e-05
-8.85829e-06
6.5282e-05
-2.68385e-05
-6.82318e-05
3.20098e-05
6.30605e-05
-2.21869e-05
-6.77135e-05
6.30619e-05
-1.76253e-05
-6.84016e-05
6.384e-05
-6.9574e-05
6.5029e-05
4.65454e-07
-1.07133e-07
4.34454e-05
8.10684e-07
5.92878e-05
6.03094e-05
-1.24213e-08
3.56562e-07
-8.07414e-07
-7.36085e-05
1.11533e-05
-7.04891e-06
-2.70921e-06
-5.16028e-05
7.05499e-06
4.7257e-05
-7.15112e-05
-9.49053e-06
1.08202e-05
7.01816e-05
3.00475e-05
0.000141854
-1.17863e-05
-1.23518e-05
3.85832e-05
0.000144278
4.70725e-05
0.000148326
5.1759e-05
0.000143497
4.64958e-05
0.000127132
3.1887e-05
0.00010074
2.12468e-05
7.31284e-05
1.4369e-05
4.98539e-05
9.07015e-06
2.57734e-05
-2.88983e-06
7.50341e-07
-1.60763e-05
-1.59294e-05
-2.23509e-05
-2.51361e-05
-2.69603e-05
-9.63071e-06
-1.24322e-05
2.40125e-05
-6.99046e-06
9.19156e-05
-5.88384e-06
0.000105787
-9.97294e-07
0.000107015
8.85483e-07
0.000113341
8.9956e-07
0.000117533
9.43676e-08
0.000120246
2.41359e-07
-1.45594e-08
6.04184e-05
4.33425e-05
9.33772e-08
9.49934e-09
-2.18084e-06
-4.25258e-05
6.95029e-06
3.77563e-05
-6.88167e-05
-9.89343e-06
1.16652e-05
6.7045e-05
3.24078e-05
0.000135422
-1.28698e-05
-1.31058e-05
4.27181e-05
0.000133968
5.33358e-05
0.000137708
6.31142e-05
0.000133719
6.8033e-05
0.000122214
6.43849e-05
0.000104388
5.74803e-05
8.0033e-05
4.93779e-05
5.79563e-05
4.18024e-05
3.3349e-05
3.18032e-05
1.07495e-05
1.44671e-05
1.40665e-06
-2.94614e-07
-1.03744e-05
-1.19653e-05
2.04001e-06
-1.12268e-05
2.32739e-05
-1.05455e-06
8.17434e-05
4.44841e-06
0.000100284
5.06934e-06
0.000106394
3.55467e-06
0.000114855
2.34342e-06
0.000118744
6.76572e-07
0.000121033
8.80436e-07
-6.04716e-05
4.55605e-07
6.06926e-05
-4.32769e-05
4.33364e-05
-3.5465e-07
2.9513e-07
-1.88767e-06
-3.29993e-05
6.06156e-06
2.88255e-05
-6.51923e-05
-9.24178e-06
1.13071e-05
6.3127e-05
3.31111e-05
0.000127799
-1.28148e-05
-1.2674e-05
4.22115e-05
0.000124868
5.59223e-05
0.000123998
6.8064e-05
0.000121577
7.62231e-05
0.000114055
8.01588e-05
0.000100452
7.92776e-05
8.09142e-05
7.52643e-05
6.19696e-05
6.75633e-05
4.105e-05
5.56359e-05
2.26769e-05
3.89001e-05
1.81424e-05
2.22827e-05
6.24308e-06
6.86799e-06
1.74547e-05
1.06186e-07
3.00357e-05
1.15611e-05
7.02884e-05
1.18961e-05
9.99489e-05
8.00978e-06
0.00011028
5.58265e-06
0.000117283
4.05354e-06
0.000120273
1.24857e-06
0.000122294
1.54356e-06
-6.08335e-05
8.99569e-07
6.11825e-05
-4.34532e-05
4.3673e-05
-6.37705e-07
4.17869e-07
1.70806e-05
2.95314e-06
2.49114e-07
1.41397e-05
2.31782e-07
1.15488e-05
2.41663e-06
1.74225e-07
-8.40543e-08
1.49681e-07
9.25312e-06
1.14841e-07
7.27697e-06
1.9213e-06
5.48468e-08
-5.10209e-07
3.93409e-07
5.45392e-06
-6.462e-08
3.51603e-06
2.22259e-06
-2.84701e-07
4.39832e-05
-7.05937e-07
3.95798e-07
-2.23027e-06
-2.56982e-05
4.36684e-06
2.35617e-05
-6.09178e-05
-7.16405e-06
9.4835e-06
5.85983e-05
3.07548e-05
0.000118714
-1.12253e-05
-1.04441e-05
3.98857e-05
0.000115737
5.1119e-05
0.000112764
6.3725e-05
0.000108971
7.69732e-05
0.000100806
8.43586e-05
9.30666e-05
8.64539e-05
7.88189e-05
8.57115e-05
6.27119e-05
7.99832e-05
4.67783e-05
6.92079e-05
3.34523e-05
5.52404e-05
3.21099e-05
4.05218e-05
2.09617e-05
2.63465e-05
3.163e-05
1.585e-05
4.05323e-05
2.03894e-05
6.5749e-05
1.9809e-05
0.000100529
1.44305e-05
0.000115659
1.07103e-05
0.000121003
7.41164e-06
0.000123572
1.83027e-06
0.000125468
2.40726e-06
-6.15315e-05
1.19124e-06
6.21705e-05
4.4391e-05
-7.76546e-07
3.68729e-07
-1.93289e-07
-2.219e-05
1.00017e-06
2.13831e-05
-5.60534e-05
-3.2768e-06
6.00653e-06
5.33237e-05
2.67358e-05
0.000108214
-8.54032e-06
-7.69549e-06
3.64004e-05
0.000106072
4.78387e-05
0.000101326
5.89338e-05
9.78758e-05
6.95017e-05
9.02383e-05
7.96593e-05
8.2909e-05
8.60611e-05
7.24172e-05
8.79046e-05
6.08683e-05
8.39819e-05
5.0701e-05
7.5511e-05
4.19232e-05
6.6728e-05
4.08928e-05
5.60752e-05
3.16146e-05
4.39343e-05
4.37709e-05
3.29116e-05
5.15549e-05
2.86413e-05
7.00193e-05
2.95058e-05
9.9665e-05
2.31637e-05
0.000122001
1.59337e-05
0.000128233
9.57774e-06
0.000129928
2.16835e-06
0.000130256
2.62114e-06
-6.29325e-05
1.31024e-06
6.37906e-05
-4.48831e-05
4.53094e-05
-7.27265e-07
3.01053e-07
2.08505e-06
-2.13657e-05
-2.48832e-06
2.17689e-05
-5.02173e-05
4.93188e-07
2.42701e-06
4.72971e-05
2.18313e-05
9.67384e-05
-5.44773e-06
-4.90791e-06
3.2765e-05
9.51384e-05
4.24722e-05
9.16189e-05
5.28004e-05
8.75476e-05
6.31619e-05
7.98768e-05
7.38657e-05
7.22052e-05
8.13644e-05
6.49184e-05
8.36008e-05
5.8632e-05
8.25574e-05
5.17444e-05
7.97805e-05
4.47001e-05
7.64907e-05
4.41827e-05
6.68283e-05
4.1277e-05
5.43379e-05
5.62613e-05
4.36145e-05
6.22783e-05
3.35384e-05
8.00954e-05
3.04889e-05
0.000102714
2.28262e-05
0.000129664
1.49059e-05
0.000136153
7.97123e-06
0.000136862
1.82699e-06
0.000134526
1.87482e-06
-6.48257e-05
1.21811e-06
6.54346e-05
-4.57077e-05
4.59624e-05
-5.28312e-07
2.73656e-07
2.98918e-06
-2.24568e-05
-3.798e-06
2.32657e-05
-4.41111e-05
2.14192e-06
4.74211e-07
4.1495e-05
1.70466e-05
8.57895e-05
-3.16727e-06
-2.93043e-06
2.72406e-05
8.49443e-05
3.76805e-05
8.11789e-05
4.86597e-05
7.65684e-05
5.87522e-05
6.97843e-05
6.70666e-05
6.38908e-05
7.26841e-05
5.9301e-05
7.71182e-05
5.41978e-05
8.25264e-05
4.63363e-05
8.4422e-05
4.28044e-05
8.41925e-05
4.44122e-05
7.55402e-05
4.99292e-05
6.51973e-05
6.66043e-05
5.26176e-05
7.48579e-05
3.68151e-05
9.58979e-05
2.51526e-05
0.000114377
1.53537e-05
0.000139463
8.30386e-06
0.000143203
3.581e-06
0.000141585
2.96683e-07
0.000137474
3.36144e-07
-6.64136e-05
-1.63377e-07
6.68736e-05
-4.59336e-05
4.55144e-05
6.28051e-08
3.56407e-07
2.50075e-06
-2.40176e-05
-3.13898e-06
2.46559e-05
-3.89549e-05
1.94413e-06
4.69687e-08
3.69638e-05
1.36845e-05
7.68889e-05
-2.31927e-06
-2.46457e-06
2.28946e-05
7.57342e-05
3.33368e-05
7.07367e-05
4.14303e-05
6.8475e-05
5.0405e-05
6.08096e-05
5.92093e-05
5.50864e-05
6.86129e-05
4.98974e-05
7.86472e-05
4.41635e-05
8.57613e-05
3.92222e-05
8.79937e-05
4.0572e-05
8.4491e-05
4.7915e-05
7.72329e-05
5.71873e-05
6.84667e-05
7.53705e-05
5.48575e-05
8.84671e-05
3.84295e-05
0.000112326
2.24691e-05
0.000130337
1.25898e-05
0.000149342
4.78056e-06
0.000151012
-1.17969e-07
0.000146484
-1.07268e-06
0.000140613
-2.1847e-06
-6.75301e-05
-1.2992e-06
6.77566e-05
-4.47316e-05
4.30726e-05
8.36549e-07
8.22359e-07
1.79228e-06
-2.51509e-05
-2.14179e-06
2.55004e-05
-3.49538e-05
1.28938e-06
2.74732e-07
3.33897e-05
1.28358e-05
6.84932e-05
-2.18045e-06
-2.25973e-06
2.15383e-05
6.70317e-05
2.90561e-05
6.3219e-05
3.53002e-05
6.22309e-05
4.68241e-05
4.92857e-05
5.82211e-05
4.36894e-05
7.01637e-05
3.79548e-05
7.97552e-05
3.4572e-05
8.43904e-05
3.4587e-05
8.51444e-05
3.9818e-05
8.00007e-05
5.30587e-05
7.13181e-05
6.58698e-05
6.21497e-05
8.4539e-05
5.00287e-05
0.000100588
3.80584e-05
0.000124296
2.4734e-05
0.000143662
1.46752e-05
0.000159401
5.05498e-06
0.000160632
-2.68047e-06
0.000154219
-4.29894e-06
0.000147289
-5.05698e-06
-6.81096e-05
-4.87001e-06
6.86807e-05
-4.02097e-05
3.57039e-05
4.05519e-06
4.50618e-07
1.24544e-06
-2.56805e-05
-1.29692e-06
2.5732e-05
-3.19956e-05
5.3733e-07
4.94971e-07
3.09633e-05
1.23997e-05
6.08522e-05
-2.13204e-06
-2.62661e-06
1.84937e-05
6.09377e-05
2.25087e-05
5.92039e-05
3.21872e-05
5.25523e-05
4.50424e-05
3.64305e-05
5.59299e-05
3.28019e-05
6.4481e-05
2.94037e-05
6.91818e-05
2.98712e-05
6.9874e-05
3.38948e-05
6.64415e-05
4.32505e-05
6.03766e-05
5.91235e-05
5.01704e-05
7.60761e-05
4.19577e-05
9.27516e-05
3.29575e-05
0.000109588
2.5755e-05
0.000131499
1.52126e-05
0.000154204
5.94433e-06
0.000168669
-1.30062e-06
0.000167877
-8.85645e-06
0.000161775
-7.3282e-06
0.000154719
-8.95859e-06
-6.99653e-05
-7.79765e-06
7.04348e-05
-3.05236e-05
2.56464e-05
5.70849e-06
-8.31272e-07
8.37718e-07
-2.57067e-05
-8.2711e-07
2.56961e-05
-2.98204e-05
3.16748e-07
5.24582e-07
2.8979e-05
8.62316e-06
5.57944e-05
-1.76307e-06
-1.8023e-06
1.33708e-05
5.61901e-05
2.02104e-05
5.23643e-05
3.24458e-05
4.0317e-05
3.98514e-05
2.90249e-05
4.53543e-05
2.7299e-05
4.78874e-05
2.68707e-05
4.82645e-05
2.9494e-05
4.49036e-05
3.72558e-05
3.78984e-05
5.02557e-05
3.05078e-05
6.65141e-05
2.42084e-05
8.23755e-05
1.86315e-05
9.83285e-05
1.10579e-05
0.000117162
1.63e-06
0.000140927
-8.48671e-06
0.000164321
-1.34425e-05
0.000173625
-1.54722e-05
0.000169907
-1.85376e-05
0.00016484
-1.04067e-05
0.000157879
-1.12904e-05
-7.06414e-05
-9.90207e-06
7.01369e-05
-2.16605e-05
1.84599e-05
4.0439e-06
-8.43274e-07
5.62495e-07
-2.5741e-05
-7.11908e-07
2.58904e-05
-2.81221e-05
5.55334e-07
-2.52834e-07
2.78196e-05
3.34894e-06
5.32048e-05
-2.90115e-07
-4.69257e-07
8.46199e-06
5.1077e-05
1.63673e-05
4.4459e-05
2.34889e-05
3.31954e-05
2.56593e-05
2.68545e-05
2.69989e-05
2.59593e-05
2.64174e-05
2.74522e-05
2.36789e-05
3.22325e-05
1.91769e-05
4.17578e-05
1.44139e-05
5.50187e-05
1.07208e-05
7.02073e-05
7.07805e-06
8.60182e-05
1.55954e-06
0.000103847
-9.77282e-06
0.000128494
-2.22447e-05
0.000153398
-2.6176e-05
0.000168252
-2.47576e-05
0.000172206
-2.32596e-05
0.000168409
-2.37063e-05
0.000165287
-1.15388e-05
0.000158127
-1.2416e-05
-6.87501e-05
-9.11409e-06
6.63254e-05
-1.59872e-05
1.35003e-05
3.38455e-06
-8.97568e-07
5.73439e-07
-2.60214e-05
-6.77052e-07
2.6125e-05
-2.73962e-05
6.41065e-07
-5.53361e-07
2.73085e-05
6.78594e-07
5.17082e-05
4.00696e-07
4.17358e-07
5.40503e-06
4.63506e-05
1.10745e-05
3.87894e-05
1.27407e-05
3.15293e-05
1.12404e-05
2.83548e-05
8.61124e-06
2.85885e-05
5.86563e-06
3.01978e-05
3.65516e-06
3.4443e-05
8.57985e-07
4.4555e-05
-2.44552e-06
5.83222e-05
-6.47941e-06
7.42412e-05
-1.40445e-05
9.35832e-05
-2.50298e-05
0.000114832
-3.50171e-05
0.000138481
-3.72674e-05
0.000155649
-3.34411e-05
0.000164426
-2.8807e-05
0.000167572
-2.5491e-05
0.000165093
-2.43015e-05
0.000164098
-1.08913e-05
0.000155877
-1.11598e-05
-6.27233e-05
-7.48073e-06
5.93128e-05
-1.08546e-05
7.92654e-06
4.04438e-06
-1.11635e-06
5.11046e-07
-2.62663e-05
-7.8475e-07
2.654e-05
-2.71461e-05
8.33027e-07
-8.49847e-07
2.7163e-05
-4.58073e-07
5.07252e-05
7.69985e-07
6.71042e-07
1.89543e-06
4.39971e-05
3.14942e-06
3.75355e-05
7.69215e-07
3.39095e-05
-2.51022e-06
3.16343e-05
-6.18383e-06
3.22621e-05
-1.124e-05
3.5254e-05
-1.73132e-05
4.05162e-05
-2.31161e-05
5.03579e-05
-2.92689e-05
6.44751e-05
-3.63076e-05
8.12798e-05
-4.41986e-05
0.000101474
-4.98212e-05
0.000120455
-4.96593e-05
0.00013832
-4.45156e-05
0.000150505
-3.79202e-05
0.00015783
-3.10212e-05
0.000160673
-2.5229e-05
0.000159301
-2.05758e-05
0.000159444
-7.12421e-06
0.000149178
-6.7526e-06
-5.56371e-05
-5.30144e-06
5.38143e-05
-5.09137e-06
2.72926e-06
3.29624e-06
-9.34127e-07
3.31604e-08
-2.69077e-05
-3.60888e-07
2.72355e-05
-2.71579e-05
7.48325e-07
-1.05899e-06
2.74686e-05
-1.52882e-06
5.02674e-05
1.1513e-06
8.35364e-07
-1.32396e-06
4.37922e-05
-4.05609e-06
4.02676e-05
-9.65302e-06
3.95064e-05
-1.623e-05
3.82112e-05
-2.4098e-05
4.01301e-05
-3.22746e-05
4.34306e-05
-4.01316e-05
4.83731e-05
-4.76138e-05
5.78401e-05
-5.40083e-05
7.08696e-05
-5.85873e-05
8.58589e-05
-6.09359e-05
0.000103823
-6.01536e-05
0.000119673
-5.57399e-05
0.000133906
-4.80328e-05
0.000142798
-3.83685e-05
0.000148166
-2.87121e-05
0.000151017
-2.05202e-05
0.000151109
-1.24132e-05
0.000151337
-1.4335e-06
0.000139187
-9.88575e-07
-5.13242e-05
-4.30709e-07
5.03214e-05
-1.4408e-06
1.47234e-06
1.39302e-07
-1.70841e-07
-9.94176e-08
-2.74363e-05
-2.24185e-07
2.77599e-05
-2.76971e-05
6.88121e-07
-1.21825e-06
2.82272e-05
-2.83756e-06
5.06408e-05
1.48003e-06
9.8409e-07
-5.59737e-06
4.6552e-05
-1.24036e-05
4.70739e-05
-2.05826e-05
4.76853e-05
-2.82021e-05
4.58308e-05
-3.5979e-05
4.7907e-05
-4.37732e-05
5.12248e-05
-5.19291e-05
5.65291e-05
-5.87319e-05
6.46429e-05
-6.37282e-05
7.58659e-05
-6.6449e-05
8.85797e-05
-6.62353e-05
0.000103609
-6.36645e-05
0.000117102
-5.68088e-05
0.00012705
-4.70482e-05
0.000133037
-3.63455e-05
0.000137463
-2.58405e-05
0.000140512
-1.56283e-05
0.000140897
-4.45842e-06
0.000140168
3.35412e-06
0.000127827
3.54717e-06
-4.84536e-05
3.66113e-06
4.81466e-05
-2.32028e-06
4.15292e-06
-2.34174e-06
5.09096e-07
-4.62552e-07
-2.83391e-05
-3.92422e-07
2.91941e-05
-2.84131e-05
1.14458e-06
-1.77853e-06
2.9047e-05
-5.92388e-06
5.26267e-05
1.98948e-06
1.94852e-06
-1.10809e-05
5.17091e-05
-1.95854e-05
5.55783e-05
-2.786e-05
5.59599e-05
-3.54134e-05
5.33841e-05
-4.2569e-05
5.50626e-05
-4.91471e-05
5.78028e-05
-5.5894e-05
6.3276e-05
-6.19621e-05
7.0711e-05
-6.56488e-05
7.95526e-05
-6.72961e-05
9.0227e-05
-6.62857e-05
0.000102599
-6.19909e-05
0.000112807
-5.38064e-05
0.000118866
-4.49007e-05
0.000124132
-3.47072e-05
0.00012727
-2.38394e-05
0.000129644
-1.38979e-05
0.000130955
-2.32653e-06
0.000128596
4.35393e-06
0.000117099
4.04753e-06
-4.70499e-05
5.32542e-06
4.60784e-05
-6.52149e-06
9.12583e-06
-3.49764e-06
8.93298e-07
-7.35109e-07
-3.02693e-05
-3.77945e-07
3.13823e-05
-2.96411e-05
1.45275e-06
-2.46596e-06
3.06543e-05
-1.01306e-05
5.59491e-05
3.31618e-06
3.49202e-06
-1.41832e-05
5.57617e-05
-2.07648e-05
6.21599e-05
-2.78791e-05
6.30742e-05
-3.52143e-05
6.07194e-05
-4.31032e-05
6.29515e-05
-5.0665e-05
6.53646e-05
-5.69202e-05
6.95311e-05
-6.12973e-05
7.50882e-05
-6.37413e-05
8.19966e-05
-6.44025e-05
9.08881e-05
-6.09631e-05
9.91593e-05
-5.53906e-05
0.000107235
-4.83748e-05
0.00011185
-4.02149e-05
0.000115972
-3.20244e-05
0.000119079
-2.30652e-05
0.000120685
-1.38651e-05
0.000121755
-3.28504e-06
0.000118016
3.4347e-06
0.000107766
2.61353e-06
-4.50721e-05
4.59754e-06
4.39093e-05
-1.16276e-05
1.38859e-05
-3.00297e-06
7.44643e-07
1.13665e-07
-3.23006e-05
-9.05114e-07
3.30921e-05
-3.1641e-05
1.94562e-06
-3.22291e-06
3.29183e-05
-1.26907e-05
5.94939e-05
4.42586e-06
4.72004e-06
-1.67422e-05
5.98133e-05
-2.28168e-05
6.82345e-05
-3.00641e-05
7.03215e-05
-3.74375e-05
6.80927e-05
-4.41935e-05
6.97075e-05
-4.97314e-05
7.09026e-05
-5.41923e-05
7.3992e-05
-5.8232e-05
7.91278e-05
-5.94472e-05
8.32119e-05
-5.82033e-05
8.96442e-05
-5.44653e-05
9.54214e-05
-4.89801e-05
0.000101749
-4.31806e-05
0.00010605
-3.6473e-05
0.000109264
-2.90938e-05
0.0001117
-2.17453e-05
0.000113336
-1.31267e-05
0.000113137
-3.91142e-06
0.000108801
2.0667e-06
0.000100312
1.4758e-06
-4.28922e-05
2.98509e-06
4.19738e-05
-1.57686e-05
1.73231e-05
-2.00899e-06
4.54439e-07
5.82683e-07
-3.38571e-05
-1.20281e-06
3.44772e-05
-3.42926e-05
2.43559e-06
-3.56321e-06
3.54202e-05
-1.15023e-05
6.28053e-05
4.21286e-06
3.97803e-06
-1.69164e-05
6.52273e-05
-2.16253e-05
7.29435e-05
-2.74412e-05
7.61374e-05
-3.33887e-05
7.40402e-05
-3.89429e-05
7.52617e-05
-4.60284e-05
7.79881e-05
-5.03893e-05
7.83529e-05
-5.30851e-05
8.18236e-05
-5.40159e-05
8.41427e-05
-5.28307e-05
8.8459e-05
-4.99419e-05
9.25326e-05
-4.51101e-05
9.69175e-05
-3.93287e-05
0.000100269
-3.37827e-05
0.000103718
-2.73643e-05
0.000105282
-1.97978e-05
0.00010577
-1.18513e-05
0.00010519
-3.89927e-06
0.000100849
1.14333e-06
9.4329e-05
9.40092e-07
-4.11972e-05
1.86956e-06
4.0471e-05
-1.86002e-05
1.9674e-05
-1.33109e-06
2.57262e-07
6.76079e-07
-3.48995e-05
-8.55533e-07
3.5079e-05
-3.63778e-05
2.07855e-06
-2.6795e-06
3.69788e-05
-1.11092e-05
6.75379e-05
3.29287e-06
3.08374e-06
-1.8204e-05
7.23222e-05
-2.21078e-05
7.68473e-05
-2.69195e-05
8.0949e-05
-3.40414e-05
8.11622e-05
-3.94714e-05
8.06917e-05
-4.46681e-05
8.31848e-05
-4.8023e-05
8.17077e-05
-4.92891e-05
8.30897e-05
-5.03272e-05
8.51808e-05
-4.89975e-05
8.71293e-05
-4.69567e-05
9.04918e-05
-4.34139e-05
9.33746e-05
-3.88415e-05
9.56965e-05
-3.26649e-05
9.75417e-05
-2.59719e-05
9.85888e-05
-1.878e-05
9.8578e-05
-1.11759e-05
9.7586e-05
-4.35932e-06
9.40322e-05
6.6339e-07
8.87928e-05
5.1352e-07
-3.98329e-05
1.35069e-06
3.91456e-05
-2.06107e-05
2.14167e-05
-9.74162e-07
1.68195e-07
7.35165e-07
-3.50015e-05
-2.59689e-07
3.4526e-05
-3.76586e-05
1.18817e-06
-1.80013e-06
3.82705e-05
-1.44171e-05
7.54713e-05
3.13143e-06
3.35217e-06
-2.24791e-05
8.03842e-05
-2.68216e-05
8.11897e-05
-3.10096e-05
8.51371e-05
-3.64935e-05
8.6646e-05
-4.06796e-05
8.48779e-05
-4.30872e-05
8.55924e-05
-4.68348e-05
8.54553e-05
-4.81348e-05
8.43897e-05
-4.79358e-05
8.49818e-05
-4.6822e-05
8.60155e-05
-4.48865e-05
8.85564e-05
-4.13661e-05
8.98543e-05
-3.70058e-05
9.13362e-05
-3.09584e-05
9.14943e-05
-2.43228e-05
9.19532e-05
-1.79722e-05
9.22274e-05
-1.1e-05
9.06139e-05
-4.80453e-06
8.78367e-05
2.89997e-07
8.36192e-05
7.90084e-08
-3.85017e-05
9.2589e-07
3.78658e-05
-2.21115e-05
2.26863e-05
-6.78876e-07
1.04097e-07
1.12264e-06
-3.37518e-05
-3.56707e-07
3.29859e-05
-3.92173e-05
1.33335e-06
-2.78388e-06
4.06678e-05
-1.86659e-05
8.42537e-05
4.68139e-06
5.20226e-06
-2.59615e-05
8.76798e-05
-3.19503e-05
8.71785e-05
-3.62716e-05
8.94583e-05
-3.97876e-05
9.0162e-05
-4.38053e-05
8.88956e-05
-4.58039e-05
8.7591e-05
-4.75389e-05
8.71903e-05
-4.87006e-05
8.55515e-05
-4.84215e-05
8.47026e-05
-4.65543e-05
8.41483e-05
-4.26485e-05
8.46505e-05
-3.86796e-05
8.58854e-05
-3.40336e-05
8.66902e-05
-2.83099e-05
8.57706e-05
-2.17176e-05
8.53609e-05
-1.57584e-05
8.62682e-05
-9.80529e-06
8.46607e-05
-4.41588e-06
8.24473e-05
-1.12613e-07
-3.02787e-07
7.96188e-05
-3.72715e-05
3.98345e-07
3.67605e-05
-2.31349e-05
2.34278e-05
-3.22634e-07
2.98035e-08
1.01771e-06
-3.24299e-05
-6.5522e-07
3.20674e-05
-4.25993e-05
1.23278e-06
-3.77353e-06
4.514e-05
-1.88343e-05
9.18892e-05
5.74268e-06
5.45608e-06
-2.4156e-05
9.30015e-05
-3.22785e-05
9.5301e-05
-3.88808e-05
9.60607e-05
-4.3349e-05
9.46302e-05
-4.73801e-05
9.29267e-05
-5.06792e-05
9.08901e-05
-5.23756e-05
8.88866e-05
-5.1153e-05
8.43289e-05
-4.93096e-05
8.28592e-05
-4.67125e-05
8.15512e-05
-4.29819e-05
8.092e-05
-3.72048e-05
8.01083e-05
-3.19421e-05
8.14276e-05
-2.63712e-05
8.01996e-05
-2.01681e-05
7.91578e-05
-1.40828e-05
8.01829e-05
-8.91299e-06
7.94909e-05
7.78334e-05
-4.29908e-06
5.29667e-07
-3.18433e-05
-3.67316e-07
3.16809e-05
-4.74656e-05
-6.56179e-07
-7.57619e-07
4.88794e-05
-1.42057e-05
0.000100926
3.40091e-06
1.76792e-06
-1.97077e-05
9.85035e-05
-2.8585e-05
0.000104178
-3.69309e-05
0.000104407
-4.43523e-05
0.000102052
-4.955e-05
9.81244e-05
-5.30367e-05
9.43769e-05
-5.50236e-05
9.08735e-05
-5.35607e-05
8.28661e-05
-5.18265e-05
8.11249e-05
-4.86725e-05
7.83972e-05
-4.43404e-05
7.65879e-05
-3.85747e-05
7.43426e-05
-3.27692e-05
7.56221e-05
-2.69935e-05
7.4424e-05
-2.10299e-05
7.31941e-05
-1.46667e-05
7.38197e-05
-9.54335e-06
7.43676e-05
-5.31846e-06
9.59469e-08
-3.16603e-05
-1.23817e-07
3.16881e-05
-4.9079e-05
-1.39654e-06
2.46443e-06
4.80111e-05
-5.9241e-06
0.000110244
-1.47881e-06
-1.91525e-06
-1.68203e-05
0.0001094
-2.42367e-05
0.000111595
-3.16349e-05
0.000111805
-4.01874e-05
0.000110604
-4.7254e-05
0.000105191
-5.19886e-05
9.91115e-05
-5.49532e-05
9.3838e-05
-5.55876e-05
8.35005e-05
-5.27754e-05
7.83128e-05
-4.9731e-05
7.53527e-05
-4.50852e-05
7.19421e-05
-3.972e-05
6.89773e-05
-3.30379e-05
6.894e-05
-2.68457e-05
-2.13651e-05
-1.59469e-05
-2.73956e-07
-3.18797e-05
1.40546e-07
3.20131e-05
-4.60555e-05
-5.77086e-07
3.06799e-06
4.35646e-05
6.40958e-06
-4.36848e-06
-3.95508e-06
0.000112158
-5.46125e-06
0.000121271
-1.39363e-05
0.00012007
-2.21505e-05
0.000120019
-2.90388e-05
0.000117492
-3.60416e-05
0.000112194
-4.1399e-05
0.000104469
-4.42566e-05
9.66956e-05
-4.9265e-05
8.85089e-05
-5.11048e-05
8.01526e-05
-4.79136e-05
7.21615e-05
-4.31527e-05
6.71812e-05
-3.79527e-05
6.37774e-05
6.29971e-05
1.67925e-06
-3.93489e-07
2.97406e-07
1.78306e-06
-4.01217e-07
-8.27307e-07
3.35141e-07
1.86358e-07
-8.22413e-08
1.10686e-06
-1.19587e-06
2.75366e-07
-6.68995e-07
2.70636e-07
2.69597e-06
4.95941e-07
4.84274e-06
-2.7791e-06
6.32332e-07
-2.49182e-07
2.77922e-07
7.10887e-06
7.23044e-07
9.16957e-06
-2.81941e-06
7.58712e-07
2.1612e-07
5.6675e-07
1.10002e-05
6.70131e-07
1.25721e-05
-2.13515e-06
5.63272e-07
1.95255e-06
9.10406e-07
1.391e-05
4.54306e-07
1.50386e-05
-1.4912e-06
3.62666e-07
5.40708e-06
-2.2684e-07
1.59921e-05
2.91927e-07
1.67938e-05
-1.03557e-06
2.33824e-07
5.00584e-06
-1.01996e-06
1.7447e-05
1.84554e-07
1.80046e-05
-7.05225e-07
1.4763e-07
3.28252e-06
-8.09848e-07
1.8459e-05
1.08052e-07
1.88402e-05
-4.632e-07
8.20191e-08
3.70695e-06
-1.06125e-06
1.93284e-05
8.52409e-08
1.98817e-05
-6.29265e-07
7.59749e-08
3.95324e-06
-1.11807e-06
2.03397e-05
5.3017e-08
2.05426e-05
-2.43277e-07
4.04361e-08
1.92386e-06
-6.35407e-07
2.05391e-05
3.65812e-08
2.04295e-05
6.2589e-08
4.71062e-08
-1.00323e-06
1.55294e-07
2.02753e-05
5.47725e-08
2.00329e-05
1.88123e-07
5.42379e-08
-3.11612e-06
7.47543e-07
1.95397e-05
3.06505e-08
1.87674e-05
7.98458e-07
-2.61497e-08
-3.35994e-06
8.58193e-07
1.80811e-05
-4.8792e-08
1.77665e-05
2.83667e-07
3.08915e-08
-2.47819e-06
5.95519e-07
1.77771e-05
1.03076e-07
1.7994e-05
-3.76051e-07
1.59168e-07
-1.61581e-06
3.38752e-07
1.83752e-05
2.01446e-07
1.8804e-05
-6.59677e-07
2.3093e-07
-1.14332e-06
2.06613e-07
1.92406e-05
2.3946e-07
1.96988e-05
-6.92814e-07
2.34605e-07
-8.32653e-07
1.37864e-07
2.02107e-05
2.23288e-07
2.09207e-05
-9.48119e-07
2.38103e-07
-5.15931e-07
6.72379e-08
2.1788e-05
2.55353e-07
2.26708e-05
-1.13157e-06
2.48774e-07
-1.72943e-07
8.3844e-09
2.35923e-05
2.34802e-05
2.08307e-07
2.42199e-05
-9.04567e-07
1.64891e-07
2.46576e-05
9.18849e-08
2.48574e-05
-2.45946e-07
4.61699e-08
2.49237e-05
2.96351e-08
2.48306e-05
8.83897e-08
4.78444e-09
2.45823e-05
-2.5706e-08
4.3088e-07
-5.2546e-08
2.4204e-05
-6.97902e-06
8.75354e-06
6.70379e-05
-1.00357e-05
7.3078e-05
6.46023e-05
-7.14786e-06
9.59506e-06
6.21551e-05
7.21119e-05
-1.09599e-05
7.072e-05
5.93666e-05
-1.88121e-07
5.94707e-05
5.9212e-05
-6.67825e-06
9.50896e-06
5.63813e-05
6.95154e-05
-1.13616e-05
6.77712e-05
5.95716e-05
-7.39549e-07
5.9801e-05
5.3201e-05
-5.34982e-06
8.29401e-06
5.02569e-05
6.62635e-05
-1.05032e-05
6.40926e-05
6.00628e-05
-1.19455e-06
6.05514e-05
4.74596e-05
-3.15473e-06
5.34582e-06
4.52686e-05
6.23508e-05
-7.89074e-06
5.97974e-05
6.09661e-05
-1.64528e-06
6.17841e-05
4.29919e-05
1.17843e-06
1.13995e-06
4.06736e-05
5.72636e-05
-4.24631e-06
5.38144e-05
6.23671e-05
-1.58603e-06
6.32841e-05
3.86784e-05
3.467e-06
-1.5675e-06
3.67789e-05
5.07937e-05
-1.61852e-06
4.75043e-05
6.39739e-05
-8.95852e-07
6.46206e-05
3.51228e-05
3.57137e-06
-2.18138e-06
3.37329e-05
4.48113e-05
-3.58732e-07
4.22396e-05
6.452e-05
3.20317e-07
6.44158e-05
3.2538e-05
2.6302e-06
-1.60138e-06
3.15092e-05
3.99673e-05
-4.08553e-07
3.79112e-05
6.39531e-05
2.5377e-06
6.3368e-05
3.06568e-05
1.67125e-06
-8.87322e-07
2.98729e-05
3.60055e-05
-5.06786e-07
3.42526e-05
6.25532e-05
6.34164e-06
6.16186e-05
2.91133e-05
1.01033e-06
-2.60819e-07
2.83637e-05
3.26155e-05
-8.82144e-07
3.08711e-05
5.95295e-05
9.16525e-06
5.537e-05
2.78534e-05
7.50123e-07
-3.97454e-07
2.75007e-05
2.96326e-05
-4.59509e-07
2.82898e-05
4.95119e-05
9.90364e-06
4.28908e-05
2.73441e-05
5.94152e-07
-4.98466e-07
2.72485e-05
2.77468e-05
7.50808e-08
2.72025e-05
3.71612e-05
8.8139e-06
3.20543e-05
2.72125e-05
7.70635e-07
-7.25447e-07
2.71673e-05
2.70498e-05
5.63106e-07
2.69041e-05
2.86179e-05
7.4841e-06
2.50871e-05
2.72156e-05
6.10955e-07
-7.54454e-07
2.73591e-05
2.68242e-05
7.49445e-07
2.67458e-05
2.30819e-05
4.26252e-06
2.07432e-05
2.77465e-05
1.38215e-07
-4.56425e-07
2.80647e-05
2.68381e-05
6.84883e-07
2.69886e-05
2.04518e-05
-8.79265e-07
2.03278e-05
2.85286e-05
3.91137e-07
-7.85912e-07
2.89234e-05
2.72504e-05
9.71781e-07
2.72627e-05
2.16472e-05
-4.64388e-06
2.3175e-05
2.96756e-05
2.76743e-07
-1.15159e-06
3.05504e-05
2.74736e-05
1.74567e-06
2.76765e-05
2.50028e-05
-5.05382e-06
2.66966e-05
3.16252e-05
6.34604e-07
-1.55298e-06
3.25436e-05
2.85267e-05
2.53963e-06
2.94791e-05
2.82912e-05
-3.63061e-06
2.94436e-05
3.35841e-05
1.14106e-06
-2.20442e-06
3.46475e-05
3.0682e-05
3.57874e-06
3.18233e-05
3.04197e-05
-2.2524e-06
3.10563e-05
3.58802e-05
1.08201e-06
-2.27902e-06
3.70773e-05
3.2473e-05
3.23663e-06
3.32144e-05
3.15948e-05
-1.57814e-06
3.20296e-05
3.83003e-05
6.15275e-07
-1.58649e-06
3.92715e-05
3.38278e-05
2.2663e-06
3.46452e-05
3.24061e-05
-1.15746e-06
3.2731e-05
4.02e-05
1.73969e-07
-9.68446e-07
4.09945e-05
3.59765e-05
1.9152e-06
3.74135e-05
3.2978e-05
-6.73326e-07
3.31354e-05
4.19711e-05
5.7562e-07
-1.45527e-06
4.28507e-05
3.9311e-05
3.38675e-06
4.11265e-05
3.32111e-05
-1.68716e-07
3.32068e-05
3.6289e-05
4.34283e-05
6.80377e-07
-4.648e-07
4.32127e-05
4.30956e-05
2.79039e-06
4.57613e-05
4.21892e-05
2.25323e-07
1.4172e-06
4.05467e-05
4.84046e-05
-1.21765e-06
5.13902e-05
3.90264e-05
1.03163e-07
1.17031e-06
3.77529e-05
5.23758e-05
-3.12587e-06
5.35864e-05
3.73163e-05
-3.08199e-07
6.30423e-07
3.69941e-05
3.21358e-05
5.22859e-05
-2.09553e-06
5.04264e-05
4.20995e-05
-7.56354e-10
3.66818e-07
-8.0817e-07
2.73146e-08
-5.30588e-07
7.98404e-07
8.22259e-07
-7.94945e-07
1.7224e-07
-1.07215e-06
1.31778e-06
6.75277e-07
-5.03037e-07
-1.4089e-08
1.19668e-07
1.78903e-07
1.53467e-06
-3.24134e-07
1.76461e-07
1.72694e-06
-1.47674e-07
1.49088e-07
-1.89511e-06
2.04708e-06
-1.92964e-08
1.68384e-07
1.2371e-07
-2.19043e-06
2.34038e-06
-2.95666e-07
4.19376e-07
1.64022e-07
-2.49926e-06
2.69165e-06
-5.38413e-07
7.02435e-07
4.4666e-07
-2.96771e-06
3.34341e-06
-9.93119e-07
1.43978e-06
3.28913e-07
-3.72134e-06
3.84305e-06
-1.97225e-06
2.30116e-06
-2.42948e-07
-3.58666e-06
2.99833e-06
-2.33072e-06
2.08777e-06
-3.02973e-07
-2.3362e-06
1.7959e-06
-1.72994e-06
1.42697e-06
-3.53616e-07
-1.28159e-06
7.3764e-07
-1.13143e-06
7.77814e-07
-5.25602e-07
-1.30985e-07
-4.59768e-07
-3.23215e-07
-2.02387e-07
-5.04905e-07
1.01276e-06
-1.44198e-06
7.67465e-07
-1.27237e-06
-1.55928e-07
1.70592e-06
-1.72083e-06
1.64384e-06
-1.79977e-06
2.07146e-07
1.575e-06
-1.27305e-06
1.79031e-06
-1.58317e-06
3.67672e-07
8.43296e-07
-3.1767e-07
1.26537e-06
-8.97701e-07
3.0477e-07
-1.90646e-07
6.30519e-07
5.47823e-07
-2.43053e-07
1.88963e-07
-9.78836e-07
1.24431e-06
-4.14859e-09
1.93111e-07
1.01036e-07
-1.44642e-06
1.60264e-06
-3.2976e-07
4.30796e-07
6.46878e-08
-1.73011e-06
1.83362e-06
-5.09942e-07
5.7463e-07
4.20571e-08
-1.91711e-06
1.97915e-06
-6.28999e-07
6.71056e-07
1.24912e-08
-2.01875e-06
2.03606e-06
-6.98696e-07
7.11187e-07
1.6697e-07
1.27282e-07
1.19037e-07
2.90684e-07
5.32473e-07
2.95536e-08
-3.57828e-07
-2.9554e-07
-4.54599e-07
-5.65078e-07
-3.71471e-07
9.45934e-09
3.17792e-07
3.49878e-07
2.47202e-07
1.36648e-07
7.91463e-08
5.43693e-08
2.76402e-08
3.60663e-09
2.04084e-06
7.14794e-07
1.286e-07
2.00786e-06
-1.90468e-06
-1.45016e-06
8.2455e-08
1.84663e-06
-1.81425e-06
1.33398e-06
-1.25153e-06
-2.96882e-08
1.79982e-06
-1.83475e-06
1.21111e-06
-1.24079e-06
1.16183e-07
4.04212e-08
-1.53256e-07
-1.9662e-06
-1.39405e-06
-2.42118e-07
-2.11757e-06
-1.63617e-06
-1.29362e-07
2.24782e-06
-2.2007e-06
1.90713e-06
-2.0365e-06
2.03302e-07
1.97707e-06
-1.68443e-06
1.98476e-06
-1.78146e-06
3.27231e-07
1.35674e-06
-9.60931e-07
1.47681e-06
-1.14958e-06
2.72653e-07
5.18164e-07
-1.20685e-07
8.33634e-07
-5.60981e-07
1.69831e-07
-2.293e-07
5.13775e-07
3.47694e-07
-1.77863e-07
1.05033e-07
-7.43045e-07
9.2994e-07
4.44679e-08
6.0565e-08
5.75339e-08
-1.08433e-06
1.21135e-06
-1.4e-07
1.97534e-07
2.77677e-08
-1.31564e-06
1.39593e-06
-2.40871e-07
2.68638e-07
2.23119e-08
-1.46142e-06
1.52435e-06
-2.85166e-07
3.07478e-07
1.83229e-08
-1.57492e-06
1.60961e-06
-3.32883e-07
3.51206e-07
1.40051e-08
-1.63624e-06
1.65882e-06
-3.65012e-07
3.79018e-07
2.99203e-08
-1.68392e-06
1.70877e-06
-4.01025e-07
4.30946e-07
2.5654e-08
-1.72887e-06
1.73387e-06
-4.65077e-07
4.90731e-07
-2.09868e-08
-1.70877e-06
1.68097e-06
-4.89678e-07
4.68691e-07
3.36067e-08
-1.70528e-06
1.77475e-06
-4.75274e-07
5.08881e-07
7.27946e-08
-1.88014e-06
2.00879e-06
-5.62653e-07
6.35448e-07
8.9226e-08
-2.15382e-06
2.30405e-06
-7.21355e-07
8.10581e-07
8.19183e-08
-2.45218e-06
2.59355e-06
-8.97058e-07
9.78976e-07
1.03344e-07
-2.7395e-06
2.89151e-06
-1.07113e-06
1.17447e-06
9.30706e-08
-3.03531e-06
3.15055e-06
-1.27944e-06
1.37251e-06
5.9618e-08
-3.23199e-06
3.26426e-06
-1.45596e-06
1.51558e-06
4.443e-08
-3.26562e-06
3.25083e-06
-1.56038e-06
1.60481e-06
3.05567e-08
-3.21666e-06
3.1604e-06
-1.64376e-06
1.67432e-06
-2.70967e-07
5.17353e-08
3.0465e-07
3.15945e-07
2.13287e-07
1.33395e-07
7.9435e-08
4.33366e-08
1.65278e-08
2.54053e-08
1.3806e-08
2.20076e-08
3.41314e-08
-1.05339e-09
6.58356e-09
5.37722e-08
8.59069e-08
8.64772e-08
9.21513e-08
1.04972e-07
8.34506e-08
4.48026e-08
3.89497e-08
2.41935e-08
3.08366e-06
1.69851e-06
-1.24307e-06
-7.27963e-05
-1.52238e-06
6.85129e-05
-6.99069e-07
3.39846e-05
-3.45286e-05
2.30181e-05
-2.33364e-05
3.70397e-07
-5.21067e-08
3.89496e-07
-6.16695e-08
2.26903e-05
-4.9288e-07
7.64122e-05
-5.99646e-07
-1.31724e-08
3.58093e-05
2.367e-05
-7.6929e-08
-7.79341e-10
-7.8732e-07
-9.1527e-07
-3.53872e-05
-3.23549e-07
3.49235e-05
-2.36707e-05
2.35686e-05
1.2445e-07
-2.23762e-08
6.84223e-09
-7.49448e-09
2.67594e-07
-3.53897e-08
3.21654e-05
-3.24941e-05
9.05077e-07
3.16498e-05
3.33673e-05
3.31167e-05
1.7759e-07
3.2946e-05
3.27469e-05
5.20392e-07
-1.88674e-08
1.95942e-06
-1.99266e-06
6.78068e-07
-6.96935e-07
-2.45494e-08
1.9223e-06
6.53518e-07
5.74354e-10
2.03948e-06
7.15368e-07
-6.13933e-09
-2.03332e-06
2.01708e-06
-7.14038e-07
7.07898e-07
-1.33069e-09
-1.09634e-08
-1.94084e-06
6.385e-05
-2.25459e-06
-1.03147e-06
3.24579e-05
2.2377e-05
3.75589e-07
-6.22476e-08
-1.79153e-05
5.99216e-05
2.18336e-05
-1.37492e-05
6.08629e-05
-9.54336e-06
6.10762e-05
-2.41602e-06
5.93619e-05
-2.63919e-06
-3.14057e-05
-1.28792e-06
3.02776e-05
-2.20659e-05
2.17371e-05
4.0238e-07
-7.35844e-08
-3.04185e-05
6.12822e-05
-6.30133e-05
3.21495e-05
-2.72974e-05
5.6409e-05
-5.953e-05
-2.406e-05
5.55795e-05
-5.88169e-05
-2.05091e-05
5.54961e-05
-5.9047e-05
-1.70239e-05
5.54075e-05
-5.88926e-05
-1.42932e-05
5.71909e-05
-1.13333e-05
5.7903e-05
-7.92681e-06
5.76697e-05
-2.25703e-06
5.59095e-05
-2.21738e-06
-2.90869e-05
-1.35988e-06
2.81898e-05
-2.13868e-05
2.10645e-05
4.10679e-07
-8.83717e-08
-1.8377e-05
1.73485e-05
6.23107e-05
-1.73109e-05
5.53428e-05
-1.54932e-05
5.37618e-05
-1.25984e-05
5.26013e-05
-9.87866e-06
5.26877e-05
-8.12732e-06
5.54396e-05
-6.58134e-06
5.6357e-05
-4.66477e-06
5.57531e-05
-1.35094e-06
-1.1815e-06
5.37771e-05
-2.72359e-05
-8.31677e-07
2.67166e-05
-2.08204e-05
2.06914e-05
2.05351e-07
-7.63189e-08
3.76246e-07
-6.5202e-08
4.35797e-07
-8.54576e-08
3.32642e-07
-8.85683e-08
1.05334e-07
2.06551e-05
-6.90223e-08
-3.84439e-05
4.26119e-05
-3.41966e-05
-3.00164e-05
-2.60029e-05
3.0994e-05
1.20236e-06
3.01679e-05
2.92823e-05
1.44855e-06
2.82696e-05
2.73204e-05
1.26345e-06
2.63896e-05
2.57632e-05
5.88782e-07
2.52798e-05
2.61239e-05
-6.78264e-07
6.77811e-07
3.21362e-05
-9.27874e-07
2.91518e-06
4.01122e-05
2.05212e-05
0.000105565
-7.0199e-06
-6.90821e-06
1.60197e-05
0.000125772
2.53281e-06
0.000133557
-8.85031e-06
0.000131402
-1.62544e-05
0.000124897
-2.3146e-05
0.000119085
-3.0555e-05
0.000111878
-3.69678e-05
0.000103108
-4.29182e-05
9.44593e-05
-4.46662e-05
8.19007e-05
7.01071e-05
-1.37566e-06
-3.19362e-05
2.13901e-06
3.11728e-05
-3.87696e-05
-3.62732e-06
5.57496e-06
3.68219e-05
3.05588e-05
9.28299e-05
-8.87011e-06
-8.95338e-06
3.28837e-05
0.000123447
2.17001e-05
0.00014474
7.97225e-06
0.00014513
-4.03914e-06
0.000136908
-1.22906e-05
0.000127337
-1.95518e-05
0.000119139
-2.45379e-05
0.000108095
-2.83381e-05
9.82595e-05
-3.08827e-05
8.44452e-05
-1.92948e-06
-2.98622e-05
3.60233e-06
2.81894e-05
-3.52589e-05
-5.42999e-06
7.74567e-06
3.29432e-05
3.57592e-05
7.92948e-05
-1.09051e-05
-1.13191e-05
4.35762e-05
0.00011563
3.97761e-05
0.00014854
2.79297e-05
0.000156976
1.25762e-05
0.000152261
-4.28814e-07
0.000140342
-2.01448e-06
-2.62835e-05
3.98806e-06
2.43099e-05
-3.03668e-05
-6.18402e-06
9.16269e-06
2.73882e-05
3.75672e-05
6.64481e-05
-1.24518e-05
-1.22686e-05
4.88561e-05
0.000104341
2.36244e-05
-9.87069e-08
2.27816e-05
9.93924e-07
-1.51142e-07
2.16379e-05
-2.319e-07
2.0246e-05
1.71455e-06
-3.2264e-07
1.87223e-05
-4.05836e-07
1.71662e-05
2.02595e-06
-4.69865e-07
1.56634e-05
-5.11625e-07
1.42513e-05
1.93851e-06
-5.264e-07
7.13739e-05
-7.77018e-06
0.00012648
-1.15457e-05
0.00011187
-1.27589e-05
9.94727e-05
-1.43956e-05
8.60819e-05
7.43269e-05
4.88496e-05
0.000148547
4.21578e-05
0.000163668
3.14326e-05
0.000162987
1.78478e-05
0.000153927
7.12414e-06
0.000137204
3.33617e-07
0.000118661
-2.91382e-06
0.00010272
-5.23757e-06
8.84056e-05
-6.03491e-06
7.51242e-05
-5.90218e-06
6.2178e-05
-5.19079e-06
5.46315e-05
-3.8538e-06
5.24248e-05
-2.65806e-06
5.14056e-05
-2.42125e-06
5.24509e-05
-2.25891e-06
5.52772e-05
-1.99992e-06
5.60981e-05
-1.41067e-06
5.51639e-05
-2.83089e-07
5.2854e-05
-2.04403e-07
-1.0213e-07
2.59429e-05
2.06963e-05
1.00583e-08
-5.13337e-08
-1.77356e-06
-2.23296e-05
3.5787e-06
2.05245e-05
-2.43142e-05
-5.80253e-06
8.51869e-06
2.15981e-05
3.5217e-05
5.30361e-05
-1.13292e-05
-1.04757e-05
4.64526e-05
9.31056e-05
4.66512e-05
0.000148348
4.37148e-05
0.000166604
4.07898e-05
0.000165912
3.44102e-05
0.000160306
2.47326e-05
0.000146882
1.58072e-05
0.000127586
9.915e-06
0.000108612
6.9377e-06
9.13829e-05
5.6743e-06
7.63876e-05
5.28882e-06
6.25635e-05
4.7899e-06
5.51304e-05
4.20948e-06
5.30053e-05
3.80226e-06
5.18128e-05
3.0358e-06
5.32174e-05
2.22691e-06
5.60861e-05
1.16909e-06
5.71559e-05
7.04663e-07
5.56283e-05
4.40444e-07
5.27e-05
4.18194e-07
-2.5739e-05
3.85885e-07
2.57936e-05
-2.06804e-05
2.06414e-05
7.67071e-08
-3.77631e-08
-1.16325e-06
-1.89423e-05
2.30169e-06
1.78039e-05
-1.90372e-05
-3.69729e-06
5.32483e-06
1.74097e-05
2.37735e-05
4.21128e-05
-6.98802e-06
-5.86227e-06
3.55286e-05
8.13505e-05
3.96438e-05
0.000144233
4.12335e-05
0.000165015
4.27532e-05
0.000164392
4.36102e-05
0.000159449
4.15705e-05
0.000148922
3.78204e-05
0.000131336
3.28522e-05
0.000113581
2.86005e-05
9.56346e-05
2.51826e-05
7.98055e-05
2.21047e-05
6.56414e-05
1.9169e-05
5.8066e-05
1.63153e-05
5.5859e-05
1.4e-05
5.41281e-05
1.09306e-05
5.62868e-05
8.18467e-06
5.8832e-05
5.30455e-06
6.0036e-05
3.524e-06
5.74089e-05
1.13312e-06
5.40315e-05
1.05933e-06
-2.5886e-05
7.05511e-07
2.63137e-05
-2.04551e-05
2.02461e-05
2.09496e-07
-5.44795e-10
-3.0469e-07
-1.71092e-05
4.36536e-07
1.69774e-05
-1.5974e-05
-5.83911e-07
5.29896e-07
1.6028e-05
2.43909e-06
3.95706e-05
-3.39215e-07
4.42367e-07
1.40225e-05
6.97671e-05
2.5728e-05
0.000132528
3.51998e-05
0.000155543
4.17138e-05
0.000157878
4.68653e-05
0.000154298
5.09195e-05
0.000144867
5.27592e-05
0.000129496
5.2114e-05
0.000114226
5.05591e-05
9.71895e-05
4.75357e-05
8.28289e-05
4.30251e-05
7.0152e-05
3.80111e-05
6.308e-05
3.30505e-05
6.08197e-05
2.76633e-05
5.95152e-05
2.15491e-05
6.2401e-05
1.6491e-05
6.38901e-05
1.17432e-05
6.47837e-05
7.93728e-06
6.12148e-05
2.06196e-06
5.78282e-05
2.07865e-06
-2.68642e-05
1.03094e-06
2.78952e-05
-2.01011e-05
2.00994e-05
-9.13006e-08
9.30011e-08
4.19123e-07
-1.72426e-05
-1.19845e-06
1.80219e-05
-1.61677e-05
2.1896e-06
-3.4906e-06
1.74687e-05
-1.34042e-05
4.26598e-05
4.8783e-06
5.43664e-06
-9.40783e-06
6.57708e-05
8.53527e-06
0.000114585
2.56591e-05
0.000138419
3.95036e-05
0.000144034
4.94128e-05
0.000144388
5.63432e-05
0.000137937
6.06417e-05
0.000125198
6.31901e-05
0.000111677
6.2951e-05
9.74285e-05
6.0199e-05
8.5581e-05
5.47659e-05
7.5585e-05
4.68965e-05
7.09494e-05
3.96765e-05
6.80396e-05
3.33539e-05
6.58378e-05
2.75732e-05
6.81817e-05
2.22619e-05
6.92015e-05
1.64856e-05
7.056e-05
1.09577e-05
6.67427e-05
2.79037e-06
6.32132e-05
2.7824e-06
-2.89668e-05
1.47853e-06
3.02786e-05
-2.02098e-05
2.05642e-05
-5.01048e-07
1.46661e-07
8.20487e-07
-1.91278e-05
-2.09849e-06
2.04058e-05
-1.87833e-05
3.68621e-06
-5.55542e-06
2.06525e-05
-2.07417e-05
4.83445e-05
7.54016e-06
7.51685e-06
-2.06655e-05
6.56946e-05
-4.42104e-06
9.83401e-05
1.46269e-05
0.000119371
3.12716e-05
0.000127389
4.67765e-05
0.000128883
5.83178e-05
0.000126396
6.45113e-05
0.000119004
6.76066e-05
0.000108582
6.81083e-05
9.69268e-05
6.50777e-05
8.86116e-05
6.10092e-05
7.96536e-05
5.63716e-05
7.5587e-05
5.08451e-05
7.35661e-05
4.2549e-05
7.41339e-05
3.48654e-05
7.58654e-05
2.74293e-05
7.66376e-05
1.99869e-05
7.80023e-05
1.23942e-05
7.43355e-05
3.01006e-06
6.94482e-05
3.14911e-06
-3.14494e-05
1.85706e-06
3.26024e-05
-2.11756e-05
2.19413e-05
-1.03379e-06
2.68086e-07
8.33452e-07
-2.17272e-05
-2.09827e-06
2.2992e-05
-2.25021e-05
3.61481e-06
-5.29018e-06
2.41774e-05
-1.81382e-05
5.31675e-05
6.92056e-06
6.39463e-06
-1.83039e-05
6.58603e-05
-6.28813e-06
8.63243e-05
9.29104e-06
0.000103792
2.53639e-05
0.000111316
4.09038e-05
0.000113344
5.39097e-05
0.00011339
6.42463e-05
0.000108668
6.84641e-05
0.000104364
6.89069e-05
9.6484e-05
6.75627e-05
8.99558e-05
6.38454e-05
8.33708e-05
5.76633e-05
8.17692e-05
5.04137e-05
8.08156e-05
4.31922e-05
8.13554e-05
3.67622e-05
8.22954e-05
2.86388e-05
8.4761e-05
2.12691e-05
8.5372e-05
1.30751e-05
8.25295e-05
3.22688e-06
7.58496e-05
3.44684e-06
-3.37196e-05
2.11328e-06
3.48332e-05
-2.27641e-05
2.36382e-05
-1.15818e-06
2.84106e-07
6.33224e-07
-2.41539e-05
-1.58161e-06
2.51023e-05
-2.56697e-05
2.70117e-06
-3.77315e-06
2.67416e-05
-1.16402e-05
5.61153e-05
4.6587e-06
4.03382e-06
-1.15772e-05
6.57972e-05
-4.18524e-06
7.89324e-05
7.24692e-06
9.23597e-05
2.09871e-05
9.75759e-05
3.38467e-05
0.000100484
4.61028e-05
0.000101134
5.62181e-05
9.85526e-05
6.41929e-05
9.63894e-05
6.66852e-05
9.39917e-05
6.60378e-05
9.06032e-05
6.21548e-05
8.72538e-05
5.64785e-05
8.74454e-05
5.0002e-05
8.72922e-05
4.34217e-05
8.79357e-05
3.58143e-05
8.99028e-05
2.85863e-05
9.1989e-05
2.27799e-05
9.11784e-05
1.4757e-05
9.05525e-05
3.79376e-06
8.28096e-05
4.00316e-06
-3.5932e-05
2.37878e-06
3.7347e-05
-2.44927e-05
2.53674e-05
-1.16095e-06
2.86251e-07
3.83592e-07
-2.57978e-05
-7.71817e-07
2.6186e-05
-2.76807e-05
1.38365e-06
-1.88594e-06
2.8183e-05
-4.28264e-06
5.69861e-05
2.06326e-06
1.34855e-06
-3.38196e-06
6.48965e-05
1.64961e-06
7.39008e-05
1.07138e-05
8.32955e-05
2.15057e-05
8.6784e-05
3.22813e-05
8.97084e-05
4.21549e-05
9.126e-05
5.10424e-05
8.96651e-05
5.70882e-05
9.03437e-05
6.1297e-05
8.97829e-05
6.32969e-05
8.86033e-05
6.20454e-05
8.85053e-05
5.84833e-05
9.10075e-05
5.28266e-05
9.2949e-05
4.53172e-05
9.5445e-05
3.73584e-05
9.78616e-05
3.09581e-05
9.83893e-05
2.47868e-05
9.73497e-05
1.71451e-05
9.81942e-05
4.35624e-06
9.12516e-05
4.34681e-06
-3.88126e-05
2.34209e-06
4.08268e-05
-2.6204e-05
2.70389e-05
-1.11131e-06
2.7636e-07
2.50554e-07
-2.62919e-05
-1.55261e-07
2.61966e-05
-2.85263e-05
1.59092e-07
-1.36214e-07
2.85034e-05
6.81687e-07
5.67068e-05
1.99507e-08
-4.22311e-07
2.27215e-06
6.3306e-05
6.29851e-06
6.98745e-05
1.38263e-05
7.57677e-05
2.25211e-05
7.80892e-05
3.22348e-05
7.99947e-05
4.1634e-05
8.18608e-05
4.89413e-05
8.23577e-05
5.48102e-05
8.44748e-05
5.88801e-05
8.5713e-05
5.96946e-05
8.77889e-05
6.09486e-05
8.72512e-05
5.77264e-05
9.42297e-05
5.21215e-05
9.85539e-05
4.58961e-05
0.00010167
3.92396e-05
0.000104518
3.19297e-05
0.000105699
2.32523e-05
0.000106027
1.67143e-05
0.000104732
3.60356e-06
0.000101212
3.15008e-06
-4.30308e-05
1.4034e-06
4.52309e-05
-2.78172e-05
2.85132e-05
-9.07415e-07
2.11443e-07
1.62476e-07
-2.59218e-05
3.36893e-07
2.54224e-05
-2.83379e-05
-8.62737e-07
1.47144e-06
2.77292e-05
4.43714e-06
5.61715e-05
-1.88189e-06
-2.02001e-06
5.91128e-06
6.18319e-05
9.38597e-06
6.63998e-05
1.57689e-05
6.93848e-05
2.35256e-05
7.03324e-05
3.20034e-05
7.15169e-05
4.01957e-05
7.36685e-05
4.73555e-05
7.51979e-05
5.44618e-05
7.73686e-05
5.76076e-05
8.25671e-05
6.06083e-05
8.47882e-05
5.94993e-05
8.83602e-05
5.65157e-05
9.72133e-05
5.17801e-05
0.000103289
4.49248e-05
0.000108526
3.67028e-05
0.00011274
2.71443e-05
0.000115258
1.70476e-05
0.000116124
1.0552e-05
0.000111228
8.15979e-07
0.000110686
2.62735e-07
-4.75466e-05
-9.35917e-08
4.84562e-05
-2.90155e-05
2.93306e-05
-4.27645e-07
1.12571e-07
-8.89517e-09
-2.48318e-05
6.12134e-07
2.42286e-05
-2.71614e-05
-1.42031e-06
2.15833e-06
2.64234e-05
6.29559e-06
5.50913e-05
-2.60339e-06
-2.61197e-06
8.60643e-06
5.95211e-05
1.24579e-05
6.25483e-05
1.80107e-05
6.38319e-05
2.50326e-05
6.33106e-05
3.23612e-05
6.41883e-05
3.9575e-05
6.64546e-05
4.6231e-05
6.8542e-05
5.22944e-05
7.13051e-05
5.65196e-05
7.83419e-05
5.54807e-05
8.58272e-05
5.08024e-05
9.30385e-05
4.72557e-05
0.00010076
4.20246e-05
0.00010852
3.62352e-05
0.000114315
2.75629e-05
0.000121412
1.82505e-05
0.00012457
9.56031e-06
0.000124814
2.8575e-07
0.000120502
-2.41664e-06
0.00011561
-2.2224e-06
-4.9557e-05
-1.73191e-06
4.88723e-05
-2.92474e-05
2.87204e-05
5.65209e-07
-3.82611e-08
-1.27727e-07
-2.36273e-05
6.83382e-07
2.30717e-05
-2.57481e-05
-1.47076e-06
2.19538e-06
2.50235e-05
5.87521e-06
5.40838e-05
-2.55177e-06
-2.316e-06
7.94192e-06
5.74544e-05
1.14422e-05
5.90481e-05
1.69081e-05
5.83659e-05
2.38842e-05
5.63345e-05
3.09934e-05
5.7079e-05
3.77421e-05
5.9706e-05
4.42149e-05
6.20692e-05
4.94372e-05
6.60829e-05
5.14352e-05
7.63438e-05
4.93791e-05
8.78833e-05
4.47654e-05
9.76522e-05
3.78682e-05
0.000107657
3.26585e-05
0.00011373
2.42177e-05
0.000122756
1.64818e-05
0.000129148
9.0093e-06
0.000132043
1.88271e-06
0.000131941
-8.14939e-06
0.000130534
-5.02857e-06
0.000116684
-4.19447e-06
-4.83259e-05
-2.62397e-06
4.59213e-05
-2.76192e-05
2.6356e-05
1.44084e-06
-1.77614e-07
-1.14748e-07
-2.25802e-05
5.28891e-07
2.2166e-05
-2.44437e-05
-1.12109e-06
1.61111e-06
2.39537e-05
4.55114e-06
5.27425e-05
-1.76725e-06
-1.44253e-06
7.15032e-06
5.48552e-05
1.07618e-05
5.54366e-05
1.52082e-05
5.39195e-05
2.10001e-05
5.05427e-05
2.75712e-05
5.05079e-05
3.44838e-05
5.27934e-05
3.83351e-05
5.82179e-05
3.91934e-05
6.52246e-05
3.9546e-05
7.59912e-05
3.68438e-05
9.05855e-05
3.20312e-05
0.000102465
2.80821e-05
0.000111606
2.13669e-05
0.000120445
1.29113e-05
0.000131212
6.17772e-06
0.000135882
-1.45423e-06
0.000139675
-9.86427e-06
0.000140351
-1.50824e-05
0.000135753
-5.65921e-06
0.000112073
-4.81181e-06
-4.39196e-05
-3.12625e-06
4.13867e-05
-2.49729e-05
2.36515e-05
1.60913e-06
-2.87764e-07
5.5147e-09
-2.18515e-05
2.00185e-07
2.16458e-05
-2.3621e-05
-4.91824e-07
7.2725e-07
2.33856e-05
2.37585e-06
5.15196e-05
-7.65459e-07
-3.87502e-07
4.85905e-06
5.2372e-05
8.41386e-06
5.18818e-05
1.29357e-05
4.93977e-05
1.74902e-05
4.59882e-05
2.19349e-05
4.60631e-05
2.64879e-05
4.82403e-05
2.89323e-05
5.57735e-05
2.59279e-05
6.82291e-05
2.37144e-05
7.82047e-05
2.34078e-05
9.08921e-05
2.15117e-05
0.000104361
1.75674e-05
0.000115551
1.13263e-05
0.000126686
5.27926e-06
0.000137259
-3.12995e-06
0.000144291
-1.21342e-05
0.000148679
-2.10894e-05
0.000149306
-2.17138e-05
0.000136377
-5.19329e-06
9.99106e-05
-4.35841e-06
-3.91602e-05
-2.96644e-06
3.69334e-05
-2.23735e-05
2.12826e-05
1.39173e-06
-3.00789e-07
1.86757e-07
-2.15775e-05
-1.95462e-07
2.15862e-05
-2.3305e-05
1.67581e-07
-1.77664e-07
2.33151e-05
-1.15619e-06
5.16777e-05
3.73143e-07
6.24898e-07
-4.36001e-07
5.16518e-05
1.48485e-06
4.9961e-05
4.7045e-06
4.6178e-05
8.55516e-06
4.21375e-05
1.30716e-05
4.15467e-05
1.68027e-05
4.45092e-05
1.88338e-05
5.37425e-05
1.92783e-05
6.77846e-05
1.54795e-05
8.20035e-05
1.15559e-05
9.48157e-05
1.01919e-05
0.000105725
7.17667e-06
0.000118566
2.93096e-06
0.000130932
-4.12375e-06
0.000144313
-1.37351e-05
0.000153902
-2.22397e-05
0.000157183
-2.72851e-05
0.000154351
-2.37014e-05
0.000132793
-4.76723e-06
8.55486e-05
-4.57215e-06
-3.48585e-05
-2.80463e-06
3.28959e-05
-2.02825e-05
1.93473e-05
1.23012e-06
-2.94903e-07
4.13403e-07
-2.1691e-05
-6.41989e-07
2.19196e-05
-2.33878e-05
8.39456e-07
-9.9722e-07
2.35456e-05
-1.37248e-06
5.06335e-05
1.06428e-06
1.35249e-06
-3.47485e-07
5.06268e-05
5.65745e-07
4.90478e-05
7.73845e-07
4.59699e-05
1.38003e-06
4.15313e-05
2.7654e-06
4.01613e-05
3.79896e-06
4.34756e-05
4.7768e-06
5.27646e-05
6.22671e-06
6.63347e-05
6.4485e-06
8.17817e-05
4.71655e-06
9.65476e-05
1.40857e-06
0.000109033
-2.21082e-06
0.000122185
-8.18311e-06
0.000136904
-1.69801e-05
0.00015311
-2.46739e-05
0.000161596
-3.04596e-05
0.000162969
-3.13409e-05
0.000155233
-2.2989e-05
0.000124441
-5.2638e-06
7.34484e-05
-5.62495e-06
-3.09638e-05
-3.25136e-06
2.89513e-05
-1.83861e-05
1.73158e-05
1.44137e-06
-3.711e-07
6.19187e-07
-2.23219e-05
-1.08826e-06
2.2791e-05
-2.37786e-05
1.48538e-06
-1.83746e-06
2.41307e-05
-6.66429e-06
5.21731e-05
2.29686e-06
2.82777e-06
-7.19131e-06
5.11538e-05
-6.61221e-06
4.84687e-05
-6.27217e-06
4.56299e-05
-6.59141e-06
4.18506e-05
-6.10275e-06
3.96727e-05
-5.56079e-06
4.29337e-05
-5.7577e-06
5.29616e-05
-6.48521e-06
6.70622e-05
-6.05107e-06
8.13476e-05
-5.89911e-06
9.63957e-05
-8.25164e-06
0.000111385
-1.37751e-05
0.000127709
-2.18857e-05
0.000145015
-2.77724e-05
0.000158997
-3.09635e-05
0.000164787
-3.35119e-05
0.000165517
-3.31288e-05
0.000154849
-2.20185e-05
0.000113331
-5.28298e-06
6.23601e-05
-5.64722e-06
-2.67626e-05
-3.391e-06
2.48707e-05
-1.61645e-05
1.49961e-05
1.59661e-06
-4.28231e-07
8.72192e-07
-2.34288e-05
-1.55654e-06
2.41132e-05
-2.4621e-05
2.20394e-06
-2.75397e-06
2.51711e-05
-7.78287e-06
5.31328e-05
3.24372e-06
3.57951e-06
-9.36887e-06
5.27398e-05
-1.05931e-05
4.96928e-05
-1.17621e-05
4.6799e-05
-1.34455e-05
4.35339e-05
-1.55306e-05
4.17577e-05
-1.83849e-05
4.5788e-05
-1.89602e-05
5.35369e-05
-1.85906e-05
6.66926e-05
-1.99982e-05
8.27552e-05
-2.22845e-05
9.86819e-05
-2.58517e-05
0.000114953
-2.97362e-05
0.000131593
-3.22144e-05
0.000147493
-3.22701e-05
0.000159053
-3.16862e-05
0.000164203
-3.1687e-05
0.000165518
-3.06497e-05
0.000153812
-1.94162e-05
0.000102097
-4.29788e-06
5.16543e-05
-4.41246e-06
-2.2698e-05
-2.83782e-06
2.12379e-05
-1.38574e-05
1.28515e-05
1.3976e-06
-3.91647e-07
1.12175e-06
-2.49851e-05
-1.94316e-06
2.58065e-05
-2.57642e-05
2.68333e-06
-3.43784e-06
2.65187e-05
-1.29902e-05
2.85093e-05
4.42956e-06
4.77129e-06
2.84128e-05
-1.65205e-05
2.8438e-05
2.78321e-05
-2.04942e-05
2.71609e-05
2.65057e-05
-2.37958e-05
2.5387e-05
2.47136e-05
-2.73611e-05
2.38494e-05
2.32498e-05
-3.19931e-05
2.31336e-05
2.32561e-05
-3.5174e-05
2.43643e-05
2.46046e-05
-3.71102e-05
2.72193e-05
2.82538e-05
-3.90808e-05
3.38957e-05
3.47676e-05
-3.88042e-05
4.09708e-05
4.15077e-05
-3.88752e-05
4.88936e-05
4.98593e-05
-3.87803e-05
5.6523e-05
5.83348e-05
-3.80729e-05
6.46935e-05
6.61922e-05
-3.57767e-05
7.17732e-05
7.34239e-05
-3.27785e-05
7.72557e-05
7.87989e-05
-2.92804e-05
8.0047e-05
8.06584e-05
-2.46337e-05
8.13516e-05
7.95199e-05
-1.67946e-05
7.54731e-05
7.05e-05
-7.24154e-06
4.83908e-05
4.41536e-05
-1.7111e-06
2.56766e-05
-1.4876e-06
2.19349e-05
-1.94054e-05
-1.21332e-06
1.89077e-05
-1.20811e-05
1.16341e-05
6.67185e-07
-2.20181e-07
8.71665e-07
-2.6808e-05
-1.84176e-06
2.77781e-05
-2.74897e-05
3.1244e-06
-4.42606e-06
2.87914e-05
5.50278e-06
-6.59484e-06
2.96013e-05
7.68348e-06
-8.74403e-06
2.94986e-05
9.86421e-06
-1.10726e-05
2.83693e-05
1.21361e-05
-1.33665e-05
2.66173e-05
1.45659e-05
-1.56982e-05
2.49817e-05
1.73161e-05
-1.87157e-05
2.45333e-05
2.00401e-05
-2.05471e-05
2.48713e-05
2.15786e-05
-2.19398e-05
2.75805e-05
2.31847e-05
-2.27613e-05
3.34723e-05
2.30842e-05
-2.25674e-05
4.0454e-05
2.25568e-05
-2.1798e-05
4.81347e-05
2.2334e-05
-2.17315e-05
5.59205e-05
2.13377e-05
-2.01049e-05
6.34606e-05
1.96181e-05
-1.84774e-05
7.06325e-05
1.80133e-05
-1.6923e-05
7.61654e-05
1.59629e-05
-1.46468e-05
7.87309e-05
1.35677e-05
-1.23308e-05
8.01147e-05
1.06231e-05
-8.69483e-06
7.35448e-05
5.57977e-06
-3.03584e-06
4.58469e-05
8.56471e-07
1.70861e-07
2.46493e-05
-1.80661e-05
-2.45096e-07
-2.63576e-07
1.85748e-05
-1.15214e-05
1.13645e-05
1.17173e-07
3.97161e-08
2.86729e-06
-2.56414e-06
-2.98547e-05
4.11562e-06
-5.62891e-06
-3.03604e-05
6.95901e-06
-8.00372e-06
-3.04959e-05
9.05723e-06
-1.02003e-05
-3.05473e-05
1.13535e-05
-1.24936e-05
-2.96058e-05
1.38395e-05
-1.52985e-05
-2.7883e-05
1.68201e-05
-1.8294e-05
-2.64044e-05
1.96633e-05
-2.09722e-05
-2.58114e-05
2.22103e-05
-2.33659e-05
-2.57306e-05
2.43564e-05
-2.51354e-05
-2.80729e-05
2.54902e-05
-2.54547e-05
-3.30207e-05
2.53958e-05
-2.50119e-05
-3.99371e-05
2.436e-05
-2.36653e-05
-4.75249e-05
2.3098e-05
-2.22049e-05
-5.49287e-05
2.15418e-05
-2.05365e-05
-6.25485e-05
1.96076e-05
-1.8412e-05
-6.97389e-05
1.71859e-05
-1.58249e-05
-7.49704e-05
1.39497e-05
-1.21316e-05
-7.71735e-05
1.00199e-05
-7.53112e-06
-7.78831e-05
4.62243e-06
-1.5753e-06
-7.06051e-05
-1.1123e-06
3.24722e-06
-4.3157e-05
-4.57124e-06
3.97854e-06
-2.52703e-05
-3.36625e-06
2.26247e-06
-1.95699e-05
-1.11941e-05
-2.08334e-06
3.37859e-07
7.2592e-08
-5.66135e-08
1.29912e-05
-5.13504e-07
1.19307e-05
1.52788e-06
-4.6734e-07
2.29494e-07
-4.31689e-08
1.1153e-05
-3.85579e-07
1.06819e-05
7.53401e-07
-2.82269e-07
7.07367e-08
7.42607e-08
1.05411e-05
-1.63926e-07
1.06469e-05
-4.07461e-08
-6.5091e-08
-2.13285e-07
1.02931e-07
1.10253e-05
4.07499e-08
1.15822e-05
-6.7756e-07
1.20687e-07
-8.27102e-07
2.15669e-07
1.22303e-05
1.72398e-07
1.29001e-05
-8.64747e-07
1.94964e-07
-1.11143e-06
2.88607e-07
1.35361e-05
1.97453e-07
1.41035e-05
-7.53956e-07
1.8655e-07
-1.14159e-06
2.87073e-07
1.45726e-05
1.64099e-07
1.49398e-05
-5.04444e-07
1.37208e-07
-1.12522e-06
2.88667e-07
1.52142e-05
1.09161e-07
1.54178e-05
-2.87567e-07
8.40557e-08
-1.03597e-06
2.57661e-07
1.55958e-05
7.24811e-08
1.57623e-05
-2.29165e-07
6.26622e-08
-6.67569e-07
1.65233e-07
1.58826e-05
4.22324e-08
1.59369e-05
-7.08716e-08
1.65127e-08
4.74463e-08
3.57792e-08
1.59339e-05
-5.84963e-09
1.58727e-05
8.50964e-08
-2.38694e-08
1.20296e-06
-1.01689e-07
1.57771e-05
-3.22068e-08
1.56747e-05
1.35567e-07
-3.3072e-08
1.62008e-06
-2.37014e-07
1.5589e-05
-2.91253e-08
1.55501e-05
5.49218e-08
-1.60068e-08
1.5805e-06
-3.02502e-07
1.55572e-05
-1.55167e-09
1.56495e-05
-1.12737e-07
2.03901e-08
1.2913e-06
-2.91203e-07
1.57995e-05
3.67354e-08
1.60523e-05
-3.11645e-07
5.88956e-08
1.28109e-06
-3.19872e-07
1.6379e-05
8.66501e-08
1.68398e-05
-5.81166e-07
1.20429e-07
1.56071e-06
-4.09434e-07
1.73241e-05
1.3487e-07
1.79806e-05
-8.4624e-07
1.89715e-07
1.56075e-06
-4.22051e-07
1.86557e-05
1.97074e-07
1.94736e-05
-1.06833e-06
2.50443e-07
1.08435e-06
-3.14003e-07
2.03268e-05
2.68583e-07
2.11389e-05
-1.08088e-06
2.68797e-07
1.90574e-07
-7.78772e-08
2.16368e-05
3.73754e-07
2.1016e-05
2.96598e-07
3.24239e-07
-8.1967e-08
2.52447e-07
3.66819e-07
-3.04861e-05
-3.02963e-05
-3.0643e-05
-3.01984e-05
-2.88323e-05
-2.7375e-05
-2.66139e-05
-2.607e-05
-2.68916e-05
-3.03735e-05
-3.56102e-05
-4.19041e-05
-4.9689e-05
-5.72043e-05
-6.49393e-05
-7.18903e-05
-7.6299e-05
-7.77115e-05
-7.54454e-05
-6.46392e-05
-3.94324e-05
-2.1707e-05
-1.79892e-05
3.67441e-05
-1.19402e-06
2.32397e-06
3.56141e-05
4.63217e-05
-3.6666e-06
4.308e-05
3.41258e-05
-3.02512e-06
4.89767e-06
3.22532e-05
3.97849e-05
-6.46075e-06
3.72923e-05
3.04256e-05
-3.93186e-06
6.03201e-06
2.83254e-05
3.41328e-05
-8.60836e-06
3.14221e-05
2.61295e-05
-3.91877e-06
6.31643e-06
2.37318e-05
2.81329e-05
-9.39037e-06
2.52547e-05
2.51877e-05
5.19167e-10
2.52598e-05
2.1508e-05
-3.11004e-06
5.13141e-06
1.94866e-05
2.24442e-05
-7.69223e-06
1.96607e-05
2.57224e-05
-3.25746e-07
2.62776e-05
1.8091e-05
-1.44809e-06
2.41567e-06
1.71234e-05
1.79975e-05
-3.8514e-06
1.59866e-05
2.71926e-05
-5.08803e-07
2.77722e-05
1.69761e-05
3.05955e-07
-5.37668e-07
1.72078e-05
1.61773e-05
6.77386e-07
1.59423e-05
2.87118e-05
-1.00704e-06
2.95056e-05
1.81989e-05
1.78344e-06
-3.06804e-06
1.94835e-05
1.733e-05
4.38267e-06
1.8384e-05
3.0483e-05
-1.6116e-06
3.12675e-05
2.10713e-05
2.18621e-06
-3.80454e-06
2.26896e-05
2.03687e-05
5.65409e-06
2.22315e-05
3.20908e-05
-2.03194e-06
3.30113e-05
2.42061e-05
1.91584e-06
-3.27681e-06
2.55671e-05
2.38618e-05
4.76903e-06
2.54874e-05
3.39664e-05
-2.34807e-06
3.51729e-05
2.66867e-05
1.1999e-06
-2.11022e-06
2.7597e-05
2.6373e-05
3.04927e-06
2.73575e-05
3.63907e-05
-2.53751e-06
3.7803e-05
2.82088e-05
3.93467e-07
-6.74429e-07
2.84898e-05
2.75349e-05
1.01773e-06
2.78657e-05
3.90338e-05
-2.14281e-06
4.01406e-05
2.84936e-05
-4.56702e-08
2.174e-07
2.83219e-05
2.77494e-05
-3.82853e-07
2.771e-05
4.06366e-05
-8.34382e-07
4.08034e-05
2.7796e-05
-5.19686e-07
1.26058e-06
2.70552e-05
2.72995e-05
-1.82838e-06
2.71079e-05
4.02822e-05
8.38063e-07
3.94916e-05
2.6247e-05
-6.86369e-07
1.49345e-06
2.54399e-05
2.66628e-05
-2.16873e-06
2.62196e-05
3.83249e-05
1.67607e-06
3.78518e-05
2.46525e-05
-6.27071e-07
1.32576e-06
2.39538e-05
2.58632e-05
-1.90556e-06
2.54527e-05
3.66686e-05
2.19276e-06
3.60959e-05
2.33616e-05
-3.69406e-07
8.10488e-07
2.29205e-05
2.52966e-05
-1.14321e-06
2.49973e-05
3.45788e-05
2.58536e-06
3.3574e-05
2.26289e-05
4.43695e-08
7.18331e-08
2.25127e-05
2.49591e-05
-1.52425e-07
2.4724e-05
3.19992e-05
2.28351e-06
3.1007e-05
2.24848e-05
4.16462e-07
-4.79452e-07
2.25478e-05
2.49195e-05
5.52205e-07
2.49922e-05
2.94325e-05
2.64006e-06
2.80735e-05
2.27453e-05
9.83479e-07
-1.30368e-06
2.30655e-05
2.50592e-05
1.53669e-06
2.4875e-05
2.62635e-05
3.43626e-06
2.4388e-05
2.34626e-05
1.48409e-06
-2.02655e-06
2.4005e-05
2.53344e-05
2.51691e-06
2.56453e-05
2.25936e-05
3.47453e-06
2.06798e-05
2.46524e-05
1.94029e-06
-2.7357e-06
2.54478e-05
2.6135e-05
3.32883e-06
2.63857e-05
1.92396e-05
2.57999e-06
1.7744e-05
2.6188e-05
2.08235e-06
-3.14878e-06
2.72545e-05
2.73774e-05
4.11981e-06
2.80289e-05
1.71978e-05
6.46086e-07
1.67423e-05
2.85371e-05
1.78001e-06
-3.72903e-06
2.91056e-05
5.29799e-06
-6.48866e-06
2.95015e-05
7.38326e-06
-8.52483e-06
2.89522e-05
9.57357e-06
-1.08198e-05
2.75692e-05
1.20563e-05
-1.33193e-05
2.59131e-05
1.4585e-05
-1.60469e-05
2.48677e-05
1.74696e-05
-1.92158e-05
2.45804e-05
2.04939e-05
-2.19835e-05
2.56361e-05
2.28427e-05
-2.40982e-05
2.94986e-05
2.45906e-05
-2.54655e-05
3.50906e-05
2.5014e-05
-2.55336e-05
4.14972e-05
2.50168e-05
-2.54238e-05
5.03953e-05
2.4814e-05
-2.41076e-05
5.79411e-05
2.31157e-05
-2.2379e-05
6.57054e-05
2.14668e-05
-2.07007e-05
7.29597e-05
1.98072e-05
-1.87377e-05
7.78388e-05
1.75427e-05
-1.60029e-05
7.95793e-05
1.44455e-05
-1.25777e-05
7.78122e-05
1.03461e-05
-7.97935e-06
6.73849e-05
5.0396e-06
-2.29384e-06
4.19742e-05
-3.96004e-07
2.93781e-06
2.18606e-05
-2.31673e-06
2.47032e-06
1.65959e-05
-1.47521e-06
-2.49044e-08
1.88495e-06
6.28614e-07
-2.98536e-08
-1.84553e-06
1.8018e-06
-6.02837e-07
5.72983e-07
-4.01178e-08
-1.75328e-06
1.70503e-06
-5.3604e-07
4.95923e-07
-3.74261e-08
-1.65794e-06
1.61905e-06
-4.54443e-07
4.17017e-07
-2.57771e-08
-3.69426e-08
-4.14798e-08
-3.38519e-08
1.58388e-06
3.83165e-07
-2.40392e-08
1.55658e-06
3.59126e-07
-1.72037e-08
-1.52489e-06
1.50433e-06
-3.34204e-07
3.17001e-07
-7.72683e-09
-1.48455e-06
1.49174e-06
-2.93612e-07
2.85885e-07
3.08709e-08
-1.54237e-06
1.6045e-06
-3.09514e-07
3.40385e-07
4.56367e-08
-1.67709e-06
1.77811e-06
-3.70726e-07
4.16363e-07
9.87458e-08
-1.9196e-06
2.08894e-06
-4.9054e-07
5.89286e-07
1.08807e-07
-2.26889e-06
2.44419e-06
-6.97944e-07
8.0675e-07
1.15577e-07
-2.61929e-06
2.78996e-06
-9.18727e-07
1.0343e-06
1.20987e-07
-2.95841e-06
3.11378e-06
-1.15452e-06
1.27551e-06
1.06703e-07
-3.25274e-06
3.35748e-06
-1.39421e-06
1.50092e-06
8.00519e-08
-3.42864e-06
3.46116e-06
-1.59499e-06
1.67504e-06
2.7759e-08
-3.4457e-06
3.37968e-06
-1.72628e-06
1.75404e-06
-3.05031e-08
-3.27351e-06
3.1264e-06
-1.75852e-06
1.72802e-06
-9.03231e-08
-2.95276e-06
2.75532e-06
-1.66464e-06
1.57432e-06
-1.05192e-07
-2.55483e-06
2.35923e-06
-1.47231e-06
1.36712e-06
-1.09932e-07
-2.17203e-06
1.98706e-06
-1.26311e-06
1.15318e-06
-1.5422e-07
-1.79174e-06
1.57486e-06
-1.02862e-06
8.74405e-07
-1.96218e-07
-1.34339e-06
1.11137e-06
-6.96448e-07
5.0023e-07
-1.99917e-07
-8.91716e-07
6.99987e-07
-2.97837e-07
9.79194e-08
-1.34629e-07
-5.59817e-07
4.74264e-07
7.59138e-08
-2.10543e-07
-2.78091e-08
-4.67902e-07
5.35427e-07
2.82057e-07
-3.09867e-07
1.14826e-07
-7.14527e-07
2.3652e-07
-2.49215e-08
-2.33891e-08
2.36291e-08
3.03414e-08
7.41779e-08
1.08658e-07
1.11977e-07
1.20219e-07
1.18702e-07
9.40721e-08
5.12375e-08
4.4854e-09
-6.33757e-08
-1.02011e-07
-1.04002e-07
-1.24558e-07
-1.77957e-07
-2.02393e-07
-1.73833e-07
-7.15145e-08
7.33468e-08
9.38781e-09
2.97556e-06
1.7079e-06
-4.71238e-08
-2.83468e-06
2.64991e-06
-1.69764e-06
1.65052e-06
-1.40008e-07
-2.42085e-06
2.15502e-06
-1.55694e-06
1.41693e-06
-2.11951e-07
-1.86581e-06
1.56613e-06
-1.23627e-06
1.02432e-06
-1.02612e-08
-9.35815e-08
-1.80653e-07
-2.30187e-07
1.26992e-06
7.94136e-07
-2.35015e-07
9.91431e-07
5.59122e-07
-1.94217e-07
-7.46954e-07
5.55592e-07
-3.36258e-07
1.42042e-07
-1.00794e-07
-4.26641e-07
3.63508e-07
1.12775e-08
-1.12071e-07
-3.74757e-09
-3.5254e-07
3.97037e-07
1.66194e-07
-1.69941e-07
6.30306e-08
-4.8229e-07
5.91658e-07
1.34508e-07
-7.14768e-08
8.11785e-08
-7.10302e-07
8.26577e-07
-4.84301e-09
8.60216e-08
7.15423e-08
-9.33712e-07
1.02627e-06
-1.65437e-07
2.36979e-07
4.95207e-08
-1.10245e-06
1.16209e-06
-2.98007e-07
3.47528e-07
3.46437e-08
-1.20723e-06
1.24506e-06
-3.86443e-07
4.21086e-07
2.29104e-08
-1.27637e-06
1.29569e-06
-4.52444e-07
4.75354e-07
6.24242e-10
-1.30112e-06
1.29465e-06
-4.86438e-07
4.87062e-07
-1.4365e-08
-1.27919e-06
1.26135e-06
-4.7865e-07
4.64284e-07
-1.89246e-08
-1.24522e-06
1.23502e-06
-4.47343e-07
4.28418e-07
-1.1808e-08
-1.2344e-06
1.24466e-06
-4.13023e-07
4.01215e-07
-3.13886e-10
-1.27072e-06
1.30777e-06
-3.95543e-07
3.95229e-07
1.74091e-08
-1.36087e-06
1.43011e-06
-4.01026e-07
4.18435e-07
3.60922e-08
-1.51987e-06
1.61865e-06
-4.491e-07
4.85192e-07
6.29973e-08
-1.74995e-06
1.88402e-06
-5.43612e-07
6.0661e-07
9.46359e-08
-2.05076e-06
2.22471e-06
-6.90314e-07
7.8495e-07
1.36008e-07
-2.39961e-06
2.63736e-06
-8.78846e-07
1.01485e-06
1.45103e-07
-2.84488e-06
-1.13157e-06
-2.22864e-07
-1.53319e-07
-5.41224e-08
3.54337e-08
7.63198e-08
7.94155e-08
6.10281e-08
3.89151e-08
3.13578e-08
1.10838e-08
-8.41295e-09
-1.69417e-08
-1.53951e-08
-5.67132e-09
5.79656e-09
3.06653e-08
5.84201e-08
8.37041e-08
9.38962e-08
1.16717e-07
)
;

boundaryField
{
    inlet
    {
        type            calculated;
        value           nonuniform List<scalar> 0();
    }
    outlet
    {
        type            calculated;
        value           nonuniform List<scalar> 
52
(
2.95516e-05
3.18737e-05
3.15406e-05
3.16904e-05
3.07459e-05
2.9342e-05
2.78782e-05
2.71203e-05
2.68863e-05
2.88519e-05
3.29853e-05
3.95532e-05
4.68302e-05
5.40356e-05
6.15432e-05
6.85433e-05
7.36093e-05
7.53553e-05
7.53944e-05
6.7558e-05
4.10221e-05
2.5863e-05
2.06737e-05
1.29395e-05
2.35164e-05
3.20376e-05
3.16264e-05
3.16965e-05
3.13517e-05
3.01781e-05
2.88966e-05
2.79833e-05
2.73081e-05
2.78821e-05
3.07283e-05
3.55513e-05
4.12522e-05
4.91216e-05
5.65413e-05
6.40104e-05
7.06642e-05
7.44239e-05
7.55997e-05
7.25368e-05
6.19516e-05
3.81084e-05
2.23193e-05
1.81683e-05
9.3756e-07
-1.21694e-07
3.06659e-06
1.27667e-06
)
;
    }
    wall
    {
        type            calculated;
        value           uniform 0;
    }
    empty_zmin
    {
        type            empty;
    }
    empty_zmax
    {
        type            empty;
    }
    procBoundary1to0
    {
        type            processor;
        value           nonuniform List<scalar> 
35
(
-0.000106894
-0.000111902
-0.000115224
-0.000117547
1.05274e-06
-0.000119682
-6.05515e-05
-4.38037e-05
-5.9633e-05
-0.000121869
-8.61308e-05
-6.24882e-05
-4.29761e-05
-2.04746e-05
1.12096e-05
2.91158e-05
3.14108e-05
1.424e-05
-3.85406e-05
-9.73573e-05
-4.51274e-07
7.94993e-07
-5.56286e-05
-7.27934e-05
-0.000147763
1.13254e-05
-0.000152814
-0.000156815
-0.000148183
-2.02829e-05
-6.88124e-05
-7.43677e-05
2.13426e-06
1.57876e-06
1.22716e-07
)
;
    }
}


// ************************************************************************* //
