/*--------------------------------*- C++ -*----------------------------------*\
| =========                 |                                                 |
| \\      /  F ield         | OpenFOAM: The Open Source CFD Toolbox           |
|  \\    /   O peration     | Version:  2406                                  |
|   \\  /    A nd           | Website:  www.openfoam.com                      |
|    \\/     M anipulation  |                                                 |
\*---------------------------------------------------------------------------*/
FoamFile
{
    version     2.0;
    format      ascii;
    arch        "LSB;label=32;scalar=64";
    class       volScalarField;
    location    "4.03";
    object      initialResidual:p;
}
// * * * * * * * * * * * * * * * * * * * * * * * * * * * * * * * * * * * * * //

dimensions      [0 0 0 0 0 0 0];

internalField   nonuniform List<scalar> 
2367
(
-9.16503e-08
-1.29393e-08
-8.11277e-09
-6.17258e-09
-3.47471e-09
-3.29296e-10
-9.21936e-10
2.27446e-11
9.03557e-11
-3.75021e-11
1.06525e-07
-1.08445e-09
-1.05503e-09
4.41141e-09
-3.48298e-09
2.00926e-08
-2.38436e-08
4.54929e-09
6.80377e-09
-1.73657e-08
-2.51542e-09
-1.42468e-08
-3.19183e-09
5.79411e-09
4.66996e-09
2.2174e-10
5.15418e-09
-5.70436e-10
9.82133e-10
-1.77563e-09
-2.40677e-09
7.44856e-10
6.66009e-10
-8.89756e-10
-5.82496e-10
4.66497e-10
5.88841e-10
1.05834e-08
2.96054e-10
7.16782e-09
-7.21321e-11
-9.78174e-08
-2.07232e-08
1.94795e-08
1.85692e-08
1.60537e-08
-9.90796e-10
-3.72215e-09
2.03521e-09
9.88157e-09
-7.61405e-10
-8.71688e-10
2.77142e-09
1.1644e-09
2.90042e-09
-1.83377e-09
6.44937e-10
-2.99861e-10
-1.0483e-09
-7.21126e-11
1.12579e-09
-1.13438e-08
1.55715e-08
1.25783e-07
-1.28709e-07
1.15806e-07
1.22182e-08
-1.04332e-08
3.67844e-09
9.88364e-09
2.93642e-09
5.99608e-09
2.22298e-08
1.38722e-09
-2.04143e-09
6.07046e-09
-2.43009e-09
8.0758e-10
1.35255e-09
-8.26077e-10
2.01724e-10
9.89049e-10
-6.46729e-10
3.07462e-10
-2.54695e-10
3.19173e-10
-7.18412e-10
8.33557e-11
-2.79476e-10
-8.43468e-10
-3.08787e-10
4.07088e-10
-1.80275e-10
9.80955e-10
-1.95145e-11
-7.64716e-09
8.25376e-09
-4.69567e-09
4.71085e-11
-1.76696e-09
6.21994e-11
-4.65495e-09
1.93017e-09
2.54667e-09
6.78782e-09
1.26968e-08
1.67318e-09
-4.42134e-09
-1.0411e-10
1.09716e-09
-1.88889e-09
-1.92382e-09
-1.27388e-10
8.53298e-10
1.39183e-10
-3.19966e-10
6.20081e-10
1.47858e-09
-2.78324e-09
7.25002e-09
-2.89387e-09
-1.48862e-09
4.78166e-09
-1.56261e-09
3.0757e-09
-3.18945e-09
-2.96367e-09
5.37527e-09
3.32311e-09
-1.8086e-09
-4.2488e-09
-1.37887e-09
1.36729e-09
-4.75576e-09
-4.84994e-11
1.49924e-09
1.15024e-09
-1.12989e-09
8.0233e-10
-6.4336e-10
-3.27228e-10
-5.42398e-09
1.51123e-09
-2.50351e-09
-4.42169e-09
-5.54532e-09
-9.31375e-10
-3.49011e-09
3.45659e-09
-2.27426e-09
-5.64743e-09
7.48302e-09
-1.97218e-09
3.6552e-09
-1.68213e-09
8.31665e-10
8.39761e-10
-1.91391e-09
1.32167e-09
2.05328e-09
-1.63683e-09
-1.75053e-10
2.54024e-10
-3.63925e-10
3.95024e-10
3.29227e-10
-3.36954e-09
3.74926e-08
-9.76412e-09
-3.73855e-09
1.75645e-09
2.58566e-09
6.19595e-09
-1.0533e-08
-1.32515e-09
3.73957e-09
7.90666e-10
-1.63042e-09
-2.28248e-10
7.90172e-10
1.13538e-10
5.46214e-09
-2.50037e-09
-1.16974e-09
-2.48575e-09
7.98643e-10
-6.64943e-10
-3.14236e-11
4.01815e-11
-2.15429e-08
5.84646e-09
-8.35426e-09
-6.07441e-09
1.09752e-08
3.92128e-09
-4.77904e-09
5.55847e-11
-1.06648e-08
1.16297e-08
-2.56987e-09
-2.72373e-09
3.76161e-09
7.631e-09
-3.7711e-09
-3.58622e-10
-2.61097e-09
-3.60908e-09
3.29565e-09
-3.34725e-10
7.54009e-11
9.94737e-10
-4.29979e-10
9.05557e-11
3.0856e-08
-1.97364e-09
4.66535e-10
8.19542e-09
-1.1756e-08
-7.5315e-09
-3.80783e-09
-3.18544e-08
-1.04906e-08
3.62343e-09
-8.52867e-10
-2.95646e-10
6.1682e-11
2.17098e-09
6.07379e-09
-3.45042e-09
-5.08553e-09
2.78948e-09
8.83139e-10
-5.72414e-10
-4.21847e-10
-1.13013e-09
-1.2108e-10
-2.03731e-10
-6.18208e-09
-3.52169e-09
3.30156e-09
-7.53477e-09
-2.31906e-08
-1.28667e-08
-2.9955e-08
-4.52943e-09
1.6979e-08
-9.34831e-09
-1.51839e-08
-8.05944e-09
-9.01203e-10
2.68848e-09
-3.98595e-09
-1.99113e-09
4.69724e-09
1.66857e-09
-1.36808e-09
7.18101e-11
1.55988e-10
-8.35695e-10
1.45896e-10
1.12164e-10
5.38953e-09
-6.47581e-09
5.3891e-10
-1.04244e-10
1.80658e-09
-2.69666e-08
1.6199e-08
1.4339e-08
-1.12328e-08
-3.27338e-09
-1.92892e-09
-6.95805e-09
-2.79403e-09
-2.08139e-09
-7.28332e-09
9.06238e-09
1.6266e-09
2.25688e-10
-6.75309e-10
5.89186e-10
-5.33301e-10
-2.0652e-09
3.76711e-10
1.94691e-10
2.38681e-09
9.85876e-09
-1.18705e-08
3.19146e-09
1.57779e-08
3.59868e-08
-7.90513e-09
-3.66778e-08
2.60668e-09
-4.80025e-09
-2.73042e-10
2.57846e-09
-3.74256e-09
-2.15618e-09
1.24103e-09
-8.15485e-10
1.30015e-09
-1.03784e-09
-1.15697e-10
9.9189e-11
-2.72518e-09
1.79433e-09
-2.3609e-10
-4.85908e-11
1.001e-10
-1.806e-09
-1.78299e-08
8.02251e-09
-6.60603e-09
-5.16346e-09
-1.36966e-08
2.27967e-08
-7.34348e-09
-2.80712e-08
-4.69094e-09
2.03873e-09
1.37239e-09
-1.78583e-09
-1.38972e-09
-2.00745e-09
-1.1413e-09
-4.51554e-10
2.18479e-08
-2.26945e-08
-3.93695e-10
1.72743e-09
2.36106e-10
1.322e-10
-6.02558e-09
-1.53487e-08
-2.5148e-08
-6.20519e-09
5.22796e-09
-3.646e-09
2.02325e-08
1.54199e-09
-7.36512e-09
3.5104e-08
1.47236e-08
-1.79436e-08
-3.09819e-09
2.41523e-09
1.448e-07
-1.53922e-07
4.86263e-10
-1.72197e-09
-6.55901e-09
-2.41959e-09
3.08791e-09
-1.37523e-10
-5.82565e-12
-2.64157e-11
-1.61804e-09
-1.81834e-08
2.82837e-08
-2.02264e-08
1.04824e-08
1.57762e-08
2.12245e-09
2.64398e-09
1.52578e-08
-1.07247e-09
-6.90301e-09
1.14251e-08
5.32356e-09
1.71703e-08
1.20409e-08
-5.30181e-09
-4.01903e-09
1.10509e-09
7.16437e-09
3.2071e-09
-2.69852e-09
-5.92849e-10
-6.36866e-10
-1.50854e-11
-3.20816e-09
2.10624e-09
8.33679e-09
1.2908e-08
1.19324e-08
3.12783e-09
8.51749e-09
1.76664e-08
1.83881e-09
6.6677e-09
1.16666e-08
9.26554e-09
6.68873e-09
-1.30779e-09
-7.14317e-09
1.80744e-09
5.299e-09
2.73416e-09
3.1066e-10
2.86377e-09
-2.14487e-09
-4.39176e-11
8.15995e-10
-9.97246e-11
-3.44831e-09
1.33207e-08
3.648e-08
1.36688e-08
4.36276e-10
1.3197e-08
-2.36647e-09
2.92143e-09
3.38726e-08
4.26676e-09
2.72134e-09
3.39244e-09
3.38462e-09
4.88148e-10
-4.9219e-10
4.3007e-10
-6.1414e-10
4.27329e-10
-3.72553e-10
-1.02872e-09
3.45895e-11
-1.34259e-09
-8.62846e-10
-6.58265e-12
-4.96064e-11
1.84594e-09
1.60603e-09
-1.29371e-08
-3.11024e-09
-1.35016e-08
1.77733e-08
1.23015e-08
-1.66152e-08
4.4123e-09
5.81175e-09
-1.27972e-09
9.88869e-10
-2.01729e-09
-1.86444e-09
2.42383e-10
3.81158e-10
-1.98551e-09
-6.44922e-10
-3.67428e-10
1.70329e-09
3.09661e-09
9.84336e-10
2.11544e-10
-1.10449e-09
-6.42692e-10
-6.51862e-09
-9.64716e-09
-4.76014e-09
-1.60352e-09
-2.20627e-08
1.50882e-09
2.56474e-09
-1.00312e-08
7.73319e-10
1.36987e-09
-4.0991e-10
-2.04107e-09
-1.00491e-09
1.47899e-09
-9.89743e-10
-2.8633e-09
1.69257e-09
1.40295e-09
-1.33558e-09
4.18621e-09
-6.80474e-10
-1.53918e-10
-7.73854e-10
-9.20358e-10
-2.27833e-09
-3.73521e-09
-4.87751e-09
5.84906e-10
-2.08819e-09
-7.64358e-09
4.52461e-09
-3.02806e-10
2.57194e-09
1.24616e-09
-3.24672e-09
-9.83766e-10
6.62423e-09
-6.92788e-09
-2.87353e-09
2.23505e-09
3.20092e-09
7.3363e-10
1.02742e-09
-1.45606e-09
1.11047e-09
-1.95001e-10
-4.46179e-10
-4.36517e-10
2.13028e-10
-1.96066e-09
-1.29471e-09
-2.28472e-09
7.68039e-10
-1.76658e-09
2.48661e-10
7.93022e-10
-9.17759e-10
-3.20862e-11
-6.92979e-10
-6.43994e-09
8.09868e-09
3.64351e-09
-3.41892e-09
4.70947e-09
-4.65215e-09
6.55074e-09
5.14222e-09
-3.91913e-09
-9.44144e-10
3.50944e-09
2.06096e-11
-4.90089e-11
-3.41843e-10
-1.93239e-09
-9.95304e-10
-2.14304e-09
-1.13417e-09
-5.0462e-10
-9.49876e-10
1.9612e-09
3.99721e-10
1.74261e-10
4.52431e-11
-1.88902e-09
-7.30605e-09
8.07267e-09
1.49376e-09
-8.2979e-09
6.19788e-09
6.06304e-09
1.93854e-09
1.81249e-08
-1.87744e-09
2.43419e-09
-7.23352e-10
-6.64564e-10
-1.08897e-11
-1.32034e-09
-1.40548e-09
-1.37205e-09
-6.37818e-10
-1.19929e-09
-5.7429e-10
-3.39386e-11
-4.00656e-09
1.22589e-09
4.41206e-09
7.04643e-10
-1.09577e-08
-4.76461e-09
1.56621e-09
1.07801e-09
1.6481e-10
-3.19224e-09
-1.93292e-09
-1.97809e-08
1.06648e-09
-4.93379e-09
-5.43652e-10
6.44298e-10
-4.29513e-10
-7.15751e-10
-6.61305e-10
1.74273e-10
-1.57328e-09
-1.63279e-09
-5.66963e-11
-2.03114e-09
1.37942e-10
-1.6604e-09
-1.42872e-08
-6.76639e-09
1.80552e-08
-1.83575e-08
-1.83067e-08
1.26453e-08
4.20334e-09
-1.42951e-08
-2.88856e-09
7.93766e-10
-1.16809e-10
-6.28373e-11
-7.92916e-10
-2.93872e-09
1.10568e-09
2.709e-09
-1.83128e-09
-2.31626e-09
-2.51194e-09
-1.56356e-09
-9.0022e-09
-3.69738e-09
-1.80454e-09
1.71616e-08
9.06622e-09
-5.21271e-08
6.20789e-10
3.96111e-09
4.69749e-09
1.95995e-08
1.50949e-10
1.40802e-10
1.32055e-10
-3.71407e-10
-1.18117e-09
3.56706e-11
-2.45291e-10
-1.26211e-09
-1.99374e-09
-1.72046e-09
-4.40608e-09
-6.24469e-09
-2.66133e-09
-8.73785e-09
-3.68792e-08
6.7953e-09
3.60395e-08
-4.28217e-09
-2.91495e-09
1.57573e-09
-1.95005e-12
-3.20008e-12
-3.80407e-10
-5.9236e-11
-1.35452e-09
-9.35998e-11
-9.8029e-10
-1.72214e-09
-2.90606e-10
-2.2236e-09
-3.20293e-09
1.36652e-09
3.2611e-10
5.95717e-09
1.39565e-08
-5.75933e-09
-1.85508e-10
9.32266e-10
4.39801e-10
-3.01718e-10
-2.67133e-09
-5.54829e-10
9.24678e-09
6.0369e-09
1.6702e-10
8.84891e-09
-1.02789e-08
2.50946e-10
-7.38394e-09
-7.07975e-09
-9.26668e-11
-7.79239e-09
2.67544e-09
-4.81511e-11
1.1667e-08
4.23535e-09
2.34526e-10
-8.14858e-10
-1.8756e-09
2.43663e-11
6.77771e-10
1.70622e-09
-1.71774e-10
-1.06826e-09
-2.56456e-09
7.61061e-11
-1.69916e-09
-2.8495e-09
-5.15597e-11
-2.76425e-09
1.29871e-09
-3.78544e-11
1.22304e-09
2.1106e-09
-8.63963e-11
3.00011e-09
2.68378e-10
2.05587e-10
-1.40905e-09
5.32429e-11
2.07089e-10
-7.67799e-10
-8.66816e-10
-2.46705e-10
-7.75596e-10
-5.90424e-10
4.33994e-09
-4.00762e-10
-1.29192e-10
2.60365e-09
2.1715e-10
-1.15205e-09
-8.37507e-09
7.85702e-10
9.88202e-10
-6.54199e-09
-1.08253e-09
-1.16171e-09
2.03904e-10
2.48592e-11
2.52952e-11
7.71395e-11
2.98898e-11
-5.94573e-11
3.43879e-10
6.48649e-10
1.8014e-09
6.69638e-11
1.54479e-09
1.7051e-10
3.3456e-10
3.26376e-10
-1.40745e-08
1.16983e-08
-5.97559e-10
4.52951e-11
2.452e-12
-9.05118e-10
-4.01637e-10
-1.13623e-10
-1.45853e-09
-1.47811e-09
-1.09027e-10
-1.23805e-11
-1.97627e-10
4.26635e-10
6.55994e-10
-7.53744e-10
3.85466e-10
-1.79725e-09
-5.77327e-10
1.2727e-09
-5.3031e-10
-3.65259e-10
2.74665e-10
-6.99058e-10
-1.60876e-10
-6.00165e-10
5.87895e-10
1.54947e-09
1.32527e-09
5.67958e-10
3.12881e-10
-7.8535e-11
2.79077e-10
7.75618e-10
3.05639e-09
4.18192e-09
6.44799e-10
-1.33459e-09
4.41773e-10
1.01095e-09
-2.42496e-10
7.5774e-09
1.08346e-08
2.3125e-09
-2.88987e-09
-3.92386e-10
-5.79077e-10
5.17956e-10
4.68515e-10
-1.55524e-10
-6.45551e-09
-4.4004e-09
-1.1079e-08
5.03663e-09
-2.45918e-08
3.37627e-09
6.06421e-10
5.52636e-10
-3.42319e-10
1.49996e-09
7.87172e-09
4.02714e-08
-1.0166e-08
-2.26991e-09
-1.25553e-08
2.44895e-10
-4.43743e-11
-9.18146e-11
-5.04548e-09
-2.05469e-08
-2.86881e-08
1.16216e-08
2.53014e-09
1.12801e-08
6.18146e-11
-6.36542e-11
2.78623e-10
1.92066e-08
3.52422e-08
-1.11649e-08
-5.22713e-09
-3.1619e-09
-7.4904e-10
-1.48105e-10
-3.50918e-10
1.19392e-10
-1.96778e-08
-1.92423e-08
5.74152e-09
2.41479e-09
-2.09286e-10
2.22198e-08
-3.49421e-10
-4.24124e-10
1.89949e-09
5.47912e-09
3.84646e-09
-6.48174e-10
-3.12704e-09
-9.44522e-09
-1.33571e-08
3.77056e-10
3.82544e-10
-1.12447e-10
3.01467e-09
-2.35879e-09
-1.12788e-09
1.47897e-08
1.11695e-08
-4.30828e-09
-5.2168e-10
-5.28198e-10
-4.28387e-10
-9.89252e-09
-1.32544e-08
-3.81335e-09
-3.38111e-08
-4.09997e-08
-2.11567e-08
6.10189e-10
1.83477e-10
7.70081e-10
-1.08129e-08
3.77257e-09
-3.28699e-09
-2.74474e-08
-1.20656e-08
-1.14567e-08
5.00076e-11
4.33163e-11
-4.89633e-10
-4.71051e-09
9.3969e-09
1.2978e-08
6.21877e-08
4.00472e-08
1.40296e-08
-3.51786e-10
-5.17133e-10
1.33097e-10
7.4408e-09
4.6959e-09
1.46851e-09
2.16104e-08
1.11587e-08
7.92761e-09
5.19654e-10
4.10516e-10
2.10093e-11
9.75706e-10
-3.58528e-11
-8.44738e-10
1.1648e-09
2.43143e-09
6.31837e-10
-5.1456e-10
1.2687e-10
2.22526e-09
-1.08128e-09
-1.28539e-09
-1.00828e-09
-3.32375e-10
4.2369e-10
-9.46976e-10
-1.29595e-09
2.35482e-09
-2.05126e-09
-1.06867e-09
-7.07478e-10
-5.78388e-10
-1.02302e-09
-4.98226e-10
-7.97912e-10
1.23571e-09
6.18255e-10
-5.13775e-10
-5.41448e-10
-3.45746e-10
-4.01245e-10
-4.18159e-10
-3.7318e-10
-3.03035e-10
1.19709e-09
-2.31709e-09
1.69355e-09
-3.88972e-10
-6.20216e-10
1.33985e-10
-1.85024e-10
9.96028e-12
2.23585e-10
-4.33564e-09
1.08663e-09
-7.03152e-10
5.73699e-10
7.90462e-10
-5.87107e-11
-1.55631e-10
-1.49745e-09
-9.23212e-10
3.84638e-09
-9.95102e-09
1.63036e-09
-1.60227e-09
6.94159e-10
5.03314e-10
1.43597e-09
2.76397e-10
1.22034e-10
-4.24119e-10
-1.40268e-10
-3.00701e-10
2.50241e-10
-1.19142e-10
-2.57577e-11
-1.53437e-11
-9.98501e-11
7.88531e-11
-1.80153e-10
-2.29833e-10
1.39228e-10
-5.16096e-11
-3.21256e-12
-6.26829e-11
-8.27482e-11
-3.23105e-11
-2.94787e-11
2.81395e-11
-2.18131e-11
3.03591e-10
-9.54325e-11
4.56755e-11
7.00429e-12
1.22816e-10
-4.89584e-11
2.29262e-10
-6.17651e-11
-5.53669e-11
4.50534e-11
-1.13753e-10
4.56573e-11
1.2403e-10
-2.41519e-11
-5.34937e-11
2.96397e-11
5.0984e-11
1.80262e-12
7.89273e-12
-2.73859e-12
-2.70192e-11
7.35229e-12
-6.05511e-11
5.26917e-12
-7.45614e-11
3.27947e-12
2.70463e-11
2.17998e-12
-8.25948e-12
-1.85917e-12
-4.10307e-11
1.37005e-11
4.94154e-12
1.83985e-11
-3.86923e-12
1.39946e-11
1.0488e-11
5.95697e-12
1.11369e-10
1.36154e-11
2.6417e-10
-7.30235e-11
4.1369e-11
-5.21175e-11
-1.2637e-09
3.45656e-10
-7.74269e-10
8.03832e-10
1.55487e-09
-8.43164e-10
8.00979e-11
-3.23677e-11
6.92217e-11
3.10784e-11
-6.31024e-11
1.24168e-11
-2.99399e-11
3.33441e-12
-4.03291e-12
-2.05038e-12
-4.24908e-11
1.13373e-11
-4.88143e-11
-8.6548e-13
-3.09735e-11
4.89067e-12
8.21058e-12
5.5025e-12
-7.97669e-11
7.11797e-12
-2.27635e-12
1.69926e-11
1.07741e-11
1.28935e-11
-2.85166e-11
1.57794e-11
6.91598e-11
2.73334e-11
1.62226e-10
-3.63898e-11
2.38558e-11
-1.38168e-11
-1.50254e-09
5.56401e-10
-2.06088e-09
5.70684e-10
8.84046e-09
-3.03517e-09
1.45057e-09
-3.80148e-10
9.02464e-11
-5.29666e-11
3.08108e-09
1.62495e-10
9.12357e-11
-3.05516e-11
9.9141e-11
-2.77341e-09
-2.59639e-10
1.94328e-10
-6.73637e-11
-3.94115e-11
5.17764e-11
-1.89205e-10
1.36213e-11
8.7001e-11
2.56665e-11
-1.01737e-09
9.78417e-10
-7.82753e-09
3.22031e-09
3.20415e-09
-1.2971e-09
2.17637e-09
-6.82929e-10
-2.47662e-09
2.82085e-10
2.1825e-10
-1.44819e-10
5.59128e-10
-1.1447e-10
1.91248e-09
-8.33473e-10
-2.05897e-09
1.01149e-08
-4.13139e-10
-3.04556e-10
4.82417e-09
-3.84231e-09
6.82777e-10
3.39071e-10
3.77263e-11
6.74009e-12
-3.37808e-11
-1.39685e-10
-5.85256e-11
-5.04646e-11
-6.98475e-11
-5.79491e-11
-7.8069e-11
-3.63333e-11
-4.08505e-10
1.98891e-10
2.78651e-10
-1.31617e-10
7.47536e-11
-1.24513e-11
1.43541e-11
-1.25164e-12
-2.27117e-11
5.32144e-12
-2.55476e-10
5.9133e-11
2.0372e-10
1.43842e-10
-2.59306e-09
1.08667e-09
9.17531e-09
-3.90879e-09
6.87467e-09
-3.68319e-09
-4.20067e-09
1.50752e-09
6.17781e-10
-1.52942e-10
2.13086e-10
-2.03216e-10
8.31302e-11
3.72e-11
-1.22064e-09
-6.78991e-09
-3.28129e-10
5.10874e-10
-1.91693e-10
-3.42195e-11
9.55021e-10
3.51446e-10
4.11021e-10
8.7783e-11
-1.96016e-10
-6.18816e-11
-1.38963e-10
-2.05737e-10
-7.45723e-11
-1.00022e-10
-6.88259e-11
-3.33387e-11
7.48213e-12
-2.13823e-11
-2.0386e-10
-6.59801e-12
2.69859e-11
-1.35812e-11
5.42649e-11
-8.31976e-12
-2.63098e-11
9.29696e-12
-1.04673e-11
2.6881e-12
-4.59615e-08
1.2689e-08
4.96579e-09
2.74414e-09
1.25009e-08
6.66865e-09
-4.50519e-09
9.10982e-09
-1.32736e-08
4.61273e-09
8.52576e-09
7.55851e-10
-4.21717e-09
5.72079e-09
-6.08052e-09
1.63597e-08
2.13701e-08
-3.65622e-09
-2.3572e-08
-3.95867e-09
-4.01237e-09
6.73622e-10
-1.39731e-10
4.10255e-10
-1.2423e-10
6.82896e-10
-4.04196e-11
-6.89116e-10
3.55933e-10
-2.84847e-09
8.7067e-10
-2.21821e-10
-1.04004e-12
-4.74414e-08
8.81652e-09
-9.06811e-10
-5.80929e-09
-7.53722e-09
6.4893e-09
-2.0231e-08
-8.29285e-09
-3.07146e-09
-3.25944e-09
1.49334e-08
-6.03646e-08
3.80993e-09
4.45682e-08
3.22997e-09
-1.18269e-08
2.544e-09
-1.30719e-08
-7.10404e-09
-2.66506e-09
-2.20944e-08
8.80549e-09
3.27048e-08
-1.58687e-08
-3.55562e-08
-1.66223e-08
5.1023e-09
-2.82623e-08
3.99403e-09
-3.55161e-09
-1.82123e-09
-2.51025e-09
-3.52591e-09
-1.94457e-09
-4.81096e-08
1.58475e-10
-1.7439e-08
1.72466e-08
1.76349e-08
-2.52083e-09
8.14975e-10
-3.38364e-09
2.80813e-08
-2.76605e-09
-5.92057e-10
-7.6146e-09
1.07738e-09
9.26027e-10
-5.70697e-09
-3.96545e-10
4.12216e-08
5.96895e-09
-1.41028e-11
-6.69486e-11
-1.98757e-11
3.22015e-11
1.72223e-09
-5.5918e-10
-3.20164e-10
-1.03009e-09
-8.47486e-10
-1.03196e-09
2.95838e-09
1.99073e-09
3.2063e-09
2.03478e-11
1.52827e-11
-1.75032e-09
-1.70792e-09
1.34553e-09
5.02821e-09
-4.28914e-08
-1.45037e-08
5.30234e-08
-3.83721e-08
2.10283e-07
-3.37441e-07
-1.01946e-09
-1.72041e-10
1.28998e-09
3.19618e-09
-4.54719e-09
-4.20897e-09
-5.97298e-10
-1.79389e-09
-4.31495e-11
7.41779e-09
1.20254e-10
-1.89131e-10
8.34916e-12
-5.93662e-11
-1.83421e-10
-9.16201e-12
1.24436e-09
-3.66163e-10
-5.96255e-11
3.76652e-10
1.67199e-07
-6.36234e-10
-1.41581e-09
-1.34224e-08
-2.34343e-10
-4.17418e-09
2.99685e-09
6.808e-10
-1.61712e-09
2.12998e-09
3.48885e-09
3.18107e-09
7.9794e-09
3.15653e-09
-1.25356e-09
5.13822e-09
-4.95818e-09
4.25409e-09
-1.10555e-08
-7.62355e-09
2.38825e-08
1.72663e-08
-4.43009e-09
2.36979e-08
1.02348e-08
8.12526e-09
-9.34272e-10
-5.96953e-09
-2.2514e-10
8.21636e-11
3.55929e-10
-1.93376e-11
1.52533e-09
1.11346e-09
1.98142e-09
3.60708e-09
6.05129e-09
7.44759e-09
1.12265e-08
1.37516e-08
8.9272e-09
-1.75339e-08
1.88338e-08
3.41067e-08
1.54095e-08
4.68747e-10
2.22134e-08
9.60804e-09
8.95705e-09
2.70208e-09
-1.59259e-09
2.08799e-09
-1.56397e-10
-9.8976e-11
-2.00345e-10
6.38188e-11
2.29187e-10
6.82046e-10
9.68174e-10
2.26135e-09
3.94289e-09
4.76043e-09
4.97401e-09
4.77218e-09
1.19424e-10
1.83819e-08
6.71074e-09
2.89458e-08
-3.34673e-08
1.06892e-09
1.20306e-08
2.71355e-09
4.9105e-09
3.49414e-10
-2.44451e-11
-5.28586e-10
-1.95826e-10
-1.58772e-10
7.97543e-10
-1.48341e-09
-6.84767e-10
-3.7935e-10
9.46607e-11
4.29837e-10
2.00545e-09
2.5304e-09
2.69844e-09
3.52096e-09
9.42729e-09
-4.56202e-10
7.46737e-08
-6.44798e-08
-6.80595e-08
5.95263e-08
-7.14495e-09
-2.18691e-09
-2.50162e-11
-2.83021e-10
3.74055e-10
-1.0306e-10
6.54972e-10
9.26822e-10
-5.62208e-10
-1.2915e-09
2.84957e-10
-1.10002e-09
-5.24012e-10
-1.0425e-09
1.12096e-09
-7.08638e-10
2.62617e-10
3.64403e-09
9.04898e-09
-3.83797e-10
1.13093e-08
-3.09459e-08
2.22183e-08
-2.55701e-09
-4.03505e-09
4.42988e-10
-6.85067e-10
-2.54645e-10
3.81252e-11
3.84135e-10
-1.23458e-09
1.01439e-09
1.17069e-10
-5.93656e-10
-1.13353e-09
-1.75868e-11
-1.44861e-10
-7.58876e-10
-4.67765e-10
6.51201e-09
1.02724e-08
-6.61977e-09
-1.28203e-08
2.42838e-09
-6.34065e-09
-3.37812e-09
6.21855e-10
-2.78545e-09
-2.46876e-09
1.12999e-09
-6.18169e-10
-2.75461e-10
2.12394e-10
1.72315e-10
1.00226e-09
-1.07782e-09
8.28216e-10
2.0828e-10
-1.13052e-09
-1.93498e-10
-8.89343e-10
2.56121e-10
-1.79448e-09
-4.49506e-09
-1.23872e-08
8.47696e-09
7.90328e-09
-1.92681e-09
-3.50842e-09
3.28807e-10
-4.16375e-09
-4.18218e-10
-2.36923e-09
1.23568e-09
-3.01063e-10
-1.56051e-10
1.66761e-10
9.75247e-11
2.55601e-09
-5.05028e-10
2.81803e-10
9.96167e-11
-1.1701e-10
-6.71566e-11
-1.8804e-09
-2.65248e-10
-9.74701e-10
-2.29747e-09
4.06185e-10
-3.90847e-09
1.1292e-09
-2.98748e-09
-7.68617e-10
-8.14373e-10
-1.77509e-09
-7.73555e-10
-1.00401e-09
-2.54528e-09
-8.24688e-10
-4.0656e-10
-3.30446e-10
-2.43471e-10
-6.33762e-10
1.00911e-09
5.23103e-10
-1.14226e-09
1.07207e-09
3.13507e-10
-9.0575e-10
-8.70851e-10
4.91803e-10
-1.01825e-09
3.86185e-09
9.67993e-10
-2.78813e-09
-5.42734e-10
6.8517e-10
-7.82723e-10
-1.04552e-09
-6.37189e-10
-4.78332e-10
2.44749e-09
2.15066e-09
6.03883e-10
-3.32675e-10
-8.40476e-10
-1.30855e-09
2.69772e-11
2.94321e-10
4.73746e-11
9.89187e-11
7.21559e-10
1.70725e-09
-6.3609e-10
3.07794e-09
8.38611e-09
-9.7975e-09
-4.44818e-09
1.08196e-10
4.30232e-11
-4.36162e-10
2.4645e-10
-9.48754e-10
-6.5027e-10
-4.31634e-10
-9.85561e-11
-6.80077e-10
7.35853e-10
2.3477e-09
-1.91463e-10
5.99052e-10
2.11221e-10
2.50793e-11
1.91741e-09
7.42606e-10
-9.82754e-10
3.24449e-09
-1.45971e-10
-4.34742e-09
-6.90045e-09
-1.79207e-08
9.27011e-09
-1.31094e-09
-4.00355e-10
1.80226e-10
-3.74414e-10
-2.71758e-11
-7.43885e-10
-1.36572e-10
-5.8086e-10
1.64569e-10
-4.85608e-10
-3.98851e-10
-2.11483e-09
-8.04251e-10
1.29337e-08
-4.00469e-09
-3.6321e-09
2.99995e-09
-1.9692e-09
-1.20066e-09
4.13676e-11
-5.45393e-09
-4.94081e-08
3.28062e-10
5.00137e-08
1.37043e-10
-9.41777e-11
5.14277e-10
-3.62357e-10
2.36649e-10
-5.90342e-10
-5.42744e-10
-2.4796e-10
3.46408e-11
-2.54104e-10
-4.34048e-10
1.07289e-10
-2.61647e-09
-1.66623e-08
9.54304e-09
2.9066e-09
-3.40099e-09
2.95e-09
-1.35509e-09
3.2733e-10
6.80881e-09
4.11594e-08
5.0418e-08
-4.95295e-08
-3.34787e-10
-8.75878e-10
3.06937e-10
6.23719e-11
1.1345e-10
1.12306e-10
-6.92224e-10
3.37138e-10
-6.91709e-11
-1.10252e-10
-1.37246e-09
1.24203e-10
2.50364e-09
9.75051e-10
-1.13538e-08
7.56531e-09
2.15982e-09
2.54149e-09
2.44541e-09
6.91549e-10
-2.88618e-09
4.7577e-09
-2.97747e-08
-6.81542e-09
-3.98233e-09
-4.68414e-09
-9.72783e-10
-4.23014e-10
-3.64127e-10
7.89664e-11
-1.59419e-10
-5.20355e-10
-2.65742e-10
-4.95422e-11
2.09706e-10
5.99191e-10
5.41901e-10
1.1487e-08
1.31645e-08
-2.20678e-09
6.23667e-12
5.22639e-09
-9.18221e-09
5.13487e-10
8.69611e-10
-2.31743e-09
-6.23936e-09
-1.22509e-09
1.60426e-09
-2.25986e-09
-3.0541e-09
-9.10515e-10
-6.46322e-10
-7.57367e-11
1.01465e-11
-1.05832e-10
2.23344e-10
-1.81134e-12
-6.04186e-10
3.92324e-10
-4.44345e-10
-4.32651e-09
1.27879e-08
-7.35374e-09
4.04348e-09
3.53474e-09
3.8662e-09
-6.94236e-10
5.84559e-09
4.60711e-09
4.05133e-09
-5.70216e-09
2.80978e-10
1.44621e-10
-1.59898e-09
-1.59011e-09
-9.75498e-10
-7.60546e-10
-4.14459e-10
-4.2502e-10
-2.62189e-10
-1.96903e-10
1.86251e-10
3.79276e-10
3.34779e-10
5.1093e-10
-4.87592e-09
8.82609e-09
-6.47116e-09
-1.46433e-09
-2.25535e-09
8.89992e-09
-7.83489e-09
-5.49943e-09
-8.6134e-09
2.13081e-09
-3.62474e-09
-5.16728e-10
4.19989e-10
-2.88347e-10
-3.31089e-10
-3.2198e-10
-6.46337e-10
3.99167e-10
-3.86843e-10
-6.96084e-10
9.32487e-11
4.54295e-10
7.33464e-10
-6.84816e-10
-5.27104e-09
6.86028e-09
-4.52953e-09
-1.51328e-08
-3.50312e-09
-1.08457e-08
-5.42546e-09
1.02201e-08
-9.78436e-09
-1.5246e-08
9.73068e-10
1.47667e-09
1.12251e-09
-5.86913e-10
2.71797e-10
8.55213e-10
2.47497e-09
-3.75263e-11
-3.51861e-10
-8.19441e-10
-1.50151e-10
2.15254e-11
-2.68705e-10
-2.92495e-09
-1.13164e-09
-2.29216e-08
3.63881e-09
8.54289e-09
-1.03043e-08
1.21632e-09
7.7261e-09
-4.89461e-09
-1.47888e-09
1.6898e-08
1.54359e-09
-1.51614e-08
-7.55553e-09
1.39357e-10
1.71081e-09
1.73682e-10
-2.94963e-09
-1.02771e-09
2.64394e-10
5.39466e-10
-2.54476e-10
-3.48511e-11
-1.39245e-09
-1.25465e-09
2.74929e-09
-5.30681e-09
-3.42585e-08
-1.70995e-08
1.22067e-08
-4.17201e-09
-1.1522e-08
-6.92431e-09
1.39885e-08
2.48103e-09
-8.70879e-09
-5.52474e-09
4.5658e-09
-2.11577e-09
-3.35232e-09
1.94565e-09
-1.22424e-09
1.89421e-09
7.22094e-10
-7.10642e-11
-1.33552e-10
-5.97848e-10
-7.09533e-11
-3.99092e-10
-1.66797e-10
-1.42294e-09
-6.7441e-09
-1.26622e-09
-8.64876e-09
9.52138e-10
1.10461e-09
4.97498e-09
-1.26219e-09
-9.75654e-09
-2.09736e-09
1.26541e-08
4.40905e-09
3.69408e-09
3.12858e-09
-8.13435e-10
2.16695e-09
-5.18487e-10
5.09274e-10
2.21109e-10
9.91103e-11
-2.85285e-11
1.1727e-10
-1.23047e-10
-2.28266e-10
1.11432e-09
-2.31801e-10
1.34187e-09
3.63072e-09
-3.72113e-09
1.35055e-09
-4.85861e-09
-4.25063e-09
4.70864e-09
4.62672e-10
5.9979e-10
1.56357e-09
1.42569e-09
-4.61527e-11
-1.2559e-09
4.27572e-10
-6.56609e-10
1.09373e-09
2.57042e-10
4.87293e-09
3.06545e-10
2.80542e-10
1.32149e-09
1.26433e-10
-8.98747e-11
-2.40459e-11
-6.83393e-11
2.74024e-10
-2.5705e-10
1.32054e-10
1.22362e-10
-2.35096e-10
1.2147e-10
6.60784e-11
-2.5769e-10
-1.11923e-11
-2.78867e-11
-1.6714e-10
-4.74246e-11
-9.50627e-11
-1.90504e-10
-6.39062e-11
-2.78063e-11
-6.83606e-11
1.77711e-11
-1.72484e-10
-2.06139e-10
-2.53067e-10
8.90877e-11
-3.69415e-10
1.52233e-11
2.90127e-10
-1.70093e-10
9.23042e-11
5.35367e-11
-7.31113e-11
2.82595e-10
-6.50343e-11
6.11494e-12
-5.41017e-10
-1.05452e-10
1.88952e-10
3.59969e-10
-1.11825e-10
5.57085e-10
-1.17156e-10
-6.80388e-11
1.56437e-10
2.62593e-11
9.7011e-11
3.37749e-10
1.11462e-10
6.19654e-11
2.27917e-10
7.85454e-12
-2.30088e-11
7.89853e-12
-1.07106e-10
4.29812e-11
1.22022e-10
9.94034e-11
3.33296e-11
-1.03802e-10
-1.12946e-10
1.08328e-10
-2.55049e-10
2.98447e-09
3.64915e-09
-6.4506e-10
3.27306e-09
1.59384e-09
1.60218e-09
2.90763e-09
4.09769e-09
1.55444e-09
1.1173e-09
1.35963e-09
1.57926e-09
-2.30443e-10
7.11294e-10
1.75349e-10
2.8791e-10
-3.03864e-10
-2.17808e-10
-3.83076e-12
3.40207e-11
1.93134e-11
9.32887e-11
1.0813e-10
-4.93219e-11
-4.22313e-11
-1.16946e-10
-1.27754e-11
3.41211e-11
-5.73519e-10
4.46447e-12
-5.01489e-11
9.73252e-11
-1.44204e-10
1.89801e-09
-1.52814e-09
-3.63383e-10
6.27714e-11
8.00657e-10
-7.8296e-10
-6.38602e-09
2.58867e-10
2.43924e-10
-6.56743e-09
-1.30416e-08
1.39497e-08
5.83447e-09
-1.01344e-09
1.69699e-09
8.39843e-10
2.41802e-10
-1.78024e-09
2.43122e-09
2.48196e-09
8.74734e-09
3.0177e-10
1.72393e-10
-1.47419e-10
-5.90985e-11
2.03353e-10
6.90399e-10
-1.18627e-09
-4.94241e-10
3.5503e-09
-3.43958e-10
1.74053e-10
-4.52318e-10
2.82476e-10
3.02426e-10
2.54563e-12
-1.0612e-09
-9.24142e-10
4.42372e-10
1.39123e-10
1.58645e-10
1.0067e-10
7.94831e-10
-2.12042e-10
-2.15204e-12
-7.063e-10
-4.2209e-10
-3.65458e-10
1.69333e-10
1.22791e-10
1.2597e-10
-1.70629e-10
2.57135e-10
4.42673e-10
-2.79701e-10
2.17463e-11
-6.07445e-10
3.12341e-11
-5.29778e-11
1.94547e-10
5.92473e-10
1.065e-10
-5.01324e-11
2.20631e-11
7.22634e-11
-1.23131e-10
-2.05023e-10
9.39035e-11
-1.29316e-10
1.50364e-10
-2.0416e-10
-1.33922e-10
6.92023e-10
1.66039e-09
-1.75745e-09
1.08167e-10
5.1944e-10
-3.25071e-10
2.0696e-10
2.97561e-10
-5.33722e-10
-1.46089e-09
-2.7785e-10
7.43392e-10
8.99296e-10
-1.83836e-09
-1.36923e-10
-4.47272e-10
-5.44531e-11
9.99494e-10
-7.0443e-10
-3.40364e-10
-1.20439e-10
-7.1385e-10
1.51612e-09
-1.13038e-09
-9.46844e-10
-8.79259e-10
4.48285e-10
-3.17203e-11
1.12779e-10
-6.11343e-11
-2.02518e-09
-8.56688e-09
1.93003e-10
4.1371e-09
-3.47514e-09
9.16679e-09
2.56633e-10
2.33364e-10
-2.21913e-10
3.34897e-09
5.5978e-11
-2.42025e-11
1.76483e-09
2.28832e-09
-3.02112e-09
1.82886e-10
1.24331e-10
-2.96051e-10
1.55612e-09
4.10257e-09
-1.57164e-11
5.42643e-10
-1.61373e-10
-2.47905e-09
1.04829e-10
-9.30219e-11
1.42914e-11
-1.12722e-09
1.05897e-10
4.98394e-10
1.59676e-10
-1.43375e-10
-7.69182e-10
-1.35918e-10
-2.42128e-10
-9.08391e-12
1.01139e-09
-1.51861e-10
3.57129e-10
-1.24278e-10
2.30196e-10
1.08624e-10
7.64889e-11
1.69406e-11
3.36053e-11
-1.38741e-10
-1.47257e-10
9.11493e-11
-5.43357e-10
4.5615e-11
4.30071e-10
6.87562e-11
6.19589e-10
6.00962e-10
-1.14698e-10
8.19465e-11
-4.29381e-11
-3.50497e-11
2.46744e-10
2.14985e-12
-4.55764e-10
2.27782e-10
-3.32314e-10
9.63057e-11
1.64827e-10
-1.73277e-10
4.81671e-10
1.82787e-10
-3.32134e-10
8.14266e-11
3.92716e-10
5.04414e-10
1.03729e-10
1.16655e-10
-1.53187e-10
-1.65522e-10
7.32095e-11
-3.71594e-11
2.36968e-10
3.12962e-10
8.85736e-10
6.7258e-11
5.76949e-11
-1.08491e-10
1.67702e-10
3.24324e-10
-1.78366e-10
-2.05028e-10
2.6544e-10
-4.9471e-11
-4.33721e-11
-2.15943e-10
-7.50518e-10
2.23957e-11
-1.69132e-09
-6.77651e-10
-1.00815e-08
-2.61729e-09
-4.13451e-09
-5.10195e-09
-4.58268e-09
-7.28678e-09
-4.40051e-10
4.51967e-10
3.1253e-09
-4.54253e-09
1.17946e-09
-3.65636e-09
1.68978e-09
3.23392e-09
4.54775e-09
1.10572e-09
1.07156e-08
-9.28315e-10
-1.24665e-09
8.68969e-10
-8.07424e-09
1.32184e-09
1.09808e-09
1.89703e-08
-1.4184e-09
5.83389e-10
-8.16667e-09
2.7584e-09
2.41888e-09
-8.81124e-10
7.00461e-10
1.79791e-09
4.2272e-09
-5.80567e-09
3.31625e-10
3.79668e-09
2.7827e-09
1.25476e-09
4.76038e-09
4.56395e-10
1.11338e-09
1.89734e-09
6.9812e-10
8.04904e-10
-1.64119e-09
5.23976e-11
2.36965e-09
5.9033e-10
1.93728e-09
-2.63339e-09
-1.42691e-09
3.92431e-10
8.83541e-10
1.2202e-09
3.36528e-10
-1.68315e-10
2.7842e-11
1.86264e-11
-3.22881e-10
1.68468e-10
4.88673e-10
-4.00246e-10
1.73457e-10
-4.99595e-11
5.41836e-10
-1.15851e-11
-3.40464e-10
1.42049e-10
3.54263e-10
-1.67164e-09
-2.65113e-09
5.038e-10
9.51581e-11
7.51092e-11
1.15928e-10
1.77868e-11
-4.05906e-11
-1.01831e-10
-8.1273e-11
-6.74466e-11
-8.21186e-13
-4.5077e-11
3.58693e-11
-3.31987e-11
-5.99125e-12
-1.71557e-11
-2.03024e-11
-1.33282e-11
-7.96582e-10
2.40423e-10
3.34399e-10
-1.64224e-10
8.72031e-11
-3.0973e-11
4.14662e-11
-1.53708e-11
-8.94616e-12
1.55517e-12
-6.08296e-11
1.97343e-11
-3.20449e-11
9.01604e-12
-4.48559e-11
3.61243e-11
1.20057e-11
1.75499e-11
4.22486e-11
5.92881e-11
-1.85904e-11
1.93184e-11
1.9691e-10
1.33916e-10
-4.69496e-11
-1.2136e-10
3.30901e-10
1.2585e-10
1.50403e-10
7.7478e-11
-8.43412e-11
-5.59722e-11
-9.2461e-11
-1.48866e-11
-4.78489e-11
-3.3141e-11
-4.1591e-12
-2.90732e-11
5.34534e-11
-4.47658e-11
-5.53063e-11
-8.68033e-12
2.31579e-11
1.98083e-11
4.39444e-10
-3.03819e-10
1.6574e-10
-2.85187e-11
9.40613e-11
-3.12459e-11
8.17917e-12
-4.85378e-12
-6.08423e-11
1.62317e-11
-2.45326e-10
4.7042e-11
-8.21607e-11
3.37408e-11
-4.11379e-11
1.04102e-11
-3.13365e-11
3.22123e-11
9.54521e-11
5.5426e-11
-3.35832e-11
4.44582e-11
1.26848e-10
4.13326e-11
4.61791e-12
2.79896e-12
5.65003e-11
-1.48203e-11
-8.12783e-11
5.04937e-12
2.69021e-10
-3.27844e-10
4.02526e-11
-9.97682e-12
8.93474e-13
-1.47877e-12
2.76219e-10
8.04323e-11
-2.40456e-10
1.24651e-10
-1.75754e-10
7.88147e-11
-2.61448e-11
9.97395e-12
-9.04003e-12
1.25036e-11
1.82988e-11
1.03733e-11
1.21222e-11
5.70795e-12
-6.49437e-12
3.87232e-12
-7.41928e-12
-2.01652e-12
4.51119e-12
-9.54871e-12
3.33508e-12
-9.82729e-12
1.00928e-11
-6.57302e-13
-1.0139e-10
2.2642e-11
-2.99322e-11
8.28792e-12
2.23349e-11
-6.03124e-12
4.32077e-10
-6.70945e-11
5.20155e-11
-2.45852e-11
2.96994e-11
-5.2968e-12
-3.89662e-11
-6.87477e-12
-8.05275e-11
1.02734e-11
-3.8098e-11
1.73675e-12
-1.11275e-11
-6.02363e-12
-1.45499e-10
9.95014e-11
-1.16731e-10
5.63705e-11
-2.12655e-11
1.08026e-11
-1.84566e-12
1.34053e-11
2.19623e-11
7.40806e-12
-1.36529e-13
4.18455e-12
-6.86215e-12
2.41364e-12
-6.97611e-12
-6.55326e-12
1.45881e-11
-7.96208e-12
1.71347e-11
-5.93847e-12
-4.74933e-11
1.66196e-12
-5.49891e-11
1.12934e-11
1.91932e-11
-8.81865e-12
3.4481e-11
2.47603e-11
3.44512e-11
-2.55777e-11
2.61927e-11
-1.76454e-11
-1.90975e-11
-2.97921e-12
-4.76672e-11
3.2175e-12
-5.11414e-11
5.94641e-12
-1.4797e-11
7.30673e-14
-1.3305e-10
3.56767e-11
)
;

boundaryField
{
    inlet
    {
        type            zeroGradient;
    }
    outlet
    {
        type            zeroGradient;
    }
    wall
    {
        type            zeroGradient;
    }
    empty_zmin
    {
        type            empty;
    }
    empty_zmax
    {
        type            empty;
    }
    procBoundary1to0
    {
        type            processor;
        value           nonuniform List<scalar> 
35
(
-5.52681e-09
-2.72982e-10
1.2796e-09
5.92158e-10
-1.44908e-09
-1.44908e-09
1.02638e-09
1.26194e-10
1.03204e-10
1.19193e-08
2.1541e-09
-1.73969e-08
2.2771e-09
-6.20741e-09
-7.38922e-09
-8.53745e-09
-7.61203e-09
8.98901e-09
5.08983e-09
1.18924e-09
1.324e-10
-5.413e-11
6.52044e-11
-4.42195e-10
-7.06974e-09
-7.06974e-09
6.63202e-11
5.99741e-09
-2.19893e-08
-2.93219e-10
-1.04009e-09
1.21812e-09
-4.53475e-10
-3.63522e-11
-3.63522e-11
)
;
    }
}


// ************************************************************************* //
