/*--------------------------------*- C++ -*----------------------------------*\
| =========                 |                                                 |
| \\      /  F ield         | OpenFOAM: The Open Source CFD Toolbox           |
|  \\    /   O peration     | Version:  2406                                  |
|   \\  /    A nd           | Website:  www.openfoam.com                      |
|    \\/     M anipulation  |                                                 |
\*---------------------------------------------------------------------------*/
FoamFile
{
    version     2.0;
    format      ascii;
    arch        "LSB;label=32;scalar=64";
    class       surfaceScalarField;
    location    "1.7";
    object      phi;
}
// * * * * * * * * * * * * * * * * * * * * * * * * * * * * * * * * * * * * * //

dimensions      [0 3 -1 0 0 0 0];

oriented        oriented;

internalField   nonuniform List<scalar> 
4480
(
8.31281e-06
-8.2242e-05
-8.03183e-06
8.1961e-05
7.33271e-06
-8.34182e-05
8.43983e-05
8.54346e-05
-8.44395e-05
6.33765e-06
5.20688e-07
-8.31762e-07
4.37781e-05
-4.3467e-05
1.07743e-06
-1.14129e-06
4.42551e-05
-4.41912e-05
-4.98586e-06
1.5409e-06
1.71484e-06
-8.56461e-05
8.73763e-05
-8.56663e-05
-6.83886e-06
8.75193e-05
8.73801e-05
7.96157e-06
-9.90704e-06
9.04612e-05
9.58019e-06
-1.26614e-05
9.45619e-05
9.78469e-06
-1.38854e-05
1.00516e-05
-1.21795e-05
-9.29052e-05
8.41031e-06
3.35942e-05
1.42835e-07
-3.32164e-05
-4.09494e-07
1.08743e-07
3.3895e-05
4.45312e-05
-4.42855e-05
6.84708e-07
-1.01217e-06
4.48586e-05
4.40533e-05
4.42387e-05
-4.38391e-05
1.53513e-06
4.44184e-05
4.4778e-05
5.09929e-08
3.96341e-06
-3.87157e-06
1.66816e-06
-1.61717e-06
3.21617e-08
4.03999e-06
1.70033e-06
1.86919e-07
-1.90333e-07
8.29074e-05
-8.2904e-05
1.82765e-07
8.284e-05
-8.28358e-05
1.68128e-07
8.27958e-05
-8.27811e-05
1.58581e-07
8.28798e-05
-8.28703e-05
1.45554e-07
8.29879e-05
-8.29749e-05
1.21143e-07
8.31172e-05
-8.30927e-05
9.35885e-08
8.32611e-05
-8.32336e-05
3.8287e-08
8.34491e-05
-8.33938e-05
-4.36892e-09
8.36434e-05
-8.36007e-05
5.33324e-09
8.38647e-05
-8.38744e-05
-2.60147e-08
8.41902e-05
-8.41588e-05
-5.33287e-08
8.46499e-05
-8.46226e-05
-1.08479e-07
8.53023e-05
-5.63815e-08
-8.51908e-05
-1.32163e-07
4.29508e-05
-4.29271e-05
3.34685e-05
1.02285e-07
-5.01007e-09
-3.35657e-05
2.00837e-07
8.28453e-05
-2.06197e-07
2.00379e-07
8.27962e-05
1.80303e-07
8.28999e-05
1.53488e-07
8.30147e-05
1.25595e-07
8.3145e-05
9.06472e-08
8.32961e-05
6.64135e-08
8.34733e-05
2.38108e-08
8.3686e-05
-8.42373e-08
8.39727e-05
-1.66631e-07
8.42725e-05
-1.95115e-07
8.46784e-05
-1.05926e-07
8.53007e-05
-8.76138e-08
-4.2974e-05
-1.11971e-07
4.29801e-05
-3.33783e-05
3.32853e-05
9.68572e-08
-3.88806e-09
2.19275e-07
-2.28832e-07
8.28549e-05
1.99254e-07
8.28163e-05
1.88367e-07
8.29108e-05
1.75323e-07
8.30278e-05
1.60105e-07
8.31603e-05
1.3377e-07
8.33224e-05
1.04875e-07
8.35022e-05
8.72673e-08
8.37036e-05
9.75481e-08
8.39625e-05
7.9282e-08
8.42908e-05
-1.25214e-08
8.47702e-05
-1.12731e-07
-1.28295e-08
8.54138e-05
-4.2975e-05
-1.31417e-07
4.29937e-05
-3.32029e-05
3.30986e-05
1.11808e-07
-7.50886e-09
9.11985e-08
-1.01937e-09
7.57215e-08
6.66234e-09
5.9547e-08
3.30292e-05
9.9287e-09
4.26082e-05
-4.26381e-05
7.9583e-08
4.26198e-05
4.26047e-05
8.2542e-08
4.25979e-05
4.25783e-05
4.07388e-08
4.25971e-05
4.30216e-05
2.40885e-07
8.39378e-05
-2.35461e-07
-8.39432e-05
2.26585e-07
8.36496e-05
-8.36353e-05
2.19863e-07
8.34226e-05
-8.34159e-05
2.12015e-07
8.32496e-05
-8.32417e-05
2.0214e-07
8.31102e-05
-8.31003e-05
8.29989e-05
-8.29871e-05
-1.1774e-07
1.39604e-07
4.24015e-05
-4.24234e-05
-1.42079e-07
1.55225e-07
4.2605e-05
-4.26181e-05
2.64568e-07
8.43323e-05
-1.45882e-07
-1.27625e-07
-8.43234e-05
2.35761e-07
8.39666e-05
2.30255e-07
8.36551e-05
2.23099e-07
8.34298e-05
2.1814e-07
8.32545e-05
2.15412e-07
8.31129e-05
2.13246e-07
8.30011e-05
8.29144e-05
-1.20056e-07
-4.2381e-05
1.41583e-07
4.23594e-05
-4.26238e-05
-1.44433e-07
1.58142e-07
4.26101e-05
2.18414e-07
8.43444e-05
-1.36213e-07
-9.42898e-08
2.30758e-07
8.39542e-05
2.27429e-07
8.36584e-05
2.22086e-07
8.34351e-05
2.25121e-07
8.32515e-05
2.08453e-07
8.31296e-05
2.09163e-07
8.30004e-05
8.28948e-05
-1.20725e-07
-4.23421e-05
1.46296e-07
4.23165e-05
-4.26391e-05
-1.48131e-07
1.69008e-07
4.26183e-05
2.3805e-07
8.43529e-05
-1.59106e-07
-8.74536e-08
2.18001e-07
8.39743e-05
2.13826e-07
8.36626e-05
2.17975e-07
8.3431e-05
2.15464e-07
8.3254e-05
2.71447e-07
8.30736e-05
3.01271e-07
8.29705e-05
2.68642e-07
8.29274e-05
2.7996e-07
8.28436e-05
2.81072e-07
8.28152e-05
2.72005e-07
8.29198e-05
2.6682e-07
8.30329e-05
2.5145e-07
8.31756e-05
2.29483e-07
8.33444e-05
1.80026e-07
8.35516e-05
8.82589e-08
8.37953e-05
-1.30634e-08
8.40638e-05
-8.85299e-08
8.43663e-05
-1.11599e-07
8.47932e-05
-1.50081e-07
8.54332e-05
1.90315e-08
-1.39714e-07
4.30112e-05
3.29318e-05
1.03177e-07
-5.78785e-09
-1.16577e-07
-4.2306e-05
1.49365e-07
4.22732e-05
-4.2646e-05
-1.52487e-07
1.68942e-07
4.26296e-05
2.14474e-07
8.43564e-05
-1.54263e-07
-6.36572e-08
2.11196e-07
8.39775e-05
2.21109e-07
8.36527e-05
2.38023e-07
8.34141e-05
2.95913e-07
8.31961e-05
2.54131e-07
8.31154e-05
2.17863e-07
8.30068e-05
2.49673e-07
8.28956e-05
2.28314e-07
8.28649e-05
2.47328e-07
8.27961e-05
2.79023e-07
8.28881e-05
2.78151e-07
8.30338e-05
2.60673e-07
8.31931e-05
2.33396e-07
8.33716e-05
2.26445e-07
8.35586e-05
2.49957e-07
8.37718e-05
2.45374e-07
8.40684e-05
1.63422e-07
8.44482e-05
3.36928e-08
8.4923e-05
-1.54596e-07
8.55295e-05
9.19636e-08
-4.30423e-05
-1.53213e-07
4.30409e-05
-3.28671e-05
3.27721e-05
9.99259e-08
-4.9562e-09
-1.08388e-07
-4.22661e-05
1.33886e-07
4.22406e-05
-4.26661e-05
-1.35155e-07
1.60985e-07
4.26403e-05
1.72124e-07
8.43889e-05
-1.50116e-07
-5.45419e-08
1.75367e-07
8.39743e-05
1.79337e-07
8.36487e-05
1.91935e-07
8.34015e-05
1.42473e-07
8.32456e-05
2.5115e-07
8.30067e-05
3.28097e-07
8.29299e-05
3.41591e-07
8.28821e-05
4.47207e-07
8.27593e-05
4.18523e-07
8.28248e-05
3.60977e-07
8.29457e-05
3.4471e-07
8.30501e-05
3.11804e-07
8.3226e-05
2.77589e-07
8.34058e-05
1.86387e-07
8.36498e-05
7.01269e-08
8.38881e-05
2.40557e-09
8.41361e-05
-1.22942e-08
8.44629e-05
-1.22628e-08
8.49229e-05
-1.74339e-07
8.56306e-05
6.09898e-08
-4.31038e-05
-1.63997e-07
4.30935e-05
-3.27206e-05
3.2623e-05
1.04337e-07
-6.74537e-09
-9.59545e-08
-4.22312e-05
1.20169e-07
4.2207e-05
-4.26804e-05
-1.23552e-07
1.6889e-07
4.26351e-05
1.80828e-07
8.43786e-05
-1.63859e-07
-6.6883e-09
1.49003e-07
8.40061e-05
1.41635e-07
8.36561e-05
1.42095e-07
8.3401e-05
2.51358e-07
8.31363e-05
1.72884e-07
8.30852e-05
1.69095e-07
8.29336e-05
2.39824e-07
8.28113e-05
1.61476e-07
8.28377e-05
3.22313e-07
8.2664e-05
4.5383e-07
8.28142e-05
4.70971e-07
8.30329e-05
4.86666e-07
8.32103e-05
4.92788e-07
8.33997e-05
5.57298e-07
8.35853e-05
5.90577e-07
8.38548e-05
4.72424e-07
8.42542e-05
2.89921e-07
8.46454e-05
1.09576e-07
8.51033e-05
-1.31357e-07
8.57448e-05
1.26747e-07
-4.31342e-05
-1.27993e-07
4.31308e-05
-3.25681e-05
3.24894e-05
7.49122e-08
3.78517e-09
-8.69707e-08
-4.22009e-05
1.15135e-07
4.21727e-05
-4.27041e-05
-1.20432e-07
1.65473e-07
4.26591e-05
7.07609e-08
8.44121e-05
-1.49232e-07
4.49803e-08
9.2635e-08
8.39843e-05
1.21073e-07
8.36276e-05
1.83233e-07
8.33388e-05
1.10097e-07
8.32095e-05
3.32249e-07
8.2863e-05
4.87354e-07
8.27785e-05
5.13112e-07
8.27856e-05
6.85808e-07
8.2665e-05
5.357e-07
8.28141e-05
4.68525e-07
8.28814e-05
4.96132e-07
8.30053e-05
4.84881e-07
8.32216e-05
4.27662e-07
8.34569e-05
2.52222e-07
8.37607e-05
8.42225e-08
8.40228e-05
9.6509e-08
8.4242e-05
1.24733e-07
8.46172e-05
1.0337e-07
8.51246e-05
-2.34912e-07
8.58107e-05
2.7234e-07
-4.31946e-05
-2.10186e-07
4.31699e-05
-3.24428e-05
3.23597e-05
8.65137e-08
-3.42732e-09
-9.75986e-08
-4.21825e-05
1.12226e-07
4.21679e-05
-4.27355e-05
-1.15834e-07
1.86931e-07
4.26644e-05
6.40218e-08
8.44163e-05
-1.89108e-07
1.20866e-07
6.61776e-08
8.39821e-05
9.24582e-08
8.36013e-05
8.89968e-08
8.33423e-05
2.66692e-07
8.30318e-05
1.0347e-07
8.30263e-05
6.37942e-08
8.28182e-05
2.8001e-07
8.25694e-05
2.95248e-07
8.26497e-05
3.82877e-07
8.27265e-05
5.42888e-07
8.27213e-05
5.70418e-07
8.29778e-05
6.0997e-07
8.3182e-05
6.09179e-07
8.34577e-05
7.04021e-07
8.36659e-05
7.41627e-07
8.39852e-05
5.42777e-07
8.44408e-05
3.3695e-07
8.4823e-05
1.82019e-07
8.52796e-05
-2.59591e-07
8.59937e-05
2.58605e-07
-4.32613e-05
-2.36891e-07
4.32386e-05
-3.23355e-05
3.22512e-05
7.62738e-08
8.04962e-09
-8.96907e-08
-4.21536e-05
1.42409e-07
4.21009e-05
-4.27909e-05
-1.80822e-07
2.37655e-07
4.27341e-05
-3.88471e-08
8.45529e-05
-1.72166e-07
7.43969e-08
-5.65982e-08
8.39998e-05
-5.63166e-08
8.36011e-05
3.89422e-08
8.32471e-05
2.94884e-08
8.30412e-05
4.15779e-07
8.264e-05
6.81e-07
8.2553e-05
7.05589e-07
8.25448e-05
1.05039e-06
8.23049e-05
7.23326e-07
8.30535e-05
7.32051e-07
8.27126e-05
8.06501e-07
8.29034e-05
8.14667e-07
8.31739e-05
8.35924e-07
8.34365e-05
7.05121e-07
8.37967e-05
5.58327e-07
8.4132e-05
6.09824e-07
8.43893e-05
5.77389e-07
8.48555e-05
2.00728e-07
8.56562e-05
-2.99496e-07
8.62156e-05
2.78404e-07
-4.3338e-05
-2.41941e-07
4.32805e-05
-3.22001e-05
3.21229e-05
6.12094e-08
1.60042e-08
-6.65714e-08
-4.20836e-05
1.17543e-07
4.20327e-05
-4.2842e-05
-1.47564e-07
2.65768e-07
4.27238e-05
6.16109e-08
8.47275e-05
-2.87641e-07
5.1435e-08
-1.37443e-07
8.41989e-05
-5.19947e-08
8.35156e-05
8.55104e-09
8.31865e-05
2.41212e-07
8.28086e-05
8.51263e-08
8.27961e-05
9.66734e-08
8.25415e-05
3.93446e-07
8.2248e-05
8.13264e-08
8.2617e-05
6.58885e-07
8.2476e-05
9.05163e-07
8.24663e-05
1.04124e-06
8.27673e-05
1.06302e-06
8.31521e-05
9.76837e-07
8.35227e-05
9.2006e-07
8.38535e-05
8.52709e-07
8.41993e-05
3.53395e-07
8.48886e-05
-1.66242e-07
8.53751e-05
-1.28226e-07
8.56182e-05
-3.10352e-07
8.61649e-05
2.32755e-07
-4.33902e-05
-2.51911e-07
4.33318e-05
-3.2092e-05
3.20236e-05
4.85638e-08
1.99192e-08
-4.29844e-08
-4.20204e-05
1.02516e-07
4.19609e-05
-4.28205e-05
-1.24984e-07
2.63375e-07
4.26821e-05
1.14467e-07
8.47109e-05
-3.05505e-07
2.07619e-07
-7.07291e-08
8.43841e-05
-4.79049e-07
8.39239e-05
-4.60164e-07
8.31676e-05
-5.31738e-07
8.28801e-05
3.68499e-08
8.22275e-05
5.40646e-07
8.20377e-05
5.61872e-07
8.22268e-05
1.12799e-06
8.20509e-05
1.35011e-06
8.22539e-05
1.13646e-06
8.268e-05
1.29515e-06
8.26086e-05
1.39636e-06
8.30509e-05
1.35831e-06
8.35607e-05
1.32872e-06
8.38831e-05
7.39772e-07
8.47883e-05
5.44036e-07
8.50844e-05
5.16104e-07
8.5403e-05
2.88521e-07
8.58458e-05
-2.57336e-07
8.6362e-05
3.48824e-07
-4.33731e-05
-2.20528e-07
4.33363e-05
-3.19741e-05
3.19254e-05
1.40201e-08
3.46359e-08
-3.59718e-08
-4.19745e-05
1.06823e-07
4.19036e-05
-4.28386e-05
-1.24057e-07
2.62646e-07
4.27e-05
2.39224e-07
8.45762e-05
-2.95463e-07
1.91006e-07
2.58944e-07
8.43644e-05
6.52052e-08
8.41177e-05
-4.26001e-07
8.36588e-05
8.45664e-08
8.23696e-05
3.78332e-07
8.19337e-05
5.36095e-07
8.18799e-05
5.45691e-07
8.22172e-05
5.05496e-08
8.25461e-05
2.7061e-07
8.20338e-05
1.03227e-06
8.19183e-05
1.3777e-06
8.22632e-05
1.72634e-06
8.27022e-05
1.49247e-06
8.37946e-05
6.32529e-07
8.4743e-05
2.9204e-07
8.51288e-05
7.12133e-08
8.53052e-05
2.94518e-08
8.54448e-05
1.24036e-07
8.57512e-05
-2.6428e-07
8.63535e-05
3.96771e-07
-4.3429e-05
-2.34397e-07
4.33991e-05
-3.19082e-05
3.18761e-05
4.05094e-09
2.81255e-08
1.57636e-08
-4.1924e-05
5.73502e-08
4.18509e-05
-4.28379e-05
-6.80167e-08
2.86783e-07
4.26192e-05
-1.47415e-07
8.47164e-05
-3.57615e-07
3.64798e-07
-1.37043e-07
8.4354e-05
2.02854e-07
8.37778e-05
5.42851e-07
8.33188e-05
1.69761e-07
8.27427e-05
7.07285e-07
8.13962e-05
1.03107e-06
8.15561e-05
1.0843e-06
8.2164e-05
1.35201e-06
8.22784e-05
7.34567e-07
8.26512e-05
2.77643e-07
8.23752e-05
5.62531e-07
8.19783e-05
6.82891e-07
8.25819e-05
7.58319e-07
8.37192e-05
8.29544e-07
8.46718e-05
8.0281e-07
8.51555e-05
7.15331e-07
8.53927e-05
5.02836e-07
8.56573e-05
2.44683e-07
8.60094e-05
-2.57595e-07
8.64637e-05
3.92064e-07
-4.34783e-05
-2.19666e-07
4.34404e-05
-3.18806e-05
3.18559e-05
-6.548e-09
3.13094e-08
6.36193e-08
-4.18853e-05
-8.63007e-09
4.18303e-05
-4.28448e-05
1.37713e-09
1.85004e-07
4.26585e-05
-5.7449e-08
8.4618e-05
-1.87174e-07
3.43048e-07
-1.06661e-07
8.44032e-05
-2.1829e-07
8.38894e-05
1.48715e-07
8.29518e-05
1.02097e-06
8.18704e-05
7.37884e-07
8.16793e-05
6.81071e-07
8.16129e-05
7.92842e-07
8.20522e-05
4.49107e-07
8.26221e-05
7.9473e-07
8.23056e-05
1.03532e-06
8.21347e-05
7.48203e-07
8.22654e-05
6.42073e-07
8.2688e-05
7.79746e-07
8.35815e-05
6.85775e-07
8.47657e-05
5.44064e-07
8.52972e-05
5.01282e-07
8.54354e-05
5.3226e-07
8.56263e-05
5.19423e-07
8.60222e-05
-1.7289e-07
8.66721e-05
4.83982e-07
-4.35136e-05
-1.72681e-07
4.35134e-05
-3.1863e-05
3.18509e-05
-3.52468e-08
4.73234e-08
1.18944e-07
-4.18622e-05
-8.44171e-08
4.18277e-05
-4.2836e-05
6.91405e-08
1.68242e-07
4.25987e-05
-2.17185e-07
8.44442e-05
-2.40811e-07
6.31748e-07
-1.69616e-07
8.43556e-05
6.02228e-08
8.36596e-05
4.33141e-07
8.25789e-05
4.86468e-07
8.18171e-05
1.36355e-06
8.08022e-05
1.61342e-06
8.1363e-05
1.19148e-06
8.24741e-05
1.95475e-06
8.18588e-05
1.91123e-06
8.23491e-05
1.60783e-06
8.24381e-05
1.43418e-06
8.2439e-05
1.24466e-06
8.28775e-05
1.17243e-06
8.36537e-05
1.10077e-06
8.48374e-05
8.73445e-07
8.55245e-05
6.98704e-07
8.56102e-05
5.5718e-07
8.57678e-05
4.3254e-07
8.61468e-05
-1.5678e-07
8.67296e-05
5.31814e-07
-4.36076e-05
-1.39751e-07
4.35905e-05
-3.1903e-05
3.19219e-05
-6.07788e-08
4.19044e-08
1.8498e-07
-4.18958e-05
-1.87093e-07
4.18979e-05
-4.29279e-05
1.13694e-07
1.28711e-07
4.26855e-05
-8.06103e-07
8.45441e-05
-5.54102e-08
7.61629e-07
-8.79622e-07
8.44292e-05
-6.26623e-07
8.34066e-05
-1.34097e-07
8.20864e-05
7.03429e-07
8.09796e-05
3.20267e-07
8.11853e-05
2.88101e-07
8.13952e-05
1.04671e-06
8.17155e-05
6.78158e-07
8.22274e-05
1.42903e-06
8.15983e-05
2.02694e-06
8.18401e-05
1.77656e-06
8.26894e-05
1.48658e-06
8.31675e-05
9.86741e-07
8.41535e-05
8.39195e-07
8.49849e-05
9.96142e-07
8.53676e-05
1.30127e-06
8.53051e-05
1.30332e-06
8.57658e-05
1.03846e-06
8.64117e-05
-1.79738e-08
8.71615e-05
6.24494e-07
-4.37025e-05
-7.02082e-08
4.37547e-05
-3.20047e-05
3.20443e-05
-7.8794e-08
3.91635e-08
2.68839e-07
-4.19504e-05
-2.71899e-07
4.19534e-05
-4.30403e-05
2.17993e-07
2.08781e-07
4.26136e-05
4.39789e-08
8.39434e-05
-3.55118e-07
9.11833e-07
1.37682e-07
8.43355e-05
-6.10304e-07
8.41545e-05
-1.78356e-06
8.32596e-05
-2.52624e-06
8.17222e-05
-1.43355e-06
8.00927e-05
1.58644e-07
7.9803e-05
1.66968e-06
8.02045e-05
4.0543e-06
7.98427e-05
4.39097e-06
8.12616e-05
3.97182e-06
8.22593e-05
4.32685e-06
8.23344e-05
4.48798e-06
8.30064e-05
3.67492e-06
8.49666e-05
1.83594e-06
8.68239e-05
2.19152e-06
8.5012e-05
1.93396e-06
8.55626e-05
1.47746e-06
8.62223e-05
1.06845e-06
8.68207e-05
4.2333e-08
8.74905e-05
6.97159e-07
-4.38921e-05
-1.26334e-08
4.39471e-05
-3.21411e-05
3.21984e-05
-1.15295e-07
5.80056e-08
3.64989e-07
-4.20749e-05
-4.99443e-07
4.22094e-05
-4.29364e-05
5.55206e-07
-3.36745e-07
4.27179e-05
-2.35992e-06
8.40859e-05
5.06608e-07
1.71083e-06
-1.55039e-06
8.35259e-05
-3.07129e-06
8.56754e-05
-3.24442e-06
8.34328e-05
-2.35182e-06
8.08296e-05
-2.1138e-06
7.98546e-05
-1.1729e-06
7.88621e-05
1.11217e-06
7.79194e-05
1.65805e-06
7.92969e-05
4.03303e-06
7.88866e-05
5.04725e-06
8.12451e-05
4.58732e-06
8.27943e-05
3.76697e-06
8.38267e-05
3.95994e-06
8.47736e-05
3.8732e-06
8.69107e-05
3.26458e-06
8.56206e-05
2.71974e-06
8.61075e-05
2.16234e-06
8.67797e-05
1.55028e-06
8.74328e-05
1.95926e-07
8.81377e-05
7.07081e-07
-4.40799e-05
6.82803e-08
4.42075e-05
-3.23512e-05
3.24562e-05
-1.52815e-07
4.78908e-08
4.23159e-07
-4.24888e-05
-6.02662e-07
4.26683e-05
-4.33086e-05
7.44024e-07
-6.91067e-07
4.32556e-05
-3.79214e-06
8.50633e-05
9.96538e-07
1.81822e-06
-4.82258e-06
8.45564e-05
-5.7163e-06
8.65692e-05
-5.46748e-06
8.31839e-05
-5.98953e-06
8.13517e-05
-4.5614e-06
7.84265e-05
-1.40776e-06
7.57085e-05
2.93869e-06
7.3573e-05
7.05607e-06
7.51795e-05
8.12245e-06
7.78202e-05
7.12553e-06
6.50165e-06
5.88885e-06
5.47646e-06
8.5186e-05
4.58471e-06
8.78024e-05
3.64196e-06
8.65634e-05
2.98927e-06
8.67601e-05
2.30462e-06
8.74644e-05
1.6071e-06
8.81303e-05
2.61069e-07
8.87978e-05
6.85977e-07
-4.4386e-05
1.32767e-07
4.45143e-05
-3.26171e-05
3.27389e-05
-1.68793e-07
4.69633e-08
4.8089e-07
-4.29459e-05
-7.49685e-07
4.32147e-05
-4.37933e-05
9.57123e-07
-8.69751e-07
4.3706e-05
-3.40749e-06
1.17505e-06
1.64959e-06
-4.51741e-06
-5.37617e-06
8.74279e-05
-6.5288e-06
8.43366e-05
-8.22103e-06
8.30439e-05
5.68747e-06
8.58362e-05
5.71875e-06
8.77711e-05
4.55997e-06
8.77222e-05
3.52503e-06
8.77951e-05
2.49441e-06
8.8495e-05
1.64302e-06
8.89817e-05
3.34379e-07
8.94771e-05
6.29301e-07
-4.46758e-05
2.00337e-07
4.48099e-05
-3.2893e-05
3.304e-05
-2.05464e-07
5.84468e-08
6.09464e-06
8.77031e-05
4.96639e-06
8.88994e-05
3.17014e-06
8.95184e-05
2.52768e-06
8.84375e-05
2.06664e-06
8.8956e-05
1.55453e-06
8.94938e-05
3.01756e-07
9.00804e-05
6.49472e-07
-4.4982e-05
1.69259e-07
4.51145e-05
-3.31709e-05
3.33012e-05
-1.58651e-07
2.83893e-08
7.1927e-06
9.00906e-05
6.14092e-06
8.99512e-05
5.38416e-06
9.02752e-05
3.89138e-06
8.99303e-05
2.63473e-06
9.02127e-05
1.67892e-06
9.04496e-05
3.28249e-07
9.08305e-05
6.00576e-07
-4.52994e-05
1.99258e-07
4.54284e-05
-3.34503e-05
3.35901e-05
-1.66933e-07
2.70887e-08
6.97013e-06
5.1209e-06
9.18004e-05
4.15212e-06
9.1244e-05
3.18535e-06
9.08971e-05
2.43344e-06
9.09646e-05
1.66396e-06
9.12191e-05
3.7515e-07
9.15712e-05
5.48149e-07
-4.56052e-05
2.10514e-07
4.57698e-05
-3.37285e-05
3.38628e-05
-1.40728e-07
6.37689e-09
6.50169e-06
4.44364e-06
3.23024e-06
2.12244e-06
1.35617e-06
3.20639e-07
4.0924e-07
-4.59667e-05
1.7558e-07
4.61117e-05
-3.39753e-05
3.408e-05
-8.346e-08
-2.12232e-08
3.30208e-05
-9.01397e-09
-3.31295e-05
3.29117e-05
1.16286e-07
-7.2153e-09
3.28017e-05
-1.00653e-08
3.26993e-05
1.08344e-07
-5.91033e-09
3.25885e-05
-9.9205e-09
3.24882e-05
1.04901e-07
-4.62633e-09
5.63719e-08
8.3265e-09
3.23806e-05
-8.91853e-09
3.22843e-05
9.98942e-08
-3.57385e-09
3.60194e-08
1.5525e-08
3.2182e-05
-6.18022e-09
3.20861e-05
9.98451e-08
-3.88095e-09
3.95817e-08
1.52732e-08
3.1992e-05
-1.9156e-09
3.19023e-05
8.89161e-08
7.778e-10
3.11063e-08
1.54777e-08
3.18152e-05
1.76722e-10
3.17312e-05
7.46981e-08
9.32783e-09
2.27422e-11
2.42297e-08
3.16283e-05
5.31091e-09
3.15353e-05
7.4519e-08
1.8495e-08
2.67331e-08
2.43414e-08
3.14328e-05
1.28023e-08
3.13431e-05
6.68983e-08
2.27781e-08
4.77225e-09
2.60609e-08
3.12537e-05
2.28517e-08
3.11787e-05
4.28415e-08
3.20743e-08
2.11338e-08
2.83751e-08
3.11037e-05
3.2064e-08
3.1048e-05
1.12376e-08
4.44336e-08
-2.67646e-08
4.39348e-08
3.09748e-05
3.7289e-08
3.09445e-05
-2.45836e-08
5.48511e-08
-4.61165e-08
4.15302e-08
3.09064e-05
5.38908e-08
3.08837e-05
-4.78962e-08
7.05596e-08
-5.37958e-08
4.67012e-08
3.08738e-05
7.35403e-08
3.0881e-05
-8.94533e-08
8.22592e-08
-1.14961e-07
6.28111e-08
3.09107e-05
8.92463e-08
3.09498e-05
-1.31822e-07
9.27135e-08
-1.32054e-07
4.9274e-08
3.10289e-05
1.0584e-07
3.11142e-05
-1.94167e-07
1.08907e-07
-1.50325e-07
5.35173e-08
3.12555e-05
1.2757e-07
3.14343e-05
-3.0663e-07
1.27747e-07
-2.26192e-07
7.33773e-08
3.16621e-05
1.37213e-07
3.19363e-05
-4.12215e-07
1.37975e-07
-2.00715e-07
3.97855e-08
3.22187e-05
1.40857e-07
3.25499e-05
-4.86633e-07
1.55337e-07
-2.12035e-07
5.79955e-08
3.28819e-05
1.48982e-07
-4.64712e-07
1.30176e-07
-1.7062e-07
3.9685e-08
-1.69847e-07
2.07414e-08
-1.6284e-07
2.44716e-08
-1.09152e-07
-3.29771e-09
-5.33115e-08
-2.55836e-08
4.2805e-05
-4.28075e-05
-1.36845e-07
1.32141e-07
4.28097e-05
4.24136e-05
-4.24043e-05
-1.13325e-07
4.23993e-05
4.28068e-05
-1.25661e-07
1.19782e-07
4.28127e-05
4.24213e-05
-9.07031e-08
4.24177e-05
4.28109e-05
-1.15476e-07
1.08019e-07
4.28183e-05
4.24276e-05
-8.02712e-08
4.24204e-05
4.25605e-05
1.20711e-08
4.26048e-05
4.28152e-05
-1.0698e-07
9.96063e-08
4.28226e-05
4.24351e-05
-6.30317e-08
4.24345e-05
4.25515e-05
-2.9098e-08
4.26167e-05
4.28213e-05
-1.09202e-07
9.78588e-08
4.28327e-05
4.24453e-05
-5.77378e-08
4.24485e-05
4.2557e-05
-2.02635e-08
4.26168e-05
4.28293e-05
-9.50863e-08
7.65584e-08
4.28478e-05
4.24536e-05
-7.55775e-09
4.24544e-05
4.25638e-05
-6.29644e-08
4.26578e-05
4.28425e-05
-6.48577e-08
4.42635e-08
4.28631e-05
4.24707e-05
3.22065e-08
4.24834e-05
4.25342e-05
-1.80957e-07
4.27151e-05
4.28595e-05
-8.87867e-08
2.31794e-08
4.29251e-05
4.24813e-05
1.0333e-07
4.24988e-05
4.25545e-05
-1.59147e-07
4.27404e-05
4.28867e-05
-8.41936e-08
7.93982e-08
4.28915e-05
4.25643e-05
2.85356e-08
4.26101e-05
4.25597e-05
-1.68667e-07
4.27331e-05
4.28615e-05
-5.50782e-08
5.48908e-08
4.28617e-05
4.25883e-05
4.18171e-08
4.25979e-05
4.25298e-05
-1.91438e-07
4.27423e-05
4.28392e-05
2.37515e-09
-3.45315e-09
4.28403e-05
4.25558e-05
1.59914e-07
4.26035e-05
4.25358e-05
-2.56098e-07
4.27652e-05
4.2823e-05
4.49781e-08
-3.37279e-08
4.28118e-05
4.25707e-05
1.71651e-07
4.259e-05
4.25348e-05
-3.17564e-07
4.28063e-05
4.28011e-05
8.22904e-08
-8.29629e-08
4.28018e-05
4.25192e-05
3.0862e-07
4.25754e-05
4.25801e-05
-3.18811e-07
4.28451e-05
4.27945e-05
1.2135e-07
-1.37773e-07
4.2811e-05
4.25732e-05
3.15354e-07
4.26009e-05
4.26371e-05
-3.89859e-07
4.2912e-05
4.27957e-05
1.99879e-07
-2.72048e-07
4.28679e-05
4.25283e-05
6.01262e-07
4.25588e-05
4.27115e-05
-4.19833e-07
4.29993e-05
4.27945e-05
2.46652e-07
-3.46854e-07
4.28947e-05
4.26321e-05
7.01727e-07
4.2692e-05
4.28503e-05
-4.87139e-07
4.31871e-05
4.28408e-05
4.28123e-07
-6.03236e-07
4.30159e-05
4.25457e-05
9.26068e-07
4.25314e-05
4.30592e-05
-5.64315e-07
4.33973e-05
4.30716e-05
6.91666e-07
-9.65338e-07
4.33453e-05
4.27013e-05
1.55597e-06
4.28561e-05
4.33128e-05
-5.28587e-07
4.36406e-05
4.34867e-05
7.64263e-07
-1.06389e-06
4.37863e-05
4.31616e-05
1.60161e-06
4.33782e-05
4.36046e-05
-5.24478e-07
4.3917e-05
4.39937e-05
7.17005e-07
-1.00877e-06
4.36835e-05
1.49405e-06
4.39119e-05
-4.57143e-07
4.41984e-05
4.42091e-05
-4.64602e-07
4.45038e-05
4.45361e-05
-4.23804e-07
4.47971e-05
4.48669e-05
-3.51269e-07
4.5109e-05
4.52011e-05
-2.55026e-07
-4.62494e-10
2.67484e-06
-2.67939e-06
9.06857e-07
-9.07319e-07
-1.1486e-09
-2.67321e-06
2.67048e-06
-9.07467e-07
9.06319e-07
-2.78969e-09
-2.67305e-06
2.66833e-06
-9.10406e-07
9.07616e-07
6.10625e-10
4.08694e-09
5.50148e-09
2.67276e-06
9.13118e-07
-1.91796e-09
2.66889e-06
9.112e-07
-1.80377e-09
-2.6729e-06
2.66974e-06
-9.1552e-07
9.13716e-07
-3.44784e-09
-2.67733e-06
2.67404e-06
-9.2165e-07
9.18202e-07
2.31121e-09
-2.6821e-06
2.68358e-06
-9.25407e-07
9.27719e-07
-2.90923e-09
-2.6915e-06
2.69098e-06
-9.35279e-07
9.32369e-07
3.24158e-09
-2.70502e-06
2.70982e-06
-9.42562e-07
9.45803e-07
7.35552e-09
-2.72468e-06
2.73333e-06
-9.55283e-07
9.62639e-07
5.92584e-09
-2.74872e-06
2.76271e-06
-9.73317e-07
9.79243e-07
1.26754e-08
-2.78271e-06
2.80467e-06
-9.87617e-07
1.00029e-06
1.1345e-08
-2.83047e-06
2.84725e-06
-1.01843e-06
1.02977e-06
9.41508e-09
-2.87303e-06
2.89492e-06
-1.04553e-06
1.05494e-06
1.73758e-08
-2.92637e-06
2.95632e-06
-1.07019e-06
1.08757e-06
1.64325e-08
-2.99394e-06
3.01941e-06
-1.11276e-06
1.12919e-06
1.28064e-08
-3.05119e-06
3.07755e-06
-1.14669e-06
1.1595e-06
1.94085e-08
-3.11413e-06
3.15273e-06
-1.17643e-06
1.19583e-06
2.00449e-08
-3.19644e-06
3.22429e-06
-1.2255e-06
1.24554e-06
1.30769e-08
-3.25328e-06
3.28716e-06
-1.25634e-06
1.26942e-06
2.30066e-08
-3.32676e-06
3.3622e-06
-1.28782e-06
1.31083e-06
8.53947e-09
-3.38519e-06
3.40504e-06
-1.32751e-06
1.33605e-06
5.53582e-09
-3.42245e-06
3.44401e-06
-1.33938e-06
1.34492e-06
3.55668e-09
-3.4587e-06
3.46152e-06
-1.3547e-06
1.35826e-06
-1.12443e-08
-3.46028e-06
3.4503e-06
-1.3562e-06
1.34496e-06
4.32004e-09
7.93364e-09
7.20567e-09
7.56009e-09
1.01922e-08
9.47992e-09
1.06784e-08
8.37446e-09
1.81329e-08
1.57545e-08
1.52525e-08
2.51907e-08
1.74973e-08
1.69308e-08
2.96632e-08
1.0797e-08
1.84032e-08
1.66881e-08
3.32989e-09
9.78213e-09
-2.05853e-09
-1.35624e-08
-1.89305e-09
2.60273e-06
-2.60985e-06
8.72172e-07
-8.74065e-07
-2.40278e-09
-2.59677e-06
2.58911e-06
-8.70917e-07
8.68514e-07
-2.31085e-09
-2.58395e-06
2.57634e-06
-8.67768e-07
8.65457e-07
-1.90996e-09
-2.57202e-06
2.56501e-06
-8.65143e-07
8.63233e-07
-6.46268e-10
-2.5615e-06
2.55596e-06
-8.63177e-07
8.62531e-07
8.98152e-10
-2.5524e-06
2.54959e-06
-8.62212e-07
8.6311e-07
6.30389e-10
-2.5489e-06
2.54845e-06
-8.64574e-07
8.65204e-07
1.80542e-09
-2.55349e-06
2.55699e-06
-8.69494e-07
8.71299e-07
5.4561e-09
-2.56817e-06
2.57552e-06
-8.78612e-07
8.84068e-07
8.7197e-09
-2.58984e-06
2.60397e-06
-8.92524e-07
9.01243e-07
1.18367e-08
-2.62404e-06
2.64427e-06
-9.13252e-07
9.25089e-07
1.35106e-08
-2.67171e-06
2.69549e-06
-9.42075e-07
9.55585e-07
1.87083e-08
-2.72948e-06
2.76466e-06
-9.76454e-07
9.95162e-07
2.80891e-08
-2.80917e-06
2.85462e-06
-1.02121e-06
1.0493e-06
3.43098e-08
-2.90777e-06
2.96271e-06
-1.07841e-06
1.11272e-06
3.89669e-08
-3.02256e-06
3.08943e-06
-1.14558e-06
1.18455e-06
4.61424e-08
-3.15999e-06
3.24142e-06
-1.22289e-06
1.26904e-06
4.90784e-08
-3.32123e-06
3.40937e-06
-1.31697e-06
1.36605e-06
4.75715e-08
-3.49768e-06
3.59097e-06
-1.41571e-06
1.46328e-06
5.30188e-08
-3.68909e-06
3.78505e-06
-1.5205e-06
1.57352e-06
-1.25563e-09
-7.46181e-10
-3.13851e-10
-5.57645e-11
-3.19194e-10
1.46389e-09
4.28908e-09
7.31328e-09
8.45535e-09
1.20087e-08
1.6986e-08
2.08689e-08
2.60497e-08
2.9109e-08
3.28589e-08
3.83475e-08
4.79348e-08
4.96612e-08
5.72147e-08
4.36568e-08
9.67241e-08
8.28456e-05
-8.28269e-05
-1.15458e-07
7.29341e-08
8.29458e-05
-8.2922e-05
4.17942e-08
8.30661e-05
-8.3035e-05
-2.32052e-09
8.32102e-05
-8.31661e-05
-4.88401e-08
8.33776e-05
-8.3331e-05
-8.2219e-08
8.35581e-05
-8.35247e-05
-1.3915e-07
8.38255e-05
-8.37685e-05
-1.88046e-07
8.4121e-05
-8.40721e-05
-1.85778e-07
8.45448e-05
-8.4547e-05
-1.40456e-07
8.51528e-05
-6.13975e-08
-8.51367e-05
-1.49253e-07
4.29148e-05
-4.2906e-05
3.38516e-05
1.18126e-07
-7.55364e-09
-3.39622e-05
1.17415e-07
-1.42081e-07
8.83356e-08
6.16913e-08
3.83145e-08
2.21124e-08
-2.04683e-08
-6.9411e-08
-1.07206e-07
-1.8499e-07
-1.59566e-07
-6.33828e-08
-4.29259e-05
-1.56058e-07
4.29224e-05
-3.3762e-05
3.36568e-05
1.10428e-07
-5.29011e-09
8.73384e-08
2.32417e-09
9.14365e-08
-3.32915e-10
4.26455e-05
-4.26766e-05
7.24504e-08
4.26604e-05
4.26148e-05
6.81389e-08
-1.20952e-07
1.39814e-07
4.24446e-05
-4.24635e-05
-1.37812e-07
1.37862e-07
4.26034e-05
-4.26035e-05
-1.14569e-07
-1.30641e-07
-8.43136e-05
3.32398e-05
-8.77997e-09
-3.33519e-05
1.18408e-07
-8.1783e-09
4.28064e-05
-4.28044e-05
-1.39658e-07
1.38572e-07
4.24111e-05
-4.23878e-05
-1.23879e-07
-1.72014e-09
2.6854e-06
-2.69123e-06
9.04612e-07
-9.06332e-07
-4.72583e-10
-2.68564e-06
2.68082e-06
-9.06698e-07
9.06225e-07
2.08566e-09
1.09412e-09
-1.74345e-09
2.61628e-06
-2.62331e-06
8.75821e-07
-8.77564e-07
-1.75547e-09
-4.12052e-05
1.96433e-06
-1.24786e-06
4.04888e-05
-4.1515e-05
5.78941e-07
-2.25399e-07
4.11614e-05
-4.13289e-05
8.598e-08
-5.79095e-08
4.13008e-05
-4.13059e-05
3.29844e-08
-1.76723e-08
4.12906e-05
-4.13019e-05
9.8592e-09
-1.96393e-09
4.1294e-05
-4.13015e-05
3.43799e-10
2.9618e-09
4.12982e-05
-4.13018e-05
-2.96751e-09
5.17412e-09
4.12996e-05
-4.13017e-05
-3.89495e-09
4.68935e-09
4.1301e-05
-4.13019e-05
-3.52666e-09
4.21378e-09
4.13012e-05
-4.13017e-05
-2.99075e-09
3.23303e-09
4.13015e-05
-4.13017e-05
-1.77152e-09
1.55736e-09
4.13019e-05
-4.1302e-05
-5.01835e-10
6.8283e-10
4.13018e-05
-4.1302e-05
-9.29277e-10
7.6464e-10
4.13021e-05
-4.13016e-05
-1.24558e-09
1.22808e-10
4.13027e-05
-4.13018e-05
-8.50576e-10
1.52457e-11
4.13026e-05
-4.13017e-05
-6.6921e-10
-6.46478e-10
4.1303e-05
-4.13018e-05
6.50717e-11
-1.4929e-09
4.13032e-05
-4.13017e-05
9.99096e-10
-2.64638e-09
4.13034e-05
-4.13018e-05
1.16879e-09
-6.17728e-10
4.13013e-05
-4.13071e-05
-1.06977e-08
2.23056e-08
4.12955e-05
-4.1319e-05
-3.87336e-08
6.3262e-08
4.12944e-05
-4.14089e-05
-1.19844e-07
2.51521e-07
4.12772e-05
-4.15383e-05
-5.26937e-07
1.1896e-06
4.08757e-05
-3.35728e-05
3.66434e-05
-1.95845e-06
-1.11224e-06
-6.50703e-07
-4.10194e-05
1.63081e-07
4.1507e-05
-4.10205e-05
1.66539e-07
-1.77437e-07
4.10314e-05
-4.11492e-05
1.24496e-07
-7.29892e-08
4.10977e-05
-4.12519e-05
4.4682e-08
-6.27812e-09
4.12135e-05
-4.12804e-05
4.04681e-09
1.53437e-08
4.12611e-05
-4.12919e-05
-6.82953e-09
1.77165e-08
4.1281e-05
-4.12975e-05
-9.67506e-09
1.78506e-08
4.12894e-05
-4.12995e-05
-9.66183e-09
1.45966e-08
4.12945e-05
-4.13008e-05
-8.05732e-09
1.16178e-08
4.12973e-05
-4.13013e-05
-6.33089e-09
8.57132e-09
4.12991e-05
-4.13016e-05
-4.03724e-09
4.32073e-09
4.13014e-05
-4.13026e-05
-1.99628e-09
1.50035e-09
4.13031e-05
-4.13037e-05
-5.18839e-10
-1.55042e-09
4.13057e-05
-4.13048e-05
1.03591e-09
-3.97597e-09
4.13078e-05
-4.13059e-05
1.74993e-09
-5.60945e-09
4.13097e-05
-4.13063e-05
2.3653e-09
-8.13672e-09
4.13121e-05
-4.13064e-05
3.49075e-09
-1.0973e-08
4.13139e-05
-4.13049e-05
5.85076e-09
-1.65482e-08
4.13156e-05
-4.13017e-05
8.5679e-09
-1.9707e-08
4.13128e-05
-4.12978e-05
-3.90472e-09
9.72028e-09
4.1292e-05
-4.12559e-05
-4.11705e-08
5.16209e-08
4.12454e-05
-4.11361e-05
-1.23914e-07
1.81789e-07
4.10783e-05
-4.08473e-05
-1.15314e-07
-2.20097e-07
4.11827e-05
-3.78035e-05
3.8304e-05
6.46873e-07
-1.14739e-06
-9.46775e-07
-4.18998e-05
6.24567e-07
4.2222e-05
-4.13152e-05
-3.77483e-07
1.92244e-07
4.15004e-05
-1.34393e-07
8.24446e-05
-4.12958e-05
-4.08981e-05
7.87187e-08
-1.95082e-07
-1.26263e-07
8.24615e-05
-4.13558e-05
-4.11138e-05
-9.89901e-08
8.25301e-05
-4.13624e-05
-4.1195e-05
-7.38829e-08
8.25644e-05
-4.1355e-05
-4.12344e-05
-5.01983e-08
8.25788e-05
-4.13448e-05
-4.12577e-05
-3.37365e-08
8.25896e-05
-4.13349e-05
-4.12712e-05
-1.96715e-08
8.25936e-05
-4.13263e-05
-4.12814e-05
-1.06214e-08
8.2598e-05
-4.13183e-05
-4.12888e-05
-3.68273e-09
8.25986e-05
-4.13099e-05
-4.12956e-05
8.04787e-09
8.25993e-05
-4.13062e-05
-4.13048e-05
1.33619e-08
8.26008e-05
-4.12975e-05
-4.13085e-05
2.54205e-08
8.25975e-05
-4.12909e-05
-4.13186e-05
4.29624e-08
8.25935e-05
-4.12837e-05
-4.13273e-05
6.35079e-08
8.25908e-05
-4.12746e-05
-4.13367e-05
7.95971e-08
8.25916e-05
-4.1261e-05
-4.13467e-05
9.4273e-08
8.25841e-05
-4.12421e-05
-4.13567e-05
1.50138e-07
8.2528e-05
-4.12144e-05
-4.13694e-05
1.87207e-07
8.24876e-05
-4.11462e-05
-4.13785e-05
-7.31021e-08
8.25863e-05
-4.09959e-05
-4.13301e-05
-2.81353e-07
8.29564e-05
-4.09836e-05
-4.12218e-05
-5.42743e-07
-4.14805e-05
-6.40266e-07
4.18394e-05
-3.85799e-05
3.87059e-05
9.39834e-07
-1.06578e-06
-8.24742e-07
-4.24235e-05
6.89916e-07
4.25583e-05
-4.1709e-05
-5.27985e-07
4.04482e-07
4.18325e-05
1.91186e-07
8.28624e-05
-2.1943e-07
-3.89565e-07
1.47103e-08
8.2638e-05
-1.48475e-08
8.25597e-05
-2.15524e-08
8.25711e-05
-2.39386e-08
8.25812e-05
-1.92097e-08
8.25849e-05
-1.41609e-08
8.25886e-05
-4.2017e-09
8.25881e-05
3.71212e-09
8.25907e-05
1.27153e-08
8.25903e-05
2.7325e-08
8.25862e-05
3.68194e-08
8.2588e-05
3.99417e-08
8.25903e-05
3.82365e-08
8.25925e-05
4.49563e-08
8.25849e-05
4.78422e-08
8.25812e-05
-3.79712e-08
8.26138e-05
-2.42376e-07
8.2692e-05
-5.99773e-07
8.29437e-05
-4.9167e-07
8.34558e-05
-6.07554e-07
-4.19822e-05
-7.07821e-07
4.21984e-05
-3.87061e-05
3.86222e-05
8.2894e-07
-7.45014e-07
-6.71249e-07
-4.263e-05
6.12141e-07
4.26891e-05
-4.196e-05
-5.27793e-07
4.51622e-07
4.20362e-05
4.27367e-07
8.31781e-05
-3.17533e-07
-4.25502e-07
1.74693e-07
8.28907e-05
5.40528e-08
8.26803e-05
1.89973e-08
8.26061e-05
5.72275e-09
8.25945e-05
2.35617e-09
8.25882e-05
6.78551e-09
8.25841e-05
1.13476e-08
8.25835e-05
1.94849e-08
8.25826e-05
2.5405e-08
8.25843e-05
2.30772e-08
8.25885e-05
1.93904e-08
8.25917e-05
1.56396e-08
8.25941e-05
8.81181e-09
8.25993e-05
-2.19144e-08
8.26156e-05
-7.59667e-08
8.26352e-05
-1.62465e-07
8.27003e-05
-3.78366e-07
8.29079e-05
-7.02397e-07
8.32678e-05
-5.01076e-07
8.38152e-05
-5.60665e-07
-4.22489e-05
-6.39684e-07
4.23875e-05
-3.84839e-05
3.83243e-05
6.80377e-07
-5.20789e-07
-5.88914e-07
-4.27274e-05
5.43892e-07
4.27724e-05
-4.21186e-05
-4.84165e-07
4.32679e-07
4.21701e-05
5.13136e-07
8.34007e-05
-3.278e-07
-4.07984e-07
3.12727e-07
8.30911e-05
1.46669e-07
8.28464e-05
6.4717e-08
8.26881e-05
3.72756e-08
8.26219e-05
2.12312e-08
8.26043e-05
1.1049e-08
8.25943e-05
9.00517e-09
8.25855e-05
6.06355e-09
8.25855e-05
3.38773e-09
8.2587e-05
5.33926e-09
8.25865e-05
4.0165e-09
8.2593e-05
-2.35286e-09
8.26005e-05
-2.04418e-08
8.26174e-05
-4.15877e-08
8.26368e-05
-1.13728e-07
8.27074e-05
-2.91353e-07
8.28779e-05
-4.78866e-07
8.30954e-05
-6.56829e-07
8.34457e-05
-4.59318e-07
8.41007e-05
-4.83043e-07
-4.24043e-05
-5.65604e-07
4.25106e-05
-3.81558e-05
3.79801e-05
5.97576e-07
-4.21915e-07
-5.33311e-07
-4.28022e-05
4.97062e-07
4.28384e-05
-4.22286e-05
-4.48886e-07
4.03775e-07
4.22737e-05
5.33773e-07
8.35811e-05
-3.21062e-07
-3.93063e-07
3.82233e-07
8.32426e-05
2.39294e-07
8.29893e-05
1.2068e-07
8.28067e-05
6.09986e-08
8.26816e-05
4.14165e-08
8.26239e-05
3.14099e-08
8.26043e-05
2.27699e-08
8.25942e-05
2.01365e-08
8.25882e-05
2.09239e-08
8.25862e-05
1.48442e-08
8.25926e-05
5.84629e-09
8.2602e-05
-9.78696e-09
8.26161e-05
-3.4815e-08
8.26425e-05
-1.05425e-07
8.27074e-05
-2.31161e-07
8.28331e-05
-3.63439e-07
8.30102e-05
-5.44205e-07
8.32762e-05
-7.42525e-07
8.3644e-05
-4.3864e-07
8.4261e-05
-4.64126e-07
-4.25418e-05
-5.09562e-07
4.26127e-05
-3.78024e-05
3.76199e-05
5.33343e-07
-3.50885e-07
-4.80767e-07
-4.28567e-05
4.57584e-07
4.28799e-05
-4.23223e-05
-4.20026e-07
3.78721e-07
4.23636e-05
5.11849e-07
8.37451e-05
-3.05516e-07
-3.704e-07
3.93504e-07
8.3361e-05
2.84558e-07
8.30983e-05
1.84617e-07
8.29066e-05
9.83408e-08
8.27679e-05
5.34784e-08
8.26687e-05
3.85239e-08
8.26193e-05
3.35343e-08
8.25992e-05
2.99112e-08
8.25918e-05
2.43676e-08
8.25918e-05
2.06131e-08
8.25964e-05
1.11498e-08
8.26115e-05
-4.00777e-09
8.26313e-05
-4.51457e-08
8.26836e-05
-1.23119e-07
8.27854e-05
-2.15977e-07
8.2926e-05
-3.27514e-07
8.31217e-05
-4.27742e-07
8.33764e-05
-5.81484e-07
8.37978e-05
-3.96772e-07
8.44983e-05
-4.22013e-07
-4.26294e-05
-4.67753e-07
4.27004e-05
-3.74312e-05
3.72445e-05
4.80749e-07
-2.94035e-07
-4.24184e-07
-4.28841e-05
4.15185e-07
4.28931e-05
-4.24044e-05
-3.87568e-07
3.58043e-07
4.24339e-05
5.10979e-07
8.38846e-05
-2.96678e-07
-3.53807e-07
3.98743e-07
8.34732e-05
3.07343e-07
8.31897e-05
2.19542e-07
8.29944e-05
1.46085e-07
8.28413e-05
8.46868e-08
8.27301e-05
5.37301e-08
8.26502e-05
4.05398e-08
8.26124e-05
3.29582e-08
8.25994e-05
2.72973e-08
8.25974e-05
1.56808e-08
8.2608e-05
1.39921e-09
8.26258e-05
-3.51019e-08
8.26678e-05
-1.07219e-07
8.27557e-05
-1.93023e-07
8.28712e-05
-2.96558e-07
8.30295e-05
-3.9447e-07
8.32196e-05
-5.51265e-07
8.35332e-05
-7.10997e-07
8.39575e-05
-3.81308e-07
8.45688e-05
-4.00215e-07
-4.27281e-05
-4.18014e-07
4.27648e-05
-3.70474e-05
3.68618e-05
4.23465e-07
-2.3793e-07
-3.67326e-07
-4.2884e-05
3.62242e-07
4.28891e-05
-4.24645e-05
-3.48102e-07
3.29276e-07
4.24833e-05
4.75762e-07
8.40045e-05
-2.71513e-07
-3.24098e-07
3.83594e-07
8.35654e-05
3.07154e-07
8.32661e-05
2.39205e-07
8.30624e-05
1.70644e-07
8.29099e-05
1.09956e-07
8.27908e-05
5.85688e-08
8.27016e-05
3.54832e-08
8.26354e-05
2.87069e-08
8.26061e-05
2.56542e-08
8.26005e-05
2.71754e-08
8.26065e-05
1.14974e-08
8.26414e-05
-3.05711e-08
8.27098e-05
-7.79078e-08
8.2803e-05
-1.34289e-07
8.29276e-05
-1.8264e-07
8.30779e-05
-2.62851e-07
8.32999e-05
-3.38191e-07
8.36086e-05
-4.69767e-07
8.40891e-05
-3.31128e-07
8.47673e-05
-3.37177e-07
-4.27697e-05
-3.69593e-07
4.28082e-05
-3.66693e-05
3.6486e-05
3.71097e-07
-1.87744e-07
-3.1607e-07
-4.28851e-05
3.18898e-07
4.28823e-05
-4.25053e-05
-3.02896e-07
2.90808e-07
4.25174e-05
4.6327e-07
8.40832e-05
-2.47189e-07
-2.94748e-07
3.73863e-07
8.36548e-05
2.97061e-07
8.33429e-05
2.38385e-07
8.31211e-05
1.86018e-07
8.29623e-05
1.38109e-07
8.28387e-05
9.82418e-08
8.27415e-05
6.34427e-08
8.26702e-05
5.50099e-08
8.26146e-05
6.17963e-08
8.25937e-05
4.31698e-08
8.26251e-05
-1.0131e-09
8.26856e-05
-5.76909e-08
8.27665e-05
-1.26526e-07
8.28719e-05
-2.03271e-07
8.30043e-05
-3.09364e-07
8.3184e-05
-3.9785e-07
8.33883e-05
-4.96991e-07
8.37077e-05
-5.78829e-07
8.41709e-05
-2.93081e-07
8.4778e-05
-2.96423e-07
-4.28068e-05
-3.24458e-07
4.28382e-05
-3.63091e-05
3.61266e-05
3.18563e-07
-1.36058e-07
-2.60518e-07
-4.28642e-05
2.69898e-07
4.28548e-05
-4.25328e-05
-2.59426e-07
2.54089e-07
4.25381e-05
4.18788e-07
8.41356e-05
-2.17155e-07
-2.54041e-07
3.57014e-07
8.37165e-05
2.97598e-07
8.34023e-05
2.40743e-07
8.31779e-05
1.92069e-07
8.30109e-05
1.47233e-07
8.28836e-05
1.0532e-07
8.27834e-05
7.14695e-08
8.27041e-05
4.00931e-08
8.26459e-05
3.47812e-08
8.2599e-05
9.92969e-09
8.26499e-05
-2.32738e-08
8.27188e-05
-6.06685e-08
8.28039e-05
-9.65554e-08
8.29078e-05
-1.33109e-07
8.30409e-05
-1.50941e-07
8.32018e-05
-2.11795e-07
8.34492e-05
-2.93174e-07
8.37891e-05
-3.90362e-07
8.42681e-05
-2.38623e-07
8.48822e-05
-2.55944e-07
-4.28296e-05
-2.66526e-07
4.28575e-05
-3.59584e-05
3.57938e-05
2.57692e-07
-9.31023e-08
-2.15666e-07
-4.28309e-05
2.27728e-07
4.28188e-05
-4.2549e-05
-2.25381e-07
2.21455e-07
4.25529e-05
3.85807e-07
8.41671e-05
-1.92362e-07
-2.24978e-07
3.3235e-07
8.377e-05
2.77761e-07
8.34569e-05
2.32364e-07
8.32233e-05
1.92442e-07
8.30509e-05
1.55581e-07
8.29204e-05
1.20888e-07
8.28181e-05
8.89254e-08
8.27361e-05
6.84034e-08
8.26665e-05
5.43616e-08
8.26131e-05
2.68716e-08
8.26774e-05
-4.08165e-09
8.27498e-05
-4.1925e-08
8.28417e-05
-8.84582e-08
8.29543e-05
-1.49967e-07
8.31024e-05
-2.48524e-07
8.33003e-05
-3.21963e-07
8.35226e-05
-3.5677e-07
8.38239e-05
-3.83664e-07
8.4295e-05
-1.93039e-07
8.4906e-05
-2.14422e-07
-4.28494e-05
-2.19337e-07
4.28757e-05
-3.56404e-05
3.5491e-05
2.12857e-07
-6.34932e-08
-1.81599e-07
-4.27989e-05
2.02237e-07
4.27783e-05
-4.25603e-05
-2.01545e-07
1.96655e-07
4.25652e-05
3.49784e-07
8.41906e-05
-1.7152e-07
-2.01745e-07
3.13737e-07
8.3806e-05
2.73683e-07
8.3497e-05
2.31593e-07
8.32654e-05
1.93769e-07
8.30887e-05
1.62261e-07
8.29519e-05
1.33688e-07
8.28467e-05
1.07537e-07
8.27622e-05
7.66683e-08
8.26973e-05
4.92586e-08
8.26405e-05
2.34649e-08
8.27032e-05
-1.27821e-08
8.2786e-05
-5.57795e-08
8.28847e-05
-1.03615e-07
8.30021e-05
-1.44229e-07
8.3143e-05
-1.60594e-07
8.33167e-05
-2.14081e-07
8.35761e-05
-2.96269e-07
8.39061e-05
-3.51313e-07
8.43501e-05
-1.72261e-07
8.49281e-05
-2.01151e-07
-4.28688e-05
-1.8317e-07
4.28797e-05
-3.53521e-05
3.52175e-05
1.74592e-07
-3.99686e-08
-1.62483e-07
-4.2754e-05
1.80072e-07
4.27364e-05
-4.25706e-05
-1.8217e-07
1.80057e-07
4.25727e-05
3.19844e-07
8.42116e-05
-1.56567e-07
-1.84261e-07
2.95608e-07
8.38303e-05
2.61386e-07
8.35312e-05
2.25094e-07
8.33017e-05
1.92981e-07
8.31208e-05
1.59832e-07
8.29851e-05
1.29623e-07
8.28769e-05
1.0161e-07
8.27902e-05
8.19235e-08
8.2717e-05
6.19881e-08
8.26604e-05
3.01001e-08
8.27351e-05
2.04005e-09
8.28141e-05
-2.43005e-08
8.29111e-05
-4.82889e-08
8.30261e-05
-8.34189e-08
8.31781e-05
-1.51564e-07
8.33849e-05
-1.8396e-07
8.36085e-05
-1.86231e-07
8.39084e-05
-2.24571e-07
8.43884e-05
-1.3845e-07
8.50052e-05
-1.63237e-07
-4.28619e-05
-1.59154e-07
4.28826e-05
-3.50894e-05
3.4963e-05
1.51277e-07
-2.48839e-08
-1.462e-07
-4.27151e-05
1.65057e-07
4.26963e-05
-4.25784e-05
-1.67316e-07
1.67605e-07
4.25781e-05
2.9835e-07
8.42329e-05
-1.47324e-07
-1.72419e-07
2.72658e-07
8.3856e-05
2.47558e-07
8.35563e-05
2.21268e-07
8.3328e-05
1.91214e-07
8.31509e-05
1.66824e-07
8.30095e-05
1.43268e-07
8.29004e-05
1.21297e-07
8.28122e-05
9.26041e-08
8.27457e-05
6.31194e-08
8.26899e-05
4.43313e-08
8.27539e-05
1.85733e-08
8.28398e-05
-1.81928e-08
8.29478e-05
-6.87095e-08
8.30766e-05
-1.22424e-07
8.32318e-05
-1.4078e-07
8.34032e-05
-2.19177e-07
8.36869e-05
-3.05567e-07
8.39948e-05
-3.14039e-07
8.43969e-05
-1.33566e-07
8.4983e-05
-1.58242e-07
-4.28774e-05
-1.45942e-07
4.28898e-05
-3.48413e-05
3.47201e-05
1.36753e-07
-1.54607e-08
-1.34864e-07
-4.26729e-05
1.54212e-07
4.26536e-05
-4.25838e-05
-1.55723e-07
1.59362e-07
4.25802e-05
2.8584e-07
8.42523e-05
-1.40794e-07
-1.64428e-07
2.66911e-07
8.38749e-05
2.46921e-07
8.35763e-05
2.22002e-07
8.33529e-05
1.97728e-07
8.31751e-05
1.72781e-07
8.30344e-05
1.5075e-07
8.29225e-05
1.2752e-07
8.28354e-05
1.11664e-07
8.27616e-05
9.74996e-08
8.27041e-05
6.65614e-08
8.27848e-05
3.33145e-08
8.28731e-05
3.32327e-09
8.29778e-05
-2.3179e-08
8.31031e-05
-5.05737e-08
8.32592e-05
-1.05467e-07
8.34581e-05
-1.11599e-07
8.3693e-05
-1.04014e-07
8.39872e-05
-1.75461e-07
8.44683e-05
-1.19825e-07
8.50705e-05
-1.43145e-07
-4.28784e-05
-1.33614e-07
4.28922e-05
-3.46054e-05
3.44892e-05
1.27854e-07
-1.16789e-08
-1.28501e-07
-4.26284e-05
1.4705e-07
4.26099e-05
-4.25872e-05
-1.47982e-07
1.5242e-07
4.25828e-05
2.71543e-07
8.42679e-05
-1.33821e-07
-1.53333e-07
2.54012e-07
8.38924e-05
2.34768e-07
8.35955e-05
2.16328e-07
8.33714e-05
1.94566e-07
8.31969e-05
1.71642e-07
8.30573e-05
1.49002e-07
8.29451e-05
1.31094e-07
8.28533e-05
1.04368e-07
8.27883e-05
7.44182e-08
8.2734e-05
5.60469e-08
8.28032e-05
3.59644e-08
8.28932e-05
6.6947e-09
8.30071e-05
-3.34683e-08
8.31433e-05
-8.40324e-08
8.33098e-05
-1.0857e-07
8.34826e-05
-1.72506e-07
8.3757e-05
-2.34184e-07
8.40488e-05
-2.34654e-07
8.44688e-05
-1.20029e-07
8.50716e-05
-1.1575e-07
-4.28837e-05
-1.32693e-07
4.28964e-05
-3.43804e-05
3.42692e-05
1.19696e-07
-8.46261e-09
-1.25705e-07
-4.25867e-05
1.42301e-07
4.25701e-05
-4.25918e-05
-1.4319e-07
1.49888e-07
4.25851e-05
2.70489e-07
-1.34344e-07
-1.51405e-07
8.42832e-05
2.51355e-07
8.39116e-05
2.38019e-07
8.36089e-05
2.19634e-07
8.33897e-05
2.01772e-07
8.32148e-05
1.86279e-07
8.30728e-05
1.7078e-07
8.29606e-05
1.48219e-07
8.28759e-05
1.34786e-07
8.28017e-05
1.24757e-07
8.2744e-05
1.01099e-07
7.22662e-08
4.44104e-08
2.16614e-08
4.08252e-10
-4.16848e-08
-5.32255e-08
-7.6496e-08
-1.54751e-07
-1.25631e-07
-9.42168e-08
-4.28957e-05
-1.35475e-07
4.29056e-05
-3.41685e-05
3.40574e-05
1.18832e-07
-7.72742e-09
1.67657e-07
8.29782e-05
-1.8525e-07
1.56543e-07
8.2887e-05
1.38177e-07
8.28201e-05
8.27668e-05
1.89151e-07
-1.98039e-07
1.722e-07
1.56474e-07
2.46414e-06
3.35684e-05
-6.63073e-07
1.24334e-07
-1.64239e-07
4.15485e-05
5.61285e-08
-2.07854e-08
4.14043e-05
-3.59011e-09
-2.52244e-10
4.1323e-05
-1.76614e-09
2.5821e-09
4.13037e-05
-3.7871e-09
3.85668e-09
4.13022e-05
-4.18817e-09
3.63282e-09
4.13021e-05
-3.21235e-09
3.06674e-09
4.13015e-05
-2.69592e-09
2.39211e-09
4.13017e-05
-1.90107e-09
1.72987e-09
4.13016e-05
-1.39247e-09
1.31085e-09
4.13015e-05
-9.94227e-10
7.62173e-10
4.13016e-05
-2.04329e-10
-4.46768e-10
4.1302e-05
1.03321e-09
-1.53297e-09
4.13019e-05
1.76158e-09
-2.27433e-09
4.13019e-05
2.68464e-09
-3.18399e-09
4.13019e-05
3.53388e-09
-3.92515e-09
4.13018e-05
4.35305e-09
-4.46593e-09
4.13015e-05
4.69312e-09
-4.33584e-09
4.13014e-05
3.86286e-09
-5.09786e-09
4.13044e-05
7.68244e-09
-8.37735e-09
4.13086e-05
8.21969e-09
-3.57509e-09
4.13486e-05
-2.72027e-08
1.76652e-07
4.14736e-05
-1.46907e-07
-2.45847e-06
4.12221e-05
-6.61689e-07
3.6645e-05
-1.11221e-06
3.78001e-05
-1.83243e-08
-1.13675e-06
-2.43011e-08
-1.13572e-06
3.82986e-05
-1.14926e-06
3.85681e-05
8.93001e-07
-1.16251e-06
8.84002e-07
-1.15996e-06
3.86876e-05
-1.06623e-06
3.86858e-05
9.10776e-07
-9.09021e-07
9.073e-07
-9.07537e-07
3.86026e-05
-7.41531e-07
3.84563e-05
7.46964e-07
-6.00704e-07
7.39715e-07
-6.0139e-07
3.83027e-05
-5.17588e-07
3.81308e-05
6.34678e-07
-4.62795e-07
6.29003e-07
-4.605e-07
3.79637e-05
-4.21803e-07
3.77788e-05
5.71065e-07
-3.86213e-07
5.58849e-07
-3.81126e-07
3.75999e-05
-3.5441e-07
3.74044e-05
5.1901e-07
-3.23514e-07
5.07591e-07
-3.18844e-07
3.7218e-05
-2.94319e-07
3.70185e-05
4.64772e-07
-2.65273e-07
4.62632e-07
-2.65532e-07
3.68325e-05
-2.38163e-07
3.66377e-05
4.05717e-07
-2.10911e-07
4.02031e-07
-2.09518e-07
3.64559e-05
-1.85526e-07
3.62744e-05
3.41048e-07
-1.59579e-07
3.35756e-07
-1.58875e-07
3.60923e-05
-1.33972e-07
3.59186e-05
2.84541e-07
-1.10798e-07
2.76459e-07
-1.08298e-07
3.57517e-05
-9.36669e-08
3.55931e-05
2.35095e-07
-7.6507e-08
2.27263e-07
-7.3782e-08
3.54411e-05
-6.36873e-08
3.52964e-05
1.94866e-07
-5.00951e-08
1.86008e-07
-4.71099e-08
3.51563e-05
-4.1489e-08
3.50215e-05
1.66666e-07
-3.19037e-08
1.55942e-07
-2.78974e-08
3.48862e-05
-2.71772e-08
3.47561e-05
1.5063e-07
-2.05652e-08
1.37528e-07
-1.58346e-08
3.46283e-05
-1.84069e-08
3.45058e-05
1.36024e-07
-1.34899e-08
1.23893e-07
-9.22589e-09
3.43839e-05
-1.29441e-08
3.42654e-05
1.28199e-07
-9.69851e-09
1.15023e-07
-6.2153e-09
3.41469e-05
-1.00089e-08
3.40315e-05
1.23275e-07
-7.85182e-09
1.0204e-07
-1.42045e-09
3.39149e-05
-9.10184e-09
1.19889e-07
3.38021e-05
-7.10452e-09
9.62069e-08
-9.83903e-10
4.08796e-05
5.4895e-07
-5.28035e-07
4.08587e-05
4.12649e-05
3.87123e-07
-2.5763e-07
4.11354e-05
4.1298e-05
1.06044e-07
-6.08802e-08
4.12529e-05
4.12959e-05
2.21459e-08
-1.37828e-08
4.12875e-05
4.13006e-05
1.90106e-10
2.083e-09
4.12983e-05
4.13021e-05
-8.32945e-09
6.23975e-09
4.13042e-05
4.13028e-05
-8.32531e-09
6.26622e-09
4.13049e-05
4.13028e-05
-7.73959e-09
5.59249e-09
4.1305e-05
4.13028e-05
-5.9557e-09
4.30761e-09
4.13044e-05
4.13029e-05
-4.44181e-09
3.60233e-09
4.13038e-05
4.13026e-05
-3.87589e-09
2.80221e-09
4.13037e-05
4.13018e-05
-2.03661e-09
6.60184e-10
4.13032e-05
4.13014e-05
8.73318e-10
-1.64929e-09
4.13022e-05
4.13012e-05
3.7513e-09
-4.32086e-09
4.13017e-05
4.13012e-05
7.57767e-09
-7.48955e-09
4.13011e-05
4.13012e-05
1.07686e-08
-9.79433e-09
4.13002e-05
4.1301e-05
1.2999e-08
-9.81802e-09
4.12978e-05
4.13e-05
1.12973e-08
-5.59851e-09
4.12943e-05
4.12931e-05
5.9999e-09
-2.51363e-09
4.12896e-05
4.12922e-05
4.83989e-09
2.37624e-08
4.12636e-05
4.1292e-05
-6.23217e-08
1.53945e-07
4.12004e-05
4.11982e-05
-2.95025e-07
5.91957e-07
4.09013e-05
4.04533e-05
-6.20308e-07
4.10493e-05
4.11883e-05
-5.00182e-07
1.83926e-07
4.15045e-05
4.10825e-05
9.98362e-08
-1.66972e-07
4.11496e-05
4.12246e-05
-3.26554e-08
-3.85437e-08
4.12853e-05
-6.11142e-08
-9.40818e-09
4.13069e-05
-5.66479e-08
1.10568e-09
4.13122e-05
-4.7685e-08
4.84774e-09
4.13131e-05
-3.65431e-08
4.74946e-09
4.13115e-05
-2.81087e-08
4.75744e-09
4.13097e-05
-2.06527e-08
4.04775e-09
4.13083e-05
-1.43454e-08
4.39322e-09
4.1306e-05
-1.01155e-08
6.22125e-09
4.13042e-05
-4.50513e-09
2.43876e-09
4.13017e-05
3.67748e-10
3.76939e-09
4.12995e-05
7.09189e-09
1.5019e-09
4.12979e-05
1.60055e-08
-1.85479e-09
4.12956e-05
2.65065e-08
-5.54213e-09
4.12927e-05
3.83658e-08
-6.61527e-09
4.12863e-05
4.77035e-08
-3.5189e-09
4.1266e-05
6.01385e-08
-8.58049e-09
4.12322e-05
9.50917e-08
-9.11038e-09
4.11281e-05
9.37736e-08
3.83732e-08
4.09677e-05
1.05145e-07
-1.21023e-07
4.14761e-05
4.18765e-07
4.19413e-05
4.17516e-05
-7.09337e-07
4.9233e-07
4.19686e-05
4.14206e-05
-2.83722e-07
4.15092e-05
4.22409e-05
6.8559e-07
4.24626e-05
4.21306e-05
-6.75253e-07
5.55778e-07
4.225e-05
4.16943e-05
-4.28248e-07
4.17329e-05
4.25837e-05
6.58058e-07
4.26653e-05
4.23344e-05
-5.96389e-07
5.2452e-07
4.24063e-05
4.1867e-05
-4.42157e-07
4.18837e-05
4.2706e-05
5.77483e-07
4.27576e-05
4.2466e-05
-5.41308e-07
4.80539e-07
4.25267e-05
4.19886e-05
-4.22031e-07
4.20026e-05
4.27895e-05
5.14219e-07
4.28342e-05
4.25749e-05
-5.00741e-07
4.49892e-07
4.26258e-05
4.20853e-05
-4.01298e-07
4.20936e-05
4.28579e-05
4.80826e-07
4.28847e-05
4.26633e-05
-4.60516e-07
4.1848e-07
4.27054e-05
4.21668e-05
-3.77702e-07
4.21741e-05
4.28977e-05
4.49747e-07
4.29106e-05
4.2733e-05
-4.14872e-07
3.8035e-07
4.27675e-05
4.22354e-05
-3.49757e-07
4.22314e-05
4.2916e-05
4.05105e-07
4.2913e-05
4.27816e-05
-3.44993e-07
3.38118e-07
4.27885e-05
4.22891e-05
-3.16142e-07
4.22812e-05
4.29145e-05
3.35795e-07
4.29144e-05
4.28045e-05
-3.02609e-07
2.93778e-07
4.28134e-05
4.23248e-05
-2.78395e-07
4.23085e-05
4.29085e-05
2.87856e-07
4.28971e-05
4.28238e-05
-2.59028e-07
2.52999e-07
4.28299e-05
4.23454e-05
-2.4209e-07
4.23334e-05
4.28883e-05
2.47813e-07
4.28678e-05
4.28322e-05
-2.1477e-07
2.1765e-07
4.28293e-05
4.23625e-05
-2.10274e-07
4.23478e-05
4.28613e-05
2.07558e-07
4.28397e-05
4.283e-05
-1.91019e-07
1.93055e-07
4.2828e-05
4.2373e-05
-1.87638e-07
4.23589e-05
4.28311e-05
1.8332e-07
4.28038e-05
4.28259e-05
-1.71868e-07
1.75416e-07
4.28223e-05
4.23823e-05
-1.6978e-07
4.23679e-05
4.27959e-05
1.58087e-07
4.27753e-05
4.28201e-05
-1.59384e-07
1.62495e-07
4.2817e-05
4.23881e-05
-1.56732e-07
4.23725e-05
4.27661e-05
1.46802e-07
4.27432e-05
4.28155e-05
-1.53311e-07
1.55494e-07
4.28133e-05
4.2391e-05
-1.4844e-07
4.2375e-05
4.27375e-05
1.34682e-07
4.27178e-05
4.28123e-05
-1.4651e-07
1.49377e-07
4.28095e-05
4.23936e-05
-1.40344e-07
4.23806e-05
4.27048e-05
1.15131e-07
4.26917e-05
4.28086e-05
-1.44001e-07
1.46447e-07
4.28061e-05
4.2546e-05
4.23962e-05
-1.35945e-07
4.23807e-05
4.25956e-05
4.26751e-05
9.4649e-08
-1.24431e-07
1.40978e-07
4.25294e-05
-1.40312e-07
1.45744e-07
4.25902e-05
2.54761e-07
8.42981e-05
-1.26022e-07
-1.43686e-07
2.47342e-07
8.3919e-05
2.29591e-07
8.36266e-05
2.1796e-07
8.34014e-05
2.02827e-07
8.32299e-05
8.30904e-05
-1.23937e-07
-4.25054e-05
1.41408e-07
4.24879e-05
-4.26004e-05
-1.39575e-07
1.43513e-07
4.25965e-05
2.67173e-07
-1.2958e-07
-1.53063e-07
2.42978e-07
2.34332e-07
2.19796e-07
2.07946e-07
3.36867e-05
-9.07638e-09
3.35759e-05
1.1783e-07
-7.01057e-09
3.34614e-05
-9.38996e-09
1.16799e-07
-7.37813e-09
4.28068e-05
-1.41875e-07
1.44056e-07
4.28046e-05
4.24005e-05
-1.3387e-07
4.23906e-05
4.28065e-05
-1.41197e-07
1.4327e-07
4.24046e-05
-1.36264e-07
-1.00053e-06
-8.39067e-06
8.27896e-06
-7.58122e-06
6.58069e-06
-8.85859e-07
-8.09891e-06
7.83738e-06
-5.62501e-06
4.73916e-06
-6.86581e-07
-7.49898e-06
7.11978e-06
-3.9176e-06
3.23102e-06
-3.37204e-07
-6.7083e-06
6.30049e-06
-2.73497e-06
2.39776e-06
-1.75577e-07
-5.93228e-06
5.58707e-06
-2.16458e-06
1.989e-06
-1.16912e-07
-5.26445e-06
4.95945e-06
-1.85112e-06
1.73421e-06
-9.04638e-08
-4.67879e-06
4.41837e-06
-1.63374e-06
1.54328e-06
-7.61523e-08
-4.18164e-06
3.96375e-06
-1.46117e-06
1.38501e-06
-6.36485e-08
-3.76841e-06
3.59413e-06
-1.31482e-06
1.25117e-06
-5.26526e-08
-3.44151e-06
3.30642e-06
-1.19428e-06
1.14162e-06
-4.02289e-08
-3.19317e-06
3.09734e-06
-1.096e-06
1.05577e-06
-2.76566e-08
-3.0212e-06
2.95575e-06
-1.02361e-06
9.95956e-07
-1.8445e-08
-2.90382e-06
2.85877e-06
-9.74105e-07
9.5566e-07
-1.10046e-08
-2.82505e-06
2.79608e-06
-9.42279e-07
9.31274e-07
-6.18535e-09
-2.77544e-06
2.75675e-06
-9.24015e-07
9.1783e-07
-3.29017e-09
-2.74428e-06
2.73211e-06
-9.14462e-07
9.11172e-07
-2.30517e-09
-2.72418e-06
2.71481e-06
-9.09874e-07
9.07569e-07
-1.3074e-09
-2.70929e-06
2.70214e-06
-9.06866e-07
9.05558e-07
-1.1527e-09
-2.69976e-06
2.69319e-06
-9.06512e-07
9.05359e-07
-7.3557e-07
-9.55673e-07
-8.21556e-07
-4.96052e-07
-2.33187e-07
-1.3788e-07
-1.00466e-07
-8.21132e-08
-7.01926e-08
-5.68954e-08
-4.56225e-08
-3.216e-08
-2.18508e-08
-1.33812e-08
-7.25927e-09
-3.36754e-09
-1.29778e-09
-7.03104e-10
9.53341e-10
9.73328e-10
-1.00055e-06
-8.38999e-06
8.27833e-06
-7.58051e-06
6.57996e-06
-8.86517e-07
-8.09804e-06
7.8353e-06
-5.6235e-06
4.73698e-06
-6.86688e-07
-7.49571e-06
7.11617e-06
-3.91407e-06
3.22738e-06
-3.35273e-07
-6.70333e-06
6.29708e-06
-2.7312e-06
2.39592e-06
-1.74098e-07
-5.92899e-06
5.5855e-06
-2.1633e-06
1.9892e-06
-1.17202e-07
-5.26168e-06
4.95708e-06
-1.85023e-06
1.73302e-06
-9.20572e-08
-4.67344e-06
4.41109e-06
-1.63045e-06
1.5384e-06
-7.62468e-08
-4.17104e-06
3.95296e-06
-1.45493e-06
1.37869e-06
-6.35631e-08
-3.75721e-06
3.58261e-06
-1.30917e-06
1.2456e-06
-5.17309e-08
-3.4291e-06
3.29531e-06
-1.1882e-06
1.13647e-06
-3.95906e-08
-3.18167e-06
3.08728e-06
-1.09053e-06
1.05094e-06
-2.80353e-08
-3.00953e-06
2.94389e-06
-1.0179e-06
9.89867e-07
-1.87803e-08
-2.89018e-06
2.84527e-06
-9.67076e-07
9.48296e-07
-1.16162e-08
-2.80955e-06
2.77968e-06
-9.33924e-07
9.22308e-07
-7.08898e-09
-2.75631e-06
2.73622e-06
-9.13773e-07
9.06684e-07
-4.39319e-09
-2.72064e-06
2.70663e-06
-9.01694e-07
8.973e-07
-2.72901e-09
-2.69597e-06
2.68575e-06
-8.94474e-07
8.91745e-07
-1.87675e-09
-2.6778e-06
2.66967e-06
-8.90001e-07
8.88124e-07
-1.74468e-09
-2.66307e-06
2.65571e-06
-8.86872e-07
8.85127e-07
-7.36278e-07
-9.56457e-07
-8.22916e-07
-4.96185e-07
-2.3262e-07
-1.38977e-07
-1.0257e-07
-8.34633e-08
-6.952e-08
-5.73998e-08
-4.59395e-08
-3.30399e-08
-2.27909e-08
-1.43714e-08
-8.53514e-09
-4.99072e-09
-2.8266e-09
-1.74407e-09
-1.25193e-09
-1.1136e-09
2.64972e-06
8.84014e-07
-1.85356e-09
2.64249e-06
8.8216e-07
-2.03131e-09
-2.63665e-06
2.62929e-06
-8.80994e-07
8.78963e-07
-1.16597e-09
-1.39852e-09
-1.02744e-05
3.9702e-05
4.07779e-05
-6.35959e-06
3.56913e-05
3.61023e-05
2.70611e-06
3.23468e-05
3.21605e-05
5.30006e-06
3.6995e-05
3.55905e-05
3.7678e-05
3.74105e-05
-7.53299e-06
8.81221e-05
-9.00679e-06
8.58104e-05
-6.21997e-06
8.63215e-05
-6.06438e-06
-7.27243e-06
4.07545e-05
7.36107e-06
-7.47043e-06
3.58007e-05
4.03798e-06
-1.08574e-06
2.93946e-05
-1.93134e-06
7.29623e-06
3.16301e-05
-8.71645e-06
8.4058e-06
3.79886e-05
1.198e-05
4.2984e-05
-6.75443e-06
-8.52635e-06
4.22778e-05
8.64712e-05
5.19311e-07
-8.39223e-07
4.43732e-05
1.10918e-06
-1.27667e-06
4.49455e-05
-5.02263e-06
8.88368e-05
1.71186e-06
1.85023e-06
-6.3905e-06
8.88872e-05
-7.31481e-06
8.90464e-05
-1.17579e-05
9.02535e-05
-7.85249e-06
9.11953e-05
-8.77925e-06
-4.29274e-05
-9.98935e-06
4.50643e-05
-3.95863e-05
6.40146e-05
-3.85122e-05
1.40839e-05
1.72034e-05
-3.50618e-06
-2.25878e-05
8.8906e-06
-8.04211e-06
2.98103e-05
-2.84941e-05
6.72596e-06
-1.85625e-05
-3.68412e-05
1.35237e-05
4.188e-05
-1.00449e-05
9.3398e-06
4.36891e-05
9.08894e-05
-8.26271e-06
-8.81688e-06
4.02882e-07
-4.46813e-05
-7.40391e-07
4.50188e-05
-4.54015e-05
1.05008e-06
-1.32555e-06
4.5677e-05
-4.52269e-06
9.00645e-05
1.83918e-06
1.45576e-06
-6.94134e-06
9.13058e-05
-1.02451e-05
9.23501e-05
-1.29077e-05
9.29161e-05
-7.58474e-06
9.5034e-05
-9.1617e-06
-4.66382e-05
-9.39882e-06
4.84523e-05
-5.10733e-05
4.39048e-05
8.82804e-06
-1.65958e-06
1.67635e-05
5.11989e-05
-6.44017e-05
-3.56071e-06
-1.43455e-05
-4.59643e-05
1.14576e-05
4.88522e-05
9.59266e-05
-9.17515e-06
-9.74738e-06
2.33848e-07
-4.53035e-05
-5.41798e-07
4.56115e-05
-4.60268e-05
8.49498e-07
-1.15618e-06
4.63335e-05
-4.48764e-06
1.60212e-06
1.16347e-06
-5.82242e-06
-8.93152e-06
-1.16713e-05
-6.90133e-06
-7.69131e-06
-4.85576e-05
-9.34783e-06
5.10041e-05
-4.60045e-05
4.55574e-05
1.03477e-05
-9.90061e-06
-4.87495e-05
1.05782e-05
4.76555e-05
-9.48414e-06
-5.00015e-05
-1.05016e-05
8.84476e-06
5.16583e-05
-7.83428e-06
-7.39149e-06
1.59683e-07
-4.58552e-05
-4.32018e-07
-4.65946e-05
7.02998e-07
-1.01359e-06
3.42849e-05
1.29382e-07
3.46124e-05
-4.22929e-07
9.54763e-08
-2.91166e-05
6.73364e-06
1.25137e-05
4.27551e-07
-2.23463e-05
1.0798e-05
4.50888e-05
-3.3841e-05
3.93938e-05
5.69494e-06
3.49717e-05
4.35322e-08
3.52789e-05
-3.40146e-07
3.29557e-08
1.06247e-05
-1.27243e-05
4.9676e-05
-4.7258e-05
-1.38164e-05
1.22126e-05
5.12798e-05
-1.13669e-05
3.55296e-05
-1.68105e-08
3.57765e-05
-2.29234e-07
-1.77005e-08
-1.11958e-06
2.05118e-06
7.59913e-06
-2.12164e-06
9.6965e-07
-3.26407e-08
4.08665e-05
8.23734e-06
-9.55917e-06
4.21884e-05
3.26698e-05
1.22706e-05
-8.71741e-06
2.91434e-05
1.9106e-06
4.88649e-06
3.41703e-05
-8.02249e-06
8.35182e-06
3.90618e-05
-9.49925e-06
4.00347e-05
4.51286e-05
7.31018e-07
-1.05861e-06
4.54562e-05
4.48536e-05
1.51459e-06
4.51892e-05
4.62829e-05
1.03532e-05
4.84435e-05
4.35136e-05
-1.68721e-05
1.31277e-05
4.33549e-05
-1.08525e-05
4.53906e-05
4.57659e-05
6.24819e-07
-9.35098e-07
4.60761e-05
4.57029e-05
1.28493e-06
4.58737e-05
4.78727e-05
9.26697e-06
4.92305e-05
4.7673e-05
-1.10632e-05
4.89889e-05
4.63838e-05
4.72978e-07
-7.2511e-07
4.6636e-05
4.63196e-05
9.86178e-07
4.64969e-05
5.02303e-05
7.951e-06
5.13564e-05
-8.20767e-06
8.81285e-06
4.99993e-05
-7.85712e-06
-2.35432e-06
-1.00033e-05
1.0698e-05
-9.00879e-06
6.65446e-06
-3.7711e-06
-4.61592e-06
-1.51359e-06
-1.21984e-08
-3.7589e-06
4.62026e-06
5.78009e-06
-1.50975e-06
6.07076e-06
-1.45051e-06
1.57541e-06
1.5945e-06
-1.12995e-07
1.62682e-06
-5.14025e-08
3.11507e-06
-3.75131e-06
7.36221e-06
-4.08644e-06
7.20151e-06
6.7698e-07
-1.1418e-06
1.65694e-06
-8.49585e-07
1.52656e-06
-3.42124e-06
-1.06038e-05
1.04643e-05
-9.65487e-06
6.23363e-06
-3.5045e-06
-5.11059e-06
-8.69051e-07
-2.20402e-07
-3.2841e-06
-5.4586e-08
-9.52113e-06
-9.06337e-06
2.99261e-06
-6.64226e-06
5.53694e-06
4.24923e-08
4.12688e-06
1.74282e-06
9.3912e-09
-4.18667e-06
4.22081e-06
-1.77851e-06
1.7879e-06
-1.29965e-08
-4.24793e-06
4.24412e-06
-1.79373e-06
1.78074e-06
-2.06966e-08
-4.24256e-06
-1.76459e-06
3.5687e-08
5.83647e-09
-1.61441e-08
2.13208e-06
9.00988e-07
2.45336e-06
-6.01322e-06
1.75754e-06
)
;

boundaryField
{
    inlet
    {
        type            calculated;
        value           nonuniform List<scalar> 
52
(
-3.53695e-05
-4.15086e-05
-3.86167e-05
-4.14397e-05
-4.16231e-05
-4.13191e-05
-4.13532e-05
-4.13045e-05
-4.13079e-05
-4.13023e-05
-4.13031e-05
-4.13015e-05
-4.13018e-05
-4.13014e-05
-4.13014e-05
-4.13014e-05
-4.13014e-05
-4.13014e-05
-4.13014e-05
-4.13014e-05
-4.13014e-05
-4.13014e-05
-4.13014e-05
-4.13014e-05
-4.13014e-05
-4.13014e-05
-4.13014e-05
-4.13014e-05
-4.13014e-05
-4.13014e-05
-4.13014e-05
-4.13014e-05
-4.13014e-05
-4.13014e-05
-4.13014e-05
-4.13018e-05
-4.13015e-05
-4.13031e-05
-4.13023e-05
-4.13079e-05
-4.13045e-05
-4.13532e-05
-4.13191e-05
-4.16231e-05
-4.14397e-05
-3.86167e-05
-4.15086e-05
-3.53695e-05
-8.31679e-06
-8.31679e-06
-8.31679e-06
-8.31679e-06
)
;
    }
    outlet
    {
        type            calculated;
        value           nonuniform List<scalar> 0();
    }
    wall
    {
        type            calculated;
        value           uniform 0;
    }
    empty_zmin
    {
        type            empty;
    }
    empty_zmax
    {
        type            empty;
    }
    procBoundary0to1
    {
        type            processor;
        value           nonuniform List<scalar> 
39
(
9.66898e-05
9.45465e-05
9.3709e-05
9.3302e-05
9.21105e-05
9.20724e-05
9.19853e-05
9.21975e-05
4.6266e-05
3.41589e-05
4.54028e-05
3.43828e-06
1.33139e-06
9.17866e-05
9.26406e-05
9.54592e-05
9.5656e-05
9.79553e-05
9.89729e-05
4.61275e-05
4.69052e-05
-1.39266e-06
5.12638e-05
3.68387e-05
-3.05692e-06
-1.19212e-06
3.73261e-05
5.0465e-05
5.26141e-05
-9.31603e-07
1.15199e-06
3.59688e-05
-2.15578e-06
4.98785e-05
5.07512e-05
4.6907e-05
4.6876e-05
4.23062e-06
1.7439e-06
)
;
    }
}


// ************************************************************************* //
