/*--------------------------------*- C++ -*----------------------------------*\
| =========                 |                                                 |
| \\      /  F ield         | OpenFOAM: The Open Source CFD Toolbox           |
|  \\    /   O peration     | Version:  2406                                  |
|   \\  /    A nd           | Website:  www.openfoam.com                      |
|    \\/     M anipulation  |                                                 |
\*---------------------------------------------------------------------------*/
FoamFile
{
    version     2.0;
    format      ascii;
    arch        "LSB;label=32;scalar=64";
    class       volScalarField;
    location    "2.53";
    object      initialResidual:p;
}
// * * * * * * * * * * * * * * * * * * * * * * * * * * * * * * * * * * * * * //

dimensions      [0 0 0 0 0 0 0];

internalField   nonuniform List<scalar> 
2284
(
8.26253e-11
-7.19587e-10
-6.08095e-10
1.44825e-11
7.22422e-11
-4.45968e-10
1.69357e-10
3.72834e-10
-3.32316e-10
4.34872e-10
-1.22649e-09
3.51777e-10
2.08257e-11
-1.17968e-10
1.2027e-10
-1.37295e-10
-2.63458e-10
-2.24962e-10
-1.05228e-10
-9.76394e-11
-4.14651e-12
-6.55943e-13
2.12113e-11
-1.4644e-11
-3.30741e-13
-4.17199e-14
-1.28806e-12
-5.99927e-12
-3.15962e-11
-1.98892e-11
3.30082e-11
3.33591e-11
-1.58106e-11
-7.04645e-12
-6.83014e-11
-5.14834e-11
-2.67675e-10
4.56456e-12
-1.01934e-11
-2.60864e-12
-6.17089e-12
-4.87099e-12
1.71546e-11
7.39828e-11
-8.46945e-12
-1.1018e-11
2.40763e-11
2.97006e-11
-3.13848e-11
5.99319e-11
-2.78485e-11
-3.96721e-11
-1.17572e-11
-5.21342e-13
1.32852e-11
1.82215e-11
2.07231e-11
-4.28969e-11
-7.67479e-11
-3.95298e-11
3.03432e-11
4.29948e-12
6.11316e-12
5.54961e-11
-3.28681e-10
7.41819e-11
1.37885e-11
1.59027e-11
4.71677e-12
-1.7607e-11
5.3496e-11
-3.98899e-11
1.95572e-10
2.10323e-11
5.08102e-11
-1.5618e-11
-7.00931e-11
3.12089e-10
4.15857e-11
-9.24895e-12
1.95479e-12
1.50168e-12
3.78369e-12
-2.03814e-12
-4.63495e-12
-8.4711e-12
2.50991e-11
3.51343e-11
1.8639e-12
-3.45205e-12
-5.3686e-13
-2.07213e-12
-1.08083e-12
2.55057e-12
-3.05147e-12
2.08336e-11
-2.56132e-12
-4.94011e-11
8.55138e-12
-5.75427e-13
2.57534e-13
-4.7567e-12
3.32788e-12
-2.21692e-12
-5.68457e-12
-1.73319e-11
4.00524e-11
1.81418e-10
-2.14087e-11
5.18082e-12
6.79624e-13
3.68984e-11
7.5721e-11
5.48216e-12
-1.30431e-10
-1.35588e-11
2.11827e-11
-1.66726e-12
-4.18722e-11
-3.74569e-11
7.7808e-11
1.55629e-10
-6.54967e-11
-2.92042e-11
-1.14453e-10
-2.78663e-11
6.33224e-10
-9.88459e-11
3.30288e-12
5.56965e-11
7.52279e-11
-2.24252e-10
1.20955e-11
6.35593e-13
3.94846e-12
-5.71083e-11
6.84954e-11
-2.80769e-11
5.66286e-11
3.85554e-11
-1.41976e-11
-4.42041e-11
1.51914e-13
8.79999e-11
4.05477e-11
-1.59469e-10
-4.0888e-11
8.4105e-11
1.74397e-09
-1.62588e-09
-3.26538e-10
3.4257e-11
2.42801e-11
-4.29135e-11
1.27851e-11
3.26529e-10
3.96963e-11
-3.93546e-12
-1.2422e-11
-3.08717e-11
-1.47238e-10
6.12235e-11
5.71863e-11
2.21436e-11
4.30383e-11
-2.53572e-11
-1.70302e-11
-5.29821e-11
-1.18657e-10
1.88988e-11
5.71907e-11
8.21314e-12
-2.43435e-11
-1.3459e-11
6.19709e-11
4.62581e-11
-1.01925e-10
2.84271e-11
2.13823e-10
-1.74588e-10
-2.85027e-11
-2.33049e-11
2.63156e-13
7.25261e-11
-1.9393e-10
2.82186e-11
1.8923e-10
-6.28968e-11
2.44383e-11
1.19376e-10
8.87852e-12
-8.0681e-11
9.40241e-11
8.3853e-11
3.2e-11
3.79787e-11
2.95032e-11
-5.64702e-11
2.27685e-11
-9.74381e-11
5.39552e-11
-4.84475e-11
2.03072e-10
-1.66043e-10
-5.66483e-14
1.02772e-10
-3.41689e-11
7.58684e-11
1.85991e-10
-2.37172e-10
-5.37488e-11
-2.6599e-11
-1.60634e-10
6.02176e-11
7.31787e-11
1.22431e-10
2.58219e-11
-7.59227e-11
-1.41387e-10
-1.03765e-10
3.74994e-12
3.06518e-10
-1.68517e-09
4.17648e-10
-2.20473e-10
-1.30649e-11
-2.07875e-10
5.71546e-10
8.94378e-12
-1.16959e-10
-2.2971e-11
-1.40991e-10
-4.16118e-11
1.31536e-10
-3.52493e-11
1.11452e-10
1.33652e-10
-2.78443e-10
7.7541e-12
-6.51428e-11
-8.05189e-11
-1.40362e-10
1.79088e-10
2.56519e-10
-2.09646e-12
-2.69588e-10
1.69717e-09
-1.57614e-10
3.073e-10
1.22052e-09
5.45021e-10
-8.02727e-10
-1.57313e-10
-3.60445e-11
1.77166e-10
1.25252e-10
9.64543e-11
8.99132e-11
-4.17132e-11
-1.61666e-10
-3.55851e-11
1.71946e-10
4.12585e-11
-1.2324e-10
-1.13818e-10
1.85742e-10
-3.24769e-11
-1.09652e-10
-1.07393e-11
2.00022e-11
-1.00698e-10
-2.7084e-11
2.48595e-10
3.02261e-10
-2.68824e-11
1.69632e-09
1.41382e-10
1.05253e-10
-9.01791e-11
6.31174e-11
4.38195e-09
-4.6757e-09
-9.83056e-11
2.83839e-11
-6.03554e-11
-1.92337e-11
1.92639e-12
2.19819e-10
2.71356e-10
1.69647e-11
-1.90462e-10
-1.39377e-10
-2.02121e-11
-8.4939e-11
-9.43878e-11
4.99819e-11
2.27031e-10
1.26574e-10
7.43183e-10
-1.67932e-09
6.36544e-11
-2.15146e-11
-2.55687e-10
-1.61586e-10
1.5692e-10
2.43315e-10
-1.16143e-10
3.36864e-10
7.68947e-11
-2.93516e-10
-8.61216e-11
2.81706e-10
-1.02757e-10
-3.73137e-10
1.0716e-10
1.83036e-10
-1.30972e-11
1.67255e-10
-1.16524e-10
-5.32196e-11
1.37474e-10
-1.38397e-10
4.86456e-12
8.68688e-10
7.7977e-11
-1.22072e-10
5.70897e-11
4.96237e-12
3.49205e-10
-2.64291e-10
2.56513e-11
-6.48502e-10
1.95661e-10
9.40862e-10
-1.21642e-10
-8.4497e-10
-1.45507e-10
3.88257e-10
3.18589e-11
-1.49744e-10
-1.0623e-10
4.42739e-11
1.24469e-10
6.09087e-11
-7.04568e-11
2.43584e-10
2.99316e-10
-5.44636e-10
1.01316e-10
1.73629e-10
-1.97229e-11
-4.13968e-10
-1.12286e-10
-6.08341e-11
-2.18656e-13
-1.61491e-10
-9.64728e-11
-1.18978e-10
3.47621e-10
5.40906e-10
4.67608e-11
-7.19806e-11
1.80652e-11
7.8802e-11
-8.27456e-13
-1.17335e-10
6.87724e-11
1.15785e-11
1.00477e-10
9.49324e-10
-2.5185e-10
5.12761e-10
-3.40335e-11
-5.91847e-10
-2.72573e-11
1.60232e-10
2.46438e-10
4.07694e-10
8.38661e-11
7.76086e-10
-1.3884e-10
-9.99893e-10
-2.61303e-10
1.82977e-10
3.82258e-10
1.38762e-10
-1.92525e-11
-1.14818e-10
7.3824e-11
2.94521e-11
-7.05677e-11
-1.01029e-11
-8.86589e-11
-1.96847e-10
3.24221e-10
-1.22705e-09
1.06697e-11
4.18008e-10
2.04524e-10
3.9161e-10
3.32503e-10
-3.92715e-10
-4.64367e-10
-6.94396e-10
1.43999e-10
5.24152e-10
6.29374e-10
1.59082e-10
-1.2484e-09
-9.42321e-11
-3.16813e-11
1.05907e-10
8.02006e-11
1.52243e-11
2.16153e-10
3.93485e-11
8.49564e-11
-1.4584e-11
-3.85256e-10
2.06396e-09
1.99017e-10
-9.06877e-10
5.0753e-10
4.73618e-10
-8.04844e-10
-4.40375e-10
1.19195e-09
7.73069e-11
-1.19194e-09
-2.13024e-10
2.53922e-11
-2.08283e-10
7.16861e-10
7.24292e-11
1.46656e-10
6.24451e-12
-1.95455e-10
-2.10136e-11
-3.23737e-10
-4.02527e-11
-6.8398e-11
6.53967e-11
7.70331e-10
-8.02935e-10
-5.58606e-10
8.57728e-10
-2.47601e-09
-1.14299e-09
2.02342e-09
1.45491e-10
-5.19146e-10
1.2082e-09
1.73484e-09
-6.79095e-10
-1.18712e-09
-1.9053e-10
3.49859e-10
4.98878e-11
-1.75246e-10
-2.56824e-11
1.73767e-10
-1.56469e-11
1.0134e-10
-2.5835e-11
4.18817e-11
8.64624e-11
3.16384e-10
-8.569e-10
2.43839e-10
9.62916e-10
8.54913e-10
7.98442e-10
-5.94331e-10
2.86712e-10
-9.43552e-10
-1.58622e-09
1.78273e-10
1.30959e-09
-2.99285e-10
1.07481e-09
-2.16229e-10
-3.22817e-10
1.30648e-10
6.16417e-11
-9.7827e-11
6.24467e-11
1.30806e-10
4.74784e-11
-1.59149e-11
-1.40579e-10
-5.37807e-11
3.42821e-10
2.08697e-10
-1.11256e-09
5.93788e-10
7.22386e-10
-7.01323e-10
-2.89302e-10
5.5693e-10
2.22645e-11
-8.46544e-10
1.10229e-10
1.07189e-09
-7.15798e-10
-3.45293e-10
6.07868e-10
-2.94801e-11
-1.0074e-10
-2.15524e-10
-7.65513e-11
-1.09826e-10
-3.10918e-11
5.96669e-11
6.58493e-11
-4.70082e-11
1.48968e-10
-7.41857e-11
2.59745e-10
-7.72871e-10
-6.41047e-10
3.42037e-10
-1.12536e-10
1.72568e-11
9.87211e-11
1.73951e-10
6.63632e-11
3.72702e-11
4.19686e-11
-7.31945e-11
2.66368e-11
-7.18622e-10
-2.42235e-10
-2.53111e-10
1.8806e-11
-3.34025e-11
7.25074e-12
-1.73045e-11
4.42741e-11
3.01026e-11
5.35259e-10
3.22232e-10
1.46062e-10
1.12241e-10
2.36063e-12
-7.72913e-11
3.58279e-12
-5.26771e-12
-1.60686e-10
2.67461e-10
1.33024e-10
-4.94955e-12
-2.03521e-11
2.33563e-11
1.24634e-10
1.15226e-10
-7.4371e-11
8.01322e-11
-3.16733e-10
-1.43841e-10
-1.45475e-10
-1.03857e-10
-1.46148e-10
-9.491e-11
3.59297e-11
-3.64182e-12
3.55501e-12
3.48177e-12
-5.34008e-12
7.54742e-13
-4.04927e-12
-4.39793e-11
1.59851e-12
1.38272e-11
-7.41514e-12
-3.5658e-12
-5.97472e-12
1.16192e-10
2.7775e-12
-2.22902e-12
-8.44087e-11
-1.28349e-12
4.35786e-12
-1.52628e-10
-1.43017e-11
3.50376e-11
-1.76652e-10
-2.93192e-10
-3.26476e-11
-9.78573e-11
3.51842e-11
-4.41001e-11
-2.44626e-10
-4.98576e-13
1.20163e-11
-3.17177e-11
1.18821e-11
5.59245e-12
6.24095e-11
-4.5547e-11
8.25408e-12
-7.66027e-12
-1.94001e-11
-2.36054e-11
-3.89306e-11
-9.19705e-11
1.0267e-10
5.74739e-11
1.51319e-11
-2.9281e-11
-5.06882e-11
-8.90009e-11
-1.54363e-11
-4.33592e-11
1.55054e-10
-1.00211e-10
3.84553e-11
6.23238e-11
5.97439e-11
-3.50095e-11
-2.10282e-10
1.31341e-10
-1.90165e-12
3.74366e-11
-3.51856e-11
8.21467e-11
-4.90586e-11
3.8432e-12
-1.46314e-11
7.24903e-12
-1.35612e-12
-9.40548e-12
-2.49615e-11
4.10405e-12
-2.16512e-12
-1.53218e-11
-8.75004e-12
5.95642e-12
2.17567e-11
-1.94726e-11
2.91065e-11
2.66321e-11
1.56856e-11
-4.34928e-11
-1.85157e-10
-3.06957e-10
-3.5088e-11
-5.1709e-11
-1.18436e-11
7.07622e-11
-9.98565e-11
2.56302e-11
-4.6802e-11
7.40673e-11
2.21292e-10
-2.37092e-10
-2.9939e-11
-5.42245e-11
4.08594e-11
3.57409e-11
1.24772e-11
-5.32055e-11
-2.14964e-10
1.94992e-10
-2.0288e-10
1.10373e-10
-3.37075e-11
2.56979e-11
-4.46549e-11
1.13792e-10
-5.19359e-11
-5.88586e-11
9.08057e-11
-1.79495e-10
-1.06358e-10
-2.79552e-11
-6.57496e-11
8.76232e-11
-1.07063e-11
2.39773e-11
-1.00766e-10
7.57714e-10
7.46674e-10
5.36537e-11
9.76247e-11
-5.19605e-11
-5.77671e-11
-4.01046e-11
-2.36615e-11
-1.27931e-10
-1.1567e-09
2.05959e-10
-2.89319e-10
-2.26049e-10
-1.14288e-10
-8.64343e-10
1.87732e-10
8.43321e-11
-6.14413e-10
3.60591e-10
-6.14321e-10
5.53817e-11
1.03453e-10
-8.94759e-11
4.22359e-11
-2.1642e-10
-1.95428e-11
-2.45908e-10
-6.3036e-10
1.52276e-09
2.93178e-11
-8.74266e-11
1.66442e-10
-1.3725e-10
1.88527e-10
3.69592e-11
-5.4779e-10
-8.05959e-10
-9.92961e-11
-6.14511e-11
5.6975e-11
-1.9483e-10
2.84223e-10
-1.66445e-10
3.88031e-11
1.70983e-10
2.40399e-10
-1.85604e-10
7.58891e-11
-1.66432e-10
1.08389e-10
-3.08714e-10
-5.39273e-11
-5.03889e-11
-2.12634e-10
-9.4482e-11
1.85535e-10
-1.22447e-10
-8.12191e-10
-1.33927e-10
1.23215e-10
2.00139e-11
2.70624e-10
2.81613e-10
2.39011e-11
-1.43413e-10
8.78876e-11
8.68972e-11
3.83034e-11
9.55041e-12
1.19519e-11
-2.71909e-10
-1.78988e-10
-2.98527e-12
4.02575e-11
-7.75831e-11
-3.57059e-11
-2.07233e-10
4.06471e-11
-1.80816e-10
1.6564e-10
-2.75138e-10
8.28399e-11
-7.5902e-11
4.71697e-11
2.51624e-10
1.36215e-10
-1.49943e-10
3.88517e-10
-1.70809e-10
-3.46758e-10
2.25627e-11
6.23016e-11
3.17132e-11
1.0541e-12
-2.04978e-11
-7.03056e-11
-5.48605e-10
-1.5363e-10
1.61832e-10
-6.57067e-11
6.74203e-11
-9.99125e-11
-1.70199e-10
-6.05192e-11
2.07579e-10
1.0929e-10
3.02685e-10
1.53844e-10
-1.22339e-11
-2.14967e-11
2.50963e-11
-1.98476e-11
1.40871e-10
4.28075e-11
2.59071e-10
-1.33955e-10
-1.92363e-10
-1.38955e-12
1.93657e-11
3.8415e-11
-1.28856e-11
-2.63755e-11
-6.17197e-11
5.23593e-11
-3.45485e-12
1.12432e-11
-2.38251e-11
1.00931e-12
-6.46525e-11
1.17469e-11
1.76542e-11
-3.81105e-11
1.71949e-11
-6.04005e-13
-1.49893e-11
2.55507e-12
3.54571e-12
-1.00642e-12
-2.78527e-11
8.41021e-12
1.51635e-11
-3.54662e-12
6.68809e-12
-1.02808e-12
-2.05795e-11
2.30112e-12
6.58646e-11
-2.07442e-11
-2.03266e-11
1.093e-12
-2.07692e-10
1.78802e-10
1.7296e-10
-2.19829e-11
-2.15139e-10
-1.63556e-11
7.40678e-11
-1.00231e-11
-1.177e-10
2.33351e-11
3.52224e-11
-6.20652e-12
-3.01641e-11
7.42764e-12
-1.43009e-12
1.16328e-12
4.86225e-12
-3.37044e-12
-2.03433e-11
5.86086e-12
2.82057e-11
-5.23003e-12
-1.75926e-11
3.29245e-12
8.60471e-13
-3.33638e-13
1.98933e-11
3.47991e-12
-3.46616e-11
9.14544e-13
1.15006e-11
2.36065e-12
8.78284e-12
-3.37745e-12
-1.89226e-11
2.82836e-12
2.43658e-11
-2.57484e-12
3.04622e-11
-1.30616e-11
-4.48978e-11
8.95036e-12
4.98201e-11
5.12059e-13
-7.78384e-11
1.28061e-11
2.33904e-11
6.11739e-12
4.71299e-11
-1.12328e-11
-3.77359e-11
-5.65329e-12
6.65121e-11
3.50377e-12
-2.50437e-11
-3.99306e-12
6.36651e-12
2.57482e-12
1.96499e-11
-5.56771e-12
-2.65271e-11
5.29661e-12
1.41717e-11
-2.30917e-12
2.70486e-12
-1.40732e-13
-1.95461e-11
-6.48594e-13
2.07932e-11
1.20594e-12
-1.16747e-11
-4.26847e-12
-4.68731e-12
2.59715e-12
3.29058e-11
-2.17127e-12
-2.67277e-11
-6.83312e-13
-2.63789e-12
3.43021e-12
5.99632e-12
-1.35117e-12
-1.12693e-12
1.56619e-14
2.11155e-12
-2.8977e-13
-4.54344e-12
9.63221e-13
1.21419e-12
-2.43014e-13
3.37131e-12
-1.30056e-12
-2.15144e-12
4.42311e-14
-2.13863e-12
1.22572e-11
4.26373e-12
-2.14025e-12
-1.74418e-11
4.82417e-12
-1.42277e-12
4.9098e-13
2.13531e-11
-3.72692e-12
-2.17105e-11
5.12456e-12
5.16321e-12
-1.70755e-12
5.88922e-12
3.22846e-12
-2.2131e-11
1.86612e-13
1.10886e-11
-4.92473e-12
1.00909e-11
-3.53611e-12
1.11658e-11
6.90184e-12
8.9586e-12
3.67835e-12
-2.45109e-11
-3.73275e-12
-5.6118e-13
6.24178e-13
-7.28702e-13
-3.71802e-13
6.14681e-12
-8.17519e-13
-1.03184e-11
1.32641e-12
1.7752e-11
-6.21324e-12
-2.07798e-11
5.6183e-12
-3.4287e-12
1.7144e-12
2.88061e-12
4.44571e-13
7.08575e-12
-8.80123e-13
-4.60633e-12
-9.12152e-13
-9.09294e-12
8.21734e-13
1.67652e-11
-1.6266e-12
-2.7322e-11
2.23094e-12
3.27354e-11
-6.28593e-12
5.75068e-12
2.55587e-12
-1.37351e-11
5.06625e-12
-2.43299e-11
8.05129e-13
8.22831e-12
-9.72633e-12
-1.68974e-11
9.38791e-13
4.43164e-11
1.07099e-11
-1.36731e-12
7.47943e-12
1.87281e-11
1.70835e-11
1.28745e-11
-1.69394e-12
-2.47434e-11
-4.10103e-11
9.02323e-11
-1.93772e-10
3.01036e-11
-1.81701e-11
4.17659e-12
1.4607e-11
-1.25626e-11
-2.97219e-11
-2.97445e-12
-4.55834e-11
-3.20498e-12
1.15018e-10
-1.11629e-12
1.77372e-10
-2.04082e-11
-1.03994e-11
-1.77094e-12
1.64465e-11
1.9797e-10
-9.17079e-11
9.06565e-12
-8.76424e-11
-2.8395e-11
-4.06864e-12
-5.35777e-12
1.26926e-11
-1.08092e-11
2.23495e-12
2.38693e-12
7.34436e-13
-7.37267e-13
4.77535e-12
1.08732e-11
6.60907e-13
-2.09787e-11
5.85172e-12
-5.2397e-13
-7.00739e-12
-1.69645e-12
2.08529e-12
4.62852e-13
2.08967e-11
-8.50459e-12
6.45782e-13
7.12652e-14
-2.09525e-13
1.05643e-13
1.02588e-12
-2.70757e-12
5.44815e-12
2.21457e-14
-5.48873e-13
4.62714e-13
-3.00627e-13
-2.43211e-13
9.68045e-14
1.06312e-14
-7.65303e-14
-1.32564e-12
4.13229e-13
7.90984e-13
-8.16773e-13
3.54012e-14
-1.05276e-12
-3.78758e-13
6.46262e-12
3.25294e-12
2.94496e-12
1.63454e-12
-2.45959e-12
1.76437e-12
1.47755e-13
2.00855e-12
-1.77158e-12
8.20271e-13
1.79507e-13
-5.13198e-13
1.89614e-13
-1.15914e-14
-3.72664e-13
-2.81136e-15
2.36154e-13
5.75907e-13
7.35464e-13
-1.56246e-12
5.02287e-13
-5.07699e-13
-1.89285e-12
9.66472e-13
2.75351e-12
2.27511e-11
7.47985e-13
-2.67135e-12
2.36229e-12
-3.25832e-12
-9.55062e-13
2.43575e-12
2.88435e-12
-1.92967e-12
-7.96876e-13
2.71137e-13
-7.37286e-13
2.01602e-12
1.48931e-12
1.55233e-13
6.90475e-13
1.17695e-12
6.23733e-13
-3.13949e-12
-5.2776e-12
-2.51754e-12
-5.79192e-12
6.9079e-12
-8.55665e-12
-1.18337e-11
1.86202e-11
1.7026e-11
3.73434e-12
-3.86873e-12
5.32591e-13
9.85719e-13
6.71961e-14
1.28041e-12
1.14516e-12
-1.75817e-12
-2.19896e-13
-1.00243e-12
-2.14063e-13
-4.16809e-13
-9.11693e-13
-1.08727e-12
-4.01931e-12
6.01917e-13
-5.16949e-13
5.79193e-12
3.17602e-12
-2.39633e-12
1.52929e-11
7.27311e-12
-3.63375e-11
8.74459e-12
9.42359e-12
-5.27881e-12
-1.10335e-12
2.85682e-13
-2.5029e-12
1.05857e-12
1.85614e-14
2.1742e-12
1.45469e-12
-2.17392e-12
-2.69878e-12
-8.05051e-14
-1.18797e-13
-3.28114e-14
3.31012e-12
5.679e-12
6.66762e-12
-9.90213e-13
6.70738e-12
-6.4494e-12
1.65198e-12
2.08788e-11
1.92676e-12
-3.23346e-11
-1.60079e-11
1.85843e-12
1.59965e-13
-3.2928e-13
1.2375e-12
-2.13438e-12
-1.02935e-12
-4.72464e-13
-8.57743e-13
2.34865e-12
2.58708e-12
4.93327e-13
1.88621e-12
2.40594e-12
5.34606e-13
-3.36103e-12
-3.76127e-12
-5.10336e-12
3.65711e-11
-3.59821e-11
-1.84448e-11
-1.60789e-11
2.07771e-11
2.25429e-11
6.61478e-12
1.92553e-12
-1.32718e-13
7.02779e-13
-1.27964e-12
1.14042e-12
8.40494e-13
-6.89341e-13
1.14404e-12
-1.38823e-12
3.96805e-13
5.0738e-13
-1.06538e-12
-1.81445e-12
-4.55036e-12
3.89285e-13
4.17086e-12
-6.76924e-13
1.31925e-12
-2.06215e-12
1.53909e-11
3.75152e-12
-5.66725e-12
-7.26149e-12
-7.61241e-12
-3.34481e-12
4.18154e-13
-1.16769e-12
-1.41868e-12
-1.28374e-12
-4.2232e-13
1.28379e-12
-8.22521e-13
9.82641e-13
-1.60669e-12
-9.16267e-13
-1.79718e-12
5.95761e-14
3.56684e-12
-2.46256e-12
4.39695e-13
-3.72856e-12
-6.29078e-12
2.56935e-12
-1.39811e-11
-7.97224e-12
9.54023e-12
4.57109e-12
1.02662e-14
-1.06789e-12
-2.5526e-14
6.26542e-14
-6.74037e-14
1.78702e-12
1.01767e-12
-2.08871e-12
-7.014e-13
-1.52799e-12
-1.1855e-13
-3.0443e-13
2.20802e-12
-1.30788e-13
-7.89033e-13
3.05138e-13
-1.98341e-12
5.53846e-12
3.63879e-12
2.48314e-12
2.18845e-11
8.52567e-12
-2.80316e-11
-6.71737e-12
3.15021e-12
4.01115e-12
7.61304e-13
-1.47473e-12
-1.54699e-12
2.02875e-14
-4.17213e-13
1.37482e-12
1.48759e-12
3.24579e-13
2.53788e-13
9.26057e-13
-2.02359e-12
-5.42827e-13
2.93977e-13
4.37184e-12
2.38586e-12
2.43482e-12
-7.07211e-13
-1.6901e-12
-1.15089e-11
3.28901e-12
3.23786e-11
-1.35218e-12
-5.46259e-12
4.20585e-12
-5.42271e-13
-3.51713e-12
3.72566e-12
-2.24331e-12
-1.08836e-12
-8.64835e-13
-7.28968e-13
1.29278e-12
8.88661e-13
-5.66938e-13
1.34762e-12
3.75069e-12
2.84579e-12
-2.07542e-12
2.11007e-12
-5.851e-12
6.36692e-12
-7.60158e-12
-6.72456e-12
-8.76561e-12
-2.89805e-11
2.6551e-11
1.17612e-11
5.59906e-13
-1.04437e-12
1.43965e-12
1.4806e-12
3.43096e-12
1.31934e-12
4.11517e-13
-3.6962e-13
-1.48549e-12
-1.34522e-12
1.50107e-12
2.24142e-12
-4.4065e-12
-3.45739e-12
-3.72088e-12
-7.78339e-12
-3.43148e-13
-1.49117e-11
1.77419e-12
1.82731e-11
1.00945e-11
1.14407e-11
-1.5839e-11
-1.79466e-11
-6.57819e-12
-2.9631e-12
5.75342e-12
-5.93637e-12
-2.86486e-12
-7.29443e-13
-7.03161e-14
3.0223e-13
5.89447e-13
1.85687e-12
-2.44209e-12
-4.44742e-12
-7.75692e-13
-1.44809e-12
1.88632e-13
3.32523e-12
2.52331e-12
1.00259e-11
9.57999e-12
-2.82267e-11
-1.07563e-11
9.67295e-12
-2.1652e-13
2.72695e-11
2.26609e-12
-3.09534e-12
-1.52416e-12
-9.57347e-13
1.7589e-12
5.69648e-14
-7.60159e-13
-3.87283e-13
-6.42994e-13
-2.45587e-12
-1.70454e-13
3.13132e-12
3.44684e-12
5.17154e-12
6.12933e-12
7.53225e-12
1.06073e-12
8.2172e-12
-1.27057e-11
3.06999e-11
1.65913e-11
-4.50182e-11
-6.74278e-11
-9.61941e-12
-1.02001e-12
-1.10292e-12
1.59219e-13
5.61168e-12
5.36236e-13
2.349e-13
1.51012e-12
2.07604e-13
7.5474e-13
1.18899e-12
2.052e-12
4.59678e-13
-1.73001e-12
-2.0353e-12
-7.10462e-12
-1.0558e-11
-3.02013e-13
-3.85847e-11
8.96568e-12
-2.81273e-11
6.79572e-12
6.18356e-11
-2.24849e-11
7.81379e-11
-1.06865e-11
5.46836e-12
5.54329e-12
-5.08388e-12
-1.91271e-12
-4.99301e-13
-1.67077e-12
-1.53904e-13
-9.91912e-14
2.1528e-12
-2.23518e-12
-2.35312e-12
-8.58819e-13
-1.85284e-12
1.50496e-12
5.66642e-12
-1.09643e-12
2.91987e-11
9.11383e-12
8.93969e-12
1.25097e-12
-6.11535e-11
3.0336e-12
-2.79759e-11
1.03921e-11
-1.35698e-12
2.36383e-11
-6.91407e-14
4.25194e-12
-2.71843e-13
7.86248e-13
7.44456e-14
-8.66556e-13
-3.38677e-12
1.84939e-12
3.0458e-12
2.717e-12
4.13378e-12
5.22751e-12
6.91869e-13
5.28147e-12
4.19597e-12
-1.60029e-11
9.92795e-12
4.31861e-12
1.74467e-11
-2.12775e-11
5.14253e-12
1.92323e-12
-2.60746e-12
-3.29572e-12
-3.99656e-12
-6.60884e-12
1.31292e-12
5.94915e-13
-5.89183e-13
1.57496e-12
1.93143e-12
-6.99384e-13
-2.54287e-12
-1.98345e-12
-4.20304e-12
-6.26426e-12
-7.65334e-12
-7.26542e-16
-4.93903e-11
2.32076e-11
-1.78958e-11
-5.7501e-11
2.93712e-11
1.02786e-10
2.81154e-12
-2.07249e-13
1.0025e-13
-4.21088e-12
-1.28212e-11
9.10785e-12
-5.92609e-13
-8.40736e-13
7.82909e-13
-1.58075e-12
-1.57423e-12
-1.75246e-12
-8.71521e-13
-1.54643e-12
-9.52564e-14
-7.31076e-12
-2.68446e-12
4.51753e-13
5.10686e-11
-1.06802e-11
2.14213e-11
5.18208e-11
-7.44178e-11
-7.85967e-12
7.45828e-13
3.16582e-12
-1.56177e-13
2.97083e-12
4.27273e-12
3.42414e-12
3.19504e-12
-8.12209e-13
-3.28017e-12
-1.40973e-12
-2.52465e-13
-3.71464e-12
8.78254e-13
1.94246e-12
3.14468e-12
2.92619e-12
-4.66779e-12
6.21458e-13
-7.62329e-13
-3.46719e-13
-7.50422e-14
4.06929e-13
-3.1511e-14
2.30415e-14
1.56673e-13
-2.22404e-13
2.30178e-14
-4.20207e-14
-7.98626e-14
5.94358e-14
-1.36446e-13
1.83014e-13
-6.87023e-14
-2.23313e-13
3.90239e-13
4.25702e-13
-4.43842e-13
-3.73369e-13
5.21742e-14
4.27163e-13
-1.59216e-13
-4.30682e-13
7.51042e-13
6.19468e-13
-1.01772e-12
-1.10778e-13
1.23168e-12
-4.69586e-13
-1.80328e-12
3.71729e-13
3.51671e-12
7.64763e-12
-2.90385e-12
-1.05001e-12
-6.55128e-12
2.1706e-13
1.77217e-12
-2.69022e-12
7.17637e-13
-4.57638e-14
3.44585e-12
-5.79085e-13
9.36246e-13
2.06014e-12
-3.80137e-13
1.53085e-13
4.46165e-12
-3.76275e-13
-3.40797e-13
4.93885e-12
1.48714e-12
3.84857e-13
-4.44259e-12
-1.59719e-12
8.72404e-13
-2.65692e-12
-1.59716e-12
6.21653e-13
3.1851e-12
4.13834e-13
-1.07952e-13
-1.29461e-12
9.38879e-13
-2.50739e-12
-8.34582e-12
2.703e-12
-2.35351e-12
8.70479e-13
2.11442e-12
-3.0289e-12
4.77977e-12
2.10666e-12
-2.12629e-14
-3.86876e-13
-1.80069e-12
5.63222e-12
3.83606e-12
-4.93883e-12
2.31258e-12
-2.30083e-12
1.01176e-12
-3.46152e-12
-2.58191e-12
2.16415e-12
1.05385e-12
1.01678e-12
-3.7714e-12
3.91591e-12
-7.08739e-12
-8.94937e-13
-3.04816e-12
5.44102e-12
6.52595e-12
-4.37373e-12
1.44849e-11
-2.58419e-13
1.4698e-12
-1.74449e-12
-2.21227e-12
7.3273e-13
2.17557e-13
-4.22885e-14
-1.5452e-12
-8.64746e-14
-3.28008e-13
5.25103e-13
-1.22155e-13
2.19227e-13
-5.13252e-15
4.17921e-13
-1.142e-13
-4.24563e-13
1.86891e-13
-2.79522e-13
1.16739e-13
-2.619e-13
-2.70743e-14
1.27184e-13
-2.22865e-13
-9.16518e-14
-3.4573e-15
-3.40292e-13
-1.49803e-13
-2.17697e-13
3.52583e-13
-7.15225e-13
9.01143e-14
1.28383e-13
8.19964e-13
-4.9682e-13
1.43957e-12
-6.73387e-13
-2.35699e-12
-3.57263e-13
-9.23647e-14
1.184e-12
-5.05252e-13
-7.14063e-13
-8.21856e-13
6.33304e-13
8.98037e-13
1.28941e-12
-1.42173e-12
-1.81868e-12
4.70803e-13
1.23611e-12
4.30996e-13
-3.44607e-12
3.01813e-14
-1.23674e-11
-1.41907e-11
6.26117e-12
-1.63348e-12
-2.86124e-11
3.52068e-11
-4.52075e-13
-2.29898e-12
2.43331e-12
-7.86428e-13
4.72043e-12
1.84991e-12
1.58764e-13
-5.45083e-12
8.56817e-13
2.12426e-12
-4.51188e-13
8.74151e-13
-8.66158e-14
-2.68703e-13
-2.36079e-12
-5.0867e-13
-7.79867e-13
2.06762e-12
1.07672e-13
2.66286e-13
-9.93455e-13
-8.45525e-14
-9.41356e-13
5.36473e-13
2.4506e-13
7.26028e-13
4.46185e-14
-2.41569e-13
-6.14862e-13
-2.31558e-13
1.80704e-13
2.44786e-13
2.5094e-13
-1.27409e-13
6.995e-14
-3.75913e-13
-3.02409e-14
-5.91232e-13
-8.51688e-14
-4.48799e-13
1.54174e-13
-2.67657e-13
-1.75601e-12
5.94383e-13
-1.0369e-12
1.42426e-12
1.48657e-12
2.88523e-13
-1.56788e-12
8.83613e-13
2.93962e-13
1.85444e-12
1.04428e-12
1.21741e-12
4.37189e-13
1.79539e-12
-1.36831e-12
2.4096e-12
1.29204e-11
-1.20449e-12
-9.25302e-13
-1.6841e-12
-1.34793e-11
-1.58026e-11
-1.68484e-12
-2.10894e-12
-1.06096e-11
-4.24878e-12
4.74153e-12
-8.68152e-13
1.64294e-12
2.61343e-12
1.00622e-13
-4.0453e-12
-3.58816e-12
3.82767e-12
2.72661e-12
-4.85176e-12
6.24876e-14
-3.67693e-13
-1.42229e-13
-1.19966e-12
-1.74276e-12
-1.89462e-12
-8.45858e-12
6.64853e-12
-2.91511e-12
1.61747e-13
2.73825e-13
2.82156e-13
1.72509e-12
1.80151e-12
-2.4375e-13
1.14606e-12
-2.52911e-12
-2.53187e-12
-1.11949e-12
1.40161e-12
1.71269e-13
-7.32051e-13
-2.41969e-12
-4.38075e-13
-5.04519e-13
-1.15988e-12
-2.62903e-12
-3.74796e-13
-4.15093e-13
-5.42773e-13
1.4448e-13
1.20931e-12
-6.80053e-13
-3.84452e-13
1.22829e-12
1.52403e-11
-7.13558e-13
9.52647e-13
5.41277e-13
1.85853e-12
-6.26352e-13
1.33982e-13
6.7235e-12
-2.23694e-13
-1.11942e-11
2.90554e-13
-5.51844e-13
-8.71665e-13
-1.99546e-12
-7.59276e-13
-7.13157e-14
-5.44414e-12
3.04175e-12
-1.25367e-12
-3.25417e-13
-5.17644e-13
1.67085e-13
8.26223e-13
2.58638e-12
2.02028e-12
4.21635e-12
4.11827e-12
1.03825e-13
7.348e-13
-7.40825e-13
6.99489e-13
-1.45143e-12
-1.07478e-12
1.67103e-12
-5.12939e-12
-6.95284e-13
2.13884e-12
8.72925e-14
8.36839e-13
1.10983e-13
5.85869e-13
1.66811e-12
2.66079e-12
-4.71124e-12
-4.15878e-12
-4.23887e-12
-3.53292e-12
5.06247e-12
-1.39027e-13
-1.39803e-12
-1.83311e-12
-2.34315e-12
1.40827e-11
-5.61088e-12
-4.22376e-12
-1.80625e-12
4.01427e-12
-1.02509e-12
1.59083e-12
4.25983e-15
-5.66587e-12
-5.88244e-12
7.88616e-12
3.26513e-12
-3.82791e-13
-9.2206e-12
1.18343e-11
6.44084e-13
1.41183e-12
2.09858e-12
-3.91165e-12
2.75959e-13
6.10982e-12
-1.15842e-12
-3.21716e-12
-4.79503e-12
5.90846e-13
9.0816e-13
8.98664e-12
-1.12203e-10
3.72616e-11
1.10793e-10
-7.8897e-12
4.35022e-12
-6.48738e-12
2.87218e-12
-4.23124e-12
-4.96952e-12
2.04633e-12
5.70345e-13
-6.83471e-12
-5.73739e-12
-8.24139e-12
5.09137e-12
-1.31314e-11
-2.09218e-12
7.61725e-12
-1.03311e-11
9.55675e-12
7.45521e-12
2.07564e-12
-2.33968e-12
-1.06272e-12
1.15332e-11
5.16314e-12
-5.46924e-12
2.76464e-13
-2.65787e-11
-1.19375e-11
7.93838e-13
3.84378e-12
2.00452e-12
-4.94523e-12
-1.37549e-13
3.01184e-12
3.6644e-11
-6.14635e-11
-2.38823e-11
-1.31617e-12
3.53141e-12
-5.18295e-12
1.95679e-12
-9.64639e-13
-4.89687e-13
-3.44785e-13
-2.65225e-13
4.57728e-12
-6.11592e-12
2.43093e-11
5.54353e-13
-8.72804e-13
-2.94794e-13
-1.42953e-12
1.66609e-12
-2.29342e-12
4.6164e-12
-3.93861e-13
-2.45868e-12
-2.63698e-12
8.21936e-13
-3.31613e-13
1.08012e-11
4.57408e-12
-8.9561e-12
3.5842e-12
-2.48232e-12
-1.68156e-12
-4.98357e-12
-5.3918e-12
-3.62718e-13
4.88557e-13
-1.8566e-13
-4.31756e-13
-2.25459e-13
-8.25928e-13
-6.78721e-13
1.13814e-13
6.27923e-14
2.85923e-12
-1.24265e-13
1.64628e-12
-3.3846e-13
-2.13215e-12
6.56103e-14
-3.73635e-12
8.94656e-13
-1.5158e-12
2.21216e-13
1.84603e-12
-1.00024e-13
3.16331e-13
-3.62689e-14
2.62072e-13
-1.66551e-13
2.69486e-13
1.86605e-13
-5.63855e-13
8.33654e-14
-8.22904e-13
-1.11593e-12
6.38317e-13
9.4657e-13
1.36334e-12
-1.81614e-13
2.16896e-12
-2.35788e-13
-2.71032e-12
2.3403e-12
4.10561e-13
-2.65451e-13
-9.747e-13
1.40989e-13
1.06714e-12
6.28051e-13
-1.22558e-13
2.1677e-13
-1.10404e-12
3.31897e-13
-2.25931e-12
-8.72853e-14
-1.28528e-12
-5.24453e-14
3.10102e-12
-1.53186e-13
3.69828e-12
-7.78876e-13
-2.23015e-12
3.85629e-14
-7.95551e-13
-7.81115e-15
-3.00955e-13
2.12323e-14
-1.23297e-12
3.12959e-13
7.03261e-13
-9.74456e-14
5.36067e-12
-1.18581e-12
-5.55721e-12
1.65862e-12
2.28637e-13
1.13014e-13
-4.61053e-13
-3.58114e-13
-4.68884e-12
1.00073e-12
-1.13425e-11
3.43021e-12
1.52636e-13
2.16119e-14
-2.25871e-13
-1.5488e-13
4.70432e-14
-4.63638e-14
2.67741e-13
1.09177e-14
-6.82655e-14
1.29974e-13
2.05475e-13
-2.21771e-13
3.8953e-14
-1.13468e-13
1.49744e-13
2.48314e-14
-5.15598e-13
1.00953e-13
-6.08254e-13
2.11283e-13
2.8746e-13
-1.78231e-14
3.69837e-13
7.62206e-14
6.59856e-13
-1.53516e-13
-6.29773e-13
-1.17516e-13
1.94354e-13
-2.1473e-13
-3.19623e-13
2.56021e-13
-1.30657e-12
3.57036e-15
1.56013e-13
-4.73531e-13
1.16725e-12
3.79271e-13
-3.6558e-14
-5.88698e-14
-4.75585e-14
9.63846e-14
2.3303e-13
1.2955e-13
-2.57581e-13
7.11132e-14
-7.91712e-13
-1.23782e-13
3.11205e-13
1.41954e-13
-1.46235e-13
-2.88355e-15
-1.58006e-13
1.14753e-13
4.64128e-13
-7.01689e-14
1.95128e-13
-1.59199e-13
2.8914e-13
-1.59216e-14
-3.64706e-13
-1.92509e-13
-4.59894e-13
-5.78796e-14
-1.2166e-12
3.58109e-13
3.72579e-13
1.2422e-13
-3.06222e-13
-2.79943e-13
3.28369e-13
-1.8815e-13
7.97553e-13
3.80856e-13
-1.95317e-12
4.08471e-13
1.28058e-12
-8.45071e-13
-1.58061e-12
4.17588e-13
9.39324e-13
-2.22661e-13
-6.05597e-13
6.78682e-13
3.23925e-13
-3.03051e-13
-4.96696e-10
2.88934e-10
-1.26399e-11
6.05259e-10
2.89727e-10
2.23251e-10
1.24688e-09
-3.01592e-11
-2.73859e-11
-3.10838e-11
1.58213e-11
-1.57489e-10
5.34644e-10
-1.47055e-09
4.58322e-10
1.67676e-11
1.16928e-10
1.40581e-10
7.10594e-11
-4.83402e-10
-4.02491e-10
2.21216e-10
-1.53438e-10
1.38444e-10
2.81413e-10
-3.05717e-10
-1.76426e-10
8.17585e-11
-5.18239e-11
3.53737e-11
-8.91078e-11
4.16586e-11
-3.22879e-10
6.42012e-10
-1.21743e-09
-6.92151e-10
1.0483e-09
1.60593e-09
-1.32103e-09
1.52074e-10
7.80345e-11
-8.30088e-11
-2.23229e-11
-6.29507e-10
-4.47111e-11
1.50765e-10
2.0942e-10
1.23677e-09
-5.95755e-10
-4.53175e-10
-1.04441e-09
-2.54314e-10
3.615e-10
2.30437e-11
2.0324e-11
1.92323e-10
-1.22964e-10
6.95243e-11
1.82991e-10
1.29606e-10
2.47704e-10
-2.37174e-10
-4.60346e-11
1.85241e-10
2.4202e-10
3.24613e-10
4.36862e-10
4.82278e-10
-1.61026e-10
-4.16997e-12
-6.43392e-10
2.70538e-10
1.54663e-09
-2.24117e-11
1.15486e-10
-1.4279e-10
-3.43477e-11
9.75878e-12
-1.25312e-10
8.58883e-11
-7.94465e-11
1.53895e-10
1.72208e-10
2.62534e-11
2.86748e-10
-3.24977e-10
6.47961e-11
-8.93794e-11
1.9183e-10
1.57368e-12
7.90687e-11
9.14018e-11
6.74241e-11
3.35143e-10
2.35095e-10
1.34938e-10
-3.66613e-10
-2.57093e-10
-2.42866e-10
1.46537e-10
-8.45663e-10
1.16345e-10
7.44545e-11
1.74279e-10
-1.04823e-10
-6.71549e-11
1.10896e-10
-2.89743e-10
-1.92459e-10
-1.55726e-10
6.05454e-10
-1.50028e-09
3.6658e-10
1.76501e-11
3.68171e-11
-1.31252e-10
7.28019e-11
-6.54174e-11
-9.37636e-11
1.92271e-10
2.47605e-10
-6.49303e-11
4.8677e-10
4.35925e-10
-2.12942e-10
1.91121e-10
7.26164e-10
-9.57538e-10
3.41485e-10
-4.41984e-11
5.95142e-11
1.62605e-10
5.01111e-10
-1.11897e-09
-7.35494e-10
5.97579e-10
-5.2698e-10
-1.42702e-11
-5.21048e-11
2.48338e-10
-2.3942e-10
-3.31099e-10
2.43817e-10
-8.73175e-11
4.11308e-10
1.40409e-10
1.25478e-09
-2.364e-10
2.72933e-11
-6.80753e-10
1.78776e-10
-9.21948e-11
-1.06155e-10
2.65286e-10
4.13771e-10
-5.67455e-11
-6.31062e-11
-1.6803e-11
7.42332e-12
-2.77254e-11
1.46372e-11
9.02142e-11
-3.83632e-11
4.62847e-13
-6.82495e-12
-6.04657e-11
-6.75142e-14
6.44839e-11
1.12699e-11
-2.77392e-11
-9.1559e-12
5.05389e-10
-6.41855e-10
3.49106e-10
-4.25789e-11
4.80597e-10
3.71445e-10
-4.0568e-10
-2.41778e-10
-2.34474e-09
1.21278e-09
)
;

boundaryField
{
    inlet
    {
        type            zeroGradient;
    }
    outlet
    {
        type            zeroGradient;
    }
    wall
    {
        type            zeroGradient;
    }
    empty_zmin
    {
        type            empty;
    }
    empty_zmax
    {
        type            empty;
    }
    procBoundary0to1
    {
        type            processor;
        value           nonuniform List<scalar> 
39
(
-8.61981e-10
-2.75001e-10
-3.19535e-10
8.16884e-11
7.27615e-11
1.41893e-10
1.99595e-10
-3.92336e-11
7.97392e-11
4.15398e-11
-1.72245e-11
2.43279e-12
-5.35907e-13
1.31844e-09
-1.99897e-10
3.70788e-10
1.80681e-09
-4.72921e-10
6.3049e-10
3.76603e-11
-3.58757e-11
1.31844e-09
-1.1559e-09
1.58848e-09
-1.46679e-09
-3.42741e-10
3.05362e-10
-1.15174e-09
-1.15174e-09
1.39043e-09
3.1816e-10
-4.44556e-11
6.9855e-10
-5.26038e-10
-3.3954e-10
1.76063e-10
-2.78297e-10
-8.22572e-12
-1.76721e-12
)
;
    }
}


// ************************************************************************* //
