/*--------------------------------*- C++ -*----------------------------------*\
| =========                 |                                                 |
| \\      /  F ield         | OpenFOAM: The Open Source CFD Toolbox           |
|  \\    /   O peration     | Version:  2406                                  |
|   \\  /    A nd           | Website:  www.openfoam.com                      |
|    \\/     M anipulation  |                                                 |
\*---------------------------------------------------------------------------*/
FoamFile
{
    version     2.0;
    format      ascii;
    arch        "LSB;label=32;scalar=64";
    class       volScalarField;
    location    "4.45";
    object      Co;
}
// * * * * * * * * * * * * * * * * * * * * * * * * * * * * * * * * * * * * * //

dimensions      [0 0 0 0 0 0 0];

internalField   nonuniform List<scalar> 
2285
(
0.0616766
0.0602653
0.0611439
0.0598132
0.0561945
0.0560591
0.0590255
0.0576761
0.0567499
0.0562092
0.0557411
0.0554329
0.1101
0.0888521
0.0889641
0.107703
0.107983
0.110547
0.0586344
0.0575307
0.0568468
0.0562244
0.055706
0.0555099
0.110549
0.0890902
0.0570954
0.0564341
0.0559437
0.0556993
0.110926
0.0891938
0.0561566
0.055728
0.0555531
0.0556714
0.111357
0.089118
0.0560944
0.0558317
0.055765
0.055938
0.112055
0.0887629
0.0559707
0.0557316
0.055743
0.0559299
0.111924
0.0878961
0.0560303
0.0557761
0.0557557
0.055937
0.111904
0.0869544
0.0558476
0.0557557
0.0558866
0.111628
0.0857532
0.0557394
0.055651
0.0557684
0.111451
0.0845195
0.0555781
0.11104
0.083158
0.0553387
0.110577
0.0817878
0.0550428
0.110023
0.0804636
0.0891604
0.0891853
0.0890372
0.0884016
0.0874285
0.0863694
0.0851837
0.0838267
0.0824867
0.0811183
0.0798279
0.108163
0.108444
0.110859
0.108586
0.108836
0.111113
0.109041
0.109309
0.11171
0.109439
0.109471
0.112268
0.109247
0.109266
0.112272
0.109036
0.10898
0.11223
0.108538
0.108562
0.11211
0.10806
0.107921
0.11174
0.107395
0.107275
0.111343
0.106689
0.106493
0.110768
0.105931
0.105725
0.110168
0.0399998
0.0154448
0.039832
0.0152719
0.0396042
0.0150675
0.0389384
0.0145317
0.0378668
0.0137969
0.0363957
0.0128819
0.034536
0.0118001
0.0328245
0.0108779
0.0309953
0.00994116
0.0293598
0.00912044
0.0278051
0.00839824
0.0264935
0.0078112
0.0254216
0.00736553
0.0393275
0.0148224
0.0384462
0.0141834
0.0372203
0.0133795
0.0355403
0.012354
0.0336393
0.0113182
0.0319275
0.0104027
0.0302138
0.00954345
0.0285282
0.00872708
0.027144
0.00809655
0.0259301
0.00757245
0.0249598
0.00718537
0.0575398
0.0586408
0.054661
0.0499846
0.0478453
0.0562975
0.0574716
0.0590351
0.0578065
0.054006
0.0479651
0.0444064
0.042188
0.040131
0.0408251
0.0440941
0.0487556
0.0505658
0.0515904
0.0520947
0.0523072
0.0524546
0.0561092
0.0572641
0.0588909
0.0588543
0.057291
0.0540298
0.0490252
0.0442395
0.0425794
0.0432189
0.0459517
0.0509924
0.0531222
0.0537275
0.0536508
0.0533765
0.0531639
0.0970725
0.104048
0.0522365
0.0977608
0.105233
0.0537715
0.0989859
0.106684
0.0551385
0.0562578
0.0571136
0.0555533
0.0498874
0.0997819
0.108324
0.0553791
0.0563948
0.0577552
0.0570773
0.0521093
0.0507984
0.0998045
0.110135
0.05495
0.0554066
0.0565809
0.0568817
0.0530751
0.0520979
0.0989598
0.111159
0.0555145
0.0561373
0.057159
0.0566343
0.0525082
0.0507438
0.0973174
0.110963
0.0556331
0.0563082
0.0685637
0.0684811
0.0682499
0.0678159
0.0671778
0.066311
0.0652697
0.0641565
0.0630566
0.0620292
0.0611334
0.0604513
0.0599968
0.0598351
0.103207
0.103555
0.0973855
0.103945
0.104604
0.104579
0.103985
0.104724
0.0983808
0.105707
0.106699
0.105931
0.105579
0.106483
0.0994827
0.107781
0.108771
0.107412
0.107524
0.108418
0.0998848
0.109313
0.109694
0.109179
0.109005
0.109284
0.0995203
0.109853
0.110756
0.110926
0.109277
0.10909
0.0981966
0.111152
0.111311
0.111161
0.108662
0.108079
0.0965094
0.111225
0.111167
0.110692
0.0232372
0.00761071
0.023286
0.00794339
0.0230535
0.00800525
0.02264
0.00786121
0.0218781
0.00741226
0.0210441
0.00684665
0.0205095
0.00646674
0.0233243
0.00780222
0.0231448
0.00800525
0.0229085
0.00798185
0.0222794
0.00766238
0.0214572
0.00712921
0.0207198
0.00661666
0.0206109
0.0064283
0.0958992
0.110218
0.0555718
0.0525874
0.0527742
0.104518
0.0651353
0.0946328
0.109174
0.0553519
0.0530464
0.053091
0.105003
0.0643577
0.0933035
0.107721
0.054836
0.0557467
0.0567781
0.058406
0.059036
0.0583987
0.056955
0.0537187
0.0480398
0.0447598
0.0448658
0.0474309
0.0528667
0.0553241
0.0553849
0.0546821
0.054015
0.0535515
0.0533342
0.0533705
0.105549
0.0633921
0.0921596
0.106173
0.0538956
0.0549306
0.0558414
0.0573299
0.0584493
0.058522
0.0577448
0.0560527
0.0517592
0.0481542
0.0473379
0.048892
0.0539439
0.0561227
0.0556117
0.0546314
0.053934
0.0534679
0.0533977
0.0535686
0.105983
0.0624496
0.0913472
0.10473
0.0526407
0.0533485
0.0540442
0.0552389
0.056807
0.05765
0.0575581
0.0566489
0.0535843
0.0506232
0.049704
0.0505165
0.0544918
0.0556603
0.0548577
0.0539961
0.0536434
0.0535107
0.0536151
0.0537485
0.106178
0.0616514
0.0909569
0.102919
0.0513673
0.0513807
0.0514631
0.0520768
0.0538208
0.0553705
0.056069
0.0558454
0.0532669
0.0507244
0.0500652
0.0509308
0.0540763
0.0551848
0.0550337
0.0543548
0.053928
0.0536452
0.0536875
0.0537734
0.106134
0.0610586
0.0910532
0.101303
0.0503326
0.0497785
0.0489934
0.0485515
0.0496951
0.0512324
0.0524521
0.0530236
0.0508856
0.0491712
0.0492256
0.051575
0.05546
0.056097
0.0552249
0.0543699
0.0539281
0.0536713
0.0536995
0.0537515
0.105878
0.0606753
0.0917821
0.100951
0.0501522
0.049229
0.047536
0.0456692
0.0455504
0.0462925
0.0474513
0.0486897
0.0474185
0.0470927
0.0496383
0.0542293
0.0567959
0.0562793
0.0553087
0.0544512
0.0540191
0.05377
0.0537306
0.0537271
0.105529
0.0604839
0.0925862
0.101802
0.0508506
0.0498048
0.0482132
0.0459741
0.0445061
0.0438554
0.0439799
0.0445478
0.0453589
0.0497592
0.0538146
0.0564343
0.0572758
0.0564273
0.0554149
0.0546442
0.0541664
0.0538818
0.0537365
0.0536482
0.105157
0.0603644
0.0936686
0.1036
0.0522636
0.0513165
0.0497766
0.0472709
0.0455796
0.0451846
0.0457673
0.0474177
0.0502775
0.0542368
0.0561163
0.0572753
0.0572731
0.0563402
0.0553874
0.0547157
0.0541778
0.0538477
0.0536318
0.0534363
0.104689
0.0602198
0.0950188
0.105676
0.0541221
0.0533645
0.0515423
0.0488193
0.0474486
0.0476715
0.0490395
0.0514966
0.0539735
0.0560577
0.0568114
0.0572068
0.0566806
0.0557415
0.0549245
0.0542531
0.0537324
0.0534301
0.053283
0.0531091
0.104153
0.0600347
0.0962033
0.107744
0.0556029
0.0550215
0.0528691
0.050426
0.0501423
0.0514049
0.0531168
0.054802
0.0558582
0.0564027
0.0562119
0.0559234
0.05513
0.0542676
0.0536397
0.0530975
0.0527691
0.0526639
0.052728
0.0527463
0.103604
0.0597666
0.0966958
0.109316
0.0559225
0.0557266
0.0540093
0.0522522
0.0525715
0.0536866
0.0547925
0.0557575
0.0560619
0.0555084
0.0545582
0.0538938
0.0531103
0.0523195
0.0518582
0.0516393
0.0515945
0.0518261
0.0521622
0.0524241
0.1031
0.0593562
0.0968087
0.109848
0.0550467
0.0550261
0.0538121
0.0523646
0.0525327
0.0532664
0.0542837
0.0552194
0.0545966
0.0531778
0.0520929
0.05126
0.0507857
0.0500992
0.0499157
0.0502577
0.050634
0.0512568
0.0518313
0.0522749
0.102943
0.0588895
0.0959284
0.111017
0.0554285
0.0552154
0.0535734
0.0517234
0.0512835
0.0514684
0.0522487
0.0530425
0.0516165
0.0501372
0.0493549
0.0484221
0.0482837
0.0479788
0.0485699
0.0495937
0.05024
0.0510021
0.0516606
0.0521656
0.102919
0.0584424
0.0945506
0.111431
0.055677
0.0559243
0.05502
0.0520904
0.0500836
0.049711
0.0502763
0.0506794
0.0484132
0.0469783
0.0460498
0.0450316
0.0458192
0.0476915
0.049218
0.0500661
0.0505242
0.0510493
0.0516375
0.0521663
0.103098
0.0580638
0.0926433
0.111137
0.0556833
0.0560047
0.0560906
0.0547957
0.0521118
0.049063
0.0480191
0.0473253
0.0450564
0.0438879
0.0430001
0.0435873
0.0457655
0.0489362
0.0506931
0.0512933
0.0514571
0.0514548
0.0516593
0.0520997
0.103225
0.0578373
0.0901981
0.109406
0.0552312
0.0556505
0.0560298
0.0557314
0.0546755
0.0528887
0.0506687
0.0487773
0.0473192
0.0461671
0.0450338
0.045305
0.0469513
0.0504702
0.052616
0.0529255
0.0526211
0.0520466
0.051558
0.0517684
0.102737
0.057427
0.0866679
0.106481
0.0545326
0.0555829
0.056158
0.0563543
0.0558327
0.0550213
0.0536371
0.0515147
0.0496638
0.0478729
0.0466044
0.0468104
0.048158
0.0514908
0.0536258
0.0538455
0.0532435
0.0523956
0.0516325
0.0514732
0.101609
0.0559509
0.0833554
0.104463
0.107359
0.109673
0.110967
0.112325
0.112503
0.11119
0.10961
0.106902
0.103456
0.0987269
0.0946196
0.0942656
0.0966993
0.103726
0.108915
0.109645
0.108695
0.107174
0.106122
0.105472
0.101572
0.0535066
0.0986331
0.114613
0.11657
0.117954
0.119065
0.119481
0.120662
0.120871
0.120655
0.118886
0.117354
0.113982
0.109101
0.106713
0.1079
0.114577
0.119909
0.120405
0.119439
0.118396
0.117964
0.117749
0.115526
0.0625424
0.0599995
0.0602807
0.0647814
0.0606211
0.0609527
0.0638818
0.061257
0.0615036
0.0629091
0.0616623
0.0617267
0.0620246
0.0617353
0.0617204
0.0613273
0.0616907
0.0616123
0.0608413
0.0614358
0.0611924
0.0605632
0.0608104
0.0602411
0.0604236
0.059592
0.0589959
0.0602981
0.0585381
0.0582353
0.0601329
0.0581717
0.0582124
0.0599155
0.0582616
0.0582577
0.0595765
0.0582507
0.0582243
0.0591162
0.0581287
0.0579715
0.058657
0.0577984
0.0576466
0.0582272
0.0574879
0.0572838
0.0579356
0.0570353
0.0566799
0.0576936
0.0561224
0.0552261
0.0568877
0.0540292
0.0525829
0.0546244
0.05167
0.0535038
0.0553362
0.0614239
0.109229
0.116436
0.117253
0.118765
0.119577
0.120121
0.121118
0.120848
0.120535
0.11864
0.116612
0.112263
0.107289
0.106696
0.108945
0.115911
0.119962
0.119822
0.118977
0.118088
0.117714
0.117732
0.105586
0.107411
0.10673
0.0952886
0.110779
0.110458
0.109768
0.0971163
0.0972157
0.104756
0.106021
0.105316
0.0939603
0.110041
0.109588
0.108509
0.0973034
0.0973423
0.105295
0.104577
0.103849
0.0926991
0.108989
0.10827
0.106932
0.0973392
0.0972986
0.10579
0.10312
0.102394
0.0917056
0.107426
0.10658
0.105484
0.0972091
0.0970716
0.106111
0.101611
0.100844
0.0910921
0.105562
0.1047
0.103896
0.0968917
0.0966719
0.106202
0.100171
0.0997262
0.0909548
0.103514
0.102578
0.102008
0.0964007
0.0961275
0.106067
0.0994815
0.0994504
0.0913315
0.101502
0.100995
0.100987
0.0958285
0.0955784
0.105721
0.0995872
0.0998934
0.0922254
0.100921
0.1011
0.101242
0.0953132
0.0950658
0.105357
0.100408
0.10117
0.0930234
0.101821
0.102475
0.10264
0.0947804
0.0944956
0.104927
0.102134
0.103088
0.094325
0.103787
0.104743
0.104568
0.0942039
0.093948
0.104389
0.104009
0.104901
0.095679
0.106487
0.107683
0.106706
0.0937338
0.0935459
0.103854
0.105779
0.106631
0.0965313
0.109193
0.110155
0.108651
0.0933852
0.0932251
0.103299
0.107258
0.10769
0.0968106
0.110869
0.11086
0.109612
0.0931155
0.0930433
0.102895
0.108179
0.108603
0.0964923
0.110534
0.110397
0.110537
0.0930526
0.0930274
0.102756
0.108649
0.108541
0.0952831
0.111481
0.111323
0.111117
0.0930984
0.0930584
0.102634
0.108355
0.107823
0.0936443
0.111899
0.111603
0.111322
0.0931693
0.0932346
0.102742
0.107188
0.106134
0.0914663
0.111897
0.111075
0.110338
0.0932746
0.093109
0.102423
0.10499
0.103252
0.0885036
0.11063
0.109311
0.108002
0.0928951
0.0921965
0.10174
0.101466
0.0994635
0.0845325
0.108387
0.10729
0.105103
0.0912042
0.0898992
0.100689
0.0985051
0.0989391
0.0838435
0.106727
0.106676
0.104695
0.10855
0.108101
0.107123
0.1107
0.110152
0.109105
0.111827
0.111186
0.110532
0.112636
0.112108
0.111478
0.112072
0.112447
0.112436
0.110932
0.111748
0.112065
0.109557
0.110984
0.111091
0.106213
0.108823
0.109224
0.102563
0.106164
0.106995
0.0973167
0.101233
0.103057
0.0940129
0.0969535
0.0982536
0.0948699
0.0970881
0.096786
0.0978721
0.0996567
0.0984997
0.104864
0.10647
0.105188
0.108762
0.110328
0.11039
0.108847
0.109917
0.110791
0.107737
0.108653
0.109438
0.106639
0.10744
0.107943
0.10549
0.106342
0.106992
0.104916
0.10611
0.106224
0.089192
0.0901251
0.103453
0.02272
0.00761675
0.022562
0.00759665
0.0222682
0.00748232
0.0219534
0.00733237
0.0216681
0.00718086
0.0214597
0.0070624
0.0213448
0.00700252
0.021395
0.00703058
0.0214416
0.00707681
0.0214748
0.00712891
0.0214926
0.00719523
0.021445
0.00722863
0.0213605
0.00722844
0.0212464
0.00720912
0.0211347
0.00716942
0.0210238
0.00713345
0.0211028
0.00719317
0.0210838
0.00724138
0.0207843
0.00720346
0.0204204
0.00725273
0.0216284
0.00728733
0.0226534
0.00761675
0.0224226
0.00754677
0.0221081
0.00740948
0.0218016
0.00725388
0.0215528
0.00711604
0.0213896
0.00702385
0.0213663
0.00701164
0.0214248
0.00705454
0.0214617
0.00710197
0.0214919
0.00716254
0.0214697
0.00721994
0.0214035
0.00722863
0.0212934
0.00721777
0.021183
0.00719036
0.0210639
0.0071421
0.0210565
0.00715549
0.0211072
0.00722193
0.0209394
0.00722108
0.0205066
0.00716975
0.0218502
0.00760948
0.0208458
0.00649209
0.0213921
0.00672549
0.0218916
0.00701964
0.0221926
0.0072679
0.022302
0.00742119
0.0224191
0.00760062
0.0223516
0.00777431
0.0222114
0.00778403
0.0217464
0.00754939
0.0212572
0.00728268
0.0211981
0.00725542
0.0213149
0.00735546
0.021289
0.00738471
0.0212555
0.00734542
0.0210862
0.0072725
0.021022
0.00727652
0.0208853
0.00725352
0.0206087
0.00708567
0.0197368
0.00663239
0.0196834
0.00661147
0.0210953
0.00676196
0.0211099
0.00659341
0.0216606
0.00687271
0.0220767
0.00715666
0.0222573
0.00735141
0.0223671
0.00750367
0.0224385
0.00770335
0.0222806
0.00778404
0.0220229
0.00769756
0.021466
0.007398
0.0210936
0.00720945
0.0212596
0.00730467
0.0213166
0.00738471
0.0213102
0.007383
0.0211635
0.00729875
0.0210553
0.00727665
0.0209511
0.00726701
0.0207936
0.00720572
0.0202314
0.00687572
0.0194646
0.00646397
0.0208523
0.00693668
0.0586053
0.0597817
0.0616737
0.0638925
0.0667895
0.136602
0.0869898
0.0141959
0.0104282
0.088707
0.065291
0.06336
0.094925
0.0147475
0.0244314
0.0255396
0.113923
0.111385
0.114467
0.114402
0.132008
0.129127
0.139881
0.00715953
0.0119798
0.0758596
0.00897143
0.0113034
0.0110234
0.129111
0.125243
0.0777725
0.0525397
0.0526152
0.0524384
0.050907
0.0509976
0.0506579
0.0508731
0.0511726
0.0514906
0.0518886
0.0505579
0.05203
0.0517833
0.0499732
0.0481529
0.0473661
0.0483121
0.0485888
0.0496774
0.0505238
0.05112
0.051669
0.0482614
0.0472921
0.0449193
0.0435309
0.0442766
0.047357
0.0489915
0.0502489
0.0509576
0.0514596
0.0518716
0.111527
0.114646
0.0581513
0.0587609
0.0599921
0.0628041
0.0660901
0.0630255
0.0701009
0.0286223
0.0106682
0.0456636
0.0638703
0.0631074
0.11236
0.114324
0.0575645
0.0578845
0.0597914
0.0620266
0.0625884
0.0594285
0.0220311
0.0146916
0.00665369
0.0425537
0.0627951
0.0631672
0.0619485
0.0602873
0.0586028
0.0576801
0.112834
0.114981
0.0575473
0.0581835
0.0580449
0.058772
0.0609796
0.0595118
0.0257994
0.0165364
0.00653772
0.0393383
0.0608654
0.061552
0.0606022
0.0597327
0.0582022
0.0566744
0.112911
0.114733
0.057479
0.0575887
0.0576708
0.0587253
0.0603305
0.0592398
0.0259184
0.0182868
0.00715076
0.0398647
0.0597894
0.0601662
0.0587044
0.0570864
0.0565314
0.0565057
0.112657
0.114749
0.057201
0.0573843
0.0577819
0.0586916
0.0593698
0.0578938
0.0240111
0.017933
0.0103816
0.0422398
0.0602419
0.0610418
0.0594509
0.0578005
0.0567711
0.0563504
0.112231
0.114797
0.0571315
0.0572417
0.0574982
0.0578884
0.0580693
0.0551869
0.0198762
0.0142258
0.0148036
0.0476594
0.0641225
0.0632806
0.0604329
0.0586338
0.0574351
0.0565919
0.111572
0.114365
0.0568441
0.0566789
0.0566008
0.0560181
0.0555595
0.0507402
0.0139225
0.00563649
0.022188
0.0568401
0.0664077
0.0642083
0.0610172
0.059271
0.0580065
0.056901
0.110963
0.114181
0.0567108
0.0564174
0.0562147
0.0552843
0.0548418
0.0473608
0.0102289
0.00646075
0.0332416
0.0609148
0.0661405
0.0644607
0.061202
0.0589884
0.057591
0.056618
0.110244
0.114005
0.0566767
0.0563649
0.0560853
0.0556237
0.0557603
0.0465138
0.0158034
0.0165717
0.0407558
0.0615042
0.0643707
0.0630603
0.0604391
0.0589646
0.0573469
0.0562729
0.0557404
0.109444
0.113989
0.0567526
0.0567081
0.0567699
0.0569802
0.0574428
0.0487819
0.0243727
0.0245771
0.0438661
0.0607607
0.0625616
0.0614514
0.0590499
0.0582158
0.0569592
0.0562276
0.0555078
0.108574
0.114022
0.0569986
0.0573521
0.0579477
0.0583934
0.0580428
0.0506819
0.0314486
0.0290096
0.0422958
0.057836
0.058885
0.0572574
0.0560949
0.055785
0.0552828
0.0552666
0.0550609
0.107485
0.113907
0.0572442
0.0576766
0.0583894
0.0598216
0.0608341
0.0532972
0.0355081
0.0303616
0.0376688
0.0522451
0.0524507
0.0508184
0.0524031
0.0525974
0.0533725
0.0538302
0.0541279
0.106102
0.113645
0.0571479
0.0578482
0.0587391
0.0603237
0.0621078
0.0586317
0.0424786
0.029504
0.0320635
0.0450304
0.0460132
0.0463367
0.0504526
0.05117
0.0526245
0.0531496
0.0536599
0.104456
0.112753
0.0566661
0.0573042
0.0583871
0.0599685
0.0621792
0.0611207
0.0501858
0.0316885
0.0269193
0.0378943
0.0450439
0.0478249
0.0506999
0.0510453
0.0521483
0.0527735
0.0534663
0.102655
0.111605
0.0560647
0.0564495
0.0575172
0.0586013
0.0607089
0.0610779
0.0560877
0.0401568
0.0298431
0.0362321
0.0482264
0.0526337
0.0538625
0.0534249
0.0534457
0.0532039
0.0534307
0.0537631
0.10083
0.110064
0.0554476
0.0559508
0.0568736
0.0577976
0.0590087
0.0596481
0.0578299
0.0460024
0.0369312
0.0392388
0.0506191
0.0572224
0.0573058
0.0557384
0.0547152
0.0538826
0.0537702
0.0539434
0.099084
0.108344
0.0544424
0.0551089
0.055774
0.0570229
0.0574777
0.0575676
0.0567471
0.0470029
0.0413152
0.0431155
0.052492
0.0589433
0.0578587
0.0558223
0.054643
0.0541674
0.0542655
0.0542325
0.0975733
0.106329
0.0529713
0.0532281
0.0534446
0.0545582
0.055199
0.0550722
0.0535288
0.0456863
0.0427437
0.0449914
0.0528536
0.0578371
0.0567413
0.0560696
0.0554701
0.0548305
0.0545271
0.0543423
0.0966665
0.104479
0.051584
0.0510429
0.0506431
0.0506802
0.0518795
0.0521749
0.0488465
0.0430482
0.0418187
0.0451329
0.0537895
0.0598456
0.0584284
0.0568648
0.0557908
0.0550246
0.0546685
0.0544488
0.0965824
0.103052
0.0508947
0.0498119
0.0486472
0.0471299
0.0480059
0.0483183
0.0440864
0.0405977
0.0410614
0.0484029
0.0579705
0.0611392
0.0586083
0.0569893
0.0557554
0.0550064
0.0546079
0.0543676
0.096702
0.103352
0.0513042
0.0503771
0.0493191
0.0469805
0.0452181
0.0430225
0.038924
0.0375279
0.044102
0.0546363
0.0606932
0.0612006
0.0584023
0.0568074
0.0555513
0.0548882
0.0544388
0.054206
0.0518013
0.0510513
0.0489702
0.0457384
0.0398747
0.0357818
0.0418432
0.0524183
0.0588958
0.0614383
0.0605225
0.0580092
0.0567308
0.0555996
0.054991
0.0544377
0.0541706
0.0542525
0.0542843
0.0526325
0.0479662
0.0425773
0.0422423
0.0504624
0.0573994
0.0604048
0.0610533
0.0596958
0.0577334
0.0566
0.0555381
0.0549369
0.0543306
0.0540439
0.0466374
0.0485594
0.0552776
0.0588446
0.0600325
0.059497
0.0580207
0.0565292
0.0554773
0.054636
0.0541581
0.0536868
0.0535012
0.0524309
0.0564846
0.057966
0.0576293
0.056337
0.0547701
0.0539612
0.0532082
0.0528323
0.0526688
0.0530359
0.0555307
0.0557046
0.0542878
0.0951693
0.0955136
0.0956358
0.0955319
0.0953886
0.095059
0.0945281
0.0939013
0.0932311
0.09249
0.091683
0.0908184
0.0899197
0.0889978
0.0880156
0.0869876
0.0859529
0.0848715
0.0837578
0.0826138
0.0814214
0.0801666
0.0788726
0.0775565
0.0762121
0.0749074
0.0737239
0.0725824
0.0715187
0.0705556
0.0697173
0.0690248
0.0684685
0.0680537
0.0678858
0.0679536
0.0680941
0.0682873
0.0684867
0.0686255
0.0686712
0.0686464
0.113933
0.113905
0.111874
0.115594
0.114281
0.114194
0.0132678
0.0224977
0.0707977
0.029878
0.0373008
0.0397099
0.00622854
0.00626035
0.0188921
0.114244
0.11478
0.112651
0.114867
0.114824
0.114783
0.114983
0.115107
0.112973
0.114777
0.114804
0.114933
0.115115
0.115193
0.112816
0.114604
0.115027
0.115189
0.115104
0.115163
0.112484
0.114172
0.115058
0.115233
0.115023
0.11491
0.111925
0.114087
0.114946
0.115072
0.114608
0.114525
0.111288
0.113612
0.114537
0.114678
0.114354
0.114233
0.110603
0.113488
0.114365
0.114465
0.114101
0.114023
0.109854
0.113446
0.114179
0.114281
0.113891
0.113785
0.109025
0.113478
0.114181
0.114257
0.113637
0.113475
0.108061
0.113723
0.114286
0.114218
0.113224
0.112945
0.106846
0.11393
0.114412
0.113955
0.112638
0.112245
0.105337
0.113856
0.113836
0.113426
0.111609
0.110955
0.103558
0.112968
0.11267
0.112307
0.110203
0.109393
0.101744
0.111762
0.1114
0.110985
0.108554
0.10778
0.0999512
0.110521
0.109941
0.109296
0.106889
0.105912
0.0982568
0.108932
0.107999
0.107388
0.104938
0.104094
0.0970824
0.106522
0.105633
0.105469
0.103268
0.102753
0.096579
0.104264
0.10355
0.103558
0.102658
0.102702
0.0966101
0.102632
0.102828
0.103203
0.102783
0.10293
0.0968646
0.103113
0.103278
0.103617
0.0491371
0.0200265
0.0489476
0.0196166
0.0476321
0.0182458
0.044941
0.0163634
0.0416133
0.014351
0.0378402
0.0123315
0.0340551
0.0104361
0.0304712
0.00871875
0.027166
0.00720152
0.0244145
0.00604735
0.0222
0.00518677
0.0204916
0.00457358
0.0192037
0.0041663
0.0184057
0.00398709
0.0183307
0.00413081
0.0186675
0.00439984
0.0191922
0.00474076
0.0197855
0.0051081
0.0205395
0.00551569
0.0215086
0.00609787
0.0223161
0.00667731
0.0228903
0.00719255
0.0485439
0.0190394
0.0462782
0.0172896
0.0434278
0.0154047
0.0397008
0.0133075
0.0359454
0.0113671
0.0322487
0.00956405
0.0287612
0.00792177
0.0256958
0.00657268
0.023253
0.00558673
0.0212935
0.00485676
0.0197838
0.00433836
0.0187647
0.0040569
0.0182088
0.00401892
0.0184802
0.00426165
0.0189191
0.00456323
0.0194867
0.00492547
0.0201164
0.00529264
0.0210419
0.00579767
0.0219198
0.00638772
0.022654
0.00695432
0.0230745
0.00740338
0.0554913
0.055445
0.0552297
0.0551963
0.054901
0.0548433
0.0544258
0.0545725
0.0547819
0.109486
0.0792059
0.054022
0.0543109
0.0546421
0.109057
0.0780556
0.0538502
0.0542062
0.0545291
0.108847
0.0770069
0.0786196
0.0775215
0.0764801
0.1052
0.104998
0.109597
0.104556
0.104461
0.109299
0.104113
0.103987
0.109004
0.0245458
0.0070406
0.023919
0.0068605
0.0234553
0.00676747
0.0242145
0.00693831
0.0236765
0.00680819
0.0232627
0.00673671
0.0538493
0.0537528
0.106413
0.0672153
0.0533964
0.0533398
0.105707
0.0667205
0.0527572
0.0528877
0.104936
0.0664287
0.0522871
0.0525965
0.104375
0.0662857
0.0521714
0.0525452
0.104225
0.0660789
0.0522201
0.0525577
0.10428
0.0656966
0.0669408
0.0665452
0.0663582
0.0661946
0.065918
0.0654288
0.0987654
0.0984166
0.106128
0.098059
0.0977332
0.105398
0.0974156
0.097212
0.104689
0.0970623
0.0969906
0.1043
0.0969653
0.0969784
0.104268
0.0970029
0.0970357
0.104387
0.0541529
0.0544689
0.108673
0.0759451
0.0542387
0.0544996
0.108638
0.0748446
0.0543579
0.0545395
0.108575
0.0736546
0.0544021
0.0545452
0.108454
0.0723947
0.0544449
0.0545141
0.108276
0.0711311
0.0543427
0.0543874
0.107974
0.0699159
0.0541574
0.0542011
0.10751
0.068814
0.0540363
0.0540199
0.106999
0.067915
0.0754042
0.0742604
0.0730303
0.0717616
0.0705151
0.0693471
0.0683416
0.0675441
0.103677
0.103563
0.10886
0.103281
0.103132
0.108795
0.102832
0.102661
0.108706
0.102324
0.102113
0.108545
0.101732
0.101464
0.108292
0.101044
0.100726
0.107894
0.100281
0.099949
0.107374
0.0995203
0.0991753
0.106802
0.0222754
0.00693307
0.0224267
0.00703434
0.0226417
0.00718642
0.0227901
0.00735001
0.0228589
0.00749029
0.0228026
0.00757488
0.0223522
0.00698152
0.0225227
0.00709968
0.0227302
0.00727254
0.0228435
0.00742605
0.0228477
0.00754029
0.022768
0.00760659
0.0230799
0.0067114
0.0227879
0.00669375
0.0225774
0.00671548
0.0224154
0.00674479
0.0222911
0.0067715
0.0221998
0.00679212
0.0221497
0.00681722
0.0221878
0.0068653
0.0229243
0.00669705
0.0226767
0.00670273
0.0224923
0.00672932
0.0223507
0.00675791
0.0222425
0.00678229
0.0221663
0.00680079
0.0221593
0.00683798
0.0222298
0.00689849
)
;

boundaryField
{
    inlet
    {
        type            zeroGradient;
    }
    outlet
    {
        type            zeroGradient;
    }
    wall
    {
        type            zeroGradient;
    }
    empty_zmin
    {
        type            empty;
    }
    empty_zmax
    {
        type            empty;
    }
    procBoundary1to0
    {
        type            processor;
        value           nonuniform List<scalar> 
39
(
0.0614152
0.0597386
0.058592
0.0572877
0.0561544
0.0555619
0.055202
0.0550645
0.110064
0.0886549
0.107522
0.0401276
0.0156006
0.0582564
0.0592753
0.0611205
0.0632096
0.0657001
0.0634046
0.111133
0.114606
0.115645
0.13718
0.0796746
0.0387446
0.0293269
0.0820766
0.130968
0.13313
0.00546551
0.00646418
0.0946069
0.0258198
0.13143
0.128196
0.113801
0.115645
0.0492634
0.0203434
)
;
    }
}


// ************************************************************************* //
