/*--------------------------------*- C++ -*----------------------------------*\
| =========                 |                                                 |
| \\      /  F ield         | OpenFOAM: The Open Source CFD Toolbox           |
|  \\    /   O peration     | Version:  2406                                  |
|   \\  /    A nd           | Website:  www.openfoam.com                      |
|    \\/     M anipulation  |                                                 |
\*---------------------------------------------------------------------------*/
FoamFile
{
    version     2.0;
    format      ascii;
    arch        "LSB;label=32;scalar=64";
    class       volScalarField;
    location    "3.52";
    object      Co;
}
// * * * * * * * * * * * * * * * * * * * * * * * * * * * * * * * * * * * * * //

dimensions      [0 0 0 0 0 0 0];

internalField   nonuniform List<scalar> 
2367
(
0.0996893
0.0922888
0.0964696
0.0939821
0.0935111
0.0886703
0.149926
0.169108
0.0196034
0.0203263
0.0873859
0.125894
0.131057
0.063721
0.0646252
0.0617216
0.0277251
0.022514
0.0304031
0.0208802
0.00767479
0.0222256
0.0419604
0.0634543
0.0886608
0.107527
0.112325
0.109134
0.101739
0.095839
0.0921695
0.0883926
0.0855349
0.164023
0.082961
0.125701
0.128548
0.0613918
0.0600897
0.0549329
0.0189344
0.0100598
0.0176452
0.0168984
0.0257997
0.0466242
0.068506
0.0882041
0.105189
0.112112
0.11245
0.107444
0.0985561
0.0930784
0.0895443
0.0862093
0.0830902
0.157685
0.071133
0.126629
0.130169
0.06478
0.0624655
0.0489127
0.0144295
0.0101682
0.0201363
0.0305232
0.0479294
0.0668352
0.0861005
0.0993447
0.108551
0.110261
0.10793
0.10112
0.0936612
0.0895543
0.0861149
0.082934
0.0795531
0.149873
0.0602595
0.0925843
0.0930281
0.0934183
0.0768121
0.0941983
0.0951073
0.0653416
0.0962838
0.0975691
0.0555053
0.128527
0.133785
0.0680644
0.0652262
0.0472108
0.0249822
0.0261553
0.0296028
0.0481744
0.0627475
0.0770407
0.092119
0.100582
0.105091
0.103045
0.0996541
0.0929738
0.0881619
0.084951
0.0818644
0.078578
0.0750749
0.140324
0.0517498
0.12993
0.137024
0.0718926
0.0685577
0.0505135
0.0391723
0.0424769
0.0445475
0.0605592
0.0716424
0.0810452
0.0915604
0.0960985
0.0964514
0.0935282
0.0916761
0.0864236
0.0832899
0.0807755
0.0780412
0.0747161
0.0706442
0.130783
0.046608
0.129713
0.141745
0.0772654
0.0734192
0.0578155
0.0525331
0.0558003
0.0563631
0.0684309
0.0760216
0.0811447
0.086952
0.0885913
0.0882328
0.0862633
0.0848525
0.0810051
0.0783565
0.0762529
0.0733788
0.0697718
0.0656288
0.121113
0.0459777
0.136048
0.146666
0.0815393
0.0781357
0.0659373
0.0633116
0.0662251
0.066085
0.0736162
0.0774368
0.0790087
0.0824431
0.0823583
0.0809726
0.0790379
0.077323
0.0744209
0.0721996
0.0699685
0.0672227
0.0640435
0.0605795
0.112329
0.0480282
0.140032
0.16132
0.0843377
0.0815167
0.0727876
0.0727432
0.0754021
0.0747958
0.0777572
0.078279
0.0773438
0.0779056
0.075247
0.0732166
0.0717444
0.0703003
0.067638
0.0660816
0.0637971
0.0620994
0.0596513
0.0566058
0.105568
0.0511952
0.125625
0.17706
0.0914101
0.0866725
0.079012
0.0802156
0.0826075
0.0816925
0.0810712
0.078536
0.0759189
0.0739208
0.0693117
0.0657991
0.0636432
0.0639514
0.0615548
0.061228
0.060127
0.0588856
0.0562474
0.0529466
0.099277
0.0544303
0.0965342
0.188676
0.101484
0.0950864
0.0847208
0.083655
0.0838253
0.0821414
0.0804108
0.0764404
0.0722493
0.0687075
0.0637249
0.0599108
0.0571976
0.0589642
0.0572639
0.0577092
0.0570851
0.0550487
0.0523506
0.0493532
0.0938459
0.0577397
0.0726604
0.191798
0.113436
0.110277
0.0941029
0.081518
0.0776962
0.0726665
0.0688922
0.0655812
0.0619759
0.0593319
0.0555455
0.0529153
0.0509838
0.0529641
0.052191
0.0519487
0.0509637
0.049359
0.0477129
0.0458354
0.0888732
0.0609583
0.0613633
0.167798
0.121907
0.12533
0.114444
0.0922627
0.0734682
0.0659205
0.0606833
0.0556704
0.0504762
0.0475201
0.0446571
0.0427898
0.042432
0.0449311
0.0458905
0.0454394
0.0445077
0.0440701
0.0437429
0.0437183
0.0865575
0.0639318
0.0532071
0.13281
0.124237
0.13281
0.128965
0.114812
0.0905735
0.0683363
0.055175
0.0490379
0.0418555
0.0366064
0.0333103
0.0314913
0.0327227
0.0357058
0.0377785
0.0387217
0.039126
0.0402274
0.0419697
0.043458
0.0863589
0.0668376
0.0405046
0.114543
0.12237
0.134737
0.13356
0.127664
0.112088
0.0919391
0.071043
0.0544649
0.0408888
0.0309866
0.0249167
0.0224856
0.0244802
0.0277973
0.0312971
0.0343126
0.0366427
0.0395491
0.0420227
0.0435617
0.0870963
0.0694708
0.0183299
0.091937
0.110226
0.129131
0.130762
0.129114
0.121165
0.109082
0.0930176
0.077004
0.0613448
0.0489897
0.0389417
0.0318046
0.0293152
0.0288658
0.0305128
0.0336209
0.0369533
0.039964
0.0421204
0.043528
0.0875746
0.0716544
0.00490691
0.0532842
0.0883014
0.114543
0.122483
0.124681
0.121273
0.113943
0.103212
0.0919141
0.0787673
0.0673758
0.0566117
0.0481559
0.043852
0.0402058
0.0375067
0.0364604
0.0381098
0.0405831
0.0425148
0.0433525
0.0877109
0.073775
0.0138794
0.0687258
0.0757951
0.0941714
0.107744
0.114686
0.116462
0.113128
0.105771
0.0976762
0.0876973
0.0784774
0.0687632
0.0607956
0.0561493
0.0517603
0.0484547
0.0439819
0.0416713
0.04224
0.0437436
0.0436272
0.0877541
0.0757126
0.0312544
0.0813876
0.0683827
0.080741
0.0919547
0.101949
0.107079
0.107989
0.104436
0.0988318
0.0912967
0.084279
0.0762331
0.0698404
0.0656165
0.0612013
0.0587475
0.0540177
0.0486344
0.0464381
0.0466301
0.0452391
0.0887186
0.0787862
0.0458175
0.0836874
0.059385
0.0687201
0.0785329
0.0889869
0.0960015
0.0992921
0.0989539
0.0967114
0.0918542
0.0869641
0.0813178
0.0770994
0.073357
0.0698232
0.0676996
0.0634797
0.0575538
0.0532128
0.051713
0.0492752
0.092179
0.0828393
0.0550333
0.0815209
0.0512297
0.0590143
0.0678122
0.0765175
0.0845873
0.0892614
0.091095
0.0915784
0.0899928
0.0875933
0.0849774
0.0829457
0.0801717
0.0779553
0.0756706
0.0720932
0.0669088
0.0608471
0.0578641
0.0553412
0.102361
0.0875957
0.0604201
0.0781311
0.0456266
0.0521388
0.0594834
0.066663
0.0749211
0.0802058
0.0837481
0.0868239
0.0879984
0.0877619
0.0877776
0.0874318
0.0861313
0.0852431
0.0834507
0.0804026
0.0753681
0.067736
0.0627238
0.0596255
0.113382
0.0917588
0.0628745
0.0749771
0.0412645
0.0470649
0.0539164
0.0601205
0.0678229
0.0735004
0.077532
0.0822269
0.0852884
0.0874642
0.0893667
0.0906837
0.0918409
0.0916333
0.0906971
0.0878091
0.0824221
0.0738641
0.0663809
0.0609933
0.114808
0.091329
0.0636755
0.0716862
0.0397215
0.045151
0.0501872
0.0553566
0.0617962
0.0673681
0.0717616
0.0774866
0.0816029
0.0862202
0.0896886
0.0922272
0.0955696
0.0958893
0.0964247
0.0934042
0.0883057
0.0806038
0.0717463
0.0647028
0.126066
0.082453
0.0658903
0.0731357
0.0392622
0.0430241
0.0468378
0.050854
0.0556907
0.0606215
0.0652867
0.0713076
0.0759595
0.0827046
0.0879317
0.0921294
0.0964126
0.098312
0.100679
0.0972311
0.0928906
0.0867628
0.078277
0.0648688
0.0724916
0.0373159
0.0398277
0.04278
0.0457127
0.049144
0.053319
0.058023
0.0638772
0.0689609
0.0767535
0.0832281
0.0894934
0.0938358
0.0976887
0.101335
0.0989356
0.0951946
0.0896553
0.0823324
0.0629235
0.0691209
0.0348736
0.0364011
0.0383854
0.0400402
0.0420706
0.0452891
0.0495343
0.0549843
0.0607694
0.0684245
0.0756686
0.0831385
0.0886785
0.0947741
0.0985503
0.0983928
0.0948332
0.0889984
0.0620247
0.0655507
0.0327624
0.0339046
0.0347112
0.035102
0.035905
0.037903
0.0408908
0.0454242
0.0513015
0.0584485
0.0664607
0.0738668
0.0788548
0.0855247
0.0990993
0.100254
0.0487033
0.101231
0.101005
0.0456096
0.099942
0.0975971
0.0467797
0.0929272
0.0841333
0.0495366
0.073916
0.063859
0.0528012
0.0560208
0.0510717
0.0560181
0.0469243
0.0438793
0.059333
0.0426868
0.040539
0.0624321
0.036696
0.0319997
0.0653767
0.0271179
0.0214559
0.0681363
0.0143892
0.0115607
0.0705407
0.0144275
0.0167607
0.0726627
0.0151333
0.0150561
0.074712
0.0129456
0.0101569
0.077034
0.014232
0.0224357
0.0808811
0.0294106
0.0351835
0.0851173
0.0397795
0.0433688
0.0901391
0.0460041
0.0476989
0.0917584
0.0485366
0.0485365
0.0883484
0.0483999
0.047776
0.0758691
0.0462447
0.0443989
0.0427651
0.0415826
0.0409913
0.0406927
0.0404873
0.0402716
0.132789
0.127219
0.133337
0.133692
0.130321
0.128646
0.12523
0.129513
0.127771
0.128308
0.144968
0.141106
0.16313
0.129818
0.130361
0.126077
0.126381
0.127836
0.129608
0.135786
0.131577
0.156092
0.130899
0.131925
0.127305
0.129001
0.132279
0.132284
0.125853
0.12144
0.147467
0.13345
0.134421
0.129318
0.13392
0.137169
0.135791
0.115507
0.111509
0.137561
0.135063
0.136448
0.129682
0.138643
0.142812
0.140573
0.106113
0.102633
0.127515
0.138058
0.138997
0.130845
0.144522
0.149792
0.143095
0.0986066
0.0964065
0.117986
0.145027
0.152714
0.14011
0.151631
0.154892
0.152005
0.0936383
0.0917548
0.1093
0.15958
0.164057
0.13518
0.161379
0.168524
0.169034
0.0903992
0.088364
0.102488
0.166846
0.16844
0.112706
0.179459
0.188589
0.18498
0.0873417
0.0858676
0.096664
0.16282
0.1509
0.0819002
0.19538
0.204867
0.19222
0.0851308
0.0838728
0.0915818
0.134701
0.117147
0.0665548
0.212444
0.214426
0.183528
0.0832396
0.0824259
0.0872513
0.102165
0.092301
0.0571554
0.215887
0.21047
0.148864
0.0822989
0.0822059
0.0859646
0.0862583
0.0806268
0.0479958
0.198666
0.186431
0.12301
0.0826009
0.0828729
0.08617
0.0736837
0.0637553
0.0305607
0.172053
0.161956
0.106704
0.0838825
0.084101
0.0865772
0.0495993
0.0334375
0.0103902
0.142645
0.133065
0.076561
0.0850453
0.0851661
0.0869492
0.0167796
0.0206716
0.00796693
0.104443
0.0981562
0.053874
0.0859493
0.0860234
0.086969
0.0333918
0.0433385
0.021963
0.111405
0.111562
0.0762715
0.0866354
0.0871404
0.0875344
0.0519569
0.0582005
0.0393387
0.111455
0.109275
0.0838417
0.0880985
0.0893271
0.0896983
0.0623914
0.0654238
0.0510464
0.103826
0.1008
0.0835186
0.0905991
0.0931897
0.0962983
0.0671094
0.0684931
0.0581939
0.0945283
0.0916034
0.0804148
0.0966396
0.101664
0.109215
0.0690922
0.0697075
0.0619508
0.086485
0.0843836
0.0769744
0.106478
0.110577
0.116721
0.0697913
0.0694563
0.0632514
0.0802267
0.0783522
0.0736575
0.113148
0.118798
0.119918
0.0685569
0.0698644
0.0652561
0.0747758
0.07446
0.0719809
0.121783
0.121068
0.129876
0.0708555
0.0710087
0.0656879
0.0754787
0.0747151
0.0732191
0.0703361
0.0690628
0.0637547
0.0735889
0.0716262
0.07092
0.0678147
0.0667327
0.0623842
0.0693339
0.0673522
0.0673656
0.0657214
0.0649307
0.0619077
0.0650495
0.0633203
0.0641673
0.0179143
0.0186425
0.0145935
0.0156306
0.0119893
0.0136185
0.0161274
0.0170261
0.0131617
0.0144809
0.0110022
0.0130336
0.0104329
0.0126695
0.00858243
0.011655
0.0062445
0.0102439
0.00377438
0.00770064
0.00808032
0.00498323
0.0127556
0.00218196
0.0172832
0.00160754
0.0215614
0.00376843
0.025278
0.005523
0.0281291
0.00687123
0.0307347
0.00787985
0.0335526
0.00897467
0.0364027
0.0101412
0.0396164
0.0114328
0.043716
0.0133554
0.0474552
0.0158317
0.0505603
0.0186145
0.0528048
0.0219015
0.0523957
0.0244044
0.0506371
0.0254482
0.00967314
0.0122211
0.007517
0.011066
0.004402
0.00908321
0.00551569
0.00634579
0.0104473
0.00356735
0.0149802
0.00123953
0.0194395
0.00272642
0.0235017
0.00469
0.0267534
0.0062376
0.0293358
0.00737067
0.0320616
0.00838879
0.0348932
0.00953334
0.037885
0.0107442
0.0416035
0.0122961
0.0457686
0.0145835
0.0491176
0.0171762
0.0518789
0.0202197
0.0530662
0.023388
0.0514469
0.0252142
0.0494536
0.0254482
0.0130396
0.0221058
0.00817301
0.0163683
0.0152234
0.010231
0.0147024
0.0094191
0.0196003
0.0110207
0.0130799
0.0192344
0.00745874
0.0233809
0.00457485
0.0322983
0.00553633
0.0428933
0.0151165
0.0496538
0.0249406
0.0457704
0.0254941
0.039684
0.0239747
0.0369079
0.0238639
0.0343118
0.0249499
0.0305423
0.0239175
0.0220324
0.0184421
0.0163519
0.00788759
0.0295315
0.017054
0.0288253
0.0252276
0.0268543
0.0249923
0.0182658
0.0175407
0.00960465
0.00841095
0.0149779
0.00260766
0.0178571
0.00477851
0.0188053
0.00660807
0.0182135
0.00725929
0.0177978
0.00717725
0.0163919
0.00631712
0.0151572
0.00553435
0.014549
0.00500153
0.0275408
0.00325402
0.0369295
0.00984314
0.0487317
0.0209961
0.0457093
0.0254941
0.0428758
0.0245064
0.0386325
0.0239748
0.0353455
0.0246323
0.0332123
0.0249499
0.0265304
0.0216931
0.0165986
0.0136989
0.02394
0.00932121
0.031378
0.0226807
0.0265137
0.0252276
0.0233839
0.0219269
0.0120901
0.0128578
0.0122356
0.00449769
0.0167258
0.00332381
0.0185085
0.00584125
0.0186768
0.00707142
0.0180873
0.00725929
0.0172025
0.006826
0.0155964
0.00584199
0.014879
0.00529188
0.0141371
0.00465153
0.087885
0.146681
0.0603136
0.057936
0.0716865
0.135853
0.0705583
0.0794769
0.146686
0.0638759
0.0664665
0.0624438
0.0937005
0.0871895
0.13742
0.119701
0.115997
0.142508
0.108883
0.100997
0.147125
0.0384504
0.0244984
0.0359989
0.0239285
0.0469634
0.0249598
0.042174
0.0246753
0.0440349
0.0244565
0.0404983
0.0246753
0.0954259
0.132864
0.0553505
0.0978229
0.104301
0.109185
0.0961199
0.114971
0.0463828
0.0573519
0.0673597
0.0763148
0.0846414
0.097468
0.10722
0.112898
0.112083
0.0916965
0.0953291
0.0325084
0.0593061
0.0694451
0.0813178
0.0946104
0.108556
0.114372
0.11591
0.111351
0.0836276
0.0738433
0.0205767
0.0518143
0.0397177
0.0260534
0.0168907
0.0660662
0.0745459
0.080321
0.0869408
0.0940663
0.0843273
0.080004
0.122551
0.074051
0.0658403
0.105646
0.0564553
0.0480145
0.0856921
0.0400595
0.0348655
0.0657141
0.0615763
0.0627441
0.0309956
0.032154
0.0315394
0.0304523
0.0299347
0.0307602
0.0328134
0.0363861
0.0417136
0.0487633
0.0565417
0.0607673
0.0599344
0.0293626
0.0307651
0.029141
0.0265741
0.0245057
0.0237298
0.0249512
0.0285734
0.0336815
0.041425
0.0596642
0.056818
0.0279924
0.0294473
0.0279522
0.0256566
0.0241468
0.023553
0.0586605
0.0547716
0.0287698
0.0314856
0.0398856
0.0395229
0.0391609
0.0388121
0.0385591
0.0385047
0.0388465
0.0394036
0.0490257
0.0241364
0.0274161
0.0325005
0.0406167
0.0495661
0.0310645
0.0295725
0.0290997
0.0298331
0.0312716
0.0351145
0.0411147
0.0495125
0.0586
0.0684845
0.079567
0.093112
0.105728
0.114286
0.115444
0.114265
0.106498
0.0719794
0.0557032
0.0147064
0.0574218
0.0545095
0.0320381
0.0345495
0.0351664
0.0353306
0.0362994
0.0383546
0.0405163
0.0449677
0.0520405
0.0610536
0.0708042
0.0811141
0.0921602
0.102583
0.110447
0.11432
0.113485
0.110074
0.0977195
0.0643221
0.0637124
0.0218585
0.0569499
0.0574481
0.0338147
0.0360263
0.038105
0.0400159
0.0419953
0.0447305
0.0478186
0.0533536
0.0606863
0.0695748
0.07911
0.0886551
0.0979636
0.105735
0.111292
0.112843
0.110362
0.103092
0.0885454
0.058741
0.0729175
0.0320913
0.0574941
0.0612012
0.0353649
0.0382326
0.0416141
0.0443459
0.0461637
0.0491734
0.0533902
0.0596221
0.0665963
0.0753327
0.0840787
0.0923137
0.10033
0.107119
0.110321
0.109354
0.10504
0.0938249
0.0796829
0.0547174
0.0781706
0.0412939
0.059784
0.0655008
0.0386173
0.0426641
0.0462569
0.0489667
0.0507677
0.0545595
0.0594765
0.0655595
0.0711395
0.0787087
0.0862647
0.0937988
0.100876
0.105407
0.10577
0.103078
0.0963812
0.0834652
0.0708298
0.0518677
0.0809168
0.0477802
0.0633045
0.0709365
0.0427758
0.0472713
0.049998
0.0526069
0.0551773
0.0592554
0.0637332
0.0690227
0.0738573
0.0804513
0.0866797
0.0929815
0.0973281
0.0991658
0.0977541
0.0939075
0.0854161
0.0741644
0.0631322
0.0501838
0.0829288
0.0519421
0.0671811
0.0776471
0.0459767
0.0501275
0.0519904
0.0548257
0.0583914
0.0619686
0.0658294
0.0699869
0.0744774
0.0799833
0.0845548
0.0888205
0.09081
0.0912379
0.0889191
0.0844813
0.0757881
0.0670579
0.0572949
0.0486136
0.0846467
0.0547998
0.0708672
0.0848708
0.0487124
0.0523635
0.0544334
0.0579544
0.0621591
0.0650351
0.0685933
0.071846
0.0757441
0.0791022
0.0815746
0.0840381
0.0850421
0.0845793
0.0813299
0.0770737
0.069476
0.0623941
0.0533614
0.0464246
0.0850345
0.0567378
0.0741589
0.0919398
0.0518987
0.0548493
0.0581934
0.0621622
0.0658959
0.0681314
0.0709314
0.0732455
0.0760444
0.07814
0.0797649
0.0809579
0.080729
0.0792631
0.0759622
0.0724962
0.0656036
0.0593031
0.0523676
0.0456835
0.0838348
0.0576338
0.0773558
0.0979955
0.0545937
0.0567514
0.0608718
0.0643407
0.0668942
0.0691427
0.0711925
0.0735641
0.0756086
0.0768622
0.0779166
0.0786895
0.0778096
0.0759866
0.0730703
0.0691396
0.0629879
0.0573166
0.0513932
0.0452835
0.0841573
0.0575199
0.0798557
0.100908
0.0554934
0.0575537
0.0608007
0.0634841
0.0661018
0.0696054
0.0721647
0.0755622
0.0778353
0.078858
0.0789838
0.0776859
0.0750953
0.0727689
0.0697846
0.0653956
0.0600193
0.0546573
0.048985
0.0435287
0.0818271
0.0562068
0.0808957
0.100381
0.0548119
0.0575648
0.0598818
0.0632741
0.067153
0.070584
0.0733624
0.0763777
0.0781084
0.0783014
0.0768855
0.0749188
0.073242
0.0709213
0.0669826
0.0623624
0.0568141
0.0516855
0.0462082
0.041227
0.0782347
0.0535393
0.0806827
0.0997694
0.0548822
0.0571497
0.0591013
0.0627299
0.0664196
0.069343
0.072471
0.0749472
0.0762688
0.0764035
0.0757054
0.0742344
0.0717172
0.0678394
0.0624604
0.05791
0.0525933
0.0479502
0.0428341
0.0386025
0.0740591
0.0512707
0.0804758
0.097884
0.0555959
0.0595653
0.0608164
0.0602574
0.062435
0.066607
0.0699701
0.0724068
0.0739971
0.0751935
0.0755119
0.0735334
0.0695874
0.06423
0.0582023
0.0533509
0.0480167
0.0438263
0.0398894
0.0366489
0.070352
0.0495631
0.0807202
0.0960628
0.0546489
0.0600011
0.0657478
0.0682659
0.0663662
0.0653828
0.0679316
0.0706521
0.0723088
0.0727385
0.0722358
0.0689321
0.0639151
0.058574
0.0536229
0.0489377
0.0446479
0.0412834
0.0382679
0.0351508
0.0664727
0.0480985
0.0813116
0.0957396
0.0533142
0.0591886
0.067095
0.0750679
0.079918
0.0767825
0.0704389
0.0679655
0.0690197
0.0686114
0.067086
0.0625653
0.0581105
0.0534985
0.0481238
0.0429115
0.0386047
0.035688
0.0342885
0.0326159
0.0620427
0.0466464
0.0812435
0.0944052
0.0513786
0.0570408
0.0658416
0.0772072
0.0889842
0.0925523
0.0870867
0.0789189
0.0706074
0.0656002
0.0634042
0.0597977
0.0560388
0.0492045
0.0422888
0.0377652
0.0349314
0.0337695
0.0333357
0.0315798
0.0592449
0.0459118
0.0794436
0.0915456
0.0488286
0.0541656
0.0626984
0.0756377
0.0916568
0.102069
0.101721
0.0951997
0.0851018
0.0736203
0.0637456
0.0566316
0.0505625
0.0424937
0.0359111
0.0312722
0.0300074
0.0309625
0.0322084
0.0319363
0.0587746
0.0466475
0.0752023
0.0870834
0.0454307
0.0503298
0.0576746
0.0713282
0.0917464
0.107217
0.11026
0.106822
0.0998405
0.0880376
0.0750329
0.0637184
0.0545818
0.0457362
0.0389316
0.0338081
0.0318933
0.0316744
0.0326076
0.0331554
0.0635719
0.0493201
0.0690178
0.0803049
0.0410037
0.0443372
0.0491799
0.0605423
0.0824556
0.103522
0.110946
0.110588
0.107852
0.100633
0.0894987
0.0773821
0.0665245
0.056098
0.0474081
0.0415644
0.0391006
0.0380784
0.0373303
0.0361726
0.0681061
0.0540055
0.0627479
0.0733839
0.0769939
0.0806606
0.0869467
0.101379
0.144646
0.195661
0.221448
0.223381
0.22029
0.211677
0.194291
0.171229
0.147499
0.129618
0.112237
0.100765
0.0923183
0.0887909
0.0846979
0.0814515
0.0732419
0.0592276
0.0703028
0.0737547
0.0745031
0.0739268
0.0728812
0.0813715
0.121276
0.182377
0.225747
0.235779
0.235798
0.228941
0.215828
0.197416
0.177551
0.159497
0.144413
0.13311
0.125019
0.118693
0.112133
0.105527
0.0977308
0.084525
0.0169931
0.0400933
0.0408693
0.026589
0.0417193
0.0426146
0.0369396
0.0435958
0.044729
0.0448829
0.0460326
0.0474876
0.050094
0.0489927
0.0504742
0.0535122
0.0518458
0.0530858
0.0559076
0.0541218
0.054915
0.0573045
0.0555188
0.0560232
0.0576706
0.0565101
0.0569979
0.0571378
0.0574592
0.0578699
0.0548396
0.0581738
0.0583544
0.0522529
0.0585547
0.0586094
0.0503097
0.0586084
0.0585091
0.0487584
0.0584145
0.058111
0.0472694
0.0576557
0.0571096
0.0460853
0.056461
0.0557314
0.0461162
0.0549082
0.0539668
0.0478847
0.0529906
0.0518056
0.0519289
0.0503666
0.0486081
0.0561191
0.0474207
0.0488261
0.0636066
0.0560315
0.0723115
0.0742725
0.0750472
0.0734757
0.0742759
0.0866045
0.142744
0.207013
0.233556
0.236861
0.234885
0.226139
0.210872
0.192473
0.172273
0.153143
0.138091
0.127061
0.12018
0.114962
0.108775
0.101997
0.0961781
0.0640405
0.0631904
0.0612327
0.0611616
0.0596196
0.0615036
0.0623064
0.0615032
0.0602358
0.0573498
0.0561066
0.0584795
0.0608134
0.0603681
0.0591215
0.0541392
0.0535338
0.0556895
0.0599988
0.0596102
0.0580662
0.0524645
0.053418
0.0545877
0.0316549
0.0342659
0.0547708
0.0590027
0.0585953
0.0570613
0.0560602
0.0582742
0.0552613
0.0406931
0.0447565
0.0656575
0.0589159
0.0593663
0.05703
0.0615677
0.0629662
0.059013
0.0515503
0.0563261
0.075244
0.0604411
0.0618985
0.0584378
0.0654255
0.0666353
0.0630564
0.0610084
0.0645332
0.0797563
0.0637935
0.065973
0.0614543
0.0695576
0.0717274
0.0679213
0.0675233
0.0699051
0.0821588
0.0685446
0.0714218
0.0652522
0.0755629
0.0789654
0.0741647
0.0719177
0.0737348
0.0842977
0.0745909
0.0780061
0.0691023
0.0826516
0.0858987
0.0813372
0.0750144
0.0760768
0.0855599
0.0813669
0.0846995
0.0725432
0.0889469
0.0920238
0.0884859
0.0763562
0.0763729
0.0849421
0.0877124
0.0901968
0.075776
0.0951321
0.0987329
0.0953086
0.0758615
0.0753975
0.0831456
0.0917585
0.0923856
0.0787664
0.101466
0.104505
0.100054
0.0755169
0.0747558
0.0821375
0.0921731
0.0915301
0.0806406
0.105847
0.107674
0.10107
0.0745545
0.0731235
0.0791206
0.090454
0.0896395
0.0807703
0.107713
0.108245
0.100159
0.0723353
0.0704877
0.0753267
0.0891981
0.0893165
0.0805142
0.109435
0.108276
0.098712
0.0693658
0.0674622
0.0715688
0.0897092
0.0899873
0.0804957
0.108072
0.104273
0.0964432
0.0661543
0.0641483
0.0678605
0.0900474
0.0903233
0.0810645
0.103324
0.100352
0.0954133
0.0627511
0.0606927
0.0641604
0.0904344
0.090305
0.0814454
0.100452
0.0981553
0.0948798
0.05896
0.0568873
0.0601386
0.0898483
0.0889908
0.0806002
0.098041
0.0953217
0.0928273
0.0558436
0.0547377
0.0574827
0.0878394
0.0860229
0.077578
0.0945391
0.0910955
0.0891896
0.0551115
0.0563771
0.0606068
0.0837644
0.0804493
0.0721803
0.0892498
0.0849031
0.0834757
0.0582196
0.0609489
0.0648377
0.0771291
0.0733694
0.0655078
0.0816102
0.0779128
0.0764476
0.0629593
0.0649975
0.0689522
0.0703294
0.0686544
0.0615308
0.0750258
0.072068
0.0711945
0.0788563
0.0740872
0.0729405
0.0832368
0.0759339
0.0744896
0.0892385
0.0810854
0.0780355
0.110701
0.101723
0.0918622
0.159559
0.151295
0.134368
0.209266
0.203101
0.185765
0.223752
0.221952
0.217246
0.222911
0.222339
0.222376
0.219301
0.219618
0.220536
0.208364
0.210583
0.213306
0.188124
0.194668
0.200014
0.165087
0.174244
0.180423
0.144425
0.152943
0.158108
0.126136
0.134319
0.13933
0.109159
0.118525
0.123671
0.0968097
0.106805
0.112262
0.0907636
0.0998769
0.103385
0.0873246
0.0955785
0.098219
0.083465
0.090837
0.0930573
0.0790193
0.0852123
0.0884283
0.0675159
0.0701636
0.0790924
0.0337434
0.0228946
0.0263729
0.0168634
0.0129275
0.00575886
0.0116524
0.00922992
0.030961
0.020723
0.0202095
0.0116454
0.010317
0.00526045
0.0123289
0.0120114
0.0108131
0.0132317
0.00983632
0.0132949
0.00664735
0.00966324
0.0117937
0.00438693
0.016351
0.0020409
0.0193393
0.00478822
0.0215371
0.00679992
0.023016
0.00831475
0.0238217
0.00941608
0.0237754
0.0100858
0.0234136
0.010175
0.022733
0.00988799
0.0217994
0.0093283
0.021031
0.00872942
0.0205354
0.00813682
0.0206322
0.00764282
0.0218446
0.00761353
0.0243041
0.00813673
0.0290846
0.00989874
0.0354086
0.0131085
0.043906
0.0174495
0.0615347
0.0275349
0.00959282
0.0132949
0.00749197
0.0117609
0.00856402
0.00700138
0.0143705
0.00216639
0.0180135
0.00354686
0.0205732
0.00587594
0.0224198
0.00762902
0.0234939
0.00890419
0.0239946
0.00984743
0.023537
0.010175
0.023072
0.0100751
0.0221912
0.00960173
0.0213392
0.00902061
0.0207147
0.00842953
0.020377
0.00785966
0.0212832
0.00756935
0.0228573
0.00776395
0.0265387
0.00887114
0.0326684
0.0115302
0.038253
0.0146485
0.0520309
0.0219136
0.0136579
0.00425335
0.0127969
0.00347866
0.0120783
0.00270141
0.0119365
0.00217256
0.0131712
0.00385313
0.0123981
0.00307451
0.0119039
0.0024008
0.0122999
0.00205326
0.0128397
0.00209514
0.0141904
0.00239473
0.015805
0.00286972
0.017854
0.00367459
0.0201116
0.00485569
0.0221154
0.00617368
0.0238765
0.00747776
0.0253135
0.0086224
0.0265457
0.009595
0.0275713
0.0104388
0.0283091
0.011155
0.0288241
0.0117672
0.0291568
0.0123903
0.0292286
0.0129965
0.0288321
0.0133855
0.0283608
0.0135402
0.0277257
0.013502
0.0267597
0.0131891
0.0255344
0.0126061
0.0243047
0.0118039
0.0282164
0.0132903
0.0134711
0.00221715
0.014957
0.00260668
0.0167767
0.00321991
0.0190002
0.00423311
0.021164
0.00551446
0.0230184
0.00682943
0.0246303
0.00807811
0.0259545
0.00912673
0.0270896
0.0100324
0.0279949
0.0108195
0.0285451
0.0114498
0.0290127
0.0120776
0.0292674
0.0127115
0.0290522
0.0132165
0.0286263
0.0134977
0.0280513
0.013539
0.0272294
0.013356
0.0262025
0.012944
0.0246973
0.0121494
0.0260888
0.0124088
)
;

boundaryField
{
    inlet
    {
        type            zeroGradient;
    }
    outlet
    {
        type            zeroGradient;
    }
    wall
    {
        type            zeroGradient;
    }
    empty_zmin
    {
        type            empty;
    }
    empty_zmax
    {
        type            empty;
    }
    procBoundary1to0
    {
        type            processor;
        value           nonuniform List<scalar> 
35
(
0.104304
0.0983321
0.0946678
0.0911173
0.087878
0.087878
0.169776
0.094904
0.153747
0.029686
0.041205
0.0386961
0.0242401
0.0184786
0.0269319
0.0398653
0.0632319
0.0927532
0.109103
0.109905
0.0211734
0.0218312
0.129773
0.136054
0.0677999
0.0677999
0.0680902
0.0663418
0.0403439
0.0937062
0.135923
0.135393
0.0159734
0.0235298
0.0235298
)
;
    }
}


// ************************************************************************* //
