/*--------------------------------*- C++ -*----------------------------------*\
| =========                 |                                                 |
| \\      /  F ield         | OpenFOAM: The Open Source CFD Toolbox           |
|  \\    /   O peration     | Version:  2406                                  |
|   \\  /    A nd           | Website:  www.openfoam.com                      |
|    \\/     M anipulation  |                                                 |
\*---------------------------------------------------------------------------*/
FoamFile
{
    version     2.0;
    format      ascii;
    arch        "LSB;label=32;scalar=64";
    class       volScalarField;
    location    "2.42";
    object      Co;
}
// * * * * * * * * * * * * * * * * * * * * * * * * * * * * * * * * * * * * * //

dimensions      [0 0 0 0 0 0 0];

internalField   nonuniform List<scalar> 
2367
(
0.0853231
0.0842942
0.0833981
0.0844686
0.0818388
0.0775798
0.142126
0.137016
0.142562
0.141571
0.151943
0.156487
0.108163
0.0568377
0.113666
0.059836
0.0334184
0.0400379
0.0493653
0.0612712
0.0706904
0.0582706
0.0540357
0.0443925
0.035169
0.0305005
0.113079
0.110601
0.0582048
0.118459
0.116948
0.06195
0.0609672
0.0599805
0.126111
0.127336
0.0691592
0.0695161
0.0697653
0.0664075
0.0604095
0.0981654
0.0772073
0.0505953
0.0475426
0.0665792
0.0963123
0.128631
0.156444
0.0832035
0.132439
0.131412
0.0736201
0.0749769
0.07586
0.0743251
0.134953
0.110095
0.0772015
0.0420849
0.0257896
0.0503284
0.0961256
0.143357
0.173867
0.0938028
0.0937455
0.0928024
0.088059
0.0840023
0.0804881
0.0789306
0.149299
0.143799
0.142746
0.146589
0.0824715
0.0838105
0.0859901
0.171472
0.158269
0.145554
0.206967
0.222178
0.105345
0.101907
0.0989136
0.0954884
0.0898961
0.0847396
0.157198
0.15022
0.151128
0.156865
0.0854337
0.0917097
0.188244
0.199834
0.192389
0.255534
0.235113
0.109286
0.100071
0.0941669
0.0898325
0.0865017
0.166487
0.157516
0.159601
0.16724
0.0939416
0.192711
0.204527
0.224874
0.255061
0.229522
0.109351
0.102197
0.0964018
0.090766
0.172069
0.164076
0.166062
0.175565
0.0956949
0.194029
0.214156
0.255001
0.235389
0.105824
0.0993657
0.0950505
0.0915759
0.176963
0.168865
0.171789
0.181652
0.097533
0.194275
0.199893
0.229183
0.229481
0.106817
0.102611
0.0978716
0.0927883
0.179344
0.172447
0.174633
0.1829
0.0973882
0.193596
0.206847
0.230058
0.22525
0.102936
0.0978329
0.0946603
0.0922157
0.180618
0.174768
0.175406
0.179014
0.0957427
0.198123
0.216657
0.230903
0.227978
0.101663
0.0966648
0.0938135
0.0922168
0.182768
0.177066
0.178358
0.177672
0.0919397
0.189039
0.192318
0.203444
0.218963
0.101169
0.0977965
0.0953847
0.0935193
0.184587
0.176699
0.178635
0.179218
0.0902531
0.093987
0.191635
0.0892124
0.211465
0.227319
0.103544
0.0997583
0.0969815
0.0944741
0.184294
0.17353
0.177805
0.179052
0.0918571
0.0928343
0.180891
0.0558006
0.043218
0.0558531
0.212508
0.108833
0.104554
0.100986
0.0957743
0.0935611
0.183692
0.169303
0.176368
0.177245
0.0880668
0.0877155
0.076262
0.0519721
0.0252177
0.031358
0.00313905
0.00969702
0.0720391
0.106725
0.106256
0.10228
0.0991255
0.0951671
0.0928365
0.181457
0.16221
0.174229
0.174564
0.0871528
0.0862014
0.0755391
0.0157199
0.0106286
0.0125194
0.0181177
0.030747
0.0397502
0.0451947
0.036665
0.0296913
0.0209252
0.0761378
0.10528
0.104413
0.0998894
0.097512
0.0942607
0.0915899
0.178471
0.153304
0.174003
0.174326
0.0864048
0.0867894
0.0761669
0.0161123
0.00388008
0.00500425
0.0145686
0.0257999
0.0173423
0.0319188
0.0413432
0.0252668
0.0387403
0.086995
0.103997
0.104495
0.100301
0.0960248
0.0927949
0.0900405
0.175737
0.142517
0.0157855
0.00489499
0.00556957
0.0106777
0.014828
0.0149664
0.00971877
0.0198749
0.0303232
0.0551295
0.0945613
0.102646
0.0985481
0.0931285
0.0911509
0.0895316
0.0873012
0.171051
0.129861
0.0190597
0.0105164
0.0113151
0.0164996
0.0154316
0.00958483
0.0010382
0.0179352
0.045117
0.0785736
0.102177
0.102827
0.0970297
0.0914762
0.0884319
0.0862987
0.0842545
0.164725
0.117359
0.106262
0.109254
0.111759
0.11544
0.1189
0.12296
0.126325
0.130822
0.0987761
0.105844
0.117312
0.0570889
0.098903
0.0232577
0.0471889
0.0777567
0.115496
0.143493
0.149606
0.168074
0.157281
0.148389
0.13554
0.13907
0.16379
0.18
0.174551
0.195815
0.204362
0.224055
0.223572
0.154265
0.144211
0.148173
0.209136
0.218039
0.215894
0.240095
0.24372
0.259758
0.260974
0.160684
0.152689
0.156636
0.243578
0.264801
0.285976
0.166544
0.159786
0.162961
0.222734
0.212295
0.20739
0.244667
0.239563
0.241897
0.170969
0.165891
0.16736
0.197568
0.201546
0.201097
0.22907
0.224397
0.224526
0.173713
0.169621
0.17103
0.206169
0.208304
0.214333
0.230129
0.240211
0.237431
0.175925
0.171988
0.173292
0.209233
0.194046
0.211665
0.237069
0.233675
0.227374
0.177471
0.173375
0.172791
0.10479
0.122846
0.175372
0.171686
0.170199
0.0638115
0.0670131
0.115306
0.110106
0.0811234
0.171234
0.168546
0.166763
0.0309899
0.0307614
0.0425018
0.0254966
0.0168028
0.165729
0.164571
0.161999
0.0348186
0.0278248
0.0250904
0.0310248
0.0284242
0.0404489
0.0448664
0.0244534
0.0317563
0.00681189
0.0149978
0.0152706
0.157638
0.159449
0.156949
0.147821
0.154331
0.151901
0.135902
0.123245
0.111299
0.112224
0.12036
0.117631
0.110725
0.122674
0.122273
0.11786
0.128971
0.124352
0.118373
0.134875
0.133667
0.12739
0.135017
0.130723
0.128792
0.142131
0.139327
0.0923316
0.0957037
0.103942
0.0659707
0.0606362
0.0790331
0.0451518
0.0336633
0.0450251
0.0636462
0.0530392
0.0355596
0.0874616
0.0818754
0.0538054
0.106457
0.112682
0.0962005
0.128154
0.141275
0.13911
0.154491
0.158436
0.163123
0.132647
0.142599
0.138139
0.1329
0.151036
0.147942
0.140632
0.136504
0.133933
0.17954
0.180643
0.176654
0.14873
0.157472
0.161381
0.145349
0.150696
0.146044
0.150239
0.16211
0.156411
0.179511
0.182522
0.172431
0.211808
0.21533
0.228927
0.155702
0.163015
0.169081
0.154501
0.160011
0.155298
0.160833
0.168765
0.164973
0.19704
0.206099
0.198928
0.22502
0.239397
0.247663
0.163687
0.167988
0.172205
0.163754
0.167735
0.163339
0.172853
0.177631
0.172502
0.196583
0.203323
0.196188
0.217767
0.230629
0.215614
0.238733
0.254211
0.269883
0.228708
0.226607
0.236749
0.169603
0.172855
0.176633
0.170422
0.172593
0.168863
0.182409
0.179185
0.176444
0.20461
0.202326
0.196556
0.223756
0.223909
0.232038
0.174446
0.176972
0.179883
0.175981
0.174633
0.171779
0.189373
0.180684
0.177741
0.201124
0.202502
0.199281
0.220915
0.220917
0.22432
0.177243
0.178864
0.180772
0.178307
0.175465
0.174173
0.190111
0.179705
0.177134
0.203003
0.209588
0.201776
0.215471
0.21959
0.230786
0.179137
0.180484
0.181636
0.176751
0.177581
0.177515
0.18377
0.181093
0.177854
0.208957
0.206124
0.197018
0.216047
0.21394
0.226059
0.182497
0.183952
0.184655
0.178379
0.179298
0.178627
0.179083
0.18317
0.180698
0.194951
0.192826
0.185211
0.159064
0.144644
0.193406
0.218624
0.2292
0.186421
0.211605
0.212037
0.224719
0.184209
0.184841
0.187551
0.179067
0.179122
0.178307
0.178558
0.182669
0.180561
0.147911
0.137146
0.184824
0.23295
0.227464
0.208845
0.216479
0.2151
0.226487
0.18353
0.184124
0.188266
0.178682
0.178513
0.177212
0.179571
0.180968
0.179246
0.13713
0.139635
0.179539
0.0413509
0.028409
0.0516385
0.121089
0.140534
0.0587517
0.226737
0.223972
0.215241
0.182415
0.182215
0.18624
0.177476
0.175839
0.175104
0.176866
0.174256
0.174856
0.0215634
0.0200518
0.0541781
0.0290859
0.022212
0.0185378
0.0283509
0.0325881
0.0136689
0.155845
0.175515
0.0910084
0.179656
0.179028
0.183927
0.174909
0.175989
0.174585
0.174186
0.174542
0.175406
0.0111621
0.00553036
0.0073087
0.0145848
0.00912876
0.00628508
0.0215477
0.0189396
0.0126059
0.0360296
0.0351851
0.0244026
0.0423963
0.0446207
0.0356522
0.0415647
0.0373124
0.0403965
0.0352437
0.0440334
0.0414018
0.0233393
0.0381409
0.0424317
0.0478258
0.063264
0.0340621
0.176053
0.175006
0.180856
0.17529
0.175997
0.174075
0.172696
0.174154
0.175332
0.0241928
0.0280228
0.0170409
0.0362908
0.0366753
0.0273555
0.0307378
0.0293358
0.0292254
0.0468397
0.046228
0.0418342
0.171848
0.169772
0.177193
0.16537
0.162395
0.171421
0.157273
0.154139
0.164758
0.223721
0.169447
0.111034
0.0988971
0.107579
0.086057
0.0218454
0.0121077
0.0808726
0.0638566
0.030939
0.0206839
0.0540974
0.0328107
0.0335636
0.0153642
0.0585647
0.0436653
0.0579762
0.0438181
0.0610753
0.0437387
0.119209
0.0921332
0.0131461
0.0094363
0.259423
0.19747
0.244886
0.159611
0.243934
0.127719
0.181248
0.0387607
0.147047
0.0658947
0.115378
0.0618104
0.122778
0.0666406
0.128935
0.0699772
0.133273
0.0716237
0.134832
0.0716762
0.137031
0.0704043
0.136682
0.0657241
0.13485
0.0585627
0.125178
0.0468008
0.110055
0.0353828
0.0933519
0.0253299
0.0699788
0.0144022
0.0472387
0.00496113
0.027116
0.0103174
0.00934407
0.0158777
0.01319
0.019799
0.230852
0.157201
0.215025
0.123974
0.188454
0.053174
0.111268
0.0701129
0.127665
0.0937718
0.117154
0.0824111
0.0176706
0.00885013
0.13421
0.0981446
0.0599409
0.0426567
0.0738944
0.0522217
0.029002
0.0146693
0.0363874
0.027233
0.0614473
0.03412
0.0949291
0.0681304
0.0781349
0.0616164
0.220828
0.137
0.240696
0.0907313
0.120298
0.0645723
0.125952
0.068428
0.130106
0.0705625
0.133626
0.0716762
0.135823
0.0713949
0.137474
0.0684789
0.136192
0.0627147
0.131403
0.0530305
0.117953
0.0408849
0.102454
0.0304091
0.0822748
0.0198195
0.0584144
0.00961521
0.0372073
0.00547222
0.0167882
0.0134756
0.00913669
0.0180542
0.0162535
0.0211728
0.0767566
0.0356784
0.086357
0.0419647
0.0951695
0.0485758
0.103922
0.0553666
0.114664
0.0631369
0.124182
0.0698338
0.131061
0.0741586
0.135135
0.075941
0.138422
0.0755682
0.140885
0.0726144
0.140973
0.0649501
0.134697
0.0531257
0.121213
0.0403029
0.105755
0.0295977
0.0875512
0.0200699
0.0679962
0.012273
0.0484032
0.00635731
0.23186
0.173242
0.13627
0.100107
0.189736
0.126674
0.219265
0.0966794
0.136048
0.0398727
0.0576698
0.0605114
0.113177
0.104774
0.0456652
0.0365937
0.0428518
0.0249205
0.183759
0.134882
0.111713
0.0875243
0.135574
0.100991
0.134509
0.105882
0.0467858
0.0418583
0.148338
0.111608
0.259773
0.199221
0.117313
0.127525
0.0815411
0.0386066
0.0903703
0.0451622
0.09991
0.0520397
0.109866
0.0594101
0.118223
0.0661707
0.126399
0.0718812
0.133813
0.0756275
0.136851
0.075941
0.140914
0.0751059
0.141981
0.0696437
0.138828
0.0594658
0.128495
0.0465117
0.113766
0.0347046
0.097122
0.0247102
0.0779323
0.0159206
0.0580396
0.00919043
0.0385159
0.00387572
0.0482806
0.0352779
0.0280086
0.0185989
0.0508995
0.0395597
0.0613469
0.0480437
0.050486
0.0397559
0.0358471
0.0220706
0.0331579
0.0192296
0.0268014
0.0233145
0.0256883
0.0223401
0.0783128
0.0669334
0.157466
0.115848
0.24558
0.179189
0.145909
0.0261835
0.0896281
0.0685961
0.173777
0.174256
0.0844069
0.0819506
0.0702202
0.173227
0.173561
0.0858663
0.0860352
0.0705676
0.149036
0.145665
0.142026
0.138468
0.175628
0.175546
0.173629
0.17245
0.171175
0.173639
0.175376
0.175508
0.173159
0.170905
0.171309
0.173276
0.0286027
0.00270982
0.0114687
0.00816326
0.0195313
0.0044032
0.00974167
0.0122163
0.0379877
0.0411208
0.0456498
0.0506324
0.0566632
0.0611376
0.0366336
0.0423428
0.05031
0.058464
0.0653355
0.0522131
0.0500417
0.0469001
0.0424987
0.0391498
0.0539106
0.0492437
0.0433649
0.0365745
0.0334517
0.103018
0.102454
0.0514257
0.105091
0.10322
0.0536887
0.107638
0.108185
0.0550294
0.0540919
0.0573547
0.0562174
0.0945396
0.0972531
0.097585
0.100482
0.100864
0.104613
0.103565
0.109518
0.106879
0.101049
0.108758
0.110417
0.104629
0.110729
0.109507
0.102863
0.112807
0.111292
0.107338
0.117098
0.114022
0.109825
0.115416
0.117899
0.0571091
0.0233445
0.0626996
0.0266184
0.0690978
0.0306611
0.0610199
0.0252698
0.067222
0.0289777
0.0742256
0.0334298
0.0933027
0.0943884
0.0949241
0.0954279
0.0957599
0.0959576
0.0960442
0.0961235
0.0962058
0.0962336
0.0962576
0.096263
0.0962602
0.096266
0.0962485
0.0961868
0.096139
0.0960692
0.0960184
0.0958436
0.0957377
0.0951205
0.094078
0.0954325
0.0938485
0.0927319
0.0938511
0.0948559
0.0954321
0.0957863
0.0959802
0.0961172
0.0962209
0.0962884
0.0963515
0.0963846
0.0963989
0.0963715
0.0963428
0.0962776
0.0961685
0.0960206
0.095914
0.0956058
0.0954349
0.0942057
0.0932734
0.0955589
0.0986291
0.095334
0.0469413
0.0469704
0.0472597
0.0474921
0.0476919
0.0478446
0.0479511
0.0480284
0.0480842
0.0481307
0.0481568
0.0481605
0.0481345
0.0480757
0.0479803
0.0478676
0.0477284
0.047615
0.0475161
0.0477522
0.0966613
0.100382
0.100536
0.0975585
0.0479876
0.0475148
0.0474906
0.0476095
0.0477391
0.0479112
0.0480402
0.0481052
0.0481562
0.0481938
0.0482173
0.0482398
0.0482398
0.0482202
0.0481561
0.0480399
0.0478413
0.047692
0.0480495
0.0489084
0.0994141
0.101
0.100866
0.0986156
0.0485381
0.0480366
0.0477915
0.0477732
0.0478233
0.0478679
0.0480421
0.0482082
0.0482831
0.0483575
0.0483935
0.0484217
0.0484342
0.048419
0.0483875
0.0483441
0.0483954
0.0486035
0.0488101
0.0492789
0.100107
0.100196
0.100798
0.0990019
0.0488217
0.0483639
0.0480763
0.047934
0.0479995
0.0481154
0.0481129
0.0482195
0.0483939
0.0484663
0.0485342
0.0486014
0.0486359
0.0486273
0.048613
0.048607
0.0485646
0.0485791
0.0489337
0.0497051
0.101171
0.0994859
0.100674
0.0991929
0.0489641
0.0485531
0.0482879
0.0481127
0.0479836
0.0480034
0.0481971
0.048278
0.0483804
0.0485825
0.0486619
0.0487217
0.0487998
0.0488836
0.0489269
0.0489944
0.0491757
0.0495156
0.0496413
0.0500172
0.101714
0.0988808
0.100478
0.0991908
0.0490297
0.0486452
0.0483925
0.0482334
0.0482362
0.0482595
0.0482456
0.0484267
0.0485815
0.0486924
0.0488976
0.0490438
0.0491296
0.0492147
0.0493357
0.049485
0.0495388
0.0494819
0.0497041
0.0504652
0.102068
0.0981945
0.100222
0.0990814
0.0490123
0.0487009
0.0484991
0.0483628
0.0482408
0.0482621
0.0484399
0.0485231
0.0486837
0.0488851
0.0490589
0.0492755
0.049432
0.0496201
0.0498231
0.0498829
0.0500675
0.0503699
0.0504007
0.0508637
0.102945
0.0977554
0.0998789
0.0988921
0.0489202
0.048613
0.0484209
0.048324
0.0483539
0.0483853
0.0483382
0.0485085
0.0487469
0.0490229
0.0492392
0.0494436
0.0497277
0.0498713
0.0499815
0.0502223
0.0503065
0.0502449
0.0505899
0.05132
0.103248
0.0974904
0.0995975
0.0986802
0.0487736
0.0484855
0.0482736
0.0481496
0.0480067
0.0480634
0.0484286
0.048707
0.0488875
0.0491604
0.0495538
0.0498844
0.0501254
0.0505324
0.0508982
0.0510898
0.0514091
0.0517034
0.0515889
0.05189
0.104253
0.0973264
0.0992349
0.0983985
0.0486579
0.0484139
0.0482361
0.0481976
0.048366
0.0485225
0.048523
0.0487918
0.0492325
0.0495442
0.0497847
0.050211
0.0506173
0.0508556
0.0510348
0.0512742
0.0513238
0.0513295
0.0516423
0.0523069
0.104472
0.0974539
0.0988151
0.0979998
0.0483458
0.0480644
0.0478176
0.0477221
0.0475962
0.0477306
0.0482659
0.0487542
0.0490841
0.049456
0.0499929
0.0505558
0.0510039
0.0514615
0.0519098
0.0522057
0.0525599
0.0529791
0.0530326
0.053136
0.105255
0.0981202
0.0987442
0.0978367
0.0482141
0.0478851
0.0476925
0.0475471
0.0477027
0.0479873
0.0482349
0.0486674
0.0492404
0.0499197
0.0505327
0.0510122
0.0516524
0.0520751
0.0523699
0.0529224
0.0530972
0.0528508
0.052957
0.0535375
0.105966
0.098987
0.0987313
0.0979423
0.0485097
0.0479678
0.0475828
0.0470846
0.0469213
0.0473946
0.0482438
0.0488558
0.0493534
0.0501064
0.0508414
0.0515401
0.0522841
0.0531198
0.0536479
0.0537402
0.0541673
0.0547281
0.0547895
0.0546471
0.107621
0.0998848
0.0989598
0.0981514
0.0483705
0.0480008
0.0475171
0.0467738
0.0467075
0.047115
0.0475638
0.0483102
0.0493254
0.0502492
0.0512281
0.0522329
0.0532624
0.0538429
0.0543188
0.0549997
0.0549591
0.0542484
0.0542609
0.0550303
0.108464
0.10124
0.0994593
0.098375
0.0493066
0.0483672
0.0475956
0.0472161
0.0467236
0.0466554
0.0473873
0.0480283
0.0485954
0.0494818
0.0507032
0.0520455
0.0536368
0.0554353
0.0564041
0.0562573
0.0566218
0.057534
0.0576111
0.0571756
0.111198
0.102786
0.100123
0.100311
0.0493427
0.049033
0.0483529
0.0477316
0.0465941
0.0460984
0.0464088
0.047075
0.0483115
0.0496293
0.0510265
0.0525512
0.053775
0.0545916
0.0555151
0.0567448
0.0571216
0.0565159
0.0564559
0.057726
0.113522
0.104709
0.101107
0.100362
0.0511995
0.0500337
0.0487955
0.0471579
0.0453711
0.0449969
0.0453052
0.045892
0.0469026
0.0485589
0.0507393
0.0529832
0.0550396
0.057291
0.0589525
0.0594522
0.0600783
0.0608375
0.0609489
0.0602982
0.114822
0.107657
0.0421419
0.0432751
0.0457595
0.0483911
0.0507157
0.052905
0.0551799
0.0569258
0.0587492
0.0608141
0.0615348
0.0606736
0.0599766
0.0604476
0.119317
0.110825
0.040835
0.0411424
0.0432157
0.0464088
0.0505675
0.0541426
0.0574822
0.0608392
0.0626915
0.0630728
0.064204
0.0657475
0.0660988
0.0650247
0.120758
0.114403
0.0634567
0.0656575
0.0671196
0.0671832
0.0659072
0.06493
0.0649292
0.125196
0.119732
0.0695245
0.0712284
0.0703449
0.0705517
0.0722632
0.0727437
0.0703991
0.129447
0.123789
0.0730067
0.076579
0.0788818
0.0779979
0.0752385
0.0727945
0.0720052
0.136086
0.129804
0.109251
0.105771
0.111327
0.105013
0.105153
0.105195
0.10506
0.10533
0.105253
0.105442
0.105395
0.105516
0.105486
0.105545
0.10553
0.105562
0.105562
0.105563
0.105561
0.105578
0.105568
0.105591
0.105585
0.105588
0.10559
0.105579
0.105586
0.105586
0.105582
0.105589
0.105586
0.105561
0.105576
0.105531
0.105548
0.105481
0.105514
0.105374
0.105426
0.105363
0.105349
0.105107
0.10528
0.105081
0.105003
0.111337
0.10581
0.109213
0.0955116
0.0920535
0.092267
0.0953751
0.0982983
0.0981759
0.100038
0.100638
0.100776
0.100525
0.0999979
0.10059
0.0994481
0.0987841
0.0997902
0.0982072
0.0975611
0.0989122
0.0969938
0.0963168
0.098277
0.0957449
0.0950579
0.0976644
0.0944527
0.093833
0.0972005
0.0932103
0.0926775
0.097229
0.0921548
0.0916182
0.0975281
0.0912103
0.0907527
0.0982434
0.0904484
0.0902237
0.0991073
0.0902046
0.0901339
0.100254
0.0900752
0.0902638
0.101521
0.0899897
0.0907211
0.103409
0.0904718
0.0910451
0.10549
0.0915869
0.0929973
0.108605
0.092406
0.0952512
0.111871
0.115206
0.12018
0.124621
0.129628
0.136148
0.050845
0.0496411
0.0477973
0.045738
0.0431986
0.0528708
0.0517765
0.0495681
0.0463074
0.0430546
0.0942385
0.0926639
0.0912722
0.0945975
0.0941524
0.093561
0.0952206
0.0947447
0.0944232
0.0956271
0.0952896
0.0950133
0.095874
0.0956624
0.0955009
0.0960076
0.0959063
0.0957971
0.0960812
0.0960702
0.0959937
0.0961719
0.0961505
0.0961161
0.0962226
0.096213
0.0961776
0.0962453
0.0962574
0.0962414
0.0962632
0.0962842
0.0962693
0.0962599
0.0963249
0.0963044
0.0962639
0.0963158
0.096321
0.0962623
0.0963018
0.0963068
0.0962198
0.0962726
0.0962859
0.0961642
0.096212
0.0962307
0.0961084
0.0961219
0.0961642
0.0960481
0.0959447
0.0960415
0.0959443
0.0956274
0.0957768
0.0957903
0.0952345
0.0954501
0.0954725
0.0945115
0.0949975
0.0946233
0.0938542
0.0941479
0.0929901
0.0918974
0.0934593
0.0928354
0.094792
0.096476
0.093246
0.09337
0.0936901
0.094476
0.0947049
0.0940885
0.0952526
0.0953188
0.094917
0.0956463
0.09566
0.0954246
0.0958967
0.095905
0.0957705
0.0960609
0.0960808
0.095968
0.0961843
0.0962095
0.0961277
0.0962586
0.0963111
0.0962493
0.0963247
0.0963834
0.0963371
0.0963771
0.0964415
0.0964052
0.0963962
0.0964646
0.0964566
0.0964024
0.0964888
0.0964575
0.0963855
0.0965052
0.0964607
0.0963501
0.0964357
0.0964387
0.096264
0.0963736
0.0963537
0.0961441
0.0962403
0.0962535
0.0960146
0.0960047
0.0960808
0.0958229
0.0956394
0.0957808
0.0955201
0.0950481
0.0954308
0.0949806
0.0945933
0.0949827
0.0931914
0.094312
0.0940863
0.0942694
0.0959042
0.0944833
0.09681
0.0979169
0.0997801
0.093745
0.0959536
0.0966204
0.0990277
0.0993868
0.0974747
0.0989475
0.0992991
0.100686
0.096192
0.0977665
0.0982605
0.100995
0.100705
0.0991956
0.0996892
0.0997851
0.100813
0.0974251
0.0984901
0.0989645
0.101444
0.101079
0.0997697
0.0999096
0.0999838
0.100698
0.0981113
0.0988088
0.0992131
0.101912
0.101272
0.100405
0.0999956
0.0999868
0.100544
0.0984161
0.0988806
0.0992731
0.102377
0.101714
0.101217
0.0999446
0.0999159
0.100343
0.0984996
0.0988787
0.0992435
0.102584
0.102398
0.1023
0.0998278
0.0997541
0.100082
0.0984445
0.0987161
0.0990681
0.103099
0.102989
0.103376
0.0996197
0.0995065
0.0997286
0.0982922
0.0984596
0.0988404
0.103535
0.104218
0.104853
0.0994042
0.0992036
0.0993661
0.098046
0.0981719
0.0985403
0.104312
0.10489
0.10563
0.0991299
0.0988886
0.0990013
0.0978302
0.0978469
0.0982069
0.104333
0.106341
0.107355
0.0987649
0.0985056
0.0986097
0.0973962
0.0973636
0.0977885
0.105427
0.107133
0.108275
0.0986001
0.0986891
0.0989042
0.0972478
0.0974125
0.0979328
0.106064
0.109267
0.110383
0.0985302
0.0994204
0.0994136
0.0975438
0.0976712
0.0983585
0.107807
0.110228
0.111723
0.0989501
0.100783
0.100291
0.097762
0.0978862
0.0994338
0.108555
0.113346
0.114663
0.0993228
0.100443
0.10023
0.0982267
0.100103
0.100222
0.111208
0.114769
0.11707
0.100184
0.102871
0.102615
0.0996472
0.0994159
0.10165
0.112179
0.118721
0.121056
0.100864
0.107146
0.105585
0.100793
0.105707
0.106452
0.115333
0.122946
0.12598
0.119082
0.124922
0.12671
0.120812
0.130939
0.135927
0.125728
0.135557
0.137014
0.130914
0.139888
0.145918
0.134884
0.146409
0.150453
0.105692
0.0852684
0.0984586
0.0617384
0.0938709
0.0451587
0.0819995
0.0322106
0.0714952
0.0258354
0.0638969
0.0226377
0.0577038
0.0205766
0.0525094
0.0189692
0.0487411
0.0179127
0.0461483
0.0172001
0.0440998
0.0167755
0.0447349
0.0170666
0.0469786
0.01777
0.0510044
0.0194304
0.0541514
0.021455
0.0573972
0.0234667
0.0611003
0.0256595
0.0648272
0.0282957
0.0683204
0.0306355
0.0745669
0.0339921
0.0800522
0.0378775
0.0857927
0.0416915
0.0931436
0.0462819
0.100798
0.0519372
0.106922
0.0982877
0.0987326
0.0704586
0.0970241
0.0533349
0.0877527
0.0376154
0.0762696
0.0284352
0.0674798
0.0240512
0.0603524
0.0214252
0.0547789
0.0196539
0.0502319
0.018325
0.0467329
0.017353
0.0444024
0.0167755
0.0440573
0.0168412
0.0459981
0.0175187
0.0496042
0.0186576
0.0536653
0.0207724
0.0568361
0.0228111
0.0606624
0.0250026
0.0650729
0.0276316
0.0691932
0.0304076
0.0741517
0.0330197
0.0806644
0.0369987
0.0861768
0.0408102
0.0921445
0.0446729
0.100851
0.0503581
0.107031
0.0551287
0.10554
0.0851983
0.0983832
0.061536
0.0933207
0.044491
0.0810954
0.0312766
0.0701581
0.0246217
0.0614847
0.0209146
0.0542871
0.0183758
0.0482907
0.0163558
0.0433758
0.0146829
0.0395383
0.0133174
0.0368722
0.0123699
0.0351499
0.0117848
0.0350804
0.0116508
0.0377845
0.0122244
0.0411115
0.0135321
0.0437792
0.0152405
0.0459306
0.0170005
0.0491183
0.0185722
0.05208
0.0204244
0.106996
0.0982877
0.0989171
0.070465
0.0972227
0.0530881
0.0874431
0.0369098
0.0751195
0.0273527
0.0654992
0.0225218
0.0576628
0.0195514
0.0510623
0.0173027
0.0456161
0.0154559
0.0413646
0.0139809
0.0380758
0.0128021
0.0358269
0.0119991
0.0345949
0.0116345
0.0361074
0.0118175
0.0395193
0.0128218
0.0429779
0.0145065
0.0456512
0.0163799
0.0472401
0.0176809
0.0517041
0.0199352
0.0566282
0.0223977
0.0268315
0.0204395
0.0184636
0.027708
0.0286613
0.0232773
0.0149462
0.0386231
0.0706747
0.0960589
0.105076
0.10234
0.0960747
0.0903989
0.0868815
0.083966
0.0812049
0.157844
0.105875
0.0313683
0.0262806
0.0385055
0.04141
0.0380263
0.035027
0.0644598
0.0910372
0.102179
0.103389
0.0999123
0.0925663
0.0872714
0.0837595
0.0804498
0.0777266
0.150776
0.0956809
0.0859527
0.0821967
0.0794664
0.0763977
0.0740765
0.143546
0.086929
0.10045
0.0909967
0.14876
0.145562
0.157441
0.140407
0.137363
0.150096
0.132198
0.0424254
0.0376172
0.0443436
0.0508839
0.0489384
0.0513499
0.0786643
0.0954291
0.0994617
0.0966826
0.0926181
0.0180767
0.0220055
0.0195255
0.02245
0.019719
0.0225112
0.0191176
0.0223593
0.0196082
0.0225112
0.169345
0.178334
0.0916055
0.0947274
0.0776373
0.0480404
0.122075
0.177878
0.17758
0.172537
0.173752
0.0882828
0.089401
0.0719561
0.171113
0.175017
0.0895971
0.0915378
0.0735969
0.0366879
0.134618
0.130985
0.127599
0.124727
0.175782
0.175792
0.171719
0.172764
0.174761
0.174598
0.176185
0.176779
0.170205
0.174909
0.177308
0.176433
0.0115577
0.0191686
0.0164685
0.0132083
0.0159309
0.0122532
0.0196752
0.0140422
0.0185036
0.0115881
0.0196752
)
;

boundaryField
{
    inlet
    {
        type            zeroGradient;
    }
    outlet
    {
        type            zeroGradient;
    }
    wall
    {
        type            zeroGradient;
    }
    empty_zmin
    {
        type            empty;
    }
    empty_zmax
    {
        type            empty;
    }
    procBoundary0to1
    {
        type            processor;
        value           nonuniform List<scalar> 
35
(
0.0812391
0.0781852
0.0759274
0.073
0.14258
0.0703466
0.14258
0.0830792
0.129163
0.0503404
0.0476146
0.0443761
0.0544367
0.0531674
0.0588494
0.0810129
0.0902953
0.0916714
0.0890627
0.0861139
0.019158
0.0223392
0.168369
0.179188
0.093505
0.17933
0.0951588
0.0801051
0.0555506
0.118815
0.178081
0.17933
0.00955166
0.0125008
0.00955166
)
;
    }
}


// ************************************************************************* //
