/*--------------------------------*- C++ -*----------------------------------*\
| =========                 |                                                 |
| \\      /  F ield         | OpenFOAM: The Open Source CFD Toolbox           |
|  \\    /   O peration     | Version:  2406                                  |
|   \\  /    A nd           | Website:  www.openfoam.com                      |
|    \\/     M anipulation  |                                                 |
\*---------------------------------------------------------------------------*/
FoamFile
{
    version     2.0;
    format      ascii;
    arch        "LSB;label=32;scalar=64";
    class       volVectorField;
    location    "4.3";
    object      U;
}
// * * * * * * * * * * * * * * * * * * * * * * * * * * * * * * * * * * * * * //

dimensions      [0 1 -1 0 0 0 0];

internalField   nonuniform List<vector> 
2285
(
(2.40223 0.145036 -4.35851e-21)
(2.35847 0.125336 1.18432e-21)
(2.44179 0.151804 2.24965e-21)
(2.38756 0.124389 4.97043e-21)
(2.28416 -0.0558016 -8.99052e-22)
(2.26633 -0.0613541 -8.31584e-22)
(2.3225 0.0896537 -4.98257e-21)
(2.30232 0.0738876 -8.37672e-22)
(2.28883 0.052031 -2.80979e-23)
(2.27903 0.0527827 1.9117e-22)
(2.27318 0.0367289 3.24132e-23)
(2.27654 0.0202796 8.19991e-24)
(2.27917 0.00447904 -3.09158e-23)
(1.84404 -0.00156456 -1.47515e-23)
(1.84591 -0.00176995 7.88968e-24)
(2.23379 0.00527594 0)
(2.23907 0.00117462 0)
(2.28432 0.0141286 3.25647e-23)
(2.35158 0.0946811 -2.3174e-22)
(2.32719 0.0750846 -3.22483e-22)
(2.30625 0.0564524 7.49553e-22)
(2.29154 0.0281793 -6.4729e-22)
(2.28797 0.0163148 -1.70913e-22)
(2.29099 0.0119535 1.72432e-22)
(2.29028 0.00126481 3.45155e-24)
(1.84841 -0.00417322 -4.69433e-24)
(2.3207 0.0124506 -5.5491e-22)
(2.30651 0.0223248 0)
(2.29834 0.0140826 -1.52444e-24)
(2.30036 0.00162372 0)
(2.30192 -0.00391906 1.03205e-22)
(1.84781 -0.00646639 4.71438e-23)
(2.32029 -0.00717216 -1.63696e-22)
(2.30926 -0.0077787 -6.19788e-23)
(2.30425 -0.0086893 0)
(2.30724 -0.0032993 -2.4483e-23)
(2.30777 -0.00864216 2.04595e-24)
(1.84273 -0.00868009 -6.27376e-24)
(2.31735 -0.0220638 -1.4086e-22)
(2.30743 -0.0175817 -1.72483e-22)
(2.30333 -0.0160251 1.272e-22)
(2.3079 -0.016292 6.83489e-23)
(2.31109 -0.0133385 2.21697e-23)
(1.83137 -0.00998603 -6.63717e-24)
(2.30975 -0.0358742 -1.04469e-21)
(2.30191 -0.0271315 1.04509e-21)
(2.30042 -0.0233973 0)
(2.30656 -0.0198395 6.58116e-25)
(2.31048 -0.0129931 9.5037e-23)
(1.81445 -0.012554 -6.72739e-24)
(2.2973 -0.0497378 -2.20247e-21)
(2.29439 -0.0381185 -2.83068e-23)
(2.29614 -0.0292466 0)
(2.30323 -0.0243534 1.0207e-22)
(2.30757 -0.0120172 -3.01604e-22)
(1.79419 -0.0133425 -5.40113e-23)
(2.28481 -0.0445415 9.30693e-22)
(2.28726 -0.033859 0)
(2.29707 -0.027347 0)
(2.30296 -0.0123947 -3.63998e-23)
(1.77215 -0.0125898 5.2482e-23)
(2.27164 -0.0457311 0)
(2.27855 -0.0357069 0)
(2.29075 -0.0275074 -2.38539e-23)
(2.29697 -0.0153609 1.82201e-22)
(1.74709 -0.0138573 5.29943e-23)
(2.28433 -0.0267265 -3.54699e-22)
(2.29018 -0.0140362 -1.57221e-22)
(1.7228 -0.0121828 4.61442e-23)
(2.27858 -0.0257289 1.0089e-23)
(2.28396 -0.0136839 -1.61027e-22)
(1.69828 -0.0117711 1.35352e-24)
(2.27465 -0.0236714 2.81135e-22)
(2.27798 -0.0139541 0)
(1.67337 -0.0107105 5.72512e-25)
(1.84838 -0.00533101 4.50192e-24)
(1.84567 -0.00778902 -5.56742e-24)
(1.83642 -0.0100358 6.27368e-24)
(1.82279 -0.0119409 6.72999e-24)
(1.80477 -0.0132034 0)
(1.7834 -0.0137073 3.31103e-24)
(1.76057 -0.0136061 4.49476e-23)
(1.73555 -0.0123477 0)
(1.71108 -0.0127175 -1.35469e-24)
(1.6858 -0.0109003 0)
(1.66044 -0.0105914 -5.72075e-25)
(2.24465 0.00117106 0)
(2.24898 -0.00241631 0)
(2.29621 0.00723979 -7.90426e-23)
(2.25345 -0.0030322 -1.46052e-22)
(2.25643 -0.00758178 1.00742e-23)
(2.306 -0.00116306 7.96189e-23)
(2.25725 -0.00847879 2.32618e-23)
(2.25738 -0.011399 -2.20654e-23)
(2.30879 -0.00874346 -4.34383e-26)
(2.25695 -0.0130051 5.59184e-24)
(2.25557 -0.0140998 1.20987e-23)
(2.31099 -0.0160372 -2.29796e-23)
(2.25362 -0.0163082 -1.12688e-22)
(2.24968 -0.0167302 1.0012e-22)
(2.30894 -0.0258941 -9.89474e-23)
(2.24694 -0.0182576 1.36443e-22)
(2.24188 -0.0184127 2.43647e-23)
(2.30448 -0.0295595 2.44694e-23)
(2.23884 -0.0189597 -5.40459e-23)
(2.2333 -0.0187956 -5.27148e-23)
(2.29945 -0.0326333 1.19509e-23)
(2.22873 -0.0196065 -3.98349e-23)
(2.22134 -0.0187511 -5.57122e-24)
(2.29208 -0.031039 -1.07422e-23)
(2.21772 -0.0188216 1.26056e-22)
(2.21117 -0.0184493 4.91624e-24)
(2.28611 -0.0321855 9.81236e-24)
(2.20686 -0.0181956 -4.91184e-24)
(2.19968 -0.0175238 -2.20251e-24)
(2.27975 -0.0298692 1.45582e-22)
(2.19597 -0.0174862 2.20073e-24)
(2.18923 -0.0172783 0)
(2.27394 -0.0291943 -1.28668e-22)
(0.82538 -0.00121568 0)
(0.3192 -0.000193608 0)
(0.820239 -0.00178561 0)
(0.314974 -0.000209979 0)
(0.814811 -0.00211929 0)
(0.310542 -0.000358698 0)
(0.795653 -0.00278192 0)
(0.29746 -0.000495311 0)
(0.766682 -0.00369286 0)
(0.279865 -0.000491036 0)
(0.735417 -0.00378749 0)
(0.260558 -0.000478838 0)
(0.699966 -0.00379294 0)
(0.240545 -0.00058935 0)
(0.663652 -0.00347898 0)
(0.220854 -0.000600312 0)
(0.628708 -0.0031593 0)
(0.202281 -0.000475948 0)
(0.596165 -0.00261009 0)
(0.186296 -0.000462448 0)
(0.5679 -0.00210422 0)
(0.17297 -0.000353403 0)
(0.5436 -0.00140992 0)
(0.161636 -0.000301568 0)
(0.52393 -0.000929623 0)
(0.153706 -0.000294166 0)
(0.804013 -0.00261773 0)
(0.303815 -0.000435272 0)
(0.781235 -0.00357182 0)
(0.28868 -0.00043199 0)
(0.750654 -0.00369866 0)
(0.270065 -0.000600414 0)
(0.717077 -0.00387355 0)
(0.250376 -0.000542533 0)
(0.681288 -0.00363279 0)
(0.230355 -0.000578014 0)
(0.645674 -0.003423 0)
(0.211205 -0.000590791 0)
(0.611862 -0.00291342 0)
(0.193953 -0.000456156 0)
(0.581578 -0.00232789 0)
(0.179243 -0.000374246 0)
(0.555215 -0.00188506 0)
(0.166954 -0.000375815 0)
(0.533337 -0.00113601 0)
(0.157366 -0.000262754 0)
(0.515225 -0.00078239 0)
(0.150381 -0.000322894 0)
(2.19094 0.16734 3.86953e-24)
(2.19355 0.233392 0)
(2.17074 0.289777 1.08711e-23)
(2.12867 0.33821 -8.00621e-26)
(2.04594 0.374129 -6.4463e-25)
(2.14299 0.12742 2.54471e-26)
(2.12624 0.166535 -5.06983e-24)
(2.13191 0.242566 0)
(2.11303 0.307623 9.92376e-24)
(2.08007 0.34703 -2.53028e-24)
(2.02875 0.395281 -2.53223e-25)
(1.92758 0.426225 1.91668e-23)
(1.71011 0.439916 8.84639e-25)
(1.5905 0.414698 -1.68343e-24)
(1.59724 0.377865 1.25842e-24)
(1.75044 0.32282 0)
(2.06568 0.245513 5.14049e-24)
(2.21767 0.128113 0)
(2.24224 0.0691342 0)
(2.23255 0.0339188 0)
(2.22505 0.015076 0)
(2.21724 0.00212823 5.6155e-24)
(2.09674 0.10481 7.1258e-25)
(2.06869 0.143163 -6.34449e-26)
(2.0579 0.205533 -6.48275e-25)
(2.0596 0.2915 -1.02383e-23)
(2.03595 0.323463 2.52e-24)
(1.97309 0.400564 2.6116e-24)
(1.88398 0.469363 -4.20085e-25)
(1.70644 0.470895 -4.8918e-25)
(1.62534 0.466609 -5.33724e-25)
(1.66369 0.401701 -8.83434e-24)
(1.86342 0.269062 0)
(2.20429 0.0995473 -5.14575e-24)
(2.28909 0.025021 0)
(2.27417 0.00453695 0)
(2.24745 -0.00968972 3.68471e-25)
(2.23263 -0.00712033 5.32623e-26)
(2.22103 -0.0126658 6.54701e-24)
(2.07126 0.0298294 -6.61249e-25)
(2.24874 0.00315814 -8.51622e-25)
(2.26713 -0.0205004 -1.03215e-24)
(2.06821 0.0334662 -4.38723e-26)
(2.27456 0.0236816 0)
(2.27598 0.0162213 -6.65216e-25)
(2.05108 0.0331222 3.7549e-27)
(2.27914 0.0307555 4.19522e-25)
(2.27512 0.0280959 0)
(2.29726 0.0442575 -6.31288e-25)
(2.34047 0.0379884 0)
(2.38662 0.0795541 -9.30334e-24)
(2.23417 0.00658964 2.40999e-24)
(2.02848 0.0242616 1.9694e-26)
(2.27547 0.0319799 -4.21192e-26)
(2.27076 0.0375818 8.46436e-26)
(2.28626 0.059976 1.01073e-24)
(2.32017 0.0659568 3.70111e-24)
(2.37718 0.11272 2.53239e-23)
(2.29241 0.14337 -1.57007e-23)
(2.09275 0.0526847 -1.57265e-23)
(2.00248 0.0105385 0)
(2.26164 0.0302362 3.35709e-25)
(2.25945 0.0466311 -1.01828e-24)
(2.26688 0.0738504 -6.03661e-25)
(2.27534 0.0933721 -3.76176e-24)
(2.32194 0.149546 -2.63684e-23)
(2.2866 0.194916 1.69713e-24)
(2.1697 0.211294 -1.63495e-23)
(1.97632 0.00228319 5.99546e-25)
(2.23981 0.0301721 1.23779e-25)
(2.23726 0.0604435 8.32833e-25)
(2.2401 0.0922378 -4.67605e-25)
(2.23993 0.133002 1.4431e-24)
(2.24909 0.187932 8.35954e-24)
(2.24171 0.250301 -1.01958e-23)
(2.16603 0.27824 2.91789e-23)
(1.94861 -0.00300491 5.74828e-25)
(2.20781 0.0296932 -1.64405e-24)
(2.20066 0.0727101 7.81264e-24)
(2.19496 0.116701 0)
(1.39363 0.0114665 2.66479e-25)
(1.37078 0.0112814 1.02304e-25)
(1.34778 0.0097781 -1.40197e-25)
(1.32558 0.00751071 1.03503e-26)
(1.30534 0.00490556 3.12527e-26)
(1.28815 0.00152328 1.13736e-26)
(1.2754 -0.00246216 5.37984e-26)
(1.26779 -0.00627484 -4.72339e-26)
(1.26519 -0.00886571 4.58413e-26)
(1.26538 -0.0097336 3.36537e-26)
(1.26796 -0.0107189 -1.17203e-25)
(1.27404 -0.0118453 3.45956e-25)
(1.28087 -0.0118368 -1.40566e-25)
(1.28838 -0.0105566 0)
(2.22969 0.0140554 1.30274e-24)
(2.23957 0.0197104 -1.58253e-26)
(2.07094 0.0315742 2.27767e-25)
(2.25489 -0.0166942 0)
(2.26816 -0.00412169 1.12744e-24)
(2.26394 0.0133994 -1.45225e-24)
(2.24409 0.0251398 0)
(2.24498 0.0280062 -2.2761e-25)
(2.06028 0.0342341 1.35283e-25)
(2.27631 0.01337 0)
(2.279 0.027289 4.7813e-25)
(2.2789 0.0293732 -6.65198e-25)
(2.24473 0.0283889 2.20754e-25)
(2.24329 0.0274633 -1.48538e-26)
(2.04041 0.0300368 -8.39214e-26)
(2.27938 0.0320874 -2.4208e-25)
(2.2788 0.0362334 1.18892e-25)
(2.27818 0.0312464 -1.20139e-25)
(2.23921 0.0240057 2.24595e-26)
(2.2305 0.0196145 -2.99302e-26)
(2.01548 0.0168732 2.99228e-26)
(2.27674 0.0346133 8.63307e-26)
(2.27067 0.0415142 -4.29164e-25)
(2.26978 0.0311205 3.54847e-26)
(2.2195 0.0169074 0)
(2.20673 0.0156838 -3.69721e-25)
(1.98947 0.006014 -2.08571e-25)
(2.2633 0.0367302 4.6369e-25)
(2.25287 0.0431392 9.15294e-25)
(2.25182 0.0296394 -5.55602e-25)
(2.19314 0.0144087 5.89572e-25)
(2.1787 0.0124992 2.53333e-25)
(1.96231 -0.000737453 -1.55893e-25)
(2.24269 0.0396472 -3.89888e-24)
(2.22987 0.0448781 4.59498e-25)
(2.22486 0.0301684 1.88153e-25)
(2.16375 0.0104576 -3.52066e-25)
(2.1484 0.00887966 -1.96411e-24)
(1.93617 -0.00495731 -1.86045e-24)
(2.21663 0.0403321 9.09276e-25)
(2.19948 0.0413403 5.52459e-24)
(2.19055 0.0283753 1.64401e-24)
(0.459371 -0.000332921 0)
(0.154569 0.000741335 0)
(0.447034 0.000726209 0)
(0.149272 0.000372257 0)
(0.43388 0.0015651 0)
(0.140998 0.000242991 0)
(0.425152 0.00156997 0)
(0.132815 -0.000334618 0)
(0.426597 0.000771208 0)
(0.131079 -0.000820293 0)
(0.434793 0.000302967 0)
(0.133996 -0.000846463 0)
(0.446046 -0.000252636 0)
(0.139461 -0.000749871 0)
(0.453497 0.000173036 0)
(0.152336 0.000547621 0)
(0.440365 0.00120833 0)
(0.145446 0.000301148 0)
(0.428429 0.00174066 0)
(0.136437 5.41184e-05 0)
(0.424693 0.00121495 0)
(0.13108 -0.000785527 0)
(0.430256 0.000404474 0)
(0.132192 -0.000802078 0)
(0.440091 0.000103702 0)
(0.136365 -0.000839334 0)
(0.452193 -0.000539122 0)
(0.143056 -0.000578909 0)
(1.92573 -0.00642076 1.03844e-24)
(2.17467 0.0269256 2.16924e-24)
(2.15068 0.0724652 -1.05512e-23)
(2.22014 -0.00283904 0)
(2.22472 -0.0100853 -1.96344e-24)
(2.1997 -0.0107186 1.1996e-24)
(1.32871 -0.00392114 -6.75697e-25)
(1.9111 -0.00633394 -2.80681e-24)
(2.14485 0.0229038 8.4714e-24)
(2.10561 0.0543318 -2.86795e-24)
(2.22275 -0.00985435 0)
(2.22672 -0.0138135 -5.13452e-25)
(2.20217 -0.0109923 1.51266e-24)
(1.30976 -0.00204988 1.51131e-25)
(1.90588 -0.00485683 4.15391e-24)
(2.11396 0.0115533 -1.40927e-23)
(2.08152 0.0240731 0)
(2.05696 0.0555863 0)
(2.02144 0.0905095 2.96474e-23)
(1.98274 0.143206 -1.65479e-24)
(1.98688 0.227973 -2.22409e-23)
(1.96638 0.306699 -6.36692e-25)
(1.88789 0.39045 -7.51846e-24)
(1.83006 0.426981 0)
(1.71498 0.425283 -2.07815e-25)
(1.6786 0.394634 -1.66792e-24)
(1.79856 0.28071 2.16179e-23)
(2.07643 0.0816286 2.00303e-23)
(2.29838 -0.0304922 2.43919e-23)
(2.30807 -0.0359229 -1.83975e-23)
(2.2768 -0.0237932 1.2792e-24)
(2.24711 -0.0239318 0)
(2.23174 -0.0133725 0)
(2.22047 -0.0163557 -1.32775e-23)
(2.22243 -0.0112582 -4.33413e-25)
(2.22646 -0.0145005 3.44753e-24)
(2.2017 -0.0101841 4.08048e-24)
(1.29513 -0.000407469 0)
(1.90679 -0.00427389 -3.64996e-24)
(2.09559 -0.00166587 -1.48846e-23)
(2.07619 0.000333581 0)
(2.03552 0.00816904 0)
(1.98203 0.0216198 -2.79854e-23)
(1.91544 0.0689633 3.19799e-24)
(1.89148 0.130362 1.91567e-23)
(1.87672 0.239938 -2.15123e-23)
(1.84183 0.312881 2.64024e-24)
(1.82294 0.295694 9.86101e-24)
(1.73907 0.327842 0)
(1.77479 0.235376 2.40396e-24)
(1.97801 0.081479 6.26929e-24)
(2.1975 -0.0701156 -5.19454e-23)
(2.31472 -0.0822204 -2.77816e-23)
(2.29966 -0.0579295 1.51107e-23)
(2.26674 -0.0361246 2.29001e-24)
(2.23928 -0.0317529 -2.00112e-25)
(2.22618 -0.0168681 -2.8432e-25)
(2.21825 -0.0192833 7.00491e-24)
(2.22108 -0.0115124 8.49165e-24)
(2.22529 -0.015073 -4.00149e-24)
(2.19721 -0.00803238 0)
(1.28554 0.000926991 -6.03147e-25)
(1.91539 0.00401346 2.4895e-25)
(2.09545 -0.00448951 -1.5151e-23)
(2.07755 -0.0125421 1.99246e-24)
(2.03463 -0.00997936 -6.61225e-23)
(1.96844 -0.0240779 0)
(1.87435 -0.013301 2.89209e-24)
(1.81334 0.0211908 3.05773e-23)
(1.79851 0.0968423 3.56075e-23)
(1.81561 0.139375 1.95115e-23)
(1.8239 0.136284 -1.26787e-23)
(1.78259 0.160037 3.68151e-24)
(1.9285 0.00446116 -9.58103e-25)
(2.10338 -0.100084 -2.56686e-24)
(2.23005 -0.160577 6.78495e-23)
(2.29854 -0.106736 2.03098e-23)
(2.26351 -0.092284 -1.43952e-23)
(2.24496 -0.0542222 -8.72419e-25)
(2.22663 -0.0450458 -1.14848e-23)
(2.2187 -0.0282958 6.77332e-25)
(2.21497 -0.026597 -1.80161e-23)
(2.21789 -0.0156128 -8.5695e-24)
(2.22243 -0.0168734 1.00946e-23)
(2.19004 -0.00731014 2.39277e-24)
(1.28014 0.0019366 0)
(1.93375 0.0140635 6.24834e-24)
(2.10535 -0.013085 -8.58578e-25)
(2.08425 -0.0400128 3.5988e-24)
(2.04009 -0.0454154 1.16224e-22)
(1.97229 -0.040347 -6.27282e-23)
(1.87115 -0.060652 0)
(1.7883 -0.067218 -3.27164e-23)
(1.7667 -0.0407892 -6.08243e-24)
(1.78535 -0.0574786 3.19026e-23)
(1.82701 0.0236423 -3.34108e-23)
(1.87773 -0.0763472 -4.66043e-24)
(2.03771 -0.17395 1.71674e-24)
(2.14156 -0.224468 -1.37654e-23)
(2.22087 -0.197918 -1.431e-23)
(2.24406 -0.159882 -2.08383e-23)
(2.23261 -0.127173 1.74822e-23)
(2.22144 -0.0861791 2.49977e-24)
(2.21173 -0.0696024 -6.493e-24)
(2.20688 -0.0500078 -1.15269e-24)
(2.20814 -0.0380621 2.03483e-23)
(2.21047 -0.0244585 -1.25576e-24)
(2.21628 -0.0192312 -1.01066e-23)
(2.18077 -0.00799973 2.79199e-24)
(1.27722 0.00236125 -1.81277e-25)
(1.95776 0.015681 -4.65468e-24)
(2.13275 -0.0244244 -1.13666e-23)
(2.10575 -0.0806551 4.37634e-23)
(2.05239 -0.120453 -6.13542e-23)
(1.98016 -0.135186 7.55569e-23)
(1.87125 -0.134072 4.00447e-24)
(1.78792 -0.11741 -1.63713e-24)
(1.76594 -0.112692 5.068e-24)
(1.77884 -0.149041 -4.00145e-23)
(1.86188 -0.136319 2.0414e-23)
(1.97198 -0.266045 4.80174e-24)
(2.07164 -0.279071 1.67746e-24)
(2.13643 -0.270421 -2.06222e-23)
(2.18007 -0.250544 -1.40922e-23)
(2.19629 -0.199973 0)
(2.19787 -0.158491 -4.51787e-24)
(2.18913 -0.118533 -4.69044e-24)
(2.18911 -0.0931477 2.19711e-23)
(2.1873 -0.0681404 2.64496e-23)
(2.1919 -0.049862 -1.57376e-24)
(2.19649 -0.0316941 1.57932e-24)
(2.20205 -0.0212696 0)
(2.17059 -0.00710918 0)
(1.27497 0.00176189 1.79071e-24)
(1.98305 0.011259 0)
(2.17277 -0.0321184 0)
(2.16906 -0.109201 -4.25137e-23)
(2.08826 -0.170912 4.76424e-23)
(1.9855 -0.227145 5.66594e-23)
(1.86109 -0.198212 9.38315e-24)
(1.79015 -0.211154 4.19356e-24)
(1.7852 -0.229433 -8.62851e-24)
(1.82208 -0.273477 -8.3892e-24)
(1.91815 -0.328394 3.9525e-24)
(1.99224 -0.346394 1.70673e-23)
(2.06636 -0.315221 -5.57741e-25)
(2.11601 -0.297371 1.9875e-23)
(2.13423 -0.263418 -1.1629e-23)
(2.14765 -0.217588 8.68653e-24)
(2.15381 -0.165795 -5.30715e-24)
(2.15437 -0.126633 6.86705e-24)
(2.15989 -0.0969476 5.73131e-23)
(2.16298 -0.0679833 -2.64668e-23)
(2.17102 -0.0490029 0)
(2.1804 -0.0299086 -1.91002e-24)
(2.18574 -0.0196925 3.29451e-23)
(2.15905 -0.0070326 1.31145e-23)
(1.27274 6.05351e-06 0)
(2.00477 0.00861657 0)
(2.2161 -0.0349064 1.45282e-23)
(2.23926 -0.0898057 -3.61426e-25)
(2.165 -0.157223 -3.95198e-23)
(2.01179 -0.254372 -4.20576e-23)
(1.86202 -0.2643 -1.54839e-23)
(1.818 -0.311865 2.06271e-23)
(1.83303 -0.356812 0)
(1.87524 -0.401947 -8.48172e-24)
(1.92102 -0.403953 -2.44078e-23)
(1.97678 -0.385723 -1.68689e-23)
(2.03768 -0.350971 0)
(2.06937 -0.289505 -4.57939e-24)
(2.09295 -0.231493 4.60952e-24)
(2.10062 -0.193628 7.1973e-23)
(2.10707 -0.143631 5.88831e-23)
(2.12017 -0.102941 9.55039e-23)
(2.12873 -0.0755314 -1.41073e-22)
(2.13889 -0.0480749 0)
(2.15245 -0.0337365 0)
(2.16713 -0.0193989 0)
(2.17557 -0.0133985 -3.09692e-23)
(2.14672 -0.00947519 -1.20748e-23)
(1.26883 -0.00201349 -2.38462e-24)
(2.01537 0.00978784 3.71277e-24)
(2.26137 -0.0169406 6.09627e-24)
(2.27957 -0.0377581 5.11305e-24)
(2.24587 -0.0880486 -2.27041e-23)
(2.10625 -0.18337 0)
(1.90555 -0.285033 0)
(1.86262 -0.349073 5.74552e-23)
(1.86953 -0.380989 -1.16362e-23)
(1.89367 -0.407389 -1.84375e-23)
(1.91423 -0.419266 9.64462e-23)
(1.93561 -0.43 4.17727e-24)
(1.96732 -0.36709 3.95248e-25)
(1.98444 -0.282636 8.4944e-24)
(2.0332 -0.193332 3.30276e-23)
(2.05829 -0.142271 -7.17712e-23)
(2.06369 -0.103827 -7.61485e-23)
(2.08476 -0.05789 -7.80648e-23)
(2.10305 -0.0396369 1.82139e-22)
(2.1211 -0.0200552 -1.11515e-22)
(2.14142 -0.0143082 -7.95167e-23)
(2.16094 -0.00694736 9.23644e-24)
(2.17301 -0.00748264 7.27608e-23)
(2.13996 -0.00680785 -4.44026e-24)
(1.26091 -0.00336727 7.22119e-24)
(2.00957 0.0103716 -2.69283e-24)
(2.28975 0.0111929 9.89759e-24)
(2.29244 0.00985739 2.08906e-23)
(2.2974 -0.00993471 0)
(2.22453 -0.0602064 -1.82719e-23)
(2.03243 -0.179906 1.81377e-23)
(1.91663 -0.287644 -3.01108e-22)
(1.89601 -0.326253 0)
(1.92298 -0.313824 0)
(1.92608 -0.392139 -5.30203e-23)
(1.91499 -0.395229 1.18907e-24)
(1.88383 -0.315289 -2.67051e-24)
(1.8872 -0.252595 -2.50766e-23)
(1.94643 -0.153398 -1.28298e-22)
(2.00634 -0.0856778 -7.74641e-23)
(2.02345 -0.0453742 -8.86066e-25)
(2.05564 -0.01246 -2.33975e-23)
(2.09059 -0.00474921 -6.34227e-23)
(2.11521 0.000257784 7.93318e-23)
(2.13935 -0.00274664 2.26009e-22)
(2.16051 -0.00113745 0)
(2.17345 -0.00493055 -6.9605e-23)
(2.13967 -0.00520057 -4.22462e-24)
(1.24987 -0.00409025 -4.90266e-24)
(1.9858 0.0067109 0)
(2.29096 0.0213005 -9.92307e-25)
(2.2921 0.0284298 -2.53362e-23)
(2.30878 0.0307702 0)
(2.28452 0.0314348 0)
(2.15266 -0.0455833 2.86644e-22)
(2.00529 -0.155317 4.26082e-22)
(1.92499 -0.222133 0)
(1.9361 -0.22735 -1.90657e-23)
(1.97008 -0.233185 7.30379e-24)
(1.8942 -0.263999 1.198e-23)
(1.81774 -0.178176 -2.54732e-25)
(1.82465 -0.182214 4.47957e-23)
(1.86121 -0.0962102 7.00051e-23)
(1.94433 -0.0374639 -4.65025e-24)
(1.99249 0.0156502 2.09297e-22)
(2.04614 0.0121926 1.90521e-22)
(2.09004 0.0119911 -1.48311e-22)
(2.11615 0.00878628 0)
(2.14073 0.00413585 -1.67135e-22)
(2.16196 0.00435021 1.49553e-22)
(2.17551 -0.00138652 2.08827e-24)
(2.14209 -0.00331663 -1.66771e-23)
(1.23784 -0.00400368 0)
(1.95692 0.00575967 3.34309e-26)
(2.28578 0.0328622 -7.98779e-25)
(2.28612 0.0468314 -5.111e-23)
(2.30264 0.0516336 0)
(2.29444 0.0774122 0)
(2.21887 0.0671903 -1.6668e-22)
(2.10484 0.000356861 -5.26448e-22)
(1.97658 -0.0955883 2.26334e-22)
(1.94425 -0.127787 0)
(1.97192 -0.152588 0)
(1.86484 -0.0727643 4.62644e-24)
(1.79697 -0.07977 -4.52563e-24)
(1.79803 -0.0748948 -1.35911e-23)
(1.8021 -0.0210876 -2.93603e-23)
(1.88633 0.0197571 9.73611e-23)
(1.98084 0.0709567 -2.58415e-22)
(2.04998 0.0317248 -2.39805e-22)
(2.0931 0.0417907 1.98169e-22)
(2.12073 0.0315868 0)
(2.14543 0.0215198 1.74327e-22)
(2.16615 0.0153243 -3.20596e-23)
(2.18025 0.00466257 4.98315e-24)
(2.1481 0.000553139 -3.95219e-24)
(1.22666 -0.00263889 3.89705e-24)
(1.91978 0.00703171 -3.0139e-24)
(2.27046 0.0399789 8.27712e-25)
(2.27396 0.063886 4.96372e-23)
(2.27793 0.0769279 0)
(2.28252 0.108166 -1.4089e-22)
(2.22915 0.130228 -1.03876e-22)
(2.15796 0.1276 3.22463e-22)
(2.06566 0.0919696 -2.2812e-22)
(1.96652 -0.0154723 9.80178e-23)
(1.93415 0.029446 0)
(1.85292 0.0474811 0)
(1.7989 0.00359427 0)
(1.76775 0.0508287 -6.62195e-24)
(1.76562 0.0739954 2.86703e-23)
(1.84784 0.103251 6.70875e-23)
(1.97989 0.110231 -1.49363e-22)
(2.0609 0.109223 -2.4953e-22)
(2.10231 0.0849943 2.12483e-22)
(2.13308 0.0621343 -4.43318e-23)
(2.15818 0.0397959 -1.56326e-22)
(2.17702 0.0259333 -1.25034e-22)
(2.19128 0.00929676 9.82971e-23)
(2.15695 0.00221922 6.16429e-23)
(1.2188 -0.000958133 0)
(1.88277 0.00740856 1.00946e-24)
(2.24783 0.0417366 0)
(2.25824 0.0699878 9.84828e-24)
(2.24839 0.0939631 8.68978e-23)
(2.23899 0.14559 3.82527e-23)
(2.21561 0.158602 7.16298e-23)
(2.15864 0.184535 0)
(2.10061 0.204762 -8.58629e-23)
(2.01951 0.167731 -2.47029e-23)
(1.92937 0.119527 2.93961e-23)
(1.85853 0.124331 -6.05634e-23)
(1.79313 0.115775 1.76769e-24)
(1.73704 0.157193 5.16213e-24)
(1.74674 0.158565 3.69036e-24)
(1.83379 0.177638 0)
(1.98256 0.168816 1.94402e-22)
(2.08084 0.16059 2.01862e-22)
(2.13323 0.110088 -9.13394e-23)
(2.16519 0.0776511 0)
(2.18405 0.0490646 0)
(2.19586 0.0300691 0)
(2.20697 0.010954 9.27538e-23)
(2.16755 0.00280309 -5.74209e-23)
(1.21405 0.000246359 -1.4006e-23)
(1.85463 0.00822753 2.14966e-23)
(2.22002 0.0385116 -2.11381e-23)
(2.22649 0.0744218 -1.07717e-23)
(2.21305 0.123262 -6.35592e-23)
(2.20416 0.1571 1.26228e-23)
(2.18295 0.226778 0)
(2.1421 0.234127 6.31263e-23)
(2.09428 0.251864 4.47111e-23)
(2.03751 0.287449 -4.15006e-24)
(1.95163 0.259836 -2.99437e-23)
(1.88324 0.250198 3.94577e-23)
(1.78796 0.215726 -1.49668e-23)
(1.72644 0.225379 5.49552e-24)
(1.74217 0.211777 8.55214e-24)
(1.83025 0.210281 -2.11687e-23)
(1.99743 0.211704 -1.24042e-22)
(2.12649 0.156959 4.68178e-23)
(2.18463 0.102106 -4.95438e-23)
(2.20194 0.0653083 4.95588e-23)
(2.20903 0.0370233 0)
(2.21427 0.0241491 1.76081e-22)
(2.22128 0.00571828 -2.04421e-22)
(2.17896 0.00258958 -1.03658e-22)
(1.21045 0.000775754 1.39381e-23)
(1.84123 0.00255014 6.37864e-23)
(2.19217 0.0304939 -3.5497e-23)
(2.17681 0.0608426 2.21326e-24)
(2.16669 0.115801 4.11023e-24)
(2.14665 0.143986 -3.70101e-23)
(2.12744 0.189451 -2.02755e-23)
(2.1052 0.268937 -6.46677e-23)
(2.06601 0.290772 0)
(2.02484 0.338576 -3.93707e-23)
(1.95421 0.365427 4.01003e-23)
(1.91088 0.338928 0)
(1.81061 0.332792 -3.95764e-25)
(1.74026 0.287521 0)
(1.75387 0.269315 0)
(1.83962 0.233765 -7.63068e-25)
(2.0476 0.185117 2.76251e-23)
(2.19342 0.0965004 -1.64133e-23)
(2.22854 0.0549361 -3.45147e-23)
(2.23034 0.0318817 -3.96191e-23)
(2.22656 0.0184511 7.40867e-23)
(2.22812 0.0103283 -3.10139e-22)
(2.23068 -0.00218274 9.8284e-24)
(2.18765 -0.00198212 -8.98335e-23)
(1.20628 0.00059759 0)
(1.83396 -0.00578742 -1.15163e-22)
(2.16285 0.0152968 -5.98316e-23)
(2.1398 0.0498856 -6.28897e-24)
(2.12907 0.0974294 0)
(2.10731 0.136428 8.35552e-24)
(2.06353 0.178681 7.4311e-23)
(2.04306 0.251224 0)
(2.00499 0.319279 1.00514e-23)
(1.98355 0.331888 -3.47345e-25)
(1.94582 0.389379 0)
(1.91262 0.368152 2.08968e-24)
(1.82603 0.409818 -2.96432e-24)
(1.78163 0.352557 0)
(1.80233 0.305387 -3.84643e-24)
(1.90732 0.217334 6.72781e-24)
(2.15125 0.0899728 0)
(2.25023 0.0356389 1.64225e-23)
(2.2524 0.0126594 7.79366e-24)
(2.24204 0.0082769 3.16516e-23)
(2.23369 3.91971e-05 -9.45028e-23)
(2.23482 -0.00116908 1.87591e-22)
(2.23416 -0.00700303 -1.96477e-22)
(2.19 -0.0064009 1.59306e-23)
(1.20127 0.000617122 0)
(1.83536 -0.00982934 -1.05922e-23)
(2.13096 0.000658384 7.7129e-23)
(2.10819 0.0219094 1.23752e-23)
(2.08873 0.0586725 -4.53322e-23)
(2.06531 0.0918744 4.90062e-23)
(2.00503 0.149218 -4.66218e-23)
(1.97335 0.188575 5.8907e-25)
(1.96161 0.267464 -9.76302e-24)
(1.93217 0.30519 -2.78317e-26)
(1.92825 0.352876 0)
(1.90642 0.353223 -8.02792e-25)
(1.85273 0.320771 -2.48118e-25)
(1.84067 0.290921 1.06633e-24)
(1.90495 0.203303 3.89214e-24)
(2.05074 0.0817174 -8.45004e-24)
(2.22868 0.00309161 5.07628e-24)
(2.26918 -0.00943039 -1.4627e-24)
(2.25737 -0.0129339 -7.30806e-24)
(2.24446 -0.0065655 -3.36834e-23)
(2.23567 -0.0133676 7.09251e-23)
(2.2364 -0.00822584 -9.54977e-23)
(2.23524 -0.0127953 2.76506e-22)
(2.18899 -0.0119622 6.73977e-24)
(1.1955 -0.000130344 -9.19863e-25)
(1.84641 -0.0128657 0)
(2.10201 -0.0172653 4.70338e-23)
(2.09213 -8.27303e-05 0)
(2.06522 0.0230093 1.9577e-23)
(2.03325 0.0469886 1.11342e-23)
(1.97185 0.0823685 -2.94675e-23)
(1.92812 0.125275 -1.49302e-24)
(1.93219 0.187097 3.95974e-25)
(1.90082 0.225429 0)
(1.90648 0.255266 0)
(1.90913 0.297812 0)
(1.88257 0.221907 -3.69678e-24)
(1.89874 0.177522 -4.30957e-24)
(1.96856 0.112855 -1.54617e-24)
(2.1052 0.0313894 0)
(2.24283 -0.0265732 0)
(2.26936 -0.0189323 9.69255e-24)
(2.25609 -0.014818 5.21962e-25)
(2.24432 -0.0102275 -2.45371e-25)
(2.23605 -0.015687 0)
(2.23642 -0.0107401 -7.71953e-25)
(2.23535 -0.0147285 -2.41827e-24)
(2.18053 -0.0140055 0)
(1.18385 -0.000611257 1.11516e-22)
(1.84667 -0.0140796 5.0782e-23)
(2.09688 -0.0269564 4.37144e-25)
(2.08826 -0.0231569 4.81924e-25)
(2.04858 -0.0210439 -4.21138e-25)
(2.00688 -0.00162832 -6.81463e-25)
(1.93052 0.0273056 0)
(1.89474 0.0464918 0)
(1.88073 0.0557966 2.58825e-25)
(1.89103 0.0805651 -1.7842e-25)
(1.89021 0.0841497 4.90946e-26)
(1.9066 0.115454 0)
(1.9024 0.0971381 0)
(1.96343 0.0490464 6.24244e-27)
(2.04987 -0.0100074 -1.2301e-25)
(2.16263 -0.0586362 0)
(2.24105 -0.0611424 -2.37153e-27)
(2.25274 -0.048788 -4.36027e-26)
(2.24943 -0.0334637 3.56795e-26)
(2.24059 -0.021794 -2.68155e-27)
(2.23448 -0.0207397 9.19984e-26)
(2.23357 -0.0182278 4.18388e-25)
(2.23578 -0.0173439 0)
(2.16037 -0.0127647 5.7086e-24)
(1.15117 -0.00315346 0)
(1.29596 -0.00829599 0)
(1.30251 -0.00549785 -3.58269e-25)
(1.31894 -0.00287399 3.27151e-26)
(1.30728 -0.00233772 -8.4033e-25)
(1.30977 0.000748373 -6.64103e-26)
(1.30201 -0.00111173 0)
(1.31047 0.00284547 8.79075e-25)
(1.31034 0.00372441 0)
(1.28989 0.000352658 4.78426e-25)
(1.30942 0.00531631 0)
(1.30644 0.00783276 0)
(1.28264 0.00149262 0)
(1.29884 0.0112973 -2.45525e-24)
(1.28693 0.014031 1.67454e-24)
(1.27872 0.00229628 1.64083e-25)
(1.27213 0.0147251 0)
(1.2562 0.0131821 -4.15767e-25)
(1.27633 0.00228065 0)
(1.24144 0.0101265 0)
(1.22944 0.00606725 2.29661e-24)
(1.27396 0.00112634 -1.79071e-24)
(1.22098 0.00183823 -2.29666e-24)
(1.21582 -0.00168342 2.27911e-25)
(1.27098 -0.000962798 2.76111e-25)
(1.2132 -0.00418684 0)
(1.21187 -0.00579182 1.07632e-24)
(1.26495 -0.00270189 -6.28321e-26)
(1.21106 -0.00648066 -1.25409e-24)
(1.21021 -0.00682533 0)
(1.25516 -0.00373211 -3.29003e-25)
(1.20948 -0.00760232 0)
(1.20885 -0.00687501 -7.83432e-25)
(1.24356 -0.00408782 0)
(1.20849 -0.00518553 7.17683e-25)
(1.20818 -0.00373303 0)
(1.2316 -0.00340782 4.27083e-24)
(1.20742 -0.00253403 -8.36898e-25)
(1.20535 -0.000635298 1.3557e-24)
(1.22195 -0.00166367 -8.16807e-24)
(1.20221 0.000818605 -4.07715e-25)
(1.19842 0.00214486 -1.44016e-25)
(1.21586 -0.000109705 -9.16227e-28)
(1.19332 0.00378377 0)
(1.18741 0.00546282 -1.74617e-28)
(1.21183 0.000809515 1.41358e-24)
(1.17988 0.00730084 0)
(1.17231 0.00699113 1.57345e-23)
(1.20788 0.000833854 -1.62582e-24)
(1.16684 0.00431495 2.18715e-23)
(1.16471 0.00171759 -6.75165e-23)
(1.20309 0.000666288 0)
(1.16485 0.000432816 1.48946e-22)
(1.16664 -0.00128424 -1.18588e-22)
(1.1967 -0.000323809 -1.09749e-24)
(1.17048 -0.00342382 1.22933e-23)
(1.17568 -0.00414497 -1.17001e-24)
(1.186 -0.00148969 -8.23984e-23)
(1.18174 -0.00520163 -5.23435e-23)
(1.14906 0.00153025 3.1244e-22)
(1.12888 -0.00515735 -6.77535e-23)
(1.1848 -0.000168303 -2.94958e-22)
(2.05042 -0.0256093 -7.34779e-24)
(2.10024 -0.0271813 -2.94739e-25)
(2.08155 -0.0265094 2.07607e-25)
(2.04292 -0.0256828 1.46921e-24)
(1.99653 -0.00694564 1.77449e-25)
(1.92879 0.00716948 -9.02093e-26)
(1.88611 0.0280199 -1.05233e-25)
(1.89383 0.0646987 -1.53412e-25)
(1.88678 0.0852806 8.65035e-26)
(1.89727 0.0842926 0)
(1.91353 0.112102 0)
(1.90847 0.0872002 -9.53633e-26)
(1.97003 0.0368129 -9.02043e-26)
(2.07371 -0.0336866 5.52517e-26)
(2.16882 -0.0619251 0)
(2.24379 -0.0506631 0)
(2.25548 -0.0455285 6.39616e-26)
(2.24322 -0.0374398 0)
(2.23887 -0.02797 -1.63403e-25)
(2.23233 -0.0227603 1.48756e-25)
(2.23533 -0.0177528 1.22577e-24)
(2.22853 -0.0166048 0)
(1.88515 -0.00846352 -5.89128e-24)
(2.13268 0.00797969 -3.74418e-25)
(2.11653 0.00743352 2.33852e-24)
(1.91729 -0.00689551 3.13342e-24)
(2.1814 0.0370825 -1.07805e-23)
(2.16086 0.0395213 1.16305e-23)
(2.15979 0.0254939 -7.93843e-24)
(2.02846 -0.0162999 0)
(2.02548 -0.0156762 1.02656e-24)
(2.20147 -0.010946 -3.53903e-24)
(2.10086 0.00686541 0)
(2.08707 0.00597404 0)
(1.90729 -0.00541618 0)
(2.14227 0.0391418 1.97288e-23)
(2.12496 0.0396799 -1.32746e-23)
(2.12913 0.0186108 4.82006e-25)
(2.02201 -0.0150041 -3.90739e-25)
(2.01748 -0.0137922 4.8345e-25)
(2.20213 -0.0112753 -2.24401e-24)
(2.07669 0.00450642 -9.6557e-27)
(2.07051 0.00265381 -2.64499e-24)
(1.90585 -0.00467343 -2.404e-24)
(2.11134 0.0330725 6.25111e-24)
(2.10147 0.0218707 7.03791e-24)
(2.10189 0.00412375 8.58836e-24)
(2.01279 -0.0121528 -4.56822e-25)
(2.00758 -0.0100962 -4.59554e-25)
(2.19987 -0.0106783 4.70877e-25)
(2.06838 0.00114802 0)
(2.06848 0.000495403 -8.7683e-24)
(1.90961 -0.00145086 3.79829e-24)
(2.09565 0.00864483 -1.50273e-23)
(2.0939 -0.000547818 1.43043e-23)
(2.09456 -0.00363474 3.04951e-23)
(2.00277 -0.00841251 1.13708e-25)
(1.99787 -0.006917 -2.61514e-24)
(2.19371 -0.0089631 5.17427e-25)
(2.07021 0.000515768 8.16169e-24)
(2.0754 0.000596227 1.8184e-24)
(1.92365 0.00985175 4.76707e-25)
(2.09398 -0.00202945 0)
(2.0953 -0.00883615 0)
(2.0985 -0.00753275 -1.80291e-24)
(1.99288 -0.00592216 -2.15346e-25)
(1.98731 -0.00500896 2.16353e-24)
(2.18538 -0.0090093 -2.39219e-24)
(2.08593 -0.000789123 1.42347e-23)
(2.09999 -0.00509942 -1.49899e-23)
(1.94523 0.0159215 -5.86927e-24)
(2.09904 -0.0132853 -1.45167e-23)
(2.10571 -0.0302145 0)
(2.11704 -0.0196386 1.61996e-24)
(1.98133 -0.00466971 1.65275e-25)
(1.97511 -0.00429402 0)
(2.17562 -0.00880024 -2.79118e-24)
(2.11729 -0.0105186 0)
(2.13658 -0.0157249 0)
(1.97053 0.0136853 4.65456e-24)
(2.12079 -0.0386728 2.49007e-23)
(2.14052 -0.0535245 -2.50003e-23)
(2.15188 -0.0292733 1.13643e-23)
(1.96926 -0.00399362 0)
(1.9642 -0.00314195 7.31119e-24)
(2.16491 -0.0071169 -1.40386e-23)
(2.1564 -0.0193866 0)
(2.17619 -0.0212028 0)
(1.99468 0.00934168 -2.07768e-25)
(2.16822 -0.0565852 0)
(2.19734 -0.0639802 0)
(2.1947 -0.0354983 -1.45042e-23)
(1.95974 -0.00236108 -6.38227e-24)
(1.95547 -0.00204729 -8.53192e-24)
(2.15254 -0.00871511 3.88075e-24)
(2.19679 -0.0211409 -1.23402e-23)
(2.21757 -0.0179048 1.40175e-23)
(2.01218 0.00901955 -1.7963e-25)
(2.22628 -0.0633488 -4.86502e-24)
(2.25125 -0.0647377 2.95862e-23)
(2.23906 -0.029768 -1.3339e-24)
(1.95145 -0.00260731 7.75735e-24)
(1.94808 -0.00401497 0)
(2.1422 -0.008831 8.43307e-24)
(2.23478 -0.0105914 0)
(2.2446 -0.00088239 -6.91941e-25)
(2.01489 0.0101362 -1.07259e-24)
(2.27123 -0.0504934 -1.41141e-23)
(2.28627 -0.0306355 1.95437e-24)
(2.27972 -0.00234397 -1.2751e-23)
(1.94615 -0.00537399 1.39139e-25)
(1.94555 -0.0062775 2.65897e-25)
(2.13951 -0.00507493 0)
(2.24717 0.00746839 -3.32384e-26)
(2.24645 0.0111124 6.49072e-26)
(1.9971 0.00881626 5.99001e-26)
(2.29534 -0.0051823 -1.949e-24)
(2.29817 0.0102335 0)
(2.29171 0.0179031 -2.39037e-24)
(1.94556 -0.00656266 1.58443e-23)
(1.94585 -0.00694715 -1.62868e-23)
(2.14037 -0.00318574 0)
(2.24273 0.0156372 4.26125e-27)
(2.23539 0.0218429 -1.46766e-25)
(1.9731 0.00524016 1.46742e-25)
(2.29803 0.0177667 0)
(2.29573 0.0256355 -4.68633e-24)
(2.28847 0.0264459 2.01065e-24)
(1.9468 -0.00730714 0)
(1.94906 -0.00708176 2.00302e-24)
(2.14456 0.000557479 6.31356e-24)
(2.22526 0.0276497 5.05533e-27)
(2.21215 0.0320785 -5.55632e-25)
(1.93875 0.00621258 3.01378e-24)
(2.29206 0.0349441 -1.93308e-25)
(2.28778 0.0450271 4.38068e-24)
(2.28032 0.0367553 1.52064e-25)
(1.95166 -0.00631716 -1.21605e-25)
(1.95454 -0.00533854 0)
(2.15216 0.00347317 -7.77404e-23)
(2.19804 0.0345964 3.78634e-24)
(2.18361 0.0349244 -1.09268e-23)
(1.90106 0.00729698 -8.58879e-25)
(2.28192 0.0502809 -1.4776e-24)
(2.27343 0.0541988 4.7313e-24)
(2.26017 0.040924 2.40169e-24)
(1.95709 -0.00440785 2.27842e-25)
(1.95949 -0.00376077 0)
(2.16203 0.00446259 5.7306e-23)
(2.16817 0.0351126 7.13367e-24)
(2.1539 0.0314573 3.13563e-24)
(1.86692 0.00785124 0)
(2.26447 0.056981 0)
(2.25272 0.0549179 -9.6304e-24)
(2.23363 0.0387712 2.5057e-23)
(1.96138 -0.00372057 2.5765e-23)
(1.96326 -0.00405353 1.7291e-23)
(2.17325 0.00512021 9.65339e-23)
(2.14007 0.0285964 -3.94738e-24)
(2.12521 0.0231176 -5.07035e-23)
(1.84677 0.00649986 -2.14896e-23)
(2.2409 0.0528407 1.65775e-24)
(2.22569 0.0503425 6.85552e-24)
(2.2059 0.0347724 -3.25524e-23)
(1.96459 -0.00487158 -4.77027e-23)
(1.96533 -0.00527573 1.41489e-24)
(2.18407 0.00363969 8.96043e-23)
(2.10952 0.0168349 4.60809e-23)
(2.09387 0.00946045 -1.02014e-23)
(1.83659 -0.00217432 -6.5663e-23)
(2.20959 0.0474945 -1.78747e-23)
(2.19114 0.0424081 2.99067e-23)
(2.17784 0.0223117 6.32798e-23)
(1.96527 -0.00575321 0)
(1.96303 -0.0055055 0)
(2.18921 -0.000904636 -3.91379e-23)
(2.07928 0.00356363 -8.2943e-23)
(2.0677 -0.00311879 1.06151e-22)
(1.83385 -0.00751073 8.79709e-23)
(2.17327 0.0353942 0)
(2.15542 0.0293488 1.88624e-23)
(2.14756 0.00828145 -8.75477e-24)
(1.96093 -0.00658841 1.40021e-22)
(1.95348 -0.00564401 1.09669e-23)
(2.18964 -0.00524129 -2.96719e-23)
(2.05912 -0.0103969 0)
(2.05248 -0.0179527 -1.37668e-22)
(1.83861 -0.012235 5.21071e-23)
(2.13824 0.0227745 -2.24804e-23)
(2.12116 0.0110815 -1.22621e-23)
(2.11407 -0.0107194 0)
(1.95162 -0.00721789 -1.67e-22)
(1.93532 -0.00627689 -6.06632e-23)
(2.1849 -0.00978669 0)
(2.0503 -0.0204612 3.14265e-23)
(2.04508 -0.0251008 1.4608e-23)
(1.81525 -0.0147339 -3.61892e-23)
(2.10799 -0.00459521 2.28761e-24)
(2.10184 -0.0194241 1.19906e-23)
(2.09671 -0.0248169 -1.46449e-23)
(2.09315 0.00163114 1.95224e-24)
(2.0847 -0.0150003 -1.70668e-24)
(2.08834 -0.0159958 -9.85205e-24)
(2.067 0.0209757 0)
(2.05921 0.00152669 -7.53997e-25)
(2.05356 0.00114084 0)
(2.03216 0.0212257 6.93757e-24)
(2.02162 0.0216336 1.70128e-24)
(2.02342 0.0427555 1.48672e-23)
(1.96402 0.0760684 9.05917e-25)
(1.94999 0.0571931 -4.8978e-25)
(1.95203 0.0843039 1.53516e-24)
(1.93014 0.135502 -2.77709e-24)
(1.90032 0.0886509 -6.14095e-25)
(1.91166 0.120622 2.38754e-25)
(1.92638 0.180553 0)
(1.91561 0.141332 6.70234e-25)
(1.91159 0.150991 0)
(1.89916 0.22452 1.12981e-25)
(1.88695 0.147365 0)
(1.89566 0.158745 -6.29511e-25)
(1.91422 0.230425 8.64066e-26)
(1.9134 0.147974 -8.46211e-26)
(1.89289 0.165039 0)
(1.90284 0.270255 8.04102e-24)
(1.90783 0.159579 6.89839e-25)
(1.91489 0.201365 0)
(1.8656 0.279619 5.20834e-24)
(1.884 0.191707 -4.28393e-25)
(1.892 0.149554 -5.39522e-25)
(1.90635 0.178429 1.56706e-24)
(1.92698 0.126168 3.89702e-26)
(1.91953 0.154601 -1.71424e-25)
(1.98174 0.0983437 0)
(2.0221 0.0595876 9.14658e-25)
(1.99769 0.0880838 0)
(2.11932 0.0118775 9.635e-24)
(2.15119 -0.0121546 6.47755e-25)
(2.13782 -0.000184822 -8.01838e-25)
(2.25045 -0.0262511 -2.40775e-23)
(2.25053 -0.0339895 -5.05248e-24)
(2.24669 -0.0441906 -6.10784e-25)
(2.26844 -0.016617 5.58221e-24)
(2.26557 -0.0261029 8.37765e-26)
(2.26582 -0.025515 -5.27511e-25)
(2.25257 -0.0170045 -1.74351e-24)
(2.2498 -0.0252942 0)
(2.25431 -0.0219671 -6.52808e-26)
(2.24235 -0.0106426 9.94485e-24)
(2.24175 -0.0203187 0)
(2.2439 -0.0149764 1.8732e-25)
(2.23593 -0.0149274 0)
(2.23536 -0.0172911 -3.42515e-25)
(2.23624 -0.0179546 0)
(2.23603 -0.00890826 -2.51667e-23)
(2.23608 -0.0144385 -1.43012e-24)
(2.23586 -0.0141442 -7.88052e-25)
(2.23369 -0.0145821 -1.52322e-23)
(2.23216 -0.015292 2.97891e-23)
(2.23592 -0.0160676 0)
(1.93438 -0.00988428 -9.52787e-25)
(1.87839 -0.00845605 8.4969e-23)
(2.16978 -0.0111125 -1.54145e-23)
(0.460614 -0.000422328 0)
(0.153275 -0.000129768 0)
(0.454745 -0.000528366 0)
(0.150221 -8.93881e-05 0)
(0.450533 -0.000485254 0)
(0.147612 1.1988e-05 0)
(0.448677 -0.000326188 0)
(0.146278 0.00017778 0)
(0.448781 -0.000220168 0)
(0.146269 0.000259079 0)
(0.449992 -0.000109957 0)
(0.147109 0.000252367 0)
(0.451517 7.32324e-05 0)
(0.148436 0.000118606 0)
(0.45289 0.000430566 0)
(0.150157 -3.61239e-05 0)
(0.453623 0.000582919 0)
(0.152122 -0.000194981 0)
(0.452377 0.000389011 0)
(0.153061 -0.000298346 0)
(0.449413 0.000257588 0)
(0.152888 -0.000311591 0)
(0.445634 1.50469e-05 0)
(0.151769 -0.000243328 0)
(0.441945 -9.75495e-05 0)
(0.150049 -0.000126356 0)
(0.439813 -7.7213e-05 0)
(0.149074 1.68763e-05 0)
(0.439082 -0.000100355 -2.0084e-27)
(0.149032 0.000146376 1.9788e-27)
(0.438818 -0.000194856 0)
(0.149366 0.000214242 0)
(0.438054 -0.000277481 0)
(0.149313 0.000183815 0)
(0.437282 -9.3807e-05 -4.57184e-26)
(0.149519 0.000160109 -4.54386e-26)
(0.437169 0.000291624 3.73347e-24)
(0.150292 4.79755e-05 -8.96216e-26)
(0.444893 0.00122473 8.40816e-24)
(0.156924 0.000138927 0)
(0.420318 -0.001016 -5.12007e-26)
(0.137608 -0.000151176 0)
(0.457611 -0.000475473 0)
(0.151758 -0.000107908 0)
(0.452439 -0.000525645 0)
(0.148832 -4.39867e-05 0)
(0.449347 -0.000397238 0)
(0.146775 9.3114e-05 0)
(0.448603 -0.000272871 0)
(0.146173 0.000253273 0)
(0.449412 -0.000158427 0)
(0.146647 0.000264825 0)
(0.450879 -3.52961e-05 0)
(0.147775 0.0002064 0)
(0.452307 0.00022269 0)
(0.14927 2.58408e-05 0)
(0.453459 0.000551002 0)
(0.151217 -9.19684e-05 0)
(0.453345 0.000530974 0)
(0.15278 -0.000262103 0)
(0.451018 0.000329706 0)
(0.15309 -0.00032556 0)
(0.44757 0.000165421 0)
(0.152454 -0.000279155 0)
(0.443624 -7.05423e-05 0)
(0.150884 -0.000189548 0)
(0.440646 -7.8206e-05 -2.72341e-28)
(0.149429 -4.90548e-05 2.69814e-28)
(0.439349 -6.94241e-05 4.11609e-27)
(0.148979 9.32355e-05 0)
(0.438976 -0.000129348 0)
(0.149212 0.000204673 0)
(0.438445 -0.000235696 0)
(0.149397 0.000199801 0)
(0.43742 -0.000183894 4.62891e-26)
(0.149253 0.000198359 4.55975e-26)
(0.436791 2.09579e-05 4.99754e-24)
(0.149717 2.49328e-05 -2.58753e-24)
(0.438134 0.00107021 2.79267e-25)
(0.151326 -0.000127056 6.49408e-24)
(0.435612 -0.00612013 4.8642e-26)
(0.151667 -0.000857004 0)
(0.457974 -0.000780673 0)
(0.146736 -0.000361591 0)
(0.467084 -0.0011062 0)
(0.153343 1.46754e-05 0)
(0.472021 -0.0013567 0)
(0.158091 0.000367216 0)
(0.474725 -0.0018856 0)
(0.162997 0.000586463 0)
(0.473316 -0.00169354 0)
(0.166991 0.0011673 0)
(0.462558 -0.000231379 0)
(0.164706 0.000972905 0)
(0.448885 0.00073693 0)
(0.157462 0.000411717 0)
(0.439558 0.000988426 0)
(0.151285 -0.000223707 0)
(0.436197 0.00112901 0)
(0.148705 -0.000823376 0)
(0.435545 0.00153378 0)
(0.147739 -0.00112032 0)
(0.43503 0.00157992 0)
(0.146624 -0.00134452 0)
(0.435137 0.000937869 0)
(0.146598 -0.000833823 0)
(0.435376 0.000249656 0)
(0.147416 -0.000352325 0)
(0.434691 -9.16359e-05 1.20506e-28)
(0.148286 5.25883e-05 0)
(0.431863 -0.000259533 -1.84676e-28)
(0.148307 0.000354833 3.6464e-28)
(0.426332 -1.20569e-05 0)
(0.145838 0.000760962 0)
(0.421538 -0.000288902 2.33667e-30)
(0.141416 0.000683853 -2.33825e-30)
(0.424519 -0.000930513 0)
(0.142017 0.000189357 1.00533e-25)
(0.434146 -0.00119792 -3.62876e-24)
(0.146274 -0.00010762 3.59497e-24)
(0.46242 -0.00436024 5.08221e-24)
(0.163648 -0.000413788 1.75541e-25)
(0.450173 -5.28129e-05 -2.39731e-25)
(0.151743 -0.000127294 4.66165e-23)
(0.463026 -0.00097862 0)
(0.150232 -0.000162082 0)
(0.470016 -0.001206 0)
(0.155917 0.000219252 0)
(0.47356 -0.00160263 0)
(0.160369 0.000423565 0)
(0.474931 -0.00201663 0)
(0.165499 0.000898449 0)
(0.468761 -0.000954329 0)
(0.16682 0.00111616 0)
(0.455585 0.000339033 0)
(0.161289 0.000718743 0)
(0.443419 0.000928637 0)
(0.153955 8.18777e-05 0)
(0.437284 0.00103861 0)
(0.1496 -0.000509992 0)
(0.435831 0.00132014 0)
(0.148245 -0.00105135 0)
(0.435152 0.00165474 0)
(0.147073 -0.00122416 0)
(0.435085 0.00131211 0)
(0.146518 -0.00112905 0)
(0.435256 0.00055419 0)
(0.146893 -0.000577437 0)
(0.435292 4.84187e-05 -5.76085e-29)
(0.14795 -0.000129479 2.88371e-29)
(0.433519 -0.000203795 0)
(0.148419 0.000196596 -2.14921e-29)
(0.429572 -0.000183317 7.84343e-28)
(0.147619 0.000541661 -3.92577e-28)
(0.423176 2.86774e-06 -9.6777e-31)
(0.143346 0.00081786 0)
(0.421732 -0.000731035 1.92248e-29)
(0.140945 0.000403622 3.77962e-26)
(0.428042 -0.000965888 6.35548e-24)
(0.143519 4.38127e-05 -2.24095e-24)
(0.440043 -0.00267438 5.62753e-24)
(0.149355 -0.00010874 0)
(0.458992 0.00505382 -1.1933e-23)
(0.162553 0.000740413 1.21862e-23)
(2.35443 -0.058083 -7.91647e-22)
(2.37507 -0.0801514 3.81217e-21)
(2.40876 -0.104657 -8.64108e-21)
(2.44991 -0.147757 6.66928e-21)
(2.51726 -0.108216 -7.68486e-21)
(2.52918 -0.192169 -1.38797e-20)
(1.41907 -0.276799 0)
(-0.287725 -0.226325 -9.83804e-20)
(-0.0470945 0.317982 -2.96193e-20)
(1.61396 0.298614 1.33827e-20)
(2.5208 0.271368 -3.06843e-21)
(2.45932 0.195969 2.10118e-21)
(1.97465 -0.000826601 2.16304e-24)
(-0.169584 0.268775 -1.71184e-20)
(-0.475422 0.233345 2.54215e-20)
(-0.350308 -0.304722 -2.40217e-20)
(2.34821 -0.0200325 5.3535e-23)
(2.30628 -0.00720004 -6.24927e-23)
(2.35357 -0.0483768 3.58956e-22)
(2.35207 -0.0310364 1.38703e-22)
(2.39857 -0.160464 0)
(2.28217 -0.0855524 -3.22789e-20)
(2.57673 -0.164766 1.51643e-20)
(-0.0952685 0.0931927 -5.31486e-20)
(-0.0706445 0.0118542 0)
(1.39679 -0.102308 3.23103e-20)
(-0.12952 0.0189545 -2.55912e-20)
(0.245919 0.163267 3.23355e-20)
(-0.146307 0.358499 1.41672e-20)
(2.33941 0.285551 0)
(2.49086 0.247014 1.20002e-20)
(1.12804 0.132027 0)
(2.13414 0.0112891 0)
(2.15618 0.00546871 0)
(1.61942 0.0843965 0)
(1.77841 0.10386 0)
(1.95648 0.0941592 -9.17256e-24)
(2.02644 0.0974909 0)
(2.08325 0.0712423 0)
(2.11787 0.0517618 0)
(2.14283 0.0336601 -5.74384e-25)
(2.16339 0.0192966 5.75048e-25)
(2.04782 0.323313 0)
(1.87359 0.210443 -2.04804e-24)
(1.63677 0.13568 1.98982e-24)
(1.56691 0.178104 7.35055e-26)
(1.59567 0.196667 -2.62049e-25)
(1.75921 0.209976 2.32563e-24)
(1.96499 0.224794 7.07853e-24)
(2.04983 0.183405 -1.15076e-23)
(2.11174 0.122338 1.07243e-23)
(2.14643 0.0849198 5.87675e-25)
(2.16709 0.0501287 -8.14645e-24)
(2.18209 0.0288685 6.70608e-24)
(1.9307 0.366147 -1.86952e-23)
(1.67996 0.307644 -1.22011e-24)
(1.56194 0.278874 1.43456e-24)
(1.58691 0.278452 -3.60236e-26)
(1.7405 0.285853 -8.93204e-26)
(1.99103 0.291084 0)
(2.12159 0.202023 1.26554e-23)
(2.18032 0.125076 -1.19042e-23)
(2.19484 0.0787085 0)
(2.20097 0.0420879 7.21452e-24)
(2.20334 0.0215781 -1.15935e-23)
(2.31808 -0.00303307 3.96627e-23)
(2.35983 -0.016628 -2.4305e-22)
(2.36942 -0.0394691 1.52445e-21)
(2.38978 -0.0525852 3.02727e-21)
(2.42703 -0.038925 1.21486e-20)
(2.46639 -0.041311 3.55904e-22)
(2.50928 -0.0529802 -6.54165e-21)
(2.41177 -0.101992 -3.91847e-21)
(1.26921 -0.0647459 1.77548e-20)
(-0.501745 0.0176416 2.17596e-20)
(-0.0555331 0.0989489 2.2253e-20)
(1.84232 0.199047 -1.26462e-20)
(2.52832 0.168823 1.675e-21)
(2.51117 0.155915 1.23034e-20)
(2.3316 0.00617601 0)
(2.3802 -0.00500051 2.73078e-22)
(2.3879 4.78414e-05 -3.37608e-21)
(2.39951 -0.0026223 -1.89905e-21)
(2.42213 -0.0173615 2.70143e-21)
(2.46199 -0.0133573 -2.44998e-21)
(2.49327 0.0265059 0)
(2.37267 0.0520332 -7.91926e-21)
(0.927108 0.171039 7.70619e-21)
(-0.679024 0.0293485 -1.0392e-20)
(-0.167766 0.0723156 -4.33133e-21)
(1.75107 0.06118 3.88045e-20)
(2.52981 0.0822526 -7.34774e-21)
(2.51917 0.0646407 -1.33706e-21)
(2.46157 0.0392696 -1.1658e-20)
(2.41344 0.0210042 3.98706e-21)
(2.37503 0.0182718 -1.29626e-21)
(2.3422 0.016419 -5.50042e-23)
(2.33864 0.0157991 2.08523e-23)
(2.38613 0.0112162 1.08523e-22)
(2.38681 0.0147521 1.48674e-21)
(2.3985 0.0142813 0)
(2.4124 0.0267147 -2.6644e-22)
(2.44324 0.034755 6.66881e-22)
(2.45778 0.0938561 -5.47667e-21)
(2.2892 0.10067 -5.6011e-21)
(0.536119 0.241648 6.33834e-22)
(-0.463842 0.373346 -3.78533e-21)
(-0.0840111 0.123313 4.61006e-21)
(1.76013 0.00517743 -1.3319e-20)
(2.52687 0.0374762 -4.05254e-21)
(2.534 -0.0376717 0)
(2.46285 -0.0368851 4.59489e-21)
(2.4133 -0.0189648 3.31412e-21)
(2.37352 -0.0148928 2.50534e-22)
(2.34061 -0.00742671 4.82988e-22)
(2.33743 0.0230018 1.03457e-23)
(2.3859 0.0236834 8.48266e-23)
(2.38319 0.0234933 1.18468e-21)
(2.39229 0.0202658 7.43365e-21)
(2.39977 0.0369469 -1.59699e-20)
(2.41754 0.0246125 1.32286e-20)
(2.40465 0.0965443 5.16363e-21)
(2.18325 0.089949 6.76788e-21)
(0.393115 0.264636 1.00142e-21)
(-0.538153 0.263929 2.79025e-21)
(0.0957481 0.0648719 1.34986e-21)
(1.84908 -0.0740756 -9.09045e-21)
(2.5174 -0.199622 6.66628e-21)
(2.53328 -0.118322 -2.97667e-21)
(2.45292 -0.0774361 -7.0456e-21)
(2.40215 -0.0620271 -5.45365e-21)
(2.36486 -0.0341989 0)
(2.33457 -0.0285166 6.36194e-22)
(2.33396 0.0277151 -1.09769e-23)
(2.38757 0.0277771 0)
(2.38177 0.0343833 3.39747e-22)
(2.38604 0.0327852 0)
(2.39119 0.0451873 -4.02298e-21)
(2.39046 0.0402015 7.41662e-21)
(2.3697 0.0728802 0)
(2.08863 0.0720925 4.11263e-21)
(0.381848 0.211536 -1.54511e-21)
(-0.398564 0.0987618 -2.4699e-21)
(0.317162 -0.139275 -4.95016e-22)
(2.06085 -0.302551 7.25542e-21)
(2.48674 -0.326545 -4.64094e-21)
(2.50525 -0.168465 3.13837e-21)
(2.4151 -0.166924 6.28e-21)
(2.3747 -0.0957682 -1.42992e-21)
(2.34359 -0.0734444 1.37741e-21)
(2.32529 -0.0491283 -6.42524e-22)
(2.32778 0.0330569 1.02247e-21)
(2.38798 0.038252 -2.03781e-23)
(2.37995 0.0462548 -7.44102e-22)
(2.38334 0.0507011 -7.26574e-22)
(2.38904 0.0607901 -3.26374e-21)
(2.38462 0.061337 0)
(2.36768 0.0518135 2.95557e-21)
(2.02039 0.051522 0)
(0.351091 0.0666267 3.85902e-21)
(-0.230964 -0.137098 -7.05989e-21)
(0.57815 -0.368624 -1.30183e-21)
(2.07896 -0.428757 0)
(2.40016 -0.396921 2.29688e-21)
(2.41859 -0.225835 0)
(2.35994 -0.17945 -7.10786e-21)
(2.33214 -0.119115 4.34428e-22)
(2.31715 -0.0933549 1.46671e-21)
(2.30485 -0.0658081 2.18579e-21)
(2.31438 0.0346626 -1.65985e-22)
(2.38115 0.0457306 0)
(2.37574 0.059027 6.49296e-22)
(2.37896 0.0623398 3.51772e-21)
(2.38964 0.0684017 -2.64955e-21)
(2.39018 0.0641822 2.65651e-21)
(2.37334 0.0288885 1.3955e-21)
(1.99509 0.0369511 -7.24685e-21)
(0.457781 -0.0764145 -9.99906e-22)
(-0.0157313 -0.384992 3.35637e-21)
(0.737157 -0.528139 5.05979e-22)
(2.03593 -0.46987 1.12637e-21)
(2.24778 -0.420127 -3.41771e-21)
(2.30986 -0.281223 3.00663e-21)
(2.28954 -0.206135 -2.48803e-21)
(2.3016 -0.140796 4.40797e-22)
(2.28831 -0.0997997 0)
(2.28657 -0.0749761 4.66905e-22)
(2.2958 0.0387082 0)
(2.3756 0.0523727 5.99695e-22)
(2.36431 0.0644055 0)
(2.37108 0.0754815 1.11935e-21)
(2.38888 0.0789776 -1.20616e-21)
(2.40778 0.0999941 0)
(2.40531 0.049892 2.03341e-21)
(2.02371 0.0325488 -3.1535e-22)
(0.701966 -0.182321 -3.24005e-21)
(0.165383 -0.498531 3.40509e-21)
(0.759199 -0.584832 -1.79955e-21)
(1.9452 -0.494401 -1.10293e-22)
(2.11363 -0.493382 0)
(2.21443 -0.252525 0)
(2.19524 -0.259483 0)
(2.24444 -0.139342 1.56321e-21)
(2.24504 -0.127323 -9.16306e-22)
(2.26269 -0.0781878 3.62961e-22)
(2.27217 0.0399387 -1.37617e-22)
(2.36399 0.0565076 0)
(2.35476 0.0754223 -1.30874e-22)
(2.36207 0.0913498 1.46468e-22)
(2.38039 0.105096 -1.16678e-21)
(2.40645 0.131429 1.14935e-21)
(2.43153 0.133256 -2.49708e-21)
(2.18304 0.165002 -2.38801e-21)
(1.03589 -0.127263 8.23768e-22)
(0.347555 -0.457363 1.2214e-21)
(0.714807 -0.557688 3.01378e-23)
(1.89962 -0.369091 -3.03157e-23)
(2.01993 -0.422427 0)
(2.06354 -0.159567 0)
(2.14133 -0.1701 0)
(2.17788 -0.100683 2.10496e-21)
(2.209 -0.0945684 -6.8375e-22)
(2.23128 -0.0654048 6.60545e-22)
(2.2465 -0.0589519 0)
(2.24437 0.0401861 9.11649e-25)
(2.34794 0.0624363 -2.39791e-22)
(2.33916 0.0962294 3.3484e-24)
(2.3448 0.11459 4.80129e-22)
(2.35495 0.144458 -4.78082e-22)
(2.38535 0.197688 0)
(2.4196 0.176265 0)
(2.25465 0.342729 0)
(1.4104 0.0484936 0)
(0.549416 -0.291712 1.0248e-22)
(0.639143 -0.413055 6.02016e-23)
(1.78004 -0.247164 -2.11191e-23)
(1.95977 -0.123663 -3.65916e-24)
(1.96809 -0.065564 -5.42678e-23)
(2.13551 -0.0623258 5.3895e-23)
(2.15217 -0.048212 -3.47169e-22)
(2.20235 -0.0451045 0)
(2.21927 -0.0389885 -1.402e-23)
(2.23768 -0.0380677 0)
(2.21066 0.0387062 -4.23908e-25)
(2.32454 0.0678401 4.07796e-22)
(2.30361 0.103449 -3.34348e-24)
(2.30706 0.130072 -4.87494e-23)
(2.30764 0.175274 4.62387e-23)
(2.34027 0.224847 1.38152e-22)
(2.35676 0.26657 -2.51162e-22)
(2.24249 0.395529 2.928e-22)
(1.74017 0.245358 -1.68825e-22)
(0.797371 -0.0249693 2.41647e-22)
(0.674544 -0.229983 5.88311e-23)
(1.53031 -0.147686 -1.00892e-22)
(1.91011 0.149463 0)
(1.97219 -0.0410271 1.0697e-22)
(2.13957 0.000943545 -1.92901e-23)
(2.15339 -0.0306036 -9.90241e-23)
(2.20481 -0.0274203 0)
(2.21943 -0.0295796 3.98439e-23)
(2.23771 -0.0298299 -8.43336e-23)
(2.17395 0.0358573 -4.42863e-23)
(2.29881 0.0644727 -1.66422e-22)
(2.27309 0.0941095 -9.15553e-24)
(2.26095 0.126259 -3.70604e-23)
(2.26776 0.164332 3.97345e-23)
(2.25353 0.231523 -1.00925e-22)
(2.26311 0.294363 7.95874e-23)
(2.20229 0.431526 0)
(1.90059 0.375853 0)
(1.05599 0.27018 -3.50348e-22)
(0.78097 0.0189915 2.35936e-22)
(1.32251 0.0437713 -2.8413e-22)
(1.90001 0.238143 -3.14252e-23)
(2.03181 0.0546225 -1.09059e-22)
(2.15128 0.0748679 1.95323e-23)
(2.16561 0.00476818 -2.57943e-23)
(2.21151 0.00524595 5.73368e-24)
(2.22267 -0.0189223 -8.71602e-24)
(2.23915 -0.0216896 -5.42408e-24)
(2.13852 0.0296337 0)
(2.2709 0.0589202 -1.65558e-23)
(2.2476 0.0929303 -7.17023e-24)
(2.22255 0.131644 -3.36968e-25)
(2.21796 0.153286 2.47981e-23)
(2.17994 0.269149 -2.63784e-23)
(2.17721 0.232963 6.96414e-25)
(2.10182 0.477236 0)
(1.91299 0.415539 0)
(1.17838 0.44991 1.62009e-22)
(0.917039 0.348531 0)
(1.26786 0.229463 -7.87216e-25)
(1.90128 0.3423 4.06103e-23)
(2.12663 0.216272 -1.97517e-24)
(2.18977 0.138828 -7.63456e-24)
(2.2054 0.0494758 4.70821e-24)
(2.23177 0.0232804 -6.58152e-24)
(2.23804 -0.0124039 0)
(2.24622 -0.0183136 8.26161e-24)
(2.10532 0.0220353 5.72682e-26)
(2.24019 0.0523016 -3.25054e-24)
(2.20634 0.0963821 1.19517e-25)
(2.1844 0.140126 3.36905e-25)
(2.15424 0.174965 0)
(2.14528 0.269282 1.09006e-24)
(2.08476 0.251958 -1.88155e-25)
(2.00889 0.413066 5.85353e-25)
(1.88735 0.412045 -4.5289e-23)
(1.17476 0.529902 4.58937e-23)
(0.997291 0.528427 0)
(1.2835 0.352251 0)
(1.94437 0.384084 6.57229e-24)
(2.26737 0.169161 -1.21472e-23)
(2.30149 0.0954102 1.90275e-24)
(2.28552 0.0104825 -3.18368e-24)
(2.27231 -0.00611285 -1.01608e-23)
(2.25833 -0.0315577 8.06169e-24)
(2.25254 -0.0272906 2.31703e-24)
(2.0754 0.0142916 1.74237e-24)
(2.20974 0.0409826 0)
(2.16016 0.0737456 -1.19526e-25)
(2.13688 0.11355 0)
(2.0981 0.154737 3.78525e-24)
(2.10102 0.206181 -3.77659e-24)
(2.02517 0.302448 -5.07265e-25)
(1.96855 0.262808 -3.4285e-24)
(1.77914 0.398985 2.68176e-24)
(1.09927 0.561612 0)
(1.06502 0.544002 -3.78416e-23)
(1.42122 0.336942 3.74814e-23)
(2.13676 0.183618 -2.44461e-23)
(2.40683 -0.0203094 3.01466e-23)
(2.35705 -0.0202066 1.88748e-24)
(2.31288 -0.0604393 0)
(2.28042 -0.0380984 2.03714e-24)
(2.25946 -0.0465929 4.45659e-24)
(2.25133 -0.0341888 -7.65648e-24)
(2.24898 -0.0333614 0)
(2.05595 0.00614521 0)
(2.18535 0.0229842 -1.10593e-24)
(2.13882 0.027777 3.67056e-25)
(2.1005 0.0529934 -3.67235e-25)
(2.05936 0.0731016 0)
(2.01137 0.104269 0)
(1.99907 0.240514 0)
(1.9446 0.159493 -1.46831e-23)
(1.51737 0.386617 1.58828e-23)
(1.08234 0.479984 -5.69194e-25)
(1.18869 0.415524 0)
(1.72741 0.0983075 -4.16673e-24)
(2.31323 -0.0966205 -3.81473e-23)
(2.4404 -0.132047 3.70438e-23)
(2.35535 -0.0724598 -6.34855e-25)
(2.30934 -0.0905781 -8.74922e-24)
(2.27343 -0.0558404 1.28881e-23)
(2.25361 -0.0613147 -3.90166e-24)
(2.24399 -0.0463762 1.02695e-24)
(2.24185 -0.0435124 3.98335e-25)
(2.04304 -0.00224137 1.89435e-25)
(2.16907 0.00596484 2.8155e-25)
(2.13764 0.00452608 1.51959e-24)
(2.09247 0.00967514 -3.74259e-24)
(2.04577 0.00190037 7.84103e-24)
(1.9462 0.0176644 -4.57525e-24)
(1.95034 0.0740444 0)
(1.87387 0.144921 -5.70856e-26)
(1.33269 0.326946 0)
(1.12814 0.363398 0)
(1.41416 0.184938 5.79186e-23)
(1.99414 -0.156699 -4.91778e-23)
(2.34279 -0.213472 2.1089e-23)
(2.42 -0.171458 -3.40393e-23)
(2.32787 -0.114857 1.54671e-23)
(2.29068 -0.110763 -6.94247e-24)
(2.25651 -0.0704303 7.61864e-24)
(2.24088 -0.0739155 2.54378e-24)
(2.23576 -0.0506023 -4.29219e-24)
(2.23275 -0.04889 1.03589e-24)
(2.04235 -0.00380128 1.25571e-26)
(2.16587 -0.0053327 0)
(2.13953 -0.0114973 0)
(2.09566 -0.00835004 -2.14069e-24)
(2.04839 -0.0279538 1.69203e-23)
(1.93679 -0.0213794 -1.53539e-23)
(1.88902 -0.064437 1.28946e-23)
(1.69244 0.0958344 -8.87599e-24)
(1.2657 0.200887 0)
(1.2584 0.142484 -3.9166e-23)
(1.72714 -0.126031 3.73982e-23)
(2.11175 -0.336562 -3.43647e-24)
(2.32198 -0.249441 -2.09822e-24)
(2.34079 -0.224465 7.72795e-24)
(2.27857 -0.140278 -9.86591e-24)
(2.26008 -0.119918 -1.0795e-24)
(2.2394 -0.0770764 2.16945e-25)
(2.22989 -0.0730791 -7.87832e-25)
(2.22727 -0.0499389 2.22016e-24)
(2.22566 -0.0455999 -1.1245e-24)
(2.04677 -0.00225217 0)
(2.17097 -0.0122872 2.05175e-24)
(2.14681 -0.0363294 -3.09688e-24)
(2.10803 -0.0462481 -2.03791e-24)
(2.06079 -0.0951332 -4.82207e-24)
(1.95518 -0.0772953 -1.20362e-23)
(1.85112 -0.162883 2.82789e-23)
(1.54377 -0.0547572 -1.30003e-23)
(1.29368 0.0563694 -7.32649e-24)
(1.49519 -0.187794 9.54329e-25)
(1.90103 -0.331181 -1.83505e-23)
(2.11429 -0.423791 1.87301e-23)
(2.24904 -0.306957 3.3052e-24)
(2.26395 -0.27518 5.08609e-24)
(2.22925 -0.181051 -5.81024e-24)
(2.22401 -0.147025 1.07809e-24)
(2.21128 -0.104868 3.81923e-25)
(2.21337 -0.0854489 -8.87731e-25)
(2.2112 -0.0615366 -4.70915e-25)
(2.21516 -0.0484377 5.45879e-25)
(2.05531 0.00281589 5.79808e-25)
(2.18614 -0.0167223 5.77632e-25)
(2.17284 -0.0609068 2.79387e-24)
(2.14352 -0.0960129 4.07172e-24)
(2.09268 -0.174473 -3.62466e-24)
(2.00655 -0.234178 0)
(1.81594 -0.269251 -1.39434e-24)
(1.49766 -0.211249 1.24747e-23)
(1.39511 -0.212084 6.57832e-24)
(1.67339 -0.405792 -7.20969e-24)
(1.95848 -0.44602 0)
(2.08947 -0.473762 -6.57558e-25)
(2.16603 -0.375607 -1.49998e-24)
(2.19008 -0.311152 -1.57686e-24)
(2.16821 -0.222408 2.285e-24)
(2.17877 -0.181368 -2.52225e-25)
(2.17526 -0.136037 2.52312e-25)
(2.18712 -0.104862 -4.05545e-25)
(2.18759 -0.0778561 4.70825e-25)
(2.19766 -0.0575873 -5.45889e-25)
(2.06588 0.0175396 3.15917e-25)
(2.21455 -0.0122323 0)
(2.23133 -0.0582078 4.33705e-25)
(2.2206 -0.105633 -2.03051e-24)
(2.18507 -0.18338 -1.32628e-24)
(2.07547 -0.307844 3.12986e-24)
(1.80098 -0.337219 -3.90998e-24)
(1.50919 -0.333152 5.10792e-25)
(1.49344 -0.449072 -6.41849e-24)
(1.73976 -0.503797 1.27674e-23)
(1.9587 -0.479571 -1.22704e-23)
(2.04041 -0.482025 4.85504e-24)
(2.07649 -0.387878 -2.45403e-25)
(2.09579 -0.303389 3.28262e-25)
(2.11067 -0.225941 -3.42681e-24)
(2.12825 -0.180579 1.01602e-24)
(2.13668 -0.134663 0)
(2.15418 -0.101967 0)
(2.16189 -0.0752487 -7.1981e-25)
(2.17647 -0.0552551 -4.07372e-25)
(2.27828 -0.0485127 2.92777e-24)
(2.28767 -0.0996433 2.17672e-24)
(2.20092 -0.209932 0)
(1.84174 -0.362559 -1.77378e-24)
(1.58144 -0.454132 -5.16398e-25)
(1.54959 -0.547153 3.77989e-24)
(1.73037 -0.539084 -2.37771e-24)
(1.92884 -0.491319 2.38162e-24)
(1.98518 -0.396459 1.91368e-26)
(1.9998 -0.328176 3.24835e-25)
(2.01004 -0.25433 7.85836e-25)
(2.05846 -0.179048 -6.30106e-25)
(2.07512 -0.130379 4.77593e-24)
(2.10081 -0.0908004 -8.2396e-25)
(2.12395 -0.0664602 8.23416e-25)
(2.14108 -0.0464576 7.19812e-25)
(2.15982 -0.0340195 -6.00206e-25)
(2.29835 0.0192872 -2.29518e-25)
(2.3384 -0.00290262 0)
(2.33779 -0.0292695 0)
(2.04507 -0.210085 6.68067e-24)
(1.7064 -0.388029 4.90078e-24)
(1.59873 -0.520012 -3.78199e-24)
(1.67665 -0.512106 0)
(1.80869 -0.48113 -1.45372e-25)
(1.88042 -0.329664 0)
(1.92501 -0.236294 0)
(1.93671 -0.157887 -3.26977e-24)
(2.00239 -0.0897447 3.2675e-24)
(2.03181 -0.0542066 -9.24644e-24)
(2.07679 -0.0313795 0)
(2.10732 -0.0210374 0)
(2.1316 -0.0132855 3.59853e-25)
(2.15361 -0.0109398 6.31609e-25)
(1.90672 -0.172738 0)
(1.68142 -0.368146 0)
(1.67585 -0.369979 -4.07215e-24)
(1.71432 -0.382624 -2.10815e-25)
(1.75345 -0.277306 -2.83838e-24)
(1.80988 -0.139339 4.65549e-24)
(1.8609 -0.0470438 0)
(1.96228 -0.00610115 9.82037e-24)
(2.01509 0.00144433 1.28874e-23)
(2.07131 0.0037435 1.50211e-24)
(2.10524 0.000713936 -7.42282e-24)
(2.13124 -0.00069266 0)
(2.15372 -0.00330588 0)
(1.81786 -0.125272 1.87372e-23)
(1.69821 -0.256339 4.01268e-24)
(1.67331 -0.188569 5.15156e-24)
(1.65543 -0.170122 4.72891e-27)
(1.68796 -0.0349848 -1.77123e-24)
(1.80388 0.0185672 0)
(1.95291 0.0398077 -7.82303e-24)
(2.01703 0.0249194 -8.05238e-24)
(2.07384 0.0235569 0)
(2.1082 0.0159487 5.86431e-24)
(1.98449 0.161485 -1.49439e-23)
(1.7576 -0.0630768 4.11522e-24)
(1.6406 0.0166076 -7.12833e-24)
(1.59706 0.0108667 -1.73157e-24)
(1.97875 0.00780007 4.0341e-23)
(1.98439 0.00804268 3.58594e-23)
(1.98424 0.0106491 5.03553e-24)
(1.98227 0.0140943 0)
(1.97786 0.0163572 -5.95731e-24)
(1.97067 0.019192 -9.13519e-23)
(1.96081 0.0225172 0)
(1.94939 0.0228595 0)
(1.93529 0.0243764 0)
(1.92006 0.0274316 -3.81519e-22)
(1.90223 0.0286633 -3.75109e-22)
(1.88202 0.0284642 0)
(1.86041 0.0282176 1.75449e-22)
(1.83728 0.0285856 1.35542e-24)
(1.81185 0.0285596 1.25273e-24)
(1.78583 0.0273928 -1.25082e-24)
(1.75875 0.0261321 1.48159e-22)
(1.73107 0.0252804 2.98637e-25)
(1.70247 0.0242167 2.67716e-25)
(1.67332 0.0228357 0)
(1.6443 0.0205262 0)
(1.61694 0.016816 0)
(1.59053 0.0134154 4.84222e-23)
(1.56603 0.0105621 0)
(1.54326 0.0079668 0)
(1.52342 0.00538513 0)
(1.50606 0.00264495 0)
(1.49166 -4.46392e-05 2.29894e-26)
(1.48065 -0.00212503 -6.79706e-25)
(1.47238 -0.00335157 2.89677e-26)
(1.46727 -0.00425793 -7.98521e-27)
(1.46471 -0.00489133 -7.84076e-27)
(1.46445 -0.00453554 -1.26942e-26)
(1.46483 -0.00409544 2.60029e-27)
(1.46545 -0.00268484 -2.60024e-27)
(1.46542 -0.00146534 -7.49821e-26)
(1.4645 0.00061384 0)
(1.46174 0.00327354 1.43134e-25)
(1.45637 0.00585505 -8.83017e-26)
(1.44711 0.00771813 -8.7321e-26)
(1.4334 0.00919181 -2.59579e-25)
(1.41502 0.0105997 -8.69229e-26)
(2.36025 -0.00964038 -7.6569e-23)
(2.36584 -0.00684583 4.24828e-23)
(2.32405 0.00157902 -3.9269e-23)
(2.35902 -0.0297547 3.9372e-22)
(2.36788 -0.0189378 1.79554e-22)
(2.36947 -0.0159641 -9.50299e-23)
(0.189905 -0.0765701 -2.72101e-20)
(-0.261561 -0.149877 1.13479e-20)
(1.34691 0.0212453 0)
(-0.595618 0.048948 -1.35354e-20)
(-0.60716 -0.0876551 0)
(-0.611198 -0.19317 -4.48271e-21)
(0.169439 0.136296 -1.73024e-20)
(0.098033 0.0394274 -4.52725e-21)
(-0.180953 -0.0497954 4.45225e-21)
(2.37582 -0.000313834 -2.21698e-22)
(2.38285 0.0113427 -1.36041e-22)
(2.33787 0.0104502 6.67977e-23)
(2.38014 -0.0140973 1.99746e-22)
(2.38462 0.00455722 -1.88318e-22)
(2.38483 0.00774899 9.4416e-23)
(2.384 0.0140208 1.8783e-22)
(2.3861 0.0185956 -5.69397e-23)
(2.33821 0.0205916 -2.47384e-22)
(2.38414 0.00795734 -4.56088e-22)
(2.38261 0.0197717 1.02647e-21)
(2.38606 0.0199339 2.65072e-22)
(2.38648 0.0245842 0)
(2.3862 0.0253102 0)
(2.33588 0.0245767 -1.08904e-23)
(2.38259 0.0227649 -1.77377e-22)
(2.38301 0.0262196 -1.49858e-21)
(2.38594 0.0237337 0)
(2.38722 0.0284028 0)
(2.38752 0.0342866 -1.14145e-23)
(2.33168 0.0314701 -3.44629e-22)
(2.38389 0.0209301 -1.52525e-21)
(2.38423 0.0369065 1.37638e-21)
(2.38872 0.0361227 -6.82355e-22)
(2.38635 0.0361601 -6.42276e-22)
(2.38315 0.0397731 6.66509e-22)
(2.32119 0.033486 5.26597e-24)
(2.384 0.0346747 0)
(2.382 0.0571922 0)
(2.38421 0.0418174 -6.52377e-22)
(2.38123 0.040608 9.97366e-24)
(2.37832 0.0434779 -3.20801e-22)
(2.3059 0.0371058 3.17289e-22)
(2.37918 0.0274545 -1.33332e-21)
(2.37471 0.0675348 -1.29292e-21)
(2.37941 0.0504791 -9.53784e-24)
(2.37215 0.0457406 -6.03761e-22)
(2.36481 0.0479996 4.56532e-24)
(2.28423 0.03938 2.1664e-24)
(2.37073 0.0403458 9.21446e-24)
(2.36349 0.0752857 5.53871e-22)
(2.36979 0.054611 -5.68768e-22)
(2.35771 0.0492808 0)
(2.34961 0.0516943 0)
(2.25909 0.0400163 0)
(2.35982 0.048783 8.72753e-24)
(2.35279 0.079945 5.22123e-22)
(2.3568 0.0595592 -1.94217e-24)
(2.34039 0.052724 2.41385e-22)
(2.32998 0.0536515 -9.06277e-25)
(2.22818 0.0396539 -4.86363e-25)
(2.3454 0.0562652 -1.82094e-24)
(2.33222 0.0851335 4.49362e-22)
(2.33697 0.0658188 -4.43926e-22)
(2.31834 0.0529284 -3.88819e-25)
(2.30501 0.0514555 3.88495e-25)
(2.19219 0.0374027 1.79356e-25)
(2.32002 0.0636732 -4.09357e-22)
(2.30434 0.0869177 -3.77804e-25)
(2.31216 0.0668468 3.46279e-25)
(2.29084 0.0492756 1.59856e-25)
(2.27545 0.0474164 -1.59744e-25)
(2.15585 0.0330723 0)
(2.29067 0.0673885 1.65951e-22)
(2.27608 0.0831406 1.10871e-22)
(2.28497 0.0623699 -7.39934e-23)
(2.25976 0.0444678 0)
(2.24539 0.0399997 4.80727e-25)
(2.12178 0.0253604 -5.37713e-25)
(2.26409 0.0641851 1.63632e-23)
(2.2494 0.0740536 2.44142e-23)
(2.25605 0.0546137 3.67021e-24)
(2.23212 0.0349087 3.16646e-24)
(2.21715 0.0300469 7.03223e-25)
(2.08982 0.0184121 -7.02997e-25)
(2.23518 0.0574693 5.04461e-26)
(2.21848 0.0632768 1.32664e-25)
(2.22445 0.0490776 8.74678e-26)
(2.20131 0.0238563 -1.14398e-24)
(2.18809 0.0173253 -7.10529e-25)
(2.06426 0.0103049 0)
(2.20148 0.0496071 -1.32866e-25)
(2.18295 0.0490593 0)
(2.19655 0.0310627 8.80862e-25)
(2.17759 0.0126845 1.10217e-24)
(2.16799 0.00850976 6.8939e-27)
(2.04814 0.00154105 0)
(2.16951 0.0359942 0)
(2.16292 0.0294674 4.07698e-26)
(2.17614 0.0158224 -1.05152e-25)
(2.1609 0.00244361 -5.69953e-25)
(2.15856 -0.00273618 2.11e-26)
(2.04193 -0.00370132 3.67399e-28)
(2.16013 0.0136484 -6.56902e-26)
(2.15771 0.00152403 2.49081e-26)
(2.16587 -0.00274436 -5.23318e-27)
(2.1587 -0.00422554 1.15374e-25)
(2.15977 -0.00523911 3.54686e-25)
(2.04383 -0.00322091 -7.78728e-26)
(2.15689 -0.00618847 0)
(2.15721 -0.00818809 0)
(2.16726 -0.00759136 -3.24631e-25)
(2.16245 -0.00541339 0)
(2.16793 -0.00458009 0)
(2.05033 -0.000702778 -1.31771e-25)
(2.15955 -0.0115789 -2.2664e-24)
(2.16587 -0.0192671 3.17366e-24)
(2.17691 -0.0155451 -2.29245e-24)
(2.17597 -0.00272281 -2.87083e-25)
(2.18665 0.000377798 -2.92762e-25)
(2.06081 0.00934254 1.60117e-25)
(2.17907 -0.0226422 -1.12112e-23)
(2.19642 -0.0294016 1.25543e-23)
(2.19909 -0.0158813 -2.92585e-24)
(2.2001 0.00437324 0)
(2.21534 0.00896694 -5.05623e-25)
(2.06964 0.0251647 0)
(2.21663 -0.0271727 -5.07984e-25)
(2.23733 -0.0264984 5.07867e-25)
(2.2316 -0.00632969 5.05565e-25)
(1.01853 0.00434966 0)
(0.4179 0.000314589 0)
(1.00328 0.00543577 0)
(0.40484 0.00106034 0)
(0.967491 0.00623798 0)
(0.375725 0.00108598 0)
(0.909469 0.00856266 0)
(0.337605 0.000874609 0)
(0.836797 0.00895229 0)
(0.29472 0.000789116 0)
(0.752581 0.0090795 0)
(0.251648 0.000609401 0)
(0.668215 0.00797418 0)
(0.207601 0.00115247 0)
(0.593351 0.00609548 0)
(0.170105 0.000983359 0)
(0.527437 0.00498809 0)
(0.139065 0.00088405 0)
(0.471691 0.00345658 0)
(0.11348 0.000734301 0)
(0.427973 0.00176128 0)
(0.0942261 0.000999552 0)
(0.397479 7.81188e-05 0)
(0.0817374 0.00123199 0)
(0.380552 -0.000990457 0)
(0.0763117 0.00116668 0)
(0.375942 -0.00195724 0)
(0.0769219 0.00105061 0)
(0.381181 -0.0023449 0)
(0.0827803 0.000337401 0)
(0.393984 -0.00232291 0)
(0.0922207 -0.000114296 0)
(0.409528 -0.00224142 0)
(0.10303 -0.000203097 0)
(0.426798 -0.00254953 0)
(0.115094 -0.000264231 0)
(0.444022 -0.00257772 0)
(0.128099 -0.000151242 0)
(0.457668 -0.00258849 0)
(0.139834 0.00014607 0)
(0.466189 -0.00256998 0)
(0.149637 0.000574935 0)
(0.467242 -0.00172772 0)
(0.155093 0.000980708 0)
(0.986871 0.00546641 0)
(0.391074 0.000923748 0)
(0.941683 0.00777207 0)
(0.357866 0.00101144 0)
(0.874849 0.0087335 0)
(0.316525 0.000954618 0)
(0.795291 0.00900154 0)
(0.273029 0.00043075 0)
(0.709816 0.00893258 0)
(0.229543 0.00103151 0)
(0.629493 0.00684678 0)
(0.187751 0.00106046 0)
(0.559425 0.00556904 0)
(0.154033 0.000936674 0)
(0.498153 0.00421866 0)
(0.12547 0.000744548 0)
(0.448284 0.00265778 0)
(0.103081 0.000844096 0)
(0.411127 0.000854242 0)
(0.0871333 0.00114912 0)
(0.387864 -0.000504476 0)
(0.078291 0.00117255 0)
(0.376536 -0.00152968 0)
(0.0760144 0.00131218 0)
(0.377098 -0.00220829 0)
(0.0792389 0.000622266 0)
(0.387194 -0.00234816 0)
(0.0871923 5.48442e-05 0)
(0.401577 -0.00223779 0)
(0.0975861 -0.000158208 0)
(0.417923 -0.00237316 0)
(0.108829 -0.000249724 0)
(0.435677 -0.00263266 0)
(0.12165 -0.000250834 0)
(0.451374 -0.00253274 0)
(0.134148 -3.19697e-05 0)
(0.462715 -0.00265046 0)
(0.145085 0.000356753 0)
(0.467686 -0.00224887 0)
(0.153097 0.000818637 0)
(0.464237 -0.000937798 0)
(0.155534 0.000888206 0)
(2.25967 -0.0417971 -3.35286e-22)
(2.27033 -0.0340202 6.4886e-22)
(2.2505 -0.0338062 0)
(2.26273 -0.0301081 3.65947e-23)
(2.24755 -0.0272634 3.13014e-22)
(2.25963 -0.0280111 -5.22234e-22)
(2.24777 -0.0249524 -7.67967e-24)
(2.25902 -0.0261998 -1.13412e-22)
(2.27084 -0.0218588 1.13428e-22)
(2.27226 -0.014228 -5.8295e-23)
(1.64822 -0.00977264 -5.04335e-25)
(2.24995 -0.0254307 -8.70938e-24)
(2.25805 -0.0246448 7.72642e-25)
(2.26743 -0.0227605 -7.73669e-25)
(2.2682 -0.0156288 0)
(1.62226 -0.00978591 0)
(2.25081 -0.0293137 0)
(2.2558 -0.0255805 0)
(2.26531 -0.0249402 1.38023e-25)
(2.2638 -0.016143 -9.83561e-24)
(1.59487 -0.00900748 5.87205e-25)
(1.63505 -0.00981457 5.03988e-25)
(1.60887 -0.00978381 2.05936e-25)
(1.58073 -0.00863935 -1.77654e-25)
(2.18488 -0.0172532 6.01591e-23)
(2.17878 -0.0169338 1.7161e-24)
(2.26934 -0.027818 -1.81495e-24)
(2.17446 -0.0177559 -1.71502e-24)
(2.16768 -0.0178272 0)
(2.26538 -0.0279356 -1.49054e-24)
(2.16231 -0.0186203 -1.42033e-24)
(2.15523 -0.0187732 4.86762e-26)
(2.26024 -0.0277999 1.07767e-23)
(0.507248 -0.000586716 0)
(0.147463 -0.000295856 0)
(0.492768 -0.000358551 0)
(0.14264 -0.000405494 0)
(0.480596 7.75338e-05 0)
(0.138666 -0.000501014 0)
(0.49975 -0.000429576 0)
(0.144986 -0.000338821 0)
(0.486227 -0.000139716 0)
(0.140432 -0.000488702 0)
(0.475708 0.000250968 0)
(0.137326 -0.000555394 0)
(2.17265 -0.00837336 -8.27298e-25)
(2.18794 -0.00762128 -6.44434e-26)
(2.17786 -0.00533534 0)
(1.41391 0.00021629 0)
(2.17279 -0.00370622 0)
(2.18796 -0.0050781 0)
(2.17456 -0.00439557 -2.88039e-25)
(1.40834 -0.00125979 -2.25109e-25)
(2.17463 0.00105892 3.4195e-24)
(2.18934 -0.0028428 0)
(2.17455 -0.00481316 6.11817e-25)
(1.39982 -0.00252045 0)
(2.18024 0.00762889 -3.36679e-24)
(2.19384 -0.000476196 -9.11853e-25)
(2.1769 -0.00535647 3.21219e-24)
(1.38797 -0.00381714 -2.25126e-25)
(2.19442 0.0114825 -9.89059e-26)
(2.20509 -0.000509583 2.96726e-24)
(2.1843 -0.00702337 0)
(1.37107 -0.00519034 -4.60002e-25)
(2.21013 0.00694411 -5.40522e-25)
(2.21712 -0.00427282 -1.2532e-25)
(2.19292 -0.00939651 -4.21614e-24)
(1.35025 -0.00528511 -1.66478e-26)
(1.41161 -0.000459328 0)
(1.40441 -0.00187752 7.9778e-26)
(1.39461 -0.00304311 -2.14706e-25)
(1.38026 -0.00450161 2.33575e-25)
(1.36107 -0.00537651 4.41148e-25)
(1.33949 -0.00461746 1.58778e-25)
(2.03904 -0.00270796 0)
(2.03675 -0.00291049 4.20737e-25)
(2.17557 -0.00501113 -2.14572e-24)
(2.03519 -0.00392075 4.192e-25)
(2.03384 -0.00501393 -2.867e-25)
(2.1744 -0.00484387 -3.52854e-25)
(2.03295 -0.00468 -3.67861e-25)
(2.03231 -0.00669396 1.33157e-24)
(2.17513 -0.00486189 -7.37014e-25)
(2.03224 -0.00888304 9.70418e-25)
(2.03228 -0.0100954 -1.5473e-24)
(2.18027 -0.00565276 0)
(2.03239 -0.0126768 7.72581e-25)
(2.03233 -0.0137782 0)
(2.18874 -0.00786458 0)
(2.0319 -0.0151485 -6.4099e-25)
(2.03045 -0.016039 6.64664e-25)
(2.19668 -0.0100739 4.07851e-24)
(2.25307 -0.0294867 -5.81461e-25)
(2.26256 -0.0256347 1.6529e-24)
(2.25808 -0.0177047 5.94005e-25)
(1.56604 -0.0080056 9.55903e-26)
(2.24764 -0.0344126 4.75826e-25)
(2.25653 -0.0273577 -1.54749e-24)
(2.25105 -0.018949 -2.35255e-24)
(1.53692 -0.00685433 -7.55313e-26)
(2.23843 -0.0357446 -3.86004e-25)
(2.24749 -0.029303 -1.1704e-24)
(2.24323 -0.018963 0)
(1.50862 -0.00516845 -5.06307e-25)
(2.23084 -0.0332428 -3.03562e-25)
(2.23981 -0.0279205 4.21627e-25)
(2.23343 -0.0177844 -6.70384e-24)
(1.48282 -0.00340148 0)
(2.22274 -0.0345505 -2.16178e-25)
(2.23259 -0.0263008 1.19844e-24)
(2.22271 -0.0164774 -3.80616e-24)
(1.46079 -0.00227262 0)
(2.20866 -0.0393369 0)
(2.22064 -0.0271187 -3.64272e-25)
(2.21173 -0.0143323 -7.24193e-25)
(1.4428 -0.000948536 -2.86398e-26)
(2.19064 -0.0371611 0)
(2.20444 -0.0253038 2.40195e-25)
(2.19958 -0.011366 1.21622e-24)
(1.42875 0.000457324 3.48866e-26)
(2.17708 -0.0232801 7.88212e-25)
(2.19202 -0.0167085 5.58515e-25)
(2.18691 -0.00901017 0)
(1.41932 0.00106447 -2.81368e-28)
(1.55151 -0.00760183 1.57596e-25)
(1.52263 -0.0061349 -4.98993e-25)
(1.49552 -0.00432633 -7.14879e-27)
(1.47147 -0.00284349 0)
(1.45163 -0.00163706 2.86397e-26)
(1.43552 -0.00022463 -3.48865e-26)
(1.42367 0.000975928 0)
(1.41653 0.000814963 2.52203e-26)
(2.14975 -0.0191851 6.48572e-25)
(2.1418 -0.0191274 2.76899e-25)
(2.2539 -0.0280558 -5.93983e-25)
(2.13531 -0.0192894 1.82603e-24)
(2.12697 -0.0191045 -1.49755e-24)
(2.24684 -0.0270029 2.17288e-24)
(2.11961 -0.018994 4.97238e-25)
(2.11111 -0.0184012 0)
(2.23806 -0.0254518 6.21638e-24)
(2.10378 -0.0175875 1.39824e-24)
(2.09566 -0.0160834 0)
(2.22776 -0.0228591 4.83299e-24)
(2.08835 -0.0146868 -1.2568e-25)
(2.08045 -0.0134048 1.12359e-24)
(2.21707 -0.0202525 -1.01147e-24)
(2.07306 -0.0126565 6.19484e-25)
(2.06583 -0.0114906 0)
(2.20568 -0.0162942 0)
(2.05938 -0.010208 0)
(2.0531 -0.00828483 1.68088e-25)
(2.19288 -0.0127615 -9.27138e-25)
(2.04744 -0.00618545 3.44721e-26)
(2.04261 -0.00390144 -1.86875e-26)
(2.18171 -0.00876972 0)
(0.472038 0.000870292 0)
(0.148756 2.76257e-05 0)
(0.475224 0.000810679 0)
(0.152391 -0.000104243 0)
(0.476544 0.000867619 0)
(0.155123 -0.000219571 0)
(0.47604 0.00065822 0)
(0.157064 -0.000348379 0)
(0.47263 0.000293632 0)
(0.157453 -0.000339687 0)
(0.467071 -9.69559e-05 0)
(0.156002 -0.000211287 0)
(0.473924 0.00084632 0)
(0.150722 -2.92163e-05 0)
(0.47606 0.000779144 0)
(0.153814 -0.000170393 0)
(0.476612 0.000795868 0)
(0.1563 -0.000290179 0)
(0.474689 0.000537799 0)
(0.157485 -0.000347826 0)
(0.470114 0.000122823 0)
(0.156944 -0.000278926 0)
(0.463947 -0.000283396 0)
(0.154772 -0.000155859 0)
(0.471666 0.00043672 0)
(0.136387 -0.000599994 0)
(0.465474 0.00065378 0)
(0.135357 -0.000656781 0)
(0.461711 0.000776982 0)
(0.135501 -0.000578444 0)
(0.460057 0.00074195 0)
(0.136298 -0.00040063 0)
(0.460055 0.000694071 0)
(0.137691 -0.000254409 0)
(0.461566 0.000600488 0)
(0.139582 -7.70742e-05 0)
(0.464144 0.000555362 0)
(0.141886 2.6987e-05 0)
(0.467787 0.000680333 0)
(0.144888 5.30357e-05 0)
(0.468263 0.000538389 0)
(0.13573 -0.000636888 0)
(0.463231 0.000741045 0)
(0.135307 -0.000633902 0)
(0.460651 0.000754634 0)
(0.135838 -0.000508334 0)
(0.459893 0.000715827 0)
(0.136947 -0.000317446 0)
(0.460763 0.000666988 0)
(0.138612 -0.000161373 0)
(0.462834 0.000552518 0)
(0.140703 -1.21093e-05 0)
(0.46594 0.00059962 0)
(0.143312 4.6428e-05 0)
(0.469997 0.00079289 0)
(0.146767 5.39628e-05 0)
)
;

boundaryField
{
    inlet
    {
        type            fixedValue;
        value           nonuniform List<vector> 0();
    }
    outlet
    {
        type            zeroGradient;
    }
    wall
    {
        type            noSlip;
    }
    empty_zmin
    {
        type            empty;
    }
    empty_zmax
    {
        type            empty;
    }
    procBoundary1to0
    {
        type            processor;
        value           nonuniform List<vector> 
39
(
(2.34205 0.241732 -1.26929e-21)
(2.3186 0.185666 1.11797e-21)
(2.29515 0.157336 -1.03205e-21)
(2.26982 0.126423 0)
(2.25788 0.0922905 -5.44384e-24)
(2.25613 0.0561688 -1.02912e-22)
(2.25752 0.0372673 -4.39919e-23)
(2.26435 0.0232045 -7.5967e-24)
(2.2716 0.0198235 3.4943e-23)
(1.83902 0.000724924 -1.06075e-24)
(2.22715 0.00582343 -2.30667e-23)
(0.827646 -0.000758894 0)
(0.321186 3.8511e-05 0)
(2.31971 -0.0907359 1.35653e-22)
(2.33553 -0.11804 8.46465e-22)
(2.35255 -0.163844 0)
(2.40162 -0.20953 -3.99143e-21)
(2.48883 -0.235401 -1.33678e-20)
(2.39469 0.279606 -3.43441e-21)
(2.29421 -0.0151303 -6.29485e-23)
(2.33735 -0.0361563 -7.34423e-23)
(2.34298 -0.0489867 0)
(2.54113 -0.231907 2.55558e-20)
(1.86952 -0.25225 -6.99137e-20)
(-0.191827 -0.184244 -1.32106e-18)
(-0.175296 0.299135 0)
(1.80887 0.372567 3.19313e-20)
(2.48295 0.304723 -2.88345e-22)
(2.50036 0.297417 0)
(-0.0146973 0.129289 -8.48209e-20)
(0.105756 -0.167761 0)
(1.9617 -0.000318287 2.16356e-24)
(-0.0705128 0.311132 -1.0082e-20)
(2.45629 -0.120592 0)
(2.45557 0.296274 -4.00221e-20)
(2.33553 -0.0222008 4.67074e-23)
(2.34298 -0.0489867 0)
(1.02481 0.00302066 0)
(0.426606 0.000336377 0)
)
;
    }
}


// ************************************************************************* //
