/*--------------------------------*- C++ -*----------------------------------*\
| =========                 |                                                 |
| \\      /  F ield         | OpenFOAM: The Open Source CFD Toolbox           |
|  \\    /   O peration     | Version:  2406                                  |
|   \\  /    A nd           | Website:  www.openfoam.com                      |
|    \\/     M anipulation  |                                                 |
\*---------------------------------------------------------------------------*/
FoamFile
{
    version     2.0;
    format      ascii;
    arch        "LSB;label=32;scalar=64";
    class       surfaceScalarField;
    location    "4.63";
    object      phi;
}
// * * * * * * * * * * * * * * * * * * * * * * * * * * * * * * * * * * * * * //

dimensions      [0 3 -1 0 0 0 0];

oriented        oriented;

internalField   nonuniform List<scalar> 
4640
(
2.89294e-05
-3.76535e-05
9.76719e-05
-8.89478e-05
2.61169e-05
9.89772e-05
-9.61648e-05
2.35749e-05
0.000105518
-0.000102976
1.71979e-05
0.000107357
-0.00010098
1.15826e-05
0.000107961
-0.000102346
1.83074e-06
5.26439e-06
0.00010882
-0.000104333
6.58297e-07
5.42008e-05
-5.30283e-05
4.7051e-05
-8.57718e-07
4.10748e-07
-4.6604e-05
-2.12167e-06
5.50697e-07
4.8622e-05
5.32756e-05
-5.3475e-05
-4.26277e-06
5.54167e-05
5.52024e-05
1.68321e-07
8.20458e-06
-7.96215e-06
4.2041e-06
-4.03577e-06
2.18667e-07
8.53661e-06
4.42276e-06
6.00453e-06
5.61439e-06
2.04625e-05
1.85065e-05
-5.05879e-05
1.85206e-05
1.80884e-05
2.11664e-05
-5.17709e-05
2.70915e-05
2.3468e-05
2.46776e-05
-5.67164e-05
3.24545e-05
2.85077e-05
2.94272e-05
-6.3298e-05
4.03231e-05
3.77026e-05
-7.37857e-05
2.82145e-05
-3.29929e-05
2.79713e-05
8.7706e-05
-8.26844e-05
-3.39419e-05
7.66365e-05
-7.56875e-05
-2.77481e-05
3.17004e-05
3.04497e-05
-6.83439e-05
-1.82781e-05
2.62985e-05
2.13521e-05
-5.71206e-05
2.14173e-05
1.86982e-05
-5.27793e-05
8.46889e-07
-1.10622e-06
5.0855e-05
-5.05956e-05
1.07068e-06
-1.17837e-06
5.00984e-05
-4.99907e-05
9.94988e-05
3.49267e-06
7.67616e-06
-9.47989e-05
-1.58688e-05
1.61456e-06
-5.23321e-05
-2.12526e-06
5.28428e-05
-5.18231e-05
2.51535e-06
-3.11066e-06
5.24184e-05
-1.46422e-05
0.000100955
4.4142e-06
8.77149e-06
-2.46226e-05
0.000105469
-9.54882e-05
9.44412e-05
-9.10926e-05
1.97056e-06
-5.50124e-05
-2.89225e-06
5.59341e-05
-5.42823e-05
3.15672e-06
-3.72648e-06
5.48521e-05
-2.77494e-05
0.000109451
7.15168e-06
1.21021e-05
-3.01067e-05
0.000107826
-3.66528e-05
0.000100987
-3.85847e-05
8.96379e-05
-1.82737e-05
3.72434e-05
-2.33755e-05
4.24576e-05
-1.85403e-05
3.1967e-05
1.72025e-05
-1.51278e-05
2.42238e-05
1.28156e-05
-9.60415e-06
1.82059e-05
4.46595e-06
-6.44702e-07
1.66412e-05
-3.59325e-06
9.00268e-06
1.26789e-05
-1.21352e-05
1.66316e-05
1.89716e-05
-1.9462e-05
2.01267e-05
2.7843e-05
-1.92903e-05
2.1936e-05
3.76774e-05
8.79348e-05
-2.27015e-05
-1.95995e-05
-8.32873e-05
2.38869e-06
-5.78785e-05
-3.61834e-06
5.91081e-05
-5.80384e-05
4.4906e-06
-4.79356e-06
5.83414e-05
-2.62033e-05
0.000118163
6.52552e-06
1.09653e-05
-3.68058e-05
0.000118428
-4.10505e-05
0.000105232
-2.69811e-05
4.7681e-05
-2.47814e-05
5.26689e-05
-2.97542e-05
4.00165e-05
-2.75873e-05
3.06394e-05
-3.24296e-05
2.93775e-05
2.48527e-05
-3.3054e-05
3.0712e-05
-2.25107e-05
2.16492e-05
-1.13603e-05
-1.40139e-05
3.72505e-06
5.83343e-06
8.03203e-07
-1.08035e-05
4.16687e-06
-6.67019e-06
1.22141e-05
-6.96059e-06
1.41668e-06
-2.18565e-05
3.30103e-05
-1.33777e-05
2.22396e-06
-2.46577e-05
2.69075e-05
2.4551e-05
-2.68008e-05
-2.82939e-05
-3.88794e-05
2.8084e-05
3.90893e-05
4.39757e-05
4.98064e-05
-2.62204e-05
-2.5415e-05
4.57881e-05
4.08318e-05
0.000100816
3.09251e-05
0.000108884
2.27963e-05
0.000113647
1.57201e-05
0.000114434
1.14973e-05
0.000112184
2.37294e-06
0.000112751
5.19377e-06
1.62936e-06
5.5946e-05
4.96158e-05
-1.41957e-06
4.2577e-07
2.73644e-06
-6.13507e-05
-4.67781e-06
6.3292e-05
-6.13055e-05
6.36848e-06
-7.52466e-06
6.24616e-05
-3.27119e-05
0.000127456
1.11197e-05
1.22991e-05
-3.88086e-05
0.000124525
-2.93919e-05
6.34991e-05
-2.80578e-05
6.0374e-05
-3.35488e-05
5.1838e-05
-3.50705e-05
4.40418e-05
-4.17841e-05
3.28129e-05
-5.2254e-05
5.00768e-05
2.17726e-06
-4.74798e-05
3.30062e-05
5.43812e-05
-3.99076e-05
-3.13376e-05
3.20118e-05
4.91322e-05
4.16421e-05
5.65233e-05
-2.86606e-05
-2.81007e-05
5.94116e-05
3.2934e-05
0.000117592
2.6735e-05
0.000119846
1.88955e-05
0.000122273
1.26615e-05
0.000118418
2.70501e-06
0.000117718
4.98882e-06
-5.70266e-05
1.59598e-06
5.81356e-05
-5.10625e-05
5.19056e-05
-1.21657e-06
3.73401e-07
2.24512e-06
-6.55065e-05
-3.72462e-06
6.6986e-05
-6.52614e-05
5.52045e-06
-7.40036e-06
6.71413e-05
-2.39549e-05
0.000131733
1.0085e-05
9.59283e-06
-2.14692e-05
7.3518e-05
-2.6483e-05
7.50044e-05
-2.60766e-05
6.81065e-05
-4.16599e-05
6.35082e-05
-5.58396e-05
3.39913e-05
-6.12047e-05
5.99529e-05
1.25183e-06
-5.78154e-05
4.03988e-05
6.91638e-05
-5.17472e-05
-3.32895e-05
2.69349e-05
6.28779e-05
3.02259e-05
6.73577e-05
-2.33389e-05
-2.46602e-05
6.80075e-05
2.2696e-05
0.000127376
1.79536e-05
0.000127015
1.26296e-05
0.000123742
3.17136e-06
0.000122915
4.26166e-06
-5.95732e-05
1.85143e-06
6.08931e-05
-5.30951e-05
5.40042e-05
-1.21407e-06
3.04961e-07
2.06755e-06
-6.90947e-05
-3.67852e-06
7.07057e-05
-6.92655e-05
5.64228e-06
-8.0341e-06
7.16574e-05
-1.5878e-05
0.000141312
1.22303e-05
8.75344e-06
-1.4684e-05
-1.84592e-05
7.60992e-05
-7.18535e-05
1.95951e-05
-2.62344e-05
7.84928e-05
-9.932e-05
6.60555e-05
3.25925e-05
6.71945e-07
-3.16905e-05
-6.7264e-05
2.75133e-05
7.14413e-05
-2.08541e-05
1.80633e-05
7.01485e-05
2.44532e-05
0.000135078
-1.69321e-05
-1.52233e-05
1.69452e-05
0.000134523
1.08447e-05
0.000129843
2.88568e-06
0.000127239
3.6351e-06
-6.20996e-05
1.81603e-06
6.31692e-05
-5.51669e-05
5.61238e-05
-1.18959e-06
2.32664e-07
1.65797e-06
-7.26316e-05
-3.00303e-06
7.39767e-05
-7.31565e-05
4.85308e-06
-7.32579e-06
7.56292e-05
-9.56667e-06
0.000145784
1.01875e-05
4.30439e-06
-9.39698e-06
-7.77873e-05
-1.32454e-05
8.1466e-05
-1.88067e-05
8.70215e-05
-8.50289e-05
1.68141e-05
1.9793e-05
8.45979e-05
-0.000104596
2.04731e-07
-1.64099e-05
-7.49912e-05
1.41783e-05
7.72229e-05
1.65965e-05
0.000140382
-1.16201e-05
-1.02804e-05
1.45913e-05
0.000136529
1.02883e-05
0.000134146
2.76989e-06
0.00013192
2.83691e-06
-6.41571e-05
1.752e-06
6.5175e-05
-5.72491e-05
5.81237e-05
-9.37324e-07
6.27893e-08
1.13198e-06
-7.5601e-05
-2.21726e-06
7.66863e-05
-7.60485e-05
3.67415e-06
-6.23076e-06
7.86051e-05
-5.9148e-06
0.000147225
9.79143e-06
1.93907e-06
-7.25726e-06
-8.16032e-05
-7.67427e-06
8.33627e-05
-8.88561e-05
-3.94341e-06
8.54688e-05
7.33075e-06
-7.62933e-05
4.23168e-06
7.26992e-05
-6.37528e-07
-6.91484e-06
-7.82068e-05
8.63016e-06
7.64915e-05
1.37798e-05
0.000142268
-7.70933e-06
-7.95636e-06
9.64795e-06
0.00014066
7.05683e-06
0.000136737
2.49338e-06
0.000134739
1.74521e-06
-6.60517e-05
1.4646e-06
6.70805e-05
-5.89754e-05
5.96455e-05
-5.713e-07
-9.88588e-08
1.75767e-07
-7.78745e-05
-7.87297e-07
7.8486e-05
-7.85749e-05
1.8325e-06
-3.7486e-06
8.0491e-05
-2.36123e-06
0.000151523
6.39108e-06
-1.57392e-06
-6.75416e-06
-8.19131e-05
-3.92344e-06
8.34753e-05
-8.4487e-05
-5.19093e-06
8.49682e-05
4.70978e-06
-7.12021e-05
7.89777e-06
6.99278e-05
-6.62346e-06
-7.0056e-06
-7.6196e-05
6.22591e-06
7.69757e-05
9.7763e-06
0.000144835
-5.18771e-06
-7.15538e-06
8.44353e-06
0.000141993
6.01969e-06
0.000139161
1.82084e-06
0.000138028
9.08999e-07
-6.77638e-05
9.53064e-07
6.86316e-05
-6.01815e-05
6.06799e-05
-2.46714e-07
-2.5174e-07
-1.21196e-06
-7.91816e-05
9.16267e-07
7.94773e-05
-7.99702e-05
-4.42131e-07
-7.57112e-07
8.11694e-05
-1.95511e-06
0.000157208
2.92022e-06
-3.53013e-06
-3.11986e-06
-8.34601e-05
-4.7603e-06
8.62653e-05
-8.69864e-05
-9.63908e-06
8.94258e-05
7.19965e-06
-6.73233e-05
1.07101e-05
6.76731e-05
-1.10599e-05
-9.07144e-06
-7.80768e-05
6.73343e-06
8.04148e-05
6.26289e-06
0.000147042
-4.56865e-06
-3.90159e-06
2.49888e-06
0.000145757
8.97345e-07
0.000140762
6.3016e-07
0.000138593
-2.97291e-07
-6.92049e-05
2.79739e-07
6.95553e-05
-6.09786e-05
6.13142e-05
1.37803e-07
-4.73486e-07
-2.07388e-06
-7.93588e-05
2.02587e-06
7.94068e-05
-8.06888e-05
-1.90043e-06
1.05141e-06
8.15379e-05
5.63848e-07
0.00015994
1.83844e-07
-5.6127e-06
2.13347e-06
-8.64027e-05
-2.39289e-07
8.72058e-05
-9.17614e-05
-3.09862e-08
-4.66491e-07
9.22589e-05
-6.69185e-05
-1.72832e-07
7.04861e-05
-3.39471e-06
-8.27328e-05
-7.99607e-07
1.59739e-06
8.1935e-05
1.213e-06
0.000146699
-1.77015e-06
9.00149e-07
-5.30525e-07
0.000147501
-1.01729e-06
0.000141249
-3.55358e-07
0.000138872
-9.41113e-07
-6.97136e-05
-4.1169e-07
6.97699e-05
-6.13771e-05
6.13745e-05
6.61601e-07
-6.59026e-07
-2.9889e-06
-7.90006e-05
3.37091e-06
7.86186e-05
-8.04734e-05
-3.79652e-06
3.68198e-06
8.05879e-05
8.07475e-06
0.000162162
-3.47174e-06
-6.82515e-06
8.07365e-06
0.000164949
-9.01442e-05
-8.57558e-05
1.09526e-05
-8.85586e-05
1.20105e-05
8.46217e-05
-2.5317e-05
3.57501e-05
-1.23915e-05
1.95845e-06
1.11766e-05
-5.33605e-05
-1.01633e-05
5.23472e-05
-7.97274e-05
6.59784e-06
-4.16092e-06
7.72905e-05
-4.15855e-06
0.000143283
3.15791e-06
4.41682e-06
-3.7275e-06
0.00014707
-2.9346e-06
0.000140456
-8.52522e-07
0.000138628
-1.83793e-06
-6.97303e-05
-9.03473e-07
6.97812e-05
-6.11792e-05
6.09095e-05
1.0078e-06
-7.3814e-07
-3.84361e-06
-7.79596e-05
4.40845e-06
7.73947e-05
-7.9489e-05
-5.02655e-06
5.12611e-06
7.93894e-05
1.68043e-05
0.000159226
-5.30848e-06
-8.55954e-06
9.65724e-06
0.00016127
1.08255e-05
-8.35504e-05
1.11403e-05
8.20674e-05
-2.96815e-05
-1.08472e-05
5.08394e-06
3.54447e-05
5.48148e-06
-8.58046e-06
3.09898e-06
-1.3229e-05
1.26035e-05
-8.52839e-06
9.15394e-06
-5.32681e-05
8.62941e-06
-8.4663e-06
5.3105e-05
-8.08661e-06
0.000141977
-7.46038e-05
-7.54675e-05
7.48555e-06
8.69494e-06
-8.41361e-06
0.00014361
-5.18477e-06
0.000143841
-3.49474e-06
0.000138766
-1.34672e-06
0.000138282
-1.80214e-06
-6.95475e-05
-1.26317e-06
6.94639e-05
-6.03854e-05
5.98914e-05
1.2736e-06
-7.79552e-07
-4.84881e-06
-7.65186e-05
5.4603e-06
7.59071e-05
-7.82329e-05
-6.12741e-06
6.31756e-06
7.80428e-05
1.94355e-05
0.000153643
-6.39429e-06
-7.45902e-06
1.62511e-05
0.000164454
9.12269e-06
0.000152207
-7.47215e-05
-8.07892e-05
1.04317e-05
-4.29558e-05
2.58646e-06
4.94921e-05
-4.54621e-06
1.53046e-07
-1.37191e-06
5.76507e-06
-4.44461e-06
4.67755e-07
3.74548e-06
2.31375e-07
-1.02064e-05
8.26639e-06
1.94002e-06
-8.54332e-06
1.30725e-05
-6.82511e-06
2.29594e-06
-7.7686e-06
3.75001e-06
-3.4931e-06
7.5117e-06
-1.33717e-05
0.000123396
-6.96011e-05
-5.56484e-05
7.88134e-06
7.3443e-06
-1.10784e-05
0.000139684
-1.04481e-05
0.000142979
-5.52041e-06
0.000138913
-4.3876e-06
0.000137633
-1.46858e-06
0.00013738
-2.01699e-06
-6.93051e-05
-1.31239e-06
6.91489e-05
-5.93719e-05
5.88724e-05
1.28283e-06
-7.83328e-07
-5.281e-06
-7.51817e-05
5.78805e-06
7.46747e-05
-7.75404e-05
-6.47198e-06
7.01653e-06
7.69958e-05
1.93911e-05
0.000151478
-7.42017e-06
-9.80554e-06
1.99617e-05
0.000163884
1.65278e-05
0.000155641
-3.04367e-06
0.000101281
-2.34933e-05
-5.58192e-05
-2.39718e-06
-7.1161e-06
-6.58654e-06
1.0659e-05
-2.74392e-06
1.01193e-05
-1.44798e-05
7.10441e-06
-7.08427e-07
1.7049e-05
-1.94042e-05
3.06358e-06
1.18537e-05
2.06379e-05
-2.99787e-05
-2.51291e-06
2.58136e-05
-2.40572e-05
-1.21092e-06
-5.45516e-07
2.51869e-05
-2.60656e-05
2.76884e-07
6.01843e-07
-9.39734e-07
1.84615e-05
-1.46894e-05
-2.8324e-06
-1.02073e-06
1.29931e-05
-9.63136e-06
-2.34097e-06
6.60959e-07
9.45897e-06
-7.87181e-06
-2.24811e-06
-1.35858e-05
3.77468e-05
-2.91383e-05
-9.32912e-06
7.76557e-06
6.54085e-06
-1.34752e-05
0.000123285
-1.10839e-05
0.000137293
-9.11535e-06
0.000141011
-6.41125e-06
0.000136209
-4.61157e-06
0.000135833
-1.45639e-06
0.00013628
-2.05549e-06
-6.88851e-05
-1.41699e-06
6.88457e-05
-5.83067e-05
5.77456e-05
1.34333e-06
-7.82206e-07
-5.2552e-06
-7.32397e-05
6.51379e-06
7.19811e-05
-7.58796e-05
-7.44658e-06
7.7501e-06
7.5576e-05
2.1359e-05
-7.87479e-06
-1.02239e-05
0.000148218
2.47227e-05
0.00016052
2.26972e-05
0.000157667
2.67823e-06
0.0001213
-1.71634e-05
4.62507e-05
-1.15187e-05
-1.48904e-05
-1.53399e-05
3.21345e-05
-8.55975e-06
-1.14734e-05
-1.39249e-05
-5.45426e-06
-1.83198e-05
8.43419e-06
2.75614e-07
2.03272e-05
-2.24838e-05
1.88092e-06
-2.33249e-05
-4.9023e-06
6.66556e-07
1.72229e-06
2.39903e-05
2.39499e-05
-2.21018e-05
2.89648e-06
-2.10012e-05
-5.2202e-06
6.08335e-06
1.74953e-05
-1.43708e-05
-9.20792e-06
-1.96885e-05
-1.38976e-05
1.95766e-06
4.88957e-06
1.33212e-05
1.34176e-05
-1.80866e-05
-4.9639e-06
2.96181e-07
3.06591e-06
-1.46522e-05
3.43123e-05
-1.26219e-05
0.000121255
-1.10207e-05
0.000135692
-8.60318e-06
0.000138593
-6.6897e-06
0.000134296
-5.27895e-06
0.000134423
-1.87859e-06
0.000135005
-2.12487e-06
-6.85177e-05
-1.6833e-06
6.83224e-05
-5.71378e-05
5.6442e-05
1.42571e-06
-7.29889e-07
1.15807e-05
0.000135547
-2.58271e-05
-1.41112e-05
7.19426e-05
-2.7727e-05
4.57504e-05
-3.72642e-05
2.96146e-05
-7.79863e-06
-1.22789e-05
-4.18782e-05
8.74146e-06
-1.3394e-06
-2.78802e-06
-4.19006e-05
-4.87989e-06
-3.49521e-05
-1.83843e-05
4.22609e-06
7.20961e-06
-2.77033e-05
-2.29951e-05
5.04958e-06
1.06968e-05
-2.14614e-05
-2.01396e-05
-1.99325e-05
-6.49275e-06
-1.54507e-05
2.98305e-05
-1.21761e-05
0.00011798
-8.10987e-06
0.000131625
-4.22028e-06
0.000134704
-4.54515e-06
0.00013462
-4.03562e-06
0.000133913
-1.79919e-06
0.000134517
-1.74865e-06
-6.8017e-05
-1.64012e-06
6.7858e-05
-5.56612e-05
5.48986e-05
1.38907e-06
-6.26469e-07
2.51396e-05
-3.05784e-05
0.000140985
1.54101e-06
9.55411e-05
-1.34271e-05
6.07185e-05
-2.44691e-05
4.06567e-05
-3.12697e-05
1.55421e-05
-3.10744e-05
-5.07522e-06
-2.88402e-05
-2.06185e-05
-2.43849e-05
-2.74504e-05
-1.84199e-05
-2.61045e-05
-1.84839e-05
-6.42872e-06
-1.3235e-05
2.45816e-05
-9.14491e-06
0.00011389
-6.26229e-06
0.000128743
-2.3659e-06
0.000130807
-1.3624e-06
0.000133617
-1.75635e-06
0.000134307
-1.31079e-06
-1.13127e-06
0.000135203
-6.76442e-05
-1.37484e-06
6.77083e-05
-5.41542e-05
5.34867e-05
1.25537e-06
-5.87942e-07
4.41049e-05
3.77551e-07
-4.36356e-05
4.5279e-05
-1.93963e-06
7.65534e-07
4.61964e-05
6.97192e-07
4.81467e-05
-2.82913e-06
8.78838e-07
4.94019e-05
7.15363e-07
5.10204e-05
-2.47351e-06
8.54998e-07
5.24979e-05
9.11186e-07
5.44826e-05
-2.73157e-06
7.46888e-07
2.534e-05
-2.80746e-05
4.88618e-05
-2.70673e-05
3.54556e-06
2.72471e-05
-1.37599e-05
2.35507e-06
3.64466e-06
-6.87577e-06
1.34887e-06
-1.0018e-05
4.151e-06
-1.30013e-05
3.35893e-06
2.92404e-05
-2.08878e-05
2.62007e-05
3.03975e-06
2.94919e-05
-3.08783e-05
-4.75834e-05
5.01218e-05
2.69534e-05
3.16829e-06
-1.93901e-06
4.92327e-07
5.63203e-05
8.98766e-07
5.8364e-05
-2.83692e-06
7.93132e-07
5.77852e-05
-4.2779e-05
5.20672e-05
5.71795e-06
3.49043e-05
2.64204e-06
4.32763e-05
-4.16077e-05
-4.99937e-05
5.92582e-05
3.40118e-05
4.38746e-06
-1.62105e-06
4.31566e-07
5.9854e-05
7.55148e-07
6.1803e-05
-2.63415e-06
6.85174e-07
7.30708e-05
-5.47779e-05
6.94624e-05
3.60844e-06
3.36507e-05
1.44283e-06
5.95447e-05
-5.24354e-05
-6.65454e-05
9.32628e-05
3.28273e-05
2.6184e-06
-1.51235e-06
3.49653e-07
6.33298e-05
5.40791e-07
6.49626e-05
-2.08698e-06
4.541e-07
6.39961e-05
2.05937e-06
6.10906e-05
4.81733e-07
5.93887e-05
1.70189e-06
-1.35715e-06
2.31849e-07
6.63054e-05
3.15214e-07
6.76212e-05
-1.44413e-06
1.28302e-07
9.41084e-05
-0.000113859
9.43628e-07
1.12785e-05
8.31271e-05
-2.9715e-07
9.44383e-06
8.09297e-05
-7.75467e-05
-1.12879e-05
8.04656e-05
1.17519e-05
-2.98331e-06
-8.8644e-07
3.47575e-08
6.87039e-05
4.93039e-08
6.95227e-05
-5.10577e-07
-3.0827e-07
8.17669e-05
-2.58329e-06
4.11863e-06
7.89183e-05
-1.26999e-06
5.10038e-06
7.77825e-05
-5.31291e-06
7.6548e-05
6.54742e-06
-3.8158e-06
-3.64748e-07
-1.71189e-07
7.0155e-05
-4.56538e-07
7.04929e-05
4.40252e-07
-7.78093e-07
7.8246e-05
-4.5186e-06
1.0027e-05
7.64971e-05
-8.27818e-06
8.0088e-06
7.74401e-05
-1.04601e-05
7.89106e-05
8.9897e-06
-7.85571e-06
7.48131e-08
-3.73466e-07
7.04701e-05
-1.18923e-06
7.01411e-05
1.77125e-06
-1.44221e-06
7.65306e-05
-9.67263e-06
8.34666e-06
8.06535e-05
-1.24695e-05
6.01108e-06
8.05493e-05
-8.99781e-06
6.72967e-06
8.28174e-05
-8.24322e-06
5.7942e-07
-6.42273e-07
6.96425e-05
-1.57526e-06
6.88174e-05
2.52191e-06
-1.69684e-06
-2.20069e-05
-3.31015e-06
2.41232e-05
-2.64292e-05
2.30596e-06
9.3806e-07
-7.42726e-07
6.76528e-05
-1.82426e-06
6.64469e-05
3.2016e-06
-1.99575e-06
-1.78312e-05
1.16408e-05
6.1904e-06
-1.17626e-05
3.1452e-05
3.84777e-06
1.94082e-05
-8.46367e-06
2.05075e-05
6.17918e-06
1.29876e-06
-7.74635e-07
6.48312e-05
-2.22792e-06
6.29229e-05
4.27664e-06
-2.36831e-06
-9.19082e-07
-7.91139e-07
1.71022e-06
1.61885e-08
9.74978e-06
2.85371e-06
9.59214e-06
-5.46215e-06
5.61979e-06
1.04882e-06
1.31969e-06
-8.00188e-07
6.05103e-05
-2.43623e-06
5.77437e-05
5.08035e-06
-2.31368e-06
-3.98249e-06
-4.6212e-07
1.0531e-05
-1.76678e-05
3.15433e-06
8.25487e-06
1.72956e-05
-1.45149e-05
-1.09286e-06
-1.68792e-06
-1.08063e-06
-2.66113e-06
-1.42926e-05
1.25482e-05
1.74443e-06
1.63026e-05
-1.93066e-05
2.19898e-06
8.04998e-07
1.07025e-06
2.11832e-06
7.47753e-07
1.20609e-05
-9.60036e-06
-3.42253e-07
1.3648e-06
-7.99128e-07
5.45891e-05
-2.12646e-06
5.13889e-05
5.32621e-06
-2.12599e-06
1.38351e-06
-7.75798e-07
4.7951e-05
-1.81723e-06
4.86759e-06
-1.27327e-06
4.43566e-05
1.47339e-06
-6.92542e-07
1.35876e-06
-6.14366e-07
1.23543e-06
-5.8478e-07
5.28361e-05
5.05716e-05
-5.06072e-05
3.41673e-06
-5.02788e-06
5.21828e-05
5.05578e-05
-4.82435e-05
6.75255e-06
5.14814e-05
5.25729e-05
4.9988e-06
-7.57062e-06
5.51447e-05
5.2785e-05
9.43455e-06
5.21219e-05
5.54092e-05
4.41789e-06
-6.8835e-06
5.78748e-05
5.55471e-05
1.00698e-05
5.75794e-05
2.91119e-05
2.38381e-05
-2.28008e-05
1.90398e-05
2.10877e-05
-1.58078e-05
1.356e-05
1.16157e-05
-4.93151e-06
1.42685e-05
-9.06214e-07
5.15674e-06
1.80338e-05
-1.08751e-05
1.59076e-05
2.18472e-05
-2.15014e-05
2.24608e-05
3.02637e-05
-2.3503e-05
2.28884e-05
3.69371e-05
-2.16864e-05
3.9024e-05
5.87471e-05
4.9741e-06
-7.59012e-06
6.13631e-05
5.93113e-05
1.05542e-05
5.97225e-05
4.2081e-05
2.65491e-05
4.08876e-05
-2.61351e-05
5.56265e-05
-4.11315e-06
5.78006e-05
6.30537e-05
5.05137e-06
-7.4264e-06
6.54288e-05
6.33175e-05
1.02262e-05
6.53904e-05
5.1933e-05
3.20595e-05
4.91393e-05
-3.13968e-05
5.818e-05
-3.55129e-06
6.01102e-05
6.72246e-05
4.74288e-06
-6.67499e-06
6.91567e-05
6.80751e-05
8.7992e-06
6.88687e-05
6.82888e-05
3.023e-05
7.17095e-05
6.30076e-05
-2.84412e-05
6.67886e-05
6.07476e-05
-3.05517e-06
6.22904e-05
7.11205e-05
4.01291e-06
-5.61858e-06
7.27261e-05
7.30649e-05
7.11769e-06
7.47007e-05
7.61403e-05
1.63722e-05
-2.1669e-05
8.1437e-05
7.80676e-05
2.82051e-05
7.34478e-05
-2.62344e-05
2.21355e-05
6.91386e-05
-1.72928e-05
7.12082e-05
6.29169e-05
-2.64725e-06
6.4207e-05
7.45762e-05
3.06843e-06
-4.37066e-06
7.58784e-05
7.75624e-05
4.78997e-06
7.70768e-05
8.50057e-05
9.53413e-06
8.49154e-05
7.37663e-05
-1.0768e-05
7.4254e-05
6.50216e-05
-1.96013e-06
6.60953e-05
7.73353e-05
1.69882e-06
-2.44747e-06
7.8084e-05
8.06375e-05
2.41725e-06
8.01593e-05
8.45719e-05
5.8077e-06
8.38646e-05
7.51748e-05
-6.84283e-06
7.40613e-05
6.69886e-05
-1.06193e-06
6.76858e-05
7.91292e-05
2.55322e-07
-7.40446e-07
7.96143e-05
8.28018e-05
2.19594e-07
8.10083e-05
8.46509e-05
6.73894e-06
8.59208e-05
7.50995e-05
-7.88857e-06
7.58327e-05
6.83921e-05
-3.35696e-07
6.88027e-05
8.00884e-05
-1.88973e-06
1.97022e-06
8.00079e-05
8.31714e-05
-2.45079e-06
8.2092e-05
8.83601e-05
3.25728e-06
9.11139e-05
7.79975e-05
-4.41176e-06
7.85077e-05
6.92202e-05
4.55528e-07
6.93441e-05
8.01334e-05
-2.92814e-06
3.23233e-06
7.98292e-05
8.33273e-05
-4.29678e-06
8.20114e-05
9.08436e-05
-3.58348e-06
4.28294e-06
8.81584e-05
-7.97142e-06
-7.98327e-06
7.41348e-05
8.1845e-05
9.30355e-06
-4.36178e-06
7.69032e-05
7.83349e-05
2.1542e-06
7.70808e-05
6.9594e-05
9.0148e-07
6.96306e-05
7.94036e-05
-3.86063e-06
4.21524e-06
7.90489e-05
8.22216e-05
-5.31419e-06
8.07107e-05
7.37538e-05
-1.20239e-05
7.40151e-05
7.33377e-05
9.38453e-06
-7.71382e-06
7.1667e-05
7.60778e-05
5.89081e-06
6.97349e-05
1.60418e-06
6.94295e-05
7.84308e-05
-5.15281e-06
5.71198e-06
7.78717e-05
8.05283e-05
-6.86847e-06
7.88372e-05
7.43082e-05
-1.21037e-05
1.16904e-05
8.14428e-06
-4.17929e-06
1.23398e-05
2.06085e-05
4.07682e-06
-7.23663e-06
2.37683e-05
7.06863e-05
9.78011e-06
6.94399e-05
1.64332e-06
6.91163e-05
7.72046e-05
-5.80573e-06
5.86256e-06
7.71477e-05
7.87605e-05
-6.36499e-06
7.76665e-05
1.50793e-05
-4.1045e-06
-4.30955e-06
1.58243e-06
5.66057e-06
4.17673e-06
2.54469e-06
6.64346e-06
-4.54513e-06
4.46353e-07
2.81566e-05
6.36254e-06
6.90867e-05
1.75324e-06
6.86983e-05
7.64638e-05
-6.7612e-06
7.32424e-06
7.59008e-05
7.72628e-05
-8.44049e-06
7.58978e-05
7.70946e-06
6.62857e-06
-1.04378e-05
5.72362e-06
1.48068e-05
-1.76429e-05
1.4083e-07
2.00336e-05
-2.21032e-05
2.21044e-06
-2.93116e-06
-1.23395e-06
2.43405e-05
-2.54121e-05
-1.85952e-06
8.62175e-07
2.67515e-07
2.49008e-05
-2.3372e-05
4.94411e-06
2.01987e-05
-1.69528e-05
1.69824e-06
5.02681e-07
1.37018e-05
-1.19866e-05
-1.21261e-06
-5.14644e-07
9.43796e-06
-7.99495e-06
3.40115e-07
7.17715e-06
6.86246e-05
1.72748e-06
6.82806e-05
7.4968e-05
-6.83338e-06
7.59953e-06
7.42018e-05
7.00153e-05
7.57731e-05
-8.83974e-06
7.4389e-05
7.43358e-05
4.21784e-06
1.77696e-05
-2.13504e-05
-3.52993e-07
2.22575e-05
-1.80763e-06
2.01124e-05
-1.76939e-05
-2.26212e-06
1.62051e-05
6.80231e-05
1.81944e-06
6.7677e-05
6.7426e-05
1.5349e-06
6.72498e-05
6.71303e-05
1.22457e-06
6.71412e-05
6.78016e-05
1.17014e-07
-1.7557e-05
1.81119e-05
-1.38541e-05
1.39711e-05
7.65096e-07
7.05837e-06
-5.86502e-06
8.22654e-06
-7.46144e-06
6.68037e-07
1.51574e-05
-1.45736e-05
1.26453e-05
-1.19772e-05
2.09341e-06
-1.9207e-06
2.92628e-06
-2.11638e-06
4.20979e-06
1.19818e-06
1.11613e-05
-1.01822e-05
9.67155e-06
-8.47337e-06
2.96397e-07
1.3502e-06
-1.41522e-06
9.76667e-07
-6.80269e-07
1.79897e-06
4.74983e-06
-2.82375e-06
4.36048e-06
-2.5615e-06
1.9821e-06
2.10818e-06
7.65913e-08
1.9282e-06
5.38963e-08
-4.52878e-07
5.71418e-06
-5.80682e-06
3.50707e-06
-3.95995e-06
6.62965e-07
-2.24622e-06
2.99994e-06
-2.03527e-06
2.69823e-06
2.08044e-07
5.48324e-06
-5.08945e-06
4.01601e-06
-3.80796e-06
9.98781e-07
-4.76702e-06
5.99219e-06
-4.29008e-06
5.28886e-06
9.41696e-07
3.04598e-06
-2.04765e-06
2.23174e-06
-1.29004e-06
-2.5855e-07
-1.74953e-05
1.79586e-05
-1.32682e-05
1.30096e-05
-6.06674e-07
1.69112e-05
-1.69421e-05
1.04361e-05
-1.10428e-05
-3.95224e-06
-1.56326e-05
1.29614e-05
-7.89894e-06
3.9467e-06
-1.98271e-06
-7.68831e-06
-1.38892e-06
-1.36408e-06
-6.18635e-07
-3.08425e-06
5.89433e-06
-6.20479e-06
4.35645e-06
-7.4407e-06
1.61858e-07
8.80052e-06
4.58462e-06
1.46244e-07
-9.09988e-06
9.32704e-06
-4.77759e-06
4.92383e-06
9.76037e-08
-9.59234e-06
9.79969e-06
-5.0901e-06
5.1877e-06
5.70303e-08
-1.00384e-05
1.02141e-05
-5.29861e-06
5.35564e-06
-1.56009e-08
-1.03947e-05
1.0473e-05
-5.4069e-06
5.3913e-06
-9.9959e-08
-1.0546e-05
1.05471e-05
-5.35309e-06
5.25313e-06
-1.82554e-07
-1.0514e-05
1.04448e-05
-5.11505e-06
4.9325e-06
-2.82236e-07
-1.03142e-05
1.0123e-05
-4.68962e-06
4.40738e-06
-3.27445e-07
-9.82648e-06
9.4949e-06
-4.06161e-06
3.73417e-06
-3.23389e-07
-9.09339e-06
8.67864e-06
-3.39295e-06
3.06956e-06
-2.97296e-07
-8.21694e-06
7.73468e-06
-2.75663e-06
2.45933e-06
-2.66376e-07
-7.222e-06
6.70505e-06
-2.17183e-06
1.90545e-06
-2.35535e-07
-6.16076e-06
5.61409e-06
-1.65061e-06
1.41508e-06
-2.12538e-07
-5.06685e-06
4.5495e-06
-1.18652e-06
9.73979e-07
-1.67117e-07
-4.0516e-06
3.59224e-06
-7.79342e-07
6.12225e-07
-1.45561e-07
-3.13641e-06
2.69403e-06
-4.53694e-07
3.08133e-07
-5.38779e-07
-1.99249e-05
2.01666e-05
-1.51611e-05
1.46223e-05
-8.74068e-07
-1.9414e-05
1.90181e-05
-1.27915e-05
1.19175e-05
-4.94158e-06
-1.75056e-05
1.4169e-05
-8.91142e-06
3.96984e-06
-2.19156e-06
-7.51783e-06
-2.76014e-06
-9.48351e-07
-1.24321e-06
1.20882e-06
2.30568e-06
1.13972e-06
1.42835e-06
-8.06501e-06
-7.04502e-06
1.59959e-06
-6.01994e-06
-5.44542e-06
1.08495e-06
6.33301e-07
-1.28197e-06
3.82849e-06
-5.20765e-06
1.49767e-06
-2.77964e-06
1.98137e-06
1.59185e-06
1.3222e-06
7.70975e-06
6.61106e-06
-2.53721e-06
-2.58263e-06
1.92971e-07
1.66265e-07
1.10908e-07
5.12632e-08
-3.82109e-08
-1.38079e-07
-2.4288e-07
-3.45771e-07
-3.41218e-07
-3.12933e-07
-2.87506e-07
-2.54842e-07
-2.28559e-07
-1.94637e-07
-1.58532e-07
-1.39642e-07
2.24889e-06
1.68491e-07
1.57945e-07
7.50468e-06
-7.28507e-06
3.8521e-06
-3.69415e-06
3.17219e-07
-7.93215e-06
8.31213e-06
-4.19015e-06
4.50737e-06
3.12475e-07
-8.82244e-06
9.22532e-06
-4.8759e-06
5.18838e-06
4.012e-07
-9.69292e-06
1.02029e-05
-5.57578e-06
5.97698e-06
3.869e-07
-1.06423e-05
1.11542e-05
-6.28445e-06
6.67135e-06
3.0429e-07
-1.16166e-05
1.20675e-05
-7.00203e-06
7.30632e-06
1.84066e-07
-1.24896e-05
1.28463e-05
-7.56938e-06
7.75345e-06
3.34674e-08
-1.31763e-05
1.34581e-05
-7.87754e-06
7.91101e-06
-8.70856e-08
-1.36275e-05
1.37639e-05
-7.86986e-06
7.78277e-06
-3.66112e-07
-1.37224e-05
1.36319e-05
-7.51606e-06
7.14995e-06
-7.50002e-07
-1.34017e-05
1.29624e-05
-6.60214e-06
5.85213e-06
-8.15694e-07
-1.23677e-05
1.16081e-05
-5.00469e-06
4.189e-06
-7.57954e-07
-1.06972e-05
9.63092e-06
-3.40303e-06
2.64508e-06
-6.91845e-07
-8.35893e-06
6.82285e-06
-1.92133e-06
1.22948e-06
-7.51e-07
-5.08778e-06
3.40255e-06
-5.96241e-07
-1.5476e-07
-4.1901e-07
-1.76653e-06
5.90728e-08
8.32422e-07
-1.25143e-06
-4.55318e-07
1.72408e-06
-3.08599e-06
1.59427e-06
-2.04959e-06
3.92724e-07
-1.9374e-05
-1.47684e-05
7.97261e-07
-1.83078e-06
-3.00604e-06
-3.02149e-06
-3.60838e-06
7.3566e-06
4.61816e-06
-3.37495e-06
-2.97605e-07
2.02542e-06
-2.80844e-06
5.32195e-07
-8.29801e-07
4.73189e-07
4.0797e-06
-3.48263e-06
3.07328e-06
-2.60009e-06
1.31042e-06
9.56761e-06
7.92149e-06
1.3546e-06
1.08551e-05
9.27608e-06
1.6554e-06
1.35871e-05
1.09315e-05
6.08532e-07
1.44214e-05
1.154e-05
1.50996e-06
1.31745e-06
2.63062e-08
2.23682e-07
1.28628e-06
8.23682e-07
1.62161e-05
1.23637e-05
7.42598e-09
1.66904e-05
1.23711e-05
1.82202e-06
-2.94452e-06
4.97027e-06
-4.54724e-06
6.36926e-06
3.38058e-07
3.68529e-07
3.87405e-07
3.07469e-07
3.30675e-07
2.63063e-07
1.24093e-07
-4.11473e-08
-2.6671e-07
-5.47815e-07
-8.47443e-07
-7.85966e-07
-7.23749e-07
-6.33241e-07
-6.77662e-07
-3.42837e-07
-5.91825e-07
-3.76744e-06
-2.64141e-06
3.25165e-06
1.48074e-07
-6.6787e-07
-7.27425e-07
-5.60614e-08
7.34685e-07
3.68347e-07
3.97732e-07
-1.69763e-06
-8.92313e-07
6.6863e-07
3.26097e-06
8.9705e-07
-1.9668e-06
-3.73782e-06
1.07144e-06
-4.33214e-06
6.23169e-06
6.81157e-05
-7.54944e-06
8.00814e-06
7.38771e-05
1.8107e-05
0.000147254
-8.19823e-06
-8.94511e-06
2.42043e-05
0.000154423
0.000156044
-3.35384e-06
-6.58845e-05
5.44615e-06
6.37922e-05
-7.27578e-05
-7.11232e-06
7.67558e-06
7.21946e-05
2.07541e-05
-8.03276e-06
-9.75048e-06
0.000144283
2.60349e-05
0.000149142
0.000151501
4.07233e-05
-6.98772e-07
3.72184e-05
3.77728e-06
-2.72415e-07
3.38577e-05
6.82881e-09
2.92276e-06
3.42239e-07
3.05927e-05
7.28841e-05
-6.00848e-06
6.83727e-06
7.20553e-05
7.41989e-05
-7.95657e-06
7.32103e-05
7.03891e-05
-5.47582e-06
6.54322e-06
6.93217e-05
6.12392e-05
7.28532e-05
-8.12926e-06
7.12319e-05
7.06085e-05
-4.57021e-07
-4.00919e-06
-3.09843e-06
-6.89333e-08
4.08419e-06
-4.00843e-06
3.29585e-06
-3.36478e-06
-1.97414e-07
1.12751e-07
-3.77894e-06
-3.25203e-06
-2.73524e-06
9.71449e-06
6.04903e-05
-6.74695e-05
3.21924e-06
5.98611e-05
-6.58156e-05
9.37077e-06
6.038e-05
-6.65315e-05
1.4312e-05
6.341e-05
-6.83512e-05
1.72745e-05
6.89591e-05
-7.19217e-05
7.58125e-05
-7.50255e-05
1.64876e-05
4.89504e-06
4.37819e-06
1.35042e-05
2.01978e-05
2.58589e-05
2.78857e-05
-1.44233e-05
1.31187e-05
8.72864e-05
-8.59818e-05
-1.66731e-05
8.31198e-05
-8.08699e-05
-1.63919e-05
7.64288e-05
-7.67101e-05
-1.3212e-05
6.85708e-05
-7.17507e-05
6.50775e-05
-6.8575e-05
-2.10144e-05
2.14497e-05
-2.0273e-05
-2.00461e-05
-1.20892e-05
4.44423e-07
-1.57676e-07
4.63497e-05
-4.66364e-05
2.11913e-07
-8.09706e-08
4.61304e-05
-4.62613e-05
9.03725e-05
1.19117e-07
5.00562e-06
-8.97894e-05
-5.70779e-06
4.05546e-07
-4.77103e-05
-3.73343e-07
4.76781e-05
-4.73708e-05
4.48891e-07
-3.3161e-07
4.72535e-05
9.48563e-05
2.14984e-06
5.17013e-06
-1.18038e-05
1.00017e-06
-4.86429e-05
-9.7131e-07
4.86141e-05
-4.8243e-05
1.09052e-06
-1.44233e-06
4.85948e-05
-9.10557e-06
2.26437e-06
6.89865e-06
9.37135e-05
-8.97003e-05
-1.76435e-05
3.92728e-05
3.20909e-07
-3.91493e-05
4.04116e-05
-1.74712e-06
6.08387e-07
4.0553e-05
2.64076e-07
4.14124e-05
-1.44887e-06
5.89503e-07
4.18773e-05
5.35293e-07
-2.55858e-06
8.00273e-07
4.64703e-05
-4.64161e-05
3.10776e-06
-4.22699e-06
4.75896e-05
4.61583e-05
-4.61202e-05
5.46744e-06
4.56965e-05
4.76651e-05
2.41368e-06
-3.3757e-06
4.86271e-05
4.75147e-05
4.3652e-06
4.83196e-05
4.87463e-05
4.54014e-06
-6.40097e-06
4.91417e-05
7.79683e-06
1.18939e-07
5.64512e-06
-5.44315e-06
2.53657e-06
-2.41763e-06
9.90017e-08
-5.99825e-06
6.16332e-06
-2.79183e-06
2.89083e-06
2.22095e-07
-6.51757e-06
6.83077e-06
-3.12608e-06
3.34818e-06
2.55256e-07
2.35255e-07
3.45972e-07
-4.12075e-05
1.96246e-06
-1.23975e-06
4.04848e-05
-4.15161e-05
5.70401e-07
-2.11754e-07
4.11575e-05
-4.13263e-05
7.77916e-08
-6.09855e-08
4.13095e-05
-4.13068e-05
3.6007e-08
-2.02484e-08
4.1291e-05
-4.13021e-05
1.04002e-08
-3.2174e-09
4.12949e-05
-4.13016e-05
-9.51816e-10
6.18712e-09
4.12964e-05
-4.13003e-05
-8.12867e-09
1.01447e-08
4.12983e-05
-4.13005e-05
-9.06499e-09
9.03802e-09
4.13005e-05
-4.13016e-05
-1.11257e-08
1.39577e-08
4.12987e-05
-4.13006e-05
-1.56401e-08
1.72312e-08
4.1299e-05
-4.13006e-05
-1.84534e-08
1.97695e-08
4.12993e-05
-4.13009e-05
-2.09072e-08
2.25267e-08
4.12993e-05
-4.13007e-05
-2.36905e-08
2.37659e-08
4.13006e-05
-4.13013e-05
-2.31148e-08
2.34301e-08
4.1301e-05
-4.13008e-05
-2.27355e-08
2.09512e-08
4.13026e-05
-4.13018e-05
-1.90564e-08
1.92534e-08
4.13016e-05
-4.13039e-05
-2.33828e-08
2.85153e-08
4.12988e-05
-4.13028e-05
-2.94716e-08
2.6457e-08
4.13058e-05
-4.13113e-05
-2.7416e-08
4.22239e-08
4.12965e-05
-4.13067e-05
-1.03603e-07
1.18277e-07
4.1292e-05
-4.13191e-05
-1.17185e-07
1.35865e-07
4.13004e-05
-4.14113e-05
-1.71727e-07
2.71781e-07
4.13113e-05
-4.15327e-05
-4.78294e-07
1.10698e-06
4.0904e-05
-3.35749e-05
3.66471e-05
-1.96513e-06
-1.10708e-06
-6.49304e-07
-4.10263e-05
1.70962e-07
4.15046e-05
-4.10289e-05
1.57943e-07
-1.52476e-07
4.10234e-05
-4.11417e-05
1.07195e-07
-8.86695e-08
4.11231e-05
-4.12556e-05
5.95151e-08
-1.9105e-08
4.12152e-05
-4.12801e-05
1.50079e-08
5.99706e-09
4.12591e-05
-4.12899e-05
-1.86362e-09
1.28003e-08
4.12789e-05
-4.12937e-05
-1.00094e-08
1.94496e-08
4.12842e-05
-4.12939e-05
-1.36774e-08
1.91612e-08
4.12884e-05
-4.12965e-05
-1.95148e-08
2.7329e-08
4.12887e-05
-4.12961e-05
-2.693e-08
3.24365e-08
4.12906e-05
-4.12964e-05
-3.46565e-08
3.94706e-08
4.12916e-05
-4.12969e-05
-4.20304e-08
4.57644e-08
4.12931e-05
-4.12973e-05
-4.83121e-08
5.07812e-08
4.12948e-05
-4.12983e-05
-5.24798e-08
5.47321e-08
4.1296e-05
-4.12988e-05
-5.54145e-08
5.57175e-08
4.12985e-05
-4.12997e-05
-5.37095e-08
4.97158e-08
4.13037e-05
-4.13063e-05
-5.84059e-08
6.11764e-08
4.13035e-05
-4.13022e-05
-6.15353e-08
4.95059e-08
4.13143e-05
-4.13058e-05
-5.82903e-08
5.08909e-08
4.13132e-05
-4.13175e-05
-1.1666e-07
1.42254e-07
4.12919e-05
-4.1274e-05
-1.77892e-07
2.00479e-07
4.12515e-05
-4.11633e-05
-2.35206e-07
2.92875e-07
4.11056e-05
-4.08227e-05
-1.09466e-07
-2.69635e-07
4.12018e-05
-3.78046e-05
3.83188e-05
6.25498e-07
-1.13972e-06
-9.4177e-07
-4.19149e-05
6.37104e-07
4.22196e-05
-4.133e-05
-3.95628e-07
2.35923e-07
4.14897e-05
-2.24913e-07
8.24495e-05
-4.12939e-05
-4.08949e-05
2.83336e-08
-6.41382e-08
-1.88961e-07
8.24335e-05
-4.13505e-05
-4.11189e-05
-1.43e-07
8.24987e-05
-4.13509e-05
-4.11937e-05
-9.70543e-08
8.2523e-05
-4.13401e-05
-4.12289e-05
-6.19769e-08
8.25388e-05
-4.13263e-05
-4.12475e-05
-3.49708e-08
8.25471e-05
-4.13165e-05
-4.12576e-05
9.85161e-09
8.25297e-05
-4.13061e-05
-4.12684e-05
5.01675e-08
8.25322e-05
-4.12983e-05
-4.12742e-05
9.44238e-08
8.25292e-05
-4.12921e-05
-4.12813e-05
1.40824e-07
8.25342e-05
-4.12911e-05
-4.12894e-05
1.7897e-07
8.25422e-05
-4.12875e-05
-4.12928e-05
2.16007e-07
8.25491e-05
-4.12841e-05
-4.13021e-05
2.43649e-07
8.25623e-05
-4.12795e-05
-4.13104e-05
2.93828e-07
8.25552e-05
-4.12805e-05
-4.13249e-05
2.95067e-07
8.26014e-05
-4.12643e-05
-4.13383e-05
3.38069e-07
8.25688e-05
-4.12616e-05
-4.13502e-05
5.52963e-07
8.24349e-05
-4.12587e-05
-4.13911e-05
8.56424e-07
8.23188e-05
-4.11971e-05
-4.14252e-05
5.77713e-07
8.26498e-05
-4.1015e-05
-4.13562e-05
-2.04174e-07
8.33595e-05
-4.09613e-05
-4.12107e-05
-4.05601e-07
-4.1449e-05
-6.15815e-07
4.18607e-05
-3.86154e-05
3.87635e-05
9.12543e-07
-1.06068e-06
-8.20137e-07
-4.24603e-05
7.14523e-07
4.25659e-05
-4.17361e-05
-5.58201e-07
4.66636e-07
4.18276e-05
9.4102e-08
8.28604e-05
-2.99604e-07
-2.05316e-07
-1.12225e-07
8.26398e-05
-1.47351e-07
8.25338e-05
-1.54989e-07
8.25307e-05
-1.12393e-07
8.24962e-05
-4.87213e-08
8.24834e-05
-4.98967e-09
8.2486e-05
5.3982e-08
8.24732e-05
1.00521e-07
8.24827e-05
1.48129e-07
8.24866e-05
1.90951e-07
8.24994e-05
2.21363e-07
8.25187e-05
2.45357e-07
8.25383e-05
2.3348e-07
8.25671e-05
2.77221e-07
8.25577e-05
2.97391e-07
8.25486e-05
-4.29122e-09
8.27365e-05
-6.48423e-07
8.2963e-05
-1.06833e-06
8.30698e-05
-4.85546e-07
8.33927e-05
-6.16003e-07
-4.209e-05
-6.45655e-07
4.22501e-05
-3.87684e-05
3.87246e-05
7.59833e-07
-7.16033e-07
-6.7283e-07
-4.2695e-05
6.56864e-07
4.2711e-05
-4.20078e-05
-5.79796e-07
5.38935e-07
4.20487e-05
1.42877e-07
8.32551e-05
-3.9896e-07
-1.3867e-07
-8.17814e-08
8.28644e-05
-1.67127e-07
8.26192e-05
-1.33854e-07
8.24974e-05
-1.091e-07
8.24715e-05
-8.19162e-08
8.24562e-05
-3.26578e-08
8.24367e-05
1.66374e-08
8.24239e-05
8.69981e-08
8.24123e-05
1.5592e-07
8.24176e-05
2.27589e-07
8.24277e-05
2.96743e-07
8.24495e-05
3.67873e-07
8.24671e-05
4.35226e-07
8.24998e-05
4.57034e-07
8.25359e-05
3.03967e-07
8.27017e-05
4.1475e-07
8.26258e-05
5.6636e-07
8.28114e-05
1.54915e-07
8.34812e-05
-3.48171e-07
8.42692e-05
-3.73399e-07
-4.2257e-05
-5.67078e-07
4.2476e-05
-3.85871e-05
3.8458e-05
6.32372e-07
-5.033e-07
-5.88479e-07
-4.28303e-05
6.07854e-07
4.28109e-05
-4.21924e-05
-5.43355e-07
5.26512e-07
4.22093e-05
3.83795e-07
8.34593e-05
-4.48678e-07
-1.39265e-07
1.21877e-07
8.31264e-05
-7.32707e-08
8.28143e-05
-1.84723e-07
8.26088e-05
-2.20801e-07
8.25075e-05
-1.72178e-07
8.24076e-05
-9.95958e-08
8.23641e-05
-2.0703e-08
8.2345e-05
1.31111e-07
8.22605e-05
2.3197e-07
8.23168e-05
2.60752e-07
8.23989e-05
3.1037e-07
8.23999e-05
3.3983e-07
8.24377e-05
3.41615e-07
8.2498e-05
2.86339e-07
8.25912e-05
3.31762e-07
8.26563e-05
-4.42716e-08
8.30018e-05
-6.73374e-07
8.34405e-05
-8.92137e-07
8.37e-05
-4.48014e-07
8.42531e-05
-4.28046e-07
-4.25839e-05
-5.10163e-07
4.2646e-05
-3.83222e-05
3.81715e-05
5.49348e-07
-3.98699e-07
-5.27055e-07
-4.29521e-05
5.8475e-07
4.28944e-05
-4.23105e-05
-5.25479e-07
4.77113e-07
4.23589e-05
1.874e-08
8.37917e-05
-3.65046e-07
1.38816e-08
-9.92861e-08
8.32444e-05
-2.0903e-07
8.29241e-05
-2.63981e-07
8.26638e-05
-2.28099e-07
8.24717e-05
-1.64168e-07
8.23437e-05
-8.4892e-08
8.22849e-05
3.65072e-09
8.22565e-05
-9.0302e-08
8.23544e-05
-2.4949e-08
8.22514e-05
2.53835e-07
8.21201e-05
3.97544e-07
8.22562e-05
4.47121e-07
8.23881e-05
4.632e-07
8.24819e-05
4.75337e-07
8.2579e-05
2.55613e-07
8.2876e-05
2.53794e-07
8.30036e-05
4.12089e-07
8.32822e-05
1.00643e-07
8.40114e-05
-2.7572e-07
8.48843e-05
-2.54864e-07
-4.263e-05
-4.47681e-07
4.28019e-05
-3.80437e-05
3.78933e-05
4.64902e-07
-3.14497e-07
-4.93448e-07
-4.3072e-05
6.4898e-07
4.29165e-05
-4.24413e-05
-5.61967e-07
4.99564e-07
4.25037e-05
2.01288e-07
8.39693e-05
-4.46835e-07
6.79507e-08
-9.48989e-08
8.35406e-05
-2.38312e-07
8.30675e-05
-3.34876e-07
8.27604e-05
-3.33866e-07
8.24706e-05
-3.11999e-07
8.23218e-05
-2.43566e-07
8.22164e-05
-7.89637e-08
8.20919e-05
3.01144e-07
8.19743e-05
4.73326e-07
8.20792e-05
2.87092e-07
8.23064e-05
3.09772e-07
8.22335e-05
4.81974e-07
8.22159e-05
5.57387e-07
8.24065e-05
4.55951e-07
8.26805e-05
4.97197e-07
8.28348e-05
2.15462e-07
8.32853e-05
-4.27128e-07
8.39248e-05
-6.56237e-07
8.42405e-05
-3.73419e-07
8.48158e-05
-2.14329e-07
-4.28907e-05
-4.08024e-07
4.29253e-05
-3.77532e-05
3.76033e-05
3.97587e-07
-2.47693e-07
-4.44797e-07
-4.32307e-05
7.00135e-07
4.29754e-05
-4.25277e-05
-5.82073e-07
4.19592e-07
4.26902e-05
-1.74119e-07
8.42098e-05
-2.89277e-07
2.22875e-07
-1.47362e-07
8.35138e-05
-2.84901e-07
8.3205e-05
-3.62103e-07
8.28376e-05
-4.89659e-07
8.25982e-05
-4.3663e-07
8.22688e-05
-1.74632e-07
8.19544e-05
-8.09418e-08
8.19982e-05
-1.42623e-07
8.2036e-05
3.12571e-08
8.19054e-05
6.03242e-07
8.17344e-05
7.87274e-07
8.20495e-05
6.60383e-07
8.23428e-05
6.5278e-07
8.24141e-05
7.42705e-07
8.25905e-05
6.25524e-07
8.29519e-05
4.8882e-07
8.3422e-05
7.82231e-07
8.36314e-05
6.03863e-07
8.44189e-05
-2.65761e-07
8.55272e-05
1.58249e-07
-4.29044e-05
-3.81919e-07
4.30206e-05
-3.74889e-05
3.73612e-05
3.09054e-07
-1.81296e-07
-3.16736e-07
-4.33286e-05
5.16173e-07
4.31291e-05
-4.26666e-05
-4.2667e-07
3.52915e-07
4.27403e-05
-1.40867e-07
8.45118e-05
-3.64704e-07
2.0359e-07
-6.31538e-07
8.40045e-05
-6.24638e-07
8.31981e-05
-6.4975e-07
8.28627e-05
-4.62061e-07
8.24105e-05
-3.61301e-07
8.2168e-05
-4.34241e-07
8.20274e-05
-2.03571e-07
8.17675e-05
3.38796e-07
8.14936e-05
5.25208e-07
8.1719e-05
1.9601e-07
8.20636e-05
4.46459e-07
8.1799e-05
8.51818e-07
8.19374e-05
8.47811e-07
8.24181e-05
6.48509e-07
8.27898e-05
4.60008e-07
8.31404e-05
3.81458e-07
8.35006e-05
-4.16158e-07
8.4429e-05
-7.3108e-07
8.47338e-05
-3.99136e-07
8.50388e-05
1.5649e-07
-4.31545e-05
-3.87185e-07
4.31425e-05
-3.72972e-05
3.7179e-05
2.56166e-07
-1.37971e-07
-1.70153e-07
-4.33828e-05
2.73285e-07
4.32797e-05
-4.28374e-05
-2.1429e-07
2.32044e-07
4.28197e-05
-7.10098e-07
8.45496e-05
-6.11104e-08
7.33373e-07
-4.69315e-07
8.37637e-05
-7.75089e-07
8.35039e-05
-7.18722e-07
8.28063e-05
-7.75531e-07
8.24673e-05
-5.82461e-07
8.1975e-05
-2.35956e-07
8.16809e-05
-3.17203e-08
8.15633e-05
-1.4249e-07
8.16044e-05
1.82256e-07
8.13942e-05
1.14725e-06
8.10986e-05
1.12133e-06
8.1825e-05
1.0479e-06
8.20109e-05
1.23814e-06
8.22279e-05
1.4315e-06
8.25965e-05
1.53776e-06
8.30342e-05
1.41903e-06
8.36193e-05
2.01734e-06
8.38307e-05
1.84569e-06
8.49055e-05
-5.20194e-08
8.65249e-05
4.11606e-07
-4.31381e-05
-2.36364e-07
4.33224e-05
-3.7148e-05
3.71047e-05
9.06182e-08
-4.73026e-08
-8.98972e-08
-4.35487e-05
2.4509e-07
4.33935e-05
-4.30229e-05
-1.82647e-07
2.10381e-07
4.29952e-05
-7.1881e-07
8.49492e-05
-3.39155e-07
6.58373e-07
-1.40356e-06
8.44485e-05
-1.16966e-06
8.327e-05
-1.14876e-06
8.27854e-05
-8.36524e-07
8.21551e-05
-8.06062e-07
8.19445e-05
-5.95143e-07
8.14699e-05
-1.58283e-07
8.11264e-05
6.18826e-07
8.08273e-05
6.70786e-07
8.13422e-05
3.7492e-07
8.13945e-05
9.88133e-07
8.12117e-05
1.38625e-06
8.16127e-05
1.47762e-06
8.21365e-05
1.33758e-06
8.27365e-05
1.06269e-06
8.33091e-05
7.34651e-07
8.39474e-05
-2.88095e-07
8.48534e-05
-6.48153e-07
8.52655e-05
1.1918e-07
8.57108e-05
4.67087e-08
-4.35646e-05
1.14792e-07
4.3569e-05
-3.70927e-05
3.70757e-05
-1.45157e-08
3.1591e-08
-4.16617e-09
-4.37525e-05
2.92065e-07
4.34646e-05
-4.3153e-05
-2.15344e-07
1.28495e-07
4.32399e-05
-1.46935e-06
8.51272e-05
1.10156e-07
1.18123e-06
-1.02266e-06
8.40018e-05
-1.50938e-06
8.37567e-05
-1.57062e-06
8.28467e-05
-1.66548e-06
8.22499e-05
-1.05637e-06
8.13354e-05
-5.11173e-07
8.09247e-05
-4.80654e-08
8.06633e-05
2.56012e-07
8.05232e-05
5.09887e-07
8.10884e-05
1.56939e-06
8.0335e-05
1.54721e-06
8.12339e-05
1.57164e-06
8.15883e-05
1.70994e-06
8.19982e-05
2.00021e-06
8.24462e-05
2.33973e-06
8.29696e-05
2.65318e-06
8.36339e-05
2.98225e-06
8.45243e-05
2.3909e-06
8.58569e-05
2.89478e-07
8.69314e-05
8.80838e-07
-4.34892e-05
1.28829e-07
4.36498e-05
-3.70702e-05
3.70453e-05
-1.23144e-07
1.4805e-07
6.02952e-08
-4.40034e-05
2.91103e-07
4.3652e-05
-4.33193e-05
-1.77182e-07
2.36659e-07
4.32598e-05
-1.66991e-06
8.5786e-05
-3.67085e-07
1.37818e-06
-2.38965e-06
8.47215e-05
-2.04751e-06
8.34146e-05
-1.89336e-06
8.26925e-05
-1.09052e-06
8.14471e-05
-9.65168e-07
8.121e-05
-6.50179e-07
8.06098e-05
-9.45835e-08
8.01077e-05
4.50701e-07
7.99779e-05
1.23417e-06
8.03049e-05
1.15894e-06
8.04102e-05
2.20351e-06
8.01894e-05
2.64327e-06
8.11485e-05
2.71964e-06
8.19218e-05
2.63327e-06
8.25326e-05
2.00054e-06
8.36023e-05
1.24716e-06
8.43873e-05
3.1504e-07
8.54565e-05
1.50686e-07
8.60212e-05
-5.49944e-07
8.64088e-05
1.22326e-06
-4.38508e-05
-3.96787e-07
4.36976e-05
-3.71303e-05
3.70442e-05
-5.95559e-08
1.45663e-07
1.76461e-07
-4.40828e-05
1.10949e-07
4.37954e-05
-4.36308e-05
-5.47907e-08
2.94815e-08
4.36561e-05
-2.05017e-06
8.5638e-05
3.55282e-07
1.84289e-06
-1.94749e-06
8.46188e-05
-2.63682e-06
8.41039e-05
-2.49783e-06
8.25535e-05
-2.9205e-06
8.18698e-05
-2.19955e-06
8.04891e-05
-9.99906e-07
7.94101e-05
-1.9218e-07
7.93e-05
4.96571e-07
7.92892e-05
1.60174e-06
7.91997e-05
2.72092e-06
7.9291e-05
3.05834e-06
7.98519e-05
3.73481e-06
8.04721e-05
3.96534e-06
8.16913e-05
3.82339e-06
8.26745e-05
4.13853e-06
8.32871e-05
4.34305e-06
8.41828e-05
4.28452e-06
8.5515e-05
3.30921e-06
8.69965e-05
-3.72023e-07
8.85095e-05
1.58051e-06
-4.37714e-05
-4.65713e-07
4.38651e-05
-3.72151e-05
3.7185e-05
-1.27099e-07
1.57202e-07
1.53883e-07
-4.44602e-05
1.18083e-07
4.41882e-05
-4.39939e-05
-1.24519e-09
1.42703e-07
4.38524e-05
-3.38539e-06
8.74395e-05
-1.84958e-07
1.7688e-06
-4.791e-06
8.60244e-05
-4.09411e-06
8.3407e-05
-4.03056e-06
8.249e-05
-2.97101e-06
8.08102e-05
-1.97156e-06
7.94896e-05
-1.13398e-06
7.85725e-05
-5.1437e-08
7.82174e-05
7.83346e-07
7.84544e-05
1.42356e-06
7.85595e-05
1.95996e-06
7.87546e-05
2.81386e-06
7.8998e-05
3.56726e-06
7.97187e-05
4.40597e-06
8.08526e-05
4.86666e-06
8.22139e-05
4.16821e-06
8.39856e-05
2.12485e-06
8.62261e-05
8.5351e-07
8.67863e-05
9.13917e-07
8.69361e-05
-6.09964e-08
8.79219e-05
1.56253e-06
-4.43272e-05
-9.45383e-08
4.43607e-05
-3.74419e-05
3.74905e-05
-1.93779e-07
1.45197e-07
2.63225e-07
-4.46772e-05
-1.09384e-08
4.44249e-05
-4.42172e-05
2.39713e-07
-2.63412e-07
4.42409e-05
-3.1252e-06
8.68597e-05
5.9544e-07
3.10959e-06
-2.82777e-06
8.5727e-05
-4.36431e-06
8.49436e-05
-4.02899e-06
8.21546e-05
-3.41961e-06
8.02008e-05
-2.21861e-06
7.82886e-05
-9.40726e-07
7.72947e-05
-2.19323e-07
7.7496e-05
9.73881e-07
7.72612e-05
1.95625e-06
7.75772e-05
3.18338e-06
7.75275e-05
4.15528e-06
7.80261e-05
4.93565e-06
7.89383e-05
6.00175e-06
7.97865e-05
5.27735e-06
8.29383e-05
4.42205e-06
8.48409e-05
5.1339e-06
8.55143e-05
4.84191e-06
8.70783e-05
3.16612e-06
8.86119e-05
-1.23525e-07
8.89928e-05
2.21877e-06
-4.45993e-05
-1.795e-07
4.46552e-05
-3.78352e-05
3.79182e-05
-2.36902e-07
1.53956e-07
2.13171e-07
-4.52383e-05
1.3238e-07
4.48927e-05
-4.49037e-05
1.09022e-07
-8.36512e-08
4.48783e-05
-4.10421e-06
8.89349e-05
1.51051e-08
2.01388e-06
-5.48944e-06
8.71122e-05
-4.80525e-06
8.42594e-05
-5.27869e-06
8.26281e-05
-4.43272e-06
7.93549e-05
-3.33739e-06
7.71933e-05
-1.98921e-06
7.59465e-05
2.96706e-07
7.52101e-05
1.42351e-06
7.61344e-05
2.59758e-06
7.64031e-05
3.4351e-06
7.669e-05
4.63033e-06
7.68309e-05
5.82454e-06
7.77441e-05
5.69683e-06
7.99142e-05
6.59223e-06
8.20429e-05
7.06379e-06
8.43693e-05
5.17013e-06
8.7408e-05
3.74009e-06
8.85084e-05
3.41226e-06
8.89397e-05
-2.28086e-07
9.02897e-05
2.34343e-06
-4.50848e-05
-3.67105e-07
4.52239e-05
-3.83111e-05
3.83e-05
-1.53668e-07
1.64814e-07
4.07627e-07
-4.56748e-05
-4.8094e-07
4.57481e-05
-4.50782e-05
9.31862e-07
-1.32289e-06
4.54692e-05
-7.20693e-06
2.19836e-06
4.15403e-06
-7.23471e-06
8.714e-05
-7.96052e-06
8.49852e-05
-6.2313e-06
8.08989e-05
-5.24824e-06
7.83718e-05
-3.47291e-06
7.5418e-05
-1.84599e-06
7.43196e-05
-1.12347e-06
7.44876e-05
1.45576e-06
7.35552e-05
3.82441e-06
7.40344e-05
5.52273e-06
7.49917e-05
6.63944e-06
7.57142e-05
7.60008e-06
7.67835e-05
8.47488e-06
7.90394e-05
7.94015e-06
8.25776e-05
6.3562e-06
8.59533e-05
6.69574e-06
8.70684e-05
5.9857e-06
8.92184e-05
3.78927e-06
9.11362e-05
-6.03979e-07
9.13805e-05
3.30241e-06
-4.56522e-05
-5.74426e-07
4.56227e-05
-3.88362e-05
3.88618e-05
-2.17977e-07
1.92323e-07
-4.25328e-06
7.28335e-05
5.73929e-06
-4.8154e-07
7.07158e-05
2.12391e-06
7.09497e-05
4.83348e-06
7.13249e-05
7.72965e-06
7.20955e-05
8.94296e-06
7.45009e-05
8.88501e-06
7.68414e-05
8.4629e-06
7.94615e-05
8.96781e-06
8.20727e-05
9.82641e-06
8.50947e-05
7.75871e-06
8.91361e-05
6.46159e-06
9.05155e-05
5.69066e-06
9.19071e-05
-9.50928e-08
9.37835e-05
3.38279e-06
-4.62138e-05
-5.08832e-07
4.66275e-05
-3.97189e-05
3.9763e-05
-1.63789e-07
1.19654e-07
-5.71269e-06
9.97129e-06
-2.46637e-06
2.66777e-06
7.46109e-06
1.12054e-05
1.37846e-05
1.56005e-05
1.54957e-05
7.95663e-05
1.30168e-05
8.45516e-05
1.0796e-05
8.73155e-05
1.02909e-05
8.96412e-05
8.0481e-06
9.27583e-05
5.68071e-06
9.42745e-05
7.0257e-07
9.42924e-05
4.46922e-06
-4.72216e-05
3.87429e-07
4.75367e-05
-4.07117e-05
4.09964e-05
-5.87301e-07
3.02608e-07
1.54088e-05
8.0645e-05
1.58182e-05
8.41423e-05
1.42903e-05
8.88434e-05
1.02571e-05
9.36744e-05
7.81511e-06
9.52003e-05
6.45317e-06
9.56364e-05
3.76591e-07
9.71131e-05
3.25586e-06
-4.83459e-05
-4.28652e-08
4.87653e-05
-4.2013e-05
4.21334e-05
-3.84226e-07
2.6386e-07
2.64082e-05
8.21225e-05
2.2071e-05
8.84795e-05
1.81266e-05
9.27877e-05
1.38777e-05
9.79233e-05
1.18165e-05
9.72616e-05
8.61509e-06
9.88378e-05
3.29693e-07
0.000100011
5.38711e-06
-4.93988e-05
-1.78742e-07
4.99072e-05
-4.30158e-05
4.32767e-05
-5.74372e-07
3.13519e-07
2.70498e-05
2.65815e-05
2.32044e-05
1.81519e-05
1.44331e-05
1.09249e-05
1.4284e-06
5.17524e-06
-5.08133e-05
3.22296e-07
5.19194e-05
-4.49324e-05
4.52345e-05
-5.83258e-07
2.81213e-07
2.46284e-06
3.35695e-05
-6.62782e-07
1.27887e-07
-1.68976e-07
4.15497e-05
6.20506e-08
-2.39316e-08
4.14015e-05
-3.03768e-09
-1.75481e-09
4.13239e-05
5.79814e-10
6.56634e-10
4.13033e-05
-1.66938e-09
2.18304e-09
4.13018e-05
-2.3717e-09
3.30949e-09
4.13006e-05
-4.3813e-09
5.47295e-09
4.13003e-05
-6.36978e-09
6.39033e-09
4.13014e-05
-6.21424e-09
6.64716e-09
4.1301e-05
-7.40351e-09
8.11278e-09
4.13007e-05
-8.87666e-09
9.55985e-09
4.13007e-05
-1.00611e-08
1.08246e-08
4.13006e-05
-1.15585e-08
1.23789e-08
4.13006e-05
-1.24888e-08
1.27653e-08
4.13011e-05
-1.33776e-08
1.37891e-08
4.1301e-05
-1.34172e-08
1.16747e-08
4.13031e-05
-9.12344e-09
7.33324e-09
4.13032e-05
-6.05376e-09
3.33548e-09
4.13045e-05
5.70421e-09
-3.1008e-08
4.13284e-05
3.31681e-08
-2.68597e-08
4.13016e-05
2.68238e-08
-1.40735e-08
4.13405e-05
-1.42837e-08
1.89684e-07
4.14477e-05
-1.65566e-07
-2.45448e-06
4.12368e-05
-6.59848e-07
3.66438e-05
-1.1119e-06
3.78038e-05
-2.4931e-08
-1.13501e-06
-2.37435e-08
-1.13371e-06
3.83018e-05
-1.14736e-06
3.85779e-05
8.81423e-07
-1.15748e-06
8.53259e-07
-1.14984e-06
3.8698e-05
-1.0619e-06
3.87077e-05
8.89432e-07
-8.99127e-07
8.94809e-07
-8.99657e-07
3.86271e-05
-7.3957e-07
3.85091e-05
7.04675e-07
-5.86603e-07
7.47463e-07
-6.10001e-07
3.83487e-05
-5.12466e-07
3.82163e-05
5.7164e-07
-4.39242e-07
5.65211e-07
-4.2936e-07
3.8045e-05
-4.17148e-07
3.79111e-05
4.92831e-07
-3.58917e-07
4.75559e-07
-3.47701e-07
3.77305e-05
-3.46461e-07
3.76178e-05
3.95225e-07
-2.82513e-07
4.25026e-07
-2.84929e-07
3.74108e-05
-2.86528e-07
3.7339e-05
2.85971e-07
-2.14108e-07
3.16633e-07
-2.02273e-07
3.71246e-05
-2.30473e-07
3.70657e-05
2.19567e-07
-1.60611e-07
2.17669e-07
-1.53719e-07
3.69088e-05
-1.59807e-07
3.68435e-05
1.83133e-07
-1.17849e-07
1.08169e-07
-7.71688e-08
3.67512e-05
-7.79107e-08
3.67202e-05
9.33069e-08
-6.22598e-08
3.13057e-08
-1.93527e-08
3.66429e-05
-1.26152e-08
3.66825e-05
-8.29048e-08
4.32629e-08
-7.7247e-08
8.27193e-08
3.65988e-05
7.96294e-08
3.6687e-05
-2.68614e-07
1.80329e-07
-3.14906e-07
2.29903e-07
3.65944e-05
1.52945e-07
3.67105e-05
-3.47482e-07
2.31324e-07
-3.99323e-07
2.28438e-07
3.66939e-05
1.93141e-07
3.69209e-05
-4.76438e-07
2.49369e-07
-4.82751e-07
2.25794e-07
3.68888e-05
1.85999e-07
3.71768e-05
-5.74154e-07
2.86178e-07
-5.68565e-07
2.23819e-07
3.72185e-05
2.21519e-07
3.76939e-05
-8.01708e-07
3.26261e-07
-6.85125e-07
2.92208e-07
3.7711e-05
1.96096e-07
3.83158e-05
-9.83015e-07
3.78218e-07
-9.28113e-07
3.91912e-07
3.84727e-05
2.5073e-07
-1.10945e-06
4.32855e-07
-1.25707e-06
4.00029e-07
-1.38295e-06
4.34263e-07
-1.55153e-06
5.34903e-07
-1.39535e-06
5.12906e-07
-2.2357e-06
5.79953e-07
-1.99925e-06
6.29685e-07
-7.57379e-06
8.9006e-05
-7.21924e-06
8.46306e-05
-7.12489e-06
8.08045e-05
-5.61757e-06
7.68645e-05
7.55397e-05
-1.24981e-05
-1.38493e-05
-1.39147e-05
-1.37603e-05
4.08803e-05
5.66444e-07
-5.478e-07
4.08617e-05
4.12676e-05
4.19158e-07
-2.85028e-07
4.11335e-05
4.12989e-05
1.17223e-07
-6.97747e-08
4.12515e-05
4.12934e-05
3.43284e-08
-2.42472e-08
4.12834e-05
4.12976e-05
9.43203e-09
-6.98293e-09
4.12952e-05
4.12986e-05
4.76154e-10
6.09892e-10
4.12976e-05
4.13014e-05
-5.2531e-09
8.87163e-09
4.12977e-05
4.12993e-05
-1.55037e-08
1.56772e-08
4.12991e-05
4.12993e-05
-1.78574e-08
2.03287e-08
4.12968e-05
4.12995e-05
-2.32793e-08
2.54559e-08
4.12973e-05
4.12995e-05
-2.83704e-08
3.03122e-08
4.12976e-05
4.12995e-05
-3.27585e-08
3.48578e-08
4.12974e-05
4.13012e-05
-3.81214e-08
4.05878e-08
4.12988e-05
4.13018e-05
-4.32785e-08
4.59236e-08
4.12992e-05
4.13029e-05
-4.97064e-08
5.32924e-08
4.12993e-05
4.1299e-05
-5.51239e-08
4.8094e-08
4.1306e-05
4.13022e-05
-4.05741e-08
4.09138e-08
4.13019e-05
4.13036e-05
-4.4503e-08
4.57625e-08
4.13023e-05
4.12671e-05
-3.64829e-08
-2.48623e-08
4.13284e-05
4.13027e-05
5.03026e-08
-2.23591e-08
4.12748e-05
4.13046e-05
-3.99095e-09
1.08325e-07
4.12003e-05
4.12412e-05
-2.56264e-07
6.57112e-07
4.08403e-05
4.03786e-05
-7.38463e-07
4.10934e-05
4.11906e-05
-4.71115e-07
1.48476e-07
4.15132e-05
4.10882e-05
1.58107e-07
-2.20466e-07
4.11505e-05
4.12223e-05
-7.72216e-09
-6.38355e-08
4.12793e-05
-3.23902e-08
-3.88344e-08
4.12993e-05
-2.65474e-08
-2.50505e-08
4.13003e-05
-2.50193e-08
-1.47555e-08
4.13035e-05
-2.19354e-08
-8.82963e-10
4.12987e-05
-2.99137e-08
1.21448e-08
4.12972e-05
-3.24859e-08
2.35581e-08
4.12951e-05
-3.99236e-08
3.6728e-08
4.1295e-05
-4.69589e-08
4.98911e-08
4.12948e-05
-5.35665e-08
5.72617e-08
4.12971e-05
-5.93026e-08
6.88124e-08
4.12985e-05
-6.27515e-08
7.71802e-08
4.13013e-05
-6.53005e-08
8.705e-08
4.12973e-05
-6.58321e-08
8.26858e-08
4.13015e-05
-4.78997e-08
8.51158e-08
4.12935e-05
-4.91566e-08
8.1066e-08
4.12626e-05
-3.22726e-09
7.17499e-09
4.12391e-05
1.26132e-07
-8.41328e-08
4.11656e-05
1.88833e-07
-3.82437e-08
4.10237e-05
1.43297e-07
-8.08441e-08
4.14492e-05
3.28085e-07
4.19744e-05
4.17547e-05
-6.48724e-07
4.22799e-07
4.19806e-05
4.14148e-05
-1.76412e-07
4.15271e-05
4.22711e-05
6.34925e-07
4.2531e-05
4.2137e-05
-5.75581e-07
4.3714e-07
4.22754e-05
4.16941e-05
-2.56948e-07
4.17457e-05
4.26452e-05
6.2296e-07
4.27697e-05
4.23525e-05
-4.5234e-07
3.4597e-07
4.24588e-05
4.18857e-05
-2.02222e-07
4.19493e-05
4.2835e-05
4.81316e-07
4.29189e-05
4.25233e-05
-3.51661e-07
2.59803e-07
4.26152e-05
4.20271e-05
-1.58566e-07
4.20464e-05
4.29581e-05
4.11999e-07
4.30216e-05
4.26745e-05
-2.17602e-07
1.43107e-07
4.2749e-05
4.21585e-05
-6.06788e-08
4.2233e-05
4.30388e-05
3.43642e-07
4.31202e-05
4.2836e-05
2.82757e-08
-3.91009e-08
4.28468e-05
4.22857e-05
6.30823e-08
4.22906e-05
4.31098e-05
1.93433e-07
4.3233e-05
4.29649e-05
1.33652e-07
-1.55444e-07
4.29867e-05
4.24209e-05
1.3186e-07
4.25119e-05
4.31601e-05
-2.43552e-08
4.34021e-05
4.30762e-05
7.05107e-08
-1.41045e-07
4.31467e-05
4.25002e-05
2.3812e-07
4.24656e-05
4.32711e-05
-1.60962e-07
4.35403e-05
4.32057e-05
1.75758e-07
-2.88899e-07
4.33188e-05
4.26366e-05
4.9213e-07
4.28778e-05
4.33945e-05
-1.69418e-07
4.35952e-05
4.33813e-05
4.41906e-07
-5.23202e-07
4.34626e-05
4.2749e-05
6.81048e-07
4.27263e-05
4.36955e-05
-1.26486e-07
4.37448e-05
4.35393e-05
8.07335e-07
-8.96332e-07
4.36283e-05
4.2965e-05
9.75777e-07
4.31705e-05
4.37504e-05
-6.79888e-07
4.41154e-05
4.37422e-05
7.78374e-07
-9.48735e-07
4.39126e-05
4.304e-05
1.31972e-06
4.30985e-05
4.36591e-05
-1.14946e-06
4.44092e-05
4.39687e-05
1.14117e-06
-1.32277e-06
4.41503e-05
4.34832e-05
1.66051e-06
4.36656e-05
4.38164e-05
-1.11845e-06
4.44521e-05
4.42672e-05
1.06317e-06
-1.23856e-06
4.44425e-05
4.36234e-05
1.60333e-06
4.37889e-05
4.41638e-05
-1.324e-06
4.49192e-05
4.46713e-05
1.61504e-06
-1.9187e-06
4.4975e-05
4.41209e-05
2.5815e-06
4.4649e-05
4.45028e-05
-1.78917e-06
4.56069e-05
4.52164e-05
1.7651e-06
-1.94929e-06
4.54006e-05
4.45804e-05
2.14918e-06
4.44451e-05
4.50861e-05
-1.91506e-06
4.6073e-05
4.58515e-05
1.99776e-06
-2.56237e-06
4.53206e-05
3.35448e-06
4.52806e-05
-2.71131e-06
4.67349e-05
4.60623e-05
-2.78871e-06
4.7468e-05
4.72681e-05
-3.6601e-06
4.93767e-05
4.89496e-05
-2.62237e-06
5.01766e-05
4.94235e-05
-4.48104e-06
5.16689e-05
5.14079e-05
-4.06632e-06
-9.97678e-07
-8.39155e-06
8.28215e-06
-7.58218e-06
6.5845e-06
-8.80998e-07
-8.10311e-06
7.84439e-06
-5.62982e-06
4.74882e-06
-6.83096e-07
-7.51205e-06
7.13446e-06
-3.93133e-06
3.24823e-06
-3.25164e-07
-6.72953e-06
6.33866e-06
-2.75351e-06
2.42835e-06
-1.71989e-07
-5.96552e-06
5.63421e-06
-2.19148e-06
2.01949e-06
-1.09369e-07
-5.32774e-06
5.03841e-06
-1.89661e-06
1.78724e-06
-7.68344e-08
-4.7795e-06
4.54183e-06
-1.69845e-06
1.62161e-06
-6.21721e-08
-4.32788e-06
4.14235e-06
-1.55064e-06
1.48847e-06
-4.52005e-08
-3.98795e-06
3.85185e-06
-1.4406e-06
1.3954e-06
-3.6153e-08
-3.73556e-06
3.63374e-06
-1.35798e-06
1.32182e-06
-7.21173e-09
-3.57409e-06
3.534e-06
-1.3043e-06
1.29709e-06
5.29931e-09
-3.51566e-06
3.54195e-06
-1.29608e-06
1.30138e-06
2.57508e-08
-3.60926e-06
3.73156e-06
-1.31679e-06
1.34254e-06
5.00672e-08
-3.88963e-06
3.98523e-06
-1.41438e-06
1.46444e-06
6.0764e-08
-4.1269e-06
4.22334e-06
-1.55121e-06
1.61197e-06
5.6698e-08
-4.35649e-06
4.44499e-06
-1.70461e-06
1.76131e-06
5.19491e-08
-4.58176e-06
4.68377e-06
-1.84836e-06
1.9003e-06
4.96022e-08
-4.86582e-06
4.98103e-06
-2.01047e-06
2.06007e-06
7.86363e-08
-5.2149e-06
5.32859e-06
-2.21811e-06
2.29675e-06
2.74679e-08
-5.55967e-06
5.65185e-06
-2.4657e-06
2.49316e-06
1.1447e-07
-5.92448e-06
6.11262e-06
-2.6548e-06
2.76927e-06
9.9419e-08
-6.42645e-06
6.59089e-06
-2.99034e-06
3.08976e-06
1.22981e-07
-6.89367e-06
7.08421e-06
-3.29989e-06
3.42287e-06
1.07289e-07
-7.42369e-06
7.59761e-06
-3.66334e-06
3.77063e-06
-7.34611e-07
-9.54676e-07
-8.17496e-07
-4.94719e-07
-2.36868e-07
-1.22883e-07
-8.87937e-08
-7.09705e-08
-4.78667e-08
-3.74243e-08
-1.75213e-08
-1.01174e-09
1.54134e-08
7.18323e-08
8.67662e-08
9.26397e-08
8.70449e-08
1.10164e-07
1.58039e-07
1.68949e-07
1.61634e-07
2.21077e-07
2.10124e-07
2.40475e-07
2.65142e-07
-1.00039e-06
-8.39014e-06
8.27863e-06
-7.58065e-06
6.58026e-06
-8.85337e-07
-8.09918e-06
7.83715e-06
-5.6247e-06
4.73936e-06
-6.84631e-07
-7.4991e-06
7.12183e-06
-3.91993e-06
3.2353e-06
-3.35484e-07
-6.71493e-06
6.31085e-06
-2.74307e-06
2.40759e-06
-1.73416e-07
-5.95124e-06
5.61219e-06
-2.18059e-06
2.00718e-06
-1.16704e-07
-5.30267e-06
5.00223e-06
-1.87745e-06
1.76075e-06
-9.02011e-08
-4.73595e-06
4.47969e-06
-1.66811e-06
1.57791e-06
-7.44762e-08
-4.26471e-06
4.05266e-06
-1.51037e-06
1.4359e-06
-6.0901e-08
-3.88887e-06
3.71929e-06
-1.38558e-06
1.32468e-06
-3.9011e-08
-3.59922e-06
3.47842e-06
-1.28414e-06
1.24513e-06
-1.39472e-08
-3.39429e-06
3.33033e-06
-1.21142e-06
1.19747e-06
-2.06574e-09
-3.28335e-06
3.2728e-06
-1.18219e-06
1.18013e-06
5.17217e-09
-3.30635e-06
3.38081e-06
-1.18983e-06
1.19501e-06
4.2144e-08
-3.5099e-06
3.6207e-06
-1.24625e-06
1.28839e-06
7.15509e-08
-3.77239e-06
3.89398e-06
-1.36802e-06
1.43957e-06
6.4044e-08
-4.04908e-06
4.17103e-06
-1.53384e-06
1.59789e-06
8.81821e-08
-4.3463e-06
4.47963e-06
-1.7088e-06
1.79699e-06
6.975e-08
-4.67253e-06
4.79887e-06
-1.93035e-06
2.0001e-06
9.59503e-08
-5.02604e-06
5.18082e-06
-2.15115e-06
2.2471e-06
-7.36137e-07
-9.55559e-07
-8.1943e-07
-4.92229e-07
-2.26994e-07
-1.29728e-07
-9.26358e-08
-6.75378e-08
-5.03132e-08
-4.05366e-08
-3.37154e-08
-1.52806e-08
9.70913e-09
5.124e-08
7.9631e-08
9.42714e-08
1.10916e-07
1.33369e-07
1.51049e-07
1.70528e-07
4.13126e-05
-3.88253e-05
0.000138498
2.30471e-05
0.000113807
5.95866e-06
7.7807e-05
-4.19869e-06
5.0814e-05
-1.40783e-05
2.54217e-05
-1.62427e-05
-2.91087e-06
-1.58876e-05
-2.09735e-05
-1.31528e-05
-3.01852e-05
-1.04778e-05
-2.87795e-05
-1.31528e-05
-3.75375e-06
-9.37452e-06
2.08034e-05
-3.1491e-06
0.000107665
-1.06612e-06
0.00012666
8.81935e-07
0.000128859
3.48858e-07
0.00013415
-7.68244e-07
0.000135424
-8.45206e-07
0.000136231
-9.51052e-07
-1.09328e-06
6.80496e-05
5.22084e-05
1.18076e-06
-5.53082e-07
4.86766e-05
0.000117701
-5.25707e-05
3.40204e-05
9.24632e-05
2.29222e-05
6.19123e-05
1.4264e-05
3.40799e-05
8.17462e-06
3.17846e-06
4.67109e-06
-1.747e-05
3.25784e-06
-2.8772e-05
1.16986e-06
-2.66915e-05
-4.90334e-06
2.31945e-06
-6.46087e-06
2.23609e-05
3.66989e-06
9.75337e-05
4.50162e-06
0.000125828
2.23018e-06
0.000131131
1.01542e-06
0.000135365
-2.01095e-08
0.00013646
-4.6891e-07
0.000137282
-6.02771e-07
-6.8167e-05
-8.22604e-07
6.85207e-05
-5.15804e-05
5.09929e-05
1.04466e-06
-4.57153e-07
7.61775e-06
-9.01256e-06
4.8793e-06
3.41975e-06
1.6118e-06
6.41252e-09
-6.87229e-05
-4.94044e-07
-5.04382e-05
8.02799e-07
-3.46636e-07
1.15196e-06
-5.2393e-07
9.78015e-07
-4.23374e-07
6.72287e-05
1.06844e-06
6.73122e-05
6.75343e-05
8.04981e-07
6.77073e-05
6.81127e-05
-6.04477e-05
6.85871e-05
6.14961e-05
5.29995e-05
4.34008e-05
3.40257e-05
2.63195e-05
1.82647e-05
8.07754e-06
8.6007e-07
-1.38452e-07
1.83426e-06
3.00386e-08
-1.43516e-07
-1.45566e-06
1.14202e-06
1.15288e-07
-2.58804e-07
-1.08591e-07
-8.55264e-07
3.95422e-07
-1.45327e-07
-1.36618e-07
-2.17395e-06
5.52552e-06
-4.96709e-05
-7.92011e-06
9.45123e-06
-6.49385e-05
2.99446e-05
-1.0831e-05
-0.000131577
4.08354e-05
-0.000133839
5.09237e-05
-0.000135452
-0.000131265
-1.88091e-05
2.90845e-07
-6.18899e-05
-6.61082e-05
-2.81696e-06
5.2954e-06
5.87607e-05
-7.26904e-06
8.01576e-06
6.98618e-05
2.48629e-05
0.000138239
-8.51907e-06
-1.02992e-05
3.19117e-05
0.000142093
0.000144587
-2.53353e-06
-5.58547e-05
5.44239e-06
5.29458e-05
-6.81844e-05
-7.70292e-06
8.84059e-06
6.70468e-05
2.79488e-05
-9.76844e-06
-1.15192e-05
3.62026e-05
4.53378e-05
2.73771e-05
3.9868e-07
2.43722e-05
2.60484e-06
4.00088e-07
2.14852e-05
3.53479e-07
2.35663e-06
3.19397e-07
6.73481e-05
-5.51089e-06
6.91696e-06
6.5942e-05
7.07286e-05
-8.59432e-06
6.90238e-05
6.36815e-05
-5.63153e-06
7.42312e-06
6.8096e-05
-9.53141e-06
1.42622e-07
3.06444e-06
-2.35227e-06
2.49489e-06
2.13265e-07
-3.59352e-06
-3.03877e-06
1.76653e-07
3.40322e-06
-3.2264e-06
2.82898e-06
-2.65232e-06
2.09788e-07
1.57436e-07
)
;

boundaryField
{
    inlet
    {
        type            calculated;
        value           nonuniform List<scalar> 
52
(
-3.53695e-05
-4.15086e-05
-3.86167e-05
-4.14397e-05
-4.16231e-05
-4.13191e-05
-4.13532e-05
-4.13045e-05
-4.13079e-05
-4.13023e-05
-4.13031e-05
-4.13015e-05
-4.13018e-05
-4.13014e-05
-4.13014e-05
-4.13014e-05
-4.13014e-05
-4.13014e-05
-4.13014e-05
-4.13014e-05
-4.13014e-05
-4.13014e-05
-4.13014e-05
-4.13014e-05
-4.13014e-05
-4.13014e-05
-4.13014e-05
-4.13014e-05
-4.13014e-05
-4.13014e-05
-4.13014e-05
-4.13014e-05
-4.13014e-05
-4.13014e-05
-4.13014e-05
-4.13018e-05
-4.13015e-05
-4.13031e-05
-4.13023e-05
-4.13079e-05
-4.13045e-05
-4.13532e-05
-4.13191e-05
-4.16231e-05
-4.14397e-05
-3.86167e-05
-4.15086e-05
-3.53695e-05
-8.31679e-06
-8.31679e-06
-8.31679e-06
-8.31679e-06
)
;
    }
    outlet
    {
        type            calculated;
        value           nonuniform List<scalar> 0();
    }
    wall
    {
        type            calculated;
        value           uniform 0;
    }
    empty_zmin
    {
        type            empty;
    }
    empty_zmax
    {
        type            empty;
    }
    procBoundary0to1
    {
        type            processor;
        value           nonuniform List<scalar> 
35
(
0.000127223
0.000133869
0.000136824
0.000138268
-1.74989e-07
0.000139063
6.92234e-05
4.99821e-05
6.80161e-05
0.000110036
9.19888e-05
6.90033e-05
4.25765e-05
1.27772e-05
-8.09494e-06
-2.10658e-05
-1.86368e-05
1.25066e-05
2.95784e-05
8.93813e-05
6.1722e-07
-5.04013e-07
4.63193e-05
6.34073e-05
0.000124424
-1.19603e-05
0.000122949
0.000125363
0.000121741
1.63443e-05
5.94953e-05
6.47284e-05
-2.91621e-06
-2.23874e-06
-1.13523e-07
)
;
    }
}


// ************************************************************************* //
