/*--------------------------------*- C++ -*----------------------------------*\
| =========                 |                                                 |
| \\      /  F ield         | OpenFOAM: The Open Source CFD Toolbox           |
|  \\    /   O peration     | Version:  2406                                  |
|   \\  /    A nd           | Website:  www.openfoam.com                      |
|    \\/     M anipulation  |                                                 |
\*---------------------------------------------------------------------------*/
FoamFile
{
    version     2.0;
    format      ascii;
    arch        "LSB;label=32;scalar=64";
    class       volScalarField;
    location    "3.21";
    object      Co;
}
// * * * * * * * * * * * * * * * * * * * * * * * * * * * * * * * * * * * * * //

dimensions      [0 0 0 0 0 0 0];

internalField   nonuniform List<scalar> 
2367
(
0.0664973
0.0886111
0.0867292
0.0830602
0.0760425
0.112948
0.169396
0.183287
0.0131306
0.0174835
0.0600204
0.106301
0.124686
0.0624878
0.0650368
0.0667166
0.0686249
0.0570541
0.0412897
0.0550038
0.0582941
0.041799
0.035338
0.042555
0.0491175
0.0559096
0.0820076
0.109205
0.109812
0.103102
0.0988885
0.0959671
0.0933217
0.181038
0.107452
0.10022
0.114711
0.0576846
0.0576712
0.0576899
0.0603157
0.0413287
0.0388602
0.0498389
0.0425494
0.0275311
0.0331434
0.039244
0.0481546
0.0706861
0.102008
0.11465
0.110913
0.103155
0.0991498
0.0958624
0.092929
0.178603
0.094419
0.0962967
0.104966
0.0534687
0.0526156
0.0504053
0.0482612
0.029059
0.0339391
0.0333855
0.0210025
0.0214211
0.0283837
0.0423793
0.0665931
0.0946544
0.113216
0.116438
0.110853
0.103044
0.099051
0.0952664
0.0923007
0.175894
0.0787167
0.0632931
0.0612164
0.060552
0.100979
0.0607435
0.0613085
0.086616
0.0623999
0.0637108
0.0698878
0.0942261
0.0993447
0.048461
0.0482654
0.0456031
0.0341405
0.0183791
0.0179218
0.0106539
0.00897049
0.0258048
0.0462001
0.0686512
0.0917349
0.109566
0.116176
0.114691
0.107661
0.101285
0.0977186
0.0936405
0.0907686
0.170937
0.0620355
0.0942909
0.0982557
0.0457712
0.0448684
0.0411551
0.0221314
0.00937345
0.00751765
0.0146562
0.030024
0.0508362
0.0712838
0.0904962
0.10513
0.113164
0.114245
0.110457
0.10337
0.0983494
0.0947663
0.0910533
0.0878722
0.162869
0.0480035
0.0953103
0.0998816
0.0486664
0.0471659
0.0375374
0.0168967
0.01407
0.0222776
0.0351088
0.0507078
0.0702606
0.0850347
0.0990039
0.107492
0.11088
0.109466
0.104203
0.0981124
0.0942291
0.0910421
0.0874384
0.0839433
0.153176
0.0378536
0.0982324
0.103477
0.0524562
0.0495279
0.0375291
0.0271891
0.03069
0.0404388
0.0519977
0.0642623
0.0806763
0.0901432
0.100401
0.104378
0.103449
0.100777
0.0958337
0.0924128
0.0888819
0.0859584
0.0826246
0.0786937
0.14062
0.0311612
0.101494
0.107355
0.0549715
0.0498352
0.0400553
0.0383329
0.0436029
0.0535986
0.0637909
0.0719469
0.0851188
0.0902931
0.0968332
0.0969478
0.0950441
0.0934906
0.089283
0.0869169
0.0836017
0.081245
0.0777907
0.0728263
0.127288
0.0314467
0.103744
0.112061
0.0574676
0.0513649
0.0455106
0.0479911
0.0538975
0.0625458
0.0710404
0.0759899
0.0855711
0.0875787
0.0907284
0.0895519
0.0884014
0.0875039
0.0844434
0.0825595
0.0795692
0.0765788
0.072615
0.0670929
0.11843
0.0362292
0.108156
0.116913
0.0618524
0.0561125
0.0549891
0.0586458
0.0635053
0.0691869
0.0748315
0.0775146
0.0833069
0.0839333
0.0850331
0.0840997
0.0826173
0.0814414
0.0790765
0.0771975
0.0743424
0.0709112
0.0671592
0.0617568
0.110351
0.0415473
0.117262
0.123593
0.0665469
0.0617865
0.0642279
0.0676487
0.0713057
0.075162
0.0778392
0.078509
0.0802351
0.0798905
0.079639
0.0790436
0.0768383
0.0753595
0.0729018
0.0707554
0.0683893
0.0656616
0.0621991
0.0573942
0.103705
0.0466941
0.1157
0.133677
0.0695985
0.0667224
0.0722946
0.0771237
0.0800386
0.0825687
0.0817941
0.0808276
0.0791644
0.0772828
0.0752097
0.0740762
0.0712145
0.0699967
0.0679515
0.0666295
0.0644213
0.0618825
0.0581004
0.0537863
0.09795
0.0510578
0.105502
0.147811
0.073906
0.0725984
0.0785546
0.0841634
0.0854646
0.087003
0.0846745
0.0833019
0.0796058
0.0764956
0.0724696
0.0702945
0.0669175
0.0662057
0.0641053
0.063457
0.0610537
0.0581315
0.0541826
0.0504121
0.0929805
0.0548434
0.0860498
0.158356
0.0824513
0.0794533
0.083888
0.0895548
0.0899838
0.0898017
0.0859177
0.0835599
0.078755
0.0748568
0.070066
0.0673141
0.0630254
0.0615124
0.0590978
0.0585133
0.0560285
0.053206
0.0501528
0.0472117
0.0882923
0.0580159
0.0736136
0.164548
0.0951285
0.0868201
0.0853203
0.0889563
0.0868604
0.084084
0.0810852
0.0790637
0.0747114
0.0701235
0.0649948
0.0615745
0.057332
0.0557143
0.0536983
0.05272
0.050277
0.0480123
0.0462393
0.0442416
0.0841403
0.0604868
0.0682158
0.143766
0.108434
0.105153
0.0914518
0.0835993
0.0809947
0.07652
0.07273
0.0698522
0.0654266
0.0606001
0.0561437
0.052873
0.0495842
0.0483864
0.0474331
0.0469176
0.0450419
0.0438436
0.0430812
0.0421795
0.0821566
0.0624965
0.0632398
0.120115
0.113319
0.122598
0.112931
0.0936094
0.078025
0.0714178
0.0669581
0.0620004
0.0553752
0.0498051
0.045631
0.0424398
0.0404368
0.0405982
0.04122
0.0417941
0.0410711
0.0408831
0.0409123
0.0410412
0.0814685
0.0640384
0.0520463
0.110302
0.112862
0.131024
0.12856
0.115239
0.0926077
0.0729063
0.061532
0.055038
0.04727
0.0404893
0.0354609
0.0320252
0.0314127
0.0330961
0.0354267
0.0371397
0.0379475
0.0387757
0.0397406
0.0403434
0.0802046
0.0650286
0.034123
0.0866554
0.104897
0.13091
0.132875
0.127905
0.112889
0.0924888
0.0736681
0.0592903
0.0476427
0.0383369
0.0310306
0.0257738
0.0254259
0.0282773
0.0313457
0.0335336
0.0356462
0.0373855
0.0392905
0.0398086
0.0790661
0.0656512
0.0145942
0.0511553
0.0877336
0.123885
0.12984
0.129337
0.122364
0.108866
0.0931075
0.078242
0.0646467
0.0536861
0.0450218
0.0376436
0.0344519
0.0329492
0.0324647
0.0327338
0.0344555
0.0366079
0.0390159
0.0392021
0.0778198
0.0660004
0.0100691
0.0356344
0.0671616
0.108124
0.120811
0.125072
0.122985
0.115067
0.104186
0.0929023
0.0808247
0.0701827
0.0612836
0.0528398
0.0482646
0.0444255
0.0418479
0.0396121
0.0375679
0.0368077
0.0382952
0.038338
0.0765193
0.0671802
0.0234449
0.0514645
0.0590658
0.0903107
0.105283
0.115974
0.118981
0.115647
0.107901
0.0994479
0.0895585
0.0805108
0.0721553
0.0645985
0.0599786
0.0553879
0.0525497
0.0496968
0.04562
0.0416996
0.0404247
0.0392508
0.0766851
0.0689544
0.0377032
0.0649814
0.0566335
0.0778362
0.0871823
0.101286
0.1095
0.111344
0.107338
0.101065
0.0932607
0.0864135
0.0793348
0.0734212
0.0692804
0.0643917
0.0611415
0.0580385
0.0538341
0.0486602
0.0450361
0.042456
0.0795008
0.0714003
0.0491469
0.0720392
0.0529158
0.0670787
0.0727578
0.0847127
0.0953711
0.100858
0.101906
0.0991449
0.0938882
0.0891202
0.0840636
0.0799065
0.0765366
0.0724301
0.0702536
0.066704
0.0624604
0.0565182
0.0506752
0.0568873
0.0752721
0.0487461
0.0579788
0.0624588
0.0716939
0.0821521
0.0888327
0.0924887
0.0932909
0.0918974
0.0895991
0.086798
0.0844409
0.0827208
0.0792811
0.0766527
0.0727094
0.0694906
0.0633551
0.0551381
0.061155
0.0758967
0.044166
0.049933
0.0551185
0.0634567
0.0720292
0.0792535
0.0836316
0.086673
0.0883871
0.0883272
0.0883209
0.0875433
0.0870846
0.0862382
0.0846573
0.0808491
0.0770344
0.0699246
0.0635012
0.0751782
0.0396967
0.0448612
0.0513782
0.0580815
0.0647321
0.0719244
0.0762926
0.0808042
0.08432
0.0863617
0.0889781
0.0898103
0.0905728
0.0903769
0.0652427
0.0672371
0.0544513
0.0694848
0.0716343
0.0423011
0.0735716
0.0755085
0.0342028
0.0778467
0.0803654
0.0298861
0.0821837
0.0829217
0.033613
0.0831035
0.0830501
0.03878
0.0816857
0.0797958
0.0441851
0.074625
0.0678238
0.0489311
0.0617228
0.0573182
0.0529915
0.0545973
0.0539788
0.0565391
0.0540138
0.0535379
0.0593133
0.0531439
0.0516864
0.0614664
0.0495906
0.0472439
0.0632087
0.0439714
0.0395056
0.0645601
0.0336491
0.0267114
0.0653797
0.0189849
0.0117313
0.0657778
0.00575455
0.00214032
0.0664521
0.00281169
0.00729823
0.0680429
0.0129321
0.0189857
0.0699979
0.0248776
0.0302484
0.0735941
0.034869
0.0384738
0.0408648
0.0420285
0.0423366
0.0422301
0.042024
0.0419226
0.126078
0.110738
0.135383
0.131555
0.120522
0.115438
0.103002
0.126881
0.123725
0.120043
0.166141
0.163058
0.180759
0.111154
0.106967
0.0975477
0.116956
0.114559
0.110951
0.159648
0.156066
0.178291
0.103645
0.101252
0.095245
0.106928
0.103274
0.101909
0.151868
0.147219
0.175056
0.099277
0.0982529
0.0939375
0.0981767
0.0963762
0.0978129
0.141028
0.134737
0.168967
0.0986561
0.0991655
0.0947526
0.0955003
0.0968309
0.0993875
0.127065
0.120597
0.160015
0.0995866
0.100845
0.0964061
0.0981081
0.100497
0.10162
0.113168
0.107823
0.149656
0.102729
0.104725
0.100289
0.103512
0.106827
0.105746
0.100987
0.0967765
0.135924
0.10581
0.107349
0.102263
0.108863
0.112049
0.110299
0.0929662
0.0912214
0.123606
0.109539
0.112395
0.106125
0.113255
0.116647
0.114955
0.0902268
0.0882633
0.114493
0.113734
0.115356
0.112432
0.12013
0.125145
0.119938
0.087784
0.0864068
0.107199
0.120798
0.126676
0.117567
0.129013
0.135129
0.129152
0.085747
0.0844098
0.100911
0.132027
0.137907
0.112576
0.137562
0.141875
0.13983
0.0837031
0.0826838
0.0954951
0.141646
0.1412
0.0956152
0.147563
0.153645
0.152726
0.082098
0.0811218
0.0907522
0.13798
0.130519
0.0783018
0.161839
0.1731
0.164182
0.0802746
0.0793091
0.0862996
0.118371
0.105109
0.0703469
0.182645
0.186255
0.156954
0.07875
0.0780419
0.0828854
0.0958116
0.0916829
0.066576
0.189151
0.18196
0.130441
0.0780303
0.0775606
0.0810835
0.0880099
0.0841521
0.0584808
0.170994
0.158515
0.115566
0.0780343
0.0776743
0.0802247
0.0782189
0.0695985
0.0440617
0.150206
0.141695
0.10151
0.0778597
0.0775554
0.0793836
0.0566428
0.0423692
0.0238865
0.128713
0.113481
0.0700121
0.0776622
0.0772023
0.0785451
0.0278447
0.0168651
0.00823132
0.0906737
0.073207
0.0373731
0.0769477
0.0765233
0.0774518
0.0178024
0.0253518
0.0162269
0.0602174
0.0623582
0.0417752
0.0762354
0.0761049
0.0762702
0.034294
0.0420312
0.0307389
0.0738329
0.0776011
0.05822
0.0761328
0.076528
0.0772439
0.0493007
0.0549876
0.0438508
0.0828394
0.0847445
0.0691192
0.0774544
0.0802137
0.083693
0.0596842
0.0634517
0.0535258
0.0853049
0.0868585
0.0744793
0.0660913
0.0679862
0.0593387
0.0850453
0.085177
0.0760862
0.0692454
0.0701955
0.0625173
0.0824195
0.0813684
0.0758522
0.0707923
0.0711349
0.0641817
0.0785341
0.0773481
0.0746625
0.0124071
0.0162692
0.00896823
0.0120375
0.00526732
0.00758338
0.0107777
0.0142912
0.0069768
0.00969747
0.00330414
0.00592265
0.00474991
0.00599152
0.0081218
0.00804462
0.0100628
0.0100536
0.0102325
0.0117572
0.0095106
0.0115819
0.00592848
0.00931601
0.00647584
0.0058293
0.0119547
0.00215923
0.0161798
0.00228542
0.0196845
0.00439695
0.0223733
0.00589921
0.0243161
0.00674796
0.0257624
0.00726432
0.0268554
0.00752475
0.0281645
0.0077474
0.0300188
0.00830073
0.0318184
0.00883515
0.0342951
0.00971967
0.0368718
0.0109171
0.0393857
0.0123675
0.00671709
0.0070036
0.00910764
0.00900579
0.0108621
0.0111635
0.00981412
0.0117572
0.00794149
0.0106342
0.00478994
0.00763911
0.00938345
0.00397467
0.0141763
0.00149408
0.0180174
0.00341643
0.0211654
0.00524391
0.023383
0.00637491
0.0250167
0.00699546
0.026177
0.0073832
0.0273854
0.00761719
0.0290891
0.00798839
0.0308058
0.00854605
0.033013
0.009229
0.0355837
0.0102855
0.0381548
0.0116095
0.0406834
0.0132869
0.0278835
0.028832
0.022063
0.0246773
0.0143846
0.0193468
0.0305297
0.0252704
0.0269715
0.0183951
0.0221061
0.0100128
0.0165176
0.00682054
0.0138728
0.0135077
0.00898254
0.0213554
0.00370616
0.0285867
0.00339789
0.0351346
0.00875862
0.0405027
0.0139179
0.0461455
0.0197182
0.04428
0.0216538
0.0423842
0.0214182
0.0430646
0.0231121
0.0449584
0.0260441
0.043616
0.028018
0.040738
0.0282941
0.035738
0.026491
0.0258659
0.0186938
0.0143122
0.00713202
0.017548
0.0126384
0.014455
0.0159213
0.0134753
0.0149447
0.00729602
0.0102484
0.0105435
0.00449001
0.0144304
0.00231756
0.0157893
0.00461179
0.016022
0.00557501
0.00847261
0.0114427
0.0177832
0.00632793
0.0247953
0.0022491
0.0322502
0.00612386
0.0376156
0.0112493
0.044008
0.0169904
0.0458247
0.0212629
0.0438846
0.0216538
0.0420449
0.0219893
0.0442786
0.0245855
0.0448594
0.0272874
0.0426028
0.0282941
0.0387441
0.0279866
0.0315906
0.0234596
0.0187574
0.0124562
0.0158213
0.00813913
0.0171573
0.0153407
0.0145699
0.0159213
0.010782
0.0129105
0.00737843
0.00733274
0.0128556
0.00230707
0.0153696
0.00369068
0.0159859
0.00521148
0.0160422
0.00580775
0.0538756
0.0996384
0.0791801
0.0768199
0.0474302
0.0887759
0.0762134
0.0509586
0.0965095
0.0797224
0.07858
0.0793924
0.099516
0.103108
0.103797
0.0838561
0.0886898
0.09398
0.0926851
0.0961489
0.0992345
0.0420774
0.0179307
0.041551
0.0183435
0.0417574
0.0143385
0.0429665
0.0166003
0.0426506
0.0155157
0.0427522
0.0174042
0.0581264
0.108413
0.0730258
0.0879835
0.0819133
0.0736911
0.0633748
0.117949
0.0669391
0.0907966
0.0956034
0.0973555
0.0979673
0.0963247
0.0920312
0.0866554
0.0790022
0.0690971
0.12598
0.0655352
0.0868389
0.0929249
0.0946698
0.0971249
0.096389
0.0926817
0.0879132
0.0805837
0.0754783
0.134965
0.0654539
0.0692341
0.0659179
0.065667
0.0654447
0.0905392
0.0937615
0.0950085
0.0938561
0.0921945
0.105883
0.106312
0.113233
0.106733
0.106916
0.122178
0.106328
0.103295
0.131033
0.0979828
0.0927339
0.133689
0.0645627
0.0738494
0.0383512
0.0430931
0.0484276
0.0538781
0.0590422
0.0654068
0.0697306
0.0752139
0.0796328
0.0834215
0.0878601
0.0648164
0.0728113
0.038046
0.0415799
0.0455944
0.0498349
0.0537489
0.0590207
0.0636896
0.069476
0.0747076
0.0799112
0.0651067
0.0716553
0.0368864
0.0402054
0.043079
0.045953
0.0484899
0.0522966
0.0646451
0.0694381
0.0349825
0.0382592
0.0419203
0.0419382
0.0419337
0.041959
0.0418885
0.0416854
0.0413307
0.0408722
0.0860152
0.0567805
0.0620625
0.0684328
0.075066
0.0805724
0.0402556
0.0419208
0.0436621
0.0464989
0.0503977
0.0550098
0.0609924
0.0689021
0.0744007
0.0806832
0.0880388
0.0908054
0.09417
0.0946132
0.091077
0.086304
0.0845647
0.0831443
0.133875
0.0646903
0.0631767
0.0655331
0.0326847
0.0353147
0.0363784
0.0367532
0.0378515
0.0397729
0.0427257
0.0469791
0.0529986
0.060941
0.0674312
0.0733256
0.0826564
0.088592
0.0928712
0.0941497
0.090667
0.0907157
0.095998
0.0893848
0.122229
0.0610403
0.061169
0.061566
0.0310841
0.0326882
0.0327765
0.0318284
0.0320553
0.0331741
0.0353308
0.0390321
0.0447894
0.0523653
0.0613267
0.0666313
0.0732848
0.0812163
0.0888502
0.0929041
0.0951264
0.101358
0.104899
0.0895353
0.107675
0.050914
0.0584643
0.0590168
0.0306844
0.0314979
0.0304323
0.0280152
0.0266815
0.0262763
0.0273059
0.0311232
0.0372836
0.0444627
0.0539939
0.0627387
0.0696653
0.0762788
0.0848531
0.0958059
0.104476
0.110464
0.108423
0.0846106
0.0889645
0.0377478
0.0553797
0.0570923
0.0302877
0.0310706
0.029611
0.0264178
0.0241423
0.0229098
0.0227808
0.0259437
0.0321078
0.040477
0.0497901
0.0594603
0.0695854
0.0805762
0.0932524
0.106047
0.112142
0.114149
0.108184
0.0754319
0.0684448
0.0275321
0.0527614
0.0549433
0.0292594
0.0300655
0.0299348
0.0285649
0.0277973
0.0275521
0.0284573
0.0323805
0.0389192
0.0476806
0.0570893
0.067723
0.0795042
0.0918648
0.104252
0.112516
0.114184
0.113433
0.104526
0.0635104
0.0525915
0.0226094
0.0521729
0.0543643
0.0309915
0.0333071
0.0348731
0.0344266
0.0344194
0.0353851
0.0377049
0.0422203
0.0493732
0.0588759
0.0685858
0.0793617
0.0902289
0.100687
0.109433
0.113042
0.112598
0.109944
0.0971661
0.0541202
0.0543184
0.0248942
0.0534501
0.0581908
0.0347861
0.0380542
0.0398532
0.0403164
0.0413026
0.0433041
0.0464773
0.051475
0.0589494
0.0688158
0.0779584
0.0882177
0.0969869
0.104774
0.110291
0.111701
0.109815
0.103471
0.0871175
0.047857
0.0611018
0.0303265
0.0567435
0.0633279
0.0383611
0.0413509
0.042762
0.0448659
0.0472436
0.0501488
0.05381
0.0587713
0.0657924
0.0752418
0.0838041
0.0931041
0.1005
0.107218
0.110376
0.109662
0.105441
0.0944833
0.0794577
0.0475446
0.067876
0.0368854
0.0611917
0.0694508
0.0410909
0.044116
0.0458298
0.0493647
0.0520002
0.0545157
0.0584245
0.0637342
0.0709454
0.0792216
0.0870883
0.0948269
0.10147
0.106098
0.106617
0.104045
0.0963036
0.0831663
0.0704976
0.0474491
0.0738312
0.0434867
0.0662613
0.0759353
0.0440608
0.0476252
0.0499625
0.0533702
0.055474
0.0576129
0.0616277
0.0668211
0.0740832
0.0808699
0.0880177
0.0945526
0.0994783
0.101347
0.0999899
0.0953561
0.0853908
0.0734756
0.0626869
0.0473637
0.0789694
0.0491438
0.0716175
0.0826585
0.0470376
0.0504425
0.0530046
0.0554247
0.057687
0.0608398
0.0654347
0.070344
0.0760659
0.0810195
0.0865702
0.0913135
0.0937027
0.093321
0.0903791
0.0842066
0.0747136
0.0648908
0.0563141
0.0463585
0.0817552
0.0529595
0.0765312
0.0894717
0.049796
0.0523206
0.0549983
0.0570463
0.0605149
0.0652134
0.0693028
0.0730578
0.0765064
0.0802773
0.0841132
0.0869106
0.0872671
0.0858723
0.0831566
0.0773221
0.0695944
0.0616503
0.0525184
0.0441545
0.0819579
0.0546133
0.0801982
0.0958422
0.0524427
0.0546062
0.0578147
0.0610695
0.0656267
0.0695605
0.0713414
0.0736065
0.0757751
0.0787077
0.0807774
0.0820853
0.0820951
0.0804564
0.0769817
0.0712739
0.0640011
0.0574356
0.049386
0.0430267
0.081208
0.0549362
0.0824266
0.100401
0.0544381
0.0566946
0.0594596
0.0627894
0.0656553
0.067606
0.0696612
0.0722676
0.0745164
0.0769198
0.0782195
0.0788074
0.0786085
0.0761107
0.0721841
0.0681824
0.0611869
0.0560924
0.0487738
0.0429664
0.0814441
0.0549215
0.0835292
0.102385
0.0550772
0.0573092
0.0595165
0.0626057
0.0654257
0.0678699
0.0706566
0.0728692
0.0753561
0.0771822
0.0776453
0.0772019
0.0758332
0.0721911
0.0676096
0.063341
0.0558718
0.0514008
0.0452556
0.041192
0.0795961
0.0547227
0.0840006
0.1024
0.0544878
0.0564722
0.0587266
0.061326
0.0647142
0.0673518
0.0701728
0.073079
0.075814
0.077241
0.0773492
0.0760351
0.0729063
0.068436
0.0637713
0.0592235
0.0528245
0.0484256
0.0436015
0.0400744
0.0769389
0.0543003
0.0845703
0.101577
0.0536582
0.0550501
0.0577748
0.0607129
0.0640072
0.0667497
0.0699756
0.0733214
0.0754579
0.0763294
0.0758627
0.0740966
0.0701939
0.0657994
0.0608464
0.0546647
0.0487889
0.0446473
0.0413457
0.0381987
0.0727443
0.0536172
0.0853318
0.100406
0.0534619
0.0555903
0.0579669
0.0596607
0.0623729
0.0661223
0.0697037
0.072048
0.072909
0.0731022
0.0725502
0.0705977
0.066453
0.0620466
0.056918
0.0508857
0.0459503
0.0422822
0.0392738
0.0360208
0.0684327
0.0525319
0.0845401
0.0969484
0.0528026
0.05644
0.060573
0.0649198
0.0654779
0.0639931
0.0658088
0.0675812
0.069015
0.06954
0.0687183
0.0656404
0.0609144
0.0555446
0.0498653
0.0442516
0.0399004
0.0371663
0.0346392
0.0324794
0.0626632
0.0516023
0.082966
0.0965479
0.103657
0.111244
0.12062
0.131859
0.145108
0.143797
0.137304
0.129668
0.135852
0.138231
0.135702
0.127866
0.117533
0.105008
0.0923956
0.0809109
0.0733127
0.0694594
0.0660084
0.0660644
0.0608014
0.0502794
0.0993556
0.108621
0.113466
0.120756
0.130863
0.144449
0.162141
0.177554
0.176958
0.16419
0.149192
0.143163
0.138994
0.130585
0.118848
0.100538
0.0820413
0.0724006
0.0730979
0.0750703
0.0768185
0.0784982
0.0758964
0.0661277
0.0634831
0.0403873
0.0399374
0.0568625
0.0395579
0.0392707
0.0443505
0.0390698
0.0389129
0.0321307
0.0387822
0.0386754
0.024515
0.0388884
0.0393672
0.0225816
0.0400248
0.0407923
0.0271108
0.0417251
0.0428769
0.0333399
0.0441537
0.0455588
0.0401445
0.0469517
0.0483823
0.0464623
0.0497626
0.0511741
0.0513346
0.0525983
0.0540747
0.0540436
0.0555225
0.0569088
0.0548724
0.0581845
0.0592962
0.0549975
0.0602157
0.0609583
0.0548442
0.0614794
0.0618912
0.0545353
0.0621734
0.0623383
0.0539287
0.0625019
0.062564
0.0531146
0.0626033
0.0624025
0.052083
0.061703
0.0604254
0.0510209
0.0598313
0.0622256
0.0530775
0.0720088
0.105172
0.111116
0.116275
0.12444
0.136185
0.150905
0.168282
0.181327
0.172164
0.156486
0.144799
0.141892
0.137119
0.127794
0.115179
0.094897
0.0776781
0.0730534
0.0740036
0.0752692
0.0776728
0.0777582
0.0755902
0.0712288
0.0711593
0.0647486
0.0750631
0.0741479
0.0730366
0.0708983
0.0707744
0.0649715
0.0743905
0.0730599
0.0723122
0.0704089
0.0698025
0.0650453
0.0718744
0.0700018
0.0707446
0.0688326
0.0676789
0.0640024
0.067889
0.0658393
0.0677585
0.0890088
0.0856954
0.125254
0.0663752
0.0652863
0.0622714
0.0631596
0.0615783
0.063541
0.0843253
0.0798901
0.114362
0.0642322
0.0632102
0.0599019
0.0596447
0.0592007
0.0602753
0.0734819
0.0657557
0.098914
0.0619955
0.0606019
0.0569413
0.0584471
0.0586614
0.0582048
0.0574282
0.0504526
0.0797895
0.0589985
0.0571707
0.0538837
0.057667
0.0579188
0.0563273
0.0439814
0.0402177
0.0620234
0.0554247
0.0540422
0.0520438
0.0562971
0.0561734
0.0540574
0.0367959
0.0373171
0.0509569
0.0540598
0.0547812
0.0525407
0.0573473
0.0586188
0.0556975
0.0408955
0.0424851
0.0544103
0.0563656
0.0582883
0.0549367
0.0622844
0.0645546
0.06024
0.047303
0.0502635
0.0623368
0.060656
0.0633296
0.0589154
0.068914
0.0715702
0.066148
0.0549753
0.0584691
0.0703539
0.0662304
0.0694145
0.0637323
0.0750689
0.0772852
0.07259
0.0622685
0.0655232
0.0765923
0.0726024
0.0760756
0.0689726
0.0804953
0.0831384
0.0793388
0.0683204
0.0707473
0.0814552
0.0794614
0.0829659
0.0742211
0.086356
0.0895833
0.0861939
0.0721914
0.073394
0.0827328
0.086218
0.0891879
0.0785407
0.0926763
0.0961179
0.0929533
0.0738027
0.0741129
0.0818746
0.0915124
0.093003
0.081455
0.0988753
0.101818
0.0985066
0.0739798
0.0742298
0.0814059
0.0937183
0.0938738
0.0831411
0.103907
0.10629
0.101898
0.0739939
0.0733847
0.079663
0.0935943
0.0933751
0.0838247
0.107481
0.108834
0.102688
0.0731681
0.0719802
0.0774801
0.0931901
0.0930212
0.0841567
0.109073
0.108558
0.101889
0.0712769
0.0694879
0.0739485
0.0935058
0.0934922
0.0848387
0.108287
0.106719
0.100475
0.0684518
0.0664833
0.0703255
0.0942291
0.0936423
0.0852811
0.105593
0.102687
0.0983254
0.0645147
0.0621378
0.0654534
0.092781
0.0916706
0.0831554
0.101114
0.0999021
0.0959395
0.0601687
0.058707
0.0610037
0.0924124
0.0943192
0.084248
0.100458
0.100579
0.0978256
0.107
0.105969
0.102901
0.115479
0.114557
0.110169
0.123862
0.125218
0.120688
0.136251
0.138214
0.133063
0.144853
0.152002
0.148212
0.141248
0.152208
0.155306
0.132139
0.141914
0.146354
0.132975
0.132137
0.134611
0.136877
0.13588
0.134146
0.137461
0.134315
0.135932
0.133166
0.128841
0.131254
0.125469
0.120504
0.123195
0.115843
0.111866
0.113307
0.102632
0.0989403
0.101515
0.0897684
0.0840009
0.0884359
0.0780627
0.072038
0.075637
0.0714724
0.0651993
0.0673867
0.0670711
0.0658535
0.0648097
0.0662051
0.0681354
0.0676469
0.0647522
0.0671389
0.0682064
0.0573306
0.0581608
0.0630505
0.0409996
0.0184471
0.0401556
0.0192355
0.0405957
0.0209309
0.0400175
0.0227635
0.040229
0.0186782
0.0405115
0.0200482
0.0406778
0.021933
0.039187
0.0233212
0.0381002
0.0236065
0.0356436
0.0230509
0.0283737
0.017475
0.0164563
0.00806817
0.00623414
0.00397782
0.00469994
0.00779641
0.00331365
0.00856281
0.00336636
0.00783441
0.0087301
0.00520781
0.0142243
0.00188096
0.0188065
0.00376051
0.0219181
0.00658017
0.0234801
0.00840366
0.0243256
0.00952172
0.0249976
0.0103408
0.0253682
0.0108319
0.0260442
0.011309
0.0267666
0.0117765
0.0282171
0.0122209
0.0309101
0.0132712
0.0336426
0.0146307
0.0453607
0.0203085
0.0369513
0.0236065
0.032895
0.02101
0.0227121
0.0129791
0.0106305
0.00414626
0.00499229
0.0063754
0.00389347
0.00856281
0.00253167
0.00837624
0.00564621
0.00661042
0.0114894
0.00346579
0.0166461
0.00204772
0.0205855
0.00529159
0.0228769
0.00761577
0.0239577
0.00901937
0.0247448
0.00997235
0.0251922
0.0106138
0.0257006
0.0110752
0.0265625
0.011604
0.0273302
0.0119474
0.0293941
0.012642
0.0322489
0.0139724
0.0389256
0.0169552
0.0160442
0.00597171
0.0158795
0.00610295
0.0156964
0.0060546
0.0151559
0.00566887
0.0159852
0.00607736
0.0158177
0.00610295
0.0154915
0.00591532
0.0147119
0.00533626
0.0142307
0.0049614
0.0133703
0.00421415
0.0127594
0.00354512
0.0123121
0.00290777
0.012118
0.00238538
0.0129813
0.00228679
0.0142261
0.00258524
0.0160552
0.00332536
0.0182172
0.00448015
0.020557
0.0058641
0.0230491
0.00737368
0.0255396
0.00897768
0.0276825
0.0104868
0.0293226
0.0117542
0.0305257
0.0127598
0.031519
0.0135985
0.0324962
0.0143928
0.0335253
0.0152328
0.0341228
0.0159172
0.034375
0.0163759
0.038526
0.0185957
0.0137767
0.00458183
0.013032
0.00386988
0.0125226
0.00322463
0.0121332
0.00261199
0.0124591
0.00225704
0.0135506
0.00239969
0.0150963
0.00289947
0.0171294
0.00386762
0.0193783
0.00515627
0.0217924
0.0066037
0.0243279
0.00817629
0.0266651
0.00975329
0.028568
0.0111569
0.029996
0.0122961
0.0310414
0.0131903
0.031957
0.0139785
0.0329891
0.0148047
0.0339779
0.0156355
0.0339993
0.0160366
0.035984
0.0173809
)
;

boundaryField
{
    inlet
    {
        type            zeroGradient;
    }
    outlet
    {
        type            zeroGradient;
    }
    wall
    {
        type            zeroGradient;
    }
    empty_zmin
    {
        type            empty;
    }
    empty_zmax
    {
        type            empty;
    }
    procBoundary1to0
    {
        type            processor;
        value           nonuniform List<scalar> 
35
(
0.106642
0.102358
0.0981758
0.095721
0.0936907
0.0936907
0.183339
0.118608
0.172128
0.0723783
0.0464474
0.0536796
0.0626152
0.0571809
0.0404264
0.045628
0.0511943
0.0548007
0.0680687
0.0987155
0.0127692
0.0176728
0.115601
0.135241
0.0696563
0.0696563
0.0734551
0.0751348
0.0753292
0.0662706
0.131069
0.137013
0.0322831
0.0304198
0.0304198
)
;
    }
}


// ************************************************************************* //
