/*--------------------------------*- C++ -*----------------------------------*\
| =========                 |                                                 |
| \\      /  F ield         | OpenFOAM: The Open Source CFD Toolbox           |
|  \\    /   O peration     | Version:  2406                                  |
|   \\  /    A nd           | Website:  www.openfoam.com                      |
|    \\/     M anipulation  |                                                 |
\*---------------------------------------------------------------------------*/
FoamFile
{
    version     2.0;
    format      ascii;
    arch        "LSB;label=32;scalar=64";
    class       volScalarField;
    location    "2.37";
    object      Co;
}
// * * * * * * * * * * * * * * * * * * * * * * * * * * * * * * * * * * * * * //

dimensions      [0 0 0 0 0 0 0];

internalField   nonuniform List<scalar> 
2285
(
0.0617663
0.0600444
0.0624448
0.0608843
0.0553389
0.0551008
0.0585659
0.0571938
0.0563339
0.0558223
0.0554817
0.0552954
0.11001
0.0887311
0.0888591
0.10759
0.107833
0.110334
0.0595022
0.058108
0.0571974
0.0563816
0.0557353
0.0554513
0.110396
0.0889377
0.0562656
0.0558843
0.0555792
0.0554775
0.110698
0.0890011
0.0558989
0.0556322
0.0554579
0.0555519
0.111186
0.0888812
0.0556607
0.0555064
0.0554938
0.0556917
0.111621
0.0884605
0.055449
0.0553744
0.0554736
0.0557184
0.111562
0.0877357
0.0554501
0.0553387
0.0554179
0.0556673
0.11143
0.0868435
0.0552736
0.0553497
0.055617
0.111316
0.0858099
0.055117
0.0552152
0.0555002
0.11106
0.0846639
0.0553991
0.110868
0.0834824
0.0553243
0.110646
0.0822572
0.0552315
0.110403
0.0809844
0.0890197
0.0890204
0.0887292
0.0881365
0.0873412
0.0863247
0.0852576
0.0840741
0.0828656
0.0816183
0.0803431
0.108025
0.108264
0.110646
0.108391
0.108706
0.110933
0.108829
0.109
0.111465
0.109052
0.10903
0.111701
0.10893
0.108964
0.111902
0.108656
0.108635
0.111756
0.108329
0.108293
0.111647
0.107887
0.10784
0.11142
0.10743
0.107335
0.111151
0.106948
0.10684
0.110921
0.106425
0.10632
0.110681
0.0399451
0.0154264
0.0398322
0.0152562
0.0395222
0.0150062
0.0387754
0.0144262
0.0376635
0.0136649
0.0362465
0.012776
0.0346122
0.0118381
0.0328899
0.0108779
0.0311145
0.00997411
0.0294861
0.0091937
0.0279898
0.00849321
0.0267038
0.00793842
0.0256219
0.00750414
0.039211
0.0147431
0.0383428
0.0140902
0.0369699
0.0132216
0.0354829
0.0123199
0.0338016
0.0113747
0.0319662
0.0103948
0.0303073
0.00958291
0.0287153
0.00882915
0.0273038
0.00819061
0.0261474
0.00771142
0.0251456
0.0073227
0.0547826
0.0562468
0.0573974
0.0580251
0.0577003
0.0521397
0.0523692
0.0533173
0.0549681
0.0559737
0.0559804
0.0553379
0.0517084
0.049783
0.049777
0.0524305
0.0556742
0.0554363
0.0549216
0.0543356
0.0539852
0.0537021
0.0502301
0.0499568
0.0499998
0.0516584
0.0532712
0.0533559
0.0529362
0.0501066
0.0488836
0.0495766
0.052996
0.0566319
0.0563841
0.0553402
0.0544734
0.0540156
0.053722
0.100921
0.110823
0.0553723
0.0998494
0.11105
0.0555782
0.0983205
0.110757
0.0556041
0.0561929
0.0573269
0.0595408
0.0591008
0.0966276
0.109905
0.0554328
0.0561005
0.0570716
0.0591048
0.0599902
0.0580095
0.0953417
0.108714
0.0550574
0.0559109
0.0568605
0.0584979
0.0598112
0.0594536
0.094051
0.106975
0.054275
0.0552914
0.0563356
0.0577597
0.0589337
0.0594276
0.0929814
0.105242
0.0530995
0.0539701
0.0660085
0.0649141
0.0638904
0.0629752
0.0621978
0.0616512
0.0613956
0.0614642
0.0616518
0.0619565
0.062329
0.0627094
0.0630596
0.0633306
0.109459
0.109523
0.100454
0.110743
0.11113
0.111074
0.10943
0.109214
0.0991493
0.11113
0.111269
0.111038
0.108738
0.108106
0.0974545
0.110997
0.110886
0.110459
0.107388
0.106677
0.0959862
0.110373
0.110057
0.109416
0.105907
0.105101
0.0946929
0.109503
0.108951
0.107925
0.104251
0.103422
0.0934669
0.108102
0.107228
0.106098
0.102602
0.101835
0.0926013
0.106123
0.105268
0.104494
0.021535
0.00702137
0.0210367
0.00671072
0.020533
0.00634622
0.0206166
0.00625831
0.0211311
0.00644738
0.0217906
0.00675162
0.0223999
0.00713213
0.0212909
0.00688006
0.0207812
0.00652387
0.0204162
0.00623377
0.0208747
0.00634578
0.0214391
0.00657896
0.0221204
0.00694327
0.0226215
0.00730471
0.0923128
0.103619
0.0517716
0.0537637
0.0538745
0.106632
0.0637524
0.0920865
0.101761
0.0505523
0.0537674
0.0538528
0.106461
0.0629574
0.0923019
0.100936
0.0500507
0.0490086
0.0478228
0.0467255
0.0473471
0.0489465
0.0496289
0.0493819
0.0472098
0.04728
0.0504749
0.0556034
0.0577974
0.0564457
0.0553133
0.0544552
0.0539884
0.0537346
0.0537464
0.0537953
0.106111
0.0624095
0.0930327
0.101202
0.050488
0.0496334
0.0482262
0.0457943
0.0437662
0.0437535
0.0448385
0.0454463
0.0446678
0.0489116
0.0547082
0.0577528
0.0579413
0.0564127
0.0553758
0.0545704
0.0540899
0.0538442
0.0537545
0.0537327
0.105727
0.0620874
0.0942274
0.102463
0.0516805
0.0509516
0.0494648
0.0470115
0.0448637
0.0441511
0.0439893
0.0458546
0.0496784
0.0546953
0.0574572
0.0584299
0.057785
0.0565248
0.0555493
0.0547935
0.0542359
0.0539283
0.0537121
0.0535812
0.105265
0.061913
0.0953043
0.104629
0.053627
0.0532784
0.0517651
0.0488928
0.0465863
0.0462353
0.0475156
0.0512152
0.0546377
0.0571425
0.0583225
0.0582677
0.0573661
0.0563388
0.0553482
0.0546507
0.0540562
0.053723
0.0534756
0.0532728
0.104707
0.0618046
0.096193
0.106991
0.0554489
0.0554672
0.0538902
0.0507294
0.049332
0.0500753
0.0522192
0.0548811
0.0563572
0.0574482
0.0576069
0.0570218
0.056159
0.0552078
0.0543525
0.053769
0.0532932
0.0530786
0.0529827
0.0528902
0.104104
0.0617102
0.096872
0.109078
0.0560784
0.0563418
0.0552428
0.0524219
0.0520901
0.0531419
0.0548009
0.0560089
0.0565273
0.0566963
0.0557637
0.0549206
0.054113
0.0531992
0.0526798
0.0523448
0.0521757
0.0522424
0.052423
0.0525633
0.10357
0.0615584
0.0970604
0.109885
0.0553732
0.0557939
0.055408
0.0531531
0.0529153
0.0535901
0.0548693
0.0558151
0.0559569
0.0549745
0.0532581
0.0522497
0.051642
0.0508611
0.050775
0.0509091
0.0511776
0.0516035
0.0520625
0.0523898
0.103279
0.0612218
0.0964976
0.110657
0.0553468
0.0554332
0.0548706
0.0528064
0.0520388
0.052159
0.0532368
0.0543722
0.0537676
0.0515893
0.0498684
0.0490272
0.0490017
0.0486876
0.0492585
0.0500783
0.0507435
0.051382
0.0519596
0.0523592
0.103297
0.0607025
0.0953741
0.11099
0.0557062
0.0561926
0.0559728
0.0530901
0.05088
0.0502916
0.0506414
0.0515167
0.0495685
0.0468285
0.0459102
0.045423
0.0465044
0.0479679
0.049526
0.0504459
0.0510557
0.0516152
0.0520768
0.0524017
0.103384
0.0601008
0.0940341
0.111065
0.0559368
0.0564862
0.0569401
0.0554332
0.0522813
0.0490915
0.0480175
0.0480524
0.04505
0.042842
0.0424348
0.042882
0.0459675
0.0488775
0.0505662
0.0513864
0.0518661
0.0522195
0.0524928
0.0526745
0.103716
0.0594799
0.0924558
0.110503
0.055898
0.0564246
0.0571975
0.0568309
0.0554048
0.0529918
0.0498645
0.048083
0.045913
0.0440703
0.0436761
0.0444579
0.0472566
0.0505406
0.0523138
0.0528921
0.0529615
0.0529775
0.0529992
0.0530541
0.104206
0.0589906
0.0908693
0.109207
0.0554415
0.0558888
0.0567466
0.0571679
0.0565866
0.0555692
0.0535353
0.0508616
0.0485673
0.0464749
0.0454677
0.0460288
0.0485766
0.0521292
0.0538128
0.0540021
0.0536543
0.0533998
0.0532931
0.0533345
0.104725
0.0586716
0.0896727
0.107556
0.0545829
0.0551067
0.0556955
0.0564136
0.0567746
0.0564906
0.0559207
0.0542487
0.0522021
0.0490611
0.047141
0.0472065
0.0492275
0.0529708
0.0544217
0.0541423
0.053589
0.0532788
0.0532354
0.053398
0.105168
0.0584512
0.0888283
0.10577
0.053258
0.0538335
0.0543842
0.0550192
0.0560234
0.0564087
0.0565399
0.0556814
0.0546118
0.0519104
0.0499744
0.0494063
0.0504452
0.0536287
0.0543642
0.0536801
0.0530182
0.0528282
0.0531329
0.0534676
0.105459
0.0582358
0.0880934
0.103294
0.0515891
0.0519171
0.0523169
0.0524489
0.0536031
0.0546177
0.055302
0.0555408
0.0549127
0.0525587
0.0509832
0.050248
0.0509386
0.0534354
0.053923
0.0536929
0.0533766
0.053117
0.0532083
0.0534064
0.105369
0.0579497
0.0877641
0.100319
0.0501059
0.0501966
0.050534
0.0503127
0.0508735
0.0518288
0.0521523
0.0530776
0.0532583
0.0516107
0.0506225
0.0501799
0.0511582
0.0537611
0.0544927
0.0539576
0.0534982
0.0531608
0.0530307
0.0530584
0.104584
0.0573881
0.0863771
0.0973293
0.0485875
0.0481848
0.0478216
0.0471718
0.0473442
0.048419
0.0487146
0.0491285
0.0491158
0.0484308
0.0482897
0.0495547
0.0525806
0.0550042
0.0548544
0.0542763
0.0537649
0.0533026
0.0528776
0.0524436
0.102792
0.0557331
0.0851843
0.0972475
0.098821
0.0980904
0.0956958
0.0917906
0.0903823
0.0912466
0.0934517
0.0934769
0.0953459
0.0942483
0.0958337
0.101888
0.108356
0.111216
0.110919
0.10984
0.108865
0.107994
0.107488
0.106896
0.101837
0.0530668
0.103455
0.111515
0.112193
0.110312
0.107103
0.103031
0.10103
0.0999118
0.100366
0.100716
0.101459
0.1071
0.11223
0.118065
0.121219
0.122877
0.122339
0.121041
0.119904
0.119093
0.118542
0.1182
0.114415
0.0616402
0.0634985
0.063568
0.0633266
0.0635794
0.0635633
0.0626503
0.063517
0.063431
0.0622236
0.0631997
0.062765
0.0619859
0.0621193
0.0613487
0.0618543
0.0605482
0.0598169
0.0617575
0.0592234
0.0588017
0.0616509
0.0585354
0.0583899
0.0614135
0.0582979
0.0582096
0.0609752
0.0582061
0.0582935
0.06041
0.0583228
0.058311
0.0597831
0.0583011
0.0582567
0.0592134
0.0581605
0.0580131
0.0588111
0.0578231
0.0575868
0.0585517
0.0572921
0.0569363
0.0583423
0.0565508
0.0562427
0.0580998
0.056172
0.0561726
0.0577347
0.0561193
0.0559625
0.0567518
0.055338
0.0542339
0.0542736
0.0536015
0.0557935
0.0546962
0.0640867
0.109455
0.112182
0.11195
0.10988
0.106535
0.102682
0.100751
0.0997182
0.100482
0.100134
0.103683
0.108824
0.113998
0.118574
0.121455
0.12285
0.1217
0.120327
0.119379
0.11872
0.118288
0.117552
0.103268
0.101082
0.100443
0.0921313
0.104103
0.10327
0.102715
0.097977
0.0977067
0.106637
0.0999692
0.0997454
0.0921491
0.102063
0.101328
0.10108
0.097376
0.0970874
0.106361
0.0997788
0.0998092
0.0925723
0.100893
0.100917
0.101016
0.0967724
0.0965074
0.105968
0.100035
0.100537
0.0936359
0.101261
0.101632
0.101684
0.0962058
0.0959216
0.105538
0.101244
0.102102
0.0947922
0.10268
0.103606
0.10345
0.0956068
0.0953191
0.105023
0.103045
0.104044
0.0957564
0.10526
0.106607
0.105777
0.0950299
0.0947944
0.104418
0.105107
0.106175
0.0965989
0.108291
0.109651
0.108109
0.0945885
0.0944277
0.103846
0.107056
0.107618
0.0969767
0.1106
0.111113
0.109723
0.0943014
0.0942135
0.103397
0.107942
0.108353
0.0969088
0.110792
0.110254
0.110112
0.0941781
0.0941732
0.103251
0.108467
0.108398
0.0959803
0.110949
0.111102
0.110803
0.0941979
0.0942186
0.103283
0.108255
0.107967
0.0947248
0.111424
0.111585
0.111108
0.0942908
0.094341
0.103413
0.107563
0.107027
0.0932588
0.111744
0.111643
0.110907
0.0944395
0.0944926
0.103775
0.106381
0.10567
0.0916338
0.111674
0.111042
0.109848
0.0945774
0.094609
0.104263
0.104916
0.104093
0.0902021
0.110683
0.109802
0.108376
0.0946865
0.0947111
0.104717
0.103261
0.102381
0.0892451
0.10914
0.107997
0.10668
0.094779
0.094759
0.105048
0.101382
0.100258
0.0883888
0.107155
0.105521
0.104497
0.0947442
0.0945319
0.105192
0.0992589
0.0983347
0.0879473
0.104267
0.102429
0.101778
0.0942861
0.0937831
0.104674
0.0974814
0.0964737
0.0874138
0.10116
0.0991529
0.0985949
0.0931924
0.0920599
0.103266
0.095269
0.0944246
0.0852588
0.0977968
0.097019
0.0966483
0.0907373
0.0889681
0.101328
0.0948833
0.096652
0.0868672
0.097818
0.0996335
0.0986844
0.0993607
0.100465
0.100339
0.0979787
0.0989189
0.0990832
0.0951594
0.0959356
0.096471
0.0918627
0.0924486
0.0927504
0.0903508
0.0902243
0.0904975
0.0926795
0.0901368
0.0897518
0.0930805
0.0915945
0.0913204
0.0945542
0.0924725
0.0920181
0.0945866
0.0939934
0.0936488
0.0939148
0.0946184
0.0946147
0.096429
0.099839
0.0977988
0.103886
0.106644
0.104956
0.108838
0.110299
0.110129
0.111307
0.112051
0.111911
0.1104
0.110942
0.111545
0.109302
0.109699
0.110356
0.10828
0.108693
0.109277
0.107721
0.108083
0.108419
0.10708
0.107551
0.10787
0.105805
0.106678
0.107403
0.0879846
0.088457
0.103126
0.0220668
0.00724592
0.0218287
0.00711988
0.0216902
0.00705004
0.0217081
0.00705536
0.0218024
0.00710922
0.0219032
0.00718909
0.0219945
0.0072947
0.022002
0.00739009
0.0219311
0.00742266
0.0218104
0.00741855
0.0216486
0.00737292
0.021433
0.00727874
0.0212565
0.00720281
0.0211663
0.00717375
0.02113
0.00717053
0.0210954
0.0071605
0.021025
0.00714433
0.0208789
0.00712032
0.0203799
0.00697879
0.019773
0.0068733
0.0210724
0.00687482
0.0219358
0.00717769
0.0217407
0.00707516
0.0216785
0.00704338
0.0217555
0.00707902
0.0218546
0.00714635
0.0219532
0.0072392
0.0220176
0.00734877
0.0219607
0.00741457
0.0218747
0.00742266
0.0217326
0.00740276
0.0215395
0.00732679
0.0213335
0.0072348
0.0211993
0.00718257
0.0211398
0.00717054
0.0211117
0.00716674
0.0210566
0.00714841
0.0209768
0.00714108
0.0206779
0.00706293
0.019996
0.00687357
0.0212593
0.0072114
0.0227821
0.00745289
0.0229766
0.00769392
0.0231192
0.00796168
0.0229594
0.00811632
0.0226873
0.00806527
0.022051
0.00773603
0.0213817
0.00734886
0.020987
0.00711096
0.0208705
0.00698859
0.0208417
0.00691676
0.0209397
0.0069922
0.0209607
0.00703999
0.0209331
0.00708604
0.0208492
0.00709422
0.0207322
0.00705727
0.0204455
0.00685878
0.0204674
0.00681375
0.0207679
0.00694341
0.0211161
0.00720055
0.0216245
0.00772415
0.0227534
0.00788463
0.0228925
0.00757817
0.0230709
0.00782532
0.0230703
0.00807251
0.0228657
0.00811632
0.0223976
0.00792589
0.0216966
0.00753261
0.0211395
0.00720667
0.0209145
0.00704719
0.0207996
0.00692697
0.0209311
0.00696396
0.020943
0.00701215
0.0209626
0.00706948
0.0209038
0.00709422
0.0208039
0.00709255
0.020621
0.00697631
0.0202893
0.00676405
0.0206283
0.00688059
0.0210059
0.00706945
0.0212292
0.0073696
0.0227505
0.00810409
0.0587442
0.0598372
0.0615267
0.0633731
0.0656457
0.134739
0.0878495
0.014403
0.0148176
0.0871256
0.0670488
0.0642288
0.0952192
0.0172365
0.0276984
0.0223657
0.11398
0.111475
0.114923
0.114616
0.130348
0.125258
0.135574
0.00696692
0.006287
0.0744533
0.0107983
0.0194448
0.0171382
0.131798
0.127833
0.0788016
0.052832
0.0528185
0.043715
0.0488884
0.0540514
0.0550744
0.0548459
0.0542143
0.0537144
0.0533441
0.0582989
0.0555561
0.0489301
0.0456115
0.0458555
0.0502133
0.0557818
0.0566525
0.0556984
0.0546312
0.0539391
0.0534429
0.056138
0.0513874
0.0489479
0.0487172
0.0518528
0.0563759
0.0563989
0.0551965
0.0541613
0.0536465
0.0534178
0.111892
0.115328
0.0585553
0.0593265
0.0605822
0.0631698
0.066137
0.062452
0.0686529
0.0265733
0.00970251
0.0488843
0.066218
0.0647426
0.11254
0.11497
0.0579973
0.0583634
0.0601314
0.0622019
0.0623592
0.0575712
0.0164816
0.0171555
0.00417952
0.0472655
0.0636744
0.0632152
0.0610677
0.0590814
0.0573672
0.0565915
0.113354
0.1153
0.0580493
0.0590082
0.0590935
0.0593774
0.0596366
0.0549781
0.0171974
0.0197808
0.00371312
0.0464862
0.0616063
0.0616487
0.0594666
0.0587496
0.0575866
0.0562288
0.113592
0.115473
0.0583135
0.0590895
0.0595094
0.0595157
0.0588807
0.0527645
0.0131524
0.0144249
0.00374854
0.0520766
0.064792
0.0630407
0.059509
0.0571779
0.0559818
0.0559203
0.113774
0.116032
0.0578584
0.058042
0.0586164
0.058869
0.0583781
0.0508029
0.0112587
0.01151
0.0123322
0.0578
0.0650611
0.0627432
0.0592126
0.0573687
0.0561398
0.0556765
0.113475
0.116143
0.0581063
0.0584072
0.058994
0.0593155
0.0589326
0.0506625
0.0155096
0.0118062
0.0198996
0.0593869
0.0631384
0.0616354
0.0585657
0.0574493
0.0564055
0.0558402
0.112837
0.116393
0.0582536
0.0586755
0.0594054
0.0602555
0.060098
0.0526463
0.0226431
0.0119972
0.0237567
0.0596568
0.0620355
0.0602882
0.0578759
0.0571904
0.0562492
0.0557224
0.111882
0.116222
0.0582913
0.0588727
0.0598624
0.0612041
0.0627689
0.0565122
0.0295503
0.0134278
0.0232862
0.0559626
0.058294
0.05664
0.0562801
0.0556703
0.0554294
0.0552126
0.110664
0.115848
0.058275
0.0590217
0.0602856
0.0623679
0.0646298
0.0610352
0.037648
0.0150248
0.0201422
0.0484501
0.0519199
0.0513101
0.0543744
0.0543601
0.0546445
0.0545111
0.0547475
0.109061
0.11505
0.0578445
0.0586926
0.0600726
0.0620635
0.0643669
0.0627601
0.0465088
0.018601
0.0169938
0.0401161
0.0486364
0.0503924
0.0534207
0.0536433
0.0546262
0.0546179
0.0546713
0.107119
0.113739
0.0570637
0.0576957
0.0588644
0.060073
0.0623423
0.0622423
0.0535061
0.0270964
0.0190979
0.0357852
0.0512982
0.0532694
0.0541005
0.0535101
0.0541551
0.054527
0.0548556
0.105177
0.112185
0.0563973
0.0567699
0.057651
0.058374
0.0596386
0.0599891
0.0557166
0.0339657
0.0278466
0.0385368
0.0551974
0.0579304
0.0568521
0.055174
0.0546558
0.0546968
0.0549775
0.103228
0.110587
0.0554442
0.0559365
0.0564492
0.0573155
0.0572693
0.0570044
0.0539924
0.0363006
0.0338125
0.0420499
0.0570201
0.0594362
0.0568682
0.0556555
0.0555184
0.0553482
0.0552044
0.101526
0.108607
0.0539642
0.0541136
0.0541709
0.0550356
0.0549356
0.0540313
0.0489469
0.0359146
0.0359605
0.0436432
0.0556394
0.0589054
0.0580673
0.0571721
0.0562662
0.0556353
0.0552918
0.100214
0.106788
0.0525777
0.0518836
0.0513346
0.0510213
0.0519082
0.0512239
0.0422594
0.0340597
0.0358909
0.0466977
0.0594046
0.0618763
0.0591011
0.057651
0.0565048
0.0558395
0.0554325
0.055193
0.0994125
0.105371
0.0519424
0.0508396
0.0496782
0.0474559
0.0479512
0.0473594
0.0364942
0.0321554
0.0387859
0.0526847
0.0620736
0.0620659
0.0590732
0.0575864
0.0563788
0.0556893
0.0552867
0.0550079
0.0993136
0.105133
0.0521165
0.0513782
0.0505586
0.0484334
0.046804
0.0421613
0.0317618
0.0324635
0.0463816
0.0584745
0.062668
0.0614397
0.0585332
0.0571112
0.0559778
0.0553524
0.0549564
0.0546668
0.0994375
0.105706
0.0530927
0.0530017
0.0527088
0.051513
0.0490494
0.0394997
0.0323359
0.0406281
0.0543642
0.0604598
0.0621147
0.0606131
0.0581918
0.0570148
0.0558969
0.0553215
0.0547923
0.054471
0.0999425
0.10667
0.0544159
0.0551231
0.0558744
0.0557029
0.0515565
0.0421529
0.0402009
0.0487606
0.0581165
0.0610939
0.0612814
0.0596696
0.0576647
0.0566597
0.0556274
0.0551194
0.0545324
0.0542579
0.100783
0.107733
0.0550645
0.0560698
0.0575646
0.058178
0.0534824
0.0461713
0.0461575
0.0522069
0.0585394
0.0597478
0.0589627
0.0571584
0.0558668
0.0550835
0.0544014
0.0540731
0.0537167
0.0536417
0.101178
0.109206
0.0547347
0.055401
0.0569252
0.0584361
0.0550137
0.0495721
0.049311
0.05278
0.0566015
0.0562147
0.0547666
0.053097
0.0529383
0.0524326
0.0523585
0.052398
0.0524942
0.0527289
0.0558736
0.0567819
0.0574563
0.0543975
0.049924
0.0488232
0.0507924
0.0527879
0.0518062
0.0503289
0.0489777
0.0496766
0.0497625
0.0505058
0.0510658
0.0516209
0.0521215
0.0561584
0.0574235
0.0592499
0.0559787
0.0499729
0.0471099
0.0474587
0.0480237
0.0469657
0.0455989
0.0451525
0.047417
0.0488532
0.0501038
0.0508003
0.0514231
0.0519717
0.053818
0.0469941
0.0436595
0.0425441
0.0412999
0.0412908
0.044653
0.0485616
0.0497905
0.0509016
0.0514787
0.0519123
0.0522278
0.0528613
0.0452603
0.0398528
0.039783
0.0416807
0.0465559
0.0509268
0.0520953
0.0527661
0.0528374
0.0570332
0.0519111
0.0443646
0.0422325
0.0954859
0.095781
0.0960322
0.096176
0.0960434
0.0957868
0.0953629
0.0948879
0.0942212
0.0933828
0.0924362
0.0913899
0.0902632
0.0890544
0.0877647
0.0864288
0.0850425
0.0835989
0.0821314
0.0806804
0.0792892
0.0779843
0.0767587
0.0756206
0.0746562
0.0738501
0.0731921
0.0726583
0.0722587
0.0719738
0.0718903
0.0718279
0.0717416
0.0716219
0.0714856
0.0713198
0.0710431
0.0706005
0.0699557
0.0691315
0.0681513
0.0671029
0.114507
0.114468
0.11218
0.116117
0.114835
0.114858
0.00381621
0.00946657
0.0631705
0.0325261
0.0346996
0.0362403
0.0171253
0.00766212
0.00740062
0.114532
0.114998
0.113093
0.11572
0.114889
0.114977
0.115416
0.115601
0.113542
0.115231
0.115019
0.11538
0.115668
0.116149
0.113799
0.115705
0.115432
0.115905
0.116239
0.11634
0.113663
0.115646
0.116293
0.116295
0.116406
0.116468
0.113208
0.11561
0.116859
0.116781
0.116314
0.116204
0.112415
0.115949
0.11681
0.116703
0.115952
0.115703
0.111305
0.115941
0.116639
0.116401
0.115344
0.114935
0.109917
0.115857
0.116195
0.11578
0.114379
0.113725
0.108112
0.115178
0.115075
0.114649
0.112923
0.112112
0.106141
0.113784
0.113456
0.113144
0.111243
0.110368
0.104201
0.112375
0.112033
0.111469
0.109564
0.108751
0.102376
0.110966
0.110148
0.10971
0.107751
0.106847
0.100793
0.10865
0.107694
0.107661
0.106109
0.105483
0.0997238
0.106342
0.105846
0.106107
0.104902
0.104681
0.0993111
0.10501
0.104556
0.104942
0.104763
0.104866
0.0993401
0.104746
0.104842
0.105327
0.10508
0.105342
0.099606
0.105519
0.10614
0.106132
0.105781
0.106344
0.100374
0.107127
0.107975
0.10719
0.107004
0.107881
0.101069
0.108619
0.109064
0.108436
0.108609
0.109162
0.101158
0.10913
0.109954
0.110204
0.049694
0.0203525
0.0492656
0.0198305
0.0480732
0.0186156
0.0456994
0.0168562
0.0422877
0.014784
0.0382804
0.0126352
0.0339006
0.0103908
0.0300437
0.00851444
0.0265856
0.0069056
0.0236029
0.00557447
0.0212005
0.00456462
0.0195031
0.00393358
0.0185386
0.00366696
0.0185068
0.00382323
0.0191219
0.00426443
0.0198292
0.00478677
0.0206606
0.00537477
0.0214085
0.00598283
0.0219923
0.00654637
0.02226
0.00699545
0.0220909
0.0071726
0.021901
0.0071667
0.0485917
0.0192217
0.0471113
0.017823
0.0440895
0.0158259
0.040393
0.013753
0.0360401
0.0114723
0.031918
0.00941399
0.0282682
0.00768131
0.0250191
0.00619975
0.0223209
0.00502522
0.0202611
0.00420099
0.0189431
0.00376155
0.018311
0.00368163
0.0187886
0.00402604
0.019479
0.00452609
0.020231
0.00506714
0.0210567
0.00568484
0.0217266
0.00627143
0.0221784
0.00679464
0.0222189
0.00712347
0.0220207
0.0071726
0.0217342
0.0071172
0.0548852
0.0550718
0.0547447
0.054998
0.0548549
0.0549726
0.0550536
0.0551072
0.0551986
0.110252
0.0796952
0.0551005
0.0551273
0.0552492
0.110141
0.0783318
0.0551334
0.0551063
0.0552063
0.11
0.076921
0.0790278
0.077631
0.0761835
0.105932
0.105807
0.110504
0.105387
0.105259
0.110412
0.104843
0.104579
0.110079
0.0246959
0.00715579
0.0238744
0.00685834
0.0231883
0.00663495
0.0242826
0.00700475
0.023508
0.00673469
0.0229128
0.00655705
0.0524475
0.0528494
0.105097
0.0685537
0.0525021
0.0528548
0.105104
0.0681113
0.0528579
0.0530465
0.105292
0.0675502
0.053193
0.0532992
0.105748
0.066782
0.0533537
0.0535467
0.106251
0.0657927
0.0535982
0.0537927
0.106573
0.0647276
0.0683452
0.0678482
0.0672011
0.0663031
0.0652579
0.0642181
0.098567
0.0985239
0.105129
0.0984901
0.0984947
0.105203
0.0985351
0.098605
0.10553
0.0986539
0.0986758
0.106027
0.0986479
0.0985642
0.10646
0.0984128
0.098221
0.106654
0.0550729
0.0551029
0.109656
0.0754444
0.0548824
0.0549052
0.10922
0.0739925
0.0545843
0.0546366
0.108624
0.0726447
0.0543661
0.0543696
0.107978
0.0714932
0.0541308
0.0540613
0.107339
0.0705457
0.0536355
0.0536376
0.106611
0.0697753
0.0529684
0.0531766
0.105827
0.0692178
0.0525452
0.052899
0.105243
0.0688671
0.0747141
0.0733028
0.0720446
0.0709987
0.0701377
0.0694692
0.0690231
0.0687217
0.104106
0.103784
0.109657
0.103279
0.102912
0.109128
0.10239
0.102015
0.10846
0.101518
0.10114
0.107778
0.100679
0.100305
0.107076
0.099885
0.0995452
0.106313
0.0991816
0.0989166
0.105578
0.0987071
0.0986151
0.105173
0.0229645
0.00732157
0.0229967
0.0074487
0.0229289
0.00753285
0.0228213
0.00754229
0.022621
0.0074958
0.0223469
0.007383
0.0229877
0.0073872
0.0229813
0.00750108
0.0228865
0.00754229
0.0227296
0.00752802
0.0224883
0.00744504
0.0221994
0.00731398
0.0226855
0.00650199
0.0223377
0.00643849
0.0221733
0.00647204
0.0221946
0.00655458
0.0222853
0.00665695
0.0224437
0.00678936
0.0226575
0.00695934
0.0228698
0.00715881
0.0225018
0.00646335
0.022239
0.00644893
0.0221728
0.00650912
0.0222291
0.00660284
0.0223601
0.00672013
0.0225463
0.00686902
0.0227722
0.00705843
0.022936
0.00724902
)
;

boundaryField
{
    inlet
    {
        type            zeroGradient;
    }
    outlet
    {
        type            zeroGradient;
    }
    wall
    {
        type            zeroGradient;
    }
    empty_zmin
    {
        type            empty;
    }
    empty_zmax
    {
        type            empty;
    }
    procBoundary1to0
    {
        type            processor;
        value           nonuniform List<scalar> 
39
(
0.061552
0.059638
0.0586663
0.0574499
0.0562821
0.0556945
0.0552786
0.0550643
0.109943
0.0885603
0.107423
0.0399593
0.0155173
0.0581645
0.0590385
0.0606867
0.0624719
0.0649494
0.064039
0.111334
0.114885
0.115887
0.135351
0.080568
0.0429319
0.0287686
0.0800854
0.132821
0.13598
0.00656823
0.00262006
0.0948718
0.0231547
0.130366
0.131669
0.114032
0.115887
0.0497695
0.020698
)
;
    }
}


// ************************************************************************* //
