/*--------------------------------*- C++ -*----------------------------------*\
| =========                 |                                                 |
| \\      /  F ield         | OpenFOAM: The Open Source CFD Toolbox           |
|  \\    /   O peration     | Version:  2406                                  |
|   \\  /    A nd           | Website:  www.openfoam.com                      |
|    \\/     M anipulation  |                                                 |
\*---------------------------------------------------------------------------*/
FoamFile
{
    version     2.0;
    format      ascii;
    arch        "LSB;label=32;scalar=64";
    class       volVectorField;
    location    "3.3";
    object      U;
}
// * * * * * * * * * * * * * * * * * * * * * * * * * * * * * * * * * * * * * //

dimensions      [0 1 -1 0 0 0 0];

internalField   nonuniform List<vector> 
2367
(
(1.77713 -0.228773 -6.04169e-23)
(1.79599 -0.727742 -8.88822e-23)
(1.78149 -0.607017 0)
(1.79767 -0.457723 -3.71099e-24)
(1.80259 -0.308753 3.70858e-24)
(2.20288 -0.024594 -9.25472e-24)
(2.79555 -0.0428719 0)
(2.85567 -0.0998076 1.47339e-22)
(0.00017205 0.00249764 0)
(-0.25638 -0.00207467 0)
(1.87724 -0.179567 -6.42995e-23)
(2.67731 0.290058 3.6423e-22)
(3.59337 0.533902 2.60333e-22)
(3.70157 0.703753 3.79202e-21)
(3.82284 0.757462 -4.03757e-21)
(3.98112 0.883114 -3.33186e-21)
(3.7028 1.08985 0)
(2.95269 0.757185 2.65415e-21)
(2.02825 0.27408 -3.89256e-20)
(1.49975 0.101474 -1.60377e-20)
(1.00398 -0.113209 1.39886e-20)
(0.445468 -0.239368 -1.43052e-21)
(-0.304934 -0.568616 1.73387e-21)
(-0.690615 -0.86258 0)
(-0.704208 -0.92329 0)
(-0.219748 -1.12505 0)
(1.4381 -0.62793 0)
(2.24642 -0.276867 -5.02659e-21)
(2.3824 -0.35425 -5.7935e-21)
(2.57589 -0.28576 1.8365e-21)
(2.66437 -0.199306 3.32826e-22)
(2.7276 -0.146792 -3.00137e-22)
(2.77266 -0.0554116 0)
(2.81849 -0.0409579 0)
(2.17632 -0.0161555 -9.41473e-24)
(2.20965 0.277982 -1.29721e-22)
(3.46251 0.581041 -7.7917e-22)
(3.57005 0.76429 3.34521e-21)
(3.66606 0.819526 -3.34197e-21)
(3.80544 1.13365 0)
(3.64982 1.2324 -5.42497e-21)
(3.21825 1.372 2.53551e-20)
(2.47299 1.01001 -3.51795e-22)
(1.77078 0.707044 2.77168e-20)
(1.19082 0.472879 -1.38279e-20)
(0.628437 0.290325 0)
(0.0018896 0.306558 -2.73303e-22)
(-0.406388 -0.259089 1.20953e-22)
(-0.571961 -0.444528 0)
(-0.187092 -0.806148 0)
(0.890596 -0.574022 -6.23453e-21)
(2.18857 -0.116696 6.58016e-21)
(2.38556 -0.209524 1.15438e-21)
(2.48362 -0.11979 5.42772e-22)
(2.58511 0.0128664 -3.32404e-22)
(2.68097 -0.000182368 -2.75e-22)
(2.75241 0.0380135 -2.69801e-22)
(2.78557 0.00584645 5.83715e-22)
(2.14936 0.0154064 2.36327e-22)
(1.66652 0.221389 1.59449e-22)
(3.30656 0.605071 3.59688e-22)
(3.4287 0.791593 2.4543e-22)
(3.4575 0.876379 1.69355e-21)
(3.53289 1.21192 -1.69461e-21)
(3.46592 1.43223 3.38533e-21)
(3.16319 1.64379 0)
(2.69061 1.65567 -9.33666e-21)
(2.08544 1.56742 0)
(1.47595 1.34934 -6.3721e-21)
(0.852975 1.06838 5.22531e-21)
(0.251664 1.07056 4.78557e-22)
(0.0261909 0.556833 -4.9961e-23)
(-0.196498 0.284558 4.0785e-22)
(0.0288434 -0.240051 0)
(0.631391 -0.301171 6.45718e-21)
(2.06884 -0.139376 1.8303e-21)
(2.33982 0.077714 0)
(2.3877 0.112304 3.91878e-22)
(2.57286 0.123468 -2.28023e-21)
(2.68543 0.0549326 -9.60292e-22)
(2.76143 0.0669477 1.79205e-21)
(2.78754 0.0358135 9.58826e-23)
(2.16087 0.0221242 -4.20046e-24)
(1.18127 0.0564699 0)
(0.982144 0.0464413 -3.13829e-22)
(0.808949 0.0230739 1.50607e-22)
(2.1528 -0.00199215 1.55895e-23)
(0.653775 0.00172752 1.24924e-22)
(0.515802 -0.0126468 1.76009e-23)
(2.15182 0.0189381 -2.08749e-23)
(0.411318 -0.00868862 -1.20782e-22)
(0.309714 0.0228922 -1.87491e-23)
(2.17956 0.0271062 2.64998e-23)
(1.21477 0.172908 3.07587e-22)
(3.10588 0.566145 -9.7807e-23)
(3.25989 0.730481 -2.10607e-22)
(3.18133 0.951483 4.61667e-22)
(3.25816 1.03576 0)
(3.1588 1.53765 1.08273e-21)
(2.99622 1.74267 -1.33149e-21)
(2.64253 1.87802 9.64865e-21)
(2.11283 1.96759 0)
(1.59102 1.91758 3.31216e-22)
(1.07313 1.64437 5.95194e-22)
(0.530818 1.61871 -7.76263e-23)
(0.390338 1.0462 -7.18715e-23)
(0.197546 0.827303 2.03726e-22)
(0.38107 0.246173 1.57807e-21)
(0.692571 0.016223 -5.10166e-21)
(1.67227 0.029632 4.1367e-23)
(2.2359 0.450336 0)
(2.40289 0.189777 2.87811e-21)
(2.60963 0.179073 -1.31644e-21)
(2.72051 0.0956372 0)
(2.79092 0.0942427 5.58822e-22)
(2.80392 0.0540593 -2.27642e-22)
(2.19702 0.0274899 5.16869e-22)
(0.979324 0.152915 6.72805e-23)
(2.88583 0.418025 4.40851e-22)
(3.06204 0.633284 -9.86361e-23)
(2.98913 0.832057 -1.5548e-22)
(2.9361 1.05798 0)
(2.83584 1.40087 0)
(2.66796 1.69902 -7.33189e-22)
(2.45778 1.91775 1.80185e-22)
(2.09731 2.02465 0)
(1.65116 2.07355 -3.21051e-22)
(1.24514 1.91009 -1.09727e-21)
(0.779461 1.90798 -6.13259e-22)
(0.766413 1.38072 0)
(0.603165 1.22293 -1.22889e-21)
(0.704154 0.780065 -7.60104e-22)
(0.929708 0.43399 2.4525e-21)
(1.5042 0.334121 0)
(2.23039 0.552847 0)
(2.51609 0.321941 -1.57769e-21)
(2.69546 0.329515 6.58862e-22)
(2.7734 0.170765 6.2422e-22)
(2.82721 0.144385 -1.17687e-21)
(2.83275 0.0600165 1.16241e-21)
(2.24219 0.0267318 3.06874e-22)
(0.896692 -0.0626823 0)
(2.63091 0.172395 0)
(2.83291 0.517202 1.47195e-22)
(2.77647 0.714966 2.01101e-22)
(2.66735 0.961876 0)
(2.55084 1.23334 0)
(2.37868 1.5287 8.70793e-23)
(2.19342 1.75713 -1.49853e-22)
(1.96772 1.94987 6.40788e-23)
(1.61363 2.08578 2.46896e-22)
(1.33563 2.01093 2.1328e-21)
(0.993757 1.98012 1.57069e-22)
(1.06755 1.56285 2.99213e-23)
(0.90169 1.52399 8.01349e-22)
(1.03845 1.13756 -8.74038e-23)
(1.23888 0.872196 -2.05467e-23)
(1.53643 0.585617 0)
(2.18495 0.722005 7.64262e-22)
(2.66828 0.609389 0)
(2.81677 0.515089 6.61969e-22)
(2.85547 0.291355 -6.41914e-22)
(2.89687 0.20637 -4.15531e-22)
(2.89173 0.0772948 -4.65903e-22)
(2.31018 0.02767 0)
(0.918804 -0.172266 -5.44168e-24)
(2.30856 -0.00892408 2.64287e-24)
(2.53176 0.347262 -1.72094e-22)
(2.49174 0.639032 -1.97761e-22)
(2.39591 0.900426 0)
(2.3177 1.0922 0)
(2.14193 1.41037 -1.71061e-23)
(1.99452 1.60342 5.08521e-23)
(1.74011 1.84955 1.69596e-23)
(1.54941 1.96498 -2.19255e-22)
(1.39254 1.95556 -1.03949e-22)
(1.22011 1.91174 -1.53038e-22)
(1.23244 1.73576 -4.93372e-23)
(1.0834 1.76661 -2.12451e-22)
(1.34145 1.3758 1.545e-22)
(1.42567 1.29752 0)
(1.75377 0.854527 -5.67988e-22)
(2.19123 0.816343 -2.28528e-22)
(2.80865 0.753278 4.36329e-23)
(3.00591 0.613752 -6.67206e-22)
(3.05202 0.329231 6.95306e-22)
(3.06066 0.222506 3.02691e-22)
(2.99984 0.0861205 1.6919e-22)
(2.3762 0.0113375 0)
(1.02666 -0.209029 -6.69603e-24)
(2.01086 -0.0889003 -5.13713e-23)
(2.21398 0.225872 1.85381e-22)
(2.2091 0.52554 0)
(2.15815 0.733336 0)
(2.05072 0.983986 -3.28209e-22)
(1.85195 1.29411 0)
(1.72801 1.46379 1.54523e-22)
(1.61693 1.62402 8.39111e-24)
(1.51322 1.7458 -5.87722e-24)
(1.40583 1.82826 4.91394e-23)
(1.20962 1.94065 5.27267e-24)
(1.26342 1.93255 -1.74895e-24)
(1.32131 1.88324 1.76036e-24)
(1.5045 1.66761 -1.91036e-22)
(1.60246 1.61136 3.94648e-23)
(2.00504 1.08055 6.17752e-22)
(2.31114 0.873398 -6.15327e-22)
(2.95198 0.664534 5.03422e-22)
(3.22056 0.46014 6.26371e-22)
(3.26378 0.238801 -2.93718e-22)
(3.21258 0.150361 -3.26114e-23)
(3.10132 0.0365149 1.27529e-22)
(2.40618 0.00355323 -3.4165e-23)
(1.13331 -0.156908 0)
(1.79035 -0.064962 4.64637e-23)
(1.98128 0.204611 2.74055e-23)
(1.97654 0.417567 0)
(1.88541 0.670067 -2.04463e-22)
(1.78917 0.914136 3.2612e-22)
(1.66455 1.11925 -2.91933e-22)
(1.57728 1.28349 -1.69699e-22)
(1.48025 1.47436 4.85369e-24)
(1.34864 1.71288 -4.25685e-23)
(1.24183 1.88254 -2.84171e-23)
(1.10132 2.06965 -1.6936e-23)
(1.26716 2.02358 5.14629e-23)
(1.3425 2.08161 -2.42992e-23)
(1.78083 1.71893 0)
(1.93994 1.64848 1.3945e-23)
(2.33317 1.19439 -1.42207e-23)
(2.63497 0.805382 -1.27472e-23)
(3.20196 0.479366 -6.67521e-22)
(3.39742 0.235966 -8.57339e-24)
(3.38826 0.0996428 4.70102e-23)
(3.29295 -0.00651856 -4.75663e-24)
(3.20053 -0.016193 -1.2949e-22)
(2.3636 -0.0121015 0)
(1.20398 -0.0947239 -1.32126e-23)
(1.612 -0.0251047 2.79861e-23)
(1.77141 0.229945 -4.96416e-22)
(1.7408 0.413542 0)
(1.66111 0.63086 2.04777e-22)
(1.63532 0.754589 0)
(1.45138 0.982972 2.92856e-22)
(1.3224 1.20594 1.01269e-22)
(1.19044 1.46956 -1.32937e-23)
(1.0714 1.77616 5.28162e-23)
(1.05616 1.92853 0)
(1.03911 2.09233 -5.09145e-23)
(1.31618 1.98822 5.14988e-23)
(1.45969 2.04926 0)
(2.01337 1.58309 -2.6265e-22)
(2.18896 1.65205 0)
(2.72105 1.19145 0)
(3.07462 0.84161 0)
(3.48583 0.467919 1.67043e-22)
(3.5868 0.203134 1.04106e-23)
(3.49873 0.00144518 4.91587e-22)
(3.36763 -0.123922 -4.32723e-24)
(3.23817 -0.236036 3.888e-23)
(2.0788 -0.127655 1.39497e-23)
(1.23112 -0.0597713 -2.8162e-23)
(1.50034 0.0088162 5.6947e-23)
(1.54883 0.228865 3.43225e-22)
(1.55999 0.37339 1.36378e-23)
(1.52494 0.556588 -2.50583e-22)
(1.4971 0.639293 2.45316e-23)
(1.14739 1.01415 -1.40876e-22)
(1.02615 1.21514 -8.82357e-23)
(0.917838 1.47927 -5.0002e-23)
(0.868127 1.66328 -5.28256e-23)
(0.922179 1.77358 0)
(1.03095 1.85618 1.423e-23)
(1.36495 1.74062 1.11416e-22)
(1.64987 1.76087 0)
(2.11092 1.4395 2.601e-22)
(2.52477 1.25367 -3.42667e-23)
(3.07095 0.9589 3.3298e-22)
(3.44397 0.784737 1.98356e-22)
(3.79658 0.426477 -1.94684e-24)
(3.86405 0.192568 1.94445e-24)
(3.7075 -0.0804186 -2.17835e-22)
(3.52768 -0.224301 0)
(3.34163 -0.357364 -3.49944e-23)
(1.55781 -0.160051 -1.27691e-23)
(1.23344 -0.0414733 0)
(1.40615 -0.00274763 -5.92244e-23)
(1.38552 0.135464 -1.09516e-22)
(1.42076 0.2721 -7.21422e-24)
(1.38528 0.403827 1.32948e-24)
(1.18594 0.610358 1.94106e-23)
(0.855361 0.913323 7.69921e-24)
(0.793666 1.04878 -1.79039e-24)
(0.755525 1.21533 5.20362e-23)
(0.775692 1.31215 0)
(0.921013 1.29008 4.77851e-23)
(1.13059 1.27174 1.31219e-23)
(1.5194 1.06683 -2.40523e-22)
(1.9514 0.902044 9.98724e-25)
(2.37015 0.749693 6.497e-23)
(2.76588 0.557777 -2.59386e-23)
(3.25449 0.441333 -6.99371e-22)
(3.71937 0.349808 -1.88088e-22)
(4.08901 0.0282483 6.49805e-23)
(4.10961 -0.103177 0)
(3.94378 -0.280434 2.38379e-23)
(3.75811 -0.443319 -2.6083e-24)
(3.36684 -0.495194 8.95075e-23)
(1.14714 -0.0329266 0)
(1.24015 -0.0278113 -7.43701e-24)
(1.34563 -0.013467 1.19199e-22)
(1.30526 0.0554959 1.18175e-22)
(1.28816 0.139132 0)
(1.17365 0.348865 2.10431e-22)
(0.91632 0.56891 0)
(0.738428 0.702368 1.22768e-22)
(0.701798 0.760415 -6.42951e-24)
(0.709765 0.76707 0)
(0.77594 0.778908 3.9068e-23)
(0.985199 0.741274 -3.93529e-23)
(1.30313 0.607599 5.81652e-23)
(1.67893 0.4629 7.76635e-23)
(2.06777 0.340517 0)
(2.46534 0.268478 -2.59845e-22)
(2.84545 0.177267 -4.72514e-24)
(3.38072 -0.0306891 3.80206e-22)
(3.96162 -0.273187 0)
(4.22254 -0.485404 -1.515e-22)
(4.18464 -0.457631 4.02883e-23)
(4.0622 -0.526817 -9.89185e-24)
(3.83724 -0.594326 1.86936e-23)
(3.27696 -0.59167 -6.32393e-23)
(0.869304 -0.0993136 -7.41302e-24)
(1.24368 -0.032478 -7.33685e-24)
(1.31058 -0.0151018 9.04322e-23)
(1.26096 0.0362157 -1.21535e-22)
(1.14704 0.0660845 1.16458e-22)
(0.98178 0.275483 0)
(0.807879 0.326017 7.62188e-24)
(0.705502 0.350757 -5.32348e-24)
(0.696916 0.342427 -1.13392e-23)
(0.72874 0.334951 8.57688e-24)
(0.824673 0.27508 -4.12323e-23)
(1.06727 0.213281 9.85834e-23)
(1.39012 0.174639 -5.52785e-23)
(1.74622 0.119761 -2.10979e-22)
(2.12515 0.0418898 0)
(2.54005 -0.0827084 3.22131e-22)
(3.03854 -0.215741 -3.47873e-23)
(3.66531 -0.598507 0)
(4.0701 -0.72391 -7.06304e-24)
(4.21057 -0.693514 9.75275e-23)
(4.16786 -0.566426 -1.04109e-22)
(4.07039 -0.598646 -1.44643e-23)
(3.83017 -0.6165 -1.80295e-24)
(2.96355 -0.556821 1.15632e-23)
(0.572931 -0.156115 1.71825e-24)
(1.25624 -0.0231257 2.32722e-23)
(1.2938 -0.015317 0)
(1.21642 0.0258779 6.01064e-23)
(1.05646 0.0295694 -5.55884e-23)
(0.909977 0.137447 -5.52551e-24)
(0.804941 0.106175 5.53454e-24)
(0.734658 0.0933379 0)
(0.73111 0.00887254 0)
(0.775925 -0.052399 0)
(0.87983 -0.14348 0)
(1.12654 -0.217625 -1.72128e-23)
(1.45994 -0.278458 -3.01519e-23)
(1.85429 -0.390818 1.02156e-22)
(2.30356 -0.489026 -9.95622e-23)
(2.79738 -0.73116 3.15765e-23)
(3.3587 -0.922969 -5.21596e-24)
(3.77782 -1.05052 -2.57362e-23)
(4.04205 -0.871474 0)
(4.14407 -0.797546 2.34178e-24)
(4.10326 -0.640704 3.25395e-23)
(4.0475 -0.565789 -2.38179e-23)
(3.79392 -0.550506 -4.0482e-23)
(2.58988 -0.396428 6.15548e-23)
(0.264749 -0.133759 0)
(1.28151 0.00932569 -1.62585e-23)
(1.29315 -0.0149439 7.52793e-23)
(1.18379 0.000721694 -2.15256e-24)
(1.02814 -0.00763656 -5.28673e-23)
(0.919172 0.0292669 0)
(0.86506 -0.0890371 0)
(0.821747 -0.175234 3.42546e-24)
(0.844493 -0.335132 -1.12646e-23)
(0.897651 -0.471727 0)
(1.0118 -0.672386 1.71764e-23)
(1.25745 -0.811138 4.65957e-23)
(1.60236 -0.945905 -7.16331e-25)
(2.02549 -1.09424 -9.34056e-23)
(2.50334 -1.18414 1.08821e-22)
(2.93935 -1.30919 2.92167e-24)
(3.37495 -1.2772 1.53796e-23)
(3.71572 -1.18153 1.79315e-23)
(3.90861 -0.986996 -3.12643e-24)
(3.958 -0.862313 -4.53907e-24)
(3.965 -0.604811 2.62641e-23)
(3.96297 -0.475488 2.51144e-23)
(3.68696 -0.300799 -7.17655e-24)
(2.39367 -0.12313 1.47233e-22)
(0.0569341 -0.0509004 -4.31453e-24)
(1.29691 -0.00431737 0)
(1.3174 -0.0339619 3.27317e-23)
(1.17661 -0.0342967 6.45683e-23)
(1.04857 -0.0576826 -3.0607e-23)
(1.01208 -0.163511 -5.723e-23)
(1.00167 -0.393581 4.92236e-24)
(0.952052 -0.547908 3.12556e-23)
(1.00044 -0.72732 8.28958e-24)
(1.08291 -0.841384 -3.92642e-25)
(1.20668 -1.04305 0)
(1.41278 -1.22136 -3.47348e-23)
(1.73178 -1.36512 1.75992e-23)
(2.10387 -1.47544 2.62362e-23)
(2.52255 -1.51874 3.46231e-23)
(2.89752 -1.52622 -3.03206e-23)
(3.28978 -1.39201 0)
(3.50494 -1.28873 0)
(3.6513 -0.980281 -1.4392e-24)
(3.70935 -0.833148 0)
(3.72198 -0.502473 -1.11603e-25)
(3.73353 -0.303797 1.11085e-25)
(3.35822 0.0154358 1.84246e-23)
(2.26161 0.173109 0)
(0.0876633 0.0486691 0)
(1.35299 0.0210268 -1.31458e-23)
(1.34692 -0.0650233 0)
(1.19566 -0.094664 -2.02623e-24)
(1.15553 -0.145954 3.30319e-23)
(1.21727 -0.320518 5.44214e-23)
(1.20579 -0.476192 3.13682e-23)
(1.15062 -0.649849 -4.04188e-23)
(1.19749 -0.826635 2.06862e-24)
(1.24351 -1.02815 2.03169e-24)
(1.36967 -1.24682 0)
(1.57651 -1.36856 -2.20712e-24)
(1.84426 -1.50842 -1.13641e-25)
(2.15941 -1.58114 6.28243e-24)
(2.50571 -1.61158 -3.1622e-23)
(2.83119 -1.57748 4.24724e-23)
(3.0803 -1.43996 1.92101e-24)
(3.26418 -1.19491 -5.25838e-24)
(3.36555 -1.02579 1.12651e-23)
(3.45889 -0.691388 0)
(3.43949 -0.472638 1.4599e-23)
(3.399 -0.182269 -7.67948e-24)
(3.01701 0.131488 -3.46629e-24)
(2.19272 0.309484 0)
(0.319207 0.106513 -1.4019e-24)
(1.45295 0.0281907 2.03857e-23)
(1.41046 -0.0754059 5.46079e-23)
(1.27111 -0.201398 0)
(1.27337 -0.254588 0)
(1.37911 -0.429641 0)
(1.36127 -0.569081 -4.65447e-23)
(1.29881 -0.792684 3.36508e-24)
(1.3458 -0.973907 0)
(1.41552 -1.11707 0)
(1.53975 -1.28032 1.85693e-24)
(1.70853 -1.39862 2.4375e-24)
(1.93796 -1.51015 1.43402e-25)
(2.19708 -1.55888 0)
(2.49045 -1.58442 -7.96733e-24)
(2.71821 -1.47827 -1.32126e-23)
(2.88949 -1.33707 1.27068e-24)
(3.02951 -1.14023 1.68453e-24)
(3.12045 -0.931632 -9.54061e-24)
(3.17885 -0.682262 0)
(3.18635 -0.416963 -1.4013e-23)
(3.08671 -0.200764 7.67753e-24)
(2.7475 0.11451 1.8608e-23)
(2.12097 0.289904 0)
(0.605723 0.0991631 -3.78766e-24)
(1.51909 -0.000766988 0)
(1.50063 -0.105101 -3.84999e-23)
(1.35778 -0.213659 -7.62444e-23)
(1.37006 -0.311511 -5.90522e-25)
(1.53719 -0.458933 -4.15112e-24)
(1.53986 -0.572654 1.57784e-23)
(1.48695 -0.795367 3.73219e-24)
(1.54215 -0.889286 -4.96471e-24)
(1.57901 -1.09978 4.95869e-24)
(1.69328 -1.23706 2.42796e-25)
(1.79988 -1.40645 -2.44071e-24)
(1.99728 -1.44633 -2.90557e-26)
(2.21188 -1.4833 -8.99977e-26)
(2.4191 -1.45411 0)
(2.60055 -1.29857 -1.88066e-24)
(2.72968 -1.18999 2.03628e-24)
(2.83285 -1.03191 -2.23461e-24)
(2.91438 -0.815412 2.15533e-24)
(2.95703 -0.681599 0)
(2.94701 -0.37493 0)
(2.83876 -0.238356 0)
(2.54106 0.083734 0)
(2.04072 0.172319 0)
(0.841021 0.0647704 -6.06493e-24)
(1.58789 -0.00896717 -1.14135e-23)
(1.6097 -0.123361 -1.55501e-25)
(1.42299 -0.151076 1.03307e-23)
(1.4839 -0.311146 -1.76176e-24)
(1.67446 -0.444854 4.5529e-24)
(1.6974 -0.509388 -2.20629e-24)
(1.6402 -0.747182 0)
(1.69537 -0.873959 -1.35357e-23)
(1.72813 -1.07924 9.41122e-27)
(1.80968 -1.199 1.09089e-25)
(1.94884 -1.2411 -1.84881e-24)
(2.01304 -1.38686 0)
(2.1876 -1.32539 -1.34189e-24)
(2.33095 -1.30707 0)
(2.48118 -1.1813 0)
(2.58612 -1.07614 -7.11481e-24)
(2.68048 -0.90947 1.15505e-23)
(2.72768 -0.802877 3.29005e-25)
(2.76761 -0.574227 -3.11269e-24)
(2.72628 -0.376118 0)
(2.626 -0.205711 7.64885e-24)
(2.38561 0.0367741 -3.77724e-23)
(1.97678 0.096212 -9.2551e-25)
(0.998674 0.0400456 0)
(1.62663 0.0111232 0)
(1.67449 -0.0885932 -4.2804e-23)
(1.50075 -0.130977 -3.22682e-23)
(1.62237 -0.342466 -4.2477e-23)
(1.77851 -0.46161 0)
(1.83835 -0.513902 0)
(1.8014 -0.730587 -1.89693e-24)
(1.85067 -0.886133 1.54338e-23)
(1.91015 -0.971652 -2.43566e-23)
(1.90042 -1.15268 -1.02569e-23)
(2.00335 -1.19056 -2.50553e-24)
(2.07193 -1.24686 -4.88913e-25)
(2.17621 -1.19734 5.0347e-24)
(2.25583 -1.25003 -1.6059e-24)
(2.3898 -1.10086 -2.29206e-23)
(2.45512 -1.03868 8.88186e-24)
(2.52986 -0.886389 1.62435e-23)
(2.56729 -0.744967 -3.44265e-24)
(2.56149 -0.544599 3.44031e-24)
(2.53982 -0.369147 -9.79689e-25)
(2.43148 -0.189561 -6.66983e-24)
(2.25066 -0.00340362 -2.39961e-23)
(1.9179 0.0699895 9.502e-23)
(1.10752 0.027589 0)
(1.6269 0.0120278 -1.54485e-25)
(1.72152 -0.0579356 -5.68254e-23)
(1.6421 -0.22356 2.19696e-23)
(1.78306 -0.438548 4.24987e-23)
(1.86326 -0.540778 -8.08685e-23)
(1.96992 -0.62067 -1.20163e-24)
(1.98001 -0.733966 0)
(1.97705 -0.919202 0)
(2.03993 -0.932927 2.43561e-23)
(2.00766 -1.09343 1.02566e-23)
(2.05027 -1.14287 1.36337e-23)
(2.10146 -1.15385 4.889e-25)
(2.14406 -1.18686 -2.11773e-24)
(2.2455 -1.11832 2.09946e-24)
(2.28471 -1.08863 1.82385e-23)
(2.34701 -0.964144 -3.01035e-24)
(2.37214 -0.834205 3.02638e-23)
(2.39837 -0.67771 3.66393e-24)
(2.3798 -0.527879 -1.70461e-24)
(2.35896 -0.348434 -1.95551e-24)
(2.26087 -0.188735 3.30805e-23)
(2.11737 -0.0247889 8.42133e-27)
(1.85925 0.0468511 2.47792e-23)
(1.1873 0.0175468 -1.01587e-23)
(1.57645 -0.0459827 6.29756e-24)
(1.79626 -0.11756 2.38144e-23)
(1.85563 -0.353951 9.79804e-23)
(1.95009 -0.498402 9.25356e-23)
(1.9435 -0.645636 8.22186e-23)
(2.06307 -0.761302 0)
(2.11102 -0.791536 0)
(2.07738 -0.95683 5.87305e-23)
(2.08891 -1.02154 -4.98996e-23)
(2.08459 -1.09961 0)
(2.0954 -1.13491 -6.93087e-24)
(2.09414 -1.148 -7.38494e-26)
(2.13396 -1.10909 7.71983e-26)
(2.17239 -1.0746 -4.73007e-24)
(2.22018 -0.993923 5.25044e-24)
(2.21862 -0.878711 -2.79971e-24)
(2.21591 -0.768739 1.12475e-24)
(2.24723 -0.610475 0)
(2.24272 -0.4537 5.97134e-23)
(2.1889 -0.320709 4.03583e-24)
(2.11324 -0.164925 -3.40892e-23)
(1.54744 -0.0900797 -1.2861e-23)
(1.94568 -0.180299 2.56863e-23)
(2.02901 -0.419989 1.02344e-22)
(2.10157 -0.428586 1.53912e-24)
(2.08103 -0.668476 -8.69683e-23)
(2.14895 -0.810587 -1.30617e-24)
(2.1762 -0.903731 -4.964e-25)
(2.18171 -0.999964 -5.84421e-23)
(2.1582 -1.10249 3.03222e-24)
(2.15426 -1.15605 0)
(2.10432 -1.17307 1.0918e-24)
(2.08517 -1.16867 7.89576e-26)
(2.09248 -1.10835 -1.85307e-23)
(2.09126 -1.07525 3.3389e-23)
(2.10786 -0.950191 5.23802e-24)
(2.11135 -0.831 -5.90083e-24)
(2.07152 -0.724001 -5.31828e-23)
(2.09211 -0.590504 3.45306e-24)
(2.11042 -0.4003 -8.79236e-25)
(2.04742 -0.290209 0)
(1.98674 -0.154172 0)
(1.53538 -0.0648349 -2.64328e-23)
(2.19533 -0.0717058 0)
(2.17007 -0.402721 1.04161e-22)
(2.2085 -0.359044 -9.57466e-23)
(2.28919 -0.652022 -9.55304e-23)
(2.30858 -0.777094 2.68875e-24)
(2.26714 -0.989965 -1.3433e-22)
(2.26869 -1.11511 1.02921e-22)
(2.25854 -1.17636 4.63879e-23)
(2.16796 -1.25272 0)
(2.06181 -1.27768 0)
(2.08171 -1.18135 -8.54992e-25)
(2.00175 -1.21549 2.60407e-24)
(2.00595 -1.05488 -3.15557e-23)
(1.96789 -1.00228 -2.27402e-24)
(2.00022 -0.828784 -6.00812e-24)
(1.93546 -0.707541 6.00419e-24)
(1.9294 -0.589848 0)
(1.95185 -0.405751 -6.08151e-23)
(1.92225 -0.275651 0)
(1.53412 -0.0235565 -2.56968e-23)
(2.31207 0.0804126 0)
(2.39841 -0.179774 -1.03114e-22)
(2.32576 -0.380113 0)
(2.49499 -0.60384 1.54303e-24)
(2.50534 -0.727399 0)
(2.45955 -0.911032 1.26562e-22)
(2.38189 -1.10505 -9.6746e-23)
(2.33912 -1.2102 6.02984e-23)
(2.22974 -1.18054 2.1831e-23)
(2.06738 -1.2852 1.93473e-25)
(2.02703 -1.25109 0)
(1.96769 -1.21669 1.19443e-23)
(1.88634 -1.09289 -2.18857e-23)
(1.84309 -1.03896 0)
(1.85313 -0.862538 0)
(0.204685 0.0578645 -1.2214e-23)
(0.0896606 0.0715802 -2.11072e-22)
(2.21882 0.0266952 0)
(-0.0288062 0.0565653 -1.60399e-23)
(-0.0917695 0.0159357 -1.24639e-22)
(2.27494 0.0294478 0)
(-0.0806524 -0.0366429 0)
(-0.0220355 -0.0765445 0)
(2.34472 0.0209549 0)
(0.0754114 -0.100384 1.54659e-24)
(0.20133 -0.114643 3.65354e-24)
(2.40035 0.00469481 2.40202e-23)
(0.334298 -0.116466 -5.21764e-24)
(0.454461 -0.104989 1.5874e-23)
(2.39793 0.00391301 0)
(0.562504 -0.0903111 1.80629e-24)
(0.652809 -0.076006 -1.27253e-23)
(2.27791 -0.0688833 -1.32411e-23)
(0.728913 -0.0645032 0)
(0.790039 -0.0537096 0)
(1.81603 -0.173242 -1.4293e-23)
(0.841963 -0.0443986 0)
(0.883544 -0.0357472 8.00725e-24)
(1.32968 -0.101385 -9.57695e-24)
(0.91801 -0.0270408 0)
(0.944703 -0.0192003 8.21328e-24)
(0.998329 -0.0457693 0)
(0.965935 -0.0161831 8.27876e-24)
(0.985411 -0.0163013 0)
(0.719051 -0.149927 1.08715e-24)
(1.00983 -0.0140135 -1.26823e-23)
(1.0349 -0.00677003 1.48279e-26)
(0.411244 -0.160651 -1.7371e-24)
(1.05078 0.00172095 -1.29727e-23)
(1.05356 0.00473819 -8.57359e-24)
(0.127665 -0.108823 -3.18785e-24)
(1.05103 0.00527425 -6.43453e-24)
(1.0404 0.0129757 6.76221e-24)
(0.0376866 -0.00697894 0)
(1.02802 0.0254485 0)
(1.00705 0.0385408 0)
(0.184264 0.0843104 0)
(0.968099 0.0468963 0)
(0.92753 0.0319555 9.79782e-24)
(0.462369 0.110105 2.96125e-25)
(0.901733 -0.000952819 -1.26224e-24)
(0.895587 -0.0229321 1.86846e-24)
(0.734079 0.0822979 -3.61095e-25)
(0.899919 -0.0327498 -6.26079e-25)
(0.918345 -0.044389 -2.11987e-26)
(0.928089 0.050427 0)
(0.942126 -0.0540586 1.15031e-23)
(0.964481 -0.0613092 -1.25629e-23)
(1.05792 0.0332374 0)
(0.987938 -0.0665037 7.29619e-25)
(1.01113 -0.0665471 0)
(1.15055 0.0231905 0)
(1.03391 -0.0629142 -1.57685e-24)
(1.06556 -0.0568791 1.44171e-23)
(1.21754 0.0114792 1.0277e-23)
(1.10456 -0.0453594 3.3425e-24)
(1.15212 -0.0337945 -3.34254e-24)
(1.20115 -0.0232006 0)
(1.24857 -0.013535 1.42548e-23)
(1.28502 -0.00493388 0)
(1.30709 -0.00105681 -7.24231e-24)
(1.31869 -0.0015103 -7.2654e-24)
(1.32409 -0.0041477 -1.41096e-23)
(3.47099 0.40868 -2.07687e-22)
(2.85825 0.285976 -7.89331e-23)
(3.71101 0.522618 6.79787e-22)
(3.66008 0.463728 0)
(3.38963 0.420957 1.12906e-21)
(3.28275 0.440163 -9.53293e-22)
(2.45537 0.285966 -1.37031e-22)
(3.68503 0.503693 -1.85468e-21)
(3.61312 0.589998 2.4372e-21)
(3.54143 0.535062 -4.60768e-22)
(2.76841 -0.0189662 0)
(2.74774 -0.00794359 -3.53526e-22)
(2.79308 -0.0587572 3.52726e-22)
(3.16733 0.436423 1.76128e-22)
(3.01129 0.440833 2.00376e-22)
(1.944 0.260691 -2.85038e-22)
(3.57764 0.562588 1.00393e-21)
(3.50418 0.624028 -9.35673e-22)
(3.39489 0.582756 9.4182e-22)
(2.73286 0.0214724 2.67353e-22)
(2.72957 0.0387102 0)
(2.78582 0.00988808 0)
(2.86566 0.439597 -3.60268e-22)
(2.66985 0.428116 8.81507e-23)
(1.4093 0.190588 -3.23042e-23)
(3.46296 0.602683 -9.79474e-22)
(3.37436 0.647498 0)
(3.2091 0.577645 9.78885e-23)
(2.7312 0.043774 -8.97925e-23)
(2.73785 0.0515549 -1.31832e-23)
(2.79306 0.037771 1.24821e-22)
(2.48719 0.386508 -4.43978e-22)
(2.32164 0.339531 1.1832e-22)
(1.07017 0.173509 2.50723e-22)
(3.31189 0.586377 0)
(3.20627 0.587278 -5.18459e-22)
(2.99979 0.501397 2.68189e-22)
(2.7482 0.0509124 -3.586e-22)
(2.7687 0.0540873 -5.21777e-22)
(2.81865 0.0587747 5.22113e-22)
(2.17223 0.260286 -1.18285e-22)
(2.1004 0.142898 2.68838e-22)
(0.935865 0.0580156 -2.08038e-22)
(3.13168 0.471376 -1.85195e-22)
(3.012 0.427397 0)
(2.77364 0.292396 0)
(2.78314 0.0627553 -3.50736e-22)
(2.8126 0.0730725 7.21469e-23)
(2.85613 0.0972118 -1.0562e-21)
(2.0137 0.017063 0)
(1.89134 -0.0891204 -1.14519e-23)
(0.89144 -0.11848 0)
(2.89546 0.275334 0)
(2.71123 0.237754 4.28253e-23)
(2.46341 0.06676 0)
(2.84938 0.069305 5.53067e-22)
(2.89146 0.0714272 -2.69215e-24)
(2.94404 0.108722 0)
(1.79835 -0.170698 2.60204e-23)
(1.71593 -0.213598 -2.07296e-23)
(0.973409 -0.20989 9.07551e-24)
(2.54502 0.111218 8.01699e-23)
(2.36285 0.108973 -4.30326e-23)
(2.15035 -0.0644855 5.14144e-23)
(2.9296 0.0744908 8.27618e-23)
(2.98687 0.0664116 -8.69699e-23)
(3.05934 0.119217 0)
(1.64065 -0.221392 7.18819e-23)
(1.5786 -0.200485 -5.59676e-23)
(1.08214 -0.187816 -1.37292e-23)
(2.21741 0.02331 0)
(2.07946 0.0418588 0)
(1.88967 -0.0843309 0)
(3.02889 0.0278071 1.41867e-22)
(3.0412 -0.0109929 -4.12653e-23)
(3.15538 0.0292561 2.18548e-22)
(1.52999 -0.174291 0)
(1.49014 -0.145387 5.11445e-23)
(1.17386 -0.123537 0)
(1.97167 0.0091501 5.21287e-23)
(1.86858 0.0426834 -9.8631e-23)
(1.69334 -0.0424411 0)
(3.03816 -0.0344877 2.04203e-24)
(3.02866 -0.061704 -1.22215e-22)
(3.22815 -0.0814549 4.58445e-23)
(1.45994 -0.119393 -1.13619e-23)
(1.43186 -0.0871766 1.38453e-23)
(1.22263 -0.07368 1.43195e-23)
(1.78034 0.00983456 0)
(1.68917 0.0339138 1.10182e-22)
(1.5485 -0.0034889 -1.11074e-22)
(2.99277 -0.173 9.06703e-23)
(2.96143 -0.287707 1.19533e-23)
(3.27026 -0.265901 -8.33576e-23)
(1.40078 -0.0600429 0)
(1.36838 -0.0386884 7.32013e-23)
(1.23273 -0.0493748 -2.18703e-23)
(1.60585 0.0241625 2.28706e-22)
(1.52447 0.0722262 -1.7583e-22)
(1.45274 0.0112831 -5.78378e-23)
(2.92222 -0.351789 0)
(2.8395 -0.369026 3.9472e-23)
(3.37778 -0.444314 3.25807e-23)
(1.34333 -0.0304936 -5.86258e-23)
(1.32702 -0.0242739 1.49822e-23)
(1.23492 -0.0345186 7.23298e-24)
(1.44844 0.0431826 1.17713e-22)
(1.39092 0.0515891 -5.93571e-23)
(1.37128 -0.00724009 5.90777e-23)
(2.63309 -0.376562 -1.7128e-23)
(2.25096 -0.315861 -5.12242e-23)
(3.33909 -0.534266 -5.81871e-23)
(1.31662 -0.0202513 2.15311e-25)
(1.30946 -0.0200804 -1.47383e-23)
(1.24288 -0.0278201 1.18768e-25)
(1.34908 0.0208468 -5.96467e-23)
(1.32411 0.018855 -5.97614e-23)
(1.32446 -0.0105638 8.98834e-23)
(1.97066 -0.281949 3.42228e-23)
(1.68157 -0.234926 0)
(3.08575 -0.600818 -3.13512e-23)
(1.30336 -0.0239504 -4.54027e-23)
(1.29776 -0.0248109 0)
(1.24652 -0.030612 -7.49714e-24)
(1.30605 -0.0158607 -6.01038e-23)
(1.29346 -0.00723858 -1.78549e-22)
(1.30097 -0.0128301 -6.06643e-23)
(1.49013 -0.227763 -1.86201e-24)
(1.27939 -0.205557 8.6295e-24)
(2.65966 -0.540276 1.25356e-23)
(1.295 -0.0251555 2.81575e-26)
(1.29634 -0.0220952 -3.00437e-23)
(1.27142 -0.00411354 8.01211e-24)
(1.27897 -0.0320387 2.73099e-22)
(1.2714 -0.0199012 -6.18147e-23)
(1.29176 -0.0102066 0)
(1.15252 -0.206461 -5.85133e-24)
(1.00281 -0.149747 -6.74683e-24)
(2.40051 -0.371545 0)
(1.30716 -0.0126268 5.80477e-26)
(1.32246 -0.00539133 -1.64827e-23)
(1.28731 0.00606257 1.63991e-23)
(1.2671 -0.0415654 -3.05302e-22)
(1.27149 -0.026892 -5.02502e-25)
(1.30747 -0.00714655 7.90789e-23)
(0.936943 -0.0723106 -2.49196e-23)
(0.881631 0.0337637 7.31362e-24)
(2.28386 -0.0819624 0)
(1.33128 -0.00473105 3.34208e-23)
(1.34752 -0.0097468 -4.2916e-23)
(1.31641 0.00384516 0)
(1.27472 -0.0413457 -3.60242e-22)
(1.27551 -0.0382601 1.70694e-23)
(1.33138 -0.0364274 3.42397e-23)
(0.907481 0.136451 0)
(0.965203 0.220422 -1.62192e-23)
(2.21233 0.193332 -4.33725e-23)
(1.37874 -0.0233542 3.51309e-23)
(1.42426 -0.0460888 -1.79501e-23)
(1.40541 0.0305024 -1.78195e-23)
(1.27414 -0.0743167 -3.36382e-23)
(1.28098 -0.0807651 1.67989e-23)
(1.38339 -0.0593842 9.01112e-24)
(1.05522 0.269368 1.27793e-24)
(1.14331 0.265347 0)
(2.14903 0.274595 0)
(1.46674 -0.0699623 -4.4937e-24)
(1.50409 -0.0859851 -4.64001e-24)
(1.48535 0.0160742 2.28796e-24)
(1.31014 -0.130329 -7.13967e-23)
(1.34286 -0.151737 0)
(1.45302 -0.0751354 9.2341e-24)
(1.24437 0.246081 2.17932e-24)
(1.32689 0.207833 2.3395e-24)
(2.06766 0.197613 -7.61571e-23)
(1.54257 -0.0958423 3.84829e-23)
(1.58798 -0.100686 1.95725e-23)
(1.55653 -0.0108836 -1.97131e-23)
(1.40639 -0.197105 3.03298e-22)
(1.4377 -0.188829 -3.07203e-25)
(1.56148 -0.114491 1.55571e-25)
(1.39732 0.169941 3.73549e-24)
(1.4476 0.136181 -2.59079e-23)
(2.00015 0.106739 2.67171e-23)
(1.63498 -0.101176 1.44474e-24)
(1.68333 -0.100509 -1.2883e-24)
(1.61122 0.00163175 1.17358e-23)
(1.48387 -0.191618 2.82576e-24)
(1.50304 -0.15533 -8.44565e-23)
(1.65007 -0.0982343 8.24307e-23)
(1.48515 0.111176 9.17758e-25)
(1.51473 0.0930914 -9.17746e-25)
(1.94248 0.0712474 1.21163e-22)
(1.73339 -0.098059 4.28357e-23)
(1.78054 -0.0794118 1.12176e-23)
(1.63104 0.0144891 -5.41701e-24)
(1.53316 -0.163714 0)
(1.55765 -0.112672 0)
(1.70505 -0.0562786 0)
(1.53996 0.0775651 3.14076e-23)
(1.56272 0.0653531 -3.6392e-23)
(1.88424 0.0579403 4.05124e-23)
(1.81812 -0.0518341 -6.82728e-23)
(1.8523 -0.0297416 -2.35433e-23)
(1.60741 -0.0179304 6.74437e-26)
(1.605 -0.120357 9.02016e-23)
(1.66742 -0.113945 0)
(1.74982 -0.0711753 3.46536e-23)
(1.58196 0.0549367 -2.06468e-23)
(1.59685 0.0430884 2.82883e-26)
(1.82731 0.0337791 1.33178e-22)
(1.89094 -0.0160836 -1.18946e-23)
(1.93932 -0.0109096 0)
(1.56141 -0.0764173 -1.22641e-23)
(1.7532 -0.145073 -2.43592e-23)
(1.83477 -0.174323 -4.16289e-22)
(1.85911 -0.153252 0)
(1.99206 -0.00228999 0)
(2.03236 0.00792066 0)
(1.53997 -0.0880609 -1.19455e-25)
(1.91196 -0.217003 2.43539e-23)
(1.99788 -0.23207 -3.80677e-22)
(2.06568 -0.145809 -2.56536e-23)
(2.04312 0.0158713 2.51922e-23)
(2.02812 0.0132964 2.48566e-23)
(1.53456 -0.0410504 -1.334e-23)
(2.09528 -0.183145 4.14262e-22)
(2.23374 -0.0932171 -4.1679e-22)
(2.28483 0.0284045 0)
(1.96581 0.00857064 2.61255e-23)
(1.8997 -0.0180921 0)
(1.53734 -0.00691877 -1.25537e-23)
(2.3628 0.0111398 0)
(2.47431 0.0645263 -1.06386e-22)
(2.30281 0.105516 9.72037e-23)
(-0.00301791 0.00749832 0)
(-0.259477 -0.00724073 0)
(0.119011 0.0171674 0)
(-0.2445 -0.00583098 0)
(0.269201 0.0192344 0)
(-0.171538 0.00122627 0)
(0.0474956 0.0118807 0)
(-0.260139 -0.00936688 0)
(0.200423 0.0199609 0)
(-0.213348 -0.00171613 0)
(0.327777 0.0179849 0)
(-0.126414 0.00249142 0)
(0.385125 0.0161017 0)
(-0.0793721 0.00272956 0)
(0.475817 0.0142654 0)
(0.00237215 0.00260005 0)
(0.558424 0.0119653 0)
(0.0739936 0.00134382 0)
(0.644892 0.0143879 0)
(0.13514 -7.68242e-05 0)
(0.742523 0.0196763 0)
(0.211409 0.00020466 0)
(0.863133 0.0415752 0)
(0.347472 0.00115597 0)
(0.999446 0.0474212 0)
(0.558228 -0.008266 0)
(0.898883 -0.0147307 0)
(0.58507 -0.00436129 0)
(0.615226 -0.0280465 0)
(0.450019 0.000960028 0)
(0.382882 -0.0276238 0)
(0.332025 -0.00738949 0)
(0.0741301 -0.0380078 0)
(0.114786 -0.0141849 0)
(-0.224026 -0.0380331 0)
(-0.165738 -0.0150394 0)
(-0.405781 -0.0198671 0)
(-0.392443 -0.0092805 0)
(-0.386365 0.0100565 0)
(-0.445599 0.0011654 0)
(-0.215547 0.0275495 0)
(-0.31823 0.00867664 0)
(0.0447684 0.0267629 0)
(-0.136441 0.00770073 0)
(0.240922 0.0162918 0)
(0.00327992 0.00486904 0)
(0.354783 0.00839354 0)
(0.0813693 0.00254631 0)
(0.423583 0.00508455 0)
(0.126415 0.00170065 0)
(0.466231 0.00275193 0)
(0.154759 0.00109331 0)
(0.426038 0.01442 0)
(-0.0407309 0.00268329 0)
(0.516831 0.0132298 0)
(0.0383128 0.00207524 0)
(0.600202 0.012176 0)
(0.104526 0.000380319 0)
(0.690814 0.0175244 0)
(0.169954 -5.39321e-05 0)
(0.79656 0.026703 0)
(0.264953 0.000264684 0)
(0.943679 0.0556836 0)
(0.457353 -0.00166395 0)
(0.997542 0.0204486 0)
(0.603113 -0.0112925 0)
(0.743029 -0.0315294 0)
(0.514305 -0.00180657 0)
(0.504318 -0.0236391 0)
(0.397305 -0.00290089 0)
(0.235018 -0.0334442 0)
(0.236123 -0.0120486 0)
(-0.0869305 -0.0376767 0)
(-0.0228876 -0.0153084 0)
(-0.339488 -0.0318226 0)
(-0.296132 -0.0138762 0)
(-0.429644 -0.00611665 0)
(-0.443158 -0.00520103 0)
(-0.319431 0.0205385 0)
(-0.397606 0.00589774 0)
(-0.0841954 0.0295458 0)
(-0.225164 0.00887603 0)
(0.154756 0.0216027 0)
(-0.0586069 0.00621183 0)
(0.305675 0.0114992 0)
(0.0481626 0.00346473 0)
(0.393208 0.00646765 0)
(0.106494 0.0020445 0)
(0.448046 0.0038757 0)
(0.14251 0.00142104 0)
(0.478913 0.00181723 0)
(0.163569 0.000700304 0)
(-0.379563 -0.0145159 0)
(-0.293018 0.00232119 0)
(-0.365439 -0.00629644 0)
(-0.248504 -0.0026691 0)
(-0.352158 -0.00108315 0)
(-0.216096 -0.00156663 0)
(-0.396791 -0.0194482 0)
(-0.372147 -0.0100686 0)
(-0.268614 -0.00164569 0)
(-0.356719 -0.00331889 0)
(-0.229664 -0.00212507 0)
(-0.365011 0.00501718 0)
(-0.218134 0.00131247 0)
(-0.403108 0.0125031 0)
(-0.250153 0.00487183 0)
(-0.526325 0.0250405 0)
(-0.406255 0.010574 0)
(-0.541847 -0.000533886 0)
(-0.506232 0.00325516 0)
(-0.404727 -0.0201663 0)
(-0.434932 -0.00523779 0)
(-0.221106 -0.0249279 0)
(-0.269868 -0.00808467 0)
(-0.0037733 -0.0185171 0)
(-0.117914 -0.00530392 0)
(0.147755 -0.0103461 0)
(-0.0213922 -0.00323633 0)
(0.240859 -0.00526212 0)
(0.0337233 -0.00180053 0)
(0.298663 -0.00251697 0)
(0.0625367 -0.000751202 0)
(0.333221 -0.000526571 0)
(0.0744337 -0.000445898 0)
(0.351885 0.000203867 0)
(0.0795172 -0.000683147 0)
(0.361737 -0.00136515 0)
(0.0826437 0.000703816 0)
(0.365567 -0.00205723 0)
(0.084422 0.00165236 0)
(0.369559 -0.00698627 0)
(0.0922049 0.00416277 0)
(0.360894 -0.00564822 0)
(0.0955724 0.00596405 0)
(0.348804 0.000357189 0)
(0.0849747 -0.000249661 0)
(0.375517 -0.00110351 0)
(0.0947757 -0.0025631 0)
(0.430784 -0.00179429 0)
(0.123747 -0.00456124 0)
(0.499478 -0.000422268 0)
(0.162518 -0.00561909 0)
(0.563326 0.000119378 0)
(0.197064 -0.0042121 0)
(0.628524 -0.00576714 0)
(0.235174 -0.00210078 0)
(0.698083 -0.00781771 0)
(0.28199 -0.00215948 0)
(0.743402 -0.0047653 0)
(0.321358 -0.00196436 0)
(0.75447 -0.00212099 0)
(0.345953 -0.0025346 0)
(-0.463266 0.0203843 0)
(-0.31562 0.00811457 0)
(-0.562669 0.0144836 0)
(-0.476336 0.00742617 0)
(-0.48337 -0.0119064 0)
(-0.489505 -0.00154112 0)
(-0.323414 -0.023806 0)
(-0.357248 -0.00741078 0)
(-0.108659 -0.0230773 0)
(-0.187231 -0.00693243 0)
(0.0791018 -0.0142006 0)
(-0.0646186 -0.00404901 0)
(0.1991 -0.0075051 0)
(0.0103972 -0.0025876 0)
(0.273268 -0.00368267 0)
(0.0507939 -0.00128286 0)
(0.31825 -0.00157331 0)
(0.0700336 -0.000379619 0)
(0.3436 8.37507e-05 0)
(0.0771332 -0.000828385 0)
(0.357948 -0.000355774 0)
(0.0812397 0.000137527 0)
(0.363368 -0.00130802 0)
(0.0834664 0.00112222 0)
(0.367674 -0.00430664 0)
(0.0871546 0.00259872 0)
(0.368688 -0.00805223 0)
(0.0963222 0.00619631 0)
(0.350507 -0.00157613 0)
(0.0893622 0.00312044 0)
(0.356327 1.37764e-05 0)
(0.0870127 -0.00174132 0)
(0.400463 -0.0015935 0)
(0.107162 -0.00364519 0)
(0.464856 -0.00142574 0)
(0.14301 -0.00524501 0)
(0.532767 0.000221237 0)
(0.180819 -0.00534424 0)
(0.595286 -0.00301425 0)
(0.214709 -0.00265799 0)
(0.66466 -0.00745252 0)
(0.258519 -0.00216699 0)
(0.72625 -0.00674409 0)
(0.303909 -0.00209536 0)
(0.751806 -0.00314121 0)
(0.334713 -0.0021327 0)
(0.754217 -0.00114058 0)
(0.356812 -0.00297025 9.42205e-34)
(1.84772 -0.0625417 6.56393e-23)
(1.71973 -0.0245797 0)
(1.26016 -0.00540686 2.58865e-26)
(1.25271 -0.00680964 3.32479e-26)
(2.00517 -0.0364171 3.28331e-23)
(1.80695 0.0163203 -1.3416e-22)
(1.23901 0.00483066 0)
(1.92355 -0.0467265 3.34935e-23)
(1.76423 -0.0102572 0)
(1.25836 -0.00325915 -1.38063e-23)
(1.25192 0.000117926 2.30275e-24)
(1.26093 -0.00461417 -2.21941e-24)
(1.59977 -0.00449265 0)
(1.59083 -0.0183298 -4.95511e-23)
(1.69631 -0.0262215 3.30723e-23)
(1.6066 0.0294627 -8.36246e-24)
(1.61146 0.0183175 -3.36173e-23)
(1.78114 0.00525432 -1.00679e-22)
(1.61175 0.0133368 8.07827e-24)
(1.6084 0.00838511 -3.20787e-23)
(1.73692 -0.0153464 -1.00283e-22)
(0.485096 -0.000430051 0)
(0.172801 -6.39606e-05 0)
(0.479064 -0.00103016 0)
(0.170841 -0.000190838 0)
(0.485742 0.00103078 0)
(0.168709 0.000194831 0)
(0.489172 0.000776771 0)
(0.172327 -0.000355117 0)
(0.488704 0.000696517 0)
(0.171257 -0.000185088 0)
(0.488421 0.000619394 0)
(0.173105 -0.000167481 0)
(1.75606 -0.0994157 -3.29309e-23)
(1.68282 -0.0379756 -9.77491e-23)
(1.23593 -0.0081703 4.52235e-24)
(1.66561 -0.503833 6.35255e-24)
(1.68371 -0.367403 -1.13182e-22)
(1.67451 -0.287147 1.24714e-22)
(1.64367 -0.147093 6.08182e-23)
(1.62689 -0.0666527 1.59654e-22)
(1.19961 -0.00834528 -1.32082e-23)
(1.68116 -1.05387 3.16119e-24)
(1.60453 -0.94709 6.15942e-24)
(1.56586 -0.819951 7.40935e-23)
(1.54496 -0.713007 -1.52161e-22)
(1.53314 -0.625506 1.59812e-22)
(1.55066 -0.51592 0)
(1.56575 -0.401998 -9.64536e-23)
(1.56331 -0.31582 -3.54996e-24)
(1.52083 -0.17115 -1.24435e-22)
(1.5238 -0.096601 -6.24227e-23)
(1.16177 -0.0090761 1.73051e-23)
(1.58552 -0.886929 -3.42725e-24)
(1.50488 -0.811809 -1.01102e-24)
(1.47069 -0.759571 -7.36818e-23)
(1.45336 -0.649042 -5.25201e-24)
(1.43573 -0.555516 -1.5923e-22)
(1.45481 -0.464875 0)
(1.46231 -0.357288 4.14023e-22)
(1.45209 -0.288461 0)
(1.40832 -0.148338 6.00642e-23)
(1.40838 -0.107015 -5.97226e-23)
(1.12097 -0.00910436 1.682e-23)
(1.21804 -0.00823553 0)
(1.18078 -0.00887718 -4.29187e-24)
(1.14106 -0.00943457 5.20787e-26)
(1.10333 -0.00986972 -1.66521e-23)
(1.78769 -1.08276 2.07205e-23)
(1.72711 -1.04251 2.76901e-24)
(1.69991 -0.866992 0)
(1.65643 -0.738106 2.41165e-22)
(1.64601 -0.637327 -6.35653e-24)
(1.57981 -0.0299404 -3.26279e-23)
(1.56178 -0.033341 1.63252e-23)
(1.65556 -0.0491955 -3.21999e-23)
(1.5358 -0.0343049 8.04213e-24)
(1.50072 -0.0339311 -3.16306e-23)
(1.57512 -0.0846374 1.26542e-22)
(1.45947 -0.0378783 5.51294e-23)
(1.411 -0.0401477 -7.765e-24)
(1.46139 -0.110904 3.10737e-23)
(1.35959 -0.0387616 -3.05221e-23)
(1.30784 -0.0319101 7.56441e-24)
(1.35549 -0.108344 -8.9918e-23)
(1.55033 0.0172742 2.61045e-23)
(2.23097 0.0984748 0)
(2.62024 0.2024 0)
(2.60808 -0.274519 -2.01232e-22)
(2.64452 -0.342851 3.54205e-22)
(2.66596 -0.574614 -2.85789e-22)
(2.66508 -0.675037 0)
(2.54365 -0.90734 -2.09699e-24)
(2.45258 -1.01066 -5.90261e-23)
(2.29265 -1.09973 -2.95249e-24)
(2.07239 -1.30939 -2.10611e-24)
(2.0084 -1.24453 -7.45277e-25)
(1.88326 -1.2331 7.41395e-25)
(1.5861 0.0386539 -2.62571e-23)
(2.05013 0.050911 1.07177e-22)
(2.65093 0.371956 1.90108e-22)
(2.89788 0.224078 2.083e-22)
(2.80906 0.0234689 -5.24304e-22)
(2.83683 -0.283947 2.84256e-22)
(2.82031 -0.437347 1.31488e-23)
(2.71768 -0.621923 -5.35209e-24)
(2.56463 -0.803078 -2.33187e-23)
(2.38652 -1.00881 -2.87026e-23)
(2.23163 -1.10544 2.38971e-24)
(1.97374 -1.23974 0)
(1.59822 0.0544761 7.07618e-23)
(1.92717 0.0983624 1.03826e-22)
(2.54561 0.401461 -2.00503e-22)
(2.92527 0.728614 5.95226e-24)
(3.12423 0.348683 3.47559e-22)
(3.10303 0.0990443 0)
(2.98791 -0.198986 0)
(2.88083 -0.348888 0)
(1.52329 0.0866732 2.53933e-24)
(1.80444 0.188558 -8.92809e-23)
(2.17072 0.52394 -2.34523e-22)
(2.86554 0.867156 -1.05077e-23)
(1.32355 -0.00484294 0)
(1.31421 -0.00252468 0)
(1.29495 0.00776024 0)
(1.26518 0.0217517 1.38712e-23)
(1.22334 0.0353452 -1.38703e-23)
(1.17119 0.0422775 1.28992e-23)
(1.11259 0.043749 -1.28983e-23)
(1.04927 0.0444971 -2.25386e-23)
(1.78565 -1.12999 0)
(2.72963 -0.526508 2.97285e-23)
(2.58374 -0.698003 1.16848e-23)
(2.37946 -0.72856 -3.21725e-23)
(2.06513 -0.802727 0)
(1.76592 -0.9451 0)
(3.43551 0.825796 2.26898e-22)
(3.43378 0.582695 0)
(3.25745 0.218506 -8.21207e-23)
(3.05455 -0.0788153 -4.94391e-24)
(2.89495 -0.23521 -6.37856e-24)
(2.69804 -0.39497 1.3259e-22)
(2.4543 -0.420212 -5.41081e-23)
(2.14525 -0.521612 -1.07224e-23)
(1.85312 -0.61392 4.81824e-24)
(1.56772 -0.645271 0)
(1.43484 -0.626499 0)
(1.39094 -0.562601 0)
(1.34566 -0.447347 0)
(1.33615 -0.364524 -1.24482e-22)
(1.37558 -0.314161 0)
(1.38351 -0.229573 -1.94423e-22)
(1.36767 -0.202531 2.07439e-22)
(1.32372 -0.0956761 -2.93568e-23)
(1.31334 -0.0807762 5.7583e-23)
(1.08988 -0.00989475 0)
(1.37209 0.110278 -3.63435e-23)
(1.60898 0.264492 1.91451e-22)
(1.88532 0.613967 2.58561e-22)
(2.65741 0.975142 3.67462e-22)
(3.43739 1.18433 -2.28914e-22)
(3.71062 1.01748 -1.5245e-24)
(3.64341 0.771865 9.71482e-23)
(3.36597 0.316249 0)
(3.07229 0.0490969 0)
(2.79405 -0.102894 -1.42834e-22)
(2.50131 -0.21746 -9.37398e-24)
(2.19992 -0.31568 -6.63609e-25)
(1.92057 -0.270923 6.69957e-24)
(1.6003 -0.348755 -1.64462e-22)
(1.39291 -0.340145 0)
(1.31712 -0.27883 0)
(1.26455 -0.22469 0)
(1.27025 -0.168678 1.25188e-22)
(1.32524 -0.143103 1.09468e-23)
(1.34377 -0.0922105 -3.96587e-22)
(1.32717 -0.105992 -2.20732e-22)
(1.27205 -0.0406654 -2.22003e-23)
(1.24906 -0.0380663 8.6849e-23)
(1.07557 -0.0173028 -1.63617e-23)
(1.19918 0.117898 0)
(1.33234 0.326763 1.09166e-22)
(1.58345 0.650899 -4.53293e-23)
(2.28649 1.03348 -3.75845e-22)
(3.38858 1.27168 0)
(3.88673 1.15663 0)
(3.92465 1.00056 -7.04279e-23)
(3.77496 0.77181 -4.64157e-24)
(3.38215 0.453479 0)
(2.93865 0.174021 1.84455e-22)
(2.57799 0.0313988 1.12497e-22)
(2.25365 0.0179235 7.96855e-24)
(1.93795 -0.0630301 0)
(1.61048 -0.0334978 1.61463e-22)
(1.36748 -0.0199823 0)
(1.29205 -0.0461612 0)
(1.23944 -0.0330966 1.0654e-23)
(1.25416 -0.0360349 -1.06509e-23)
(1.3109 -0.0327852 -2.20116e-23)
(1.33886 -0.0286795 3.89204e-22)
(1.31567 -0.0352285 1.26718e-23)
(1.24667 -0.00227964 -2.97572e-22)
(1.21823 -0.000881583 1.46839e-22)
(1.0617 -0.0294305 8.31303e-24)
(1.03593 0.100067 -2.69231e-24)
(1.0692 0.285467 -2.22898e-23)
(1.25807 0.557436 -2.46919e-23)
(2.06962 0.843788 9.7683e-24)
(3.32887 1.25061 3.21651e-22)
(3.95729 1.02266 1.89281e-22)
(4.02053 1.0118 3.96511e-23)
(3.92753 0.97816 1.85312e-22)
(3.66061 0.846672 -2.13156e-23)
(3.21324 0.669209 -5.56351e-22)
(2.74319 0.42639 0)
(2.3433 0.351907 -1.65506e-23)
(1.97079 0.263128 0)
(1.60769 0.270329 1.8612e-23)
(1.38606 0.2183 -1.87351e-23)
(1.30456 0.177845 -2.31244e-23)
(1.22983 0.214797 0)
(1.25531 0.1616 0)
(1.3141 0.12858 -2.31021e-23)
(1.3534 0.0762116 2.31672e-23)
(1.31967 0.051706 1.42483e-23)
(1.24514 0.0310693 1.88923e-22)
(1.21901 0.0327167 2.99244e-23)
(1.0316 -0.0164458 -4.31933e-23)
(0.927034 0.0566628 -2.36668e-23)
(0.889941 0.146698 -5.13845e-24)
(1.01956 0.266573 9.47141e-25)
(1.8056 0.383601 4.12731e-22)
(3.30577 0.891404 -3.54765e-22)
(3.96143 0.856175 3.44863e-22)
(4.0072 0.964515 -2.38559e-22)
(3.91982 1.00978 4.4439e-23)
(3.70893 1.0426 2.08059e-22)
(3.31955 1.11474 3.55411e-22)
(2.92098 0.943857 2.55346e-23)
(2.47421 0.932661 1.83681e-23)
(2.05617 0.806521 2.08335e-22)
(1.67773 0.7568 -2.55077e-23)
(1.44803 0.687688 0)
(1.34726 0.578848 1.4724e-23)
(1.2835 0.512395 -3.56245e-22)
(1.3358 0.382983 0)
(1.37651 0.328805 -5.04667e-23)
(1.40851 0.232515 5.05693e-23)
(1.35205 0.184214 -1.55492e-23)
(1.27606 0.0810542 1.5526e-23)
(1.26279 0.0816748 3.69383e-23)
(1.01517 0.0074226 0)
(0.902341 0.00780706 0)
(0.847028 -0.00695395 4.09471e-23)
(0.959013 -0.0394684 5.24359e-24)
(1.51786 -0.21976 2.65923e-22)
(3.11768 0.395351 -8.00051e-22)
(3.85515 0.571531 -4.82168e-22)
(3.91672 0.851634 2.86947e-22)
(3.83372 1.04011 -2.35936e-22)
(3.6625 1.10548 -1.76961e-22)
(3.28183 1.29134 0)
(2.91551 1.29427 1.13462e-22)
(2.51214 1.34049 2.43111e-23)
(2.13542 1.26298 -1.74318e-22)
(1.77569 1.23979 -3.66048e-23)
(1.55463 1.09761 0)
(1.47121 0.9224 2.05978e-22)
(1.40844 0.835611 -4.51728e-23)
(1.46093 0.637505 -7.02835e-23)
(1.49507 0.555002 0)
(1.52427 0.398955 -1.04671e-21)
(1.45237 0.320409 -5.72746e-22)
(1.37315 0.128125 0)
(1.35181 0.123105 0)
(1.02976 0.0284612 -9.63215e-24)
(0.952948 -0.0359732 -1.74876e-24)
(0.920426 -0.13907 0)
(1.01132 -0.270909 -4.08543e-26)
(1.42643 -0.494517 -6.97351e-22)
(2.59447 -0.157237 7.24352e-22)
(3.38768 0.23372 2.79703e-23)
(3.58199 0.666528 3.54376e-23)
(3.60241 0.988044 -5.44387e-22)
(3.47778 1.23763 0)
(3.21697 1.38262 0)
(2.84424 1.48395 -7.17509e-23)
(2.48752 1.56138 0)
(2.16682 1.53186 -3.80507e-23)
(1.88248 1.44801 1.39158e-23)
(1.70209 1.32836 1.83401e-22)
(1.59469 1.20316 2.48329e-22)
(1.54346 1.0618 5.54443e-22)
(1.57857 0.836546 -8.99883e-23)
(1.60819 0.732486 0)
(1.6677 0.497338 9.81308e-22)
(1.60749 0.412108 6.4884e-22)
(1.50451 0.140099 -6.65154e-22)
(1.45064 0.138367 1.99116e-22)
(1.09466 0.0461122 -4.20114e-23)
(1.05137 -0.052765 0)
(1.059 -0.191053 -3.95803e-24)
(1.13027 -0.363378 3.08931e-22)
(1.44195 -0.549928 0)
(2.21516 -0.382028 0)
(2.88126 0.000432165 0)
(3.14115 0.416118 -1.7251e-22)
(3.20656 0.821715 -1.05874e-22)
(3.15825 1.1264 -6.71601e-23)
(2.99918 1.45129 6.17798e-22)
(2.7961 1.53017 -1.83053e-22)
(2.46333 1.64299 4.764e-24)
(2.21241 1.6108 3.80122e-23)
(1.99132 1.5663 -1.3903e-23)
(1.82537 1.44734 2.03815e-22)
(1.75813 1.28411 -4.3147e-22)
(1.7493 1.11068 2.13068e-22)
(1.75758 0.921575 -2.13071e-22)
(1.78988 0.775461 1.0227e-21)
(1.84661 0.533734 1.43215e-21)
(1.78387 0.44332 -1.38834e-21)
(1.65122 0.156893 6.65196e-22)
(1.5488 0.151158 -3.507e-22)
(1.17944 0.0479436 0)
(1.15674 -0.04785 2.8787e-24)
(1.19868 -0.170303 0)
(1.25008 -0.276077 1.36138e-22)
(1.49917 -0.434371 -1.42791e-23)
(2.00341 -0.321721 -1.32897e-21)
(2.52516 -0.0771993 -2.14353e-22)
(2.74617 0.287006 -1.12679e-23)
(2.8264 0.669183 1.02645e-21)
(2.82625 0.987815 1.92259e-22)
(2.76003 1.23505 -6.87234e-22)
(2.59326 1.52962 7.65346e-23)
(2.44346 1.60542 -4.63911e-24)
(2.24629 1.59997 1.74063e-22)
(2.07906 1.57711 0)
(1.96223 1.4486 -3.86692e-22)
(1.93096 1.29416 1.89552e-22)
(1.93975 1.09933 -1.89582e-22)
(1.93598 0.941524 -2.16807e-21)
(1.99876 0.732815 -1.01133e-21)
(2.01761 0.579257 -1.44321e-21)
(1.96218 0.454763 1.38828e-21)
(1.80927 0.228345 0)
(1.65325 0.159996 4.68931e-23)
(1.27305 0.0456759 6.4319e-24)
(1.23039 -0.0318789 -1.06178e-22)
(1.30488 -0.108502 -4.49005e-22)
(1.33502 -0.146254 -1.68054e-21)
(1.53628 -0.260621 1.28659e-21)
(1.86054 -0.167823 -3.74027e-22)
(2.25295 -0.0105924 -1.60672e-21)
(2.41086 0.299889 1.91728e-21)
(2.4977 0.598475 0)
(2.56585 0.855023 2.07657e-22)
(2.4598 1.17074 -2.06696e-22)
(2.45473 1.30215 -7.10015e-23)
(2.32884 1.51011 6.92161e-23)
(2.23356 1.56767 -1.70093e-22)
(2.1564 1.49188 -4.76924e-22)
(2.09165 1.45416 -1.14609e-21)
(2.09939 1.29994 1.46227e-21)
(2.08391 1.17198 1.84311e-21)
(2.11638 0.957182 2.16672e-21)
(2.1762 0.745383 0)
(2.13635 0.663354 1.8346e-22)
(2.13475 0.471889 2.95052e-21)
(1.98216 0.342126 0)
(1.78686 0.165324 -4.12133e-22)
(1.37074 0.0409551 3.86316e-24)
(1.2514 -0.0210086 1.20773e-22)
(1.35868 -0.033995 2.57244e-22)
(1.37491 -0.035272 -1.60442e-22)
(1.55727 -0.0620446 -1.13164e-21)
(1.77647 -0.0312661 1.5608e-21)
(2.03833 0.0759229 3.55053e-21)
(2.14509 0.334969 -1.02684e-22)
(2.22473 0.552459 0)
(2.28224 0.812186 1.66603e-21)
(2.26182 1.04528 1.43867e-21)
(2.25386 1.18616 0)
(2.20686 1.43781 -6.20693e-23)
(2.26461 1.39015 6.09478e-23)
(2.17872 1.4649 1.16379e-21)
(2.19243 1.39398 8.78043e-22)
(2.2184 1.33988 -1.4418e-21)
(2.24341 1.24155 -7.63231e-23)
(2.30568 1.02912 2.21328e-21)
(2.32186 0.861722 -2.63746e-21)
(2.26346 0.706945 -3.86124e-22)
(2.31139 0.452092 4.96357e-22)
(2.17193 0.413347 0)
(1.97893 0.132114 9.00447e-22)
(1.46562 0.0312183 -7.37619e-24)
(1.23413 -0.0149775 -3.94788e-24)
(1.35721 0.0175129 -2.00793e-24)
(1.3832 0.0506895 1.17782e-21)
(1.54942 0.0484302 -2.47603e-21)
(1.71637 0.117636 -3.94436e-22)
(1.88625 0.218296 -1.3407e-21)
(1.94809 0.423258 -1.81054e-21)
(1.99029 0.602468 0)
(2.04259 0.82706 -1.66337e-21)
(2.08631 1.02164 -1.43623e-21)
(2.06071 1.18772 4.91149e-22)
(2.17844 1.25375 6.43612e-23)
(2.16838 1.43945 -3.87024e-22)
(2.1724 1.45048 -4.57655e-22)
(2.23377 1.36947 6.21031e-22)
(2.32372 1.32747 2.93578e-22)
(2.43205 1.17745 -1.73886e-21)
(2.48586 1.0167 -1.58806e-21)
(2.49136 0.871641 -3.09387e-21)
(2.48111 0.626826 0)
(2.46503 0.34355 -3.46336e-21)
(2.40255 0.34972 1.56568e-22)
(2.20897 0.0297595 2.50264e-22)
(1.53882 0.0114276 -2.45342e-22)
(1.19433 -0.00382916 2.41229e-22)
(1.31239 0.0648538 0)
(1.38032 0.0923077 0)
(1.51579 0.0958464 -9.33662e-23)
(1.62998 0.175534 3.19697e-22)
(1.72427 0.244014 0)
(1.76004 0.459362 0)
(1.78926 0.639449 0)
(1.84289 0.814413 2.97724e-22)
(1.91881 1.04528 -2.9763e-22)
(1.95206 1.13317 -4.91965e-22)
(1.99424 1.31153 -1.18226e-23)
(2.10199 1.40154 3.33805e-22)
(2.1759 1.42733 0)
(2.28848 1.36511 -2.93944e-22)
(2.44795 1.18321 1.9078e-21)
(2.56819 1.08555 0)
(2.66399 0.908933 1.10879e-21)
(2.72642 0.674921 4.64116e-21)
(2.7494 0.476679 -6.81169e-22)
(2.62236 0.214681 -6.45219e-21)
(2.63871 0.0873729 -3.4126e-21)
(2.35466 -0.0981275 6.73502e-22)
(1.55869 -0.0104061 0)
(1.14901 0.00515759 -1.85817e-23)
(1.25463 0.0709925 9.55959e-22)
(1.37157 0.100499 2.60662e-22)
(1.47493 0.11354 1.47084e-21)
(1.55269 0.208864 5.68324e-22)
(1.58019 0.268216 0)
(1.5578 0.469604 2.82095e-21)
(1.5854 0.604714 1.39659e-21)
(1.64089 0.819227 0)
(1.74895 0.974079 -1.42337e-22)
(1.79311 1.20014 4.55869e-23)
(1.91773 1.18164 -9.52576e-24)
(2.0558 1.37679 9.52576e-24)
(2.27131 1.2197 0)
(2.43322 1.19007 -6.27644e-22)
(2.58593 0.951472 -1.90339e-21)
(2.71315 0.870369 3.03655e-21)
(2.87468 0.649161 2.5297e-22)
(2.95385 0.454379 -5.41895e-21)
(2.96328 0.27196 0)
(2.85966 0.101872 6.47051e-21)
(2.77906 -0.238118 3.68661e-21)
(2.36446 -0.129922 -3.16668e-21)
(1.48732 -0.0268373 -4.67283e-22)
(1.1107 0.00487299 -6.62057e-24)
(1.20756 0.0557969 1.69264e-21)
(1.34303 0.0838722 -1.27833e-21)
(1.41877 0.131844 1.26338e-21)
(1.47627 0.232089 0)
(1.4756 0.340232 0)
(1.41908 0.472977 -5.29213e-22)
(1.41869 0.591367 -1.6329e-21)
(1.45963 0.75392 -5.53227e-22)
(1.54668 0.907372 2.03698e-22)
(1.69495 1.09462 8.51436e-23)
(1.84454 1.08358 1.15002e-23)
(2.09136 1.13628 2.35644e-22)
(2.39462 0.936169 -3.62677e-22)
(2.59759 0.926441 1.40944e-22)
(2.71503 0.742358 3.06552e-22)
(2.90743 0.586981 -6.38304e-22)
(3.06447 0.366666 -4.09468e-21)
(3.1303 0.214969 5.56626e-21)
(3.11697 0.0141588 -1.17022e-21)
(3.12681 -0.118064 -7.83843e-22)
(2.79523 -0.373993 5.65255e-22)
(2.22122 -0.160187 -1.29099e-23)
(1.36015 -0.0266641 4.44661e-22)
(1.08594 -0.00441607 0)
(1.17731 0.0169504 0)
(1.30935 0.00403252 1.65055e-21)
(1.34727 0.0394362 -1.71335e-21)
(1.35247 0.0876541 7.89736e-22)
(1.32271 0.198876 -5.16418e-23)
(1.2572 0.348532 -2.99963e-21)
(1.26389 0.49998 5.90548e-22)
(1.30245 0.632084 0)
(1.402 0.7752 1.02986e-22)
(1.65402 0.853242 -1.43947e-22)
(1.89125 0.867997 2.59621e-23)
(2.22286 0.664561 4.35538e-23)
(2.4798 0.636376 -3.34708e-22)
(2.71414 0.632875 -2.57201e-22)
(2.9085 0.470083 -5.47229e-22)
(3.13447 0.287533 -9.49997e-22)
(3.22446 0.162377 1.52413e-21)
(3.32112 -0.064448 0)
(3.31772 -0.230445 1.27687e-21)
(3.23628 -0.488382 -1.03432e-20)
(2.73453 -0.389338 -1.16469e-20)
(2.0124 -0.174644 -3.10811e-21)
(1.24097 -0.0292162 2.50345e-26)
(1.08338 -0.0135437 1.21162e-21)
(1.17208 -0.0160151 1.2953e-21)
(1.28683 -0.00614631 -2.28404e-21)
(1.30774 0.0477103 0)
(1.2947 0.101486 6.03133e-22)
(1.23097 0.183767 -1.10766e-21)
(1.13358 0.254358 5.03097e-22)
(1.12962 0.373799 -3.31524e-23)
(1.18741 0.492334 1.67537e-22)
(1.34292 0.518741 0)
(1.6454 0.577703 6.87271e-23)
(1.98602 0.5208 -5.38109e-23)
(2.26949 0.520817 0)
(2.52496 0.43146 4.03672e-22)
(2.79776 0.33723 3.71932e-22)
(3.07257 0.208959 3.33046e-24)
(3.26723 0.110507 -2.70536e-22)
(3.42415 -0.0671324 6.53748e-22)
(3.54226 -0.325692 -5.23063e-21)
(3.57531 -0.46616 0)
(3.2198 -0.637935 1.00555e-20)
(2.39729 -0.372349 2.01534e-20)
(1.80428 -0.165409 0)
(1.13957 -0.0394775 -7.50332e-22)
(1.09776 -0.0277528 3.17027e-23)
(1.1796 -0.0459275 1.68062e-21)
(1.27113 -0.0952944 2.23658e-21)
(1.2658 -0.082431 -8.41732e-22)
(1.22743 -0.0534648 -1.42892e-21)
(1.14618 0.00394668 4.50713e-22)
(1.03897 0.0533788 -8.26176e-23)
(1.00246 0.107339 1.29307e-22)
(1.10938 0.210035 -4.63588e-22)
(1.3204 0.256804 5.31423e-22)
(1.64397 0.267383 -5.29676e-22)
(2.0034 0.287567 1.75932e-22)
(2.33023 0.244573 2.50487e-22)
(2.572 0.297039 -3.39814e-22)
(2.87697 0.147385 -4.32166e-23)
(3.16505 0.0532941 -3.2853e-22)
(3.44477 -0.096136 3.40983e-22)
(3.67437 -0.370774 7.09e-22)
(3.75987 -0.562186 8.73517e-21)
(3.68792 -0.749691 -5.76629e-21)
(3.15676 -0.649391 9.32887e-21)
(2.04415 -0.343262 -9.11647e-21)
(1.61826 -0.215098 -4.72204e-21)
(1.04717 -0.0572017 0)
(1.13833 -0.0470996 -2.02043e-22)
(1.20608 -0.0887547 2.13239e-21)
(1.28138 -0.111265 -3.54889e-22)
(1.26462 -0.125597 1.10525e-21)
(1.20098 -0.150362 3.23789e-22)
(1.11853 -0.0992281 -5.11597e-22)
(1.02584 -0.0537517 1.63462e-22)
(0.979848 -0.0519383 2.36742e-23)
(1.0788 -0.0434654 2.79722e-22)
(1.30884 -0.0415821 -2.48496e-22)
(1.62907 -0.0408898 1.63063e-22)
(1.98188 -0.0180296 9.5661e-23)
(2.32426 -0.000729263 8.8036e-23)
(2.63231 0.0382866 -3.48924e-23)
(2.98543 -0.0640873 -4.26368e-22)
(3.31455 -0.186652 4.25946e-22)
(3.70155 -0.422984 -1.49738e-22)
(3.88677 -0.631719 -4.26084e-22)
(3.90634 -0.766557 -5.10263e-22)
(3.65985 -0.858678 0)
(2.87473 -0.787752 -9.28136e-21)
(1.76443 -0.282638 2.81655e-21)
(1.42871 -0.2691 9.33665e-21)
(0.939816 -0.0668537 2.45605e-22)
(1.20226 -0.0677707 -1.45035e-22)
(1.25208 -0.125393 0)
(1.29858 -0.220122 5.17218e-22)
(1.27536 -0.237912 2.56875e-22)
(1.18809 -0.280203 -4.81522e-23)
(1.0851 -0.286328 1.22378e-22)
(0.993898 -0.308519 -1.21061e-22)
(0.955697 -0.319828 -2.13308e-22)
(1.04645 -0.332082 2.13602e-22)
(1.28325 -0.308868 0)
(1.62048 -0.283182 8.15093e-23)
(1.96347 -0.271305 -1.45841e-22)
(2.31993 -0.291455 6.76663e-23)
(2.71498 -0.388904 -1.00059e-22)
(3.14233 -0.47216 0)
(3.54729 -0.549419 -6.89969e-23)
(3.87867 -0.689838 -2.88837e-23)
(3.99549 -0.753637 1.97411e-22)
(3.99125 -0.788008 8.60187e-22)
(3.68986 -0.872151 -1.0565e-21)
(2.47975 -0.594728 1.07935e-21)
(1.47873 -0.21983 -1.56995e-21)
(1.21884 -0.264982 -5.22567e-21)
(0.820299 -0.0604943 2.88112e-21)
(1.29776 -0.0850561 0)
(1.32082 -0.173563 5.58704e-22)
(1.35142 -0.255654 1.49774e-22)
(1.33546 -0.306191 -6.13466e-22)
(1.23549 -0.387787 1.98839e-22)
(1.1292 -0.422473 7.47123e-23)
(1.03343 -0.490548 2.98757e-23)
(0.973823 -0.541291 -1.7196e-23)
(1.02984 -0.540912 1.89019e-23)
(1.25431 -0.492773 0)
(1.59956 -0.43774 0)
(1.96162 -0.388053 3.95405e-24)
(2.32013 -0.431508 -2.61842e-22)
(2.72878 -0.478753 0)
(3.16206 -0.539768 8.67747e-23)
(3.57945 -0.699612 7.81245e-23)
(3.89298 -0.770848 8.85616e-23)
(4.01217 -0.777369 8.14163e-24)
(4.02749 -0.775907 7.36999e-23)
(3.67607 -0.830571 1.37546e-22)
(2.43528 -0.54488 6.06859e-23)
(1.41456 -0.237323 5.12742e-22)
(1.04462 -0.135354 0)
(0.729798 -0.0325752 3.61596e-21)
(1.41854 -0.107341 3.12669e-22)
(1.42893 -0.227597 0)
(1.44402 -0.332201 -2.0274e-23)
(1.43353 -0.421742 5.95874e-24)
(1.34102 -0.566533 -6.30861e-24)
(1.25352 -0.682216 0)
(1.16866 -0.818638 1.71791e-24)
(1.07011 -0.965905 -7.35959e-25)
(1.05532 -1.0631 5.72251e-24)
(1.20702 -1.07436 -2.57311e-24)
(1.50972 -0.990935 0)
(1.88228 -0.91443 0)
(2.32042 -0.835761 0)
(2.7378 -0.840047 2.99913e-24)
(3.16739 -0.813209 -2.55656e-24)
(3.56314 -0.805037 3.21044e-24)
(3.85697 -0.799074 2.42678e-24)
(3.98201 -0.762826 0)
(4.00147 -0.730254 0)
(3.53635 -0.640849 -1.72687e-23)
(2.14644 -0.291459 -3.40071e-23)
(1.15363 0.000920959 0)
(0.949115 0.0527636 9.21714e-23)
(0.729067 0.0176741 0)
(1.08161 -0.013518 1.63614e-23)
(0.984931 0.0456447 1.71369e-23)
(0.919351 0.0470621 0)
(1.06889 -0.0213068 0)
(0.855039 0.0477142 -1.56748e-23)
(0.792591 0.0468397 2.88346e-23)
(1.04767 -0.0289641 1.7101e-23)
(0.736426 0.0431475 5.46987e-25)
(0.688686 0.0369103 2.58942e-24)
(1.0191 -0.00353326 1.74996e-23)
(0.653389 0.0276397 -8.62305e-24)
(0.632169 0.0176439 2.97448e-24)
(1.01668 0.0152448 -9.03711e-24)
(0.624261 0.00823474 0)
(0.627637 0.000548074 1.1049e-23)
(1.05905 0.0401508 3.17046e-23)
(0.643067 -0.00743837 -1.81865e-23)
(0.665943 -0.0127172 1.15394e-23)
(1.13453 0.0478536 0)
(0.692753 -0.0156456 -2.20692e-23)
(0.720889 -0.0170121 1.91935e-23)
(1.22484 0.0476852 0)
(0.747488 -0.017238 2.69556e-23)
(0.771037 -0.0166792 -2.69582e-23)
(1.32097 0.0444858 9.56442e-23)
(0.791323 -0.0159753 3.10164e-23)
(0.808667 -0.0150281 -2.70245e-23)
(1.4188 0.0378613 -1.1291e-22)
(0.823725 -0.0137588 -1.03738e-24)
(0.837194 -0.0129268 4.25349e-24)
(1.50652 0.0247196 1.50915e-23)
(0.849564 -0.0108046 0)
(0.858868 -0.00703721 6.45607e-23)
(1.5561 -0.00178693 2.45324e-22)
(0.864091 -0.00386367 -6.89229e-23)
(0.865682 -0.00196676 0)
(1.54282 -0.0162434 0)
(0.86474 -0.000850244 3.95297e-24)
(0.862654 -0.000586267 1.86818e-27)
(1.42273 -0.0251242 1.42055e-23)
(0.860765 -0.00177651 1.16894e-22)
(0.860951 -0.00267762 -1.08081e-22)
(1.29795 -0.0245698 -5.26969e-26)
(0.862356 -0.00364704 1.89856e-22)
(0.867091 -0.00721068 -1.92105e-22)
(1.18797 -0.0309078 7.50303e-22)
(0.878911 -0.00941217 3.26059e-22)
(0.889159 -0.0140552 -6.22476e-22)
(1.09398 -0.0456528 -8.5146e-23)
(0.910878 -0.0137584 -2.70891e-22)
(0.927793 -0.0206531 1.00368e-21)
(0.995479 -0.0616672 0)
(0.962849 -0.0219205 -2.12535e-21)
(0.98736 -0.0265216 2.45833e-22)
(0.878714 -0.063644 -3.01156e-21)
(1.03603 -0.033305 1.54789e-21)
(1.07116 -0.0308003 1.56293e-23)
(0.767621 -0.046163 -3.20707e-21)
(1.13412 -0.0388379 5.96681e-22)
(1.16854 -0.0349241 -1.91452e-21)
(0.697625 -0.00151094 7.43942e-21)
(1.26478 -0.046161 9.97946e-22)
(1.43207 -0.168452 9.49397e-23)
(1.43686 -0.2854 2.02037e-23)
(1.4391 -0.376234 0)
(1.40266 -0.470038 1.06424e-23)
(1.30819 -0.593555 0)
(1.21382 -0.741797 -2.56943e-24)
(1.13621 -0.856224 0)
(1.07915 -0.975066 0)
(1.13624 -1.02308 -4.21858e-24)
(1.34451 -1.0414 2.15398e-25)
(1.63138 -1.00146 0)
(1.98752 -0.999477 -2.02141e-24)
(2.41483 -0.951675 0)
(2.85758 -0.8923 -3.13756e-24)
(3.29172 -0.854916 1.8247e-24)
(3.66037 -0.81902 -5.59492e-24)
(3.90542 -0.782853 2.74182e-24)
(3.9947 -0.752261 -8.2247e-25)
(3.89736 -0.677783 3.20956e-24)
(3.07078 -0.469551 2.3584e-23)
(1.90034 -0.166054 9.95595e-24)
(1.05627 0.0210106 1.06043e-23)
(0.907922 0.0426906 -9.56549e-23)
(1.85315 -0.040099 2.63083e-23)
(1.82167 -0.0510961 -5.28165e-23)
(1.56931 0.0324658 5.26942e-23)
(2.51262 0.0951054 0)
(2.51324 0.0740956 0)
(2.13923 0.100493 -1.07188e-22)
(1.81069 -0.0259117 0)
(1.80199 0.0100359 2.61181e-23)
(1.59753 0.0477193 -2.4083e-23)
(2.46927 0.139091 0)
(2.29194 0.118317 -1.03059e-22)
(1.99545 0.0825244 5.35366e-23)
(1.77754 0.068592 7.36254e-23)
(1.71889 0.137478 -1.46207e-22)
(1.58043 0.0677082 -4.49038e-23)
(2.1632 0.279263 -1.03575e-22)
(2.00552 0.247194 9.93888e-23)
(1.8754 0.171505 -2.45121e-22)
(1.65325 0.188337 9.57251e-23)
(1.58091 0.211064 -2.21655e-23)
(1.45161 0.101377 6.40851e-23)
(1.91179 0.39655 9.38671e-23)
(1.7667 0.362049 -3.5931e-22)
(1.72534 0.241483 1.34824e-22)
(1.26322 -0.0208034 0)
(1.22883 -0.0106878 0)
(1.27665 -0.0728562 0)
(1.49861 0.222156 4.00466e-23)
(1.40185 0.227509 8.43919e-23)
(1.28611 0.116835 1.77701e-23)
(1.6628 0.515461 8.27318e-23)
(1.49479 0.463189 1.48339e-22)
(1.47699 0.313148 -1.87013e-22)
(1.20865 -0.00143196 -2.9493e-23)
(1.20184 0.00209623 2.88083e-23)
(1.22947 -0.0330045 -8.96449e-23)
(1.29352 0.223568 -1.79482e-22)
(1.18234 0.214372 1.12952e-22)
(1.1136 0.112956 0)
(1.39053 0.542336 1.01871e-22)
(1.21171 0.447019 -1.22072e-22)
(1.19339 0.329844 -1.48393e-22)
(1.20446 0.00534392 2.14548e-23)
(1.22633 0.000281833 0)
(1.21599 -5.11383e-05 1.74978e-22)
(1.07908 0.186621 9.77677e-24)
(0.994134 0.149435 5.4574e-23)
(0.97149 0.0815657 -4.30821e-24)
(1.11003 0.424635 2.33037e-22)
(0.969279 0.318746 5.08376e-23)
(0.963756 0.236799 6.37402e-23)
(1.24929 -0.000155061 -2.32624e-23)
(1.27471 -0.00828827 -3.30639e-23)
(1.23143 0.0214763 2.19577e-22)
(0.934386 0.0918869 -4.95169e-23)
(0.903549 0.0409857 -3.1704e-23)
(0.904759 0.0301155 2.09393e-23)
(0.890258 0.184095 -3.7666e-24)
(0.831185 0.0946436 -4.22062e-24)
(0.851238 0.0759048 -4.17879e-23)
(1.29662 -0.00227283 3.20121e-23)
(1.33208 0.000698089 8.58438e-24)
(1.29643 0.0650893 -1.33783e-22)
(0.898333 -0.0065717 4.78885e-24)
(0.918191 -0.0448636 7.75116e-23)
(0.917647 -0.0147192 1.45302e-24)
(0.818686 -0.0678142 5.12967e-24)
(0.840627 -0.0974333 -3.04959e-23)
(0.868631 -0.0698944 -1.47489e-24)
(1.36426 0.0184772 8.9369e-24)
(1.40219 0.0312819 -2.79273e-23)
(1.39747 0.100196 3.72117e-23)
(0.961231 -0.0875689 -4.88828e-23)
(1.02013 -0.108396 6.28139e-23)
(0.998946 -0.0478694 -2.09972e-24)
(0.889303 -0.256465 5.74531e-24)
(0.952415 -0.230186 0)
(0.985824 -0.170811 0)
(1.43242 0.0438511 -3.91107e-23)
(1.4719 0.0464658 -1.27282e-22)
(1.49734 0.124051 -2.00663e-22)
(1.08448 -0.117865 -5.88283e-23)
(1.14932 -0.118769 -8.56581e-23)
(1.10561 -0.0524509 2.61724e-24)
(1.03099 -0.28266 0)
(1.10622 -0.244938 -1.94003e-22)
(1.13244 -0.18635 -1.73996e-23)
(1.50982 0.055046 1.68412e-22)
(1.56055 0.056002 3.6762e-22)
(1.59919 0.148432 3.50605e-22)
(1.2107 -0.107435 1.79716e-22)
(1.26668 -0.0884232 -1.0334e-22)
(1.1997 -0.0403 1.12507e-22)
(1.17804 -0.235005 3.41571e-22)
(1.23594 -0.194265 -1.89112e-22)
(1.25706 -0.145742 2.14402e-22)
(1.61137 0.065935 -4.20255e-22)
(1.67594 0.0677958 1.21939e-23)
(1.71639 0.167324 0)
(1.3127 -0.0630324 2.29859e-22)
(1.34414 -0.0376846 -2.29946e-22)
(1.24719 -0.025241 -3.63886e-24)
(1.28044 -0.144428 0)
(1.31297 -0.098619 6.94078e-23)
(1.33986 -0.0715158 2.96709e-22)
(1.74129 0.0784097 4.11393e-22)
(1.81788 0.0748387 -4.11441e-22)
(1.88207 0.172098 4.11954e-22)
(1.3589 -0.013947 2.4892e-22)
(1.36034 0.000692498 -2.7269e-22)
(1.24802 -0.0180871 -1.21622e-22)
(1.33183 -0.033205 4.02154e-22)
(1.33777 -0.00463819 5.5334e-24)
(1.36282 -0.00942994 -2.18316e-22)
(1.88372 0.0745993 -2.02015e-23)
(1.93871 0.0580855 -1.37521e-23)
(2.10415 0.111323 -8.72511e-22)
(1.35334 0.0156036 -2.43465e-22)
(1.32937 0.0309966 2.55261e-22)
(1.21576 -0.00964861 3.97595e-24)
(1.33624 0.0448313 -5.18758e-22)
(1.33061 0.0588428 -1.06759e-21)
(1.33728 0.048161 0)
(1.96249 0.0477821 -9.25779e-22)
(1.96472 0.0317352 8.57467e-22)
(2.31326 -0.0233637 0)
(1.29818 0.0390437 7.955e-24)
(1.26523 0.0406923 5.05278e-22)
(1.17146 0.000896246 -2.64677e-22)
(1.32325 0.101923 1.60382e-21)
(1.3095 0.0846125 -5.27243e-22)
(1.28345 0.0684747 0)
(1.937 0.00927409 -8.51629e-22)
(1.89795 -0.0501606 7.80057e-22)
(2.37437 -0.099658 9.20523e-22)
(1.23227 0.0408684 -4.7491e-22)
(1.20186 0.0357921 0)
(1.12878 0.00518337 0)
(1.29718 0.104712 0)
(1.28376 0.0705669 9.15737e-22)
(1.22894 0.0634515 -1.85793e-21)
(1.85004 -0.0799091 8.52959e-22)
(1.82958 -0.101971 9.12829e-22)
(2.30491 -0.0734189 7.28033e-22)
(1.17437 0.0313503 5.4213e-23)
(1.15219 0.0210552 6.75133e-22)
(1.09606 0.000906799 0)
(1.27555 0.0773406 -1.16665e-22)
(1.25947 0.0470707 -4.30239e-22)
(1.18924 0.0365203 -7.42681e-22)
(1.78976 -0.0991564 -3.18658e-23)
(1.75483 -0.110705 -1.6091e-21)
(2.08948 -0.0827414 3.90949e-21)
(1.13674 0.0110098 -7.76329e-22)
(1.1298 -0.00632939 1.3062e-22)
(1.08268 -0.012171 -6.0027e-22)
(1.24978 0.0303312 -1.19975e-23)
(1.2472 -0.00407194 1.15657e-21)
(1.17285 -0.00655107 -1.33047e-21)
(1.70001 -0.0999915 1.45871e-21)
(1.64665 -0.0949499 1.29224e-21)
(1.87509 -0.0936812 0)
(1.12906 -0.0131791 0)
(1.13029 -0.0267336 1.11749e-21)
(1.08654 -0.0256354 -6.56871e-22)
(1.24609 -0.00790604 -1.32015e-21)
(1.24232 -0.0354268 -2.15832e-21)
(1.17245 -0.0327649 0)
(1.58915 -0.0752255 -2.7512e-21)
(1.53097 -0.0699332 -2.33112e-22)
(1.68355 -0.110589 5.03557e-21)
(1.13828 -0.0352548 -8.18578e-22)
(1.14823 -0.0631441 1.49987e-21)
(1.11004 -0.043652 0)
(1.24338 -0.0507177 2.15496e-21)
(1.2467 -0.0871969 -1.72346e-21)
(1.1877 -0.0824081 -3.47126e-21)
(1.46538 -0.0633912 0)
(1.38443 -0.0652203 -3.86779e-21)
(1.49722 -0.185008 -9.70417e-21)
(1.17232 -0.0661161 -1.52162e-21)
(1.1887 -0.0910816 0)
(1.15871 -0.0600383 0)
(1.25852 -0.0952724 1.34374e-21)
(1.26496 -0.137414 7.37609e-22)
(1.21782 -0.1247 6.87243e-22)
(1.29983 -0.0697365 -3.85817e-21)
(1.20324 -0.0687427 1.33734e-20)
(1.29552 -0.238096 3.75913e-21)
(1.22928 -0.0962908 0)
(1.2552 -0.117288 -3.38416e-21)
(1.23292 -0.0760156 9.05259e-22)
(1.28982 -0.150483 0)
(1.30468 -0.185219 7.4264e-22)
(1.27324 -0.159859 1.66152e-21)
(1.10927 -0.0723037 -5.2896e-21)
(1.02004 -0.046935 -5.38084e-22)
(1.11197 -0.174313 3.33865e-21)
(1.31174 -0.124593 2.47545e-22)
(1.34406 -0.143362 0)
(1.325 -0.0934027 0)
(1.34554 -0.206568 -7.4723e-22)
(1.36875 -0.236863 0)
(1.34888 -0.191277 0)
(1.34658 -0.270635 -1.58835e-24)
(1.37136 -0.304323 -8.64042e-23)
(1.3778 -0.271943 8.62904e-23)
(1.306 -0.307543 1.13214e-22)
(1.32523 -0.375041 5.08016e-24)
(1.36325 -0.341337 0)
(1.20837 -0.333403 -7.25655e-23)
(1.2258 -0.442259 0)
(1.26046 -0.456557 -4.9204e-23)
(1.10958 -0.378911 -3.45639e-23)
(1.12609 -0.533667 1.50254e-23)
(1.15154 -0.534518 0)
(1.0269 -0.454438 1.74161e-23)
(1.04171 -0.628665 -2.45435e-25)
(1.06048 -0.630886 -1.40702e-23)
(1.02336 -0.511946 3.95847e-23)
(1.01823 -0.715145 -1.60136e-23)
(0.976486 -0.731651 1.6701e-23)
(1.13515 -0.553516 -5.91122e-23)
(1.12072 -0.749126 -2.10945e-23)
(1.00104 -0.783674 1.96076e-23)
(1.35442 -0.613906 1.1578e-23)
(1.37133 -0.757923 -1.17654e-23)
(1.21133 -0.738455 2.3847e-24)
(1.63956 -0.643699 0)
(1.63832 -0.761695 0)
(1.56371 -0.647389 0)
(2.00009 -0.59756 2.62687e-22)
(2.01191 -0.763746 3.01241e-23)
(1.94568 -0.568742 0)
(2.38254 -0.551384 0)
(2.4101 -0.743411 -2.97266e-23)
(2.34025 -0.536814 1.04198e-23)
(2.80162 -0.604163 -3.4454e-22)
(2.85087 -0.773251 1.60708e-23)
(2.7488 -0.645308 3.5781e-23)
(3.24486 -0.660451 -7.79468e-23)
(3.29372 -0.795601 -2.27943e-23)
(3.1778 -0.723318 -2.56989e-23)
(3.64091 -0.716073 2.32036e-22)
(3.66823 -0.798972 -7.73415e-23)
(3.57943 -0.77335 5.49595e-23)
(3.91536 -0.766361 1.17386e-22)
(3.91993 -0.785732 -2.73863e-24)
(3.88812 -0.788437 -3.19083e-24)
(4.01462 -0.777331 3.41137e-24)
(4.01562 -0.773038 -2.30091e-24)
(4.00837 -0.778716 0)
(3.98439 -0.781673 -4.29298e-22)
(3.97376 -0.746984 -1.31639e-23)
(4.02955 -0.764078 0)
(3.42248 -0.667751 0)
(3.31433 -0.63433 -2.51289e-23)
(3.65161 -0.760369 4.0325e-23)
(2.20164 -0.456135 4.18294e-22)
(2.09401 -0.421733 9.50496e-23)
(2.36147 -0.48136 0)
(1.25212 -0.197102 6.22264e-21)
(1.12982 -0.131385 2.25723e-22)
(1.29232 -0.242909 0)
(0.959241 -0.0552383 -5.03355e-21)
(0.897909 0.00648099 -4.57257e-21)
(0.969413 -0.0263708 -1.02766e-21)
(0.471217 -0.00153726 0)
(0.167174 -0.000375404 0)
(0.452044 -0.00195154 0)
(0.15666 -0.000474118 0)
(0.429568 -0.00264545 0)
(0.144006 -0.000619162 0)
(0.401792 -0.00361729 0)
(0.125523 -0.00103605 0)
(0.462215 -0.00188767 0)
(0.162304 -0.000465527 0)
(0.441299 -0.00215355 0)
(0.150891 -0.000500209 0)
(0.416051 -0.00332018 0)
(0.135623 -0.000790478 0)
(0.38797 -0.00360268 0)
(0.114753 -0.00133662 0)
(0.374462 -0.00328368 0)
(0.103544 -0.00150385 0)
(0.34871 -0.00125145 0)
(0.0826089 -0.00247737 0)
(0.327054 0.00153587 0)
(0.0649403 -0.00431534 0)
(0.321736 0.00331225 0)
(0.0534952 -0.00320503 0)
(0.334996 0.0015907 0)
(0.055409 2.76161e-05 0)
(0.369244 0.00317519 0)
(0.0670955 0.000966581 0)
(0.435204 0.00580762 0)
(0.100316 0.00202677 0)
(0.516072 0.0063665 0)
(0.145237 0.00222503 0)
(0.597525 0.00729165 0)
(0.194534 0.00252472 0)
(0.679014 0.00830821 0)
(0.249774 0.00300981 0)
(0.754503 0.00800302 0)
(0.307904 0.00314539 0)
(0.80517 0.00633091 0)
(0.358061 0.00251895 0)
(0.817711 0.00384647 0)
(0.391743 0.001689 0)
(0.789112 -0.000490081 0)
(0.403657 0.00105671 0)
(0.730447 -0.00513784 0)
(0.392507 -5.90023e-05 0)
(0.655286 -0.00643891 -1.12392e-25)
(0.363844 -0.00129851 1.11395e-25)
(0.577686 -0.00503041 0)
(0.329222 -0.00209632 0)
(0.49818 -0.00530434 0)
(0.289888 -0.00340011 0)
(0.405533 -0.0084234 -2.29085e-24)
(0.231214 -0.0045412 -2.27169e-24)
(0.305738 -0.0113234 1.64339e-22)
(0.152086 -0.00505328 -3.48235e-24)
(0.227207 -0.00792653 3.38532e-22)
(0.0731601 -0.0045775 0)
(0.260484 0.00649816 -8.09925e-24)
(0.0627262 -0.000991735 0)
(0.360794 -0.00263381 0)
(0.0926395 -0.00205136 0)
(0.336876 -9.01361e-05 0)
(0.0737203 -0.00301073 0)
(0.321258 0.00299062 0)
(0.0572608 -0.00462737 0)
(0.325938 0.00185481 0)
(0.0534236 -0.000916965 0)
(0.348481 0.00184192 0)
(0.059371 0.000319115 0)
(0.399081 0.00451645 0)
(0.0811654 0.00156983 0)
(0.475037 0.00603676 0)
(0.122329 0.00214644 0)
(0.556721 0.00670172 0)
(0.169295 0.00234767 0)
(0.638427 0.00784788 0)
(0.221449 0.00277234 0)
(0.718718 0.00845835 0)
(0.279078 0.00320508 0)
(0.784183 0.00724971 0)
(0.33468 0.00303093 0)
(0.816291 0.00544307 0)
(0.377163 0.00221363 0)
(0.809431 0.000994361 0)
(0.400468 0.00145189 0)
(0.763089 -0.00327443 -1.59671e-26)
(0.401432 0.000699451 1.56202e-26)
(0.693934 -0.00617897 2.36609e-25)
(0.379581 -0.000506188 0)
(0.616125 -0.00600871 0)
(0.346602 -0.00180288 0)
(0.539043 -0.00452641 0)
(0.311204 -0.00259346 0)
(0.453329 -0.00627522 2.29952e-24)
(0.263327 -0.0039369 2.27967e-24)
(0.354175 -0.00950908 2.3579e-22)
(0.193323 -0.0048358 -1.19988e-22)
(0.257755 -0.00919989 9.77582e-24)
(0.109659 -0.00479096 2.69505e-22)
(0.212083 0.000605206 7.7469e-24)
(0.042773 -0.0030302 0)
(0.750209 0.00014906 0)
(0.366714 -0.00313096 -1.87665e-33)
(0.732226 -0.00107706 0)
(0.38612 -0.00207173 0)
(0.690617 0.000492786 0)
(0.395604 -0.000555286 0)
(0.6155 0.00650697 0)
(0.378335 0.00100658 0)
(0.742859 -0.000243118 0)
(0.376433 -0.00284221 0)
(0.715439 -0.000756858 0)
(0.39332 -0.00127356 0)
(0.657269 0.00312825 0)
(0.391497 9.56852e-05 0)
(0.565796 0.00948104 0)
(0.356367 0.00196393 0)
(0.510211 0.0119626 0)
(0.325988 0.00288243 0)
(0.388921 0.015347 0)
(0.243827 0.00451142 0)
(0.269818 0.0150358 0)
(0.146345 0.00501797 0)
(0.179571 0.0104552 0)
(0.0604483 0.00400154 0)
(0.138659 0.00417677 0)
(0.00796743 0.00220609 0)
(0.143686 -0.00155442 0)
(-0.00559975 7.46801e-05 0)
(0.180994 -0.00466065 0)
(0.0125854 -0.00121311 0)
(0.227209 -0.0051971 0)
(0.0434285 -0.00165147 0)
(0.267899 -0.00404694 0)
(0.0737684 -0.00149952 0)
(0.298029 -0.00285396 0)
(0.0978872 -0.0013005 0)
(0.320165 -0.00216221 0)
(0.117563 -0.00113714 0)
(0.331215 -0.000622116 0)
(0.129503 -0.000574718 0)
(0.332427 0.000207149 0)
(0.132275 8.18175e-06 0)
(0.332556 0.00030935 3.12688e-26)
(0.130242 0.000242169 3.14129e-26)
(0.339318 -0.000701389 2.76452e-26)
(0.128818 0.000480935 1.25519e-30)
(0.358474 -0.00129333 0)
(0.132074 0.000249253 0)
(0.391982 -0.00264264 -3.75988e-29)
(0.14175 8.97906e-06 3.72478e-29)
(0.446582 -0.00499068 0)
(0.163279 -0.000597239 -2.31636e-24)
(0.524003 -0.00754267 4.4785e-23)
(0.199388 -0.00113811 -4.43819e-23)
(0.612616 -0.00944793 -9.5169e-23)
(0.245324 -0.00147394 -2.46454e-24)
(0.736398 -0.0139499 2.90037e-24)
(0.311118 -0.00359119 -5.14165e-22)
(0.450618 0.0139457 0)
(0.288061 0.00375685 0)
(0.327399 0.0157679 0)
(0.195497 0.0049679 0)
(0.219288 0.0132236 0)
(0.100265 0.00469095 0)
(0.152902 0.00725725 0)
(0.0294267 0.00310366 0)
(0.135923 0.00124804 0)
(-0.0036985 0.00129814 0)
(0.159994 -0.00344773 0)
(0.000820819 -0.000643665 0)
(0.204091 -0.00519905 0)
(0.0273852 -0.00152415 0)
(0.248834 -0.00472089 0)
(0.0592562 -0.00161504 0)
(0.284232 -0.00336769 0)
(0.0866106 -0.00137914 0)
(0.31004 -0.00255843 0)
(0.108233 -0.00126685 0)
(0.327238 -0.00139911 0)
(0.124866 -0.000871706 0)
(0.332422 -0.000149445 0)
(0.131684 -0.000323863 0)
(0.332257 0.000299974 -8.32691e-27)
(0.131604 0.000220112 -4.14249e-27)
(0.334932 -6.80432e-06 0)
(0.129582 0.000386599 0)
(0.348761 -0.00115594 -5.12111e-26)
(0.130401 0.000275863 0)
(0.374875 -0.00244897 2.08628e-29)
(0.136405 -2.64708e-05 0)
(0.415455 -0.00452362 -2.6914e-28)
(0.150325 -0.000391522 5.15519e-25)
(0.473618 -0.0064557 -8.0382e-23)
(0.176163 -0.000796901 2.83501e-23)
(0.551541 -0.00677167 -7.32341e-23)
(0.214492 -0.00128541 0)
(0.649757 -0.00865949 1.23166e-22)
(0.26439 -0.00127427 -1.25352e-22)
)
;

boundaryField
{
    inlet
    {
        type            fixedValue;
        value           nonuniform List<vector> 0();
    }
    outlet
    {
        type            zeroGradient;
    }
    wall
    {
        type            noSlip;
    }
    empty_zmin
    {
        type            empty;
    }
    empty_zmax
    {
        type            empty;
    }
    procBoundary1to0
    {
        type            processor;
        value           nonuniform List<vector> 
35
(
(2.48432 -0.336967 2.13727e-21)
(2.60343 -0.382389 -1.63136e-21)
(2.74181 -0.254638 7.63642e-22)
(2.8133 -0.230166 2.72489e-22)
(2.85386 -0.138353 -6.09938e-23)
(2.85386 -0.138353 -6.09938e-23)
(2.89039 -0.0553506 -6.75249e-23)
(2.24065 -0.0355458 -3.0534e-24)
(2.82166 -0.0568289 0)
(2.38564 0.116913 -2.37761e-20)
(1.77802 -0.203112 -1.14848e-20)
(1.33741 -0.394678 -1.6875e-21)
(0.856643 -0.500389 0)
(0.234833 -0.826617 3.45563e-22)
(-0.688694 -1.1996 3.87962e-21)
(-0.850417 -1.31548 -8.29523e-21)
(-0.707652 -1.3372 6.89705e-21)
(-0.0803953 -1.27589 -2.5311e-21)
(2.11534 -0.677506 2.15753e-21)
(2.33561 -0.63999 -4.48903e-21)
(0.0198938 0.00063376 0)
(-0.25488 -0.00129396 0)
(3.02017 0.272803 8.38924e-22)
(3.70538 0.442642 1.1063e-21)
(3.78847 0.598403 0)
(3.78847 0.598403 0)
(3.95329 0.552013 0)
(4.03042 0.812667 -3.40876e-21)
(3.57316 0.626981 -1.80133e-20)
(1.37333 0.0661996 0)
(3.55355 0.360561 -1.68576e-21)
(3.76465 0.435729 0)
(-0.425759 -0.0285883 0)
(-0.319065 0.00494602 0)
(-0.319065 0.00494602 0)
)
;
    }
}


// ************************************************************************* //
