/*--------------------------------*- C++ -*----------------------------------*\
| =========                 |                                                 |
| \\      /  F ield         | OpenFOAM: The Open Source CFD Toolbox           |
|  \\    /   O peration     | Version:  2406                                  |
|   \\  /    A nd           | Website:  www.openfoam.com                      |
|    \\/     M anipulation  |                                                 |
\*---------------------------------------------------------------------------*/
FoamFile
{
    version     2.0;
    format      ascii;
    arch        "LSB;label=32;scalar=64";
    class       volVectorField;
    location    "2.81";
    object      U;
}
// * * * * * * * * * * * * * * * * * * * * * * * * * * * * * * * * * * * * * //

dimensions      [0 1 -1 0 0 0 0];

internalField   nonuniform List<vector> 
2367
(
(2.4811 1.11293 0)
(2.6545 0.899859 -1.0779e-21)
(2.77075 0.751253 4.54704e-21)
(2.83252 0.701009 2.82036e-21)
(2.89118 0.531407 -1.04188e-21)
(2.91671 0.347553 0)
(2.92333 -0.00668673 4.62339e-23)
(2.80261 0.0341551 0)
(2.88843 0.0546033 0)
(2.90757 0.093051 0)
(2.97037 0.19195 3.70756e-22)
(2.95756 0.346902 -3.3992e-22)
(2.18448 0.0151567 0)
(1.1593 0.00194581 0)
(2.27845 0.0217631 0)
(1.22389 0.0032935 0)
(1.11915 0.25972 3.23732e-21)
(1.09697 0.620409 -1.46342e-20)
(1.33353 0.792976 0)
(1.57812 1.08373 -1.74675e-20)
(1.96109 1.06559 -1.15442e-20)
(1.93991 -0.464755 1.46737e-20)
(1.63359 -0.676319 -1.98577e-20)
(1.46373 -0.419107 -1.27732e-21)
(1.19645 -0.300516 -2.39837e-20)
(1.09469 -0.0169229 -1.17516e-20)
(2.30333 -0.0611383 -4.30832e-21)
(2.28319 -0.0715606 1.19697e-20)
(2.18166 -0.319277 3.11163e-21)
(2.36526 -0.107749 6.85649e-22)
(2.34427 -0.132337 0)
(2.30003 -0.333548 -2.65615e-21)
(2.20004 -0.484077 6.15201e-21)
(2.07371 -0.530509 -1.44659e-20)
(2.51472 -0.0962287 1.26131e-22)
(2.49564 -0.117045 -3.6245e-23)
(2.40258 -0.450979 9.16629e-22)
(2.3167 -0.519727 0)
(2.1715 -0.645788 -9.48864e-21)
(1.9019 -0.930988 -3.26164e-20)
(1.76478 -0.641443 3.67314e-20)
(1.29853 -0.833342 1.09097e-20)
(1.13435 -0.456123 -6.41028e-21)
(0.914138 -0.107621 -5.47806e-20)
(0.803002 0.35011 5.84725e-20)
(0.831904 0.770704 3.45616e-21)
(0.995132 1.14379 4.30353e-20)
(1.51342 1.17985 -1.51129e-20)
(2.13731 0.94067 5.69912e-21)
(2.26483 1.26303 -1.14867e-20)
(2.62284 -0.141002 5.62145e-22)
(2.60895 -0.215141 -3.62827e-21)
(2.58437 -0.440578 0)
(2.4683 -0.714296 0)
(2.28733 -0.933519 -8.09528e-21)
(2.19422 -0.861565 1.56373e-20)
(1.57828 -1.44294 -9.79421e-21)
(1.29776 -1.2347 -1.81684e-20)
(0.841302 -0.833011 -2.5018e-21)
(0.469343 -0.418886 -3.95013e-21)
(0.336696 0.350015 -5.91758e-20)
(0.342212 0.932451 0)
(0.705992 1.41566 -1.88194e-19)
(1.4019 1.52902 1.16821e-20)
(1.93153 1.63215 1.27109e-20)
(2.53108 1.44417 2.99499e-21)
(2.74883 1.19348 -6.25678e-21)
(2.88948 1.04799 3.21039e-21)
(2.95413 0.789781 -3.50251e-21)
(3.00487 0.480536 -8.46669e-21)
(3.03384 0.329453 1.10561e-21)
(3.07105 0.281897 0)
(3.04809 0.0328473 0)
(2.94964 0.0417807 -1.94915e-22)
(2.78165 -0.144579 8.08593e-23)
(2.7714 -0.277299 9.67683e-23)
(2.76248 -0.640397 -3.42002e-21)
(2.71174 -0.817352 7.55716e-22)
(2.62672 -0.938097 -7.52559e-22)
(2.13064 -1.61454 2.03996e-20)
(1.84833 -1.61737 6.69118e-20)
(1.34838 -1.78503 -3.42555e-19)
(1.79173 2.35427 -1.79343e-22)
(2.76923 1.57029 -4.32305e-20)
(3.00481 1.43711 1.01933e-21)
(3.13347 0.986805 0)
(3.1858 0.922591 -4.67576e-21)
(3.20602 0.707124 1.10748e-20)
(3.212 0.525978 -1.92882e-21)
(3.19023 0.286973 1.92036e-21)
(3.19618 0.0369811 -3.63117e-22)
(3.09102 0.0398512 0)
(2.9673 -0.132113 7.09383e-23)
(2.95237 -0.304441 1.88544e-21)
(3.00183 -0.541487 3.15815e-21)
(3.00982 -0.826219 2.80766e-21)
(2.80754 -1.22315 -2.44001e-20)
(2.59812 -1.65035 -3.2292e-20)
(2.40732 -1.95302 1.59684e-20)
(3.03934 2.28278 6.19703e-20)
(3.35967 1.65369 9.21156e-21)
(3.47121 1.16106 3.49748e-20)
(3.42521 0.742427 -5.56933e-20)
(3.39499 0.534917 2.13658e-20)
(3.37829 0.323143 -9.60852e-21)
(3.36385 0.287345 -3.69543e-21)
(3.31073 0.0646696 -6.75994e-22)
(3.23394 0.0413987 -1.64524e-22)
(3.16107 -0.135292 -1.22155e-22)
(3.14583 -0.28658 -1.09249e-21)
(3.23527 -0.604807 2.32558e-20)
(3.2069 -0.938226 -2.00368e-20)
(3.23996 -1.12447 -8.88475e-22)
(3.2269 -1.73798 4.70595e-19)
(3.89932 1.67409 -7.68549e-20)
(3.82926 0.897519 -2.72519e-20)
(3.71115 0.838723 4.96964e-21)
(3.61028 0.619394 -2.59007e-20)
(3.53683 0.456881 2.15063e-21)
(3.49088 0.245939 7.67565e-21)
(3.44666 0.0984995 -1.64543e-21)
(3.36919 0.0383279 -4.9973e-22)
(3.31525 -0.113013 8.87931e-23)
(3.3396 -0.244682 -4.81237e-23)
(3.48373 -0.378122 -3.65582e-22)
(3.52253 -0.731804 -8.30266e-20)
(3.64087 -1.04832 -1.18788e-19)
(4.4053 1.42831 -9.29477e-19)
(4.16011 0.785911 0)
(3.92812 0.548137 -1.7447e-20)
(3.79867 0.389166 -4.35927e-21)
(3.70775 0.263061 2.38462e-21)
(3.6426 0.237882 0)
(3.57171 0.104201 0)
(3.49188 0.0185427 3.47006e-22)
(3.44298 -0.0773001 -2.42838e-22)
(3.50109 -0.167752 5.43554e-22)
(3.64979 -0.349624 2.64918e-20)
(3.76121 -0.475072 -1.10154e-19)
(3.96519 -0.690313 -1.80748e-20)
(4.69032 0.668891 -2.73208e-19)
(4.39277 0.503067 0)
(4.10343 0.445062 -1.91189e-20)
(3.92853 0.310016 2.63118e-20)
(3.81302 0.26837 -3.19114e-21)
(3.72972 0.122185 1.58642e-21)
(3.68063 0.0671112 5.16998e-21)
(3.59616 0.00561311 -2.51029e-22)
(3.5364 -0.0282966 5.87536e-22)
(3.60504 -0.0768914 2.11773e-20)
(3.75116 -0.0360873 3.57183e-21)
(3.85254 -0.202306 4.72355e-22)
(4.04214 -0.256379 3.5483e-20)
(4.65743 0.169334 -2.91457e-20)
(4.46318 0.172831 -2.63748e-21)
(4.15721 0.0540765 1.32429e-20)
(4.02242 0.196036 0)
(3.92479 0.111558 3.23844e-21)
(3.83151 0.120108 -2.89205e-21)
(3.76662 0.0177916 -6.52269e-22)
(3.66743 -0.0140979 -1.77634e-22)
(3.58664 0.0198811 1.29778e-21)
(3.6396 0.0308803 -2.1891e-20)
(3.74523 0.0846987 -3.37969e-21)
(3.86349 -0.0176221 6.97267e-21)
(4.00938 0.0670535 -2.67137e-19)
(4.31712 -0.205057 4.92185e-19)
(4.44084 -0.122914 2.02034e-20)
(4.14884 -0.0447059 5.203e-20)
(4.02872 -0.0647621 -3.36375e-20)
(3.93757 -0.0732722 -1.40784e-20)
(3.86206 -0.0461796 0)
(3.83156 -0.0141841 7.371e-22)
(3.6952 -0.0517873 1.76248e-22)
(3.58953 0.0759032 -2.36657e-21)
(3.62037 0.0924489 1.71917e-20)
(3.71016 0.184766 1.89354e-20)
(3.82501 0.186844 1.20001e-19)
(3.85963 0.338349 1.63263e-20)
(3.26255 -0.137324 -7.20264e-19)
(4.37424 -0.273973 3.91451e-20)
(4.11571 -0.228992 1.04985e-20)
(4.01756 -0.142365 -5.92802e-20)
(3.92169 -0.118575 -2.64719e-20)
(3.85089 -0.0970624 5.99048e-21)
(3.83352 -0.0636815 -1.31893e-21)
(3.66926 -0.0593707 0)
(3.56679 0.106469 -7.28701e-23)
(3.59015 0.159333 5.42089e-21)
(3.62857 0.293149 -1.36803e-20)
(3.71803 0.376119 1.05489e-20)
(3.63652 0.73244 5.34398e-20)
(1.38598 1.07203 -4.86765e-19)
(3.47605 -0.483655 7.96705e-20)
(4.2774 -0.447648 2.19026e-20)
(4.06162 -0.363942 3.01466e-20)
(3.98271 -0.203348 -2.19993e-20)
(3.8799 -0.210059 1.01776e-20)
(3.82781 -0.145818 -3.05048e-21)
(3.81404 -0.0463562 2.20514e-21)
(3.59633 -0.0838405 -7.8381e-22)
(3.51273 0.128878 3.54814e-21)
(3.52048 0.206387 -5.04787e-21)
(3.50184 0.343913 5.32476e-21)
(3.52346 0.329743 -8.10099e-21)
(3.4004 0.610079 0)
(1.09312 0.499389 -5.90071e-20)
(0.412363 0.461047 -1.74143e-18)
(0.200015 -0.0494218 0)
(3.51251 -0.589828 2.79736e-20)
(4.02755 -0.489925 0)
(3.96557 -0.441236 -2.71222e-20)
(3.89807 -0.304559 -5.69148e-20)
(3.8347 -0.258134 -1.21391e-20)
(3.78039 -0.199786 1.21699e-20)
(3.77362 -0.09443 -1.05784e-21)
(3.5088 -0.104452 3.79331e-22)
(3.43967 0.139121 2.15413e-21)
(3.43645 0.217828 -2.16105e-21)
(3.38585 0.340978 0)
(3.38652 0.3079 0)
(3.12414 0.502815 8.53243e-21)
(1.45252 0.358323 -1.8275e-23)
(0.254522 0.269383 -2.52168e-20)
(0.218678 0.473203 3.6847e-19)
(-0.16216 0.379024 -2.60398e-18)
(-0.0798842 0.21839 -5.66402e-19)
(0.839021 0.0576812 -2.27207e-20)
(3.7769 -0.647576 -2.08718e-20)
(3.89427 -0.500894 2.52392e-20)
(3.86105 -0.477341 2.91587e-20)
(3.81423 -0.326619 4.71781e-20)
(3.76439 -0.32153 1.22141e-20)
(3.73481 -0.227739 -7.4239e-21)
(3.7279 -0.111796 0)
(3.36103 -0.123579 0)
(3.36113 0.1338 0)
(3.36158 0.199773 -5.29561e-21)
(3.30365 0.30436 -4.99591e-23)
(3.28744 0.284394 -3.35058e-21)
(3.04402 0.501734 -2.67727e-20)
(1.32103 0.372199 1.84973e-20)
(0.0918135 0.442003 8.11538e-21)
(-0.0537869 0.430793 9.84814e-20)
(0.0982901 0.698327 1.77855e-20)
(0.150456 1.05091 7.97393e-19)
(0.0777598 1.19132 2.87728e-24)
(-0.0504892 1.19235 -8.94908e-20)
(0.012054 1.03566 2.51465e-20)
(0.112602 0.679844 0)
(0.222486 0.289512 -2.27052e-20)
(2.48726 -0.424653 3.61974e-20)
(3.74765 -0.689413 1.13352e-20)
(3.80545 -0.555917 0)
(3.76615 -0.50021 2.15419e-20)
(3.73355 -0.397806 0)
(3.69569 -0.349601 4.67623e-21)
(3.66918 -0.268677 -1.08467e-20)
(3.67294 -0.154739 1.27902e-21)
(3.16894 -0.148008 1.40441e-21)
(3.29153 0.118243 -1.2174e-21)
(3.29587 0.178958 1.43577e-21)
(3.23673 0.265698 -7.52897e-22)
(3.20586 0.253389 -9.89021e-21)
(2.98335 0.420421 0)
(1.05325 0.36484 0)
(-0.0238899 0.524492 0)
(-0.285477 0.539003 1.03474e-20)
(-0.105208 0.699667 0)
(-0.100299 0.924105 0)
(-0.065896 1.09984 -1.02338e-20)
(-0.0142393 1.06179 -2.30819e-20)
(0.224045 0.895336 -2.37029e-20)
(0.588414 0.492206 -5.83211e-21)
(0.919178 0.0773491 -2.37168e-20)
(2.90942 -0.670661 -2.44918e-20)
(3.70682 -0.762999 -1.15471e-20)
(3.73353 -0.58395 0)
(3.66413 -0.562101 -1.17184e-20)
(3.63568 -0.403301 -3.98454e-23)
(3.59504 -0.391012 4.00816e-23)
(3.58843 -0.291859 -4.37428e-22)
(3.6065 -0.161675 -6.08771e-22)
(2.93271 -0.143506 3.28526e-22)
(0.986998 0.364569 5.17344e-21)
(-0.0749071 0.572525 -1.17523e-20)
(-0.38921 0.583211 5.31202e-21)
(-0.495282 0.759971 8.13498e-21)
(-0.323273 0.955392 0)
(-0.106286 0.991577 2.01672e-22)
(0.204651 0.95239 1.01487e-20)
(0.68613 0.611934 6.26584e-21)
(0.835597 0.480621 5.7762e-21)
(1.47455 -0.171595 1.14598e-20)
(3.16811 -0.795269 -1.15959e-20)
(3.64735 -0.768282 -1.08138e-20)
(3.62662 -0.649129 0)
(3.56112 -0.574932 -1.04287e-20)
(3.53721 -0.427841 0)
(3.5114 -0.407492 0)
(3.50548 -0.297794 4.88052e-23)
(3.52854 -0.169244 0)
(2.68168 -0.134343 0)
(0.774915 0.354091 0)
(-0.146705 0.505471 0)
(-0.534658 0.513584 -6.77163e-21)
(-0.566681 0.71902 0)
(-0.428011 0.776656 3.09375e-21)
(-0.0573363 0.796133 -5.9813e-21)
(0.36073 0.741435 -3.49527e-21)
(0.849713 0.458714 0)
(1.26123 0.211746 -1.44366e-20)
(2.12257 -0.537421 0)
(3.3866 -0.872294 1.14989e-20)
(3.58861 -0.858392 2.51721e-22)
(3.56606 -0.665819 0)
(3.44884 -0.667874 9.18069e-21)
(3.43931 -0.498252 0)
(3.42818 -0.419538 0)
(3.4096 -0.302462 5.38641e-22)
(3.43493 -0.168265 -2.08406e-21)
(2.42536 -0.116982 1.20948e-23)
(2.16628 -0.0322653 1.57876e-21)
(2.20703 -0.0541512 2.17818e-23)
(2.24176 -0.0641128 -6.86978e-22)
(2.32636 -0.0676247 -3.38781e-23)
(2.40862 -0.0575851 3.43052e-23)
(2.45299 -0.0685528 8.16443e-22)
(2.53934 -0.0802871 -6.30123e-22)
(2.62495 -0.0734697 3.07871e-23)
(1.01192 -1.0395 -4.5557e-22)
(1.03454 -1.20865 2.26284e-20)
(1.07624 -1.5334 1.59358e-19)
(0.457362 -0.820669 -2.04423e-19)
(0.671679 -1.26464 0)
(0.38276 -0.310743 3.99533e-19)
(0.394004 0.496529 0)
(0.589932 1.14162 0)
(1.10384 1.52928 -1.935e-19)
(0.932527 2.0537 4.44682e-19)
(1.73798 1.67526 -2.82289e-20)
(1.33671 2.19381 -7.53446e-21)
(1.49776 1.8107 1.50892e-19)
(3.02804 0.0448313 0)
(2.70981 -0.0800548 -4.36597e-23)
(2.80752 -0.0782065 0)
(1.54137 -1.67689 2.28611e-20)
(1.98122 -1.54631 -9.70419e-20)
(1.83893 -2.05578 -8.29275e-21)
(1.84813 2.24811 0)
(2.35523 2.02545 1.32517e-20)
(2.31497 2.53742 6.33415e-20)
(2.48897 2.13639 -6.67404e-20)
(3.16179 0.0447276 0)
(2.90125 -0.0771877 0)
(2.97975 -0.0753324 -3.79862e-22)
(2.48411 -1.81842 -8.72799e-21)
(2.94916 -1.68696 3.46646e-19)
(3.00702 -1.57995 -1.70594e-19)
(2.96826 2.40763 0)
(3.10187 2.12071 -2.8172e-20)
(3.55492 2.01512 -2.91919e-21)
(3.55886 2.10141 0)
(3.30584 0.0405927 5.18017e-23)
(3.0847 -0.0586265 1.15529e-22)
(3.16007 -0.0601912 -4.63992e-24)
(3.54719 -1.35975 1.74338e-18)
(3.81591 2.16504 -7.00457e-19)
(4.16466 1.74163 -1.33562e-18)
(3.44251 0.0305421 -6.61707e-23)
(3.24119 -0.0409741 -4.48541e-24)
(3.31274 -0.0377576 2.8136e-23)
(3.76597 -1.13611 6.22171e-19)
(3.9883 -0.976371 3.71111e-19)
(3.82807 -0.825841 -2.79201e-19)
(4.2196 1.21583 -2.18069e-20)
(4.42892 1.04813 2.18633e-19)
(4.62835 1.0392 0)
(3.55412 0.0192196 -6.90733e-22)
(3.37253 -0.0181254 0)
(3.41975 -0.013762 0)
(4.10423 -0.557231 3.60892e-19)
(4.10968 -0.396716 -7.79007e-20)
(4.04122 -0.351235 9.14474e-20)
(4.50713 0.882518 -2.47242e-19)
(4.57762 0.422423 1.02363e-19)
(4.67932 0.548281 -1.09867e-19)
(3.63845 -0.00464497 8.77177e-22)
(3.46059 0.0130307 0)
(3.48405 0.0148533 9.67793e-25)
(4.06685 -0.19422 -6.83657e-20)
(4.02289 -0.0791427 -4.5021e-19)
(4.0345 -0.122413 -3.58892e-20)
(4.58403 0.249704 4.59644e-20)
(4.55733 0.200899 1.7345e-19)
(4.47471 0.0176149 -8.83637e-20)
(3.69284 -0.0358981 -1.68058e-22)
(3.49754 0.0456667 -3.18817e-22)
(3.49277 0.0571038 0)
(3.84525 0.0656411 3.35509e-19)
(3.44558 -0.129027 -3.7904e-19)
(3.94097 0.128232 1.74853e-19)
(4.50668 -0.0356655 0)
(4.41687 -0.087013 -1.74246e-19)
(3.88875 -0.0713174 -7.69135e-19)
(3.68849 -0.0645024 0)
(3.47922 0.0667052 0)
(3.45399 0.0737032 -2.81874e-21)
(1.97677 0.838617 0)
(1.63242 -0.466726 0)
(3.63607 -0.0905133 -5.94579e-24)
(3.41929 0.0829985 -6.72014e-22)
(3.37407 0.092882 3.33068e-21)
(0.645876 0.664237 0)
(0.93855 0.590125 3.61629e-19)
(1.29175 -0.970889 -8.09745e-20)
(1.09684 -0.401719 -4.5225e-19)
(0.652254 -0.554775 0)
(3.55962 -0.103261 3.89595e-22)
(3.31811 0.097988 -1.27406e-21)
(3.2587 0.1047 -5.85689e-22)
(0.279882 0.348262 1.9682e-19)
(0.345574 0.341386 -1.04811e-19)
(0.338793 -0.355353 2.93396e-19)
(0.000196849 0.0976621 3.5875e-20)
(-0.0352441 -0.0912847 2.61889e-19)
(3.4421 -0.129688 1.13311e-21)
(3.18472 0.110674 5.85095e-22)
(3.12208 0.109563 5.17155e-22)
(0.204278 0.579579 -1.95485e-18)
(0.168875 0.661086 -2.27985e-19)
(0.0143406 0.512008 -1.34743e-19)
(0.195101 0.900363 -1.02555e-19)
(0.194556 0.765656 5.333e-19)
(0.10702 1.04559 -2.45792e-18)
(-0.177625 1.08221 1.79804e-18)
(-0.118803 0.717862 2.7596e-19)
(-0.171501 0.943945 -1.23855e-19)
(-0.0621498 0.174149 9.90255e-20)
(-0.0440822 0.485479 -9.19597e-20)
(-0.0678068 0.578411 0)
(3.27185 -0.148735 0)
(3.04305 0.106329 -5.156e-22)
(2.97242 0.101695 4.42512e-22)
(3.06255 -0.16065 1.36899e-21)
(2.89716 0.0980324 -1.27043e-21)
(2.82511 0.092724 4.05682e-22)
(2.82304 -0.148167 -3.28596e-22)
(2.55967 -0.133819 -2.98972e-22)
(2.30624 -0.110051 -1.0984e-21)
(2.29991 -0.0446493 2.88883e-21)
(2.32031 -0.162279 -2.79428e-21)
(2.33676 -0.100433 -2.76584e-21)
(2.24249 0.00686351 -2.26876e-20)
(2.24273 -0.344495 0)
(2.28825 -0.254356 5.38476e-21)
(2.36042 -0.120492 2.94307e-22)
(2.42924 -0.245659 -1.66788e-21)
(2.43407 -0.137924 -1.2405e-22)
(2.34918 -0.15275 9.08488e-21)
(2.37024 -0.485805 -1.04194e-21)
(2.40885 -0.398818 4.43012e-21)
(2.51344 -0.107137 1.19041e-21)
(2.5431 -0.220248 -3.15162e-21)
(2.55191 -0.133443 -7.45734e-22)
(2.46327 -0.0335635 -1.91664e-21)
(2.45405 -0.537273 -2.94611e-22)
(2.50602 -0.371398 1.25822e-21)
(1.19173 -0.733127 -1.07168e-20)
(1.21145 -0.769237 0)
(1.24504 -1.007 0)
(0.85417 -0.560538 -4.71493e-20)
(0.80044 -0.492651 5.56492e-20)
(0.919543 -0.778468 -1.39811e-22)
(0.871857 -0.155815 0)
(0.627229 -0.127675 -1.36415e-19)
(0.631725 -0.278065 1.44106e-20)
(0.837305 0.416384 2.57233e-20)
(0.640709 0.34696 -2.18651e-20)
(0.533025 0.32597 2.11472e-21)
(1.02056 0.748727 -4.70115e-20)
(0.772676 0.976356 5.60599e-21)
(0.521852 0.831602 -7.05735e-21)
(1.29521 1.0249 1.9196e-20)
(1.00142 1.53535 -9.4454e-21)
(0.978817 1.1716 -8.13688e-21)
(1.63035 1.35318 0)
(1.44524 1.67448 0)
(1.55983 1.23592 7.28369e-21)
(1.8576 1.59341 7.81526e-21)
(2.23786 1.30733 5.66847e-21)
(1.97375 1.35596 -1.30758e-21)
(2.6181 -0.193586 2.54125e-21)
(2.69246 -0.238741 2.38996e-22)
(2.71161 -0.138298 -5.54109e-23)
(2.61754 -0.14466 0)
(2.62624 -0.559746 0)
(2.66043 -0.372685 -6.88356e-22)
(1.67583 -1.00583 -3.26663e-20)
(1.92913 -0.853454 2.83567e-21)
(1.89791 -1.27709 4.61365e-20)
(1.96601 1.88849 0)
(2.31457 1.70655 2.39206e-21)
(2.29135 1.48479 5.90136e-21)
(3.03917 0.101166 8.67132e-23)
(3.11171 0.171558 5.775e-23)
(3.10899 0.320524 7.01336e-22)
(2.77661 -0.23022 3.05176e-22)
(2.87191 -0.267938 0)
(2.88127 -0.158184 -7.10306e-23)
(2.77599 -0.241519 -1.85203e-22)
(2.82138 -0.581319 1.1117e-21)
(2.84945 -0.393029 0)
(2.21617 -1.22255 -3.78151e-20)
(2.4428 -1.29478 1.05582e-20)
(2.5252 -1.33916 1.74161e-20)
(2.5611 2.12164 -3.87243e-20)
(3.08355 1.67424 6.29793e-20)
(2.99696 1.7034 -8.05013e-20)
(3.18265 0.100761 -9.09865e-22)
(3.23912 0.162385 -1.63809e-22)
(3.24376 0.290079 4.56087e-22)
(2.95476 -0.227092 -1.58954e-21)
(3.06061 -0.256147 -1.46647e-21)
(3.05644 -0.154976 1.06718e-21)
(2.9728 -0.275568 0)
(3.04878 -0.554183 0)
(3.0616 -0.408713 9.52427e-22)
(2.80119 -1.26305 -7.13132e-21)
(3.03998 -1.3141 3.47992e-21)
(3.06836 -1.14849 7.40959e-21)
(3.31917 1.52127 -3.83609e-21)
(3.5673 1.50298 0)
(3.55885 1.64404 3.72053e-21)
(3.31571 0.109934 4.24897e-22)
(3.36809 0.133201 -3.84965e-22)
(3.36356 0.249899 2.25512e-21)
(3.16655 -0.217668 5.78878e-22)
(3.24636 -0.210036 2.63185e-21)
(3.23415 -0.12458 -2.71733e-21)
(3.15447 -0.273571 6.76434e-22)
(3.25193 -0.488006 -6.73249e-22)
(3.24927 -0.345575 -7.89827e-22)
(3.28995 -0.723701 0)
(3.46914 -0.679276 -1.78206e-20)
(3.40222 -0.71609 1.79916e-20)
(3.2968 -1.35249 -5.9242e-20)
(3.5216 -1.35335 0)
(3.47396 -1.11057 1.82116e-20)
(3.78549 1.36579 -3.31753e-20)
(3.97157 1.43581 -2.04832e-20)
(4.09345 1.67592 6.17266e-19)
(3.70903 1.24305 2.69615e-20)
(3.90588 0.932313 -7.8501e-21)
(4.01141 0.886719 3.42827e-20)
(3.44284 0.112366 7.93911e-22)
(3.51258 0.0922248 0)
(3.50186 0.200462 -3.82506e-21)
(3.33011 -0.178754 8.47762e-22)
(3.3959 -0.137721 5.08676e-22)
(3.38457 -0.0776377 2.42575e-22)
(3.36687 -0.260254 1.6312e-20)
(3.44975 -0.335975 -3.58398e-20)
(3.4191 -0.257341 -5.42771e-22)
(3.60594 -0.632084 4.35495e-20)
(3.75098 -0.523198 0)
(3.66728 -0.509542 0)
(4.01114 0.963399 -9.4335e-21)
(4.13493 0.702432 8.54815e-20)
(4.25306 0.671306 -1.76953e-19)
(3.56258 0.0855475 -5.26028e-22)
(3.62916 0.0720304 1.96665e-21)
(3.62287 0.147958 -1.14422e-21)
(3.46824 -0.127576 -5.09131e-22)
(3.51489 -0.0621933 0)
(3.49377 -0.0315019 -5.8766e-22)
(3.5294 -0.189244 -4.2347e-20)
(3.59655 -0.173831 -9.11004e-21)
(3.55753 -0.167241 1.05585e-20)
(3.87756 -0.365581 5.83139e-20)
(3.93604 -0.261465 -1.58546e-20)
(3.80497 -0.329841 1.51584e-20)
(4.24073 0.635837 7.43764e-20)
(4.29928 0.425011 0)
(4.47651 0.269633 2.61928e-21)
(3.67423 0.0503326 3.00998e-22)
(3.71699 0.0514483 -6.38373e-22)
(3.72479 0.0913766 1.36526e-21)
(3.56191 -0.0586819 0)
(3.5885 0.0101373 -4.79569e-21)
(3.56476 0.0140835 -1.63684e-21)
(3.6533 -0.121727 -2.24228e-20)
(3.68806 -0.0132078 -1.36981e-21)
(3.6321 -0.0575706 4.12297e-21)
(3.95963 -0.170533 0)
(3.98779 0.0250348 0)
(3.87177 -0.0579831 0)
(4.30102 0.282011 -7.75262e-21)
(4.31348 0.127671 -1.51144e-19)
(4.44834 0.0244152 -4.04632e-20)
(3.76709 0.0105612 0)
(3.78566 0.00488008 -3.77606e-22)
(3.79866 0.0344014 -1.80749e-21)
(3.61247 0.0114158 2.69784e-21)
(3.61189 0.0661645 0)
(3.59318 0.0622328 0)
(3.68709 -0.00880147 1.83666e-20)
(3.67589 0.11134 2.92286e-21)
(3.63396 0.0591248 5.14503e-21)
(3.98632 0.0954763 1.40773e-20)
(3.96168 0.14259 2.38447e-19)
(3.84077 0.0809788 -1.35093e-19)
(4.31194 0.0217378 6.53606e-20)
(4.29067 -0.0290376 0)
(4.42266 -0.172343 1.39049e-19)
(3.81331 -0.0231047 7.13132e-22)
(3.82105 -0.0590089 6.7739e-22)
(3.83535 -0.0730347 0)
(3.60721 0.0803135 2.45147e-21)
(3.59586 0.10043 2.52951e-21)
(3.58024 0.0890152 2.43011e-21)
(3.66513 0.0341288 -7.10451e-20)
(3.63002 0.202216 -1.11776e-20)
(3.60661 0.118372 -5.43314e-21)
(3.9265 0.260661 -1.28268e-19)
(3.88939 0.32935 -1.41073e-20)
(3.77444 0.254955 0)
(2.90809 0.201096 7.34151e-19)
(2.92106 0.365981 5.34404e-20)
(3.78625 0.607976 -1.13688e-19)
(4.31543 -0.318224 -1.0315e-20)
(4.26482 -0.544562 9.95308e-21)
(3.43976 -0.316667 6.15932e-19)
(4.24572 -0.228499 8.07908e-20)
(4.21575 -0.268206 -9.63677e-21)
(4.33515 -0.40067 3.50671e-20)
(3.81673 -0.0832941 6.81456e-22)
(3.80652 -0.0572971 1.07509e-21)
(3.8222 -0.173724 -1.4317e-21)
(3.58188 0.123097 0)
(3.55471 0.149824 0)
(3.54237 0.120932 -7.29907e-21)
(3.60542 0.111835 2.81939e-20)
(3.56326 0.272855 1.18371e-20)
(3.56198 0.17764 0)
(2.80623 0.468753 0)
(2.72399 0.440781 -2.20755e-20)
(3.55821 0.688502 -2.58954e-20)
(4.17935 -0.67811 -1.48337e-19)
(4.10696 -0.694707 9.4716e-20)
(3.48331 -0.567495 -3.26415e-20)
(4.17189 -0.372047 6.5278e-20)
(4.08078 -0.399257 0)
(4.18384 -0.51725 -3.16634e-20)
(3.77953 -0.119107 -2.81705e-23)
(3.76818 -0.0880865 -2.1684e-21)
(3.78307 -0.194777 3.57921e-22)
(3.5211 0.162442 -2.49619e-21)
(3.48813 0.172274 -1.32875e-22)
(3.47932 0.135251 -2.156e-21)
(3.52583 0.176452 4.62219e-21)
(3.47389 0.291817 4.14165e-21)
(3.48235 0.209362 5.71704e-22)
(2.79615 0.435582 -1.82832e-20)
(2.80119 0.442718 3.65607e-20)
(3.45854 0.594994 0)
(0.546861 0.463519 3.11398e-20)
(0.443937 0.114389 -1.71792e-20)
(1.23503 0.34512 2.10571e-20)
(1.37429 -0.336911 2.31465e-20)
(1.84968 -0.449015 -5.3885e-20)
(0.383386 0.0784595 -2.37861e-20)
(3.94996 -0.681021 -5.34599e-20)
(3.95962 -0.661887 1.87826e-22)
(3.57761 -0.633485 -1.26145e-20)
(3.74976 -0.162943 1.43008e-21)
(3.72823 -0.114807 1.42654e-21)
(3.73808 -0.245851 -2.77796e-21)
(3.44913 0.173866 4.06716e-21)
(3.4113 0.169874 -2.01723e-21)
(3.3997 0.136616 0)
(3.43036 0.197784 0)
(3.3825 0.270705 0)
(3.39615 0.208282 -2.02093e-21)
(0.499086 0.00353395 8.78193e-21)
(0.350051 0.210927 8.61532e-21)
(1.94305 0.439927 0)
(0.222156 0.347055 6.54918e-21)
(-0.0118056 0.3373 0)
(0.0202408 0.235697 -8.63137e-21)
(0.205185 0.103923 -1.15391e-20)
(0.220697 0.273331 0)
(0.0325113 0.352002 0)
(2.19605 -0.402486 2.4336e-20)
(2.84474 -0.625589 -3.46191e-22)
(0.61242 0.116839 -4.77273e-20)
(3.68274 -0.182957 0)
(3.66257 -0.143079 1.30625e-21)
(3.68487 -0.281628 5.44548e-21)
(3.37614 0.162611 7.19795e-21)
(3.34222 0.157742 0)
(3.32541 0.126131 1.60155e-21)
(3.34404 0.180089 -5.21464e-23)
(3.30595 0.237704 -3.34647e-21)
(3.32808 0.18503 3.29846e-21)
(-0.0552483 0.396781 -8.01029e-21)
(-0.125116 0.37778 0)
(0.12207 0.360782 -1.50799e-20)
(-0.034151 0.523768 -5.09785e-20)
(-0.242273 0.492707 6.24657e-22)
(-0.0238985 0.430354 -3.2654e-20)
(-0.0752645 0.847705 3.93941e-20)
(-0.191303 0.746611 9.58231e-21)
(-0.0407175 0.666339 0)
(0.107363 1.08419 -3.21558e-19)
(-0.176999 0.989423 -8.13449e-20)
(0.177329 0.942427 0)
(-0.0010635 1.22666 -2.8137e-24)
(-0.0390373 1.16807 3.79182e-20)
(-0.0599786 1.10874 0)
(-0.0426175 1.13611 -1.94987e-20)
(-0.00134886 1.11305 -4.72704e-20)
(-0.024293 1.15347 5.46793e-21)
(0.0309725 0.911203 9.46205e-20)
(0.197362 0.871421 3.53296e-20)
(0.0440273 1.05139 2.42236e-20)
(0.134404 0.497594 5.70453e-20)
(0.328034 0.531591 -3.39868e-20)
(0.266603 0.762089 -3.45833e-20)
(0.384565 0.265616 4.55844e-20)
(0.690726 0.164887 -5.72191e-20)
(0.232123 0.357633 0)
(3.62086 -0.210295 -3.85818e-21)
(3.57838 -0.167623 -1.21373e-21)
(3.62127 -0.300799 -1.27685e-21)
(3.31354 0.145924 -2.95814e-21)
(3.28784 0.135822 1.44713e-21)
(3.25745 0.110937 0)
(3.27395 0.150846 1.44924e-21)
(3.24538 0.195798 0)
(3.27248 0.166498 0)
(-0.384643 0.74484 -9.31142e-21)
(-0.50331 0.775727 -9.45788e-21)
(-0.0767372 0.76509 7.08613e-22)
(-0.140937 1.05203 2.05849e-20)
(-0.291451 0.949419 -2.3319e-20)
(-0.064119 0.977852 0)
(0.080732 1.00826 4.70893e-20)
(0.133858 1.02147 -6.29535e-21)
(0.0505103 1.08654 2.58251e-20)
(0.329901 0.805071 2.37075e-20)
(0.517646 0.701909 -1.18322e-20)
(0.250178 0.933496 -1.23097e-20)
(3.52598 -0.220749 1.23518e-21)
(3.47652 -0.175673 0)
(3.54682 -0.316388 0)
(3.41655 -0.218237 0)
(3.35352 -0.172751 -1.10224e-21)
(3.45799 -0.316931 2.16514e-21)
(3.28677 -0.198495 0)
(3.20845 -0.154162 1.0135e-21)
(3.354 -0.311851 1.01982e-21)
(3.25224 -1.75615 -4.30933e-18)
(2.39405 -1.45243 1.95108e-18)
(-0.880912 -0.349496 0)
(-1.17846 -0.6426 0)
(2.28373 -2.04849 -1.80092e-18)
(1.85105 -1.6834 -1.34785e-19)
(0.0912153 0.225045 3.90453e-18)
(-0.0936906 -0.0528641 5.92995e-20)
(1.21614 -1.74881 -5.52664e-20)
(0.995756 -1.46543 -2.39814e-18)
(0.184185 0.356628 -1.59277e-18)
(0.108905 0.194079 1.71558e-22)
(0.231306 -0.567648 -1.24386e-18)
(0.154427 -0.495344 1.19433e-18)
(0.096871 0.33524 0)
(0.0211872 0.177185 -3.6646e-20)
(0.0287368 1.3277 7.39556e-24)
(0.0750729 0.930651 -1.4451e-20)
(0.20746 0.972615 1.05712e-18)
(0.135677 0.840407 -1.02845e-18)
(-0.0853177 1.3156 5.052e-19)
(-0.0608091 0.727858 -1.73435e-20)
(0.615498 1.50984 1.00596e-18)
(0.435166 1.41166 0)
(-0.216894 0.411899 9.55045e-18)
(-0.121089 0.192041 -2.33434e-18)
(4.4431 1.57738 4.97671e-18)
(3.24441 1.057 -1.71993e-19)
(4.67279 0.92373 -8.5196e-20)
(3.11069 0.531203 2.55967e-18)
(4.36217 0.172708 8.08463e-21)
(2.23907 0.0386946 0)
(2.72962 -0.191556 -3.69742e-18)
(0.223373 -0.120841 -7.86736e-21)
(-1.98941 0.929508 -4.78876e-18)
(-0.773794 0.629031 4.98562e-18)
(2.35569 0.0175404 0)
(1.26873 0.00236065 0)
(2.50657 0.0194369 0)
(1.37496 0.000994972 0)
(2.63536 0.0142582 0)
(1.44762 0.000128831 0)
(2.74504 0.00883828 0)
(1.49352 -0.00268788 0)
(2.81855 -0.000308788 0)
(1.49444 -0.00383112 0)
(2.83654 -0.00988687 0)
(1.45252 -0.00463453 0)
(2.80886 -0.0194375 0)
(1.36447 -0.0110424 0)
(2.70994 -0.0298328 0)
(1.18445 -0.0145627 0)
(2.49346 -0.0395732 0)
(0.95694 -0.0121902 0)
(2.20795 -0.0451876 0)
(0.724398 -0.00735836 0)
(1.79256 -0.0497084 0)
(0.489628 -0.00376029 0)
(1.30164 -0.0484005 0)
(0.281072 0.00264338 0)
(0.790258 -0.0477329 0)
(0.0750372 -0.00325872 0)
(0.350985 -0.0380351 0)
(-0.194815 -0.00347448 0)
(-0.0544907 -0.0237764 0)
(-0.307813 -0.0040344 0)
(-0.318166 -0.00948007 0)
(-0.416162 -0.00615401 0)
(3.95377 -1.07235 -9.21501e-20)
(2.8918 -0.802057 -2.27072e-19)
(4.01198 -0.420438 4.72882e-20)
(2.57586 -0.256624 -8.71686e-19)
(3.22358 0.0273773 1.56039e-18)
(0.90045 0.0878681 -1.54037e-18)
(-0.414714 -0.402782 0)
(-0.734021 -0.404173 -9.918e-20)
(2.82692 -1.88392 -3.84872e-18)
(2.20895 -1.58304 -1.38257e-19)
(1.75511 -1.84669 0)
(1.43877 -1.65846 1.07976e-18)
(0.144539 0.242472 3.66455e-18)
(0.0562832 0.0880728 -1.73457e-21)
(0.961778 -1.41657 9.95091e-20)
(0.685295 -1.2617 1.69538e-18)
(0.572721 -1.26128 4.233e-20)
(0.480475 -1.05714 0)
(0.36288 -0.838931 1.14753e-18)
(0.276936 -0.795839 0)
(0.156382 -0.369211 -1.14133e-18)
(0.0643407 -0.250708 3.68542e-20)
(0.192805 1.0627 2.14819e-18)
(0.167565 0.806077 -1.75671e-20)
(0.147571 0.576238 0)
(0.0742924 0.503411 0)
(0.398686 1.25047 -8.83191e-20)
(0.274568 1.1378 0)
(0.846708 1.94316 5.064e-21)
(0.694198 1.63457 3.09235e-20)
(4.35141 0.355827 1.08938e-18)
(2.74317 0.287169 -1.22549e-18)
(3.37395 0.0436585 0)
(1.12692 -0.0963629 0)
(2.40986 0.017645 0)
(1.31249 0.00361309 0)
(2.56147 0.015333 0)
(1.39992 0.000602151 0)
(2.69632 0.0110446 0)
(1.46939 -0.00105307 0)
(2.79134 0.00240342 0)
(1.49814 -0.00357097 0)
(2.83792 -0.0059787 0)
(1.48234 -0.00306151 0)
(2.82896 -0.0114105 0)
(1.42211 -0.0054903 0)
(2.76458 -0.0245675 0)
(1.28211 -0.0142266 0)
(2.61181 -0.0374405 0)
(1.07018 -0.0150861 0)
(2.35845 -0.0386065 0)
(0.840717 -0.0124849 0)
(2.00202 -0.0490326 0)
(0.604899 -0.00596899 0)
(1.56315 -0.0469795 0)
(0.380591 -0.00103217 0)
(1.03169 -0.0485749 0)
(0.178445 -0.00110524 0)
(0.522195 -0.0455823 0)
(-0.0456662 -0.0105589 0)
(0.14529 -0.0255103 0)
(-0.232062 2.70146e-05 0)
(-0.206459 -0.0163464 0)
(-0.366686 -0.00515457 0)
(-0.398367 -0.00200528 0)
(-0.452931 -0.00763528 0)
(1.48637 -0.0124416 0)
(0.714865 -0.000721283 0)
(1.65773 -0.0259721 0)
(0.834425 -0.00556155 0)
(1.85209 -0.0212525 0)
(0.969271 -0.00502294 0)
(2.05473 -0.0304158 0)
(1.13194 -0.00373703 0)
(2.25528 -0.0286655 0)
(1.28643 -0.00426827 0)
(2.4445 -0.0242943 0)
(1.41621 -0.00286419 0)
(2.61556 -0.0178765 0)
(1.51949 0.000796621 0)
(2.75298 -0.00791993 0)
(1.56881 0.00486841 0)
(2.82816 0.00077577 0)
(1.55243 0.00615128 0)
(2.821 0.0197123 0)
(1.46521 0.0109985 0)
(2.73441 0.0350202 0)
(1.26703 0.0178374 0)
(2.52489 0.0465953 0)
(0.988651 0.0159572 0)
(2.21899 0.0466831 0)
(0.722393 0.00907925 0)
(1.84997 0.0451606 0)
(0.488139 0.00451743 0)
(1.43774 0.041937 0)
(0.28759 0.000834745 0)
(1.03013 0.0345478 0)
(0.12005 -0.000968333 0)
(0.69329 0.0256493 0)
(-0.0122503 -0.000745849 0)
(3.87558 -1.17387 -2.72596e-18)
(2.84272 -1.05592 2.11144e-19)
(3.57976 -1.52214 1.65021e-19)
(2.69043 -1.21428 -6.36904e-18)
(3.96023 -0.577235 -3.11213e-18)
(2.6014 -0.461204 3.59326e-18)
(3.62992 -0.219239 1.74029e-19)
(1.79493 -0.0326159 1.85618e-19)
(1.62629 -0.0335432 -1.42637e-18)
(0.251099 0.0328359 1.53393e-18)
(-1.43041 -0.550157 -4.53382e-18)
(-1.53708 -0.85565 4.64487e-18)
(-1.34207 -0.587258 -4.05309e-18)
(-1.48533 -0.79637 0)
(0.258603 0.711132 -1.66727e-18)
(0.204088 0.519673 9.8022e-20)
(-0.184512 0.783928 0)
(-0.0951388 0.272468 -6.49022e-20)
(1.33032 2.06277 -1.24039e-19)
(0.936107 1.79644 -7.509e-19)
(1.64158 2.35113 0)
(1.36685 2.03612 -1.51148e-20)
(2.24672 2.48243 0)
(1.85404 2.1492 2.66869e-18)
(2.87173 2.55533 0)
(2.28574 2.10014 -6.29781e-20)
(-0.679969 0.521671 -5.22292e-18)
(-0.665792 0.593144 5.20013e-18)
(3.46484 2.3439 0)
(2.67491 1.92238 0)
(3.91022 2.11405 3.79532e-18)
(2.86501 1.751 0)
(-1.20692 0.611705 4.39369e-18)
(-1.58225 0.986723 2.69713e-19)
(1.59063 -0.0247938 0)
(0.769315 -0.00411819 0)
(1.75769 -0.023126 0)
(0.907999 -0.00337912 0)
(1.92138 -0.0296563 0)
(1.03739 -0.00628859 0)
(2.12375 -0.0245361 0)
(1.18519 -0.00457664 0)
(2.3232 -0.0231497 0)
(1.33087 -0.00251373 0)
(2.51367 -0.0198494 0)
(1.45912 -0.00203376 0)
(2.67965 -0.0121526 0)
(1.54738 0.0023908 0)
(2.78477 0.00249477 0)
(1.56485 0.00445661 0)
(2.83174 0.0144042 0)
(1.52337 0.00696066 0)
(2.79293 0.0271702 0)
(1.3796 0.0133233 0)
(2.64588 0.0434756 0)
(1.12873 0.0193242 0)
(2.38181 0.0473162 0)
(0.851415 0.0116861 0)
(2.03979 0.0461558 0)
(0.601032 0.00696659 0)
(1.64859 0.0432827 0)
(0.384499 0.00260815 0)
(1.22718 0.0382289 0)
(0.20093 -0.000373521 0)
(0.852887 0.0305398 0)
(0.0504038 -0.000886712 0)
(0.554915 0.0233667 0)
(-0.0646821 -0.00213376 0)
(-0.418944 -0.0537706 4.463e-18)
(-0.637722 -0.394115 -9.05237e-18)
(0.21558 0.520332 -4.91978e-21)
(0.178944 0.369394 3.50869e-18)
(0.245978 0.85954 4.9729e-20)
(0.19409 0.630632 1.6154e-18)
(0.118952 1.20766 -4.04019e-21)
(0.117375 0.885103 5.261e-19)
(-0.0348195 1.36595 -7.35635e-24)
(8.00221e-05 0.880067 2.67508e-19)
(-0.162059 1.09033 -2.51997e-18)
(-0.100303 0.477016 -1.30184e-18)
(-0.205415 0.566971 -2.06868e-18)
(-0.0883869 0.188532 -6.40476e-20)
(-0.250281 0.318508 4.49842e-18)
(-0.175534 0.239691 -2.18697e-18)
(-0.296463 0.280878 4.87183e-18)
(-0.301496 0.332095 -4.91472e-18)
(-0.731941 0.307889 0)
(-1.0962 0.767975 0)
(4.3118 1.76287 8.85782e-20)
(3.13416 1.55056 0)
(4.56822 1.02035 0)
(3.29821 0.909879 1.53361e-19)
(0.0541705 0.386722 3.52489e-18)
(-0.0639107 -0.0825126 0)
(-1.75543 0.80636 1.68459e-20)
(-1.75395 1.08786 5.27613e-18)
(3.22751 0.10081 1.54547e-21)
(3.25133 0.154622 -6.27736e-23)
(3.18759 0.23038 2.27487e-22)
(3.15502 0.211478 8.55365e-22)
(2.94214 0.365543 8.54692e-21)
(3.17994 0.090552 -4.73174e-22)
(3.22069 0.138054 -1.93109e-21)
(3.142 0.193298 -1.13992e-20)
(3.11681 0.177871 1.3346e-20)
(2.88628 0.284218 0)
(2.75863 0.0870638 -3.48195e-22)
(2.68413 0.084696 0)
(2.62747 0.0821398 0)
(2.56728 0.0817081 -9.79732e-22)
(3.26525 0.123873 5.57685e-22)
(3.24709 0.118051 1.04219e-21)
(3.20237 0.0971985 -5.9811e-22)
(3.2226 0.12693 1.23108e-21)
(3.20241 0.159089 -8.86496e-21)
(3.23354 0.145643 -2.34796e-21)
(3.23062 0.115289 0)
(3.21422 0.0984457 1.74334e-21)
(3.1572 0.0879552 -3.87846e-22)
(3.18934 0.10695 -8.87943e-22)
(3.17567 0.131858 1.62717e-21)
(3.20537 0.125899 8.9613e-22)
(0.411698 0.0198362 0)
(-0.106926 -0.003514 0)
(0.1605 0.0159192 0)
(-0.177528 -0.000827143 0)
(0.277695 0.0173285 0)
(-0.142583 -0.0021389 0)
(0.0386345 0.0141699 0)
(-0.207729 0.00231998 0)
(1.50796 0.0498365 0)
(1.50058 0.236022 7.49467e-22)
(1.51629 0.419892 -2.25593e-20)
(1.65982 0.452602 0)
(1.74941 0.656546 -9.27716e-21)
(1.90526 0.717173 -1.54978e-20)
(1.29093 0.223595 -7.31126e-21)
(1.39643 0.375267 4.76049e-20)
(1.47988 0.711725 9.72974e-21)
(1.7507 0.714641 2.52624e-20)
(1.9577 0.751207 2.81933e-20)
(1.95265 -0.270611 -4.7469e-20)
(1.8591 -0.252321 3.14907e-22)
(1.76136 -0.260597 0)
(1.65426 -0.124398 1.05911e-20)
(1.51955 -0.146807 -1.05107e-20)
(1.82864 -0.5285 3.54714e-20)
(1.6928 -0.455325 -1.75272e-20)
(1.51588 -0.395832 1.03989e-20)
(1.41107 -0.168769 4.10942e-20)
(1.28527 0.0237044 1.93667e-20)
(2.12303 -0.0243018 -3.71252e-21)
(2.09402 -0.0408037 -2.31068e-22)
(2.06018 -0.0589463 -1.87939e-21)
(2.16399 -0.0394114 0)
(2.15048 -0.0399939 6.76869e-21)
(2.07738 -0.20644 1.8062e-21)
(2.21034 -0.0526002 3.20463e-21)
(2.17683 -0.0754621 -4.11851e-22)
(2.1332 -0.193117 -3.41957e-21)
(2.06361 -0.250449 3.1161e-20)
(2.10921 -0.359337 2.2628e-20)
(1.98451 -0.408411 -2.87547e-20)
(1.94353 -0.019852 3.15033e-23)
(1.96683 -0.0441733 -1.50388e-23)
(1.99948 -0.0257243 1.50937e-23)
(2.03399 -0.034698 0)
(2.05402 -0.0404651 0)
(2.09553 -0.0643629 -1.68137e-21)
(2.11925 0.00767744 3.64907e-21)
(2.13117 -0.148169 3.46771e-21)
(2.13292 -0.0732109 -3.47586e-21)
(2.0839 -0.0080089 7.51771e-21)
(2.08828 -0.245061 0)
(2.10706 -0.141127 0)
(2.16727 -0.0286002 -6.90352e-21)
(2.17833 -0.113847 -3.36426e-21)
(2.19331 -0.0689802 3.42121e-21)
(2.1198 -0.0173237 -7.20164e-21)
(2.1233 -0.191963 0)
(2.15652 -0.15254 6.35498e-22)
(2.20034 -0.0413656 -3.12709e-21)
(2.23425 -0.213553 6.1405e-21)
(2.23648 -0.123301 1.52866e-21)
(2.16198 -0.0371941 1.34467e-20)
(2.17457 -0.409255 -1.57559e-21)
(2.2096 -0.284777 -6.16906e-21)
(1.11994 -0.0106284 0)
(0.465982 -0.00102934 0)
(1.22465 -0.0110994 0)
(0.535125 -0.0010913 0)
(1.35241 -0.018195 0)
(0.614383 -0.00313133 0)
(1.19264 -0.0156711 0)
(0.50973 -0.00284536 0)
(1.29756 -0.0158006 0)
(0.578991 -0.00169111 0)
(1.43731 -0.0207088 0)
(0.676022 -0.00436556 0)
(2.00919 0.027452 6.47766e-20)
(2.002 0.0151601 1.50255e-20)
(2.00092 0.00929039 3.96218e-21)
(2.00065 0.0065861 -6.03768e-21)
(2.00029 0.00523072 2.2261e-21)
(2.00002 0.00466417 8.0963e-22)
(2.00033 0.00358793 -4.87556e-22)
(2.00004 0.00344959 5.90232e-23)
(1.99995 0.00352225 9.90651e-22)
(2.00005 0.00321617 0)
(2 0.00323321 4.57103e-22)
(2 0.00297416 -5.07672e-23)
(2.00006 0.00263936 -1.74808e-22)
(2.00015 0.00238659 -3.54161e-22)
(2.00008 0.00294577 0)
(2.00023 0.00182432 1.2394e-21)
(2.00021 0.00100202 9.68566e-22)
(2.00051 0.00101093 -1.44723e-21)
(2.00065 0.000702648 -1.95394e-21)
(2.00082 0.00735006 1.93358e-21)
(2.00115 0.00429641 3.84385e-21)
(2.00228 -0.00570178 -2.29483e-20)
(2.00424 -0.0409792 -2.28509e-20)
(2.02029 -0.0455314 -5.3649e-20)
(2.03154 0.0414156 -1.62265e-20)
(2.01201 0.026661 -1.62164e-20)
(2.00539 0.0182239 -8.05687e-21)
(2.00301 0.0137297 0)
(2.00159 0.011186 0)
(2.00082 0.00794169 -1.96889e-21)
(2.00039 0.00869237 -9.25626e-22)
(2.00027 0.008002 -4.92991e-22)
(2.00024 0.00778195 -9.9e-22)
(2.00008 0.0078509 -7.06173e-22)
(2.00022 0.00757207 0)
(2.00022 0.00797452 1.20122e-22)
(2.00034 0.00797208 -2.42397e-22)
(2.00022 0.00711566 1.42707e-22)
(2.00051 0.00667076 -1.02414e-25)
(2.0007 0.00573649 -9.591e-22)
(2.00129 0.00346599 -9.765e-22)
(2.0018 0.0019408 1.94348e-21)
(2.0029 -0.000568253 -1.95021e-21)
(2.00428 0.00547519 3.88645e-21)
(2.00616 0.00171546 7.73418e-21)
(2.01251 -0.0153091 1.53987e-20)
(2.02269 -0.0587143 -1.52609e-20)
(2.05131 -0.0517582 -8.39241e-21)
(2.05161 0.0432965 1.01859e-21)
(2.02495 0.0328708 4.86959e-20)
(2.01238 0.0241462 -4.00044e-21)
(2.00693 0.0189912 -9.94668e-22)
(2.00422 0.0173557 -4.21417e-21)
(2.00236 0.0145482 1.97552e-21)
(2.00127 0.0155666 1.92765e-21)
(2.00051 0.0129864 -3.47832e-24)
(2.00037 0.012628 -4.82398e-22)
(2.00031 0.0136916 2.42063e-22)
(2.00024 0.0131422 -1.19258e-21)
(2.00052 0.0105658 0)
(2.00114 0.0115142 2.43351e-22)
(2.00147 0.0113292 1.45301e-21)
(2.00191 0.0114147 -2.89966e-21)
(2.00276 0.00919945 3.87353e-21)
(2.00431 0.0070077 -9.63064e-22)
(2.00579 0.00384324 1.90422e-21)
(2.00841 -0.000987202 1.90721e-21)
(2.01269 0.0166132 -1.60646e-20)
(2.01617 0.00700138 -5.70486e-21)
(2.02623 -0.0165722 1.90524e-21)
(2.03979 -0.0644027 -5.75298e-20)
(2.06442 -0.0542503 -1.80383e-20)
(2.06516 0.0385989 -5.07003e-22)
(2.03308 0.0335324 0)
(2.01911 0.0271335 8.10523e-21)
(2.01065 0.0221521 8.03375e-21)
(2.00526 0.0206226 4.0176e-21)
(2.0034 0.0177205 -4.02334e-21)
(2.00099 0.0199733 3.83885e-21)
(2.0007 0.0208383 1.96187e-21)
(2.00076 0.0212297 0)
(2.00038 0.0185704 1.77031e-24)
(2.00056 0.020537 1.46346e-21)
(2.00074 0.0219696 0)
(2.00128 0.0209995 9.85637e-22)
(2.002 0.0199247 -9.80707e-22)
(2.00362 0.0165267 0)
(2.00552 0.0147575 -1.95066e-21)
(2.00706 0.0121434 0)
(2.00881 0.0136157 -1.54467e-20)
(2.0112 0.00898193 -1.53069e-20)
(2.01722 -0.0277932 3.06694e-20)
(2.02856 -0.0254074 1.52574e-20)
(2.04094 -0.0178806 1.53009e-20)
(2.05311 -0.0581834 -9.5381e-21)
(2.06483 -0.0439205 4.96293e-22)
(2.06975 0.0326716 0)
(2.03913 0.030992 -1.2152e-20)
(2.02199 0.026557 1.14182e-21)
(2.01287 0.0251991 -3.23316e-20)
(2.00724 0.0225973 0)
(2.00395 0.024131 0)
(2.00097 0.0233181 -3.84919e-21)
(1.99989 0.0166615 -3.92081e-21)
(2.00025 0.0279309 1.92321e-21)
(2.0004 0.025363 -1.94959e-21)
(2.0005 0.0249363 9.71163e-22)
(2.00084 0.0228794 2.44137e-22)
(2.00164 0.0223943 1.70786e-21)
(2.00346 0.0227096 9.71181e-22)
(2.00557 0.0220193 1.94761e-21)
(2.00682 0.0217697 0)
(2.00876 0.0197649 0)
(2.01174 0.00916255 1.15098e-20)
(2.01779 0.00387096 2.29586e-20)
(2.02196 0.0252028 -1.14918e-20)
(2.03502 0.00566198 -1.34446e-20)
(2.05425 -0.0148992 -1.72288e-20)
(2.06838 -0.0516052 0)
(2.05622 -0.0363139 0)
(2.06967 0.0284436 -1.19161e-22)
(2.04321 0.0291691 7.07911e-21)
(2.02402 0.0261065 6.92358e-21)
(2.01448 0.0269834 7.92913e-21)
(2.00814 0.0265693 -7.881e-21)
(2.00374 0.0260226 0)
(2.00128 0.0267741 0)
(1.99946 0.0337756 0)
(1.99836 0.0164109 1.97105e-21)
(1.99938 0.032342 -1.93505e-21)
(2.00024 0.0304548 -9.57048e-22)
(2.00125 0.0328526 -6.1157e-23)
(2.00274 0.0322341 -2.98177e-25)
(2.00457 0.0294585 0)
(2.00655 0.0290413 -3.89e-21)
(2.01037 0.025099 7.71593e-21)
(2.0142 0.0166076 0)
(2.01904 0.020571 0)
(2.02451 0.0132118 -1.53681e-20)
(2.03313 -0.0152884 7.58458e-21)
(2.04231 -0.0138504 -1.89938e-21)
(2.05817 -0.00619381 8.98441e-21)
(2.07544 -0.0475728 5.66157e-21)
(2.04409 -0.0326805 0)
(2.06894 0.023939 0)
(2.04352 0.0269172 0)
(2.02397 0.0254512 -7.29987e-21)
(2.0142 0.0278143 7.81894e-21)
(2.00776 0.0274405 9.73981e-21)
(2.00268 0.0320984 -1.97569e-21)
(2.00021 0.0326291 0)
(1.99902 0.0297143 -9.83758e-21)
(1.99608 0.0497446 2.00728e-21)
(1.99654 0.0294906 4.95816e-21)
(1.99887 0.0419457 -9.82539e-22)
(2.00117 0.0399988 1.21033e-22)
(2.0028 0.0405373 -9.86877e-22)
(2.00517 0.0419318 0)
(2.00908 0.037027 0)
(2.01229 0.0382053 -7.76857e-21)
(2.01669 0.0445929 0)
(2.02278 0.0350273 1.91206e-21)
(2.02858 0.030165 -1.19286e-23)
(2.03895 0.0446656 -7.64176e-21)
(2.05408 0.020921 -2.84427e-21)
(2.06651 -0.00035112 -1.43444e-20)
(2.08356 -0.0568706 3.02093e-21)
(2.0315 -0.0296002 5.11897e-22)
(2.06699 0.0216725 0)
(2.04401 0.0244235 -4.0944e-21)
(2.02344 0.0269491 9.90195e-22)
(2.01306 0.0254738 -1.10155e-20)
(2.00588 0.0278167 -1.8797e-24)
(1.99999 0.029688 4.0221e-21)
(1.9968 0.0263048 -3.99962e-21)
(1.99538 0.0441931 3.94042e-21)
(1.99532 0.0272404 -1.99385e-21)
(1.99465 0.0505728 -4.00139e-21)
(1.99683 0.037687 0)
(2.00001 0.0474297 -1.2053e-22)
(2.00283 0.0497152 0)
(2.00595 0.0421229 1.95336e-21)
(2.01013 0.0484323 -1.33594e-23)
(2.01582 0.0421918 3.86783e-21)
(2.02229 0.0217737 1.54915e-23)
(2.02994 0.0191816 1.92171e-21)
(2.0392 0.0160946 -7.55076e-21)
(2.04998 -0.0203146 -9.40769e-22)
(2.06184 0.000481716 9.42057e-22)
(2.08028 -0.00174986 7.51263e-21)
(2.09529 -0.0481685 1.61686e-21)
(2.02173 -0.0228786 -5.70337e-22)
(2.06573 0.0185557 -1.24818e-22)
(2.04359 0.0227532 -4.22634e-21)
(2.0221 0.0219417 1.25847e-22)
(2.01139 0.0256557 7.10637e-21)
(2.0031 0.0282408 -1.60037e-24)
(1.9975 0.0269468 1.01596e-21)
(1.99411 0.0406011 8.13551e-21)
(1.9921 0.0209111 1.01153e-20)
(1.99069 0.0572354 -2.00231e-21)
(1.99181 0.0358907 -1.00263e-21)
(1.99256 0.0572426 1.00489e-21)
(1.99733 0.0465916 -1.22684e-22)
(2.00178 0.057799 2.40707e-22)
(2.00725 0.0611943 9.54859e-22)
(2.01286 0.0533325 9.62246e-22)
(2.02056 0.0518112 -1.16363e-20)
(2.02839 0.0703731 1.72961e-23)
(2.03446 0.0629019 -5.69151e-21)
(2.04731 0.0533529 7.59577e-21)
(2.05489 0.0665995 0)
(2.06669 0.0308077 3.6848e-21)
(2.08636 0.0145046 0)
(2.1047 -0.0540598 -1.7292e-21)
(2.01655 -0.0190598 0)
(2.06307 0.0147175 -9.73158e-22)
(2.04298 0.0194602 -1.8738e-21)
(2.02105 0.019745 6.34154e-22)
(2.00967 0.0228081 -5.05013e-22)
(2.00115 0.0240276 3.0471e-21)
(1.99476 0.0350694 1.01288e-21)
(1.99029 0.0254148 -8.14742e-21)
(1.98493 0.0640764 -1.01843e-21)
(1.98491 0.0267715 2.03159e-21)
(1.98593 0.0654542 -5.07453e-21)
(1.9871 0.055656 -2.51398e-22)
(1.99079 0.0739044 2.02014e-24)
(1.99924 0.0624539 2.22081e-21)
(2.00657 0.0723345 3.78967e-21)
(2.01411 0.0729795 0)
(2.02101 0.0762028 9.60077e-22)
(2.03171 0.0507354 -9.59315e-22)
(2.04365 0.0508216 7.61697e-21)
(2.05663 0.0363792 -9.34696e-22)
(2.06998 0.02137 4.62148e-21)
(2.08128 0.0230409 -3.68599e-21)
(2.09866 0.0204724 -5.73991e-23)
(2.11693 -0.0592534 1.23468e-21)
(2.01346 -0.0134372 2.36023e-22)
(2.06019 0.00956603 1.00308e-21)
(2.04185 0.0149104 -2.51319e-22)
(2.01891 0.0166447 -4.0559e-21)
(2.00518 0.024232 4.30958e-21)
(1.9963 0.0281752 -4.0659e-21)
(1.98783 0.0314265 1.01938e-21)
(1.98135 0.0508442 -4.11385e-21)
(1.98008 0.0253355 -1.02542e-21)
(1.97934 0.0688584 3.59214e-21)
(1.97905 0.0489706 4.5778e-21)
(1.98177 0.0663662 0)
(1.98699 0.0605416 -2.52013e-22)
(1.99334 0.0760788 -1.86842e-21)
(2.00429 0.0752203 1.53596e-23)
(2.01323 0.0833279 3.74218e-21)
(2.02386 0.0716508 3.83742e-21)
(2.03707 0.0905047 0)
(2.05153 0.0720864 0)
(2.06094 0.07332 0)
(2.07653 0.0666719 -3.78839e-23)
(2.09698 0.0457823 0)
(2.1169 0.0192993 1.62402e-21)
(2.13453 -0.0555071 5.60133e-22)
(2.01608 -0.00987438 2.4249e-22)
(2.05776 0.00571718 5.78996e-22)
(2.04028 0.0106625 -8.75131e-22)
(2.01427 0.0208327 4.31402e-21)
(2.00029 0.0130521 -2.46433e-22)
(1.98889 0.0252619 0)
(1.98092 0.0269322 -5.16033e-22)
(1.97681 0.0246546 4.12003e-21)
(1.97322 0.061171 5.14381e-22)
(1.97078 0.0394385 2.93688e-22)
(1.9709 0.0741249 3.88794e-21)
(1.97639 0.0743133 -5.13642e-22)
(1.98124 0.0954329 -4.42302e-22)
(1.98923 0.0891139 5.39156e-22)
(1.99916 0.0907115 -4.01272e-21)
(2.01266 0.0996026 -4.60046e-22)
(2.03028 0.0933729 -3.84754e-21)
(2.04453 0.0740921 4.79915e-22)
(2.05646 0.0872463 0)
(2.07463 0.0737036 0)
(2.09384 0.0444781 -7.04506e-21)
(2.10624 0.0515568 -2.26498e-22)
(2.12579 0.0384111 -1.72843e-21)
(2.14716 -0.0481184 -9.42824e-22)
(2.0231 -0.00530955 -1.20148e-22)
(2.05464 -0.000914944 -1.56832e-23)
(2.03598 0.0020886 -1.20127e-22)
(2.01268 -0.00130786 6.37487e-23)
(1.99797 0.0131571 -4.13295e-21)
(1.98488 0.00920793 2.06373e-21)
(1.97542 0.0247861 0)
(1.96676 0.0463192 0)
(1.95873 0.0344103 4.20276e-21)
(1.95501 0.0781218 -4.18533e-21)
(1.9596 0.0647812 1.09046e-21)
(1.9637 0.0832917 -5.23416e-22)
(1.97203 0.0883752 -2.03194e-21)
(1.98469 0.103159 -1.00572e-21)
(1.99525 0.119139 5.04876e-21)
(2.01167 0.109515 -3.61507e-21)
(2.02917 0.127719 -2.43912e-22)
(2.04426 0.130659 2.32112e-22)
(2.06598 0.105357 -4.62771e-24)
(2.08735 0.0861851 -2.30827e-22)
(2.10159 0.110841 3.60711e-21)
(2.12492 0.0677001 -5.51428e-23)
(2.14867 0.0463072 -1.66288e-21)
(2.16623 -0.0703565 -3.87643e-22)
(2.03242 0.000929375 -1.17462e-22)
(2.05267 -0.00575354 -7.48258e-22)
(2.03598 -0.00348885 -5.97171e-23)
(2.00938 0.00407166 0)
(1.99231 0.00573857 0)
(1.97724 0.0227193 -2.58428e-21)
(1.96251 0.0252901 4.69782e-21)
(1.94985 0.0248104 -4.23573e-21)
(1.94478 0.0647055 -4.21764e-21)
(1.94635 0.0424077 -3.31904e-23)
(1.94582 0.0875111 -7.96926e-21)
(1.94833 0.0995444 -1.59739e-21)
(1.95911 0.114304 0)
(1.97404 0.129311 5.10289e-22)
(1.99134 0.131041 1.04321e-21)
(2.00856 0.142552 7.95768e-21)
(2.03012 0.132871 3.85383e-21)
(2.05758 0.111738 3.71919e-21)
(2.08004 0.120846 0)
(2.09623 0.128988 1.78667e-21)
(2.12818 0.0470235 1.74308e-21)
(2.14977 0.0631169 -1.71276e-21)
(2.16833 0.0398707 1.72578e-21)
(2.19031 -0.034488 -1.26586e-21)
(2.04773 0.000169524 0)
(2.05153 -0.00915089 -2.33598e-22)
(2.0351 -0.00561001 2.50699e-21)
(2.00449 -0.0151493 -9.89053e-22)
(1.98403 -0.00425613 -1.03355e-21)
(1.96656 -0.0112905 1.03403e-21)
(1.95085 0.0054862 -4.19858e-21)
(1.94104 0.0292141 1.28372e-20)
(1.93358 0.0109488 0)
(1.92366 0.0813658 0)
(1.9231 0.0734335 8.72189e-21)
(1.9328 0.0918989 1.00483e-21)
(1.93944 0.123549 6.72619e-23)
(1.95353 0.132364 5.21949e-22)
(1.98249 0.153387 -4.06863e-21)
(2.00624 0.168397 -7.83905e-21)
(2.03062 0.166139 -1.14851e-20)
(2.05897 0.191384 -1.92404e-21)
(2.08616 0.166583 -1.8469e-21)
(2.12148 0.120891 -2.6654e-21)
(2.13685 0.176729 -2.6166e-21)
(2.16145 0.131595 8.73142e-22)
(2.19141 0.096223 -8.15794e-22)
(2.20564 -0.0566406 6.24504e-22)
(2.06792 0.00710895 1.11618e-22)
(2.05217 -0.00843607 1.84397e-21)
(2.03543 -0.00760353 2.35052e-21)
(2.00553 -0.00723415 9.8758e-22)
(1.98278 -0.0253813 0)
(1.96237 -0.00125173 4.17749e-21)
(1.94456 -0.00288006 0)
(1.92523 -0.00216979 1.21422e-22)
(1.90659 0.0742587 -1.78654e-20)
(1.89841 0.0353488 9.04049e-21)
(1.89873 0.095298 -4.41505e-21)
(1.90208 0.128249 1.09589e-21)
(1.91962 0.142394 -2.70503e-21)
(1.93943 0.171442 2.16667e-21)
(1.96213 0.181578 0)
(2.00168 0.194311 0)
(2.03843 0.202393 -7.6864e-21)
(2.07556 0.148487 0)
(2.10739 0.158286 0)
(2.1362 0.175365 1.7517e-21)
(2.1759 0.0707902 0)
(2.20224 0.051758 8.27971e-22)
(2.23256 0.031154 8.1697e-22)
(2.25154 -0.0370461 0)
(2.09769 0.00136859 8.25029e-22)
(2.05949 0.0150022 1.08562e-21)
(2.03973 -0.0145627 4.86325e-22)
(2.00659 -0.0585782 -1.98042e-21)
(1.98212 -0.0271092 2.01297e-21)
(1.95293 -0.0524456 -1.25621e-20)
(1.92627 -0.0186035 -1.08049e-21)
(1.89415 0.0319199 -7.73141e-21)
(1.87928 -0.00278481 1.8059e-20)
(1.87635 0.0896563 -1.8381e-20)
(1.87242 0.0951616 4.56089e-21)
(1.8805 0.115303 -3.96073e-21)
(1.89737 0.152316 -9.67905e-22)
(1.91692 0.184804 8.60188e-21)
(1.95025 0.212296 -2.1354e-20)
(1.99234 0.203137 4.32606e-21)
(2.03496 0.251237 1.97291e-20)
(2.07229 0.270531 5.91392e-23)
(2.11418 0.249087 -6.89504e-21)
(2.15921 0.178998 3.57254e-21)
(2.18522 0.2405 0)
(2.21937 0.22655 2.36199e-21)
(2.253 0.149278 -3.13142e-21)
(2.27007 -0.0432324 -1.52909e-21)
(2.13109 0.00529445 7.23211e-22)
(2.0732 -0.000992351 -1.20886e-22)
(2.0524 -0.0166466 0)
(2.0124 -0.04462 9.7511e-22)
(1.97847 -0.06751 -2.01853e-21)
(1.94421 -0.0395937 8.55502e-21)
(1.90461 -0.0384312 -2.63099e-20)
(1.87848 -0.0640213 9.21377e-21)
(1.8585 0.0182307 -1.91088e-20)
(1.83317 0.0141468 1.87152e-20)
(1.82653 0.0740867 0)
(1.82963 0.151589 1.17755e-21)
(1.85036 0.196621 4.37678e-22)
(1.89393 0.230744 8.67303e-21)
(1.93173 0.252028 -4.51717e-21)
(1.97383 0.296743 0)
(2.03786 0.25772 0)
(2.0989 0.231947 -2.15544e-20)
(2.14957 0.239207 2.05011e-20)
(2.19177 0.246352 3.31199e-21)
(2.23678 0.133334 4.5889e-21)
(2.27924 0.0504409 -5.34165e-21)
(2.31137 0.045785 0)
(2.33686 -0.0515836 1.61997e-21)
(2.18374 -0.000996263 -7.90877e-22)
(2.08963 -0.0226784 0)
(2.07233 -0.0432413 2.31959e-22)
(2.02271 -0.133729 1.89819e-21)
(1.97358 -0.119498 0)
(1.9351 -0.10978 -8.82912e-21)
(1.89615 -0.117542 3.51073e-20)
(1.85846 -0.0350602 -3.72307e-20)
(1.80492 -0.0312498 1.7678e-20)
(1.78884 0.053749 -3.14626e-22)
(1.7746 0.121584 1.92716e-20)
(1.78082 0.136419 -5.80178e-22)
(1.80609 0.200146 -5.74568e-21)
(1.84625 0.262488 4.58867e-21)
(1.91038 0.324871 -1.24197e-20)
(1.9733 0.315923 1.66052e-20)
(2.02814 0.370339 0)
(2.09458 0.379554 4.14915e-22)
(2.16315 0.326339 -1.35239e-20)
(2.21982 0.267516 0)
(2.27407 0.286404 -1.28692e-21)
(2.31393 0.298808 -5.55744e-21)
(2.34403 0.188185 5.89015e-21)
(2.3699 -0.0932771 1.38981e-21)
(2.2256 0.00454773 -7.16524e-22)
(1.72313 -0.0158605 1.00202e-20)
(1.70668 0.0651701 -2.02869e-20)
(1.71116 0.186784 9.75663e-22)
(1.73954 0.281759 3.07293e-22)
(1.80492 0.322715 0)
(1.87501 0.357824 -4.27694e-21)
(1.94883 0.45778 -8.03719e-21)
(2.0559 0.362527 -1.43773e-20)
(2.14244 0.368238 1.51483e-20)
(2.21431 0.359068 0)
(2.27676 0.344357 0)
(2.33974 0.194127 1.32155e-20)
(2.37666 0.130992 -1.0448e-20)
(2.4161 0.0778223 2.49687e-22)
(2.44202 -0.061488 8.35774e-23)
(2.29736 -0.00496943 6.44892e-22)
(1.66417 0.00233072 3.05263e-20)
(1.60536 0.0944573 -1.50935e-22)
(1.60639 0.166945 4.13898e-21)
(1.65326 0.255904 2.45454e-21)
(1.71493 0.436458 -2.45699e-21)
(1.83965 0.47246 8.33722e-21)
(1.95711 0.476144 -8.28435e-21)
(2.03862 0.5714 1.36076e-20)
(2.15381 0.519607 -3.68735e-22)
(2.24177 0.471752 1.04272e-22)
(2.32305 0.398808 -1.11901e-20)
(2.37789 0.431793 5.55427e-21)
(2.43809 0.392276 1.9926e-21)
(2.49969 0.256781 9.51125e-22)
(2.51088 -0.106113 6.30907e-23)
(2.36639 0.00437292 -1.11542e-21)
(2.11642 0.556187 -1.25707e-20)
(2.22347 0.592502 1.88986e-21)
(2.31642 0.552017 1.9883e-20)
(2.40626 0.465222 -2.62755e-20)
(2.48371 0.263152 2.11904e-20)
(2.54909 0.153256 -3.54436e-21)
(2.57908 0.11847 -1.37954e-21)
(2.59937 -0.022249 2.52475e-21)
(2.46372 0.00763112 6.9084e-24)
(2.09005 0.857468 -2.43756e-20)
(2.25396 0.759663 1.71658e-21)
(2.39675 0.611663 -1.3229e-20)
(2.51491 0.537339 -1.01694e-23)
(2.58038 0.523916 -5.43638e-21)
(2.62731 0.441586 8.01367e-21)
(2.62768 0.303012 -1.57682e-22)
(2.68813 -0.0753781 6.31243e-22)
(2.58649 -0.00490287 -9.51552e-24)
(2.2443 0.893223 3.0823e-20)
(2.41076 0.820867 -6.44771e-21)
(2.55003 0.763683 2.0272e-20)
(2.62034 0.628783 -4.378e-22)
(2.70734 0.372064 -3.10575e-22)
(2.73772 0.288946 -8.20001e-22)
(2.78096 0.191531 -1.63557e-22)
(2.79066 -0.0604958 -1.58073e-22)
(2.66498 0.0179074 0)
(2.00327 0.0243808 1.2855e-19)
(2.00064 0.00538515 -4.452e-21)
(2.00154 0.0137405 -2.87962e-20)
(2.00022 0.00367136 2.12618e-21)
(2.00027 0.00635889 -2.15548e-21)
(2.00013 0.00357015 0)
(2.00011 0.00380384 -2.12033e-21)
(2.00006 0.00252221 -4.58121e-22)
(2.0001 0.00199638 0)
(2.00001 0.00201725 0)
(2.00003 0.00159367 2.61604e-22)
(2.00002 0.00187545 2.59928e-22)
(2.00004 0.00147542 -1.26336e-22)
(2 0.00138776 2.51521e-22)
(2.00001 0.00136891 0)
(2.00004 0.00132524 3.25298e-23)
(2.00001 0.00156065 -1.88568e-22)
(1.99998 0.00152616 1.25098e-22)
(1.99999 0.00120812 -2.95122e-22)
(2 0.00130902 3.98246e-27)
(2.00001 0.00133839 -7.97953e-27)
(2 0.00128374 0)
(2.00001 0.00149121 3.79569e-27)
(1.99999 0.0014233 -1.64281e-23)
(1.99998 0.00134766 9.67813e-25)
(2.00003 0.00137292 3.217e-23)
(2.00001 0.00148201 -1.54118e-23)
(2.00005 0.001115 -1.44866e-22)
(2.00002 0.00115979 0)
(2.00002 0.00121999 1.24411e-22)
(2 0.000857169 1.22908e-22)
(2.00003 0.00089941 3.76346e-25)
(2.00003 0.000626492 -2.83697e-22)
(2.00005 0.000552428 9.82119e-25)
(2.00003 0.000569404 1.26912e-22)
(2.00009 -0.000572636 9.15826e-27)
(2.00007 -0.000222838 2.49768e-22)
(2.00026 -0.00225853 7.67503e-22)
(2.00012 -0.00144081 -2.59349e-22)
(2.00008 -0.00409694 -2.38232e-24)
(2.00012 -0.00541659 -1.51705e-21)
(2.00013 -0.00559367 -4.65618e-24)
(2.00013 -0.00569068 -3.39369e-24)
(1.99955 -0.00741133 -2.9799e-21)
(2.00024 -0.00546161 1.00546e-21)
(2.0017 -0.0116513 4.47868e-21)
(2.00056 -0.000729176 2.06776e-22)
(2.00352 -0.0219773 0)
(2.01948 0.042176 -1.55612e-19)
(2.03773 0.0492815 0)
(2.03967 -0.0451805 -1.71215e-20)
(2.05027 0.049285 0)
(2.05749 0.0549887 -1.97979e-20)
(2.06054 -0.0490838 1.67737e-20)
(2.05923 0.0524511 1.60405e-20)
(2.05832 0.0495503 -4.13454e-21)
(2.06598 -0.0456925 0)
(2.05489 0.0481013 4.88979e-21)
(2.04971 0.0418506 2.20592e-21)
(2.06232 -0.0366609 -2.57317e-22)
(2.03827 0.0415118 -2.20684e-21)
(2.03049 0.0379003 0)
(2.0525 -0.0319336 6.44855e-23)
(2.01736 0.0372101 1.38453e-22)
(2.00613 0.0357743 6.91456e-23)
(2.0401 -0.0265894 -5.11867e-22)
(1.99392 0.0343484 -5.51689e-22)
(1.98256 0.033302 3.65356e-25)
(2.0283 -0.0242462 0)
(1.96927 0.031672 1.1022e-21)
(1.95987 0.0296855 -5.42227e-22)
(2.02024 -0.0202145 5.02243e-22)
(1.94602 0.0285088 0)
(1.93714 0.0254307 0)
(2.0156 -0.0172958 -2.47364e-22)
(1.92469 0.0241668 -3.43695e-23)
(1.91653 0.0211379 -2.74219e-22)
(2.0145 -0.00942949 -2.34605e-22)
(1.90475 0.0190368 2.74225e-22)
(1.89823 0.0163029 -8.57345e-24)
(2.02059 -0.00232491 1.19347e-22)
(1.88879 0.0139474 -1.7133e-23)
(1.88222 0.0111131 1.36703e-22)
(2.02905 0.00802721 1.18191e-22)
(1.87629 0.0064311 -2.90421e-22)
(1.87146 0.00357925 2.73137e-22)
(2.04062 0.0190672 4.64689e-22)
(1.86609 -0.00216913 -2.73011e-22)
(1.86431 -0.00431908 7.51026e-22)
(2.062 0.0196116 -5.68849e-23)
(1.85997 -0.00634541 -8.57548e-26)
(1.85771 -0.00902759 -1.30493e-22)
(2.08396 0.0319954 -9.04434e-25)
(1.85779 -0.008978 6.25704e-23)
(1.86258 -0.0112241 0)
(2.11962 0.0300203 9.12369e-22)
(1.86617 -0.00875794 -1.06144e-21)
(1.87493 -0.0180658 0)
(2.16241 0.0397278 8.63887e-22)
(1.88081 -0.011271 -3.24198e-23)
(1.89533 -0.0248941 3.24436e-23)
(2.21106 0.0447302 7.62029e-22)
(1.9064 -0.0169129 0)
(1.93018 -0.0275564 -3.11968e-23)
(2.26805 0.0518553 -6.77932e-22)
(2.34277 0.0690719 -1.26558e-21)
(2.42284 0.0603038 0)
(2.54534 0.0723398 -4.19658e-22)
(2.63492 0.0639758 9.49014e-24)
(2.73328 0.0628169 0)
(1.98231 -0.129385 1.54903e-20)
(1.93185 -0.15477 0)
(1.88495 -0.0847287 0)
(1.80491 -0.107493 1.99103e-20)
(1.77331 -0.0208142 -1.90587e-20)
(2.00418 -0.202648 2.32015e-22)
(1.93171 -0.227692 2.84132e-22)
(1.84693 -0.241111 -1.77697e-20)
(1.77383 -0.189864 0)
(1.69139 -0.180341 -2.031e-20)
(2.00385 0.0240937 -2.41971e-20)
(2.01022 0.0256081 8.13642e-21)
(2.01896 0.0383712 0)
(2.00153 0.0120485 -1.20674e-20)
(2.00482 0.0157481 -1.20768e-20)
(2.00663 0.0214349 8.05687e-21)
(2.00111 0.0062323 -1.69535e-23)
(2.00249 0.01169 8.0776e-21)
(2.0033 0.0137132 0)
(2.00046 0.00449078 2.0133e-21)
(2.00109 0.00950329 2.01374e-21)
(2.00197 0.00930943 -2.03106e-21)
(2.00024 0.00337897 -9.86379e-22)
(2.00058 0.00777306 -4.48609e-24)
(2.00096 0.00692939 2.01695e-21)
(2.00013 0.00411142 -3.41654e-21)
(2.00047 0.00422068 -2.48583e-21)
(2.00021 0.00677075 -4.20794e-24)
(2 0.00375107 1.16453e-21)
(2.00012 0.00530136 -2.37622e-22)
(2.00042 0.00602899 1.45063e-21)
(2.00011 0.00331183 -7.86137e-22)
(2.00013 0.00544155 2.5208e-22)
(2.00017 0.00452386 -4.93498e-22)
(1.99999 0.00330497 0)
(2.0001 0.00447682 4.84782e-22)
(2.0001 0.00478769 4.23791e-25)
(2 0.00316943 -2.43779e-22)
(2.00004 0.00497646 0)
(2.00005 0.00446844 2.44543e-22)
(2.00003 0.0032591 -1.21499e-22)
(2.00013 0.00415811 9.05096e-23)
(2.00007 0.00439982 -5.97013e-23)
(2 0.00299555 5.02348e-23)
(2.00015 0.00404116 -3.75831e-24)
(2.00018 0.00370535 -5.68795e-23)
(2.00016 0.00232555 3.08211e-22)
(2.00019 0.00418222 -6.01814e-23)
(2.00021 0.00355107 0)
(2.00012 0.00223313 1.39187e-22)
(2.00016 0.00474566 5.94547e-22)
(2.00014 0.00430783 -1.13035e-22)
(2.00017 0.00137078 -3.53761e-22)
(2.00063 0.00389833 -6.09078e-22)
(2.00032 0.0033035 2.45173e-22)
(2.00018 0.00124951 -4.85674e-22)
(2.00042 0.00344556 0)
(2.00047 0.00336586 -2.46228e-22)
(2.0004 0.000611722 -6.70658e-25)
(2.00079 0.00242752 7.3567e-25)
(2.00054 0.00294461 -9.7696e-22)
(2.00064 0.000861495 9.66844e-22)
(2.00117 0.000274963 0)
(2.0009 0.00121161 4.8675e-22)
(2.00085 0.0011492 7.32663e-22)
(2.00206 -0.00429172 0)
(2.00144 -0.0012436 0)
(2.00073 0.00272228 4.15073e-25)
(2.00249 -0.0164429 5.78615e-21)
(2.0019 -0.0140986 -7.79175e-21)
(2.00131 -0.000478455 1.51794e-20)
(2.00439 -0.0218686 -1.92623e-20)
(2.00262 -0.0176782 -3.85443e-21)
(2.0017 -0.0111689 2.20595e-20)
(2.00974 -0.023317 0)
(2.00559 -0.0186339 7.7433e-21)
(2.00924 -0.0296215 7.71442e-20)
(2.02145 -0.0332573 -1.54295e-20)
(2.01084 0.00245727 -2.31876e-20)
(2.01857 0.0355237 6.48445e-20)
(2.0268 0.036212 -2.40156e-22)
(2.04364 0.0446389 2.03505e-21)
(2.00859 0.0226504 6.5714e-23)
(2.01222 0.0240108 -3.2181e-20)
(2.01698 0.0305539 -3.23316e-20)
(2.00588 0.0160028 5.3649e-24)
(2.00667 0.0178788 1.59703e-20)
(2.0102 0.0228314 7.98552e-21)
(2.00279 0.0116734 -4.01217e-21)
(2.00306 0.0147859 7.94544e-21)
(2.00595 0.0168258 -7.90698e-21)
(2.00149 0.00957521 2.00373e-21)
(2.00172 0.0125472 -6.90214e-21)
(2.00351 0.0130991 1.96523e-21)
(2.00108 0.00938702 3.86478e-21)
(2.00086 0.0112713 1.88184e-21)
(2.00258 0.0120121 1.14464e-20)
(2.00064 0.00809576 -9.42874e-22)
(2.00054 0.0104855 0)
(2.00087 0.00950068 -1.90169e-21)
(2.00014 0.00792153 -4.80713e-22)
(1.99984 0.0103195 0)
(2.00067 0.0108434 9.41651e-22)
(2.00026 0.00817775 -4.79724e-22)
(2.00001 0.0102683 0)
(2.00063 0.0105674 2.83251e-21)
(2.00014 0.00756803 5.30211e-22)
(1.99986 0.010072 -1.42651e-21)
(2.00055 0.0103309 0)
(2.00043 0.00806682 -2.63482e-22)
(2.00005 0.0104269 -7.96951e-22)
(2.00042 0.0098646 4.77152e-22)
(2.00027 0.00799327 2.37434e-22)
(1.99998 0.0103595 -2.26876e-22)
(2.0006 0.0104877 0)
(2.00043 0.00730767 2.40779e-22)
(2.00049 0.0101746 0)
(2.00088 0.00980767 -9.53675e-22)
(2.00027 0.00546183 0)
(2.00037 0.00909925 -2.36667e-21)
(2.00106 0.00906117 4.40214e-22)
(2.00107 0.00551643 -4.24764e-25)
(2.00129 0.00796378 9.51378e-22)
(2.00132 0.00794488 -2.36423e-22)
(2.00105 0.00429025 9.691e-22)
(2.00173 0.00594606 9.66109e-22)
(2.00172 0.00711637 -9.41943e-22)
(2.00167 0.00285324 -9.72601e-22)
(2.00236 0.00448797 4.7884e-21)
(2.00226 0.00583079 -9.62554e-22)
(2.00223 0.000791005 3.90088e-21)
(2.00349 0.00247966 9.50137e-21)
(2.00269 0.00391381 0)
(2.00323 -0.00081971 0)
(2.00571 -0.00343228 7.62364e-21)
(2.00489 0.000670305 -3.82755e-21)
(2.00438 0.00493777 0)
(2.00796 -0.0211165 7.64263e-21)
(2.00548 -0.014696 3.79364e-21)
(2.00722 -0.00347527 0)
(2.01362 -0.0258941 3.7811e-20)
(2.00922 -0.0222447 -2.28449e-20)
(2.01472 -0.0184677 0)
(2.02557 -0.0298333 7.59725e-21)
(2.01601 -0.0201938 -1.52536e-20)
(2.03286 -0.0404738 2.33748e-20)
(2.04571 -0.0376595 0)
(2.0297 -0.00292442 5.40488e-20)
(2.03426 0.0373495 -4.89424e-20)
(2.0404 0.0368217 1.63302e-20)
(2.05891 0.044466 0)
(2.01719 0.0309932 4.82307e-20)
(2.02093 0.0273424 0)
(2.02849 0.0331312 -1.6289e-20)
(2.05583 -0.0432162 4.81604e-21)
(2.06421 -0.0338483 -1.53409e-20)
(2.0452 -0.000622844 1.54833e-20)
(2.04619 0.0357748 0)
(2.05062 0.0340173 -1.11504e-20)
(2.06847 0.0378798 1.01503e-21)
(2.02465 0.0322958 0)
(2.0283 0.0292548 0)
(2.03752 0.0327502 2.02816e-21)
(2.0714 -0.0370458 1.68295e-20)
(2.07867 -0.0246698 2.38229e-22)
(2.05898 0.00530457 7.70106e-21)
(2.05295 0.032083 2.04592e-21)
(2.0554 0.0315827 1.56914e-20)
(2.0698 0.029351 4.6121e-22)
(2.03007 0.0299702 -2.02223e-21)
(2.03205 0.0285636 -5.07855e-22)
(2.04152 0.0299561 8.11506e-21)
(2.08262 -0.0277277 0)
(2.08773 -0.0187689 1.78064e-22)
(2.07174 0.0101076 -4.75576e-22)
(2.05636 0.0303912 -8.09439e-21)
(2.05661 0.0301099 -4.99986e-22)
(2.06933 0.0269423 -6.23624e-23)
(2.03364 0.0285484 5.05194e-21)
(2.03409 0.0268419 3.17046e-23)
(2.04341 0.0273467 -7.59442e-21)
(2.08989 -0.0243325 0)
(2.09471 -0.00860121 0)
(2.07841 0.0161327 -3.75645e-21)
(2.05731 0.0288992 3.99307e-21)
(2.05756 0.0280757 -8.07348e-21)
(2.06794 0.0227174 0)
(2.03414 0.0266638 -1.96353e-21)
(2.03444 0.0258414 2.45841e-22)
(2.04388 0.0259355 3.72349e-21)
(2.09744 -0.0206268 -2.3449e-22)
(2.1003 -0.00153124 0)
(2.08785 0.0308672 -1.87354e-21)
(2.058 0.0266104 3.78272e-21)
(2.05808 0.0253857 5.99854e-23)
(2.06657 0.0192929 -1.07693e-21)
(2.03448 0.0250287 -3.36871e-21)
(2.03425 0.0246965 3.85872e-21)
(2.04392 0.0238192 3.79549e-21)
(2.10303 -0.0128982 2.86453e-22)
(2.11074 0.000212876 0)
(2.09864 0.0391634 -8.14686e-24)
(2.05786 0.0255069 2.2779e-21)
(2.05755 0.0230853 -2.01286e-21)
(2.0645 0.0155224 2.00979e-21)
(2.03384 0.0229095 0)
(2.03295 0.0226402 -5.03484e-22)
(2.04343 0.0199498 0)
(2.11556 -0.0109646 -1.14893e-22)
(2.12248 0.00736107 0)
(2.10822 0.0494355 0)
(2.05733 0.0216856 -1.24607e-22)
(2.05679 0.019304 0)
(2.06207 0.0119093 -1.00304e-21)
(2.0317 0.0209234 -2.01881e-21)
(2.03145 0.0185903 -4.73472e-22)
(2.04217 0.0162947 1.98473e-21)
(2.12674 -0.0027963 1.13744e-22)
(2.13302 0.0152109 0)
(2.12223 0.0752307 -1.13619e-21)
(2.05651 0.0180376 0)
(2.05589 0.0151586 9.97817e-22)
(2.0593 0.0071238 -4.92936e-22)
(2.03136 0.0161403 1.24133e-21)
(2.03107 0.014711 -6.08885e-23)
(2.04119 0.0128736 6.2801e-23)
(2.1408 0.00321929 -1.12087e-22)
(2.14625 0.018233 0)
(2.13852 0.077549 1.11317e-21)
(2.055 0.0153613 -1.1913e-21)
(2.05392 0.00980417 3.13854e-23)
(2.0555 0.00345442 0)
(2.02995 0.0128229 -9.73772e-22)
(2.02651 0.0132641 -9.94843e-22)
(2.03821 0.00984951 9.68881e-22)
(2.15318 0.00974831 5.49798e-23)
(2.16907 0.0244105 -4.88238e-22)
(2.1534 0.104054 7.10399e-22)
(2.05224 0.00760234 3.12865e-23)
(2.0518 0.00491974 -2.99657e-23)
(2.05385 -0.00261497 -3.12471e-23)
(2.02497 0.00642334 2.04495e-21)
(2.02557 0.00315195 9.17878e-22)
(2.03596 -0.000252404 5.9793e-23)
(2.17523 0.0182845 3.80824e-22)
(2.17917 0.0308041 -4.19277e-22)
(2.17074 0.122798 4.19065e-22)
(2.05181 0.00036869 5.67864e-23)
(2.05176 -0.00271401 -4.5891e-22)
(2.05242 -0.00754349 3.33859e-25)
(2.02531 0.000368861 -9.33187e-22)
(2.02391 -0.00206087 6.09695e-23)
(2.0353 -0.00623539 4.16024e-22)
(2.19414 0.0187737 0)
(2.21079 0.0340793 0)
(2.19565 0.0994069 4.32795e-24)
(2.05098 -0.00298019 -4.78033e-22)
(2.0503 -0.0116481 -1.42794e-21)
(2.05162 -0.0118821 0)
(2.02181 -0.00634487 -1.91387e-21)
(2.02242 -0.00889559 1.8765e-21)
(2.0349 -0.0140076 -7.65887e-24)
(2.21386 0.0282954 -2.01981e-22)
(2.22218 0.0485391 1.97469e-22)
(2.21532 0.173778 -2.07104e-22)
(2.05068 -0.000574468 -3.71475e-21)
(2.05143 -0.0358807 2.14244e-21)
(2.05383 -0.0326042 -1.17785e-22)
(2.02441 -0.0137007 0)
(2.02274 -0.0215717 0)
(2.03634 -0.0351137 -2.91828e-21)
(2.25511 0.0229946 -9.76352e-22)
(2.26961 0.046134 -7.77714e-22)
(2.25635 0.116536 0)
(2.05554 0.0166486 -2.39825e-22)
(2.06441 -0.0681884 -1.92982e-21)
(2.06346 -0.0486726 2.06381e-21)
(2.02314 -0.016213 3.68421e-21)
(2.0252 -0.0629762 3.32885e-21)
(2.04718 -0.0489887 0)
(2.27508 0.0327243 1.03593e-21)
(2.29209 0.0723881 -8.16036e-22)
(2.28281 0.22463 -1.82815e-22)
(2.07117 0.00981076 0)
(2.07426 -0.0660522 0)
(2.07895 -0.0483409 0)
(2.03359 0.0200748 -3.66225e-21)
(2.03627 -0.120867 7.23354e-22)
(2.0557 -0.0704343 0)
(2.34196 0.026491 -7.10329e-22)
(2.36128 0.0708737 -2.08178e-21)
(2.34523 0.171586 1.38905e-21)
(2.08786 -0.0189953 1.15589e-22)
(2.10533 -0.087432 -9.21543e-23)
(2.11149 -0.0537461 3.72347e-21)
(2.05581 -0.0217801 -7.17497e-22)
(2.06218 -0.125078 -7.42941e-21)
(2.0846 -0.0954501 -3.7484e-21)
(2.36588 0.0395533 2.01458e-21)
(2.38109 0.107359 4.61114e-22)
(2.37269 0.291992 -2.78126e-21)
(2.44604 0.01067 -4.7928e-22)
(2.47604 0.133986 -1.15842e-21)
(2.45499 0.269241 4.73043e-23)
(2.49624 0.0208255 1.01662e-21)
(2.52133 0.164851 1.95776e-21)
(2.52166 0.315466 -1.99482e-21)
(2.57426 0.0575959 -8.74153e-22)
(2.65017 0.17599 3.60162e-22)
(2.61246 0.399984 0)
(2.73443 0.0297534 4.26321e-23)
(2.76405 0.168638 2.57569e-23)
(2.70819 0.287433 1.05671e-22)
(2.79259 0.0383723 5.94172e-23)
(2.83133 0.197503 0)
(2.83599 0.352405 -7.87971e-23)
(2.00147 -0.052941 9.66653e-24)
(1.69584 -0.0309391 -2.30204e-21)
(1.92565 -0.0513792 -3.58875e-23)
(1.24855 -0.0255507 -5.7879e-22)
(1.76003 -0.048577 1.85789e-23)
(0.852818 -0.0186822 1.82274e-23)
(1.57483 -0.0311704 -1.14046e-24)
(0.622802 -0.00353164 5.69057e-24)
(1.40966 -0.0183916 -4.44722e-27)
(0.515867 0.000970827 0)
(1.26568 -0.0133331 8.81424e-27)
(0.454899 0.00157956 0)
(1.14538 -0.00995092 -2.80673e-25)
(0.414747 0.00127859 0)
(1.05407 -0.00649163 -4.34016e-27)
(0.38658 0.00117181 -4.32194e-27)
(0.982345 -0.00575841 0)
(0.364385 0.000673701 0)
(0.934113 -0.00294143 0)
(0.34958 0.000465706 0)
(0.913728 0.000217421 0)
(0.348722 -0.000123661 0)
(0.919298 0.00320856 0)
(0.34989 -0.00269183 0)
(0.964646 0.00693615 0)
(0.364718 -0.00156328 0)
(1.02555 0.00706074 0)
(0.396378 -0.00223042 0)
(1.09884 0.00918154 0)
(0.430524 -0.000719205 0)
(1.17578 0.00742386 0)
(0.48198 -0.000707887 0)
(1.2395 0.00778715 0)
(0.52417 -0.00107141 0)
(1.31993 0.00805686 0)
(0.572328 -0.00215991 0)
(1.41389 0.0101717 0)
(0.629368 -0.000678622 0)
(1.50293 0.0067384 0)
(0.690785 -0.00348227 0)
(1.62538 0.0115739 0)
(0.765039 -0.00194399 0)
(1.75232 0.0115129 0)
(0.851646 -0.000947999 0)
(1.88037 0.0117867 0)
(0.940509 -0.00154959 0)
(2.02238 0.0165099 0)
(1.04557 0.00045195 0)
(2.00528 -0.0438752 0)
(1.88722 -0.021697 4.99656e-21)
(1.97941 -0.0518339 -1.11395e-21)
(1.4793 -0.0281685 -2.95024e-25)
(1.85331 -0.0503292 6.08136e-22)
(1.04333 -0.0227452 -5.85958e-22)
(1.67317 -0.0391661 0)
(0.714887 -0.0101122 -2.29138e-23)
(1.49476 -0.0227976 1.14705e-24)
(0.562739 6.77924e-06 -1.13325e-24)
(1.33945 -0.0150946 0)
(0.483938 0.00158211 0)
(1.20958 -0.0105601 -8.81726e-27)
(0.435257 0.00212888 0)
(1.10492 -0.0072789 0)
(0.401508 0.00139039 4.32187e-27)
(1.0263 -0.00553177 4.34066e-27)
(0.378638 0.000811154 0)
(0.964298 -0.00297758 0)
(0.359068 0.000308497 0)
(0.927487 -1.13198e-05 0)
(0.349621 0.000509005 0)
(0.915047 0.00158502 0)
(0.350223 -0.000557146 0)
(0.947703 0.00631013 0)
(0.357654 -0.000882031 0)
(1.01386 0.00985042 0)
(0.387183 0.000435536 0)
(1.07727 0.00977367 0)
(0.419671 -0.000204803 0)
(1.16325 0.0134278 0)
(0.467359 0.00213629 0)
(1.22546 0.00979307 0)
(0.51419 0.0020198 0)
(1.30044 0.0131223 0)
(0.559943 0.00234954 0)
(1.39452 0.0149509 0)
(0.612525 0.00277161 0)
(1.48661 0.0169531 0)
(0.679635 0.00397456 0)
(1.59718 0.0211175 0)
(0.741789 0.00444756 0)
(1.72099 0.0226737 0)
(0.829015 0.00449715 0)
(1.84997 0.0227743 0)
(0.917353 0.00457673 0)
(1.97876 0.0277261 0)
(1.01231 0.00509352 0)
(2.13321 0.0261013 0)
(1.1264 0.00424198 0)
(2.00047 0.0529907 4.90214e-21)
(1.69514 0.0305946 2.43081e-21)
(1.92443 0.0517849 -1.143e-21)
(1.24705 0.0258236 6.47554e-22)
(1.75217 0.0490641 -1.94173e-23)
(0.839348 0.0187055 3.10335e-22)
(1.55522 0.0320103 7.11043e-27)
(0.604781 0.00363513 3.44734e-21)
(1.37109 0.0202511 0)
(0.488448 -0.000659575 -1.02834e-24)
(1.20968 0.0146483 -2.93302e-25)
(0.419362 -0.0016676 -9.54985e-25)
(1.07101 0.0115557 -6.04907e-25)
(0.369918 -0.00136564 4.5002e-25)
(0.953917 0.00909497 -3.30286e-26)
(0.329895 -0.000636739 -6.46641e-25)
(0.860028 0.00655865 0)
(0.29669 -2.2234e-05 1.63584e-25)
(0.788824 0.00447142 0)
(0.270361 0.000337225 4.27465e-30)
(0.740914 0.00223457 0)
(0.251571 0.000236463 -2.13383e-30)
(0.713901 0.000584718 0)
(0.241597 0.000399854 1.27802e-30)
(0.711006 -0.00319215 0)
(0.23985 0.00233583 0)
(0.746197 -0.00668894 0)
(0.247492 0.00250461 0)
(0.806161 -0.00815012 0)
(0.269333 0.00108315 0)
(0.861839 -0.00647123 0)
(0.303268 -0.000679668 -2.49195e-46)
(0.903012 -0.00383579 0)
(0.337143 0.00048721 -8.30664e-30)
(0.961211 -0.00692013 0)
(0.370316 -6.87127e-05 1.87404e-29)
(1.03397 -0.00917109 0)
(0.413987 -0.000544736 7.14845e-30)
(2.00455 0.0440657 -1.46088e-34)
(1.8865 0.0220484 -5.39955e-21)
(1.97783 0.0521548 -1.47068e-22)
(1.47696 0.0282798 1.52826e-22)
(1.84609 0.0525152 -6.21401e-22)
(1.03487 0.0236286 2.70262e-22)
(1.65725 0.0411744 1.75314e-22)
(0.699039 0.0102731 3.28303e-21)
(1.46623 0.0247257 -5.91854e-28)
(0.540073 0.000366972 0)
(1.29191 0.0169421 0)
(0.451931 -0.00136522 -2.05555e-24)
(1.13963 0.0130374 -9.46165e-27)
(0.394637 -0.0014331 -9.38326e-27)
(1.01046 0.0101076 1.46423e-25)
(0.349851 -0.000967163 -7.49444e-26)
(0.904624 0.0077601 0)
(0.312736 -0.00034847 -4.72141e-25)
(0.822593 0.0055263 0)
(0.28297 0.000111637 -2.02548e-26)
(0.763287 0.00331513 0)
(0.260119 0.000268365 4.2706e-31)
(0.726653 0.00126206 0)
(0.246233 0.000363077 4.26429e-31)
(0.706522 -0.00167359 0)
(0.239469 0.00168646 0)
(0.724985 -0.00484666 0)
(0.24231 0.0025772 0)
(0.785372 -0.00781259 0)
(0.25964 0.00217761 0)
(0.851022 -0.00921366 0)
(0.291791 0.000234207 4.2285e-30)
(0.897261 -0.00875874 0)
(0.330032 -0.00126613 -1.25945e-29)
(0.944415 -0.00884895 0)
(0.35949 -0.00104566 5.75895e-30)
(1.00995 -0.00969133 0)
(0.398545 -0.00151487 2.01187e-29)
(1.08996 -0.0113035 0)
(0.447426 -0.0015981 0)
(0.561131 0.305026 0)
(-0.187962 0.350074 9.21409e-21)
(-0.705648 0.288837 -9.00268e-21)
(-0.704597 0.434124 -4.4024e-21)
(-0.493718 0.441045 0)
(0.0368094 0.505057 0)
(0.555414 0.283987 0)
(1.13142 0.0561382 0)
(1.7065 -0.266735 2.20018e-20)
(2.79532 -0.930404 0)
(3.39625 -1.12417 5.54882e-21)
(3.51303 -0.94567 2.07913e-20)
(3.43037 -0.803466 0)
(3.34562 -0.696849 -8.69561e-21)
(3.31969 -0.50667 0)
(3.30084 -0.445363 7.40246e-21)
(3.30146 -0.290583 -6.53231e-21)
(3.32677 -0.160291 -3.77295e-21)
(2.17759 -0.090913 1.43527e-22)
(-0.0857831 0.169747 -9.49116e-21)
(-0.704364 0.0309198 1.11121e-20)
(-0.729618 0.0852712 -6.26617e-21)
(-0.437761 0.0458416 1.06692e-20)
(0.00659065 -0.104723 5.32467e-22)
(0.795974 -0.277044 -9.22693e-21)
(1.45958 -0.506315 -7.62562e-21)
(2.33717 -0.929904 8.76229e-21)
(3.0367 -1.35804 0)
(3.34303 -1.19868 4.57166e-21)
(3.39946 -1.05452 8.13264e-21)
(3.28523 -0.876942 -3.22583e-20)
(3.21799 -0.727598 1.61334e-20)
(3.20713 -0.536548 -5.96849e-21)
(3.19547 -0.443989 6.81426e-21)
(3.2009 -0.292646 1.48402e-21)
(3.20461 -0.152635 -1.3002e-21)
(1.94605 -0.0619227 -9.28433e-22)
(3.12659 -0.884535 -4.26864e-23)
(3.05786 -0.795052 9.23918e-21)
(3.07274 -0.57718 -7.11e-21)
(3.07635 -0.471191 -1.32135e-21)
(3.06998 -0.289513 -2.19401e-21)
(3.06498 -0.147005 -1.10101e-21)
(1.73225 -0.0347365 -9.59452e-23)
(2.06373 -0.0813957 1.28409e-22)
(1.8376 -0.0513201 -8.64085e-22)
(3.13519 -0.172996 3.80078e-21)
(3.04818 -0.13648 -4.35433e-22)
(3.23818 -0.307119 -2.73977e-21)
(2.97332 -0.151264 4.23602e-21)
(2.87666 -0.122024 1.19243e-21)
(3.10868 -0.294184 -2.01205e-21)
(2.79619 -0.131935 0)
(0.0295226 -0.156007 -7.8513e-23)
(-0.656091 -0.464653 -4.23006e-21)
(-0.626204 -0.553508 -9.27538e-22)
(-0.298707 -0.700251 0)
(0.363888 -1.01803 5.28348e-22)
(1.11408 -1.11563 8.43762e-21)
(1.91712 -1.3727 -2.39188e-20)
(2.57912 -1.63688 4.21681e-20)
(2.95463 -1.57385 -2.54903e-20)
(3.16607 -1.39368 -2.89022e-20)
(3.20937 -1.22191 1.63705e-20)
(-0.452105 0.00452248 0)
(-0.475497 -0.00870304 0)
(-0.487441 0.0126064 0)
(-0.490748 -0.0120872 0)
(-0.442132 0.0175372 0)
(-0.478193 -0.00754761 0)
(-0.478837 0.00999872 0)
(-0.486382 -0.0111444 0)
(-0.477397 0.015384 0)
(-0.490953 -0.0114251 0)
(3.1376 0.0138558 4.94628e-22)
(3.19346 0.00753655 4.02668e-22)
(3.109 0.0262905 0)
(3.02052 -0.222225 0)
(2.40628 0.0927555 1.27627e-21)
(0.5265 0.0199191 8.07614e-22)
(2.39536 0.0126692 0)
(3.21677 0.00522528 -7.24475e-22)
(3.16166 -0.0322956 0)
(3.14632 0.0840017 0)
(3.1879 0.0932948 2.86539e-21)
(3.09404 0.121319 5.39408e-22)
(3.08339 0.113589 3.61752e-21)
(2.78852 0.195518 -3.61821e-21)
(3.13738 0.0421314 1.72089e-22)
(3.18607 0.0633178 3.40987e-22)
(3.08699 0.0700114 0)
(3.04202 -0.0680394 -7.24099e-22)
(2.67344 0.177294 7.24442e-22)
(0.503712 0.237556 1.65479e-21)
(2.5128 0.0727015 1.03021e-22)
(2.47358 0.071654 -1.02727e-22)
(2.43229 0.0575224 7.00977e-22)
(2.4172 0.0339871 -7.51154e-23)
(3.2076 0.0737266 -2.98375e-21)
(3.2088 0.0676676 1.2091e-21)
(3.14177 0.0645009 -9.68086e-22)
(3.16298 0.0795053 -7.41408e-22)
(3.153 0.0555186 -2.15643e-21)
(3.18274 0.0707221 0)
(3.2136 0.0440583 -6.92771e-22)
(3.2132 0.01758 -8.26364e-22)
(3.13632 0.0229787 7.4284e-22)
(3.15291 0.0250906 0)
(3.15559 0.0105583 0)
(3.18963 0.0342003 -3.66516e-22)
(-0.117248 -0.0147038 0)
(-0.378882 0.0099758 0)
(-0.347993 0.0006381 0)
(-0.058817 0.0131682 0)
(-0.254158 0.00723364 0)
(-0.174926 0.000204932 0)
(-0.348295 0.0113336 0)
(-0.135843 0.00752106 0)
(-0.302942 0.00978926 0)
(-0.183287 -0.00782493 0)
(-0.372049 0.0130487 0)
)
;

boundaryField
{
    inlet
    {
        type            fixedValue;
        value           uniform (2 0 0);
    }
    outlet
    {
        type            zeroGradient;
    }
    wall
    {
        type            noSlip;
    }
    empty_zmin
    {
        type            empty;
    }
    empty_zmax
    {
        type            empty;
    }
    procBoundary0to1
    {
        type            processor;
        value           nonuniform List<vector> 
35
(
(2.85301 -0.967561 1.20021e-20)
(2.8785 -0.764931 -2.62195e-21)
(2.90329 -0.566976 -5.44858e-22)
(2.92117 -0.462951 -2.40822e-22)
(2.96674 -0.275991 -3.06428e-21)
(2.91613 -0.255074 0)
(2.96674 -0.275991 -3.06428e-21)
(1.63439 -0.0299372 -7.9164e-24)
(2.70111 -0.106778 0)
(0.291586 -0.459584 3.13882e-21)
(-0.418141 -0.88451 -4.1089e-21)
(-0.45444 -1.14837 -9.91368e-21)
(0.0163777 -1.37679 8.83395e-21)
(0.56726 -1.72835 -1.77708e-21)
(1.34922 -1.88746 2.2828e-21)
(1.96947 -1.9858 0)
(2.50248 -1.86949 0)
(2.81103 -1.67448 0)
(2.91695 -1.53971 0)
(2.93019 -1.14649 5.66067e-21)
(-0.405585 0.0186624 0)
(-0.454157 -0.0046312 0)
(3.13985 -0.0154027 -1.978e-23)
(3.20524 -0.00974601 0)
(3.17964 -0.0307087 -1.17111e-21)
(3.17663 -0.0737275 -3.32298e-23)
(3.04039 -0.271105 1.2218e-21)
(2.22439 -0.1025 1.23893e-21)
(0.69171 -0.24083 0)
(2.37516 -0.00474172 0)
(3.22909 -0.018598 -2.67501e-23)
(3.17663 -0.0737275 -3.32298e-23)
(-0.0675139 -0.0219567 0)
(-0.298504 -0.000737695 0)
(-0.0675139 -0.0219567 0)
)
;
    }
}


// ************************************************************************* //
