/*--------------------------------*- C++ -*----------------------------------*\
| =========                 |                                                 |
| \\      /  F ield         | OpenFOAM: The Open Source CFD Toolbox           |
|  \\    /   O peration     | Version:  2406                                  |
|   \\  /    A nd           | Website:  www.openfoam.com                      |
|    \\/     M anipulation  |                                                 |
\*---------------------------------------------------------------------------*/
FoamFile
{
    version     2.0;
    format      ascii;
    arch        "LSB;label=32;scalar=64";
    class       volScalarField;
    location    "2.66";
    object      p;
}
// * * * * * * * * * * * * * * * * * * * * * * * * * * * * * * * * * * * * * //

dimensions      [0 2 -2 0 0 0 0];

internalField   nonuniform List<scalar> 
2284
(
0.386487
0.257405
0.174666
0.0100337
0.0137571
0.0110833
0.0124678
0.0755172
-0.0529544
-0.214654
-0.37948
-0.280784
0.0106449
-0.021461
0.010576
-0.0219712
-0.0219882
0.0239756
-0.0196432
-0.021524
0.0109538
0.0110824
-0.0208159
-0.0206007
0.337361
0.336702
0.335906
0.33489
0.333652
0.332302
0.330798
0.329083
0.327742
0.325104
0.324597
0.323036
0.322436
0.322928
0.322276
0.336526
0.335597
0.334333
0.332756
0.331101
0.329321
0.327291
0.325727
0.323869
0.323015
0.320407
0.319327
0.319491
0.320013
0.336452
0.335178
0.333644
0.332012
0.330075
0.328036
0.325757
0.323953
0.321447
0.319871
0.318436
0.317066
0.317192
0.316824
0.321244
0.31857
0.315273
0.322023
0.320912
0.32161
0.318973
0.318058
0.318234
0.315966
0.315725
0.316388
0.337424
0.337958
0.338172
0.338247
0.338092
0.337806
0.335989
0.336326
0.336758
0.337027
0.337605
0.337923
0.338036
0.337946
0.33761
0.337145
0.335043
0.335762
0.336383
0.336605
0.337326
0.337673
0.337994
0.33779
0.337512
0.337215
0.334174
0.334799
0.335517
0.336184
0.337153
0.337556
0.338415
0.337902
0.337541
0.337476
0.336249
0.334865
0.333356
0.331551
0.329347
0.326853
0.324498
0.322039
0.319245
0.317576
0.314969
0.313298
0.31431
0.313611
0.332982
0.333669
0.335327
0.335792
0.336908
0.337401
0.337243
0.339107
0.33939
0.337609
0.336819
0.335163
0.333681
0.331209
0.32822
0.325482
0.322201
0.319343
0.316777
0.314615
0.312202
0.31036
0.309794
0.309702
0.331346
0.33281
0.333931
0.335049
0.336864
0.337802
0.339205
0.339763
0.34041
0.339599
0.337726
0.335905
0.333707
0.33079
0.327846
0.324627
0.320813
0.317689
0.314026
0.310526
0.3078
0.305254
0.306797
0.305781
0.329632
0.330946
0.333086
0.334559
0.336427
0.338462
0.339943
0.341019
0.342153
0.341657
0.340238
0.33753
0.333922
0.330904
0.32717
0.323077
0.318808
0.314756
0.310816
0.307638
0.3044
0.301098
0.300755
0.300123
0.327114
0.328996
0.331409
0.333431
0.33672
0.339729
0.343213
0.344202
0.342088
0.342496
0.341929
0.340563
0.337223
0.332214
0.327251
0.32245
0.317807
0.312194
0.306514
0.302171
0.299061
0.296569
0.296031
0.29496
0.323751
0.326539
0.329732
0.334287
0.3383
0.341337
0.344842
0.346995
0.347344
0.347692
0.345749
0.342267
0.339505
0.333623
0.327658
0.321697
0.31426
0.30882
0.303825
0.298115
0.293513
0.289945
0.289311
0.287587
0.320152
0.323185
0.328813
0.332754
0.337875
0.3433
0.34697
0.350247
0.354237
0.35434
0.352368
0.348069
0.342026
0.335744
0.327676
0.319641
0.313112
0.305592
0.297684
0.291775
0.286631
0.28157
0.282256
0.280498
0.31566
0.319507
0.324609
0.33118
0.338112
0.345989
0.352101
0.35731
0.360817
0.36035
0.36019
0.355382
0.34549
0.338267
0.32951
0.320282
0.311327
0.301229
0.291894
0.284184
0.277007
0.271548
0.272217
0.271194
0.309118
0.313042
0.323102
0.332759
0.342555
0.350063
0.358045
0.364224
0.368456
0.370237
0.366388
0.360722
0.354256
0.342262
0.331064
0.319608
0.30576
0.293745
0.283746
0.275772
0.269546
0.263312
0.262709
0.260584
0.301263
0.307658
0.314281
0.330332
0.343464
0.352755
0.36365
0.375337
0.38219
0.382754
0.381219
0.370134
0.358885
0.347631
0.331857
0.317682
0.304011
0.289683
0.276692
0.264949
0.255859
0.249634
0.250794
0.248096
0.290464
0.297066
0.309906
0.323492
0.337913
0.357395
0.376809
0.390666
0.395882
0.397008
0.395429
0.389572
0.375344
0.355584
0.333641
0.313964
0.295658
0.279053
0.265114
0.253376
0.244133
0.23596
0.235585
0.233976
0.276193
0.284032
0.304645
0.318092
0.343585
0.364392
0.38632
0.40275
0.414957
0.423274
0.416574
0.403453
0.389483
0.36331
0.338952
0.315361
0.288542
0.266347
0.248493
0.235662
0.22726
0.220781
0.221912
0.217221
0.25847
0.268946
0.279103
0.305052
0.337792
0.365895
0.390952
0.423535
0.452947
0.461703
0.453575
0.430892
0.400083
0.370171
0.338018
0.303518
0.274243
0.253268
0.234868
0.219162
0.207257
0.197659
0.198926
0.198911
0.233204
0.241404
0.267272
0.288581
0.322913
0.365296
0.40766
0.460575
0.496105
0.504788
0.498476
0.466714
0.421262
0.373602
0.329461
0.288964
0.255656
0.230927
0.211175
0.196924
0.186214
0.179031
0.180282
0.175717
0.204937
0.216417
0.223387
0.260288
0.307884
0.365912
0.429901
0.491559
0.546995
0.583418
0.547526
0.499656
0.438712
0.375262
0.321107
0.275422
0.236924
0.206685
0.185099
0.169271
0.158284
0.151816
0.155391
0.153285
0.166222
0.175536
0.199133
0.225021
0.264918
0.340326
0.420539
0.521651
0.62986
0.701165
0.646023
0.545082
0.438286
0.372568
0.301308
0.242689
0.19869
0.172177
0.153531
0.138914
0.129841
0.122131
0.125926
0.125051
0.123084
0.133804
0.136005
0.167731
0.218409
0.300974
0.418571
0.549264
0.718866
0.867437
0.754
0.607908
0.452844
0.334483
0.248137
0.1904
0.156331
0.132417
0.113695
0.102163
0.0954032
0.0913793
0.0983776
0.0950767
0.0690874
0.0746524
0.0750977
0.100507
0.143095
0.22071
0.346489
0.127913
0.101071
0.0824915
0.0700583
0.0632958
0.057861
0.0551481
0.0618534
0.0649616
0.0502682
0.0343159
0.0212229
0.0181607
0.0170865
0.0176849
0.0188833
0.0286901
0.0289147
-0.0508308
-0.049247
-0.0408802
-0.0334665
-0.0292072
-0.0246219
-0.0207585
-0.00861826
-0.00566449
-0.167252
-0.136526
-0.113361
-0.0955908
-0.0805925
-0.0679126
-0.0594639
-0.0463577
-0.0404607
-0.220762
-0.180622
-0.148833
-0.126907
-0.111377
-0.097931
-0.0815262
-0.0771218
0.336613
0.336126
0.335679
0.335231
0.334625
0.334009
0.312118
0.333325
0.332598
0.307535
0.331681
0.330725
0.302907
0.329803
0.328357
0.298113
0.327121
0.325642
0.291263
0.323756
0.322199
0.284498
0.319981
0.317808
0.275757
0.315343
0.312041
0.266165
0.308671
0.304865
0.255333
0.300179
0.295101
0.241068
0.288625
0.282612
0.226682
0.274465
0.26542
0.208415
0.255812
0.243913
0.187899
0.230785
0.216957
0.164484
0.20198
0.183492
0.140639
0.16374
0.143658
0.109608
0.120627
0.0958782
0.0803847
0.0680193
0.0407376
0.047211
0.0112961
-0.0226084
-0.0590388
-0.0935394
0.336315
0.335974
0.335501
0.336276
0.336091
0.336215
0.335494
0.335155
0.334707
0.335894
0.335607
0.335483
0.334655
0.334087
0.333549
0.33501
0.334554
0.33439
0.312346
0.312235
0.312142
0.333503
0.332922
0.332261
0.334184
0.333861
0.333297
0.308068
0.307589
0.308481
0.332207
0.331366
0.330494
0.333262
0.332431
0.331973
0.305372
0.304144
0.30387
0.330502
0.329397
0.328126
0.331595
0.330926
0.330267
0.29771
0.299978
0.299066
0.328158
0.326888
0.325663
0.330164
0.328862
0.32753
0.292876
0.294621
0.293196
0.325556
0.323843
0.322436
0.327502
0.326715
0.325236
0.283329
0.288037
0.286012
0.321892
0.320179
0.318176
0.325593
0.324469
0.32231
0.278228
0.276773
0.277559
0.317799
0.315205
0.312929
0.322193
0.319856
0.31753
0.271033
0.266451
0.26728
0.312198
0.308564
0.30588
0.316891
0.314388
0.310629
0.259442
0.257522
0.257885
0.304979
0.300472
0.297148
0.311297
0.30851
0.305927
0.248181
0.241072
0.243006
0.294263
0.288166
0.283978
0.30367
0.299197
0.292894
0.23326
0.228647
0.229377
0.281118
0.272432
0.267728
0.292897
0.283971
0.276978
0.217465
0.209068
0.210934
0.26293
0.252032
0.247016
0.274056
0.265437
0.259558
0.198719
0.188899
0.189483
0.238753
0.225413
0.219689
0.255359
0.240532
0.231849
0.176695
0.16603
0.169136
0.210008
0.191334
0.18622
0.220205
0.203529
0.198042
0.153115
0.140751
0.14017
0.171356
0.151531
0.146445
0.1894
0.169377
0.159572
0.125051
0.111071
0.112707
0.128021
0.100425
0.0973237
0.140628
0.107433
0.103664
0.0957789
0.0803084
0.0807861
0.0724061
0.0423306
0.0401126
0.0767781
0.052332
0.0474099
0.0632466
0.0461752
0.0451494
0.0286601
0.0113507
0.0112008
-0.00699731
-0.0253063
-0.0285967
-0.0432669
-0.0607907
-0.0633133
-0.0787692
-0.0959585
-0.10016
0.321614
0.321734
0.319364
0.319483
0.316128
0.316274
0.320648
0.320727
0.318211
0.318228
0.314845
0.314876
0.312822
0.312996
0.308933
0.309126
0.304796
0.304972
0.299342
0.299564
0.294138
0.294316
0.286598
0.286898
0.280156
0.280169
0.270427
0.270553
0.260198
0.260279
0.247923
0.247964
0.233521
0.233598
0.216995
0.217085
0.19869
0.198704
0.175505
0.17561
0.153075
0.15311
0.125151
0.125194
0.0948803
0.0949636
0.065168
0.0651721
0.0291369
0.029178
-0.0053357
-0.00529587
-0.0396845
-0.0398486
-0.0766747
-0.0766619
0.311819
0.311784
0.307283
0.307278
0.30262
0.302632
0.29784
0.29779
0.2909
0.29092
0.284129
0.284132
0.275141
0.275247
0.265714
0.265789
0.254816
0.254866
0.240575
0.240691
0.226121
0.226168
0.208106
0.208198
0.187631
0.187671
0.164109
0.16423
0.140548
0.140542
0.109531
0.109617
0.0804107
0.0804622
0.0475432
0.0475492
0.0114135
0.0114717
-0.0219176
-0.0219636
-0.0584128
-0.0584434
-0.0930199
-0.0930572
0.336068
0.336141
0.335133
0.335215
0.334105
0.334178
0.332822
0.332893
0.331141
0.331218
0.329229
0.329297
0.326552
0.326627
0.323116
0.323242
0.319321
0.319441
0.314753
0.314812
0.307997
0.308106
0.299599
0.299681
0.288173
0.288273
0.273851
0.273937
0.255213
0.255285
0.230389
0.230514
0.201463
0.201536
0.163542
0.163718
0.120612
0.120731
0.0683642
0.0685442
0.335593
0.335674
0.334735
0.334801
0.333504
0.333579
0.332128
0.332189
0.330223
0.330304
0.327782
0.327888
0.325094
0.325153
0.321647
0.321703
0.31723
0.317308
0.311468
0.311566
0.304299
0.304371
0.294442
0.294523
0.281857
0.281949
0.264752
0.264888
0.243345
0.243465
0.216487
0.216597
0.18309
0.183216
0.143341
0.143435
0.095808
0.0959211
0.0410385
0.0411366
0.336393
0.335421
0.334371
0.333203
0.331822
0.331197
0.328877
0.328622
0.326755
0.327251
0.326808
0.32671
0.335498
0.33451
0.333315
0.332091
0.330616
0.32951
0.327635
0.327317
0.324648
0.323934
0.323919
0.324696
0.32581
0.323527
0.326247
0.325082
0.325408
0.323823
0.32282
0.323255
0.336597
0.337264
0.337467
0.337276
0.336968
0.336943
0.336586
0.336333
0.337141
0.336707
0.336751
0.325927
0.326047
0.324005
0.32413
0.325127
0.325233
0.322962
0.323047
0.33665
0.336743
0.336367
0.336461
0.500078
0.457349
0.433334
0.416188
0.404922
0.39686
0.390944
0.386648
0.383549
0.38141
0.380061
0.37939
0.379433
0.380187
0.381672
0.384031
0.38748
0.392304
0.399022
0.408503
0.422402
0.443309
0.475399
0.522768
0.450618
0.43738
0.422131
0.410193
0.401177
0.394339
0.389159
0.385293
0.382466
0.380491
0.379209
0.37857
0.378605
0.379197
0.380543
0.382679
0.385744
0.389971
0.39561
0.403378
0.413979
0.427424
0.442727
0.451651
0.410154
0.412128
0.401825
0.396812
0.391899
0.387706
0.384258
0.381543
0.379476
0.37804
0.377091
0.376671
0.376816
0.377466
0.378676
0.3805
0.383025
0.386265
0.390025
0.39462
0.399538
0.402815
0.40935
0.405324
0.382061
0.39007
0.389072
0.387697
0.385286
0.382792
0.380478
0.37851
0.376936
0.375797
0.375074
0.37474
0.374806
0.375298
0.376235
0.377523
0.379156
0.381201
0.383741
0.385656
0.38602
0.384204
0.384301
0.369737
0.366114
0.374137
0.378162
0.379142
0.378731
0.377771
0.376477
0.375249
0.374186
0.373328
0.372763
0.372512
0.372523
0.372782
0.373287
0.374037
0.375021
0.375939
0.376741
0.377065
0.375451
0.370823
0.367972
0.354954
0.359207
0.364155
0.369087
0.371442
0.372511
0.372683
0.372334
0.371772
0.371148
0.370587
0.370164
0.369905
0.369771
0.369798
0.369998
0.370303
0.370673
0.370814
0.370115
0.368628
0.366247
0.362026
0.359594
0.349784
0.355321
0.358074
0.361845
0.364843
0.366775
0.367742
0.368057
0.368034
0.367812
0.367539
0.36731
0.367096
0.366926
0.366828
0.366771
0.366652
0.366281
0.365641
0.364447
0.362247
0.358953
0.354617
0.352722
0.346372
0.351199
0.353631
0.356294
0.359204
0.361561
0.363054
0.36388
0.36431
0.364456
0.364417
0.364281
0.364127
0.363928
0.363655
0.363259
0.362732
0.361926
0.360893
0.359195
0.356518
0.353472
0.350249
0.347839
0.341927
0.346571
0.349594
0.351957
0.35467
0.357089
0.358814
0.359985
0.360685
0.361061
0.361211
0.361197
0.361042
0.360766
0.360374
0.359859
0.359113
0.358057
0.356526
0.3546
0.351993
0.348973
0.346119
0.342661
0.337157
0.342067
0.345789
0.3486
0.351071
0.353285
0.35506
0.356325
0.357214
0.357753
0.358016
0.358058
0.357911
0.357604
0.357088
0.356335
0.355372
0.354017
0.352294
0.350163
0.347907
0.345729
0.343367
0.338292
0.33272
0.338403
0.342658
0.345876
0.348221
0.35014
0.351734
0.353032
0.353989
0.35462
0.354943
0.355006
0.354834
0.354431
0.35383
0.353035
0.351959
0.350636
0.349018
0.347101
0.344752
0.342116
0.340714
0.335361
0.329757
0.336575
0.340388
0.343663
0.345917
0.347576
0.349021
0.35022
0.351112
0.351709
0.352035
0.352094
0.351903
0.35151
0.350914
0.350068
0.348961
0.347562
0.345917
0.344171
0.342335
0.339605
0.338009
0.332718
0.328481
0.336052
0.339126
0.3421
0.3441
0.345544
0.346721
0.347734
0.348547
0.349083
0.349347
0.349393
0.349239
0.348841
0.348202
0.347298
0.346163
0.344824
0.34338
0.341719
0.339823
0.336979
0.336219
0.331916
0.3284
0.336153
0.338583
0.340973
0.342695
0.343848
0.344827
0.345662
0.346317
0.346778
0.347034
0.347041
0.346792
0.346341
0.345662
0.344769
0.343673
0.342408
0.340909
0.339641
0.338477
0.335305
0.334715
0.331095
0.328909
0.336557
0.338404
0.340195
0.341442
0.342463
0.343303
0.343974
0.344492
0.344837
0.344957
0.34487
0.344584
0.34406
0.343337
0.342407
0.341379
0.340263
0.339094
0.33755
0.336357
0.333708
0.33375
0.330871
0.329534
0.336997
0.338449
0.339687
0.340625
0.34144
0.342062
0.342556
0.342904
0.343077
0.343092
0.342911
0.342535
0.341986
0.341283
0.340424
0.339444
0.338421
0.337254
0.336047
0.335231
0.332102
0.33202
0.329559
0.329779
0.33733
0.338378
0.339359
0.339897
0.340541
0.341068
0.341399
0.341573
0.341609
0.341521
0.341256
0.340822
0.340237
0.33948
0.338586
0.337626
0.336554
0.335747
0.334027
0.333741
0.331385
0.331463
0.330341
0.329579
0.337524
0.338392
0.339079
0.339317
0.339839
0.340209
0.340436
0.340513
0.340456
0.340245
0.339923
0.33948
0.338872
0.338137
0.337305
0.336444
0.335589
0.334502
0.332833
0.332305
0.329106
0.32961
0.328467
0.329111
0.337659
0.338087
0.338892
0.338879
0.339251
0.339532
0.339678
0.339673
0.339526
0.339273
0.338859
0.338284
0.3376
0.336801
0.335936
0.334926
0.333483
0.33252
0.330683
0.33105
0.328935
0.328554
0.32793
0.327926
0.338831
0.338448
0.337924
0.337248
0.338231
0.33779
0.337185
0.336398
0.564475
0.484696
0.516198
0.446101
0.462737
0.425696
0.434074
0.41102
0.417363
0.401078
0.405665
0.394064
0.397352
0.388922
0.391312
0.3852
0.386926
0.382557
0.383772
0.380795
0.381591
0.379805
0.380221
0.379499
0.379575
0.379901
0.379607
0.381026
0.380354
0.382964
0.381867
0.385902
0.384278
0.390088
0.387798
0.395971
0.392751
0.404275
0.399653
0.416183
0.409657
0.433874
0.424028
0.461137
0.446592
0.515266
0.483377
0.563094
0.524529
0.485428
0.483538
0.453712
0.428512
0.426246
0.407835
0.387982
0.385323
0.372587
0.363305
0.360512
0.357667
0.354438
0.351907
0.352452
0.350861
0.34817
0.349249
0.347411
0.344275
0.34535
0.343117
0.339445
0.340841
0.338683
0.334733
0.336745
0.335149
0.331053
0.333953
0.333209
0.32893
0.3329
0.332943
0.328296
0.333266
0.333764
0.328626
0.33434
0.334956
0.329227
0.33558
0.336154
0.329677
0.336692
0.337175
0.329751
0.337564
0.337876
0.329402
0.338076
0.338225
0.328604
0.338297
0.338231
0.327306
0.476361
0.46178
0.47532
0.443342
0.437473
0.448794
0.42373
0.419953
0.427986
0.410011
0.407882
0.413703
0.400422
0.399024
0.403426
0.393598
0.392628
0.39585
0.388603
0.387893
0.390239
0.384954
0.384408
0.38611
0.382365
0.381919
0.383122
0.380639
0.380241
0.381046
0.379632
0.379292
0.379719
0.379329
0.378995
0.379069
0.379726
0.379391
0.379097
0.380838
0.380486
0.379786
0.382755
0.382331
0.381207
0.385627
0.385083
0.383483
0.389728
0.389003
0.386759
0.395458
0.394409
0.391341
0.403414
0.401927
0.397619
0.414891
0.412325
0.406436
0.431507
0.426884
0.418835
0.458032
0.447675
0.436397
0.498273
0.473777
0.460285
0.444855
0.427886
0.428803
0.429402
0.419871
0.424947
0.415143
0.40954
0.414527
0.404923
0.40145
0.405645
0.397128
0.394816
0.39822
0.391287
0.389674
0.392279
0.386899
0.385696
0.387693
0.383641
0.382704
0.384185
0.381295
0.380518
0.381579
0.379701
0.379002
0.379725
0.378772
0.378148
0.378497
0.378506
0.377848
0.377942
0.378885
0.378193
0.377931
0.379912
0.379113
0.378509
0.381646
0.380718
0.379758
0.384252
0.383097
0.381726
0.387906
0.386417
0.384529
0.3929
0.390813
0.38833
0.399616
0.396658
0.39319
0.40864
0.403835
0.399852
0.420646
0.413016
0.407922
0.435501
0.421866
0.417123
0.44851
0.426508
0.42522
0.41225
0.398619
0.394546
0.409893
0.400425
0.400467
0.407509
0.391793
0.395728
0.387117
0.377802
0.37263
0.391645
0.383905
0.381325
0.379265
0.369792
0.374992
0.370602
0.365312
0.361901
0.377226
0.371681
0.368512
0.363291
0.35934
0.36309
0.361473
0.358527
0.357172
0.36714
0.363401
0.36078
0.356718
0.354625
0.356109
0.356043
0.353722
0.353347
0.360279
0.357659
0.355737
0.352456
0.350207
0.350004
0.351418
0.349135
0.348915
0.355385
0.353256
0.351588
0.347701
0.345272
0.345481
0.346828
0.344598
0.34427
0.351226
0.349276
0.347641
0.342757
0.340164
0.340389
0.342494
0.340702
0.339978
0.34748
0.345845
0.344141
0.337957
0.3361
0.33662
0.339239
0.338114
0.337249
0.344367
0.342967
0.341411
0.334452
0.333258
0.334017
0.337307
0.336728
0.336185
0.34174
0.34083
0.339626
0.332284
0.331751
0.332117
0.336443
0.33641
0.336058
0.340166
0.3396
0.33881
0.331351
0.331068
0.331541
0.336592
0.33673
0.336327
0.339078
0.338754
0.338474
0.330973
0.33074
0.330871
0.336861
0.337018
0.336773
0.338623
0.338542
0.338449
0.330642
0.330507
0.330439
0.337158
0.337322
0.337176
0.338463
0.338406
0.338445
0.330193
0.329958
0.32971
0.337427
0.337504
0.33744
0.338346
0.338285
0.338355
0.329817
0.329274
0.329626
0.337618
0.33766
0.337629
0.338179
0.338112
0.33838
0.328606
0.328033
0.327978
0.33765
0.337673
0.337556
0.338026
0.338009
0.338193
0.327482
0.327024
0.327551
0.337469
0.338009
0.338538
0.338323
0.33876
0.339007
0.339092
0.339033
0.337113
0.337693
0.338075
0.337991
0.338344
0.338545
0.338586
0.3385
0.338162
0.338043
0.337823
0.337571
0.337629
0.33755
0.337321
0.337935
0.33778
0.337877
0.337431
0.337205
0.336821
0.337523
0.3373
0.337424
0.532459
0.537777
0.454545
0.455676
0.403843
0.403
0.366085
0.364152
0.355039
0.353909
0.351503
0.350623
0.347767
0.347114
0.342702
0.342236
0.337219
0.336917
0.332309
0.332137
0.329019
0.328917
0.32756
0.327539
0.32733
0.327371
0.327723
0.327831
0.328399
0.328529
0.328711
0.328862
0.328617
0.328757
0.328182
0.328327
0.327128
0.327256
0.601638
0.624714
0.484068
0.485312
0.428773
0.42937
0.381487
0.379477
0.358479
0.357044
0.353215
0.352215
0.349823
0.349049
0.345443
0.344877
0.339877
0.339497
0.334627
0.334393
0.330468
0.330336
0.32813
0.328067
0.327328
0.327343
0.327498
0.327575
0.328085
0.328211
0.328573
0.328722
0.32878
0.328921
0.328464
0.328612
0.327783
0.327912
0.326557
0.326684
0.534221
0.53953
0.456644
0.457781
0.40632
0.40547
0.36885
0.366909
0.357787
0.356668
0.354264
0.353382
0.350704
0.350036
0.346093
0.345622
0.340936
0.340634
0.336342
0.33617
0.333238
0.333136
0.331986
0.331967
0.332178
0.332228
0.333184
0.333286
0.334454
0.334584
0.335615
0.335758
0.336542
0.336691
0.337144
0.337286
0.337456
0.337583
0.603071
0.626156
0.485984
0.487237
0.43104
0.431639
0.384104
0.382082
0.361214
0.35979
0.355867
0.354876
0.352608
0.351831
0.348527
0.347958
0.343526
0.343142
0.338519
0.338285
0.334555
0.334426
0.33241
0.332349
0.331944
0.331961
0.332641
0.332718
0.333816
0.333936
0.335062
0.335201
0.336135
0.336281
0.33691
0.337055
0.337338
0.337478
0.337459
0.337582
0.337405
0.337524
0.337143
0.337246
0.337348
0.337455
0.336952
0.337047
0.555198
0.832987
1.12982
0.917881
0.637505
0.0262722
0.0698875
0.16295
0.322912
0.749557
1.35455
1.28749
0.715828
0.249656
0.130057
-0.0548688
-0.0640829
-0.0942874
-0.102766
-0.114242
-0.115892
-0.120665
-0.0346714
0.199842
1.80547
1.49099
0.375534
0.0645257
-0.0551979
-0.127027
-0.139945
-0.188891
-0.217022
-0.271672
-0.363806
-0.485365
-0.599595
-1.4815
-1.24624
-0.425276
-0.283579
-0.192384
-0.210314
-0.271637
-0.331855
-0.42074
-0.564228
-0.764767
-0.950533
-1.8302
-1.60359
-0.786839
-0.516504
-0.254126
-0.285788
-0.0516315
-0.0862003
0.9725
-0.692361
2.04206
0.602897
0.0068864
-0.120783
-0.154201
-1.63771
-0.7063
-0.942495
-1.49532
-0.186953
-0.215776
-1.24828
-1.13866
-1.16832
-0.244627
0.508108
0.362055
0.172349
1.11223
1.16969
0.729719
1.4486
1.72222
1.56053
0.854881
0.959373
1.46616
0.532742
0.402546
0.605116
-0.0584044
-0.0963931
-0.091567
-0.0708206
-0.115188
-0.103941
0.0607789
-0.409429
-0.300383
0.189924
-0.22182
-0.444075
-0.00660443
-0.160689
-0.15088
-0.133105
-0.167956
-0.160782
-0.152334
-0.182658
-0.174113
-0.929291
-1.16572
-0.860251
-0.333838
-0.521863
-0.669951
-0.201312
-0.234984
-0.223123
-0.219938
-0.268197
-0.251083
-1.12902
-1.0038
-0.973068
-0.954843
-0.857366
-1.06486
-0.655628
-0.720297
-0.816092
-0.267326
-0.309503
-1.57375
-2.05956
-1.97219
-2.04361
1.70993
1.74667
-1.07278
-1.059
1.43101
1.45536
-1.09514
-1.09834
-1.30915
-1.85022
-1.74457
-1.80915
-1.00088
-1.4609
0.596206
0.600728
-1.97068
-2.19968
2.20623
2.29693
-0.0507102
-0.0506416
-0.118991
-0.118974
-0.185158
-0.185059
-0.242724
-0.242695
-0.0845477
-0.0845012
-0.152009
-0.152154
-0.213907
-0.214168
-1.21323
-1.20602
-1.10916
-1.10391
-0.454594
-0.710052
-1.76484
-1.99638
-1.15086
-1.15451
)
;

boundaryField
{
    inlet
    {
        type            zeroGradient;
    }
    outlet
    {
        type            fixedValue;
        value           nonuniform List<scalar> 0();
    }
    wall
    {
        type            zeroGradient;
    }
    empty_zmin
    {
        type            empty;
    }
    empty_zmax
    {
        type            empty;
    }
    procBoundary0to1
    {
        type            processor;
        value           nonuniform List<scalar> 
39
(
-0.488922
-0.384759
-0.305769
-0.245158
-0.203611
-0.17395
-0.150283
-0.133244
-0.118351
-0.109112
-0.112777
-0.108649
-0.108663
-0.358418
-0.424058
-0.519693
-0.67978
-0.851559
-0.639115
-0.282114
-0.313351
-0.358418
-0.952689
-0.995912
-1.07033
-1.0198
-0.863699
-0.793479
-0.793479
-1.12782
-1.0773
-0.27175
-1.12419
-0.969308
-0.829851
-0.295337
-0.338468
-0.269528
-0.269592
)
;
    }
}


// ************************************************************************* //
