/*--------------------------------*- C++ -*----------------------------------*\
| =========                 |                                                 |
| \\      /  F ield         | OpenFOAM: The Open Source CFD Toolbox           |
|  \\    /   O peration     | Version:  2406                                  |
|   \\  /    A nd           | Website:  www.openfoam.com                      |
|    \\/     M anipulation  |                                                 |
\*---------------------------------------------------------------------------*/
FoamFile
{
    version     2.0;
    format      ascii;
    arch        "LSB;label=32;scalar=64";
    class       volScalarField;
    location    "2.88";
    object      p;
}
// * * * * * * * * * * * * * * * * * * * * * * * * * * * * * * * * * * * * * //

dimensions      [0 2 -2 0 0 0 0];

internalField   nonuniform List<scalar> 
2367
(
-0.191052
-1.61646
-1.18869
-0.715405
-0.350649
-0.965291
-0.985336
-1.00866
-0.979623
-0.977594
0.33815
0.175536
0.266955
0.468421
0.574801
0.744577
0.744379
0.11044
-0.790143
-2.02941
-3.12096
-3.8382
-4.00718
-3.71976
-3.32462
-2.7699
-2.20609
-1.75963
-1.45982
-1.2456
-1.09298
-0.972035
-0.915577
-0.917856
-0.868104
0.567858
0.625773
0.894721
0.920616
1.27169
1.08913
0.514733
-0.314004
-1.5611
-2.56378
-3.23195
-3.40056
-3.18677
-2.80447
-2.21847
-1.73595
-1.40005
-1.11353
-0.953785
-0.848137
-0.761983
-0.721584
-0.749062
-0.711568
0.888765
0.940003
1.18961
1.25906
1.63072
1.30928
0.880274
0.0301475
-0.971633
-1.78203
-2.37853
-2.55589
-2.41105
-1.99932
-1.54582
-1.29328
-0.989304
-0.765915
-0.664871
-0.576052
-0.545155
-0.533568
-0.577093
-0.585164
-0.0727478
0.134113
0.350357
-0.783452
0.552599
0.726396
-0.645936
0.884409
1.03294
-0.523323
1.17208
1.19743
1.33333
1.47857
1.66127
1.34088
1.0008
0.271135
-0.564926
-1.17387
-1.63558
-1.76204
-1.56268
-1.22184
-1.04884
-0.880306
-0.600957
-0.50112
-0.437142
-0.343959
-0.334526
-0.352512
-0.414124
-0.452418
1.42214
1.39153
1.43445
1.47426
1.51012
1.26838
0.923359
0.311045
-0.35447
-0.798365
-1.09269
-1.13348
-0.96342
-0.764937
-0.710123
-0.539764
-0.330463
-0.281834
-0.218529
-0.144322
-0.159135
-0.172748
-0.251389
-0.300597
1.64894
1.52164
1.4121
1.31508
1.22566
1.02886
0.706454
0.189796
-0.33773
-0.63453
-0.802694
-0.813173
-0.662724
-0.532049
-0.435685
-0.270483
-0.160127
-0.0745103
-0.0144464
0.014992
-0.000937139
-0.0122126
-0.0865543
-0.133546
1.70367
1.50719
1.29699
1.0476
0.870982
0.673738
0.38546
-0.100078
-0.525201
-0.683414
-0.759334
-0.701267
-0.542977
-0.398955
-0.23844
-0.0916941
0.0156902
0.0939744
0.130692
0.146295
0.146135
0.128339
0.0689613
0.0366335
1.41301
1.40049
1.0936
0.688624
0.506406
0.225232
-0.141252
-0.582717
-0.822106
-0.876299
-0.891636
-0.744276
-0.503043
-0.306346
-0.122489
0.0335896
0.135601
0.184293
0.234982
0.266398
0.271722
0.255846
0.205005
0.188553
1.42145
1.18013
0.801412
0.330472
-0.0303374
-0.404708
-0.855303
-1.19978
-1.31239
-1.2949
-1.17849
-0.918131
-0.593387
-0.279491
-0.0306629
0.0698103
0.1649
0.254269
0.333713
0.359547
0.3646
0.359947
0.32084
0.312067
1.11893
0.988112
0.424855
-0.122142
-0.695094
-1.12886
-1.60476
-1.80312
-1.88217
-1.88312
-1.65632
-1.23999
-0.785175
-0.352506
-0.0723218
0.0878896
0.224059
0.330058
0.41015
0.433189
0.445754
0.442253
0.417764
0.415115
0.813597
0.638103
0.0586197
-0.534177
-1.16671
-1.71433
-2.13351
-2.35294
-2.36126
-2.25361
-1.99034
-1.54372
-1.00931
-0.507542
-0.147423
0.138844
0.297931
0.409385
0.467727
0.498748
0.517871
0.518224
0.502581
0.503683
0.393183
0.334259
-0.475713
-0.853169
-1.34998
-1.86479
-2.30052
-2.54276
-2.64499
-2.56551
-2.18715
-1.71951
-1.19665
-0.640062
-0.185526
0.156623
0.354291
0.46113
0.521652
0.558571
0.578853
0.581904
0.574084
0.581763
-0.213783
-0.363627
-1.13281
-1.21043
-1.4465
-1.79518
-2.17604
-2.50571
-2.75972
-2.70445
-2.37886
-1.87636
-1.28798
-0.684908
-0.181624
0.171385
0.384723
0.498806
0.567465
0.60844
0.63774
0.652026
0.643568
0.652593
-1.06098
-1.42153
-1.94614
-1.4256
-1.45365
-1.67824
-1.97629
-2.27304
-2.46541
-2.47653
-2.27948
-1.84686
-1.27479
-0.660474
-0.163197
0.179536
0.43129
0.537682
0.614468
0.6674
0.701263
0.719221
0.711001
0.722691
-1.72136
-2.42081
-2.27692
-1.55028
-1.19924
-1.2707
-1.59393
-1.83656
-1.98958
-2.04809
-1.87572
-1.50679
-1.03698
-0.501456
-0.042318
0.259573
0.465941
0.592294
0.689732
0.746696
0.778161
0.795973
0.787078
0.800744
-1.68655
-2.25777
-1.67446
-1.06128
-0.597188
-0.525479
-0.872655
-1.21071
-1.38668
-1.44397
-1.35383
-1.1058
-0.747311
-0.308774
0.0801975
0.37059
0.561624
0.67593
0.752838
0.825076
0.859338
0.874997
0.874258
0.885463
-0.983388
-1.21728
-0.680281
-0.201906
0.00462001
0.063081
-0.137264
-0.527586
-0.768106
-0.888812
-0.8748
-0.719302
-0.462461
-0.135437
0.16046
0.415336
0.615551
0.740994
0.814895
0.897053
0.93943
0.96763
0.97345
0.981899
-0.309731
-0.325575
0.0484578
0.314949
0.407139
0.356457
0.287619
0.00898673
-0.277159
-0.441118
-0.496201
-0.440346
-0.26911
-0.041159
0.193624
0.436395
0.633969
0.756737
0.868205
0.955934
1.02403
1.08682
1.09242
1.10018
0.137121
0.179478
0.399216
0.547725
0.608157
0.534977
0.443268
0.296903
0.0216228
-0.171853
-0.259904
-0.264521
-0.17887
-0.0237978
0.180693
0.409374
0.601473
0.740047
0.89416
1.02143
1.1146
1.20108
1.21255
1.21742
0.3775
0.423409
0.54609
0.644113
0.680037
0.643827
0.521593
0.381585
0.162703
-0.0253123
-0.156459
-0.204339
-0.184775
-0.0735498
0.106784
0.321302
0.521332
0.705056
0.9115
1.07553
1.17774
1.27398
1.30455
1.32962
0.48927
0.5229
0.601975
0.66482
0.686137
0.659097
0.551817
0.390869
0.190307
-0.0177768
-0.166228
-0.26092
-0.279007
-0.195942
-0.0284019
0.151676
0.379955
0.649595
0.871289
1.10779
1.23932
1.3076
1.35804
1.43125
0.528334
0.54941
0.594359
0.636509
0.638832
0.59912
0.493552
0.326346
0.123535
-0.0857634
-0.265377
-0.412341
-0.46052
-0.417379
-0.284059
-0.0595184
0.1742
0.433707
0.782835
1.09328
1.25614
1.35299
1.37459
1.43829
0.515657
0.527802
0.547744
0.56712
0.545107
0.488271
0.37692
0.202937
-0.0134919
-0.244076
-0.479327
-0.642591
-0.733088
-0.73366
-0.653958
-0.398979
-0.119251
0.148035
0.595392
0.946803
1.13546
1.23074
1.31955
1.31846
0.469884
0.482159
0.483007
0.479131
0.434028
0.359615
0.232426
0.0340584
-0.205976
-0.476928
-0.751207
-0.970214
-1.12966
-1.11105
-1.03372
-0.86625
-0.520095
-0.139303
0.321226
0.667272
0.929561
0.426393
0.43456
0.410895
0.382482
0.323074
0.228522
0.0831455
-0.145431
-0.421101
-0.741692
-1.06481
-1.37924
-1.57821
-1.53917
-1.38322
-1.28566
-1.00733
-0.480831
-0.000533294
0.372496
0.689008
0.391294
0.387067
0.347147
0.297643
0.222259
0.107079
-0.0604673
-0.307993
-0.631983
-0.993485
-1.37183
-1.72963
-1.94163
-2.0387
-1.88493
-1.60814
-1.33092
-0.833906
-0.340738
0.0576786
0.359735
0.347822
0.295088
0.236371
0.142019
0.0143435
-0.178352
-0.445046
-0.789543
-1.18445
-1.59409
-1.96825
-2.20293
-2.24097
-2.17908
-1.95323
1.17
1.30229
-0.375891
1.42983
1.54409
-0.220968
1.67361
1.79832
-0.0459217
1.80123
1.66423
0.115155
1.51353
1.41293
0.254046
1.30275
1.17868
0.365324
1.08215
0.970892
0.46103
0.807165
0.600614
0.543451
0.369925
0.103109
0.61799
-0.21434
-0.576735
0.68727
-0.977453
-1.32245
0.760134
-1.55334
-1.60975
0.842438
-1.49832
-1.23298
0.931043
-0.912124
-0.58794
1.03936
-0.299744
-0.059676
1.16009
0.12772
0.266865
1.27413
0.366446
0.43533
1.38862
0.481182
0.509495
1.43747
0.523381
0.524071
1.39951
0.516625
0.500515
1.23473
0.474762
0.446898
0.424824
0.406842
0.39084
0.375717
0.361697
0.348217
0.0208311
-0.0177934
0.123727
0.0783351
0.213252
0.408876
0.372904
0.324945
0.498829
0.459475
-0.894595
-0.812999
-0.835205
0.589752
0.753959
0.735434
0.671477
0.826636
0.789325
-0.735802
-0.663627
-0.66147
0.908883
1.04786
1.03403
0.973813
1.09835
1.07693
-0.593687
-0.526842
-0.495245
1.17363
1.29088
1.29808
1.20763
1.30959
1.30626
-0.45055
-0.373479
-0.335081
1.39434
1.48854
1.54567
1.39961
1.45483
1.46256
-0.29293
-0.211376
-0.167726
1.5663
1.61902
1.71438
1.4797
1.45596
1.54228
-0.121466
-0.0359815
-0.005956
1.60179
1.51735
1.56503
1.41721
1.36843
1.46217
0.0460119
0.122123
0.138771
1.43944
1.40318
1.42298
1.25877
1.16215
1.29567
0.194706
0.258466
0.265628
1.30151
1.11322
1.26537
1.08104
1.00673
1.09362
0.317422
0.369457
0.37282
1.0549
1.03845
0.981159
0.847665
0.634446
0.807415
0.41789
0.460884
0.462416
0.841096
0.58417
0.614316
0.438102
0.323274
0.527444
0.50106
0.537918
0.537169
0.359777
0.088445
0.119839
0.0621715
-0.249616
0.0105916
0.577272
0.614434
0.607623
-0.256435
-0.696064
-0.614202
-0.541617
-0.971336
-0.838667
0.646248
0.681283
0.676252
-1.22246
-1.72141
-1.46132
-1.59569
-2.20263
-2.01126
0.718319
0.755252
0.746893
-2.04868
-2.08865
-1.78705
-2.61254
-2.72415
-2.58535
0.796393
0.837873
0.830737
-1.96325
-1.59961
-1.34373
-2.32352
-1.7746
-1.7776
0.881802
0.926928
0.922438
-1.12169
-0.684982
-0.623778
-1.17635
-0.677367
-0.718304
0.977937
1.03392
1.02982
-0.327199
-0.0496754
-0.0558771
-0.272658
0.0115912
-0.0318655
1.09426
1.15337
1.15525
0.154011
0.297971
0.278129
0.220921
0.365396
0.327707
1.2095
1.26938
1.25346
0.395792
0.461279
0.445285
0.456321
0.514028
0.485856
1.32534
1.37075
1.33221
0.502252
0.526091
0.515575
0.547152
0.563652
0.543375
1.39643
1.39314
1.37503
0.534336
0.529071
0.528748
0.565346
0.558042
0.543861
1.37758
1.3491
1.36223
0.517613
0.50361
0.495935
0.538693
0.513081
0.508055
1.29979
1.2567
1.28856
0.477736
0.4557
0.445636
0.486366
0.464481
0.459741
0.434166
0.411785
0.408098
0.436847
0.409637
0.410575
0.391226
0.372372
0.375086
0.381112
0.355897
0.366798
0.354931
0.340335
0.345671
0.333609
0.317168
0.331688
-0.88068
-0.879097
-0.720667
-0.719367
-0.589426
-0.588397
-0.795624
-0.794
-0.652908
-0.651812
-0.525001
-0.523914
-0.453698
-0.452777
-0.299894
-0.299451
-0.131643
-0.131232
0.0381614
0.0383713
0.189533
0.189706
0.313685
0.31384
0.4167
0.416903
0.504676
0.504898
0.582998
0.583211
0.653999
0.654189
0.723221
0.723545
0.8016
0.801942
0.886664
0.887021
0.983189
0.983726
1.10176
1.10215
1.22091
1.22087
1.33147
1.33137
1.4161
1.41706
1.41209
1.41715
1.32235
1.32112
-0.377432
-0.376854
-0.218089
-0.217655
-0.0445824
-0.0443321
0.116459
0.116685
0.25525
0.255343
0.367054
0.367255
0.462276
0.462467
0.544455
0.544706
0.619347
0.619528
0.688072
0.688293
0.760955
0.761307
0.843584
0.843912
0.932303
0.932759
1.04083
1.04132
1.16242
1.16267
1.27709
1.27705
1.38181
1.38248
1.41954
1.42228
1.39143
1.39091
1.24836
1.24659
0.127705
0.129862
0.546457
0.547393
0.884348
0.885394
-0.0815134
0.344224
0.345743
0.72357
0.724756
1.03319
1.03395
1.17012
1.17115
1.42924
1.43051
1.67166
1.67441
1.73913
1.74422
1.51628
1.51737
1.32953
1.32209
1.08224
1.08211
0.800081
0.797874
0.364725
0.362304
-0.21695
-0.219253
-0.964397
-0.962801
-1.5189
-1.51254
-1.46458
-1.45731
-0.894136
-0.890984
-0.299775
-0.299902
0.124152
0.12355
0.363593
0.362956
0.479329
0.47886
0.52092
0.520542
0.513535
0.513613
0.472734
0.472644
0.425714
0.425678
0.392201
0.391965
0.36238
0.362263
1.30182
1.30305
1.54849
1.55027
1.76709
1.76916
1.6396
1.64449
1.42633
1.42301
1.19811
1.19546
0.962388
0.9611
0.596845
0.594809
0.0961463
0.0933779
-0.576653
-0.577107
-1.29532
-1.29068
-1.5782
-1.57232
-1.21097
-1.20611
-0.581309
-0.580857
-0.0627898
-0.0631739
0.263262
0.262598
0.433048
0.432481
0.507631
0.507207
0.521861
0.521628
0.496286
0.496447
0.44702
0.447069
0.408137
0.40797
0.376836
0.376652
0.348996
0.34895
0.56742
0.820171
0.785245
0.60165
1.11661
1.2414
1.17279
0.933901
0.982549
1.02838
1.11958
0.913925
0.785493
0.613056
0.654007
1.23552
1.18037
1.13175
1.05458
0.919028
0.908287
0.776183
0.773713
0.59069
0.587315
1.18706
1.18416
1.025
1.02403
1.11937
1.11732
0.910268
0.909168
-0.0464148
0.330904
0.342018
-0.998897
-0.761534
-0.617026
-0.742925
-0.429004
-0.294286
-2.41958
-2.53842
-2.29443
-1.84353
-1.44586
-1.13606
-1.04138
-0.92602
-1.28474
-1.0473
-0.83494
-2.33379
-2.31288
-2.1307
-1.78061
-1.49333
-1.21681
-1.08091
-1.09431
-1.42157
-1.38088
-1.06833
0.0298325
-0.593012
-0.996986
-1.07283
-2.51141
-2.39294
-2.02264
-1.78682
-1.46153
0.326923
-0.00525014
-0.038162
-0.351519
-0.659908
-0.764879
-0.907402
-1.06168
-1.24765
-1.09187
-1.05586
-1.36254
0.334367
0.319048
0.265437
0.20358
0.0998238
-0.0381574
-0.24311
-0.520597
-0.875847
-1.28793
-1.68487
-2.05088
-2.3367
0.32226
0.306039
0.245888
0.180758
0.103591
-0.015383
-0.240415
-0.517784
-0.886362
-1.30286
-1.75705
-2.12069
0.327482
0.309933
0.258389
0.193904
0.111589
-0.0125165
-0.217562
-0.482716
0.351686
0.332518
0.299726
0.240688
0.337503
0.329941
0.32454
0.323141
0.326491
0.335058
0.349199
0.368878
-2.28706
-0.842019
-1.25412
-1.69809
-2.07252
-2.28516
0.155607
0.0306885
-0.150589
-0.379243
-0.709222
-1.09489
-1.50021
-1.83068
-2.05706
-2.10989
-1.99572
-1.78252
-1.62986
-1.34582
-0.901196
-0.840913
-0.923688
-1.03789
-1.20787
-0.968722
0.391646
0.375881
0.342561
0.294605
0.226151
0.115662
-0.0380841
-0.228433
-0.49822
-0.818698
-1.15889
-1.43504
-1.6217
-1.68016
-1.59171
-1.46964
-1.2088
-0.777924
-0.436872
-0.388138
-0.444476
-0.52817
-0.718618
-0.603668
0.446666
0.431394
0.403916
0.360992
0.305295
0.215888
0.0933494
-0.0553959
-0.270829
-0.521629
-0.784687
-1.00539
-1.14753
-1.18412
-1.16073
-0.965452
-0.614987
-0.246963
-0.0717729
0.0359421
0.0390134
-0.0829771
-0.219793
-0.207607
0.516659
0.502203
0.479324
0.438705
0.387441
0.301381
0.211742
0.0946002
-0.0691625
-0.258042
-0.449408
-0.613908
-0.720002
-0.732573
-0.663549
-0.4293
-0.146088
0.0936344
0.173259
0.302607
0.300561
0.1902
0.112606
0.0906649
0.59953
0.585968
0.567064
0.521339
0.4636
0.394163
0.323345
0.213544
0.0914786
-0.0505595
-0.181711
-0.301584
-0.349116
-0.320871
-0.223298
-0.0740136
0.164436
0.290814
0.371016
0.455064
0.447936
0.360175
0.311001
0.2854
0.690919
0.677206
0.651325
0.607011
0.542656
0.483043
0.41751
0.323173
0.224744
0.107697
0.0185821
-0.0452728
-0.0586759
-0.0800168
0.0012379
0.168485
0.307327
0.389116
0.504802
0.535315
0.531557
0.465483
0.427305
0.403717
0.777358
0.767939
0.733278
0.687921
0.628347
0.567646
0.493914
0.411825
0.326108
0.233848
0.150157
0.0927962
0.061115
0.0682125
0.163046
0.273087
0.351643
0.451599
0.540728
0.570588
0.570115
0.519325
0.490126
0.470692
0.849286
0.845686
0.820505
0.761752
0.709664
0.641845
0.561794
0.482982
0.383011
0.302787
0.220784
0.158728
0.130801
0.154658
0.225245
0.289981
0.370984
0.45476
0.52818
0.563674
0.562647
0.541865
0.507459
0.498152
0.899423
0.899085
0.887019
0.829605
0.778353
0.705326
0.631873
0.544377
0.424659
0.332624
0.24579
0.180542
0.16449
0.185744
0.214248
0.280041
0.356235
0.422318
0.486675
0.522458
0.527692
0.516736
0.508269
0.501134
0.931653
0.935874
0.91624
0.87693
0.840698
0.768425
0.693846
0.598476
0.474537
0.358845
0.265878
0.197217
0.144693
0.144602
0.182065
0.242755
0.301057
0.370149
0.417587
0.456652
0.470446
0.469338
0.474764
0.470527
0.955542
0.954668
0.944169
0.922129
0.875782
0.833061
0.754001
0.636823
0.521337
0.372944
0.247283
0.153953
0.073462
0.0860132
0.10993
0.158524
0.224801
0.288831
0.332119
0.370791
0.392542
0.396855
0.413927
0.407898
0.957871
0.955882
0.970926
0.988537
0.938952
0.903885
0.801445
0.646577
0.513565
0.345583
0.195777
0.0602224
-0.00835674
-0.0099293
-0.0030423
0.0539653
0.12343
0.185297
0.234155
0.272494
0.301138
0.311484
0.336336
0.331789
0.958975
0.96647
0.961258
0.964415
1.03192
0.928068
0.811987
0.675058
0.487067
0.304727
0.129285
-0.0212136
-0.0732522
-0.148684
-0.153969
-0.0859449
-0.00716562
0.068623
0.130126
0.171023
0.202507
0.224559
0.255914
0.253572
0.951988
0.963399
0.978322
0.936967
0.982914
0.965427
0.853401
0.715288
0.480112
0.268677
0.0712687
-0.090961
-0.292742
-0.375266
-0.347459
-0.290022
-0.175248
-0.0735157
0.0101024
0.0683139
0.111352
0.142067
0.170533
0.175797
0.929467
0.950114
0.987837
1.00155
0.901969
1.01562
0.899568
0.63885
0.407528
0.178851
-0.0323626
-0.266166
-0.514815
-0.600985
-0.544258
-0.466225
-0.352588
-0.2167
-0.108705
-0.0289294
0.0246972
0.0587663
0.0947801
0.1034
0.880452
0.904603
0.939117
1.0038
0.941487
0.852515
0.793939
0.560241
0.314433
0.0902728
-0.145918
-0.414412
-0.584158
-0.643651
-0.698261
-0.659439
-0.523377
-0.357314
-0.216163
-0.113441
-0.0455502
0.00261931
0.0374117
0.0449382
0.799924
0.824264
0.836743
0.884478
0.872405
0.713346
0.597248
0.4096
0.202758
0.00555226
-0.255571
-0.476569
-0.619209
-0.763661
-0.895337
-0.844734
-0.64127
-0.437875
-0.282413
-0.164726
-0.0974048
-0.0441647
-0.00654322
0.00689515
0.68766
0.709862
0.691155
0.702675
0.643519
0.556255
0.365031
0.174256
0.0157945
-0.133662
-0.31866
-0.547146
-0.776477
-0.963729
-1.02067
-0.880882
-0.704385
-0.50247
-0.300529
-0.168138
-0.0766302
-0.0271121
-0.017907
-0.0151655
0.547503
0.562059
0.509431
0.467036
0.369196
0.182375
0.0499814
-0.00889918
-0.114791
-0.223604
-0.375383
-0.578183
-0.78086
-0.929664
-0.976174
-0.897021
-0.731623
-0.48848
-0.290041
-0.166768
-0.0764849
-0.0337835
-0.0231422
-0.00851279
0.383552
0.390619
0.322821
0.253759
0.14274
-0.112086
-0.372141
-0.312105
-0.185239
-0.225922
-0.351972
-0.521525
-0.662153
-0.744274
-0.777382
-0.723897
-0.590133
-0.430664
-0.247536
-0.107091
-0.0303467
-5.6289e-05
0.00734911
0.0180844
0.205839
0.209781
0.194342
0.160543
0.0742845
-0.101414
-0.404361
-0.37954
-0.208097
-0.159066
-0.196499
-0.30031
-0.384018
-0.484428
-0.511369
-0.502312
-0.423001
-0.335471
-0.179356
-0.0745173
-0.010669
0.0116459
0.0350296
0.036308
0.0364231
0.0399258
0.0348508
0.0292064
0.00541833
-0.0495873
-0.155205
-0.138013
-0.0663853
-0.057774
-0.0450549
-0.0668459
-0.0781679
-0.0981198
-0.100862
-0.108902
-0.0893882
-0.0657864
-0.0294571
-0.0102148
0.00836142
0.0224154
0.0252281
0.0319898
-0.807492
0.392354
0.419419
-0.399485
0.449789
0.482507
-0.0438368
0.518754
0.559126
0.199254
0.60278
0.64814
0.352366
0.693355
0.737046
0.442473
0.777853
0.814951
0.489159
0.847584
0.874779
0.503099
0.896811
0.914857
0.489639
0.929338
0.940353
0.442924
0.949473
0.954428
0.370473
0.955929
0.957229
0.292855
0.957489
0.955489
0.214387
0.950727
0.940868
0.138744
0.925106
0.904001
0.0718996
0.875518
0.838185
0.0239126
0.79272
0.73955
-0.00627153
0.679102
0.612646
-0.0151413
0.540461
0.462794
0.00524897
0.380284
0.293598
0.0256247
0.204638
0.115705
0.0396244
0.0373694
0.037999
0.0393177
0.0304426
0.0216789
-0.0168505
-0.0961545
-0.15377
-0.127354
-0.0645301
-0.0383525
-0.0454523
-0.0664051
-0.0851174
-0.109767
-0.0939016
-0.100394
-0.0679993
-0.0538764
-0.0149236
-0.00765279
0.0228041
0.0148125
0.0316332
0.328723
0.321132
0.326679
0.304075
0.295947
0.31069
0.317282
0.316576
0.32199
0.2917
0.290266
0.305311
0.32102
0.330416
0.337211
0.293028
0.302824
0.319787
0.343226
0.360826
0.369801
0.318035
0.330047
0.349571
-0.992315
-0.851054
-0.998261
0.382666
0.408728
0.417518
0.355969
0.38265
0.398671
-0.627036
-0.412872
-0.461387
0.439788
0.473281
0.479722
0.412853
0.449773
0.46522
-0.206717
-0.0381737
-0.0350218
0.510072
0.550596
0.555731
0.48814
0.531082
0.542372
0.0991819
0.2069
0.224147
0.594581
0.639967
0.64534
0.576803
0.620342
0.630047
0.292577
0.358184
0.377146
0.686905
0.732642
0.73527
0.665769
0.70551
0.722784
0.409679
0.44832
0.465048
0.776011
0.815015
0.815681
0.750801
0.791986
0.809024
0.476562
0.49549
0.506597
0.849004
0.878174
0.877427
0.833345
0.865549
0.874317
0.504145
0.510975
0.515502
0.902575
0.922403
0.91727
0.896892
0.918077
0.919566
0.504467
0.492693
0.49775
0.938549
0.946734
0.942291
0.935678
0.946169
0.948635
0.467178
0.438622
0.447925
0.952292
0.956753
0.958798
0.95055
0.955618
0.959596
0.403585
0.369525
0.377689
0.952772
0.952206
0.957903
0.950378
0.951433
0.962112
0.331228
0.294426
0.297317
0.96039
0.95952
0.956646
0.955325
0.966398
0.962196
0.254373
0.215801
0.213709
0.956454
0.949915
0.943234
0.97331
0.973395
0.962669
0.176455
0.139637
0.131058
0.936107
0.91686
0.908812
0.967616
0.951714
0.931987
0.103316
0.0711424
0.0651962
0.891639
0.855855
0.844667
0.927246
0.890499
0.870298
0.0431138
0.021187
0.0115766
0.810912
0.757544
0.747572
0.84064
0.78621
0.772844
0.00478903
-0.0094111
-0.0190896
0.695918
0.627624
0.620954
0.716654
0.645444
0.641806
-0.0166442
-0.0171588
-0.0241613
0.552304
0.472059
0.468024
0.561365
0.478135
0.479834
-0.0115207
-0.00200507
-0.0165641
0.387005
0.298676
0.295441
0.387151
0.292725
0.30051
0.0143578
0.0279781
0.0233858
0.208496
0.118778
0.115033
0.200395
0.118496
0.121812
0.183613
0.108934
0.111319
0.116953
0.0545785
0.0891703
0.012892
-0.0225142
0.0281869
-0.277975
-0.233288
-0.110586
-0.456958
-0.347526
-0.332455
-0.307644
-0.240101
-0.294353
-0.181218
-0.13213
-0.164085
-0.162748
-0.0931962
-0.100065
-0.243272
-0.129845
-0.115796
-0.341534
-0.20053
-0.170312
-0.421738
-0.241842
-0.221375
-0.502396
-0.295564
-0.286178
-0.518261
-0.299901
-0.291497
-0.476062
-0.298501
-0.314305
-0.367822
-0.21962
-0.262892
-0.249515
-0.156432
-0.205425
-0.118667
-0.0661162
-0.108794
-0.0455181
-0.0355129
-0.0472812
0.00510713
0.0192311
-0.0080999
0.0270271
0.0167058
0.0210466
0.038335
0.0418378
0.0310517
0.336526
0.333578
-0.282552
-0.282747
-0.812445
-0.81041
-1.04365
-1.04214
0.0331024
0.0314418
-0.57524
-0.574192
-0.972935
-0.970362
-1.0393
-1.03689
-0.952057
-0.948796
-0.599023
-0.597992
-0.208752
-0.20874
0.0871163
0.0863204
0.282538
0.282193
0.401691
0.401437
0.469569
0.469336
0.498024
0.497901
0.499231
0.498982
0.465684
0.466274
0.405612
0.405588
0.331724
0.331564
0.254404
0.25414
0.177017
0.176794
0.104599
0.104559
0.0458097
0.0459903
0.00760338
0.00785459
-0.014215
-0.0137394
-0.00743873
-0.00662939
0.0193268
0.0198577
0.0392332
0.0407148
0.0333127
0.0335556
-0.796761
-0.794574
-0.397988
-0.397473
-0.0453926
-0.045327
0.196361
0.195973
0.349862
0.349593
0.440955
0.440744
0.488421
0.488152
0.502295
0.502124
0.487283
0.487198
0.438604
0.438935
0.369668
0.369553
0.293418
0.293162
0.215411
0.215164
0.139848
0.139698
0.0728046
0.0728776
0.024531
0.0248067
-0.00585796
-0.00553951
-0.014407
-0.013787
0.0069715
0.00773822
0.0257231
0.026675
0.0414702
0.0423408
0.338288
0.338305
0.326237
0.326132
0.329094
0.328971
0.352986
0.352648
0.330935
0.330887
0.325428
0.325306
0.338604
0.338355
0.37179
0.371596
0.394495
0.394478
0.450871
0.451025
0.519819
0.52007
0.603513
0.603733
0.693761
0.693868
0.77762
0.777657
0.846725
0.846728
0.895952
0.895969
0.928819
0.928813
0.949053
0.949008
0.955632
0.955746
0.95666
0.956741
0.949505
0.949434
0.923737
0.923607
0.87373
0.873364
0.791379
0.790952
0.67811
0.677696
0.539771
0.539371
0.379857
0.379611
0.204527
0.204482
0.0386137
0.0385095
0.420951
0.421067
0.483556
0.483762
0.560026
0.56028
0.648732
0.648891
0.737176
0.737236
0.814361
0.814395
0.873797
0.873799
0.914184
0.91419
0.940128
0.940141
0.953996
0.953984
0.95664
0.956782
0.954508
0.95454
0.939613
0.939522
0.90228
0.902046
0.836505
0.836136
0.738449
0.737993
0.611823
0.611407
0.462255
0.461908
0.293647
0.293471
0.117874
0.117673
)
;

boundaryField
{
    inlet
    {
        type            zeroGradient;
    }
    outlet
    {
        type            fixedValue;
        value           uniform 0;
    }
    wall
    {
        type            zeroGradient;
    }
    empty_zmin
    {
        type            empty;
    }
    empty_zmax
    {
        type            empty;
    }
    procBoundary1to0
    {
        type            processor;
        value           nonuniform List<scalar> 
35
(
-1.7083
-1.46116
-1.28238
-1.16793
-1.09865
-1.09865
-1.1015
-1.07507
-1.08302
-0.345628
-1.10304
-2.22087
-3.21738
-3.8251
-4.05612
-3.89363
-3.58198
-3.08622
-2.56951
-2.0843
-1.09055
-1.08783
-0.207434
-0.10781
0.0640891
0.0640891
0.16322
0.212945
0.380049
-0.264849
-0.164341
-0.0789246
-0.276331
-0.0789246
-0.0789246
)
;
    }
}


// ************************************************************************* //
