/*--------------------------------*- C++ -*----------------------------------*\
| =========                 |                                                 |
| \\      /  F ield         | OpenFOAM: The Open Source CFD Toolbox           |
|  \\    /   O peration     | Version:  2406                                  |
|   \\  /    A nd           | Website:  www.openfoam.com                      |
|    \\/     M anipulation  |                                                 |
\*---------------------------------------------------------------------------*/
FoamFile
{
    version     2.0;
    format      ascii;
    arch        "LSB;label=32;scalar=64";
    class       volScalarField;
    location    "3.57";
    object      Co;
}
// * * * * * * * * * * * * * * * * * * * * * * * * * * * * * * * * * * * * * //

dimensions      [0 0 0 0 0 0 0];

internalField   nonuniform List<scalar> 
2367
(
0.0863583
0.0850448
0.083855
0.0847157
0.0819853
0.0778295
0.142633
0.136591
0.142451
0.141334
0.152029
0.157245
0.108095
0.05698
0.113984
0.0600107
0.0332089
0.0398769
0.0500599
0.061101
0.071159
0.0578016
0.0532682
0.0442986
0.0346205
0.0300279
0.112369
0.108744
0.0581443
0.119289
0.119271
0.0618762
0.0608555
0.0600525
0.125087
0.123523
0.0693949
0.069712
0.0702398
0.0666979
0.060015
0.0987521
0.0768528
0.0504322
0.0488206
0.0677187
0.0977466
0.12786
0.158149
0.0843157
0.132989
0.133997
0.0740235
0.0748623
0.075676
0.0737406
0.134852
0.110115
0.0766689
0.0415163
0.0263712
0.0521537
0.097653
0.140963
0.174574
0.0942125
0.0939157
0.0930431
0.0883195
0.0842649
0.0805951
0.0790063
0.149796
0.143743
0.142665
0.146439
0.081993
0.0834978
0.0855834
0.171307
0.157025
0.144401
0.203057
0.221317
0.104777
0.101416
0.0987896
0.0955404
0.0898432
0.0847209
0.157058
0.150824
0.150227
0.154435
0.0853358
0.0918191
0.187664
0.200121
0.190984
0.254772
0.234342
0.108178
0.0995304
0.0938748
0.0896344
0.0863857
0.166046
0.158006
0.158897
0.166908
0.0933856
0.191836
0.202827
0.223992
0.25585
0.229541
0.1086
0.101629
0.0962169
0.0906837
0.171807
0.164055
0.166268
0.17587
0.095313
0.192906
0.212634
0.261654
0.237648
0.105947
0.0991778
0.095093
0.0916666
0.177116
0.168919
0.171242
0.180529
0.097213
0.193954
0.201021
0.232157
0.22869
0.107235
0.102822
0.0980317
0.0928767
0.179683
0.172563
0.173458
0.181127
0.0972715
0.195744
0.209325
0.232441
0.225514
0.103488
0.098252
0.0949365
0.0923274
0.181062
0.174869
0.175144
0.178346
0.0955594
0.196042
0.215611
0.231447
0.230224
0.101872
0.0969246
0.0940016
0.0923504
0.183158
0.177316
0.177363
0.17755
0.0918045
0.187721
0.191507
0.200901
0.216726
0.101066
0.097905
0.095568
0.093668
0.184606
0.176963
0.177891
0.178494
0.0900775
0.0938762
0.192326
0.0895654
0.207334
0.227263
0.103841
0.0999502
0.0970548
0.0944854
0.184203
0.173942
0.177346
0.178113
0.0913796
0.0924717
0.181129
0.0565485
0.0432021
0.0530055
0.210887
0.109125
0.104862
0.101186
0.095894
0.0937948
0.184283
0.169769
0.176052
0.176711
0.0879139
0.0875658
0.076551
0.0541046
0.0250786
0.0317268
0.00558769
0.00703486
0.069476
0.106776
0.106828
0.10269
0.0994423
0.0954629
0.0931898
0.182119
0.162682
0.174009
0.174576
0.087173
0.0860646
0.0757512
0.016768
0.011594
0.0136346
0.0203422
0.033735
0.0427136
0.0475988
0.0378223
0.0304772
0.0196473
0.0756163
0.105501
0.104899
0.100264
0.0979055
0.0946309
0.0919417
0.179358
0.153691
0.173101
0.173813
0.0863702
0.086781
0.0764712
0.0167618
0.00414352
0.00648617
0.0173023
0.0285555
0.0183705
0.0342768
0.0416935
0.0251655
0.0379663
0.0871013
0.104335
0.104735
0.100516
0.096369
0.0930081
0.0903125
0.176388
0.142824
0.0163158
0.00377097
0.00646156
0.0127874
0.0166105
0.0160328
0.0113522
0.0217314
0.0306373
0.0540812
0.0943955
0.102868
0.0988164
0.0934381
0.0915597
0.089765
0.0876687
0.171726
0.130406
0.0173644
0.0081333
0.0107713
0.0149682
0.0134003
0.0084309
0.00212329
0.0189897
0.0440895
0.077094
0.101704
0.102794
0.0971162
0.0916385
0.0887574
0.0865779
0.0846463
0.165499
0.117861
0.1059
0.108907
0.112059
0.115802
0.118677
0.122314
0.126226
0.131224
0.0991533
0.107215
0.117452
0.0565804
0.0985821
0.0239727
0.0474148
0.0778869
0.116255
0.143032
0.147945
0.164736
0.155446
0.148656
0.135389
0.13983
0.161821
0.177477
0.172534
0.191238
0.201329
0.221018
0.219222
0.154964
0.144029
0.148035
0.207513
0.216366
0.214943
0.239153
0.243776
0.259438
0.260955
0.16099
0.152159
0.155602
0.243642
0.265491
0.288567
0.166608
0.159585
0.162195
0.221927
0.212679
0.208218
0.247877
0.238505
0.242563
0.171021
0.165247
0.167289
0.198013
0.19991
0.199889
0.228722
0.228934
0.229439
0.173816
0.169023
0.170348
0.207348
0.210315
0.216902
0.231697
0.241881
0.238313
0.176016
0.171921
0.172754
0.20857
0.194378
0.211833
0.240212
0.234117
0.225766
0.177588
0.172618
0.172102
0.104946
0.118641
0.175688
0.171171
0.169631
0.0639888
0.0675156
0.110858
0.105922
0.0769252
0.171719
0.168099
0.166183
0.0308983
0.030648
0.041069
0.0228379
0.0133911
0.166134
0.164153
0.161664
0.0356922
0.0290187
0.0257218
0.033103
0.0301186
0.0435244
0.0480003
0.02633
0.0336604
0.00581666
0.0155557
0.0169709
0.158127
0.15906
0.156404
0.148083
0.153615
0.151207
0.136322
0.123845
0.111597
0.11096
0.120387
0.117247
0.10907
0.125322
0.123242
0.119653
0.129457
0.124673
0.120527
0.132588
0.132944
0.125041
0.133512
0.129604
0.125378
0.143577
0.138691
0.0924071
0.0961992
0.104511
0.0657948
0.0600369
0.0787721
0.044525
0.0334526
0.0442146
0.0639431
0.0532856
0.0360611
0.086006
0.0828154
0.0567547
0.107906
0.113619
0.0990189
0.1276
0.140151
0.137709
0.158018
0.157391
0.161006
0.134247
0.143724
0.139022
0.135881
0.152417
0.149642
0.139888
0.134666
0.131759
0.181122
0.179678
0.174519
0.148605
0.15753
0.161623
0.145378
0.151931
0.14721
0.14871
0.161806
0.157213
0.178534
0.180104
0.171326
0.211992
0.212066
0.225784
0.155733
0.163175
0.168822
0.152776
0.159423
0.154782
0.158615
0.169189
0.164919
0.196946
0.205551
0.199337
0.224426
0.236564
0.24687
0.163599
0.168059
0.171981
0.163142
0.166414
0.162155
0.172442
0.176384
0.171086
0.196703
0.202416
0.194416
0.216003
0.229525
0.213516
0.240059
0.251139
0.270643
0.22602
0.226984
0.237216
0.169478
0.173063
0.176887
0.17103
0.172038
0.168328
0.182411
0.177362
0.174804
0.20341
0.203116
0.197169
0.224237
0.224584
0.233544
0.174537
0.177226
0.180377
0.175567
0.175044
0.172367
0.187984
0.179892
0.177508
0.201063
0.200171
0.198118
0.223669
0.221357
0.225037
0.177478
0.179049
0.181163
0.176416
0.17597
0.173989
0.18847
0.180332
0.178509
0.204381
0.210115
0.202324
0.21653
0.220041
0.231274
0.179393
0.180662
0.181963
0.175752
0.177354
0.176857
0.183643
0.182827
0.178947
0.207689
0.207391
0.197818
0.216923
0.213412
0.225629
0.182789
0.18399
0.184936
0.177394
0.178546
0.177675
0.179309
0.18335
0.180271
0.19454
0.193867
0.186024
0.159306
0.145364
0.194194
0.21753
0.228027
0.183449
0.209507
0.211902
0.22389
0.18424
0.184955
0.187881
0.178587
0.178447
0.177457
0.177801
0.181965
0.179873
0.148656
0.137617
0.185094
0.231771
0.227743
0.20628
0.21682
0.215111
0.226861
0.183547
0.184403
0.188305
0.178148
0.177998
0.176684
0.177736
0.179989
0.17867
0.137556
0.139796
0.179398
0.0415077
0.0283328
0.0524324
0.117836
0.138205
0.0554544
0.226774
0.224015
0.214289
0.183011
0.182585
0.186508
0.177144
0.175557
0.174849
0.176245
0.173916
0.17443
0.0219761
0.0211203
0.0566505
0.0290674
0.0225084
0.0187683
0.0265662
0.0307092
0.0125832
0.15395
0.174626
0.0889099
0.180195
0.179679
0.184723
0.174771
0.175612
0.174142
0.174534
0.174622
0.175095
0.011883
0.00631657
0.00858214
0.016604
0.0121989
0.00755659
0.0241137
0.0217074
0.0150172
0.039019
0.0378715
0.0270114
0.0443451
0.0461911
0.0384406
0.0438832
0.0391111
0.0425832
0.0366663
0.0453485
0.042105
0.0234607
0.0379243
0.0429214
0.0460609
0.0615726
0.0324835
0.176735
0.175546
0.181647
0.174613
0.175083
0.172977
0.172769
0.173551
0.174444
0.0274973
0.0313959
0.0202551
0.0393182
0.0392166
0.0300874
0.0329101
0.0322771
0.0324294
0.0481388
0.0483292
0.0433177
0.172375
0.170302
0.177813
0.165964
0.163124
0.172115
0.158143
0.155106
0.165564
0.22269
0.169338
0.11032
0.0985907
0.107724
0.086128
0.0217498
0.0120683
0.0824466
0.0643513
0.0313265
0.0204882
0.0537113
0.0327612
0.0360737
0.0162592
0.0606985
0.0446852
0.0601764
0.045351
0.0633606
0.044236
0.120554
0.0929707
0.0140939
0.00960021
0.27139
0.198859
0.249289
0.162476
0.247076
0.126283
0.179451
0.0374682
0.147822
0.0667965
0.115732
0.0620163
0.123389
0.0666948
0.129188
0.0700951
0.133066
0.071545
0.134989
0.0716451
0.137132
0.0704411
0.136886
0.0657734
0.135205
0.0587073
0.125421
0.0469218
0.110412
0.0355298
0.0937802
0.0254111
0.0703292
0.0145903
0.0470593
0.00487484
0.0267305
0.0104425
0.00954898
0.0160468
0.0138758
0.0199508
0.23189
0.157671
0.212457
0.123339
0.190023
0.0539194
0.110186
0.0692857
0.12884
0.0942935
0.115747
0.0819604
0.0174945
0.00860358
0.133849
0.0970116
0.0589611
0.0418457
0.0736592
0.0518506
0.0319904
0.0151573
0.0376443
0.0277536
0.0614415
0.0351128
0.0960417
0.0692694
0.0768291
0.0609107
0.229236
0.14006
0.239455
0.0880394
0.120465
0.0645899
0.126233
0.068463
0.13024
0.0706619
0.133714
0.0716451
0.135966
0.0714182
0.13772
0.0685745
0.136301
0.0627567
0.131598
0.0531282
0.118236
0.0409883
0.102928
0.0305928
0.0826002
0.0198871
0.05866
0.00972048
0.0368518
0.00554609
0.0164087
0.0135592
0.00990472
0.0182404
0.0168946
0.0212826
0.0764765
0.035525
0.0864152
0.0419706
0.0948547
0.0484046
0.104325
0.0556098
0.114092
0.0628449
0.123418
0.0693226
0.130336
0.0738934
0.135719
0.0759923
0.137818
0.0754947
0.140913
0.0725799
0.141011
0.0648948
0.134022
0.0529268
0.121302
0.0403695
0.105129
0.0292958
0.0872009
0.0199615
0.0676589
0.0121406
0.0480856
0.00602336
0.233046
0.17376
0.136564
0.100177
0.189837
0.126814
0.22037
0.0980412
0.133972
0.0390148
0.0569998
0.0600496
0.112646
0.103974
0.0459425
0.036378
0.044138
0.024745
0.178066
0.131682
0.110841
0.0865991
0.13401
0.100392
0.133789
0.106237
0.0479252
0.0418018
0.151472
0.113527
0.265305
0.204693
0.11547
0.125949
0.0819936
0.0387379
0.0900474
0.0449663
0.0997529
0.0521118
0.109814
0.0593714
0.118645
0.066111
0.126339
0.0716383
0.132525
0.0750323
0.136265
0.0759923
0.139992
0.074754
0.141469
0.0694059
0.1384
0.059219
0.128256
0.046528
0.113477
0.0345424
0.0965112
0.0244569
0.0777301
0.0159281
0.0576686
0.00891452
0.0385774
0.00359155
0.0482146
0.0353799
0.0282944
0.0185059
0.0520139
0.0398346
0.0639668
0.0491659
0.0521106
0.0402894
0.0376335
0.0223872
0.0344704
0.0192565
0.0265347
0.0235629
0.0257169
0.0224531
0.0765626
0.0659598
0.160443
0.117044
0.240683
0.174648
0.143919
0.0258516
0.0871927
0.0677488
0.172599
0.173414
0.0838014
0.0809243
0.0701807
0.172089
0.171984
0.0849809
0.0846367
0.0697844
0.148448
0.145168
0.141748
0.138304
0.174622
0.174184
0.172273
0.171598
0.170216
0.172508
0.174036
0.17436
0.172184
0.169303
0.169748
0.171988
0.0292432
0.00250817
0.0124503
0.00754216
0.0203048
0.00401029
0.00982379
0.0114874
0.0378911
0.0408321
0.0454453
0.0509967
0.0564813
0.0605239
0.0371345
0.0426949
0.0508283
0.0579804
0.0649571
0.0530951
0.0508444
0.0474303
0.0427935
0.0392074
0.0534219
0.0487988
0.0436509
0.0367965
0.0337618
0.102746
0.102716
0.051235
0.104344
0.10245
0.0537221
0.108253
0.107383
0.0553174
0.0547847
0.0569001
0.0559378
0.0948119
0.097232
0.0969873
0.100434
0.101128
0.104629
0.102976
0.107827
0.106734
0.101999
0.105579
0.107563
0.103526
0.11172
0.109793
0.102188
0.113699
0.112729
0.107877
0.117391
0.114069
0.107878
0.117134
0.119016
0.0574481
0.0233974
0.0622351
0.026472
0.0692438
0.0308921
0.0611284
0.0253911
0.0677083
0.0291406
0.0734455
0.0332496
0.0933243
0.0944922
0.0949575
0.0954165
0.0957654
0.0959437
0.0960606
0.0961311
0.0961989
0.0962377
0.0962653
0.0962799
0.0962694
0.0962513
0.0962326
0.0961905
0.096144
0.0961036
0.0960052
0.095921
0.0956208
0.0951068
0.0941644
0.0954651
0.0938398
0.0927993
0.0939948
0.094824
0.0954285
0.0957691
0.095995
0.096109
0.0962081
0.0962996
0.0963356
0.0963768
0.0963861
0.096364
0.0963201
0.0962574
0.0961585
0.0960674
0.0958796
0.0958229
0.0952767
0.0942259
0.0931309
0.0955448
0.0986119
0.095264
0.0469579
0.0469467
0.0472554
0.0474803
0.0476647
0.0478121
0.0479356
0.0480334
0.048087
0.0481363
0.0481604
0.0481466
0.0481208
0.0480572
0.0479684
0.0478614
0.0477718
0.0476944
0.0475141
0.0476753
0.0964715
0.10032
0.100484
0.0975603
0.0480047
0.0475153
0.0475003
0.0476411
0.047768
0.0479007
0.0479875
0.0480885
0.0481596
0.0481826
0.0482156
0.0482497
0.0482528
0.0482303
0.0481735
0.048045
0.0477572
0.0476854
0.0480898
0.0488463
0.099416
0.100969
0.10085
0.0986508
0.0485453
0.0480337
0.0477828
0.0477632
0.0478414
0.0479293
0.0480377
0.0481607
0.0482799
0.0483724
0.0484048
0.0484401
0.0484489
0.0484129
0.0483601
0.0483224
0.0484602
0.0487616
0.0489251
0.0493544
0.100318
0.100245
0.100843
0.0990295
0.0488318
0.0483677
0.048086
0.0479362
0.0479858
0.048146
0.0481973
0.048235
0.0483451
0.0484312
0.0484913
0.0485371
0.048571
0.048581
0.0486071
0.0485865
0.0484433
0.0485843
0.0490492
0.0497409
0.101241
0.0994986
0.100635
0.0991961
0.0489755
0.048559
0.0482934
0.048096
0.0479568
0.0479124
0.0481308
0.0483081
0.048397
0.0485558
0.0486814
0.0487798
0.0488588
0.0489102
0.0489364
0.0489992
0.0492498
0.0496292
0.0497055
0.0499989
0.101525
0.0987848
0.100449
0.099196
0.0490305
0.0486635
0.0484395
0.0482774
0.048312
0.0483989
0.0483461
0.0484546
0.0486305
0.0486978
0.0488253
0.0489891
0.0491306
0.0492354
0.0493515
0.0495186
0.0495188
0.0494606
0.0496859
0.0504229
0.102101
0.0980807
0.100273
0.0991109
0.0490151
0.0486979
0.0484846
0.04835
0.0481788
0.048137
0.048335
0.0484645
0.0486759
0.0489506
0.0491075
0.0492363
0.0493828
0.0496044
0.0497902
0.0499116
0.0500956
0.0504283
0.0505223
0.0509029
0.10271
0.0976533
0.099904
0.0988741
0.0489217
0.0486233
0.0484386
0.0482958
0.0483242
0.0483822
0.0483701
0.0486024
0.0488151
0.0490213
0.0492934
0.049562
0.0497757
0.0498907
0.049989
0.0501913
0.0502395
0.0501552
0.0504763
0.0512377
0.103219
0.0974026
0.0995507
0.0986342
0.0487766
0.0484663
0.0482754
0.0482505
0.048217
0.0483067
0.0485566
0.0486808
0.0489046
0.0492679
0.0495791
0.0498991
0.0501606
0.0505283
0.050877
0.0510655
0.0514458
0.0517285
0.0516498
0.0519566
0.103991
0.0972148
0.0992069
0.0983261
0.0486854
0.0484901
0.0482911
0.0481355
0.0481237
0.0481845
0.0483127
0.048747
0.0491507
0.0493688
0.0497393
0.0502241
0.0505841
0.0508693
0.0511394
0.0513642
0.0514225
0.0513787
0.0516392
0.0523273
0.1045
0.0974946
0.0988287
0.0979284
0.0482782
0.047944
0.0477658
0.0477957
0.0478753
0.048094
0.0485173
0.0487928
0.049101
0.0494834
0.0499211
0.0505141
0.0509916
0.0514148
0.0518258
0.0521019
0.052509
0.0529553
0.0530096
0.0531494
0.105428
0.0981363
0.0986888
0.097797
0.0482462
0.0478976
0.0476411
0.0473718
0.047351
0.0476895
0.0481728
0.0488183
0.0493823
0.0500177
0.0506404
0.051093
0.0516794
0.0521233
0.0524236
0.0529667
0.053131
0.0529037
0.0530156
0.0535379
0.105741
0.0990653
0.0987838
0.0978139
0.0484532
0.0478852
0.0473652
0.0472931
0.0474515
0.0476549
0.0481923
0.0486621
0.0492785
0.0502168
0.0509185
0.0516184
0.0524793
0.0532177
0.0536723
0.0537759
0.0541506
0.0547059
0.0547665
0.0547011
0.107658
0.0999429
0.0988787
0.0981248
0.0484494
0.0480994
0.0477228
0.0472812
0.0468488
0.0468029
0.0475354
0.04836
0.0491947
0.0500676
0.0511356
0.0519753
0.0528923
0.0536888
0.054281
0.0550483
0.0551091
0.0543788
0.0543295
0.0550702
0.108334
0.101388
0.0992172
0.0986587
0.0492613
0.0483222
0.0475832
0.0469839
0.0465743
0.0468432
0.0476225
0.0481521
0.0488198
0.0497248
0.0508883
0.0524325
0.0539138
0.0555584
0.0563703
0.0560098
0.0563004
0.0572959
0.057599
0.0571459
0.110733
0.103131
0.100243
0.0993509
0.0494342
0.0487132
0.0479345
0.0470833
0.046416
0.0463656
0.0466145
0.0471132
0.0481728
0.0495248
0.0510533
0.052654
0.0539521
0.0548775
0.0557979
0.0571817
0.057569
0.056767
0.0565462
0.0574747
0.112265
0.105362
0.101102
0.0994688
0.0510249
0.0500402
0.0489755
0.0474208
0.0457566
0.0447825
0.0450639
0.0459776
0.047132
0.0487612
0.0506727
0.0526693
0.054693
0.0570901
0.0587651
0.0592083
0.0598752
0.0608742
0.061026
0.0600127
0.114816
0.108018
0.0421411
0.0431297
0.0455133
0.048271
0.0509087
0.0533899
0.0555454
0.0570871
0.0589191
0.061039
0.0617241
0.0606693
0.0599173
0.0608742
0.118511
0.111007
0.0408961
0.041405
0.043593
0.0467093
0.0503586
0.0537913
0.0574431
0.0609879
0.0628639
0.0632758
0.064402
0.0659103
0.0661461
0.0646929
0.121203
0.114586
0.0629132
0.0652595
0.0669376
0.0670673
0.0659389
0.0650229
0.0655858
0.125792
0.119061
0.0697099
0.0714069
0.070458
0.0705673
0.0723191
0.072792
0.0705703
0.129816
0.12441
0.0738955
0.0771612
0.0794978
0.0785534
0.0757185
0.0732614
0.0720003
0.135588
0.129993
0.10925
0.105725
0.111294
0.105014
0.105138
0.10519
0.10506
0.105326
0.105247
0.105446
0.105398
0.105471
0.105458
0.105541
0.105516
0.105549
0.105549
0.105554
0.105547
0.105553
0.105553
0.105572
0.105561
0.105573
0.105567
0.105593
0.105593
0.105581
0.105587
0.105587
0.105583
0.105551
0.105567
0.105521
0.10554
0.10546
0.105495
0.105423
0.105431
0.105311
0.105382
0.10513
0.105239
0.105067
0.105003
0.111337
0.1058
0.10922
0.0955132
0.092058
0.0922429
0.0953865
0.0983045
0.0982222
0.10003
0.100662
0.100838
0.100485
0.100018
0.100541
0.0994332
0.0987785
0.0997055
0.098244
0.0975471
0.098966
0.0969534
0.0963438
0.0983997
0.0957055
0.0950418
0.0977406
0.0944894
0.0937942
0.0973383
0.0932057
0.0926585
0.097126
0.0921
0.0916098
0.0974858
0.0911873
0.0907492
0.0981699
0.0904457
0.0901926
0.0990907
0.0901506
0.0900877
0.100103
0.0900261
0.0902562
0.101527
0.0899842
0.0904469
0.103283
0.0905318
0.0913017
0.105471
0.0912474
0.0928412
0.108373
0.0925796
0.094573
0.111376
0.115718
0.119348
0.125436
0.130563
0.136281
0.0506987
0.0495076
0.0480121
0.0457976
0.0430914
0.0529435
0.0512939
0.0489062
0.0456802
0.0425813
0.0943033
0.0926316
0.0912645
0.0946857
0.0939957
0.0934381
0.0952214
0.0946898
0.0942913
0.0956325
0.0952773
0.0949897
0.0958726
0.0956872
0.0955129
0.0960045
0.0958912
0.0957892
0.0960862
0.0960326
0.0959786
0.0961788
0.096143
0.0960773
0.096224
0.0962303
0.0961895
0.0962511
0.0962437
0.0962469
0.0962771
0.0962666
0.096251
0.0962771
0.0962717
0.0962651
0.096256
0.0963176
0.0962965
0.0962404
0.0963141
0.0963156
0.0962197
0.0962896
0.0962988
0.0961672
0.0962077
0.0962389
0.0961262
0.0960998
0.0961536
0.0960691
0.0959088
0.0959943
0.095964
0.095616
0.0957921
0.0958039
0.0951421
0.0954094
0.0953811
0.0945207
0.0948268
0.0946744
0.0937483
0.0941705
0.0930612
0.0918217
0.0933697
0.0928329
0.0948372
0.0965184
0.0934181
0.0932768
0.0936784
0.0945173
0.0947695
0.0940487
0.0952382
0.0953311
0.0949404
0.0956284
0.0956345
0.0954364
0.0959154
0.0959157
0.0957365
0.0960651
0.0960749
0.0959775
0.0961696
0.096208
0.0961137
0.0962574
0.0963121
0.0962526
0.0963277
0.0963856
0.0963406
0.0963634
0.0964455
0.0964005
0.0963877
0.0964592
0.0964559
0.0963963
0.0964629
0.0964419
0.0963635
0.0964905
0.0964449
0.0963375
0.0964629
0.0964307
0.0962487
0.0963659
0.0963598
0.0961531
0.0962241
0.0962465
0.0960424
0.0959978
0.0960534
0.0958601
0.0955451
0.0958138
0.0956621
0.0951488
0.0953775
0.0948072
0.0945084
0.0948854
0.0931652
0.0942856
0.0941861
0.0941925
0.095987
0.0944267
0.0967656
0.0980067
0.0998537
0.0937745
0.0959998
0.0966861
0.0989208
0.0995521
0.0975276
0.0988972
0.0993696
0.100745
0.0962122
0.0977337
0.0983087
0.100959
0.100661
0.0991042
0.0996717
0.0998041
0.100816
0.0974644
0.0984885
0.0989718
0.101565
0.100879
0.0997812
0.0999241
0.100007
0.100729
0.0981264
0.0988419
0.0992553
0.101938
0.101279
0.100374
0.0999757
0.100019
0.100573
0.0984236
0.0988999
0.0992952
0.102214
0.101738
0.101055
0.0999497
0.0998823
0.100303
0.09851
0.0988676
0.0992061
0.102457
0.102283
0.102227
0.0998738
0.0997353
0.100057
0.0984605
0.0987369
0.0990777
0.10284
0.103002
0.103393
0.0996225
0.0995378
0.0997521
0.0982791
0.098478
0.0988604
0.103364
0.103818
0.104444
0.0993783
0.0992192
0.0993533
0.0979999
0.0981943
0.0985724
0.103991
0.10485
0.105717
0.0990665
0.0989081
0.0990192
0.0977693
0.0978833
0.0982618
0.104403
0.106288
0.107374
0.0987092
0.0984963
0.0986403
0.0973174
0.0972889
0.0977048
0.105511
0.10711
0.10835
0.0985394
0.0986556
0.0988104
0.0972103
0.0972495
0.0979169
0.106065
0.109173
0.110297
0.0985359
0.0992093
0.0993737
0.0974166
0.0975335
0.098229
0.107939
0.1101
0.111669
0.0988534
0.100258
0.0997704
0.0975998
0.0980617
0.0992844
0.108443
0.112996
0.11451
0.0989835
0.101487
0.101107
0.0986661
0.0997194
0.100422
0.111152
0.114427
0.1168
0.100067
0.103398
0.102607
0.0990554
0.10066
0.102451
0.1121
0.118771
0.120969
0.10074
0.10474
0.103898
0.0993514
0.105652
0.105019
0.116024
0.120909
0.123335
0.117854
0.126339
0.128926
0.12193
0.129253
0.133082
0.124919
0.136231
0.139616
0.130046
0.141178
0.145989
0.135109
0.146508
0.150245
0.105646
0.0852567
0.0984997
0.0617462
0.0937998
0.0451376
0.081937
0.0321815
0.0716176
0.0258864
0.063918
0.022643
0.0575747
0.0205216
0.0524126
0.0189327
0.0486683
0.0179099
0.0459361
0.017144
0.0440811
0.0167396
0.0446153
0.0170872
0.0468699
0.0176711
0.0510293
0.0194753
0.0542251
0.0214224
0.0574828
0.0235581
0.0615322
0.0258351
0.0650136
0.0284909
0.0688695
0.0307282
0.0746794
0.0341327
0.0798759
0.0377291
0.0868802
0.0420797
0.0926901
0.0464263
0.100834
0.0518006
0.106934
0.0982877
0.0987492
0.0704783
0.0970411
0.0533349
0.087849
0.0376446
0.076183
0.0284102
0.0673768
0.0240071
0.0604387
0.0214476
0.0548961
0.0196986
0.0503448
0.0183605
0.0470291
0.017432
0.0446132
0.0167997
0.0441641
0.0168856
0.0457956
0.0174754
0.0498209
0.018664
0.0535104
0.0207394
0.0573054
0.0229475
0.0606707
0.0250144
0.0653227
0.0278217
0.068645
0.0302082
0.0742362
0.0330924
0.0806017
0.037049
0.086437
0.0407304
0.0936016
0.0455255
0.100283
0.0500598
0.107684
0.0554418
0.105534
0.0852002
0.0984067
0.0615356
0.0933065
0.044487
0.0809956
0.0312452
0.0701871
0.0246472
0.061516
0.0209165
0.0541968
0.0183382
0.0482364
0.0163382
0.0434076
0.0146978
0.0395134
0.0133126
0.0367871
0.0123372
0.0351074
0.0117675
0.034987
0.0116283
0.0376773
0.012195
0.040989
0.0134941
0.0434865
0.0151668
0.0460863
0.0169133
0.0484092
0.0184102
0.052219
0.0204521
0.106994
0.0982877
0.0989269
0.0704722
0.0972175
0.0530866
0.0874838
0.0369172
0.0751488
0.027373
0.0655222
0.022524
0.0576145
0.019515
0.05109
0.0173119
0.0455669
0.0154409
0.0412859
0.0139464
0.0380866
0.0128102
0.0358202
0.012
0.0345456
0.0116167
0.0360313
0.0117903
0.0393798
0.0127915
0.0428631
0.0144752
0.0450504
0.0161004
0.0476383
0.0178668
0.0513063
0.0197086
0.0558454
0.0221167
0.0243676
0.0176956
0.0183733
0.0260276
0.0261831
0.0201759
0.0137822
0.0380753
0.0689572
0.0947869
0.10477
0.102207
0.09613
0.0905159
0.0872719
0.0844829
0.0816859
0.158859
0.105949
0.0287287
0.0245692
0.0374848
0.0394154
0.0353223
0.035268
0.0647381
0.0907342
0.102478
0.104084
0.100472
0.0932468
0.0879711
0.0844836
0.0811865
0.0782527
0.151789
0.0952207
0.0869536
0.0830999
0.0801317
0.0770113
0.0745674
0.144381
0.086447
0.100214
0.0904313
0.14989
0.146565
0.158501
0.141216
0.137924
0.151172
0.132485
0.0402123
0.0344337
0.0447765
0.0496308
0.0469123
0.0531562
0.0808735
0.0966816
0.10047
0.097899
0.0938196
0.0188742
0.0221769
0.0203511
0.0227909
0.0204735
0.0228673
0.0200254
0.0226417
0.0202775
0.0228673
0.168255
0.176356
0.0907729
0.0940893
0.0762555
0.0457917
0.122027
0.176246
0.175716
0.171702
0.172509
0.0869989
0.0876891
0.0708192
0.170365
0.173619
0.0881887
0.0902001
0.0724696
0.0340455
0.13447
0.130944
0.127523
0.124557
0.174719
0.17492
0.171061
0.171293
0.172847
0.173035
0.175149
0.175699
0.16935
0.173365
0.174726
0.174926
0.0111279
0.0191098
0.016795
0.0121214
0.0151057
0.0122193
0.0193201
0.0136221
0.0178787
0.0109882
0.0193201
)
;

boundaryField
{
    inlet
    {
        type            zeroGradient;
    }
    outlet
    {
        type            zeroGradient;
    }
    wall
    {
        type            zeroGradient;
    }
    empty_zmin
    {
        type            empty;
    }
    empty_zmax
    {
        type            empty;
    }
    procBoundary0to1
    {
        type            processor;
        value           nonuniform List<scalar> 
35
(
0.0819992
0.0789756
0.0765377
0.0735321
0.143368
0.0709424
0.143368
0.0826551
0.129378
0.0485161
0.0457185
0.0440905
0.0541028
0.0517291
0.0613392
0.0840946
0.0922902
0.0936217
0.0907683
0.0873336
0.0197385
0.022595
0.167139
0.177326
0.092915
0.177251
0.0955339
0.0793105
0.054328
0.119191
0.176173
0.177251
0.0095018
0.0130339
0.0095018
)
;
    }
}


// ************************************************************************* //
