/*--------------------------------*- C++ -*----------------------------------*\
| =========                 |                                                 |
| \\      /  F ield         | OpenFOAM: The Open Source CFD Toolbox           |
|  \\    /   O peration     | Version:  2406                                  |
|   \\  /    A nd           | Website:  www.openfoam.com                      |
|    \\/     M anipulation  |                                                 |
\*---------------------------------------------------------------------------*/
FoamFile
{
    version     2.0;
    format      ascii;
    arch        "LSB;label=32;scalar=64";
    class       volScalarField;
    location    "0.1";
    object      Co;
}
// * * * * * * * * * * * * * * * * * * * * * * * * * * * * * * * * * * * * * //

dimensions      [0 0 0 0 0 0 0];

internalField   nonuniform List<scalar> 
2284
(
0.052525
0.053709
0.0545229
0.107131
0.108482
0.0552298
0.0558475
0.0554214
0.0577198
0.0599082
0.0613954
0.0594202
0.0939387
0.0946374
0.10862
0.109077
0.107525
0.108573
0.110388
0.109657
0.0513319
0.02126
0.0517259
0.0216111
0.0486715
0.0486604
0.0486593
0.0486744
0.0487007
0.0487307
0.0487725
0.0488378
0.0489105
0.0489965
0.0491511
0.049428
0.0497747
0.100341
0.0864352
0.0486935
0.048698
0.0487078
0.0487258
0.0487596
0.0488015
0.0488495
0.0489185
0.0490339
0.0491961
0.0494172
0.0497688
0.100324
0.0860398
0.0487065
0.0487104
0.0487334
0.048763
0.0487935
0.0488337
0.0488831
0.0489404
0.0490477
0.0492223
0.0494792
0.0498257
0.100478
0.0857045
0.0861957
0.0858231
0.0855047
0.099631
0.0994667
0.100102
0.09959
0.0994196
0.100226
0.0996008
0.0994109
0.100138
0.0491036
0.0489584
0.0488595
0.0487841
0.0487325
0.048695
0.0991654
0.0994879
0.0493064
0.0491017
0.0489563
0.0488596
0.048789
0.0487444
0.0487099
0.0486946
0.0990808
0.0994793
0.0493004
0.0490982
0.0489562
0.0488665
0.0487993
0.0487836
0.0487496
0.0487152
0.0989985
0.0994745
0.0492937
0.0490915
0.0489449
0.0488547
0.0487571
0.0486908
0.0486975
0.0487384
0.0487585
0.0487843
0.0487964
0.0488238
0.0488723
0.04894
0.0490333
0.0491221
0.0492423
0.0493839
0.0495606
0.0498948
0.100414
0.0853665
0.0989249
0.0994621
0.0492808
0.049079
0.0489351
0.0488501
0.0488199
0.0488049
0.0487434
0.0487086
0.0487006
0.0487239
0.048793
0.0488463
0.0488905
0.0489172
0.0489322
0.0489776
0.0491021
0.0492731
0.0494995
0.0499051
0.100618
0.0851126
0.0988505
0.0994421
0.0492645
0.0490597
0.0489203
0.0488378
0.0487595
0.0487174
0.0487589
0.0488039
0.0488283
0.048864
0.0488807
0.0489094
0.0489636
0.0490488
0.0491803
0.0492881
0.0493774
0.0494714
0.0496113
0.049913
0.100504
0.0848862
0.0987821
0.0994155
0.0492477
0.0490402
0.0488982
0.0488243
0.0487885
0.0487819
0.0487231
0.0487277
0.0487483
0.0487586
0.048827
0.0489134
0.0489965
0.0490406
0.0490682
0.0491348
0.0492798
0.0494737
0.0497134
0.0500645
0.100503
0.0846805
0.0987389
0.0993986
0.0492266
0.0490118
0.0488533
0.0487559
0.0486771
0.0486604
0.0487346
0.0488194
0.0489125
0.0490255
0.0490295
0.0490407
0.0490732
0.0491599
0.0492911
0.0493858
0.0494405
0.049506
0.0496468
0.050074
0.100872
0.0845756
0.0987159
0.0993557
0.0492467
0.0490315
0.0488606
0.0487422
0.0487464
0.0487804
0.0487497
0.0488168
0.0488477
0.0488246
0.0489606
0.0491293
0.0492157
0.0492769
0.049318
0.0494242
0.0496147
0.0498149
0.0500237
0.0503356
0.101064
0.0845565
0.0987438
0.0994837
0.0493396
0.0490733
0.0488555
0.0487085
0.0486734
0.0487051
0.0488786
0.0490709
0.0492072
0.0491879
0.0491304
0.0492018
0.0492842
0.049386
0.0495004
0.0495666
0.0495457
0.0495964
0.0497873
0.0502634
0.101338
0.0845597
0.098779
0.0995642
0.0493163
0.0490891
0.0489671
0.0488632
0.0487658
0.0487582
0.0488201
0.0489269
0.0490164
0.0492506
0.049544
0.0495903
0.0496033
0.0495948
0.0496085
0.0497665
0.0499493
0.0499894
0.0500488
0.0504195
0.101367
0.0846534
0.0988963
0.0996254
0.0492986
0.049063
0.0490225
0.0490003
0.0489847
0.0490497
0.0492457
0.049393
0.0495306
0.0498408
0.0499499
0.0500336
0.050111
0.0501129
0.0501238
0.0498948
0.0496327
0.0496982
0.0499784
0.0505366
0.101721
0.0848334
0.0990454
0.0997231
0.0493917
0.0490513
0.048903
0.0489335
0.0490188
0.0491434
0.0492902
0.0493697
0.049314
0.0492475
0.0495181
0.0499775
0.050239
0.0501591
0.0497727
0.04968
0.0499034
0.0500776
0.0502639
0.0506852
0.101863
0.0851527
0.09934
0.0998915
0.0494171
0.0491212
0.0489393
0.0489311
0.0490967
0.0493053
0.0495762
0.0496458
0.0496858
0.0499336
0.0499113
0.0499953
0.0500403
0.0500213
0.0500447
0.0499738
0.0499333
0.050085
0.0503702
0.0508288
0.102029
0.0855675
0.0997798
0.100277
0.0499603
0.0495587
0.0492397
0.0491205
0.0493466
0.0494291
0.0492931
0.0492086
0.0488823
0.0487841
0.048927
0.0490863
0.0492663
0.0495209
0.0497496
0.0500506
0.0502973
0.0505175
0.050714
0.051072
0.102304
0.0860924
0.100297
0.10062
0.0499795
0.0494396
0.0492388
0.0490502
0.0486926
0.0483576
0.0483749
0.0486874
0.0491542
0.0492383
0.0489064
0.0489865
0.0495305
0.0501767
0.0505851
0.0506251
0.0505972
0.0507164
0.0509726
0.0513249
0.102519
0.0866765
0.100913
0.101188
0.0505108
0.050212
0.0496656
0.0489705
0.04815
0.0474632
0.0471929
0.0474314
0.0477813
0.0484671
0.0493694
0.0497507
0.0497605
0.0495892
0.0497624
0.0503495
0.050919
0.0512783
0.0514519
0.0516271
0.102895
0.0874226
0.101685
0.101926
0.0507684
0.0498299
0.0490942
0.0486841
0.0483071
0.0474471
0.0467323
0.0471036
0.0479332
0.0490193
0.0496399
0.0502232
0.0509089
0.0510699
0.0507477
0.0511378
0.0517038
0.0517911
0.0519086
0.0520644
0.10361
0.0882205
0.102854
0.103008
0.0517434
0.0505156
0.0496182
0.049727
0.0492051
0.047843
0.0466542
0.0460925
0.0467089
0.048018
0.049952
0.0511141
0.0516644
0.0527546
0.0532155
0.0530164
0.0530943
0.0529391
0.0527001
0.0525623
0.104389
0.08905
0.104321
0.105101
0.0532274
0.0532808
0.0536975
0.0529034
0.0508056
0.0489051
0.0459691
0.044308
0.0472309
0.0499205
0.0519948
0.0527658
0.0533404
0.0534467
0.0533599
0.0533033
0.0530039
0.0528438
0.0527975
0.0528849
0.105168
0.0899688
0.10577
0.106755
0.0541368
0.0542391
0.0539717
0.0538951
0.0528472
0.0548754
0.054839
0.0548839
0.0545319
0.0540446
0.0535684
0.0533095
0.10593
0.0908202
0.0550158
0.0548033
0.0546063
0.0540858
0.0538105
0.0536718
0.0536256
0.106597
0.0915686
0.0567099
0.0562425
0.0559529
0.055166
0.0546002
0.0542101
0.0539763
0.1074
0.0923784
0.0581089
0.0569049
0.0559804
0.0552279
0.0549084
0.0546504
0.0544399
0.108191
0.0930753
0.0580046
0.0566222
0.055626
0.0551512
0.0547715
0.0545588
0.108806
0.093697
0.0854713
0.0852486
0.0850295
0.0848228
0.0846225
0.0844308
0.0852035
0.0842504
0.0840789
0.0849819
0.0839168
0.0837679
0.0847746
0.0836225
0.0834987
0.084627
0.0833805
0.0832773
0.0845989
0.0832139
0.0831414
0.0845822
0.0830865
0.0830611
0.0846389
0.0830733
0.0831531
0.084818
0.083152
0.0833449
0.0851368
0.0833753
0.0836442
0.0854567
0.0837929
0.0840675
0.0858935
0.0843946
0.0847455
0.0865025
0.0851446
0.0855482
0.0871044
0.0861128
0.0866374
0.0879191
0.0872198
0.0880414
0.0886888
0.0886683
0.0895029
0.0895405
0.0904253
0.0911201
0.0904367
0.0922132
0.0928808
0.0912101
0.0920074
0.0927309
0.0933742
0.093906
0.0999577
0.0999586
0.0991277
0.0990068
0.0990876
0.0995078
0.0999393
0.099941
0.099043
0.098999
0.0990706
0.0994948
0.0999255
0.0999084
0.0989558
0.0989899
0.0990502
0.0994681
0.0995533
0.099478
0.100483
0.0999175
0.0998714
0.0988692
0.0989627
0.0990284
0.0994423
0.0995773
0.0994981
0.100504
0.099897
0.09984
0.0987977
0.0989423
0.0990042
0.0994161
0.0995755
0.0995139
0.100452
0.0998678
0.0998025
0.0987338
0.0989104
0.0989749
0.0993864
0.0995324
0.0997028
0.100871
0.0998483
0.0997776
0.0986785
0.0988869
0.0989125
0.0993657
0.0996992
0.0999159
0.101132
0.099816
0.099874
0.0987391
0.0988927
0.0989917
0.0994344
0.0999033
0.100066
0.101477
0.099935
0.0999345
0.0987564
0.0990403
0.0991098
0.0995297
0.100045
0.100194
0.101473
0.0999833
0.100017
0.0988931
0.0991146
0.0991625
0.099538
0.100179
0.100469
0.101807
0.100122
0.100281
0.0991308
0.0990449
0.0992331
0.0997816
0.100395
0.10086
0.102249
0.100175
0.100558
0.099365
0.0992629
0.0996339
0.100095
0.100654
0.101125
0.102542
0.100397
0.100675
0.0995891
0.0993594
0.0995824
0.100196
0.100922
0.101498
0.102911
0.100824
0.101278
0.100076
0.0997366
0.100705
0.101034
0.101279
0.101962
0.103358
0.101243
0.101762
0.100574
0.100238
0.101346
0.101689
0.10161
0.102439
0.103961
0.101815
0.102609
0.101335
0.100602
0.102803
0.102785
0.102072
0.103053
0.104541
0.102628
0.103863
0.102521
0.101184
0.104077
0.104102
0.102724
0.103676
0.10523
0.103893
0.105005
0.103583
0.102136
0.105992
0.105459
0.103432
0.104289
0.105795
0.105637
0.10629
0.104752
0.104686
0.107346
0.106861
0.104154
0.104948
0.106509
0.107162
0.107612
0.106082
0.106386
0.108837
0.108132
0.104877
0.105555
0.106989
0.105563
0.106319
0.107811
0.106354
0.106933
0.108277
0.107067
0.107485
0.108943
0.107659
0.10793
0.109183
0.0322162
0.0110263
0.0322423
0.0110398
0.0323131
0.0111249
0.0322743
0.0110398
0.0324153
0.0111249
0.0324008
0.0111757
0.0323558
0.0111762
0.032549
0.0112611
0.0327467
0.0113792
0.0330241
0.01151
0.0332803
0.0116584
0.0335516
0.0117886
0.0341459
0.0120764
0.0345734
0.0123211
0.0351874
0.0125714
0.0359775
0.0130086
0.0366166
0.0133547
0.0376171
0.0137717
0.0384291
0.0143238
0.0392662
0.0146593
0.040473
0.0152493
0.041096
0.0157639
0.0418785
0.0160555
0.0426556
0.0165218
0.0428169
0.0167568
0.0431196
0.0168191
0.04308
0.0168943
0.0431322
0.0168224
0.032509
0.0112303
0.0326965
0.0113274
0.0328479
0.0114299
0.0331764
0.0115959
0.0335023
0.0117635
0.033972
0.0119461
0.0343998
0.012219
0.0349148
0.0124624
0.0357806
0.0128271
0.0363679
0.0132171
0.0371035
0.0135384
0.0381996
0.014093
0.0387872
0.0144983
0.0399782
0.0149419
0.0408488
0.0155512
0.0414389
0.0159086
0.0423553
0.016278
0.042796
0.0167095
0.0429382
0.0167568
0.0431305
0.0168805
0.0431381
0.0168943
0.0430521
0.0166873
0.0314076
0.0106383
0.0313047
0.0106196
0.0312497
0.0106278
0.0312445
0.0106425
0.0313439
0.0106861
0.0315167
0.0107678
0.0317328
0.0108768
0.032083
0.0110439
0.032479
0.0112493
0.0330848
0.0115032
0.0338147
0.0118555
0.0347193
0.0123305
0.035858
0.0128658
0.0373848
0.0136019
0.0389245
0.0144128
0.0408206
0.0153967
0.0427942
0.0164128
0.0449254
0.0176686
0.0472391
0.0188735
0.0496797
0.0201508
0.0313493
0.0106252
0.0312739
0.0106229
0.0312415
0.0106372
0.0312974
0.0106643
0.0314286
0.0107208
0.0316229
0.0108239
0.0319093
0.0109534
0.0322766
0.0111434
0.0327422
0.0113558
0.0334744
0.0116956
0.0343688
0.0121291
0.035319
0.0126044
0.0365836
0.0131852
0.0380988
0.013985
0.0398114
0.0148523
0.0417032
0.0158851
0.0440569
0.0171194
0.0459787
0.0182085
0.0482664
0.0194198
0.0504437
0.0207279
0.0485913
0.04861
0.04864
0.0486808
0.0487417
0.048822
0.0489383
0.049108
0.049377
0.0497242
0.100245
0.0873022
0.0486397
0.048651
0.0486777
0.0487155
0.0487603
0.0488367
0.0489689
0.0491098
0.0493315
0.0496985
0.100278
0.0868615
0.0870463
0.0865837
0.0996937
0.0995791
0.100093
0.0996802
0.0994935
0.100067
0.0992537
0.0994896
0.0493085
0.0859393
0.0857049
0.0999709
0.0999787
0.0992168
0.0990084
0.0990922
0.0995128
0.0325296
0.0111415
0.0323228
0.0110562
0.0323706
0.0110819
0.0322026
0.0110263
0.0315697
0.0106887
0.0314801
0.0106591
0.0934475
0.0945974
0.0950082
0.0954503
0.0956937
0.0958436
0.0959405
0.0959973
0.0960313
0.0960514
0.0960605
0.096063
0.0960645
0.0960603
0.0960484
0.0960267
0.095987
0.0959253
0.0958024
0.0956151
0.0953192
0.0948849
0.094384
0.0955379
0.0937508
0.0929246
0.0939974
0.0948225
0.095267
0.0955411
0.0957052
0.0958049
0.0958663
0.0959032
0.0959223
0.0959274
0.0959269
0.0959199
0.0958994
0.0958651
0.095797
0.0956999
0.0955029
0.0951702
0.0946499
0.0937494
0.0929476
0.0953756
0.0985756
0.0952498
0.0469887
0.0470314
0.0472564
0.0474232
0.0475403
0.0476218
0.0476765
0.0477104
0.0477281
0.0477349
0.0477331
0.0477182
0.047686
0.0476324
0.0475499
0.0474279
0.0472691
0.0470524
0.0469071
0.0474857
0.0960118
0.100072
0.1005
0.0975367
0.0479244
0.0474498
0.0473889
0.0474772
0.047557
0.0476199
0.0476643
0.047694
0.0477123
0.0477216
0.047719
0.047703
0.0476739
0.0476295
0.0475756
0.0475005
0.0474128
0.0474639
0.047875
0.0487229
0.0986075
0.100638
0.100886
0.0986442
0.0485066
0.0479467
0.0476395
0.04756
0.0475775
0.0476105
0.0476418
0.0476682
0.0476862
0.0476962
0.0476977
0.0476903
0.0476728
0.0476455
0.0476035
0.0475632
0.0476267
0.0479192
0.0484375
0.0491853
0.0995751
0.0996662
0.10096
0.0991349
0.048826
0.0483349
0.0479664
0.0477459
0.0476684
0.0476626
0.0476695
0.0476817
0.0476911
0.0476957
0.0476932
0.0476832
0.0476755
0.0476765
0.0476854
0.0477553
0.047973
0.0483222
0.048778
0.0494131
0.0999717
0.0985981
0.100989
0.0994058
0.0490061
0.0485723
0.0482377
0.0479786
0.0478111
0.0477458
0.047728
0.0477231
0.0477233
0.047724
0.0477251
0.0477264
0.0477302
0.047738
0.0477828
0.0479323
0.0481924
0.0485263
0.0489542
0.0495432
0.100214
0.0975349
0.100984
0.0996015
0.0491344
0.0487243
0.0484219
0.0481779
0.0479847
0.0478577
0.0478041
0.0477859
0.0477776
0.0477752
0.0477763
0.0477792
0.0477905
0.0478497
0.0479856
0.0481866
0.0484289
0.0487201
0.0491046
0.0496483
0.100373
0.0964257
0.10091
0.0997247
0.0492369
0.0488381
0.0485543
0.0483259
0.048144
0.0479955
0.0478982
0.0478572
0.047844
0.0478374
0.0478373
0.0478448
0.0478795
0.0479698
0.0481085
0.0482837
0.0485084
0.0488122
0.0492056
0.0497175
0.100467
0.0953021
0.100781
0.0997616
0.0493054
0.0489291
0.0486553
0.0484387
0.048269
0.0481305
0.048019
0.0479448
0.0479175
0.0479159
0.047924
0.0479442
0.047992
0.0480915
0.0482381
0.0484194
0.0486376
0.0489083
0.04927
0.0497414
0.100472
0.0942028
0.100648
0.0997421
0.0493353
0.0489994
0.0487382
0.0485313
0.0483693
0.0482416
0.0481408
0.0480617
0.048014
0.0480012
0.0480087
0.0480379
0.0481117
0.0482235
0.048357
0.0485189
0.0487288
0.0489998
0.0493503
0.0497615
0.10044
0.0931667
0.100471
0.0997092
0.0493343
0.0490372
0.0488022
0.0486088
0.0484538
0.0483327
0.0482359
0.0481623
0.0481128
0.048096
0.0481064
0.0481329
0.0481922
0.0482851
0.0484052
0.0485615
0.0487497
0.0489813
0.0493133
0.0497181
0.100376
0.0921844
0.100278
0.0996539
0.0493293
0.0490555
0.0488439
0.0486664
0.048523
0.048411
0.0483233
0.0482593
0.0482152
0.0481949
0.0481967
0.0482168
0.0482755
0.0483756
0.0485041
0.0486629
0.0488584
0.0490919
0.0493872
0.0497327
0.100344
0.0913104
0.100113
0.0996274
0.0493232
0.0490682
0.0488755
0.0487141
0.048583
0.0484782
0.0483946
0.0483338
0.0482949
0.0482768
0.0482756
0.0482933
0.0483455
0.0484315
0.0485366
0.0486643
0.0488177
0.0490101
0.0493056
0.0496896
0.100255
0.0905513
0.0999441
0.0995699
0.0493174
0.0490746
0.0488911
0.0487454
0.0486288
0.0485336
0.0484592
0.0484034
0.0483648
0.048345
0.0483427
0.0483571
0.0484028
0.0484851
0.0485973
0.0487392
0.0489264
0.0491247
0.0493815
0.04971
0.100213
0.0898743
0.0998123
0.099533
0.0493101
0.0490784
0.048907
0.0487735
0.0486685
0.0485813
0.0485125
0.0484617
0.0484298
0.0484124
0.0484091
0.0484198
0.0484531
0.0485228
0.0486181
0.0487278
0.0488578
0.0490181
0.0493056
0.0496768
0.10017
0.0892555
0.0996696
0.0994941
0.0493067
0.0490843
0.0489172
0.0487928
0.0486965
0.0486172
0.048557
0.0485095
0.0484771
0.0484625
0.0484617
0.0484736
0.0485026
0.0485661
0.0486687
0.048788
0.0489519
0.0491309
0.0493708
0.049689
0.100125
0.0886993
0.099547
0.0994636
0.0493018
0.0490873
0.0489247
0.0488069
0.0487174
0.0486469
0.0485933
0.048554
0.048525
0.0485088
0.048505
0.0485171
0.0485455
0.0485909
0.0486649
0.0487537
0.0488843
0.049049
0.0493171
0.0496829
0.100079
0.0881952
0.0994786
0.0994618
0.0493031
0.0490934
0.0489375
0.048825
0.0487376
0.0486711
0.0486219
0.0485905
0.0485695
0.0485643
0.048569
0.04858
0.0486008
0.048633
0.0487027
0.0488176
0.0489716
0.049132
0.0493609
0.0496975
0.100138
0.0877321
0.0486486
0.0486171
0.0485953
0.0485851
0.0486737
0.0486491
0.0486383
0.0486356
0.109256
0.105695
0.111258
0.105023
0.105137
0.105165
0.10506
0.105312
0.105241
0.105406
0.105366
0.105454
0.105433
0.105479
0.105468
0.105491
0.105486
0.105498
0.105496
0.105501
0.1055
0.105508
0.105504
0.1055
0.105504
0.105499
0.1055
0.105498
0.105498
0.105493
0.105496
0.105485
0.105489
0.105469
0.105479
0.105436
0.105454
0.105378
0.105413
0.105268
0.10533
0.105089
0.10519
0.105099
0.105004
0.111312
0.105746
0.109254
0.0955357
0.0920661
0.0920791
0.0953672
0.098335
0.0983369
0.100075
0.100721
0.100751
0.100617
0.100194
0.100233
0.0996457
0.0991129
0.0991461
0.0985721
0.0980476
0.0980827
0.0974888
0.0969581
0.0969991
0.0963732
0.0958189
0.0958826
0.0952365
0.0946885
0.0947676
0.0941305
0.0936042
0.0936848
0.0930784
0.0925746
0.0926569
0.0920894
0.0916347
0.091733
0.0912003
0.0907922
0.0909163
0.0904063
0.0900398
0.0901943
0.0896967
0.0893653
0.0895532
0.0890473
0.088744
0.0889616
0.0884538
0.0881807
0.0884337
0.0879104
0.0876545
0.0879493
0.0873968
0.0871563
0.0874845
0.0944777
0.0925734
0.0912375
0.0947343
0.0941626
0.0935009
0.0952844
0.0948516
0.0945153
0.0955936
0.0952954
0.0950766
0.0957792
0.0955664
0.0954309
0.0959025
0.0957569
0.0956623
0.095975
0.0958643
0.0958075
0.0960184
0.0959267
0.0958917
0.0960441
0.0959651
0.0959427
0.0960585
0.0959868
0.0959733
0.0960611
0.0959955
0.0959897
0.0960655
0.095998
0.0959968
0.0960621
0.0959848
0.0959932
0.0960537
0.0959676
0.0959806
0.0960372
0.0959376
0.0959592
0.096007
0.0958899
0.0959214
0.0959563
0.0958114
0.0958657
0.0958689
0.0956773
0.0957606
0.0957138
0.0954687
0.0956004
0.0954823
0.095127
0.0953323
0.0951131
0.0945605
0.0948964
0.0946245
0.0935401
0.0941539
0.09338
0.0913383
0.0927797
0.0928557
0.0948968
0.0965689
0.0934449
0.0936151
0.093835
0.0945669
0.0946249
0.0940872
0.095097
0.095162
0.0948657
0.0954506
0.095445
0.0952471
0.0956607
0.0956256
0.0954768
0.0957817
0.095737
0.0956352
0.095855
0.0958071
0.0957367
0.0958995
0.095851
0.0958018
0.0959232
0.0958755
0.0958437
0.0959318
0.0958866
0.0958665
0.095928
0.0958768
0.0958788
0.0959192
0.0958602
0.0958724
0.095903
0.0958376
0.0958673
0.0958731
0.0958006
0.0958446
0.09582
0.0957351
0.0958032
0.0957314
0.0956464
0.0957352
0.0955889
0.0954952
0.0956352
0.0953252
0.0952915
0.0954896
0.0949067
0.0949533
0.0952325
0.0942331
0.0943868
0.0948091
0.0929836
0.0941101
0.0941884
0.0938325
0.0964639
0.0947448
0.0966753
0.0980345
0.0998838
0.0938416
0.0958276
0.0966317
0.0985029
0.099903
0.0983457
0.0988802
0.0994633
0.100804
0.0961823
0.0976509
0.0982906
0.100501
0.100882
0.0998203
0.0997398
0.0999692
0.100954
0.0975029
0.0984775
0.09902
0.100915
0.101013
0.100243
0.100065
0.100219
0.101013
0.098183
0.0988735
0.099361
0.10099
0.101051
0.100407
0.10027
0.100393
0.101036
0.0985768
0.0991056
0.0995768
0.101036
0.101076
0.100534
0.100416
0.100493
0.10099
0.0988423
0.0992495
0.0997198
0.101032
0.10105
0.100624
0.100498
0.100529
0.100874
0.0990258
0.0993418
0.0997833
0.100963
0.100948
0.100668
0.10051
0.100477
0.100718
0.0991167
0.0993676
0.0997869
0.100826
0.100787
0.1006
0.100454
0.10042
0.100559
0.0991372
0.0993313
0.0997515
0.100704
0.10063
0.100536
0.100405
0.100356
0.100362
0.0991305
0.0992917
0.0997132
0.100521
0.10044
0.100454
0.100303
0.100278
0.1002
0.0991184
0.099258
0.0996642
0.100342
0.100261
0.100379
0.100241
0.100201
0.100022
0.0991113
0.0992274
0.0996215
0.100187
0.100127
0.100318
0.100151
0.100132
0.0998837
0.099078
0.0991813
0.0995799
0.100055
0.100002
0.10026
0.100091
0.100075
0.0997527
0.0990429
0.0991448
0.0995438
0.0999413
0.0998709
0.100208
0.100027
0.100003
0.0996061
0.0990143
0.0991114
0.0995058
0.0998025
0.0997296
0.100146
0.0999673
0.0999711
0.0995166
0.0989974
0.0990867
0.0994796
0.0996996
0.0996859
0.100133
0.0999674
0.0999838
0.0994471
0.0989911
0.0990841
0.0994935
0.0996938
0.0996254
0.100102
0.0994009
0.0994805
0.0493072
0.0490969
0.0489443
0.0488377
0.0487554
0.048695
0.0993379
0.0994862
0.0493082
0.0491005
0.0489503
0.048848
0.0487706
0.0487137
0.0869154
0.0866803
0.0864332
0.0861873
0.0999752
0.0999836
0.0993748
0.0990028
0.0990867
0.099502
0.0999761
0.0999856
0.0993051
0.0990041
0.0990878
0.0995097
0.105512
0.0851978
0.0983641
0.0615727
0.0934021
0.0447014
0.0812887
0.031558
0.070608
0.0250339
0.0622591
0.0214284
0.0551869
0.0189023
0.0492189
0.0168886
0.0443541
0.0152371
0.0404718
0.0138524
0.0375003
0.0127318
0.0353947
0.0119072
0.0339456
0.0113457
0.033041
0.0110297
0.0325334
0.0108811
0.0322849
0.0108349
0.0324824
0.0108283
0.0327687
0.0110387
0.032626
0.01115
0.106996
0.0982877
0.0989166
0.0704864
0.0972343
0.0532174
0.0876421
0.0371738
0.0755549
0.0277305
0.0662413
0.0230258
0.0585695
0.0200769
0.052063
0.0178441
0.0466521
0.0160255
0.0422951
0.0145121
0.0388781
0.0132595
0.0363298
0.0122758
0.0345936
0.011594
0.0334236
0.0111581
0.0327318
0.0109361
0.0323622
0.0108433
0.0323223
0.0108221
0.0327123
0.0109142
0.0327275
0.0111401
0.0325428
0.01115
0.105507
0.0851904
0.0983603
0.0615601
0.0933729
0.044667
0.0812486
0.0315315
0.0705762
0.0250191
0.0622237
0.0214078
0.0551239
0.0188621
0.049129
0.0168331
0.0442326
0.0151721
0.0403468
0.013792
0.0373762
0.012672
0.0352666
0.0118372
0.0338039
0.0112645
0.0328504
0.0109178
0.0323002
0.0107453
0.0319923
0.0106757
0.0319951
0.0106482
0.0321968
0.0107715
0.0320997
0.0108708
0.107004
0.0982877
0.0989143
0.0704783
0.0972293
0.053197
0.0875953
0.0371365
0.075509
0.027708
0.0662113
0.0230105
0.0585351
0.0200515
0.0520037
0.0178025
0.0465384
0.0159601
0.04216
0.014445
0.0387554
0.0132006
0.0362242
0.0122183
0.0344696
0.0115217
0.0332706
0.0110657
0.0325303
0.0108143
0.0321213
0.0106988
0.0319299
0.0106642
0.0321315
0.010691
0.0321724
0.0108442
0.0320567
0.0108708
0.0320092
0.0108634
0.0318083
0.0107821
0.0319245
0.0108309
0.0316822
0.0107308
0.050587
0.0459591
0.0415787
0.0446319
0.0482059
0.0556769
0.0551795
0.0551382
0.107539
0.0941413
0.0738712
0.0867237
0.105439
0.0549541
0.0554987
0.108343
0.109978
0.0558283
0.0565797
0.056606
0.0573498
0.0593166
0.116422
0.116534
0.0588957
0.0735656
0.118754
0.119284
0.0593162
0.10976
0.111728
0.056761
0.0582594
0.0603152
0.0616271
0.0636515
0.126255
0.120004
0.13856
0.132852
0.0623576
0.110811
0.113075
0.0578938
0.0589947
0.0607145
0.0625609
0.0651952
0.133046
0.113149
0.120594
0.133622
0.0635876
0.111738
0.113974
0.0954925
0.0964217
0.0911222
0.126777
0.0506755
0.110104
0.12036
0.0971733
0.0977846
0.1294
0.139942
0.135872
0.136226
0.0984937
0.0989547
0.00564383
0.0783514
0.00615982
0.0994732
0.106806
0.108678
0.109155
0.0878861
0.088976
0.0999286
0.0718445
0.0646111
0.0687302
0.0966689
0.0933552
0.0808153
0.105596
0.106659
0.102121
0.109867
0.110635
0.109118
0.110232
0.111656
0.11109
0.117476
0.127452
0.122995
0.117635
0.128974
0.134452
0.118385
0.122493
0.125758
0.111347
0.111814
0.110231
0.112469
0.112753
0.112301
0.127128
0.131417
0.131324
0.126899
0.130449
0.133611
0.112445
0.112732
0.111146
0.114139
0.113752
0.113255
0.135021
0.130674
0.136954
0.134662
0.130006
0.0833033
0.129515
0.131639
0.134286
0.113274
0.115131
0.130299
0.101042
0.111782
0.0462093
0.108874
0.0673826
0.0402795
0.0228176
0.119957
0.0884742
0.0307183
0.0233516
0.183618
0.128049
0.120002
0.0467342
0.122719
0.118982
0.151787
0.117998
0.179601
0.0739515
0.110796
0.0608322
0.0522106
0.0218038
0.053244
0.0223937
0.0531659
0.0223581
0.0528818
0.0217472
0.0530217
0.0221319
0.0530178
0.0223937
0.0532311
0.0221556
0.0264672
0.0288343
0.026566
0.0138169
0.0993176
0.0759332
0.179905
0.072642
0.0180259
0.0263679
)
;

boundaryField
{
    inlet
    {
        type            zeroGradient;
    }
    outlet
    {
        type            zeroGradient;
    }
    wall
    {
        type            zeroGradient;
    }
    empty_zmin
    {
        type            empty;
    }
    empty_zmax
    {
        type            empty;
    }
    procBoundary0to1
    {
        type            processor;
        value           nonuniform List<scalar> 
39
(
0.0611799
0.0598355
0.0588714
0.0576925
0.0566996
0.0559396
0.0553603
0.0549481
0.109292
0.0941109
0.108118
0.0428671
0.0164955
0.058663
0.0600738
0.0622875
0.0652556
0.0681944
0.0629769
0.111819
0.113687
0.058663
0.138948
0.0842472
0.0130441
0.0109815
0.0896163
0.0651194
0.0651194
0.0066542
0.00996975
0.0997504
0.0144689
0.131504
0.13005
0.113187
0.114247
0.0527016
0.0213511
)
;
    }
}


// ************************************************************************* //
