/*--------------------------------*- C++ -*----------------------------------*\
| =========                 |                                                 |
| \\      /  F ield         | OpenFOAM: The Open Source CFD Toolbox           |
|  \\    /   O peration     | Version:  2406                                  |
|   \\  /    A nd           | Website:  www.openfoam.com                      |
|    \\/     M anipulation  |                                                 |
\*---------------------------------------------------------------------------*/
FoamFile
{
    version     2.0;
    format      ascii;
    arch        "LSB;label=32;scalar=64";
    class       volScalarField;
    location    "4.63";
    object      initialResidual:p;
}
// * * * * * * * * * * * * * * * * * * * * * * * * * * * * * * * * * * * * * //

dimensions      [0 0 0 0 0 0 0];

internalField   nonuniform List<scalar> 
2367
(
-2.77754e-11
4.16767e-08
1.4206e-08
-3.76818e-08
-3.45809e-09
6.12943e-10
1.15815e-09
1.89983e-10
-2.48623e-11
-1.3895e-11
5.10503e-10
-8.10949e-10
-1.03391e-09
-3.09868e-09
5.26399e-09
-2.01282e-09
-5.1551e-09
1.79984e-08
1.86307e-08
-1.09712e-09
8.15911e-09
5.70183e-09
-2.10714e-10
1.12883e-08
-3.20054e-09
-7.085e-09
9.34223e-09
-3.23509e-08
1.68536e-09
-4.78389e-09
8.94197e-09
-1.77818e-09
-3.1378e-09
1.07787e-10
-7.95856e-10
-2.64094e-09
5.55481e-10
2.21754e-09
-6.28904e-09
7.44955e-09
2.30195e-09
-7.94998e-09
8.63955e-09
1.88515e-08
1.21431e-09
3.25865e-09
-7.914e-11
1.68429e-08
6.75654e-09
-5.52691e-09
4.38118e-09
-1.26453e-08
-6.91351e-09
1.69395e-09
-1.56467e-09
-6.24775e-09
2.03095e-09
1.22905e-09
-8.3823e-10
1.1694e-09
2.36404e-10
2.64871e-09
-3.83989e-09
-1.45412e-10
4.40514e-09
-4.6395e-09
-1.10461e-08
7.28769e-09
7.53759e-09
2.95649e-10
3.29008e-09
-2.14508e-08
5.71641e-11
2.69316e-09
-1.56885e-08
6.81009e-10
5.55204e-09
2.94121e-09
-5.21171e-09
-2.63496e-09
-5.36641e-09
1.91248e-09
6.06215e-10
-4.99477e-10
-2.00581e-10
1.32946e-10
-4.71681e-10
5.98939e-11
-2.00469e-10
3.12019e-10
-1.69303e-09
-2.32384e-09
3.9656e-11
2.43304e-09
2.19115e-10
-2.38925e-09
-6.54541e-10
-1.47108e-09
3.43486e-09
-6.29712e-09
6.88591e-09
-7.32681e-09
2.97551e-09
3.20823e-10
-2.30479e-09
6.14963e-08
-5.09553e-08
7.67121e-09
-1.69689e-08
-7.33056e-09
1.17121e-09
2.2749e-09
4.16869e-09
7.26193e-09
1.12717e-09
-3.95251e-10
1.47242e-09
8.58877e-10
3.47515e-10
-2.03485e-09
4.11532e-10
-2.87427e-09
1.84993e-09
3.69347e-09
-1.42503e-09
1.68796e-09
8.43893e-09
-1.38757e-09
-2.94643e-08
-1.40119e-08
3.01375e-08
-6.43894e-08
1.18707e-09
-2.31535e-08
-2.06076e-08
2.65669e-10
1.65676e-09
9.47121e-09
6.52665e-09
-3.8234e-09
2.23642e-09
7.97168e-11
1.74136e-10
-1.22486e-10
6.78942e-10
-2.87046e-09
-9.78671e-09
1.70767e-08
9.81894e-10
-6.8851e-09
-8.07744e-09
-5.0276e-09
1.30768e-08
-3.182e-08
4.38018e-09
-1.59705e-08
-1.0862e-08
-4.60972e-08
-9.10565e-09
1.79084e-08
9.10561e-09
-6.89114e-09
5.36281e-08
5.7134e-09
9.63204e-09
1.10304e-10
-1.2476e-11
-2.08324e-09
-1.24073e-09
4.87656e-09
-8.06086e-10
-8.63747e-09
1.03253e-09
1.35465e-09
-1.90693e-08
3.09279e-09
-1.98776e-08
3.24044e-08
4.81614e-09
2.65374e-09
-2.52738e-08
3.77775e-08
3.88071e-09
-2.25081e-08
-3.82697e-09
-3.56289e-09
-6.03125e-08
-5.30657e-09
-1.34405e-08
-2.81306e-10
-2.09102e-10
4.34843e-09
6.4318e-09
-9.88211e-09
1.43051e-08
-9.60497e-09
-3.44929e-09
-1.90635e-08
-2.14185e-09
-1.88064e-08
1.24757e-08
-1.09897e-08
-1.77383e-08
7.4639e-09
2.07672e-08
3.01677e-08
-2.72984e-08
2.07347e-09
4.05955e-10
-2.50561e-09
3.84272e-09
1.7785e-09
-1.16841e-09
-1.66712e-12
1.00579e-11
-7.81249e-10
2.2085e-10
2.80278e-09
-3.83669e-09
1.49027e-09
5.95459e-08
1.394e-08
-6.26159e-08
-8.67581e-09
-2.77274e-08
-2.08417e-08
9.72416e-09
2.2149e-08
6.54898e-09
-2.77567e-08
1.81867e-08
2.11155e-08
3.43996e-09
1.52551e-09
-5.72346e-09
-3.51553e-09
6.91885e-10
-2.69459e-10
1.99929e-10
2.13271e-09
9.47315e-10
5.72176e-10
-2.68556e-09
4.41547e-10
-2.36906e-08
-2.34676e-08
4.85718e-08
2.13425e-08
2.56263e-08
2.4174e-08
-9.70906e-09
-1.94741e-08
-6.13501e-09
3.1256e-08
2.67523e-08
-1.45368e-08
-5.55434e-09
5.13684e-09
-8.46146e-12
-3.39714e-09
-2.99026e-10
8.04953e-11
1.05526e-09
-1.08019e-09
7.86558e-10
-4.54712e-09
-1.53076e-09
1.63233e-09
4.07375e-09
-2.16325e-09
9.24257e-09
-4.18855e-09
4.72372e-09
1.638e-08
1.65069e-08
1.90622e-08
1.67987e-08
9.50647e-09
-7.32225e-10
-6.26598e-09
-2.71284e-09
-1.70784e-09
2.82015e-09
-2.33669e-09
-1.89677e-09
1.70928e-10
1.72219e-10
-2.52013e-09
8.35067e-10
3.70584e-09
-1.17369e-09
3.562e-09
-3.75093e-09
-2.90804e-09
5.32298e-09
8.65187e-09
4.381e-09
1.51774e-09
1.70543e-08
7.58559e-09
4.50008e-09
-8.55801e-09
-6.31255e-09
4.00044e-09
3.76343e-09
1.07854e-09
-2.31473e-10
7.14143e-09
-3.4889e-09
2.60972e-10
8.42589e-11
2.78567e-09
-2.75703e-10
5.70033e-11
-7.83259e-10
-3.21069e-10
2.12536e-09
-2.24543e-11
1.17215e-09
2.05796e-09
9.53343e-10
7.319e-09
4.178e-09
-7.75247e-09
1.2161e-08
-1.31044e-08
1.87039e-09
1.87679e-09
-1.35736e-09
2.13982e-09
3.79436e-09
3.40026e-09
8.73546e-10
4.51589e-10
-1.48325e-10
9.38415e-10
3.38024e-10
-1.35502e-09
-1.01958e-10
1.53647e-10
1.02159e-09
-1.8512e-10
-4.61091e-10
-3.36042e-09
1.10415e-08
2.50758e-10
-7.0076e-09
1.35525e-08
-1.40595e-08
-9.29348e-09
7.67926e-09
-1.20485e-09
-8.76587e-10
-1.83785e-09
-6.62547e-10
6.24155e-10
5.29375e-10
-1.06657e-09
1.68636e-10
-5.99053e-10
-1.00304e-09
5.56813e-10
-2.04812e-09
-7.0141e-10
-9.34919e-10
8.44294e-10
2.16331e-10
5.1641e-09
-8.49843e-09
-3.26319e-09
1.4862e-09
-2.6178e-09
-4.80521e-09
2.63115e-09
-4.47378e-10
-1.33911e-09
-5.35075e-10
-7.05501e-10
-3.37964e-09
1.37231e-10
-4.01692e-10
-1.18555e-09
-2.23977e-10
1.77382e-11
1.67093e-09
1.05461e-09
-3.06487e-09
-9.55451e-12
-1.12011e-09
-2.1546e-09
5.48905e-11
-2.89185e-09
-2.80681e-09
3.58374e-09
-3.10915e-09
3.02296e-10
-1.6079e-09
-1.13197e-09
7.51103e-10
-9.76147e-10
6.32496e-10
-4.04668e-10
-3.63714e-10
-8.91851e-10
-5.55744e-10
-9.32094e-11
-4.75125e-10
-1.4527e-09
2.52652e-09
2.49685e-09
-4.17234e-09
2.32707e-10
6.16648e-10
-1.40322e-09
1.84125e-09
-2.09274e-09
-6.87932e-10
-1.92189e-09
8.30793e-10
1.97679e-09
-3.04901e-09
2.46128e-09
-2.24337e-09
2.11796e-11
-1.95411e-10
-2.71153e-10
4.23499e-10
-6.39236e-10
-3.46919e-10
5.62659e-10
-3.20931e-10
3.62291e-10
1.22159e-09
3.56735e-09
1.41671e-09
-1.34148e-09
3.86265e-09
-3.73323e-09
-1.4506e-09
2.14905e-09
-5.69014e-10
8.65343e-10
2.62657e-09
-2.23711e-09
-3.31718e-10
-1.83416e-10
-1.00852e-09
8.96345e-10
-1.09005e-09
-4.45407e-10
-7.63329e-10
5.08983e-12
-2.2567e-10
5.80566e-09
1.92226e-09
1.03011e-08
-2.14412e-09
3.61376e-09
5.94497e-09
-2.33071e-09
3.72465e-10
4.55429e-10
-1.24536e-09
6.35482e-10
-3.51285e-11
-1.33444e-09
1.66712e-09
2.00574e-09
-2.33159e-09
5.3718e-10
1.9253e-09
-1.65833e-09
-4.76264e-10
-5.50308e-10
-4.0527e-10
2.17702e-10
-2.34137e-10
-4.19959e-09
-2.56115e-09
-1.71413e-09
-1.65871e-09
-3.91004e-09
4.6617e-09
8.84314e-10
-3.68814e-09
1.43151e-09
-2.87025e-09
-9.23311e-10
3.47226e-09
-4.70933e-11
-4.7558e-10
2.64325e-09
1.09382e-09
-8.64049e-10
9.09522e-10
-4.00657e-10
-3.37371e-10
-3.38242e-10
-1.57675e-10
-6.21435e-10
6.72826e-10
-6.29356e-09
1.10062e-08
6.12461e-08
7.90755e-10
3.41392e-09
1.02366e-09
-2.68609e-10
-3.8485e-09
-1.22434e-08
-3.06525e-09
6.47569e-09
5.51649e-09
-1.17232e-09
6.51638e-10
6.96962e-10
2.83769e-10
2.35988e-10
8.58105e-10
-2.30406e-10
-1.46639e-10
-2.36752e-10
-2.9393e-10
1.36633e-11
-1.21715e-11
1.09918e-08
1.7408e-09
2.26284e-08
8.33499e-09
3.0224e-09
-3.84933e-09
5.37523e-10
-1.17457e-08
-1.49844e-09
1.33875e-08
-6.30437e-09
-1.08608e-08
-1.03746e-09
-6.74449e-10
1.49276e-10
-1.2809e-09
8.0492e-10
9.48013e-10
-1.2348e-09
-2.59456e-10
4.54852e-11
8.82433e-11
-1.31963e-10
-1.31324e-10
2.77913e-11
-7.74366e-09
-2.98872e-09
-1.04425e-07
9.29799e-08
3.21156e-09
-1.36347e-08
4.60323e-09
1.07525e-08
-8.13695e-09
-5.86466e-09
-7.90581e-09
-4.81125e-09
-2.20254e-09
-3.93033e-10
-9.92219e-11
-7.24683e-10
-8.9255e-10
-2.20672e-10
-4.68427e-10
2.55565e-10
-5.77793e-10
-3.35058e-11
1.8538e-10
3.95841e-10
-3.42141e-09
8.49503e-09
1.25807e-09
1.18931e-08
-6.12608e-09
2.12655e-09
1.16371e-08
-3.89605e-09
-1.74209e-08
-4.26688e-09
5.06344e-09
-3.26789e-09
-2.31351e-09
-1.68195e-09
-5.44263e-10
-9.82455e-10
-2.58903e-10
2.95956e-10
-5.01123e-10
-5.40776e-10
7.79926e-10
1.35392e-09
5.72709e-09
4.96091e-09
-2.70041e-08
8.90547e-09
7.82043e-08
-9.33779e-08
7.73563e-09
-6.83472e-10
-1.62058e-09
-1.15085e-09
-1.52293e-09
-2.70737e-10
-1.64606e-09
-8.79457e-10
1.03078e-10
-4.66028e-09
-6.13897e-10
-1.01247e-10
-7.17496e-10
-2.57411e-10
7.44356e-11
-2.31384e-08
-1.36699e-08
-9.47208e-09
6.37233e-10
-1.03722e-08
-3.92641e-09
-8.19016e-08
6.43749e-08
-1.34255e-09
-9.5996e-09
4.95023e-09
1.14413e-09
-8.65784e-10
-1.14607e-09
-3.82009e-08
3.44666e-09
3.67321e-08
-3.1123e-10
-8.39055e-10
-1.68428e-09
-2.65112e-08
-2.42822e-08
1.33758e-08
-8.33243e-09
9.01476e-09
3.32614e-08
9.75672e-09
-1.66099e-08
-1.45484e-08
-4.06529e-09
-8.93794e-09
4.54573e-09
-9.99918e-09
6.26288e-09
6.30323e-10
9.02838e-10
2.48933e-09
6.21753e-10
1.55888e-10
9.09447e-09
-5.36719e-11
-3.03361e-10
3.29716e-09
-2.36038e-10
-9.13186e-11
-2.96335e-09
-8.08785e-11
3.54018e-11
-1.49071e-09
9.75476e-11
1.32299e-10
2.25609e-09
5.64538e-11
-2.12818e-10
-1.5028e-10
-5.78018e-11
2.44748e-10
-2.00771e-09
3.32432e-10
5.19616e-11
-6.16959e-10
-5.42118e-10
-6.58575e-12
1.14127e-09
6.80844e-10
9.45165e-11
-1.60992e-10
2.20518e-09
2.49161e-09
-4.8367e-10
-1.95881e-09
-2.1902e-09
-5.23724e-10
-8.54464e-10
-4.24365e-10
-2.12916e-10
-1.08307e-09
-3.78468e-09
-1.55502e-10
-9.67196e-10
4.12779e-09
-8.98683e-11
2.61679e-09
1.08921e-09
-4.28581e-10
2.09554e-09
1.09738e-09
6.48085e-12
-3.61276e-09
-1.47121e-09
-2.02539e-10
6.74547e-10
5.54235e-10
1.15413e-10
4.75211e-10
3.95141e-10
2.69356e-10
2.55921e-10
8.50014e-11
-2.71421e-10
-6.43231e-10
-8.90366e-10
-1.33126e-09
-1.79905e-10
1.49702e-09
1.982e-10
-4.20926e-10
3.10971e-10
-1.10424e-09
3.08365e-09
2.63008e-11
-3.61275e-10
5.07215e-10
-1.96055e-11
-9.59691e-10
3.08608e-10
1.3124e-09
-3.16584e-09
-2.05775e-09
-2.62879e-10
4.36754e-10
5.77776e-10
-7.06345e-10
1.26168e-09
1.17603e-09
1.25241e-10
5.46568e-09
1.08376e-09
2.90926e-10
-5.22951e-11
-1.2858e-09
3.24397e-09
7.61257e-10
2.7482e-10
7.46772e-10
9.06417e-10
-3.55005e-11
1.25479e-10
-2.52086e-10
-2.05948e-09
-3.31243e-09
6.0733e-10
-7.55598e-11
-2.74287e-10
3.5276e-10
-4.39417e-10
-7.20462e-10
7.20994e-10
3.90216e-09
6.86177e-09
-1.28576e-09
-4.31333e-10
-4.46014e-10
1.46244e-10
-5.29599e-10
-3.77696e-10
6.65634e-11
5.29512e-09
-5.41684e-08
-1.02978e-09
-3.16413e-10
-1.66077e-10
-1.92346e-10
6.24791e-11
3.79167e-10
-1.68777e-10
4.12849e-08
2.88991e-09
2.34296e-09
-8.2449e-12
2.30529e-10
-5.83308e-10
-2.09478e-09
-2.51447e-09
-1.11588e-10
-4.76824e-10
9.12922e-10
7.22015e-10
-1.38696e-11
-2.21564e-10
3.47057e-10
-3.45442e-10
-1.77288e-09
3.67499e-10
2.24707e-09
-2.18018e-09
-1.73487e-09
4.57696e-10
-1.60442e-10
-2.1955e-10
-8.17e-10
7.81923e-10
-6.77943e-10
-4.49418e-09
-1.08859e-08
-4.40025e-09
-3.93644e-10
1.00536e-10
1.42633e-10
-3.49421e-10
-9.31601e-10
3.48165e-10
-1.11825e-08
1.80414e-09
1.07888e-09
-6.16684e-11
-6.34315e-11
1.07182e-10
3.45792e-11
5.77356e-10
-2.74527e-11
1.19844e-08
7.37401e-09
1.00956e-08
-1.70466e-10
-1.18212e-10
1.08202e-10
6.17571e-10
3.95793e-12
2.18625e-10
4.0959e-09
3.16257e-09
2.82666e-09
2.4611e-10
9.36807e-11
7.28013e-10
8.885e-11
-1.02844e-10
2.27048e-10
1.43001e-09
7.56972e-10
1.02388e-09
6.76559e-10
8.9175e-10
-1.81287e-09
5.22345e-10
-2.52166e-10
-2.73591e-10
7.05063e-11
-3.8101e-10
-7.65896e-10
1.31261e-10
3.05189e-10
-8.15331e-10
9.04725e-10
3.49156e-10
-4.40053e-10
-4.74798e-10
-9.23823e-11
-1.10948e-09
1.0659e-09
-1.13014e-09
3.55132e-09
-8.66889e-10
-1.50674e-09
1.03528e-09
-4.42421e-11
2.20888e-10
-5.02926e-10
-4.53786e-10
2.68371e-10
3.37105e-10
5.86955e-10
9.09224e-10
1.41872e-09
2.71438e-10
1.42688e-10
-1.15215e-10
-3.42698e-09
4.44027e-09
-2.1839e-09
1.66247e-09
-7.46308e-10
-9.99829e-10
1.81914e-10
-7.16342e-10
-2.23269e-10
6.35026e-09
-9.01804e-09
-3.04307e-09
1.06347e-09
-2.97708e-09
-1.79166e-09
-1.30101e-10
6.63015e-10
2.6418e-10
1.15789e-08
2.20872e-08
9.97138e-11
-1.2718e-09
-7.21114e-08
-1.70439e-08
-4.81661e-10
-1.38167e-10
-1.7185e-11
-1.85643e-08
-1.24504e-08
2.55035e-09
2.58701e-10
-3.11242e-10
2.27541e-08
4.39474e-11
-2.54542e-11
3.97715e-11
-5.5187e-10
5.17033e-09
-4.63298e-10
-2.78113e-09
8.87244e-09
-2.73623e-09
1.26905e-11
-9.13866e-11
2.09153e-10
4.64363e-09
1.13765e-09
9.68158e-10
2.39574e-08
-1.27291e-09
-3.03698e-09
-5.8397e-10
-6.13257e-10
2.26783e-10
-1.00281e-08
-5.84787e-09
1.18676e-09
-4.68635e-10
-2.49166e-10
-5.94793e-10
2.14845e-10
-3.73283e-09
-1.10969e-09
-9.58461e-10
-9.94963e-10
-8.79701e-10
-8.5838e-10
-2.7689e-10
-1.42621e-09
-1.70247e-10
-1.50009e-12
7.07989e-11
4.90728e-12
6.46568e-11
-1.09638e-11
-2.44177e-11
1.28704e-11
-7.70117e-12
3.36579e-11
-7.1538e-10
3.01203e-10
-1.59e-09
5.24327e-10
-5.35672e-10
3.32904e-10
8.54951e-10
-5.47307e-10
4.30469e-09
-2.14004e-09
2.14447e-10
-2.26958e-10
-2.23135e-10
1.36517e-10
-3.63426e-10
7.16129e-11
7.39437e-11
-3.14605e-11
-2.54823e-09
3.5808e-09
4.11319e-10
1.15541e-10
-3.18161e-10
-4.94825e-11
-1.23368e-10
-8.70464e-11
-4.20131e-11
-2.62322e-11
1.21819e-11
-2.53074e-11
6.15302e-11
-3.53852e-11
1.07506e-11
-1.58784e-11
-2.30973e-11
-5.80066e-12
-3.76199e-11
1.38365e-12
-6.27675e-13
-5.77441e-12
-1.52172e-11
7.77899e-12
-5.9601e-10
7.06929e-12
-7.38453e-10
8.5703e-10
-1.27632e-08
-3.26387e-10
5.699e-10
-2.05104e-10
4.23211e-10
-8.90769e-11
-6.61923e-10
1.59881e-10
-5.40617e-10
9.41426e-11
-8.52191e-10
3.41206e-10
7.03617e-10
5.64731e-11
4.2302e-11
7.58598e-12
4.05261e-10
-5.78688e-11
4.08344e-11
-1.02623e-10
-2.83918e-11
-5.40657e-11
4.50681e-11
-3.43569e-11
5.63954e-11
-3.49972e-11
-1.37839e-10
2.02554e-11
-7.44265e-12
-5.69268e-12
-4.60719e-11
-1.59451e-13
-1.24272e-11
3.81511e-12
7.26266e-12
-9.90688e-12
2.81334e-11
7.47836e-12
-3.54529e-10
7.76232e-11
4.50796e-10
9.59194e-12
2.36581e-10
-4.04703e-10
9.10702e-11
4.71154e-11
-6.01577e-13
8.24083e-10
-1.53396e-10
-4.41657e-10
3.16326e-10
7.11557e-12
3.30424e-12
-1.4656e-11
-1.97956e-11
-6.22963e-11
1.47444e-12
-5.96019e-11
8.48205e-12
-6.42924e-11
1.25791e-11
-1.87379e-11
-7.89776e-12
2.08319e-11
9.65363e-12
1.06215e-10
-5.39652e-12
-2.28775e-10
4.51645e-12
-3.31624e-10
1.42218e-10
-8.12107e-10
2.87518e-10
1.01197e-09
-3.59443e-10
9.61686e-10
-3.71288e-10
1.01673e-09
-3.22949e-10
-1.15742e-09
5.93081e-10
-3.67522e-10
7.4158e-11
-3.51603e-10
5.43661e-11
4.92039e-10
-6.37704e-11
2.64582e-10
-2.98759e-10
8.15999e-11
-9.03296e-12
-1.62369e-10
3.32226e-11
-1.68264e-10
1.44109e-11
-1.39428e-10
1.12382e-11
-6.20725e-10
3.33672e-10
-3.62839e-11
-2.16569e-11
-4.9256e-11
-6.17766e-12
-2.58412e-11
1.70795e-12
-7.35907e-11
2.80318e-11
-3.10656e-11
1.71161e-11
-1.60815e-11
6.07928e-12
4.71351e-11
1.22133e-11
-7.26771e-11
2.20314e-11
-2.65935e-10
8.77193e-11
-1.5705e-10
1.48388e-10
-1.57723e-09
5.75233e-10
1.12211e-09
-3.39207e-10
2.86368e-10
2.05202e-11
1.40596e-09
-4.83619e-10
-1.76003e-09
6.17367e-10
-6.82928e-10
1.48683e-10
3.34776e-10
-1.64636e-10
8.08159e-10
-1.71847e-10
-1.32868e-10
2.69788e-11
-6.10054e-11
-1.69246e-12
-1.86404e-10
3.93218e-11
-1.37055e-10
9.5595e-12
-1.26094e-10
-3.93971e-12
-3.72519e-10
-1.04646e-10
-4.22492e-12
-1.11576e-10
-1.2321e-10
-4.35916e-11
-2.71893e-10
-4.80244e-11
-1.27239e-10
1.66144e-11
-4.67644e-11
1.05102e-11
-5.07811e-11
-6.49311e-11
-2.38407e-11
-4.71252e-11
6.2761e-12
1.27413e-10
1.55873e-11
-3.12612e-11
5.66959e-11
-1.27656e-11
1.1493e-11
-7.38974e-12
5.66225e-12
8.55133e-12
3.37499e-12
-7.23425e-12
2.56185e-12
-9.02582e-13
1.07901e-12
-1.39659e-11
6.95801e-12
-1.64671e-10
-1.10578e-10
-2.95406e-10
6.72974e-10
-2.40076e-09
6.34349e-09
-2.37561e-09
-4.34869e-10
-3.49865e-12
1.01165e-08
4.70939e-09
2.53046e-09
3.4219e-09
6.16803e-09
-4.32116e-09
4.93033e-09
4.32932e-10
-8.63406e-10
4.06831e-10
9.75083e-11
7.31885e-09
1.92479e-09
1.01869e-09
-1.6516e-08
1.96704e-08
1.625e-08
-2.27632e-08
3.20845e-09
1.50381e-09
8.0879e-10
1.04514e-09
6.92674e-10
-7.70791e-10
4.9709e-10
3.97384e-10
-1.04655e-08
-4.13793e-09
-1.88118e-09
-4.09645e-09
-1.03366e-08
-1.47991e-10
-1.58219e-10
-1.4693e-10
-2.84803e-10
7.44129e-10
7.29853e-10
3.07529e-10
5.40215e-11
-5.10549e-10
-3.66988e-10
2.93654e-10
1.53476e-10
-8.9161e-10
-1.18995e-09
-1.89295e-08
-6.93573e-08
-1.5934e-08
-2.04895e-10
-6.13496e-08
-1.14746e-08
6.45568e-08
-5.08047e-09
2.66734e-08
1.70783e-08
-1.01386e-08
8.51184e-09
-1.38291e-08
-5.61766e-08
-2.63439e-08
1.48043e-08
-1.94183e-08
7.2272e-08
-6.91975e-08
-9.62236e-08
1.06208e-08
-6.36511e-09
-6.92955e-09
2.88638e-09
1.24677e-10
1.97761e-08
6.09261e-08
2.42327e-08
2.02355e-08
4.38572e-08
8.38043e-08
1.45687e-09
3.40948e-09
2.42034e-08
5.37891e-08
-9.84659e-10
-7.12779e-10
-1.85091e-10
-7.41622e-10
-6.96681e-10
1.42863e-09
7.65641e-10
4.61569e-10
1.43433e-08
7.94237e-09
-7.85104e-09
5.4879e-09
1.05161e-08
1.02048e-08
3.73863e-08
4.93734e-08
2.67433e-09
-1.09831e-09
5.20806e-08
3.34447e-09
-5.37218e-09
2.57541e-09
3.28267e-09
2.13287e-09
-3.30311e-10
9.49591e-10
1.70539e-09
-8.17217e-09
7.46017e-09
2.27092e-09
4.00974e-10
4.83982e-10
-9.7902e-11
-4.88801e-11
2.99186e-10
-1.0166e-09
1.16663e-08
1.16219e-08
1.54514e-09
-4.07039e-08
-1.08874e-08
-2.30139e-08
-2.73865e-09
3.76854e-08
1.21455e-08
-4.56741e-09
-3.46302e-10
4.32298e-10
-1.40321e-10
1.20382e-10
5.25871e-10
-1.2939e-09
1.05288e-09
6.4722e-10
1.36559e-09
6.94013e-10
3.06495e-11
-8.34452e-10
-1.23811e-10
-6.05024e-10
-2.27474e-09
-2.53322e-09
-5.23874e-09
-1.36016e-08
-7.15318e-09
-3.75967e-09
-1.83896e-08
6.03103e-09
-4.42556e-09
7.32158e-09
-9.22382e-10
-3.08403e-10
-3.46922e-10
-9.59625e-10
7.81836e-10
-1.63039e-09
3.61915e-10
1.542e-09
1.12019e-09
1.79845e-09
-4.84901e-10
-2.67881e-10
-2.2511e-10
-3.0086e-10
-5.6551e-09
-3.51368e-09
-5.30156e-09
-2.89614e-09
-5.9625e-09
5.58526e-11
-4.30665e-09
-9.63185e-09
-2.14193e-09
-1.77747e-10
-4.47277e-09
3.34012e-09
-1.14005e-09
4.90045e-09
-6.1679e-09
-2.22521e-09
-1.59873e-09
2.52934e-09
1.26347e-09
-4.87917e-10
7.84073e-10
5.13558e-10
-2.09701e-10
-1.27217e-08
-1.87848e-09
-5.89275e-09
-3.90595e-09
-2.0339e-09
-2.1037e-09
-2.3339e-09
6.39892e-10
-3.45335e-09
9.84602e-10
1.34465e-10
7.22746e-10
-4.75478e-09
-7.16671e-09
9.19113e-09
2.55155e-09
-5.9371e-09
1.17093e-09
-7.58702e-10
-1.34907e-09
1.35181e-09
2.17975e-09
1.50753e-10
-3.87675e-10
-2.41697e-10
8.90625e-10
3.38066e-09
-1.1725e-09
-1.44537e-09
-8.71098e-10
-1.06138e-09
-1.20199e-09
2.7657e-10
5.22703e-10
-7.73262e-10
3.28055e-10
1.15216e-10
-6.657e-10
-6.64288e-09
7.50226e-09
-2.19923e-09
4.02106e-09
1.15757e-09
-4.93314e-09
6.90359e-09
7.90551e-10
-1.86918e-10
4.71469e-09
8.75623e-10
-9.6141e-10
-1.1077e-09
-5.7557e-10
-9.50602e-10
-6.31209e-10
-1.01847e-09
-2.19155e-10
-6.71963e-10
-1.38339e-09
5.09247e-10
2.41372e-09
4.54613e-09
-4.81082e-09
-6.33407e-09
1.15905e-09
-1.3211e-09
-5.29853e-10
-8.39015e-10
5.71105e-09
-4.54191e-09
1.13599e-08
3.12792e-09
-2.79647e-10
2.39277e-10
-6.34602e-10
-4.62977e-10
-2.13582e-10
-4.08202e-10
-3.64681e-10
-8.29147e-10
-6.79093e-10
-1.71416e-09
-2.0794e-09
-3.80276e-09
-1.72889e-08
-1.01121e-08
4.97309e-09
-5.04734e-09
-4.17916e-09
-8.0491e-10
-1.15066e-09
-3.71623e-10
2.56178e-09
-4.95821e-09
-3.24727e-09
2.27297e-10
-9.0711e-11
-4.3957e-12
-5.81936e-10
2.48013e-11
3.43777e-10
-1.55781e-09
9.64086e-11
9.59571e-10
-2.13105e-09
-2.98662e-09
-3.98515e-09
-4.19361e-09
-1.36766e-08
-1.88554e-09
1.27188e-08
2.83434e-09
-1.33544e-08
6.48496e-10
-2.27965e-09
7.79554e-09
-1.39581e-08
6.98695e-09
1.03313e-08
9.30371e-10
-6.78473e-11
-1.22246e-10
-1.90768e-10
1.89584e-10
-4.17872e-10
2.73172e-10
-7.72515e-10
-8.24193e-10
-1.44123e-09
-3.21027e-09
-1.13183e-09
-4.13151e-10
1.37219e-08
4.92991e-09
-1.80044e-08
1.80692e-09
7.54178e-09
5.50118e-09
-1.23566e-09
-2.15409e-10
5.33638e-09
-2.73921e-08
-5.49851e-09
-1.38697e-09
-5.70817e-11
-4.18965e-11
-5.80486e-11
5.27324e-11
-6.11555e-10
6.2523e-10
-7.03123e-10
-9.05514e-10
-6.15692e-10
-2.34616e-09
-1.29165e-09
-7.02165e-09
-3.08559e-09
4.23283e-09
-5.01243e-09
2.7196e-09
-4.60353e-10
-4.27083e-09
2.09637e-09
-1.17469e-08
6.41596e-09
1.79251e-08
-2.00611e-09
-1.03038e-09
-1.39104e-10
2.26554e-10
-4.27163e-10
-2.32679e-10
-1.56049e-10
-3.83262e-10
-1.31605e-09
-1.20958e-09
2.06774e-10
7.0726e-08
-2.21129e-09
-6.82081e-08
-9.24851e-09
-4.12386e-09
1.47863e-09
4.09626e-09
-1.42694e-08
-7.17894e-09
-1.51672e-10
-1.26518e-10
-2.11337e-08
2.23559e-08
-1.02567e-09
-6.50255e-13
4.17561e-10
-1.33841e-09
7.30881e-10
7.87826e-10
1.95735e-09
-6.85582e-10
1.3245e-09
-6.05623e-10
1.38958e-07
-2.08148e-07
9.42043e-08
-2.49848e-08
1.10003e-08
1.91962e-09
-3.17806e-08
-4.94632e-09
1.58549e-08
4.35161e-09
-2.07678e-09
2.79404e-09
5.97266e-11
-2.81316e-08
1.22403e-09
3.26304e-10
7.46104e-11
-5.21028e-10
-8.72628e-10
-1.05273e-09
-4.25486e-11
1.43063e-09
4.95572e-10
1.73542e-10
-4.79627e-09
-1.30715e-09
-1.49519e-08
-3.92293e-09
5.24997e-09
7.56131e-09
8.7427e-09
4.65678e-09
-2.8567e-09
-1.04324e-08
4.02352e-09
3.80619e-10
-1.67087e-08
-1.07175e-08
-6.54497e-10
-2.75236e-10
6.07641e-11
5.00506e-11
-3.12858e-10
1.89641e-09
2.06897e-09
-1.18757e-09
-1.20628e-09
2.14035e-09
2.54991e-09
5.04726e-09
3.79095e-09
-4.06021e-10
-9.40063e-09
1.56184e-09
1.0068e-08
-3.61371e-09
-1.29383e-08
-1.45128e-09
-6.15983e-09
-1.06619e-08
-2.24881e-08
-1.98179e-08
8.58659e-10
-2.19685e-10
9.75853e-12
2.31497e-10
3.03974e-11
-3.9483e-09
1.95839e-09
-7.38618e-10
1.19329e-09
1.89128e-09
4.36854e-09
3.4743e-09
6.01563e-09
9.48395e-09
4.8345e-09
3.23234e-09
-1.14129e-08
-2.14512e-09
1.69038e-08
1.88449e-08
5.84896e-09
8.88493e-09
5.61306e-09
1.23635e-08
-1.04149e-08
8.97636e-11
6.00392e-12
5.38305e-11
-7.59786e-09
1.05927e-08
8.5091e-09
-9.0235e-09
-1.15446e-09
8.07568e-10
2.94635e-09
3.4169e-09
5.40407e-09
5.55757e-09
7.06749e-09
-3.01555e-09
8.18123e-09
1.96767e-08
1.01309e-08
9.62544e-09
4.71874e-10
-5.27366e-08
1.14679e-07
9.26768e-09
-2.155e-09
1.34397e-10
4.26073e-11
1.37661e-10
4.9138e-10
2.02247e-09
-2.91424e-09
9.43943e-10
-1.22103e-09
-1.48914e-09
1.18383e-09
2.18998e-09
2.87456e-09
2.82265e-09
1.64482e-09
5.93785e-09
9.0592e-09
8.79605e-09
-4.96315e-09
-6.21832e-09
1.07903e-08
-2.52958e-09
1.89804e-08
1.05614e-08
-6.57791e-10
4.3821e-10
1.79092e-10
4.69197e-10
6.51457e-09
1.25411e-10
-8.34822e-10
-4.28396e-10
1.3179e-09
-9.34022e-12
-1.44668e-09
5.27781e-10
1.66812e-09
-1.12359e-08
4.17742e-09
-1.70593e-09
9.65629e-09
3.07991e-09
-7.90764e-09
1.29938e-10
-7.07765e-09
-2.42106e-09
2.69852e-09
5.57597e-09
-1.28337e-09
1.63348e-10
-2.37781e-10
-4.50997e-10
2.21555e-10
1.59739e-09
-4.18562e-10
-2.47564e-09
-1.48752e-09
-5.92612e-10
1.15697e-09
-7.42154e-10
-1.68491e-08
4.54259e-08
6.34605e-09
6.49246e-09
5.39391e-09
-1.41951e-08
6.56223e-10
-2.91478e-09
-5.40384e-09
-4.85367e-09
-5.02473e-09
-5.64879e-10
-3.68898e-10
-2.42692e-10
6.4171e-10
4.33896e-10
-3.11156e-09
-1.94558e-12
8.787e-10
-3.29997e-10
1.60482e-11
-1.68875e-09
1.12185e-09
8.79773e-11
-1.03978e-08
3.80537e-08
-1.72881e-08
-3.49411e-09
-2.38585e-09
4.67928e-10
6.57944e-10
-1.12974e-09
-1.67187e-09
3.34287e-10
1.78252e-09
-7.4829e-11
4.49421e-10
-3.49994e-10
-7.34855e-10
-9.4391e-11
8.69327e-10
-3.39664e-10
2.30237e-10
1.10872e-09
1.59493e-11
1.43903e-09
-1.57277e-09
5.52945e-10
3.04689e-08
-2.27288e-09
1.95179e-09
-1.18e-09
-1.43091e-09
1.13327e-09
-1.03562e-09
1.34489e-10
1.91675e-10
3.66556e-10
3.17699e-09
-2.53827e-10
-1.53937e-09
-1.21471e-10
-4.0093e-10
3.21173e-10
1.82425e-10
-7.80134e-10
6.84335e-11
-6.58866e-11
-9.51201e-11
-1.54739e-10
-1.7381e-10
6.1673e-10
-1.4818e-10
-1.10317e-10
-9.37286e-11
-4.34763e-11
-4.261e-10
3.16522e-12
-3.34848e-09
1.13786e-10
-1.07084e-08
2.44095e-10
-2.05565e-11
2.63294e-09
-2.02218e-11
-3.41811e-11
-7.30013e-10
-3.01179e-11
-3.21893e-11
-1.07649e-09
-4.08499e-11
-8.35171e-11
-7.05884e-10
1.15112e-10
9.90656e-10
5.73988e-10
-1.32765e-09
-8.5244e-11
-1.08767e-10
1.49646e-10
4.58756e-11
-1.80051e-10
4.07013e-11
6.82226e-11
1.08519e-09
2.27383e-11
1.20405e-10
-5.46489e-09
8.67223e-11
1.18235e-10
2.4297e-10
1.1751e-10
1.13602e-10
4.29499e-10
1.69089e-10
8.45802e-11
-4.85801e-11
9.32107e-11
-1.77608e-11
-4.39252e-11
-5.74999e-10
-5.52655e-11
-7.13757e-10
2.14179e-10
-6.12167e-10
1.0064e-10
-9.47103e-10
6.54519e-11
3.71634e-10
1.91703e-10
1.37505e-09
-1.76592e-11
-4.60172e-09
1.61901e-08
-1.85096e-08
5.33848e-10
3.18819e-09
-9.95037e-10
-2.11831e-10
4.12317e-10
-1.76771e-10
-3.2471e-10
-6.72538e-11
1.20434e-10
-5.7681e-09
3.84765e-10
3.18784e-10
-3.3452e-10
-1.55026e-09
-6.92971e-10
-3.19831e-09
-2.78551e-09
-1.38492e-09
1.76507e-09
2.57109e-08
-5.96109e-08
6.61553e-09
1.88094e-07
-1.20303e-07
-5.46823e-09
-4.82569e-10
-1.74863e-10
-1.79358e-10
-7.54058e-09
1.10647e-09
7.60273e-10
5.58002e-10
5.86289e-10
-8.18271e-10
1.6196e-09
2.00081e-09
-1.52088e-10
-7.12463e-10
1.09238e-09
-8.52256e-11
-1.88753e-10
5.01972e-11
-1.71784e-09
-7.32804e-12
-2.7798e-10
1.36542e-10
5.72635e-10
-1.83513e-10
-3.82801e-10
-4.51471e-10
-2.27997e-10
-1.5728e-09
1.74488e-10
-4.89898e-10
-3.72801e-10
-3.8339e-11
-3.50349e-10
-4.2398e-10
-5.55086e-12
-1.88156e-10
-2.72836e-10
1.10231e-09
-6.75557e-10
2.14197e-10
-3.1322e-11
3.91373e-10
-4.48991e-11
-6.10671e-10
-1.1805e-11
-4.67944e-09
1.22163e-08
1.1446e-08
-2.64151e-10
3.13272e-09
-3.11478e-10
6.79078e-10
2.99684e-09
-5.27652e-09
-1.53674e-09
-3.03412e-09
1.53134e-09
-3.74625e-10
-8.51297e-09
6.15085e-09
-1.6939e-09
1.54112e-09
-6.37561e-10
3.68577e-10
-1.9163e-11
-2.57627e-11
1.91791e-09
6.71721e-09
1.78339e-09
-6.93023e-10
-3.40164e-11
-1.8552e-10
-1.20661e-10
1.68465e-10
5.55936e-11
-9.1599e-10
5.73941e-10
5.89094e-09
-3.61169e-12
-4.10737e-11
-4.80826e-11
1.87073e-10
1.44687e-10
-1.2658e-10
-1.12055e-09
-1.05471e-09
-4.61541e-09
-3.72376e-11
-5.87244e-11
-7.58928e-11
-3.28876e-10
-7.30429e-11
-3.56036e-11
1.11482e-10
-1.05977e-09
-2.14133e-09
-7.00609e-11
-8.85303e-11
-5.06844e-11
-2.36184e-10
1.36139e-10
-1.05169e-10
8.58103e-10
2.59371e-09
-3.2487e-09
-7.97143e-11
4.49783e-09
-1.43649e-09
-1.01159e-10
-3.32748e-09
-1.91807e-10
9.75615e-10
-1.20072e-10
6.43102e-11
-2.82929e-09
-4.10243e-10
-4.24409e-10
2.60379e-09
1.34964e-09
2.01973e-09
-8.00294e-10
-2.0633e-09
1.38202e-09
4.50551e-10
1.06736e-10
1.31746e-10
-7.97331e-10
8.56866e-11
3.26355e-10
-1.18536e-09
-1.23107e-09
9.75306e-10
1.30686e-10
1.36254e-10
7.89908e-11
1.15631e-10
-2.00819e-10
1.27685e-10
-1.31297e-09
-1.5257e-09
-2.65175e-10
1.26776e-10
8.33874e-11
1.33605e-11
-6.11193e-11
6.73853e-10
2.12401e-10
1.21236e-08
4.26627e-09
-7.29597e-09
6.91807e-11
4.10964e-11
3.91661e-11
1.53936e-10
3.1157e-10
2.57501e-10
1.04565e-09
3.13297e-09
-4.0248e-09
3.50998e-11
5.90573e-11
7.68663e-11
-3.92175e-11
-2.57498e-10
-1.03498e-10
1.65544e-09
1.07734e-09
2.05911e-09
-2.48147e-10
4.81011e-09
-5.74984e-10
2.012e-10
-6.32945e-09
-3.50999e-09
-2.15562e-10
3.91007e-11
-5.7764e-10
4.73806e-10
-2.25802e-10
9.0105e-11
1.11164e-09
4.77355e-10
-5.12479e-10
-6.01822e-10
-3.43198e-10
-1.53016e-09
-5.82965e-10
2.87268e-10
-9.20038e-10
-2.90236e-10
-5.99841e-09
1.60178e-10
7.4361e-10
6.64895e-09
8.10691e-09
-2.46536e-10
-3.34357e-10
-6.04988e-09
1.00832e-10
1.01063e-09
-4.99255e-10
-7.9599e-10
-5.64106e-10
1.59821e-09
3.4909e-10
2.10456e-09
3.05275e-10
-1.87505e-09
-1.75481e-09
5.94164e-10
3.88248e-09
-1.90256e-09
-5.06819e-10
-1.06434e-09
-2.26933e-08
3.20666e-10
2.38923e-09
1.90946e-08
1.12828e-08
-2.60003e-08
-1.97806e-08
-2.61448e-09
5.64208e-11
2.10592e-09
3.76586e-09
8.17906e-09
-6.92153e-10
-1.05659e-08
-5.37538e-09
-4.776e-09
2.40788e-09
1.58024e-09
7.78192e-10
-2.09608e-11
-1.37005e-10
-4.37459e-10
-5.83686e-10
-1.27483e-09
-7.23756e-10
-6.91027e-10
-4.2546e-10
-7.54274e-10
-3.2977e-10
-4.02777e-09
-6.35721e-09
4.48992e-10
-1.21733e-09
-4.57032e-09
8.90715e-09
-5.03424e-10
8.75123e-10
1.26993e-09
1.06877e-11
1.69239e-10
-2.04633e-09
-4.97038e-11
1.00117e-11
9.82143e-11
-2.53444e-11
-3.63466e-10
1.34375e-10
-3.44629e-10
1.38001e-10
-3.27176e-12
2.17261e-11
4.89226e-10
-2.03226e-10
-3.13481e-10
1.12706e-10
-1.07939e-10
7.61561e-11
-6.8182e-10
2.33459e-10
4.59921e-10
-1.21486e-10
2.20949e-10
-3.34441e-11
5.31267e-11
4.24315e-11
8.01918e-11
1.04069e-12
-1.46019e-10
-2.46621e-11
-4.85413e-10
-6.60286e-10
1.7245e-10
-4.90322e-11
1.06197e-10
-7.57117e-11
6.04015e-11
-9.99103e-11
-4.50933e-11
1.27097e-11
-1.98509e-10
7.30125e-11
-9.43902e-11
-2.98928e-11
-2.48073e-10
-1.10953e-09
-3.17751e-10
1.39938e-10
-3.48634e-09
-1.63895e-11
5.09184e-10
-4.69776e-11
1.48531e-10
1.98927e-11
5.11696e-11
-1.66339e-11
-1.85126e-11
-4.49783e-11
-1.64609e-11
-4.87162e-11
1.01799e-10
-5.19872e-11
6.06951e-10
-2.20417e-10
9.27972e-11
-3.34019e-11
1.58877e-10
-1.83313e-11
6.7077e-11
2.16939e-11
2.62779e-11
6.24789e-12
-7.68e-11
2.04053e-11
5.66584e-10
5.49348e-10
1.80711e-09
-1.91957e-09
1.73776e-10
-9.13686e-11
-1.50742e-11
-2.60033e-11
-1.35293e-10
7.3625e-11
-1.60641e-10
3.84481e-11
-1.47265e-10
-6.71398e-12
-1.9781e-10
1.27761e-09
-1.03105e-09
4.48717e-10
5.07397e-09
-2.57428e-09
4.51725e-10
-7.65317e-11
8.07429e-11
4.00861e-11
-6.81685e-13
-6.32378e-11
1.48584e-12
-4.58928e-11
8.07722e-11
-6.17493e-11
-8.37478e-11
2.12866e-11
-1.59355e-10
4.0107e-11
-3.38398e-10
4.88675e-10
8.32402e-10
8.27403e-11
-2.21742e-11
8.14724e-11
-4.53121e-11
7.12006e-11
-4.01406e-10
-4.76599e-11
3.0777e-11
4.58976e-11
2.89888e-11
2.80416e-11
-8.16031e-12
-1.1872e-10
-8.4711e-12
-3.65931e-11
7.08691e-12
-2.29661e-11
3.02349e-12
-2.74915e-11
1.5148e-10
-1.15864e-10
-1.57482e-10
4.59404e-11
-3.01837e-11
1.52635e-12
-2.40436e-11
3.95649e-12
-2.351e-11
7.99709e-12
-8.20262e-12
8.03939e-12
-1.05696e-12
7.91772e-12
1.7834e-11
5.97158e-12
2.03946e-11
1.34866e-11
7.69675e-12
1.04028e-11
3.29766e-12
7.62642e-12
8.77322e-12
2.77949e-12
1.08167e-11
-7.2712e-13
-2.09904e-11
-9.69961e-12
-1.4676e-11
-5.66568e-12
-2.59224e-11
-1.88037e-11
3.2461e-11
7.8734e-11
-1.18668e-11
-2.56837e-11
-2.30133e-12
-2.85812e-11
6.08843e-12
-2.35214e-11
4.24581e-12
-1.50377e-11
1.43091e-10
-3.05751e-10
-5.40038e-11
1.23568e-11
-2.10226e-11
1.82081e-12
-2.67104e-11
6.65362e-12
-1.52982e-11
6.87058e-12
-4.64652e-11
2.12406e-11
-5.52312e-11
5.75918e-13
1.39243e-11
5.72072e-12
1.29512e-11
9.93589e-12
1.03334e-11
1.2183e-11
1.0307e-11
8.60877e-12
8.66073e-12
2.48674e-12
-2.29163e-11
-1.14673e-11
1.79181e-12
-1.33839e-11
2.90724e-11
-1.63751e-11
)
;

boundaryField
{
    inlet
    {
        type            zeroGradient;
    }
    outlet
    {
        type            zeroGradient;
    }
    wall
    {
        type            zeroGradient;
    }
    empty_zmin
    {
        type            empty;
    }
    empty_zmax
    {
        type            empty;
    }
    procBoundary1to0
    {
        type            processor;
        value           nonuniform List<scalar> 
35
(
2.68821e-08
-2.59314e-08
-3.33848e-09
5.75864e-09
2.25392e-09
2.25392e-09
3.81259e-10
4.32278e-10
-1.25632e-09
-6.36002e-10
-8.61667e-10
-5.1008e-09
9.05722e-09
1.54631e-08
1.65398e-08
1.2836e-08
5.05298e-09
-1.74254e-08
-8.37247e-09
9.05055e-09
-1.00706e-10
-7.01767e-13
-5.16002e-10
1.64766e-09
-2.641e-09
-2.641e-09
6.25431e-09
-2.03947e-09
8.13702e-09
-3.90814e-10
-5.93895e-10
3.26276e-11
2.13586e-10
-5.78858e-11
-5.78858e-11
)
;
    }
}


// ************************************************************************* //
