/*--------------------------------*- C++ -*----------------------------------*\
| =========                 |                                                 |
| \\      /  F ield         | OpenFOAM: The Open Source CFD Toolbox           |
|  \\    /   O peration     | Version:  2406                                  |
|   \\  /    A nd           | Website:  www.openfoam.com                      |
|    \\/     M anipulation  |                                                 |
\*---------------------------------------------------------------------------*/
FoamFile
{
    version     2.0;
    format      ascii;
    arch        "LSB;label=32;scalar=64";
    class       volScalarField;
    location    "3.99";
    object      initialResidual:p;
}
// * * * * * * * * * * * * * * * * * * * * * * * * * * * * * * * * * * * * * //

dimensions      [0 0 0 0 0 0 0];

internalField   nonuniform List<scalar> 
2367
(
-1.05084e-09
6.8912e-10
-2.15584e-08
2.41568e-08
-2.47394e-09
-9.15563e-10
7.64359e-10
4.49062e-10
-1.13861e-10
1.00872e-11
4.72037e-10
-1.14608e-09
-8.05492e-10
-1.86035e-09
-1.84666e-08
2.75915e-08
-5.11236e-09
4.49764e-10
2.71075e-08
1.43153e-08
4.324e-09
7.4221e-09
-1.45707e-08
6.25907e-09
4.22099e-09
-1.16922e-08
5.44763e-09
-2.63928e-08
-5.3763e-09
1.90979e-09
6.24684e-09
-2.19158e-09
-4.04438e-09
-3.29891e-10
-7.46226e-10
-3.10107e-09
8.68985e-10
5.65268e-08
-5.08191e-08
-6.93985e-08
5.64826e-08
-1.70357e-09
2.00389e-09
1.53573e-08
3.19954e-09
1.95794e-09
2.11618e-08
-7.08056e-09
5.55649e-09
-2.09531e-09
3.70247e-09
-3.0968e-09
-8.85669e-10
3.1666e-09
-5.74898e-09
-2.63258e-09
3.06982e-09
-1.95014e-10
-7.96507e-11
-2.02713e-09
3.31073e-11
-1.02741e-09
1.27381e-08
-1.20898e-08
6.57515e-09
-7.25277e-09
-9.59257e-09
4.81952e-09
1.13164e-08
-4.17304e-09
-1.21195e-09
1.49152e-08
-2.19742e-08
-1.97888e-09
-1.10144e-08
1.00205e-08
5.85062e-09
-1.43153e-09
-2.067e-09
4.43705e-09
-1.42211e-08
8.70942e-09
-5.36815e-10
-2.36056e-11
3.93193e-11
-9.41015e-11
-2.25379e-09
-5.52897e-10
-1.89944e-09
2.50813e-10
3.97746e-09
7.51772e-10
1.75625e-09
1.26112e-09
-4.02711e-10
2.63598e-10
-2.01534e-09
8.0333e-10
-4.17755e-09
-8.27704e-09
1.84189e-08
-1.45843e-08
8.83439e-09
2.81247e-10
-8.01792e-09
8.27853e-09
-2.94096e-09
-1.32799e-08
-2.16138e-08
-1.21428e-08
-1.23124e-08
4.75645e-09
-7.43249e-09
-4.48979e-08
6.21965e-08
-1.20437e-09
3.51679e-09
4.87377e-10
9.19989e-10
-3.57436e-10
-1.64589e-09
-3.1498e-09
1.51408e-08
-1.30533e-08
-8.47512e-09
1.91214e-08
-3.61326e-09
-3.76955e-09
-6.08718e-09
-1.42016e-08
6.86012e-09
-2.26531e-08
-8.58983e-09
-4.61501e-08
-1.89676e-08
7.86926e-08
-5.10615e-08
-9.13574e-09
3.67496e-09
-6.70677e-09
4.51613e-09
2.59589e-10
1.52908e-10
-6.02815e-10
1.05842e-09
-2.4505e-09
1.16257e-09
1.80133e-08
-1.80618e-08
-3.7711e-10
1.32681e-08
-1.65138e-08
-1.03261e-08
-1.5249e-08
7.34938e-10
5.32321e-09
-1.28893e-08
6.06747e-08
-5.61556e-08
-1.14398e-08
-7.57295e-09
8.15878e-08
-5.46378e-08
-2.00225e-08
-2.52592e-09
-1.4794e-10
5.50226e-11
-2.95099e-09
4.02077e-10
-2.16238e-09
5.08595e-09
-2.1407e-09
-1.64513e-09
-1.26163e-08
-2.9747e-09
9.30618e-09
-6.72038e-09
-3.03964e-09
-1.30013e-08
-1.03453e-08
9.12253e-09
3.79587e-08
-9.74548e-09
-2.13164e-08
9.90357e-11
-7.55108e-08
3.52075e-08
2.23292e-08
-5.3694e-09
-5.42219e-10
-3.616e-10
6.9649e-10
-6.91154e-10
-3.02564e-10
8.28844e-10
-1.60736e-10
-6.38324e-09
3.07054e-09
-1.43768e-08
9.39256e-09
-9.65207e-09
-7.61067e-09
-5.99676e-09
1.41724e-08
4.16243e-09
-6.39443e-09
-4.94803e-09
2.31322e-08
1.16107e-08
-4.12388e-09
1.20339e-09
-2.25534e-09
-1.70372e-09
6.09592e-10
3.46425e-10
1.30649e-09
-1.15042e-09
2.6172e-09
-2.88741e-09
-1.21231e-09
-1.46806e-10
-3.67801e-10
-1.81594e-07
1.59532e-07
-1.26469e-08
1.92074e-08
1.78397e-08
-1.10557e-08
-8.96389e-09
3.01855e-08
2.61279e-08
4.95938e-09
-7.59017e-09
8.21009e-09
-8.18152e-09
-3.12964e-09
2.01722e-09
-4.43276e-10
1.45047e-09
8.04791e-10
2.05831e-08
-1.9438e-08
-6.13656e-10
-1.87459e-08
1.40885e-08
-2.83995e-09
1.86066e-08
1.81582e-08
1.46034e-08
-6.25173e-09
-9.25113e-09
-1.38947e-09
3.38867e-08
1.59692e-08
-1.69191e-09
-1.18979e-08
-5.26941e-09
2.28384e-09
7.7523e-09
-6.04438e-09
1.6997e-09
1.19714e-10
4.70038e-10
-6.30413e-10
-2.66435e-10
-9.73536e-10
-3.35782e-09
7.48868e-09
6.59958e-09
3.36279e-10
-3.88599e-09
4.96769e-09
1.15725e-08
1.52634e-08
6.71091e-09
2.80143e-08
1.73596e-08
-1.51651e-08
-4.54258e-09
-1.32901e-09
1.96774e-09
-3.29983e-09
1.69665e-09
5.69858e-09
-1.14006e-09
1.68231e-10
-2.55786e-11
-1.44809e-09
-8.84349e-11
2.15903e-09
3.2306e-09
-2.3686e-09
3.30319e-12
2.17028e-09
4.23331e-09
4.32108e-09
3.49852e-09
5.61398e-09
1.03963e-08
6.592e-09
-5.2421e-09
-8.09841e-09
2.89708e-10
3.86717e-09
1.64529e-09
1.64203e-09
1.83932e-10
1.25466e-08
1.30011e-09
2.29022e-10
1.58177e-10
2.56061e-09
3.05431e-10
-1.54834e-09
5.19339e-10
1.99264e-09
4.07834e-10
3.97434e-10
1.00995e-09
-2.59424e-08
6.79283e-09
-9.66983e-10
-1.0183e-09
-3.82614e-09
-3.68818e-09
-3.95523e-10
1.69095e-10
-1.19744e-09
-3.02597e-11
-1.84572e-09
3.57923e-09
2.66678e-09
1.12895e-09
8.34275e-10
-1.36222e-10
3.67934e-10
-6.59903e-11
1.31244e-10
-2.01496e-09
-2.17674e-10
3.92561e-10
-6.68949e-11
-3.23746e-08
4.12013e-08
2.3897e-08
-3.56608e-09
1.38444e-09
-2.66568e-10
-2.88983e-09
1.97298e-09
-4.63781e-09
-1.79219e-10
3.8667e-10
-2.74283e-09
-1.72948e-09
9.6253e-11
-2.4473e-11
-1.18312e-09
-4.27885e-10
1.28139e-10
-3.98062e-10
6.39721e-10
-3.01028e-09
-7.49792e-10
-1.49333e-09
3.35165e-10
3.79466e-08
1.32196e-08
-4.02971e-08
1.84956e-09
8.11348e-10
-3.10599e-09
1.24224e-09
-5.02333e-09
2.0053e-09
1.9824e-09
-2.79255e-09
3.13036e-10
-2.40485e-09
-7.28122e-10
-4.93077e-10
-1.33087e-09
7.58872e-11
-4.63187e-10
1.91358e-09
2.01885e-09
-4.25619e-09
4.9483e-10
-1.93013e-10
-2.36992e-09
-5.39225e-09
-2.98502e-08
6.12134e-09
1.65632e-09
-4.54567e-09
-1.79552e-10
1.32423e-09
-2.62738e-09
2.23249e-09
-1.81011e-09
-9.82375e-10
9.90415e-10
-5.67074e-11
-8.70127e-10
-5.17408e-10
3.84375e-09
-6.25376e-10
-3.19296e-09
2.19185e-09
3.39157e-09
-5.7838e-10
-1.68069e-09
8.59496e-10
-5.42882e-10
2.33409e-09
4.62314e-10
-1.13356e-09
-1.02241e-09
-5.67496e-10
3.62285e-09
-3.60528e-09
1.61605e-09
-1.7399e-09
-6.2973e-11
1.03522e-10
-5.39378e-10
-2.40719e-10
-3.79729e-10
-2.54776e-10
1.26972e-09
4.66788e-10
6.30625e-09
9.44077e-10
3.4208e-09
5.8117e-09
-3.5002e-09
-2.98736e-10
2.47654e-09
-5.19056e-09
3.04385e-09
4.84348e-09
-1.34007e-09
2.26918e-09
-1.87947e-09
-1.38372e-09
2.46721e-09
-1.32322e-09
3.77992e-10
-5.43313e-10
-7.92823e-10
-8.34764e-10
7.40315e-11
-2.11407e-10
-1.94731e-09
-1.89647e-11
7.38408e-09
-1.96722e-09
1.04909e-08
-2.00303e-09
-1.99519e-09
1.36383e-09
3.18106e-09
-1.43135e-09
3.06274e-09
3.68337e-10
-9.73542e-10
3.2604e-11
1.06924e-09
1.43307e-09
-4.49896e-10
1.12311e-09
-7.3444e-10
-3.90198e-10
-4.13599e-10
-6.61869e-11
1.28704e-10
-4.90084e-11
-3.39063e-09
-6.8175e-10
-1.03965e-08
2.17964e-08
-2.98699e-08
-3.30561e-08
3.13962e-08
-2.16391e-09
-4.56428e-09
-4.99845e-09
-2.48497e-09
1.95002e-09
-1.39486e-11
1.19462e-09
1.69029e-09
7.27313e-10
-3.05812e-10
1.95581e-10
3.75833e-10
-3.17746e-10
-2.09114e-10
-5.36561e-10
1.93237e-10
-9.26128e-11
-2.73301e-09
-1.84232e-08
5.21647e-09
2.5039e-08
-5.25589e-09
1.01492e-08
3.70493e-09
-8.96502e-09
-9.94445e-09
4.38241e-09
2.15671e-09
-9.13356e-10
2.03969e-09
-5.17977e-10
3.62772e-10
-4.7977e-10
-1.04062e-09
2.52992e-09
1.22039e-09
-1.93431e-09
-2.56528e-10
-4.28437e-11
2.68997e-11
3.32216e-11
1.6379e-09
2.83437e-08
3.68575e-08
-5.84205e-10
-1.6699e-08
-7.03586e-09
-5.0027e-09
-2.49382e-09
5.60251e-09
-7.48325e-09
-9.84673e-09
-5.69469e-09
-4.34021e-09
-1.48947e-09
-1.02429e-09
4.692e-10
6.88397e-10
-1.36658e-09
-4.48019e-10
-4.89254e-10
2.42801e-10
-2.923e-10
-4.76078e-11
-1.06416e-10
-6.32935e-10
-8.36274e-09
-1.88222e-08
-9.99578e-09
-9.74532e-09
2.30615e-09
-3.79304e-10
-2.76971e-10
-3.51733e-09
-6.22907e-09
-5.07562e-09
-8.10304e-09
-4.2603e-09
-2.83685e-09
-1.14477e-09
-4.02079e-11
-1.69986e-09
-3.69257e-10
2.00542e-10
-5.4179e-10
-1.10367e-10
-4.24654e-10
4.34636e-11
1.66654e-11
1.3132e-09
1.00923e-09
-5.57211e-08
7.18552e-08
6.22105e-08
-5.70032e-08
-3.23398e-09
5.47793e-09
3.72567e-09
-3.36058e-09
-9.17322e-10
2.31992e-09
-1.11574e-09
-1.07257e-09
-1.84946e-09
-9.72597e-10
2.22392e-10
-4.24616e-10
-1.74416e-10
-2.05866e-10
-7.64473e-10
2.31498e-10
1.32269e-09
-2.31939e-09
-1.42627e-08
2.55502e-09
-1.52719e-09
3.04355e-09
-1.63444e-08
-3.52967e-09
8.71364e-09
1.68571e-09
1.48691e-09
-1.74112e-09
1.44868e-09
-1.02523e-09
-1.028e-09
-4.87621e-10
-9.52032e-10
-1.56944e-10
1.50372e-10
-3.88023e-10
-6.91407e-10
-7.93717e-10
-3.29007e-08
-1.99904e-08
4.02934e-09
-2.29349e-09
-1.82196e-09
1.09194e-08
-7.28012e-09
-3.41253e-08
-4.19988e-09
-1.38495e-08
1.79891e-09
2.09369e-10
1.34295e-09
1.39011e-09
1.68606e-09
1.38837e-09
1.10593e-09
-8.74946e-11
-9.4911e-10
-1.58331e-09
-2.51838e-08
-5.35846e-08
-4.35059e-09
1.7615e-08
-1.13407e-08
-6.56902e-09
-7.61527e-09
2.69013e-08
5.67934e-09
-1.53558e-08
-1.03219e-08
-4.86541e-09
-3.03488e-09
-1.84734e-09
1.16183e-09
5.98998e-10
4.63268e-10
1.69526e-10
8.43742e-11
8.49522e-09
-2.04588e-10
-2.36301e-10
-1.47765e-08
-4.72371e-11
-8.62557e-11
-1.53999e-09
8.81376e-12
1.26398e-10
-7.63392e-10
4.85186e-11
2.1765e-10
-4.9697e-10
-2.31117e-10
-2.03785e-10
4.97021e-10
1.18411e-10
3.59993e-10
1.1517e-08
2.72737e-10
-4.00853e-10
-7.16538e-09
-4.71686e-10
8.46487e-10
5.62568e-10
9.6761e-10
1.72086e-09
-3.75888e-10
1.75053e-09
-9.29414e-10
-4.96017e-10
-2.23525e-09
-1.49275e-09
-3.30175e-10
-3.71974e-10
-8.3724e-10
-2.16429e-10
-3.61462e-09
-1.39689e-09
-1.73913e-10
4.01329e-09
2.99714e-09
1.79456e-10
9.8027e-10
1.93051e-09
8.3666e-12
3.29317e-09
-4.27135e-09
-2.60526e-10
-1.58102e-09
9.97639e-10
4.8783e-11
5.34917e-10
5.24825e-10
-1.94785e-10
4.00295e-10
2.65909e-10
2.106e-10
5.71937e-11
-3.42211e-10
-6.93657e-10
-9.35984e-10
-7.63534e-10
-3.75476e-10
-5.09401e-10
4.39939e-10
-1.31501e-09
-1.02315e-10
1.47303e-10
-1.77524e-09
8.2852e-10
-3.6742e-10
1.72062e-10
1.47749e-09
7.1412e-10
2.21612e-09
4.88872e-10
1.25515e-09
-2.93432e-10
-1.42642e-09
7.49797e-10
9.28337e-12
2.23631e-09
7.10965e-10
-1.58343e-09
2.55154e-10
3.31572e-10
2.65741e-09
1.90701e-09
1.43398e-09
-1.0615e-10
2.42786e-09
1.01303e-09
8.72735e-10
5.66677e-10
2.19536e-10
7.37381e-10
-1.45883e-10
1.49568e-10
5.13631e-11
-2.99543e-09
7.06927e-10
-7.79598e-10
-4.48655e-10
-3.14098e-10
1.16561e-10
-9.15369e-10
-7.22225e-10
4.50546e-10
4.74776e-09
5.73534e-09
1.69344e-09
-5.47036e-10
-3.27118e-10
2.27387e-10
-6.06601e-10
1.22843e-10
-3.93715e-11
1.41468e-09
-5.00044e-09
-1.94912e-08
-1.04324e-10
4.72663e-12
-2.12159e-10
-6.6404e-11
3.76095e-10
-3.36283e-10
-4.30988e-09
-6.25122e-10
2.48009e-08
1.7693e-10
1.99018e-10
-2.40784e-10
-5.10876e-11
-2.85138e-10
9.97722e-12
1.33753e-09
2.0041e-09
-2.55325e-09
-2.29636e-10
2.53139e-09
-3.81235e-10
-2.44136e-09
-1.48142e-09
-1.99777e-09
5.03254e-10
-4.02916e-09
-1.47964e-09
-1.54208e-09
-2.95288e-10
2.27856e-10
1.36163e-09
-8.70447e-11
-7.63701e-10
-8.85186e-09
-1.15762e-08
-4.8022e-09
-1.48668e-10
-7.87858e-11
1.66703e-10
-1.00683e-09
7.43721e-11
5.41396e-10
-3.07629e-10
-7.77635e-09
-4.91448e-09
-1.08406e-10
-1.43148e-10
2.33506e-10
-2.348e-10
5.68908e-10
6.76656e-11
9.64091e-09
-4.80379e-09
1.93139e-08
-2.07107e-10
1.1665e-11
-1.17166e-10
3.77905e-10
8.49433e-11
2.10733e-10
6.5444e-09
1.90225e-09
1.58896e-09
1.57668e-10
4.9487e-10
-6.35426e-10
1.41313e-10
3.0196e-10
8.35569e-11
7.14516e-10
1.69851e-10
-5.58216e-11
7.79028e-10
-9.04465e-10
-8.43575e-11
1.01553e-09
3.89006e-10
-3.14372e-11
-2.54805e-10
-1.70382e-10
-7.00162e-10
3.31284e-10
7.51727e-10
-2.67294e-10
-7.32406e-11
-2.72308e-11
-5.16879e-10
-1.83989e-10
8.62625e-11
-7.30914e-10
-1.12485e-09
-5.7046e-10
1.54173e-09
-1.41055e-09
3.74161e-10
-2.80451e-10
1.50859e-10
2.18746e-10
-1.27385e-10
-3.13265e-10
7.3569e-09
3.82941e-09
3.96971e-10
5.94532e-10
-7.96953e-09
2.38828e-10
9.04928e-11
1.10639e-10
3.65619e-09
4.70873e-09
-4.46822e-09
2.61756e-09
-9.30776e-10
-1.27162e-09
-3.35959e-10
-2.25054e-10
-5.39353e-10
-1.18558e-08
1.39645e-08
-6.32048e-09
8.39134e-10
1.83023e-09
6.33355e-09
5.82539e-11
-8.55622e-10
6.23432e-10
2.47745e-08
-5.37897e-09
-4.46233e-09
-2.9617e-12
1.52064e-09
4.69895e-09
-1.02217e-10
1.11083e-10
-6.76787e-11
-1.30157e-08
-2.80315e-09
-9.21562e-10
-1.53035e-08
-2.82168e-08
-1.76819e-09
7.46106e-11
1.60206e-11
7.76032e-11
4.14527e-09
4.88339e-09
4.01873e-10
4.4039e-08
2.86017e-08
2.42774e-09
-5.90552e-11
-9.19314e-11
1.46051e-10
1.07268e-09
-9.62372e-10
9.26282e-10
-1.86925e-08
-6.20277e-09
-3.87019e-10
-8.78344e-10
-6.34494e-10
-3.38103e-10
-6.32043e-09
-6.72692e-09
7.23978e-10
-9.56499e-10
-3.47871e-10
-9.87979e-10
-1.02783e-09
-2.13111e-09
-2.31161e-09
-8.48382e-10
-5.80484e-10
-8.32474e-10
-2.88445e-09
-3.00934e-09
-1.97735e-09
-2.15103e-10
5.6631e-11
1.77437e-10
-6.18914e-11
-1.64968e-10
1.52544e-10
-1.16316e-10
6.95979e-11
4.25023e-11
2.37058e-11
-1.80393e-09
6.00129e-10
-1.20818e-09
2.89689e-10
-7.16831e-10
7.42535e-10
8.05739e-10
-4.66115e-10
9.18191e-10
-4.10254e-10
5.09436e-10
-1.14948e-10
-5.73864e-10
1.9755e-10
-2.12615e-09
8.43699e-12
1.07729e-09
-1.21504e-09
5.52206e-10
-1.80672e-12
1.99222e-10
-5.90402e-12
-6.46869e-11
-4.92867e-11
-3.65325e-11
-3.20408e-10
-1.10609e-11
-5.979e-11
4.56907e-11
-3.6751e-11
5.26524e-11
-3.15382e-11
-1.27691e-10
1.96994e-11
-2.66939e-11
-4.7138e-12
4.96364e-12
-3.92929e-11
-5.74591e-12
-1.74397e-13
-5.69243e-12
1.31873e-11
4.625e-10
-1.8357e-10
-1.38748e-10
5.38234e-11
4.10306e-09
1.64726e-09
1.46694e-10
-7.22286e-11
1.68035e-10
-1.43233e-11
-7.42073e-10
1.40373e-10
-5.39578e-10
-7.64741e-10
1.49982e-09
-2.54628e-10
3.10199e-10
1.87807e-10
-9.99087e-12
-2.54742e-11
3.32141e-11
-7.21231e-11
-3.33058e-11
2.09109e-10
1.21289e-11
-2.77737e-11
5.73135e-11
-3.66422e-11
1.3761e-11
-2.11522e-11
-3.50969e-11
-5.82096e-12
-1.88206e-11
-1.31923e-12
3.21703e-12
-2.95638e-12
-2.58478e-11
7.8065e-12
5.48929e-11
2.637e-11
1.14702e-10
-3.29835e-11
-2.11113e-10
-1.21325e-11
9.85934e-10
-2.56892e-10
1.46799e-10
-4.35131e-10
1.47989e-10
7.18415e-10
-1.22578e-10
-6.9407e-10
5.04768e-10
-4.74198e-10
3.2885e-10
-5.18131e-11
2.10321e-12
-2.95802e-11
-4.88752e-12
-1.77834e-10
-4.33091e-13
-7.32996e-11
2.13483e-11
-3.7874e-11
1.84921e-11
-3.05224e-11
-2.97903e-13
4.00349e-11
1.38718e-11
4.51653e-11
2.7688e-12
-3.48949e-10
9.88808e-11
-4.76847e-10
1.73009e-10
-1.08624e-09
3.53221e-10
1.75445e-09
-1.22446e-09
6.10705e-10
-1.73414e-10
1.46992e-09
-4.76276e-10
-2.00622e-09
8.04772e-10
-7.00399e-10
1.59571e-10
-6.7141e-10
-8.75974e-10
8.43022e-10
-2.18095e-10
-1.32589e-10
1.43362e-11
-4.47821e-11
-7.55624e-12
-1.94741e-10
4.93048e-11
-1.45345e-10
9.49008e-12
-2.59056e-10
1.05655e-10
2.23992e-11
1.38366e-11
-3.16618e-11
-1.38104e-11
6.85184e-11
6.47225e-12
-4.04209e-11
1.34607e-11
-9.34539e-11
1.62142e-11
-8.18052e-12
4.70308e-12
-3.65672e-12
8.82532e-12
9.98003e-11
3.93198e-12
-1.54033e-10
1.42649e-11
-1.26515e-10
1.07403e-10
-6.93783e-10
2.77446e-10
8.99775e-11
4.52157e-10
1.12137e-09
-2.91623e-10
7.34463e-10
-2.00983e-10
-6.13618e-10
3.73841e-10
-5.0625e-10
6.24354e-11
-4.34993e-10
8.20008e-11
8.08305e-10
7.90117e-10
3.40627e-10
-4.19768e-10
7.92972e-11
-1.20405e-11
-1.65412e-10
4.19678e-11
-1.83392e-10
1.28913e-11
-1.55094e-10
2.32583e-12
-3.42663e-10
1.89382e-11
-4.58062e-10
-7.81174e-11
-8.0088e-11
-4.10555e-10
2.45756e-11
-1.17255e-11
-3.46341e-11
-1.75031e-10
-6.81046e-11
2.79373e-11
1.66195e-11
1.0792e-11
-7.32731e-11
-5.67475e-10
2.04933e-11
-5.03014e-12
-5.22368e-12
3.00679e-11
-2.25567e-11
-5.18736e-11
-2.99799e-11
-1.03018e-10
4.03873e-11
9.88255e-11
8.97853e-12
-1.54641e-11
-2.442e-11
-5.21623e-12
9.26395e-12
-2.34572e-11
6.89902e-12
-2.94317e-11
1.92407e-11
-3.04829e-09
-1.10084e-10
5.37732e-10
3.11068e-10
-2.44741e-09
-9.63698e-10
3.46122e-09
-5.63356e-10
-7.85361e-10
7.14918e-09
1.17628e-09
-1.85193e-11
-2.49235e-09
-6.04503e-09
-1.14815e-09
6.60712e-09
4.95046e-09
-5.27272e-09
1.64411e-10
4.29851e-10
2.92569e-09
-6.727e-10
1.04429e-09
3.93839e-09
-1.5282e-09
3.36569e-10
2.10532e-09
-4.37278e-09
3.33764e-09
2.78197e-10
4.82204e-10
1.62375e-10
-1.10102e-10
1.34562e-09
-2.00475e-10
5.39547e-09
4.19196e-09
3.28693e-09
5.52467e-09
2.60446e-09
4.80954e-10
-3.40353e-10
3.22328e-09
-4.98371e-10
2.59932e-09
9.25956e-10
-8.3255e-10
-1.5144e-09
-9.7703e-11
1.52598e-09
-5.16437e-11
6.30616e-10
-1.12959e-09
-2.70012e-09
-3.59254e-08
-3.102e-08
-3.15092e-08
-1.84097e-08
6.41457e-09
-1.6187e-08
1.67299e-08
-7.34904e-09
-6.46459e-09
1.30677e-08
6.92172e-09
2.09379e-08
1.34969e-08
-9.09306e-08
1.29988e-07
3.70809e-08
2.82261e-08
2.36136e-08
2.81211e-08
-1.79341e-08
9.57496e-09
1.39913e-08
1.24102e-08
8.0461e-10
2.7372e-09
2.58438e-08
9.35981e-08
4.15428e-08
-1.24445e-08
9.13527e-09
1.94561e-08
4.04898e-10
5.06627e-10
2.23612e-08
2.72168e-08
-3.47078e-10
-2.34944e-10
-1.71175e-08
1.78475e-09
3.48031e-10
8.19732e-10
4.75346e-10
3.38787e-10
1.01545e-08
3.06175e-08
-6.23073e-09
4.62043e-09
-1.07338e-08
5.67873e-09
-2.15217e-08
5.40298e-09
-3.74736e-09
-1.07875e-08
1.05199e-08
8.02086e-09
3.06647e-08
1.27634e-08
-1.79061e-08
7.76587e-10
1.16836e-10
6.27229e-10
3.75282e-10
-1.17689e-09
1.33485e-09
7.77012e-10
2.44605e-09
7.66902e-10
5.22343e-10
-1.16817e-10
2.72692e-11
-7.99952e-10
2.29728e-09
-1.70631e-09
-4.7785e-09
-1.5275e-08
-5.68131e-09
-5.51041e-09
1.2112e-09
-1.41986e-08
-6.29213e-08
7.61233e-08
1.75191e-08
5.64131e-10
-1.5005e-09
-3.39268e-10
6.12421e-10
-1.8259e-09
1.29369e-09
1.38846e-09
1.86203e-09
1.05612e-09
-6.16367e-10
-1.21447e-09
-2.18963e-10
-6.0553e-10
-5.59923e-09
-4.10098e-09
-6.14789e-09
-4.40236e-09
-7.25574e-09
-6.19387e-10
-5.57057e-09
4.78258e-08
-4.86034e-08
-6.96034e-08
4.6012e-08
-2.06025e-09
-5.16434e-10
8.22945e-10
-1.40868e-09
-2.32894e-09
1.73954e-11
2.41874e-09
1.89117e-09
9.13525e-10
-2.058e-10
-3.33739e-10
-2.23582e-10
-9.01046e-10
-7.4576e-10
-2.44613e-09
-8.60033e-09
-2.43262e-09
-3.61081e-09
-2.27166e-09
2.32879e-10
-2.16303e-09
3.69966e-08
-3.26505e-08
-3.42032e-09
3.54554e-09
-5.67825e-10
2.80047e-09
-2.63102e-09
-1.53158e-09
8.65998e-10
1.70102e-10
7.80966e-10
-1.87735e-09
1.73987e-09
8.18618e-10
-2.14705e-11
1.90387e-09
2.3944e-08
2.47977e-09
-2.29705e-09
-1.75528e-09
-1.13873e-09
-1.27765e-09
-1.21423e-09
-4.36998e-10
1.29764e-09
4.57631e-11
3.02874e-10
-2.94672e-09
-1.22628e-09
-4.7509e-10
6.19322e-09
-4.77949e-09
-4.50134e-09
7.14845e-09
-2.75489e-09
2.63329e-09
1.39228e-09
-2.44898e-10
3.2253e-09
3.29581e-09
9.98162e-10
-9.06267e-10
-7.84168e-10
-1.15211e-09
-7.60627e-10
-1.06224e-09
-4.55076e-10
-2.9947e-10
-7.2708e-10
8.50706e-11
3.03875e-09
4.86764e-09
-4.63746e-09
-4.76724e-09
2.24706e-09
-2.53198e-09
-1.42585e-09
1.2042e-09
-1.36795e-09
7.63637e-09
-3.09681e-09
2.24723e-09
-6.06142e-10
2.64676e-10
-6.53623e-10
-6.66422e-10
-5.49176e-10
-1.92629e-10
-1.08762e-09
-8.69446e-10
-6.3398e-10
-1.38001e-09
-7.68851e-10
-3.02812e-09
-1.22569e-08
-3.43418e-09
7.33698e-09
-8.49305e-09
-4.56386e-09
-1.13621e-09
6.56988e-10
-7.14276e-10
9.76926e-09
-1.055e-08
-6.30632e-09
-1.75638e-09
-1.59067e-10
2.11173e-10
-3.8407e-10
-2.48431e-10
-3.21223e-09
2.33247e-09
3.4193e-09
-2.99363e-09
-1.63869e-09
-1.50398e-09
-4.64102e-09
-3.69169e-09
-1.14859e-08
-1.46484e-08
3.54368e-10
3.65206e-09
-5.19022e-09
-5.33414e-10
-1.89768e-09
-1.83108e-09
2.85082e-09
1.48147e-08
2.36416e-08
3.36161e-09
-7.75032e-11
-7.75343e-11
-5.07342e-10
2.56547e-10
-2.64626e-10
-5.47532e-10
-1.53577e-10
-5.8466e-10
-9.61063e-10
-3.38767e-09
-2.42293e-09
-3.21601e-09
1.27463e-08
3.60514e-09
-1.50281e-08
5.97367e-10
1.17457e-09
3.5634e-09
1.46785e-09
-2.76791e-09
-6.06924e-09
-5.54751e-09
-1.47022e-08
-1.03928e-09
-6.01598e-11
-1.1755e-10
-1.66134e-10
3.91748e-10
-6.10222e-10
6.74445e-10
-1.04199e-09
-1.28508e-09
-2.65862e-10
-3.54994e-09
-1.45736e-09
-7.39484e-09
-2.62922e-09
3.85662e-08
2.99873e-09
-1.98434e-08
-3.42015e-10
4.08066e-08
-4.33255e-08
-3.85314e-09
3.92795e-09
-8.09989e-09
-1.5405e-09
-1.11928e-09
-5.5578e-11
-8.89085e-11
-1.8013e-09
5.22755e-10
1.0095e-09
-2.23972e-09
-4.52641e-10
7.19799e-10
-1.26876e-10
-1.56168e-09
7.36651e-10
5.45116e-09
-1.15259e-08
-2.70864e-08
8.65687e-09
1.69868e-08
6.29821e-09
-2.28739e-08
2.62885e-09
-7.89145e-09
-3.34245e-09
8.50197e-09
-3.20023e-09
-7.47123e-10
3.95644e-09
-1.90174e-12
1.72598e-09
1.15413e-09
4.22719e-08
-3.80145e-08
-3.91296e-09
-8.42554e-10
-1.80752e-09
1.55578e-09
1.7597e-09
-1.46723e-09
1.20559e-10
-1.17849e-08
-3.3533e-08
1.27152e-08
4.00945e-09
7.91029e-09
-4.63397e-10
2.38764e-09
-1.32278e-08
-2.8414e-09
-8.10646e-10
1.91398e-10
-8.53252e-11
5.59469e-10
-1.82747e-09
1.42017e-09
3.42563e-10
1.16493e-09
4.30158e-09
-4.84261e-09
-5.42337e-09
1.36602e-09
-3.17651e-09
-4.02204e-09
5.17419e-09
4.28111e-10
-6.48679e-09
3.13168e-09
2.10735e-09
-7.87608e-09
-2.02526e-09
1.07457e-09
-1.19536e-08
-8.56723e-09
1.00406e-09
-1.36792e-10
4.06792e-10
-7.58515e-11
-4.76443e-10
-1.23763e-09
2.04622e-09
-3.62542e-09
-4.51763e-09
4.03359e-09
2.36175e-09
1.68145e-09
-8.31829e-09
-5.82868e-09
6.32622e-09
4.57453e-09
9.77466e-09
8.44319e-09
-1.08885e-08
-4.67147e-09
1.52691e-09
-3.64963e-09
-3.09354e-08
-1.39596e-08
2.77432e-10
-1.87677e-10
4.35156e-11
9.68986e-11
9.34242e-10
1.18523e-09
-4.17407e-09
3.21753e-09
-2.66773e-11
3.30617e-09
4.15254e-09
-4.31432e-11
1.31885e-08
1.17553e-08
-1.05611e-08
1.75732e-10
9.08071e-09
-1.88516e-08
-1.21601e-09
2.16988e-08
-1.05609e-08
8.99141e-09
3.76629e-09
7.20208e-09
-2.07013e-08
-4.91739e-09
-2.92513e-11
1.23431e-10
6.14893e-09
-1.42228e-08
1.52296e-09
1.73461e-08
-7.70536e-09
1.54184e-09
2.66342e-09
3.59506e-09
6.5724e-09
7.54782e-09
7.24995e-09
5.91722e-09
-1.4724e-08
3.56834e-09
3.48092e-08
1.83464e-08
6.05831e-09
6.1874e-09
3.41428e-08
1.19366e-08
-5.90691e-09
-6.10606e-10
1.9923e-11
6.31341e-11
1.25585e-10
-1.7516e-09
5.17437e-09
-3.83152e-09
-1.54106e-09
3.82599e-11
2.00782e-09
1.75633e-09
3.65304e-09
3.42527e-09
1.84606e-09
-1.30049e-09
8.16511e-09
2.22052e-08
4.73547e-09
-1.58541e-08
2.38976e-08
4.37823e-09
2.32135e-08
1.59812e-08
-1.34062e-09
2.5968e-10
-1.84968e-11
-2.40079e-10
1.30002e-09
-8.11205e-10
1.78339e-10
1.58538e-09
-8.25464e-10
-1.48334e-09
-7.07803e-10
1.18848e-09
1.24872e-09
-4.05863e-10
1.41847e-09
8.60609e-09
8.95188e-09
3.50114e-09
-8.02933e-09
-8.37114e-10
-1.47207e-08
-1.84973e-09
4.19105e-09
6.12436e-09
-1.06555e-09
1.85739e-10
-3.39357e-11
1.90727e-10
8.3016e-10
4.69658e-10
-1.04023e-09
-1.24105e-09
9.5526e-10
2.56573e-10
-6.97165e-10
-2.71519e-10
-6.65682e-10
6.02798e-09
4.76147e-09
-7.11555e-09
2.52016e-08
-2.94917e-08
-4.14188e-09
-4.39477e-10
-6.3473e-09
-3.0601e-09
-1.10983e-09
1.9129e-11
-1.2398e-09
-5.5896e-11
3.37481e-10
-1.98819e-11
-8.17972e-10
1.78205e-09
2.30139e-10
-2.09375e-09
-1.9536e-09
1.26771e-10
1.30596e-09
-1.12139e-09
1.56747e-09
-2.84885e-10
-8.67163e-09
5.72849e-08
-6.33777e-08
-5.00608e-08
5.24768e-08
-4.80635e-09
-2.71828e-09
-3.85875e-09
-4.42103e-09
-6.09345e-09
-3.95264e-10
-2.25383e-10
-3.51853e-10
1.05385e-10
-4.98583e-11
-2.87883e-10
6.8708e-10
1.2639e-09
-1.72918e-10
-8.96661e-10
-3.30449e-10
9.32927e-10
-2.18526e-10
8.2068e-10
-7.47812e-09
4.84083e-09
-8.08385e-09
6.07706e-09
1.40968e-09
-6.75553e-10
-3.74429e-10
1.9392e-09
-1.47301e-08
2.51133e-08
-2.65067e-08
-1.11539e-10
-4.71e-10
-8.42461e-10
-9.44049e-12
1.9892e-11
3.22187e-10
-2.2016e-10
-3.72974e-10
4.87065e-10
7.42309e-10
-2.31816e-10
-2.96822e-10
-8.25004e-10
-1.24364e-09
-3.88245e-10
-1.68579e-10
-9.90254e-10
-4.2803e-10
-3.56093e-10
-5.37482e-10
9.61746e-10
8.13552e-10
1.49241e-08
2.21964e-09
-8.44625e-11
-1.51173e-09
1.77438e-10
4.62512e-11
1.02514e-10
-6.17065e-11
-1.43637e-10
6.62726e-12
-1.75462e-10
-1.54254e-10
1.34997e-12
-1.19887e-10
-4.09543e-11
-5.27868e-10
-5.13591e-10
-5.0958e-11
1.1899e-09
-9.17512e-12
3.75567e-11
-4.31758e-10
2.43951e-12
1.07566e-11
8.13073e-10
-1.39676e-11
-3.08578e-11
-1.2385e-09
-2.33596e-11
-3.36382e-11
-1.15906e-09
-7.68647e-11
8.58619e-11
-2.43267e-10
2.27844e-10
-1.1337e-11
5.1647e-10
-1.41515e-10
-2.55384e-11
-1.46237e-10
2.47947e-10
2.26194e-13
-1.43968e-10
5.21462e-11
1.02158e-10
-5.89457e-09
6.55929e-11
1.29285e-10
-6.6756e-10
9.56261e-11
1.22076e-10
3.8163e-10
1.16755e-10
1.15167e-10
1.25235e-10
1.43115e-10
3.86132e-11
-1.94257e-10
-7.97881e-11
-1.94873e-10
-1.53336e-10
7.37763e-11
-1.29855e-10
-4.57023e-10
-1.28758e-11
-2.70449e-10
3.51723e-10
3.97584e-10
-6.67865e-10
-8.84152e-11
6.75756e-11
-4.52371e-10
2.23717e-10
7.79054e-10
6.45987e-11
-1.60746e-09
4.45682e-09
-1.22898e-10
-2.05719e-09
3.92708e-10
8.50373e-10
-1.29629e-10
-8.83373e-10
8.36134e-10
4.61459e-10
-5.62674e-09
-1.82136e-08
6.61179e-10
-3.69218e-11
2.69463e-09
-6.93582e-10
1.46757e-09
-6.71535e-10
-2.60957e-09
-6.89082e-09
-5.96145e-09
2.31687e-09
-9.36056e-09
-8.24648e-09
2.13202e-09
2.02928e-09
9.11649e-10
7.59282e-10
-3.29466e-10
1.45459e-09
2.61325e-09
1.64621e-10
3.34807e-11
1.9079e-10
-2.30294e-09
1.09316e-10
6.14685e-10
-8.36772e-10
-3.29638e-10
6.39155e-10
-3.59614e-10
-4.48947e-10
-1.52948e-10
-1.66717e-09
-6.90148e-10
-5.06147e-10
4.48573e-10
3.27456e-10
-3.77324e-10
-4.78119e-10
-3.203e-10
-2.31981e-10
1.48326e-10
1.73013e-12
-4.48098e-10
-1.32482e-10
3.04332e-11
8.80737e-11
-1.1415e-10
-1.31835e-10
-2.22679e-10
2.02511e-09
1.35197e-09
-6.72919e-10
4.96338e-11
9.16727e-10
6.0637e-10
-3.53608e-10
4.43065e-10
-3.87821e-10
-1.63072e-09
-2.74985e-08
-2.02845e-09
3.90388e-09
-5.92112e-09
-1.38377e-09
-5.09843e-09
-1.25163e-09
1.50019e-09
-1.62362e-09
1.02109e-09
4.7696e-10
4.53965e-09
4.79292e-09
5.83709e-09
1.52035e-09
-7.49556e-10
-1.60876e-10
1.26462e-10
-2.79202e-10
1.80323e-10
-3.98715e-09
1.28947e-09
-7.21014e-09
-4.31307e-11
2.55535e-11
-7.90575e-11
3.11431e-10
-1.08473e-10
-2.44946e-11
-4.78883e-09
3.15182e-09
4.26091e-09
-7.85598e-11
-4.92992e-11
-5.1795e-11
3.43123e-10
-1.51889e-10
-1.43375e-10
-2.38204e-10
-1.82515e-09
-4.47855e-09
-2.29269e-11
-6.50995e-11
-4.83098e-11
-8.61832e-11
-1.99744e-10
-3.93951e-11
-5.96523e-11
1.31394e-09
-9.57835e-10
-7.33058e-11
-4.2168e-11
-9.97201e-11
8.3736e-12
-1.1802e-10
1.52311e-10
1.45354e-09
2.3054e-09
-4.06002e-09
-4.2593e-09
2.44884e-10
3.23672e-10
-1.64694e-10
-2.0131e-10
-2.01765e-10
9.85724e-11
-1.5268e-09
4.98987e-10
-3.96076e-10
3.92569e-10
-7.26002e-10
9.76067e-10
-1.27422e-09
-1.39143e-10
-9.80004e-10
-2.0906e-09
1.36981e-09
-6.48646e-10
6.10081e-10
3.22385e-10
2.94229e-10
1.13159e-10
2.98127e-11
-1.10021e-09
-1.32155e-09
-9.58086e-10
1.45012e-10
1.12377e-10
3.26818e-11
8.25501e-11
3.71744e-10
2.59888e-10
1.9219e-08
6.12004e-09
-9.68279e-09
9.07913e-11
3.01364e-12
2.42981e-12
-2.07401e-11
2.13481e-10
2.53367e-10
4.51599e-09
4.75241e-09
-5.79627e-09
1.24749e-11
4.77303e-11
4.62342e-11
6.18742e-10
2.29747e-10
2.13369e-10
2.08306e-09
1.46747e-09
3.46864e-10
3.64198e-10
-3.01382e-09
3.05873e-09
-1.12705e-10
3.00268e-09
-3.01257e-09
-1.31388e-10
2.79014e-10
-3.72204e-10
-1.64816e-10
2.81516e-10
-1.40531e-10
4.35888e-10
7.26664e-11
1.20747e-10
-2.8338e-10
-1.7146e-10
-3.57003e-10
-4.34262e-10
-3.9761e-10
3.29929e-10
3.64571e-10
-3.78229e-10
-2.28759e-10
-4.37077e-10
-1.18972e-10
-7.63897e-10
1.26285e-10
2.51553e-10
-8.97505e-10
-4.95393e-10
2.06353e-10
1.64194e-10
5.43573e-10
4.39405e-10
-1.22493e-11
-4.65028e-10
-2.0021e-10
-5.38169e-10
5.38907e-10
3.14116e-10
-1.50248e-10
-3.51435e-10
4.97522e-10
1.1741e-09
1.0963e-09
6.50924e-10
-1.01113e-11
-1.68252e-09
-2.0573e-09
2.04937e-10
1.55577e-10
5.18441e-10
-1.23041e-09
-1.11375e-09
5.52849e-10
9.83907e-10
6.67332e-10
5.22172e-10
-3.45037e-10
-6.03012e-09
1.30932e-09
1.92508e-09
1.32723e-08
3.75529e-09
-5.90529e-09
-3.5824e-09
-6.56634e-10
-3.74912e-10
-9.77079e-09
1.71981e-09
-6.15227e-10
1.1207e-08
-9.86407e-10
8.26899e-10
-2.81444e-10
-5.62063e-10
8.32624e-12
-3.81117e-10
-6.75066e-10
-8.06771e-10
-9.29537e-10
1.86512e-10
-4.18908e-10
1.26573e-08
-1.42564e-09
1.18125e-09
-3.0683e-09
-2.92012e-09
2.03919e-09
6.77442e-09
6.84074e-09
-2.33972e-08
-2.95976e-10
5.00646e-11
2.01239e-08
-2.2266e-11
-1.00199e-10
5.05402e-10
-1.9526e-10
-2.43787e-10
9.07944e-11
-1.15421e-10
8.74204e-11
1.2498e-10
-2.15425e-11
-3.64584e-10
1.97275e-10
-4.88092e-10
1.74084e-10
-4.90519e-10
1.7662e-10
-7.40476e-12
8.85722e-13
3.98847e-10
-1.29148e-10
6.75439e-11
-1.5298e-12
9.76911e-11
1.95504e-11
-1.02754e-11
4.41594e-12
5.50496e-11
3.07201e-11
2.69373e-12
-1.21113e-11
1.77285e-09
-1.79096e-09
1.47147e-10
-6.81648e-11
3.49211e-12
-3.59144e-11
-1.07349e-10
5.9466e-11
-1.73567e-10
3.42912e-11
-2.08966e-10
1.14989e-10
-2.78513e-10
1.21131e-10
-5.62144e-10
1.3185e-09
8.28101e-10
-2.40999e-10
1.81674e-10
1.43926e-11
6.33324e-11
-1.32849e-10
-8.91486e-12
-2.85237e-11
-3.63585e-11
-4.8367e-11
-2.3211e-11
-2.27292e-11
4.76455e-11
-3.99101e-11
1.44059e-09
-5.04565e-10
1.04223e-10
-1.23912e-11
1.53695e-10
1.4391e-11
1.19563e-10
6.68461e-12
-1.57937e-10
4.56954e-12
-2.63289e-10
-1.9087e-11
3.81909e-10
-7.06249e-11
1.05687e-10
-8.88471e-11
3.25505e-11
-1.09209e-10
2.77733e-12
4.11777e-12
-2.637e-10
1.01016e-10
-8.79996e-11
-2.33377e-11
-1.88847e-10
-2.33009e-11
-5.41687e-10
2.86873e-10
2.88865e-09
-2.62598e-10
4.42455e-10
1.90594e-11
1.03772e-10
1.91834e-10
1.37474e-11
-2.95877e-11
-3.53462e-11
-4.66736e-11
-1.4342e-11
-3.80308e-11
6.45165e-11
-4.29566e-11
5.19451e-11
-3.85524e-11
-1.83948e-10
7.88859e-11
1.29572e-10
2.56098e-11
2.53957e-11
4.21775e-11
-7.48287e-11
4.74645e-12
7.53173e-10
-5.86618e-10
2.05581e-10
7.20163e-11
2.10953e-11
1.78185e-11
2.99387e-11
1.19039e-10
-1.68161e-11
-3.60249e-11
-5.15257e-12
-3.22067e-11
1.06252e-11
-2.52673e-11
1.07919e-11
-2.81612e-11
-1.56223e-10
8.54015e-11
-4.77779e-11
1.04466e-11
-2.70609e-11
3.94979e-12
-2.21938e-11
5.50267e-12
-2.19425e-11
9.71287e-12
-4.88949e-11
1.70645e-11
-3.50819e-10
3.36404e-10
3.00601e-11
7.42302e-12
1.27282e-11
1.53761e-11
6.04543e-13
1.14235e-11
3.7504e-12
6.7284e-12
9.25932e-12
1.11094e-12
-1.51344e-12
-7.61078e-12
1.83927e-12
-9.46439e-12
-1.62574e-11
-9.57364e-12
-1.44958e-11
-1.4877e-11
-1.42979e-11
-1.63507e-10
-1.16826e-11
-3.68787e-11
2.263e-12
-2.54346e-11
4.35884e-13
-3.08684e-11
-4.3963e-12
3.00877e-12
-8.44674e-11
2.58356e-11
-3.53092e-11
5.85314e-12
-2.32201e-11
4.05302e-12
-2.31998e-11
8.62696e-12
-1.21469e-11
1.01379e-11
9.81407e-12
4.57101e-12
3.59082e-11
-8.93839e-12
9.62848e-12
9.27883e-12
5.36208e-12
1.02748e-11
3.96983e-12
9.85919e-12
1.01674e-11
5.22822e-12
4.35583e-12
-3.77705e-13
-2.11033e-11
-1.28116e-11
-2.08325e-12
-1.72931e-11
4.04112e-11
-1.34517e-11
)
;

boundaryField
{
    inlet
    {
        type            zeroGradient;
    }
    outlet
    {
        type            zeroGradient;
    }
    wall
    {
        type            zeroGradient;
    }
    empty_zmin
    {
        type            empty;
    }
    empty_zmax
    {
        type            empty;
    }
    procBoundary1to0
    {
        type            processor;
        value           nonuniform List<scalar> 
35
(
6.69478e-09
-1.62135e-08
1.03127e-08
1.37677e-09
9.98399e-10
9.98399e-10
-4.03096e-10
2.4424e-10
-9.44255e-11
1.65725e-08
-7.71607e-09
-8.02325e-09
1.07731e-08
6.0255e-08
1.1026e-08
1.35743e-08
2.1783e-09
2.80861e-10
-4.46874e-09
-1.16303e-08
4.4458e-13
-1.91847e-11
-4.83499e-10
8.14235e-10
-2.89088e-09
-2.89088e-09
8.82004e-09
-1.95578e-09
2.50455e-09
-3.61304e-10
-1.04361e-10
2.21968e-09
6.05302e-11
-3.65663e-11
-3.65663e-11
)
;
    }
}


// ************************************************************************* //
