/*--------------------------------*- C++ -*----------------------------------*\
| =========                 |                                                 |
| \\      /  F ield         | OpenFOAM: The Open Source CFD Toolbox           |
|  \\    /   O peration     | Version:  2406                                  |
|   \\  /    A nd           | Website:  www.openfoam.com                      |
|    \\/     M anipulation  |                                                 |
\*---------------------------------------------------------------------------*/
FoamFile
{
    version     2.0;
    format      ascii;
    arch        "LSB;label=32;scalar=64";
    class       volVectorField;
    location    "4.28";
    object      U;
}
// * * * * * * * * * * * * * * * * * * * * * * * * * * * * * * * * * * * * * //

dimensions      [0 1 -1 0 0 0 0];

internalField   nonuniform List<vector> 
2367
(
(4.19425 -0.408129 8.08197e-23)
(3.64534 -0.624897 2.55024e-22)
(4.07674 -0.63264 0)
(4.26342 -0.580632 5.59313e-24)
(4.33621 -0.531496 -5.44619e-24)
(1.64547 -0.0304347 -7.294e-24)
(2.73615 -0.122119 0)
(3.00907 -0.276843 -2.99656e-21)
(-0.405987 0.0176472 0)
(-0.450233 -0.00469188 0)
(4.22766 -0.48215 7.91255e-23)
(3.07086 -0.0268818 4.1409e-24)
(3.1318 -0.0227248 -8.99123e-23)
(3.07398 -0.0238958 -1.39191e-21)
(2.94551 -0.282421 1.47051e-21)
(2.17306 -0.0177452 1.3343e-21)
(0.587837 -0.110409 0)
(0.171215 -0.322684 3.82035e-21)
(-0.516112 -0.729884 -4.40286e-21)
(-0.465912 -0.972297 -1.05285e-20)
(0.0462127 -1.23793 9.37611e-21)
(0.610392 -1.60592 -1.83915e-21)
(1.40691 -1.75444 2.35211e-21)
(2.04758 -1.8799 0)
(2.55751 -1.83795 0)
(2.87511 -1.65105 0)
(2.9742 -1.54793 0)
(3.02601 -1.19123 5.84934e-21)
(2.9432 -0.959064 1.21807e-20)
(2.9446 -0.761824 -2.6593e-21)
(2.95459 -0.594916 -5.36671e-22)
(2.9807 -0.468203 -2.2628e-22)
(2.96533 -0.278935 0)
(2.96174 -0.146894 0)
(1.54267 -0.0214388 -6.96245e-24)
(3.07257 -0.0361955 1.48917e-22)
(3.16991 -0.0399696 5.5606e-22)
(3.15479 -0.077473 -2.20854e-21)
(2.99495 -0.328257 2.1325e-21)
(2.10492 -0.181655 0)
(0.841878 -0.408195 1.56032e-21)
(0.455122 -0.616782 -2.04827e-21)
(-0.172509 -1.08924 -1.58329e-21)
(-0.152384 -1.47768 1.12218e-20)
(0.390422 -1.68296 -7.29331e-21)
(0.904268 -2.02468 0)
(1.48673 -2.10725 -3.13521e-22)
(1.96213 -2.08934 2.79825e-22)
(2.39756 -1.92796 0)
(2.60265 -1.75862 0)
(2.76051 -1.42763 5.34483e-21)
(2.72591 -1.06311 -1.07554e-20)
(2.67565 -0.96936 -1.1981e-21)
(2.74483 -0.725992 -4.3582e-22)
(2.79533 -0.562677 5.39376e-22)
(2.81978 -0.419558 -2.36246e-22)
(2.82382 -0.247562 4.83269e-22)
(2.80687 -0.13395 -9.40952e-22)
(1.37278 -0.00841521 -5.50307e-22)
(3.07927 -0.00312763 -3.38148e-22)
(3.22746 -0.0552615 -5.37639e-22)
(3.24454 -0.156403 -2.70841e-22)
(3.11206 -0.457874 -1.29746e-21)
(2.11938 -0.309358 1.25477e-21)
(1.14132 -0.685898 -1.12919e-21)
(0.77887 -0.87063 0)
(0.216032 -1.37032 -1.28806e-21)
(0.147389 -1.79045 0)
(0.635186 -1.90281 -4.14808e-21)
(1.07888 -2.12499 3.29936e-21)
(1.48749 -2.14665 5.29694e-22)
(1.82447 -2.0675 -8.02589e-23)
(2.05661 -1.90438 -1.34861e-21)
(2.26628 -1.63992 0)
(2.46165 -1.26078 -5.60542e-21)
(2.44094 -1.13108 -7.96919e-22)
(2.53516 -0.866757 0)
(2.56398 -0.757167 -3.82598e-22)
(2.63206 -0.559017 1.46134e-21)
(2.66508 -0.393661 5.86688e-22)
(2.68169 -0.255445 -1.41337e-21)
(2.65897 -0.110655 -9.35083e-23)
(1.24651 0.00857066 -3.06837e-24)
(2.33422 -0.00735976 0)
(2.32429 -0.0178487 8.39443e-24)
(2.32265 -0.0264183 -8.91616e-23)
(1.45111 -0.0170547 -7.8545e-23)
(2.32282 -0.0268301 -1.38137e-22)
(2.31843 -0.0179771 -2.42932e-23)
(1.30199 -0.00429058 2.95984e-23)
(2.30591 -0.017561 2.62969e-22)
(2.27749 -0.0125908 4.31854e-23)
(1.20281 0.0163582 -2.64686e-23)
(3.06486 0.0446555 -6.29148e-22)
(3.30347 0.0385232 1.53563e-22)
(3.45529 -0.106329 2.00236e-22)
(3.30641 -0.478082 -5.9494e-22)
(2.23017 -0.456113 0)
(1.42742 -0.898173 -1.63814e-22)
(1.10083 -1.09399 1.46647e-22)
(0.585334 -1.57285 1.35566e-21)
(0.411168 -1.97104 0)
(0.778431 -2.00886 1.98797e-22)
(1.15703 -2.05881 4.49046e-22)
(1.36396 -2.05402 -4.55853e-23)
(1.60703 -1.91173 -2.0383e-22)
(1.87719 -1.67532 3.61213e-22)
(2.01215 -1.52359 -8.88133e-22)
(2.20951 -1.20743 2.28142e-21)
(2.27449 -1.03849 7.15918e-23)
(2.33656 -0.882355 0)
(2.41955 -0.695202 -1.07583e-21)
(2.45271 -0.545237 4.24041e-22)
(2.4931 -0.365226 0)
(2.51049 -0.23505 -2.17407e-22)
(2.50264 -0.0710393 1.63277e-22)
(1.1662 0.0219489 -3.4846e-22)
(2.98804 0.248076 -1.14719e-22)
(3.43647 0.176606 -7.63758e-22)
(3.68936 0.134677 2.13843e-22)
(3.56329 -0.237222 1.80515e-22)
(2.54749 -0.376175 0)
(1.79807 -0.874897 0)
(1.38249 -1.24797 -3.29288e-22)
(1.03237 -1.55725 1.26793e-22)
(0.647282 -2.04639 0)
(0.819011 -2.06786 -3.47642e-22)
(1.0474 -2.01036 -1.76403e-21)
(1.36654 -1.83812 -8.37916e-22)
(1.48517 -1.7205 0)
(1.62016 -1.58515 1.74685e-21)
(1.84336 -1.36207 3.04414e-22)
(1.98009 -1.16596 -9.52787e-22)
(2.08756 -0.948482 0)
(2.16665 -0.774758 0)
(2.23653 -0.572732 4.47167e-22)
(2.3038 -0.421422 -2.95621e-22)
(2.33976 -0.287915 -1.71248e-22)
(2.36329 -0.165273 4.02016e-22)
(2.34632 -0.0334223 -4.00551e-22)
(1.15041 0.0377362 -1.18905e-22)
(2.85146 0.365067 0)
(3.53768 0.388442 0)
(3.80965 0.323504 8.42013e-24)
(3.7937 0.0636978 -1.82378e-22)
(2.9221 -0.202128 0)
(2.23065 -0.712363 0)
(1.75682 -1.19056 1.42571e-22)
(1.40523 -1.45585 -6.78532e-22)
(0.875937 -1.96314 1.04189e-22)
(0.817487 -2.07043 8.32815e-22)
(0.876054 -2.05726 3.52666e-21)
(1.14736 -1.81211 1.10758e-21)
(1.32103 -1.57952 -1.96523e-21)
(1.45612 -1.41749 -7.40783e-22)
(1.65891 -1.2142 6.70036e-23)
(1.75959 -1.02013 6.97973e-24)
(1.8248 -0.859034 0)
(2.01229 -0.623637 -9.38418e-23)
(2.06692 -0.481254 0)
(2.17607 -0.354927 -1.27291e-22)
(2.22424 -0.238293 5.39299e-23)
(2.25134 -0.133877 4.94912e-23)
(2.21756 -0.0151245 1.13432e-22)
(1.16432 0.0422299 0)
(2.3007 0.384356 -3.15052e-23)
(3.65698 0.581673 1.18767e-23)
(3.96151 0.461723 -1.37797e-23)
(4.02598 0.279201 1.81746e-22)
(3.40024 0.0206465 0)
(2.62408 -0.527934 0)
(2.19798 -0.888227 2.06043e-22)
(1.70712 -1.20769 1.5632e-22)
(1.29098 -1.52262 -3.30199e-23)
(0.908631 -1.88076 -6.03007e-22)
(0.841214 -1.91537 -2.01375e-23)
(0.859845 -1.81286 -7.66377e-22)
(1.04341 -1.52194 5.67455e-22)
(1.19 -1.32844 2.19063e-22)
(1.42166 -1.06776 -9.82657e-23)
(1.64326 -0.729599 0)
(1.64691 -0.764489 5.68634e-23)
(1.82135 -0.553484 6.74223e-23)
(1.96299 -0.455917 -3.23405e-24)
(2.06532 -0.363148 8.21783e-25)
(2.10424 -0.241732 -6.01491e-23)
(2.12011 -0.128914 -3.12999e-23)
(2.09908 0.00638041 -1.32673e-23)
(1.20107 0.0469832 0)
(1.65477 0.184629 -3.58755e-24)
(3.63004 0.683506 -1.58151e-23)
(4.10462 0.724248 -1.52119e-22)
(4.2157 0.568892 0)
(3.87354 0.416758 0)
(3.11127 -0.0951671 1.01984e-21)
(2.50424 -0.50714 0)
(2.06628 -0.75398 -1.34358e-21)
(1.62752 -0.95393 -6.62798e-22)
(1.20549 -1.29944 4.26174e-23)
(0.868146 -1.49444 4.09505e-22)
(0.738938 -1.52127 2.72831e-23)
(0.786273 -1.39919 -2.75971e-23)
(0.917484 -1.17829 2.72166e-23)
(1.0742 -0.973689 1.16682e-22)
(1.4911 -0.595164 -1.85442e-23)
(1.62238 -0.59306 -6.13021e-23)
(1.71026 -0.477723 3.4653e-23)
(1.87002 -0.443866 4.26697e-23)
(1.95365 -0.295574 -8.85606e-25)
(1.97574 -0.192443 -2.6944e-23)
(1.98476 -0.079641 -1.50903e-25)
(1.99482 0.0115976 2.19694e-24)
(1.25011 0.0467029 7.02339e-25)
(1.16502 0.108065 0)
(3.41217 0.802841 -1.80453e-23)
(4.11338 0.999388 -8.96048e-23)
(4.28869 0.922417 0)
(4.14141 0.861823 4.29857e-22)
(3.64575 0.557001 -1.0164e-21)
(2.86129 -0.00318188 1.3168e-21)
(2.3164 -0.245536 1.51392e-21)
(1.80413 -0.555789 4.80128e-22)
(1.47622 -0.607629 -4.63843e-22)
(1.06171 -0.865305 -1.09794e-22)
(0.804443 -0.97893 -2.47463e-23)
(0.69749 -1.00748 1.62168e-22)
(0.717215 -0.93091 -6.32637e-23)
(0.854143 -0.789535 0)
(1.22601 -0.580933 -2.1167e-24)
(1.58055 -0.430042 2.11556e-24)
(1.68064 -0.361493 -1.67172e-24)
(1.77181 -0.314669 -8.41651e-23)
(1.82906 -0.148143 -1.21434e-24)
(1.87539 -0.0922983 -2.07764e-23)
(1.90333 -0.00143421 -6.05251e-25)
(1.90421 0.0167828 -8.02873e-24)
(1.31111 0.0438856 0)
(0.87866 0.257077 6.22786e-24)
(2.839 0.779438 -2.47848e-23)
(4.08878 1.0617 6.03928e-22)
(4.27288 1.07849 0)
(4.19956 1.1099 -4.07507e-22)
(3.9363 1.06804 0)
(3.36281 0.71734 -1.31563e-21)
(2.65637 0.324768 -9.05605e-22)
(2.00916 -0.0508398 1.85266e-22)
(1.58613 -0.169132 3.62729e-22)
(1.22001 -0.284659 0)
(0.911781 -0.366627 -9.15039e-23)
(0.749878 -0.494788 1.0629e-22)
(0.680632 -0.493146 0)
(0.77863 -0.510032 -9.88167e-23)
(1.04858 -0.458509 0)
(1.42257 -0.292526 0)
(1.60632 -0.1857 0)
(1.66272 -0.102742 3.95139e-23)
(1.73942 -0.00111923 3.49486e-24)
(1.82516 0.00783379 1.22422e-22)
(1.87533 0.0622467 -9.38018e-25)
(1.8612 0.0492482 8.38855e-24)
(1.38465 0.042008 2.14257e-24)
(0.617381 0.26667 2.41901e-23)
(2.09844 0.619427 -6.38812e-23)
(3.99683 1.16164 -5.42404e-22)
(4.22851 1.12619 -2.45354e-23)
(4.16752 1.18242 4.64318e-22)
(3.96709 1.28848 -5.81201e-23)
(3.59808 1.22543 5.75351e-22)
(3.07042 1.05587 7.22819e-22)
(2.38728 0.703869 -6.88938e-22)
(1.79144 0.426961 -3.67084e-22)
(1.33978 0.244996 0)
(1.00702 0.12102 2.34339e-23)
(0.832429 -0.0248597 8.85248e-23)
(0.722353 -0.0640447 0)
(0.809126 -0.17701 9.7839e-23)
(0.99305 -0.164708 2.13731e-24)
(1.28088 -0.13181 -4.21443e-23)
(1.48858 0.0180952 -6.89645e-23)
(1.59771 0.0496157 -2.31186e-24)
(1.71353 0.0820317 2.2637e-24)
(1.81346 0.0657493 -6.97958e-23)
(1.87365 0.0875318 0)
(1.86244 0.0742089 -1.00707e-23)
(1.46355 0.0366351 -2.55959e-24)
(0.279609 0.252107 0)
(1.66227 0.626702 1.32515e-22)
(3.85374 1.00597 2.07683e-22)
(4.13936 1.06092 1.35732e-23)
(4.07866 1.19425 -7.54248e-23)
(3.9135 1.33846 -5.69758e-23)
(3.59218 1.41348 -4.79898e-23)
(3.15192 1.50351 -7.79264e-23)
(2.62831 1.36972 7.7663e-22)
(2.10987 1.20505 0)
(1.586 0.992459 6.65214e-23)
(1.21919 0.777269 -1.64502e-23)
(0.980353 0.529513 -1.72821e-22)
(0.838603 0.406539 1.64487e-23)
(0.893333 0.177853 1.69073e-23)
(1.01733 0.0707597 1.24504e-24)
(1.22925 0.0377148 9.25119e-23)
(1.43589 0.129637 6.47155e-23)
(1.59254 0.0907778 -4.77862e-23)
(1.71699 0.115066 0)
(1.81551 0.0845421 5.35274e-23)
(1.88494 0.0926877 1.62873e-24)
(1.88514 0.0849726 5.05341e-23)
(1.5357 0.0296581 0)
(-0.0477521 0.0524649 1.56748e-23)
(1.50706 0.203495 -3.22211e-22)
(3.70603 0.364031 -2.14373e-22)
(3.96077 0.788508 0)
(3.90319 0.955887 -3.36273e-22)
(3.74154 1.35251 0)
(3.51145 1.48198 -4.8166e-22)
(3.09939 1.64596 2.36833e-22)
(2.65619 1.66276 0)
(2.24269 1.6036 6.26088e-23)
(1.77128 1.50654 -6.26503e-23)
(1.45144 1.31682 3.5345e-23)
(1.20462 1.10692 1.91462e-23)
(1.06629 0.925755 0)
(1.10873 0.607121 -1.70554e-23)
(1.16221 0.406064 -3.21419e-24)
(1.25145 0.214668 -4.81642e-23)
(1.43053 0.187859 0)
(1.59735 0.179984 9.87947e-23)
(1.74643 0.156018 -5.81645e-23)
(1.83015 0.100921 -1.21025e-22)
(1.90527 0.076902 3.26722e-23)
(1.91954 0.0839576 -7.66137e-23)
(1.60133 0.0292374 -6.50087e-24)
(-0.0111094 -0.205259 2.14449e-23)
(1.4093 -0.274757 -1.98301e-22)
(3.23559 -0.0220473 1.85555e-22)
(3.54466 0.406959 -8.34717e-23)
(3.5081 0.844763 0)
(3.38918 1.12365 -1.24231e-23)
(3.24818 1.43159 -3.71361e-24)
(2.99861 1.66928 -2.03032e-22)
(2.64077 1.73109 3.96607e-23)
(2.25948 1.7655 -4.44093e-23)
(1.88782 1.72073 8.64511e-23)
(1.62133 1.56794 -3.9832e-23)
(1.37343 1.44977 -8.43766e-23)
(1.3156 1.19396 0)
(1.3675 0.923081 1.77403e-23)
(1.39581 0.74152 3.09775e-25)
(1.4365 0.406295 0)
(1.50613 0.215431 3.30091e-24)
(1.62541 0.206663 -6.25234e-23)
(1.78268 0.177946 1.4001e-22)
(1.8807 0.106934 6.59265e-23)
(1.92552 0.0772894 1.83365e-23)
(1.94152 0.0779188 -5.57207e-23)
(1.66469 0.035984 7.52272e-24)
(0.294778 -0.33349 -2.69708e-23)
(1.42913 -0.577783 0)
(2.70478 -0.188912 -2.65648e-23)
(3.02538 0.235693 6.95167e-23)
(3.15292 0.618033 1.86983e-24)
(3.05187 1.03832 -1.84597e-24)
(2.95315 1.22252 0)
(2.75459 1.53963 0)
(2.5458 1.71252 0)
(2.24944 1.78233 0)
(1.95778 1.76913 -1.16248e-23)
(1.73253 1.68517 -1.56459e-23)
(1.55751 1.57161 3.31922e-23)
(1.57398 1.30484 -1.27575e-23)
(1.58807 1.11559 -7.74956e-25)
(1.64188 0.908627 -3.19975e-24)
(1.71443 0.650141 3.96635e-24)
(1.64378 0.523168 0)
(1.6902 0.28559 -2.25088e-24)
(1.8122 0.290127 -2.99953e-23)
(1.96137 0.131801 4.27378e-23)
(1.95647 0.135123 4.59946e-23)
(1.96617 0.0822765 -6.45177e-23)
(1.73221 0.0387746 0)
(0.648599 -0.289084 6.38567e-24)
(1.41822 -0.494535 -3.32891e-23)
(2.34025 -0.201957 5.55382e-24)
(2.62847 0.183004 9.32336e-24)
(2.74013 0.526031 0)
(2.76895 0.842953 0)
(2.63501 1.21977 -2.70429e-24)
(2.5471 1.34892 1.34087e-23)
(2.36987 1.56829 0)
(2.19112 1.70092 1.0264e-23)
(1.97621 1.74585 2.48079e-23)
(1.84034 1.66475 -2.98718e-25)
(1.75134 1.56633 -2.55295e-23)
(1.77029 1.3869 1.71358e-23)
(1.79369 1.2465 3.46461e-24)
(1.81684 1.12618 1.40433e-24)
(1.89672 0.882831 -4.69272e-24)
(1.84768 0.796302 -1.13771e-24)
(1.83676 0.46661 4.07713e-24)
(1.90567 0.403979 -4.20599e-23)
(2.02865 0.268485 -4.25979e-23)
(2.01919 0.231701 1.81257e-24)
(2.00812 0.0958508 -1.25606e-22)
(1.82394 0.0427259 3.57788e-24)
(0.927901 -0.197163 0)
(1.43201 -0.335505 9.74956e-25)
(2.05359 -0.12054 3.59466e-24)
(2.31492 0.181608 -7.74263e-24)
(2.39841 0.482936 -1.67682e-23)
(2.44674 0.763917 7.61261e-25)
(2.43338 1.05504 4.43151e-24)
(2.33228 1.25278 -1.35134e-23)
(2.21602 1.4192 2.89873e-24)
(2.08402 1.57318 0)
(1.98757 1.65133 -1.83147e-23)
(1.91482 1.63168 9.12429e-24)
(1.87205 1.59779 7.79986e-24)
(1.87885 1.5161 1.25086e-23)
(1.89461 1.45347 -7.16005e-24)
(1.98979 1.26562 0)
(2.07623 1.06724 0)
(2.0685 0.958635 2.46761e-23)
(2.04153 0.703087 0)
(2.06371 0.548391 1.47351e-24)
(2.10772 0.471566 -1.47252e-24)
(2.16206 0.345436 -5.82881e-23)
(2.11233 0.153445 0)
(1.93776 0.0355969 0)
(1.11705 -0.120302 -1.2101e-24)
(1.45507 -0.207114 0)
(1.81835 -0.0513116 -5.05777e-25)
(2.05737 0.161756 8.24832e-24)
(2.13237 0.407218 1.57309e-23)
(2.17163 0.68378 8.63812e-24)
(2.2096 0.877913 -5.66998e-24)
(2.09423 1.17849 1.29396e-24)
(2.05546 1.3265 -8.788e-25)
(1.96352 1.53245 0)
(1.94554 1.60223 -4.47173e-24)
(1.87111 1.71126 -1.5489e-25)
(1.91181 1.67462 3.89278e-24)
(1.91015 1.71834 -7.77675e-24)
(2.03722 1.57007 1.89581e-23)
(2.1716 1.41224 -8.55962e-26)
(2.18931 1.35637 -2.30143e-24)
(2.23883 1.16096 -1.34974e-23)
(2.21637 0.934809 0)
(2.19353 0.677343 2.42781e-23)
(2.24005 0.561787 -1.46345e-23)
(2.36313 0.350739 2.88803e-23)
(2.34816 0.192555 0)
(2.02525 -0.0201718 8.78923e-24)
(1.22864 -0.0662375 3.16675e-24)
(1.45676 -0.119085 1.00417e-23)
(1.67756 0.00666503 0)
(1.85813 0.113519 0)
(1.88148 0.400385 0)
(1.91607 0.614966 -1.18424e-23)
(1.9494 0.849475 7.49342e-25)
(1.85866 1.13931 0)
(1.84131 1.33804 0)
(1.82387 1.5232 -3.8812e-24)
(1.81717 1.6478 1.83985e-24)
(1.82513 1.76685 5.38026e-25)
(1.89485 1.77137 0)
(1.97678 1.81857 -8.5841e-24)
(2.15851 1.66175 -1.78523e-24)
(2.25135 1.63517 -1.57763e-24)
(2.36453 1.44892 2.08265e-24)
(2.45478 1.23415 -9.12738e-24)
(2.44177 1.07829 0)
(2.40481 0.657021 -2.27482e-23)
(2.46491 0.459405 1.40086e-23)
(2.59377 0.176317 3.03138e-23)
(2.52062 0.064623 0)
(2.04608 -0.0697009 -9.66666e-24)
(1.28812 -0.0208595 0)
(1.44709 -0.0435693 -6.41057e-24)
(1.58789 0.0781061 -1.41738e-23)
(1.67053 0.138536 -1.08543e-25)
(1.64126 0.4539 -8.57074e-25)
(1.67251 0.591786 3.83426e-24)
(1.67863 0.870721 5.11811e-25)
(1.61831 1.10718 1.72283e-24)
(1.62308 1.32541 -1.71775e-24)
(1.66747 1.48104 -1.05791e-24)
(1.66413 1.67177 7.73541e-24)
(1.77568 1.77436 -3.82095e-25)
(1.87791 1.81308 5.53591e-25)
(2.03026 1.81859 0)
(2.19683 1.76814 -4.7147e-24)
(2.37398 1.67742 -5.50198e-24)
(2.6056 1.44247 8.26589e-25)
(2.6993 1.21154 -7.61265e-25)
(2.72247 1.02639 0)
(2.73702 0.575418 0)
(2.77492 0.294835 0)
(2.80436 -0.00876013 0)
(2.71053 -0.118857 0)
(1.77021 -0.0722178 -8.38719e-24)
(1.30338 0.0186955 -1.50242e-24)
(1.43554 0.0256704 -2.37284e-26)
(1.48592 0.144234 1.21596e-24)
(1.48518 0.237384 -2.28689e-25)
(1.44305 0.471579 5.71345e-25)
(1.4586 0.589751 -2.35142e-25)
(1.43639 0.840044 0)
(1.40794 1.02297 5.45986e-24)
(1.42817 1.23612 -6.25675e-27)
(1.47991 1.37323 -1.60671e-25)
(1.51882 1.60568 4.61729e-24)
(1.69191 1.65197 0)
(1.84574 1.79189 5.40654e-24)
(2.04234 1.78912 0)
(2.2957 1.70595 0)
(2.56196 1.53573 1.64046e-23)
(2.81894 1.383 -1.36058e-23)
(2.92782 1.17825 1.5307e-24)
(3.04963 0.822704 4.59223e-25)
(3.09234 0.50587 0)
(3.07443 0.239795 3.9567e-24)
(3.04845 -0.0612028 -3.08747e-23)
(2.91033 -0.16932 -8.45843e-25)
(1.4584 -0.0203558 0)
(1.29808 0.0533176 0)
(1.39886 0.0751614 -4.31988e-24)
(1.36814 0.182683 -2.63144e-24)
(1.33191 0.29677 -1.87971e-24)
(1.29985 0.445754 0)
(1.28329 0.568805 0)
(1.25278 0.744858 6.34779e-25)
(1.2339 0.905139 -6.09761e-24)
(1.25195 1.07405 2.54724e-23)
(1.2962 1.21341 1.80397e-23)
(1.3934 1.40259 7.11297e-24)
(1.57889 1.43929 1.7684e-24)
(1.77517 1.61018 -1.99241e-23)
(2.10629 1.54445 7.29475e-24)
(2.42039 1.54485 6.93889e-23)
(2.7616 1.18939 -1.98353e-23)
(2.98705 1.25095 -3.45226e-23)
(3.22463 0.984062 1.83395e-24)
(3.37109 0.596056 -1.822e-24)
(3.33428 0.395373 -2.30938e-25)
(3.34454 0.130369 -3.72292e-24)
(3.39337 -0.15913 -1.69324e-23)
(2.97003 -0.409379 6.05219e-23)
(1.27145 -0.0376736 0)
(1.28069 0.0586916 1.03017e-25)
(1.36371 0.0777276 -3.28812e-24)
(1.26328 0.174682 1.41768e-24)
(1.22246 0.255157 1.88813e-24)
(1.19514 0.352924 6.35325e-24)
(1.14763 0.42627 1.12318e-25)
(1.09392 0.570007 0)
(1.08167 0.682173 0)
(1.09118 0.8277 -2.54586e-23)
(1.14895 0.945319 -1.80393e-23)
(1.29487 1.09169 -3.97215e-23)
(1.51844 1.1006 -1.76836e-24)
(1.78161 1.20341 8.88849e-24)
(2.17271 0.9486 -8.86268e-24)
(2.52742 1.27846 -5.62329e-23)
(2.87907 0.859799 6.42112e-24)
(3.17678 0.948608 -7.3057e-23)
(3.56458 0.597442 -3.30191e-24)
(3.60589 0.417027 2.51235e-24)
(3.54698 0.124482 7.76313e-25)
(3.65024 -0.181709 -4.98673e-24)
(3.58646 -0.522936 -8.09245e-24)
(2.90127 -0.429629 8.96806e-24)
(1.109 -0.0832084 -4.51598e-24)
(1.2584 0.0283015 9.03389e-26)
(1.31091 0.0516522 8.6724e-25)
(1.19325 0.127164 8.72761e-25)
(1.15248 0.166241 -5.04144e-24)
(1.12738 0.23457 -6.48841e-24)
(1.05028 0.292643 0)
(0.981971 0.390808 0)
(0.9731 0.488935 -4.97462e-23)
(0.986001 0.584522 7.2271e-23)
(1.05612 0.636132 0)
(1.23587 0.698745 1.9744e-23)
(1.52511 0.712732 -1.12194e-24)
(1.87022 0.702069 -7.67329e-25)
(2.21125 0.4986 2.00049e-23)
(2.59968 0.51649 -1.9823e-23)
(2.96506 0.523403 9.34365e-24)
(3.35039 0.438746 -1.96434e-23)
(3.75992 0.296359 0)
(3.82526 0.192505 -6.95592e-23)
(3.89537 -0.203709 -2.4334e-24)
(3.97995 -0.515649 5.62502e-24)
(1.24599 0.00785126 -1.5472e-25)
(1.25586 0.0312142 1.00146e-25)
(1.15374 0.0880822 -1.40808e-24)
(1.1207 0.0844918 -1.61538e-24)
(1.08539 0.113657 1.27675e-23)
(0.990843 0.145324 2.70108e-25)
(0.915664 0.165691 3.42874e-25)
(0.895187 0.210483 4.9781e-23)
(0.919399 0.247487 3.38676e-24)
(1.01974 0.305718 0)
(1.21862 0.279763 -4.40608e-24)
(1.55265 0.334747 -7.83672e-25)
(1.92217 0.249102 9.50228e-23)
(2.24479 0.368742 -1.60565e-22)
(2.62552 0.146011 -1.98671e-23)
(3.00776 0.164011 1.87173e-23)
(3.41347 0.00612761 1.28584e-22)
(3.8567 0.083381 -7.96271e-24)
(4.11003 -0.17605 -1.61774e-23)
(4.24139 -0.408185 0)
(4.19583 -0.559574 0)
(1.2469 0.00514332 -1.13208e-25)
(1.21648 0.0205939 0)
(1.12781 0.0734156 -4.05024e-24)
(1.12197 0.0461591 6.66182e-24)
(1.07536 0.0230809 1.37937e-23)
(0.982146 0.0302524 -5.54759e-25)
(0.907617 -0.00650943 7.15874e-23)
(0.880155 0.00701763 -1.06273e-22)
(0.897533 -0.0153914 -7.51051e-23)
(1.02015 0.0189503 0)
(1.21521 -0.0311689 0)
(1.56043 -0.00681381 5.34087e-24)
(1.91705 -0.0533789 7.82278e-25)
(2.29568 -0.00270395 1.52215e-22)
(2.66768 -0.0458046 1.0629e-23)
(3.04521 -0.00384596 1.74534e-23)
(3.46863 -0.219442 -1.80564e-23)
(4.01273 -0.286083 0)
(4.26874 -0.487006 8.66382e-23)
(4.35577 -0.506891 0)
(1.25414 0.0106804 -1.10381e-25)
(1.19458 0.0126897 0)
(1.11547 0.0448929 3.89003e-24)
(1.15686 0.00667561 0)
(1.09843 -0.058429 -2.4343e-24)
(1.01758 -0.0914456 0)
(0.943052 -0.187531 -6.72402e-23)
(0.905734 -0.187809 1.01518e-22)
(0.903294 -0.287681 -1.41234e-22)
(1.03465 -0.277996 -9.4758e-23)
(1.23181 -0.345066 -8.81919e-25)
(1.56465 -0.307673 0)
(1.91846 -0.328046 -7.1496e-23)
(2.32118 -0.327352 1.54064e-22)
(2.72714 -0.414205 0)
(3.18761 -0.383944 0)
(2.21483 0.0354397 3.18412e-23)
(2.05486 0.0928529 5.00264e-22)
(1.15067 0.033439 0)
(1.78381 0.132318 3.58456e-23)
(1.5257 0.151118 2.20911e-22)
(1.15423 0.0391293 0)
(1.27631 0.0956802 0)
(1.06385 -0.00754245 0)
(1.18589 0.0459452 0)
(0.907264 -0.0534955 7.47516e-24)
(0.789021 -0.025026 -2.38239e-24)
(1.23117 0.0483071 -6.66139e-25)
(0.701455 0.0203617 -5.09766e-24)
(0.638852 0.0436407 2.04692e-24)
(1.28765 0.0461081 0)
(0.574448 0.0572907 -2.45311e-24)
(0.483241 0.0788024 1.4596e-24)
(1.35472 0.0447232 -1.44754e-24)
(0.360955 0.0974411 0)
(0.225477 0.110616 0)
(1.43019 0.0406828 -1.93018e-24)
(0.0804458 0.119847 0)
(-0.073628 0.124334 -1.06369e-23)
(1.50421 0.0309505 -3.12011e-24)
(-0.222395 0.115646 0)
(-0.328301 0.0922282 -1.57098e-23)
(1.57188 0.02846 0)
(-0.384434 0.0515003 -1.70819e-23)
(-0.374941 -0.0117191 0)
(1.63553 0.0324557 -2.04872e-25)
(-0.299481 -0.0683556 2.2116e-23)
(-0.163857 -0.107646 5.1799e-25)
(1.70013 0.0374235 5.51689e-24)
(0.0224407 -0.128674 1.47162e-23)
(0.212125 -0.131077 6.44819e-24)
(1.77405 0.0410544 3.35411e-24)
(0.394426 -0.115674 3.2497e-24)
(0.548254 -0.0947717 -1.38603e-24)
(1.88425 0.0416431 0)
(0.677673 -0.0755329 0)
(0.781341 -0.0585635 0)
(1.98444 0.0154457 0)
(0.863312 -0.0436348 0)
(0.927732 -0.030009 1.25438e-24)
(2.04977 -0.0544834 1.11724e-24)
(0.975786 -0.0175968 -1.92563e-25)
(1.00749 -0.0079015 2.94048e-25)
(1.97974 -0.0781163 -5.61702e-25)
(1.02384 -0.00109416 -1.01505e-25)
(1.02733 0.00385049 -2.95602e-27)
(1.59028 -0.0456634 0)
(1.02228 0.0105087 1.50832e-24)
(1.00037 0.0248896 -1.53589e-24)
(1.34918 -0.0152491 0)
(0.957875 0.0356135 8.49499e-26)
(0.908381 0.0339843 0)
(1.19077 -0.0687355 0)
(0.863322 0.0231298 -8.28283e-26)
(0.831854 0.00910859 6.25251e-25)
(1.019 -0.0831532 3.248e-24)
(0.815726 -0.00117412 8.23838e-26)
(0.809652 -0.00669334 -8.08173e-26)
(0.809661 -0.00799384 0)
(0.812056 -0.00574439 1.43498e-25)
(0.813249 -0.00292785 0)
(0.815635 -0.00367314 -3.35964e-26)
(0.81498 -0.00707564 -5.17447e-26)
(0.81672 -0.0096772 -1.50128e-25)
(3.1463 -0.0151553 -4.52989e-24)
(3.07054 -0.00888383 -1.17978e-23)
(3.08655 -0.0505011 -8.60502e-23)
(3.12172 -0.00255579 0)
(3.14877 -0.0257809 -1.53467e-22)
(3.15751 -0.0316691 4.8251e-22)
(3.07094 -0.033915 7.88641e-23)
(3.10434 -0.0686207 3.4561e-22)
(3.12907 -0.108107 -1.04389e-21)
(3.15455 -0.0509473 1.99184e-22)
(2.66169 -0.126696 0)
(2.56275 -0.103356 1.09933e-21)
(2.86192 -0.261202 -1.09583e-21)
(3.17515 -0.0470977 -1.59674e-22)
(3.18733 -0.033122 -3.48653e-22)
(3.07876 -0.0186723 4.34695e-22)
(3.14802 -0.0827364 -6.95817e-22)
(3.18227 -0.133979 9.08613e-22)
(3.18661 -0.0391837 -8.95915e-22)
(2.48999 -0.0991464 -4.95199e-22)
(2.39821 -0.0786548 0)
(2.71582 -0.22998 0)
(3.20357 -0.00532639 5.44135e-22)
(3.23913 -0.0101934 -1.66781e-22)
(3.07529 0.0243121 7.26506e-23)
(3.22993 -0.0749622 1.08788e-21)
(3.27025 -0.100771 0)
(3.27401 -0.0207544 -1.54664e-22)
(2.3251 -0.0723338 9.63781e-23)
(2.24204 -0.0566073 -1.15781e-23)
(2.56949 -0.174206 -6.99491e-23)
(3.2665 0.0509051 9.32659e-22)
(3.27828 0.169598 -1.96041e-22)
(3.03023 0.0982878 -5.80937e-22)
(3.34656 -0.03402 0)
(3.45597 -0.0345032 8.84116e-22)
(3.36438 0.0842463 -4.45436e-22)
(2.17981 -0.0470153 2.32608e-22)
(2.10884 -0.024192 2.63491e-22)
(2.41441 -0.128596 -2.62971e-22)
(3.30425 0.230022 1.93959e-22)
(3.36581 0.351837 -4.01014e-22)
(2.93885 0.326459 2.85841e-22)
(3.50639 0.116364 3.25549e-22)
(3.5597 0.173159 0)
(3.46986 0.315966 0)
(2.05886 -0.00389639 1.39723e-22)
(2.00664 0.00924403 -2.54417e-23)
(2.27467 -0.0779684 3.09021e-22)
(3.37409 0.435718 0)
(3.35736 0.470247 5.61805e-23)
(2.67293 0.401125 0)
(3.6549 0.279841 0)
(3.72764 0.37828 5.75472e-23)
(3.62461 0.446403 0)
(1.96818 0.0145427 -1.2153e-22)
(1.92293 0.019874 -4.60656e-24)
(2.15586 -0.0552722 0)
(3.31142 0.506053 -2.58987e-23)
(3.20996 0.510565 -5.25098e-23)
(1.94389 0.310215 3.74444e-23)
(3.74209 0.511205 -1.52464e-23)
(3.79886 0.526559 -1.81433e-23)
(3.6492 0.652267 1.63837e-23)
(1.88929 0.0212417 -1.05554e-23)
(1.85837 0.0253929 2.07952e-24)
(2.04476 -0.0207319 0)
(3.0514 0.566158 2.05087e-23)
(2.73109 0.552136 -1.51752e-23)
(1.37752 0.0849479 -2.69467e-24)
(3.85779 0.663094 0)
(3.86319 0.779173 0)
(3.57068 0.716194 0)
(1.83387 0.0351629 -2.05534e-24)
(1.80778 0.0473826 -1.92911e-24)
(1.94595 -0.0150605 1.3653e-23)
(2.26826 0.420744 0)
(1.90605 0.363534 -1.79727e-23)
(1.01199 0.197826 0)
(3.83753 0.843869 -3.5163e-23)
(3.77116 0.887523 5.56157e-23)
(3.1546 0.834461 0)
(1.78863 0.0559752 7.00107e-25)
(1.77873 0.0596391 -1.43782e-23)
(1.8754 0.018438 5.25675e-24)
(1.65069 0.321608 -2.63086e-24)
(1.44288 0.340696 -1.02472e-23)
(0.752075 0.26369 -1.40043e-23)
(3.68743 0.9712 0)
(3.51363 1.01135 -1.17286e-22)
(2.41445 0.645773 9.6699e-23)
(1.77799 0.0596069 1.24177e-23)
(1.78262 0.0621302 2.02043e-24)
(1.85974 0.0489027 -1.46288e-23)
(1.25081 0.398381 0)
(1.05532 0.445459 -1.15556e-22)
(0.459636 0.267985 2.9769e-23)
(3.38218 0.974151 -2.96132e-22)
(3.08963 0.8943 3.07064e-22)
(1.84077 0.599192 7.92789e-23)
(1.79834 0.064085 0)
(1.81905 0.0627595 1.47969e-23)
(1.87039 0.0491347 1.04694e-23)
(0.854103 0.446717 9.49435e-23)
(0.679246 0.391028 -3.86245e-23)
(0.0872748 0.172683 -1.7161e-23)
(2.94275 0.774835 -2.20624e-22)
(2.77715 0.702846 1.48061e-22)
(1.54808 0.480609 -1.2454e-22)
(1.83653 0.0572013 -5.27719e-24)
(1.86114 0.0535979 -2.79597e-23)
(1.9004 0.0603953 -4.02921e-23)
(0.56777 0.198652 -2.82661e-24)
(0.524389 -0.0326789 4.78708e-23)
(-0.0755178 -0.084791 3.38869e-24)
(2.80439 0.316838 1.62291e-22)
(2.69201 0.16715 1.62805e-22)
(1.41967 -0.0973597 -2.37246e-22)
(1.88278 0.0483652 2.65722e-23)
(1.90226 0.0513019 0)
(1.92996 0.0520854 -8.26051e-23)
(0.535023 -0.267171 1.05799e-22)
(0.599255 -0.454533 0)
(0.125663 -0.300675 1.52499e-23)
(2.56243 -0.257541 1.38854e-22)
(2.3827 -0.3867 2.77952e-22)
(1.43091 -0.491455 1.043e-22)
(1.91418 0.0497547 4.98936e-24)
(1.93614 0.0528139 -2.5058e-23)
(1.94926 0.0631546 -2.05041e-23)
(0.705289 -0.51276 2.66488e-24)
(0.828916 -0.494468 2.54631e-23)
(0.476651 -0.324769 -5.89684e-24)
(2.21852 -0.522829 -2.59927e-22)
(2.06098 -0.455647 4.36416e-23)
(1.4275 -0.564983 0)
(1.95587 0.056214 1.04185e-23)
(1.98355 0.0770663 6.06138e-24)
(1.98283 0.0698269 0)
(0.945912 -0.434158 -3.03848e-24)
(1.0443 -0.36839 3.72795e-24)
(0.798691 -0.243312 -4.55199e-24)
(1.93493 -0.426972 8.42334e-23)
(1.85465 -0.366799 8.05673e-25)
(1.4218 -0.412557 -1.53101e-23)
(2.00699 0.09215 1.92511e-23)
(2.04958 0.0966207 -6.52506e-24)
(2.03823 0.11705 0)
(1.1285 -0.30578 -1.62646e-24)
(1.19781 -0.245724 -2.43482e-24)
(1.03406 -0.154975 0)
(1.77099 -0.325498 -1.18208e-23)
(1.72309 -0.277043 2.29001e-24)
(1.44509 -0.264393 1.76234e-24)
(2.09516 0.0777889 0)
(2.16645 0.0862674 3.01314e-23)
(2.2252 0.192899 8.73991e-23)
(1.25514 -0.190719 3.41817e-24)
(1.30162 -0.142091 -2.4951e-24)
(1.18026 -0.0925662 -2.27986e-24)
(1.6732 -0.203335 -5.21485e-24)
(1.63539 -0.162575 2.92819e-24)
(1.45816 -0.166942 1.45889e-24)
(2.2549 0.109965 -7.99867e-24)
(2.37752 0.116109 0)
(2.45603 0.190152 0)
(1.33902 -0.10076 -7.34516e-25)
(1.36492 -0.0664325 -7.60863e-25)
(1.26437 -0.0429253 3.62756e-25)
(1.59892 -0.0945232 -1.32627e-23)
(1.56586 -0.0777528 0)
(1.45267 -0.0761942 1.6325e-24)
(2.48349 0.0299818 6.45006e-24)
(2.53917 -0.132507 4.12164e-24)
(2.61174 -0.0335269 -1.24945e-22)
(1.38257 -0.0369893 6.40999e-24)
(1.39225 -0.0132502 2.97676e-24)
(1.3003 0.000358166 -2.99879e-24)
(1.5375 -0.0235156 5.6565e-23)
(1.50302 -0.0182111 -4.81229e-26)
(1.44367 -0.00744277 2.37284e-26)
(2.55139 -0.255333 4.9565e-24)
(2.54879 -0.2791 -2.59161e-23)
(2.83234 -0.0909881 2.98409e-23)
(1.39437 0.00416376 1.82069e-25)
(1.3905 0.026017 -1.58652e-25)
(1.30259 0.030877 1.3959e-24)
(1.47605 0.0338031 3.92596e-25)
(1.44231 0.0486977 -1.06352e-23)
(1.4183 0.0572725 1.02949e-23)
(2.52388 -0.260726 7.74332e-25)
(2.40101 -0.214586 -8.15165e-25)
(2.96542 -0.302776 1.02418e-22)
(1.37788 0.055434 4.28004e-24)
(1.36646 0.066349 7.99235e-25)
(1.29068 0.0659263 -3.91405e-25)
(1.41339 0.0935264 0)
(1.37542 0.0996139 0)
(1.38236 0.0848189 0)
(2.16158 -0.167096 2.43375e-23)
(1.95105 -0.15118 -2.15132e-23)
(2.96785 -0.397678 2.04928e-23)
(1.35403 0.0554042 -4.21805e-24)
(1.33896 0.0368158 -1.02136e-24)
(1.2689 0.0440887 2.10287e-27)
(1.33776 0.109384 5.47505e-24)
(1.29454 0.0938748 0)
(1.34 0.067027 1.82839e-24)
(1.78485 -0.119629 -7.68284e-24)
(1.6307 -0.121223 -7.3185e-25)
(2.64738 -0.345907 3.97561e-23)
(1.32311 0.0189524 -4.54484e-25)
(1.30898 0.00442498 0)
(1.2502 0.0162481 -2.98633e-25)
(1.25437 0.0814834 -4.61348e-25)
(1.22238 0.0603121 -3.31013e-24)
(1.28113 0.0412843 0)
(1.29725 -0.00542083 0)
(1.28669 -0.00856494 0)
(1.24528 0.00455874 2.12149e-26)
(1.19872 0.0383314 4.10488e-25)
(1.18016 0.0323202 5.49815e-24)
(1.23436 0.0257429 -1.00155e-25)
(1.27753 -0.00960341 1.17569e-25)
(1.27104 -0.0101111 7.6562e-26)
(1.25209 0.00626821 3.67234e-27)
(1.16202 0.0126422 -9.17091e-24)
(1.14221 0.0183639 9.59639e-24)
(1.20497 0.0170298 0)
(1.26819 -0.01149 1.10408e-25)
(1.26735 -0.0158831 0)
(1.25529 0.0067885 -1.92636e-25)
(1.12472 0.00528863 0)
(1.10888 0.00889134 6.26382e-25)
(1.18485 0.00577157 -6.26539e-25)
(-0.369068 0.0167239 0)
(-0.422388 -0.00263882 0)
(-0.302259 0.0139324 0)
(-0.370036 -0.00139321 0)
(-0.228547 0.0120555 0)
(-0.319265 0.000469383 0)
(-0.339531 0.0154758 0)
(-0.396815 -0.00210087 0)
(-0.269705 0.0130683 0)
(-0.346312 -0.000850971 0)
(-0.190983 0.0113583 0)
(-0.293487 0.000953362 0)
(-0.149053 0.0103183 0)
(-0.26683 0.00105315 0)
(-0.0597382 0.0112359 0)
(-0.21249 0.00182227 0)
(0.0405607 0.0109487 0)
(-0.152371 0.00163204 0)
(0.144796 0.0100781 0)
(-0.0962117 0.00165694 0)
(0.247305 0.0100672 0)
(-0.0410718 0.00151726 0)
(0.357852 0.0106033 0)
(0.0155951 0.0014168 0)
(0.471897 0.00919679 0)
(0.0690159 0.00120084 0)
(0.571346 0.00815512 0)
(0.116695 0.00104838 0)
(0.657212 0.00751124 0)
(0.158235 0.000668484 0)
(0.735955 0.00729055 0)
(0.194475 0.000354475 0)
(0.820604 0.0082765 0)
(0.234296 0.00111697 0)
(0.905977 0.00823306 0)
(0.28021 0.0014002 0)
(0.994092 0.00904691 0)
(0.333571 0.00227356 0)
(1.07185 0.00984479 0)
(0.398149 0.00195091 0)
(1.12882 0.0184526 0)
(0.471309 -0.00106546 0)
(1.15863 0.0211475 0)
(0.54975 -0.00529979 0)
(1.13835 0.00773665 0)
(0.597542 0.00104156 0)
(1.01331 -0.0146575 0)
(0.583485 0.00469508 0)
(0.87084 -0.00933084 0)
(0.553967 0.00118395 0)
(0.706422 -0.0127513 0)
(0.504968 -0.00103768 0)
(-0.107121 0.0100899 0)
(-0.24166 0.0014823 0)
(-0.00777529 0.0114227 0)
(-0.181437 0.00205982 0)
(0.102207 0.0104996 0)
(-0.121698 0.00169114 0)
(0.207891 0.00965571 0)
(-0.0644447 0.00147634 0)
(0.316167 0.0105175 0)
(-0.00808595 0.0014372 0)
(0.432241 0.0102084 0)
(0.0479111 0.00115946 0)
(0.535394 0.00865234 0)
(0.0975142 0.000996854 0)
(0.621363 0.00765702 0)
(0.140679 0.000624204 0)
(0.697334 0.00705513 0)
(0.177549 0.00041282 0)
(0.780795 0.007982 0)
(0.213934 0.000689002 0)
(0.8643 0.0082597 0)
(0.257362 0.00119282 0)
(0.951582 0.00873737 0)
(0.305642 0.00176724 0)
(1.03655 0.00966029 0)
(0.365219 0.00243092 0)
(1.104 0.0128689 0)
(0.433115 0.000873558 0)
(1.14847 0.0233427 0)
(0.512539 -0.00312737 0)
(1.15761 0.0185654 0)
(0.57838 -0.00481593 0)
(1.08326 -0.00909432 0)
(0.598548 0.00391606 0)
(0.940716 -0.011632 0)
(0.56676 0.00404387 0)
(0.791491 -0.0114634 0)
(0.533022 -0.000716753 0)
(0.613185 -0.0173304 0)
(0.467584 -0.00176324 0)
(-0.00128237 -0.0246637 0)
(-0.31055 -0.000874502 0)
(0.172659 -0.029671 0)
(-0.193299 -0.000782883 0)
(0.34336 -0.0342427 0)
(-0.0503321 -0.00154604 0)
(-0.0706241 -0.0206485 0)
(0.0780624 -0.0267557 0)
(-0.251852 -0.000670008 0)
(0.258272 -0.0303837 0)
(-0.12464 -0.00159079 0)
(0.443923 -0.043991 0)
(0.0421747 -0.00063721 0)
(0.569783 -0.0627922 0)
(0.163231 -0.000319311 0)
(0.769869 -0.0495797 0)
(0.437863 0.0094646 0)
(0.710874 0.00982278 0)
(0.455255 0.000299947 0)
(0.595102 0.0208421 0)
(0.409002 -0.0123949 0)
(0.488223 0.00938003 0)
(0.373903 -0.000857839 0)
(0.392788 0.00609915 0)
(0.364594 -0.00114501 0)
(0.184154 0.0313672 0)
(0.26351 0.00808479 0)
(-0.117846 0.0423123 0)
(0.0345512 0.0143584 0)
(-0.434493 0.0458806 0)
(-0.28036 0.0188501 0)
(-0.619643 0.0209439 0)
(-0.536045 0.0122066 0)
(-0.549558 -0.019869 0)
(-0.565361 -0.000629349 0)
(-0.306707 -0.0350155 0)
(-0.385426 -0.00957732 0)
(-0.0364862 -0.0282903 0)
(-0.172011 -0.00864313 0)
(0.179397 -0.0184155 0)
(-0.0180357 -0.00575713 0)
(0.305176 -0.00947117 0)
(0.0739441 -0.00333665 0)
(0.361617 -0.00387347 0)
(0.120671 -0.00158658 0)
(0.377748 -0.00139904 0)
(0.139806 -0.000618201 0)
(0.371322 -0.0008241 0)
(0.144933 0.000686864 0)
(0.344468 0.000148471 0)
(0.140061 0.00206004 0)
(0.300874 0.00429995 0)
(0.113111 0.00140939 0)
(0.273968 0.00366067 0)
(0.0884421 0.000199499 0)
(0.269185 0.00233016 0)
(0.077602 -0.000662573 0)
(0.265706 0.00248133 0)
(0.069649 -3.21961e-05 0)
(0.259889 0.0027461 0)
(0.0585966 -0.000623505 0)
(0.693379 -0.0750282 0)
(0.319066 -0.000326147 0)
(0.773153 -0.016529 0)
(0.473818 0.012421 0)
(0.643181 0.0195698 0)
(0.42512 -0.0092446 0)
(0.54425 0.018305 0)
(0.392149 -0.00570662 0)
(0.442645 0.00186683 0)
(0.36755 -0.00163579 0)
(0.308035 0.019518 0)
(0.336097 0.00307513 0)
(0.0373653 0.0377041 0)
(0.16149 0.0118109 0)
(-0.282099 0.0473551 0)
(-0.115757 0.0173602 0)
(-0.554604 0.0360044 0)
(-0.430851 0.0169135 0)
(-0.620245 -0.00027725 0)
(-0.583889 0.00687519 0)
(-0.436321 -0.0325895 0)
(-0.491446 -0.00602591 0)
(-0.180216 -0.0313404 0)
(-0.272837 -0.0103997 0)
(0.0830301 -0.0235646 0)
(-0.0882805 -0.00701719 0)
(0.25218 -0.0134962 0)
(0.0345012 -0.00441639 0)
(0.340302 -0.00627727 0)
(0.101916 -0.00241882 0)
(0.373164 -0.00238616 0)
(0.132555 -0.00101512 0)
(0.377174 -0.000590698 0)
(0.143535 -0.000117682 0)
(0.360815 -0.00152778 0)
(0.14476 0.00172203 0)
(0.322847 0.00301633 0)
(0.128367 0.0018436 0)
(0.283852 0.00429386 0)
(0.0989847 0.000878363 0)
(0.269833 0.00288853 0)
(0.0816878 -0.000392769 0)
(0.268306 0.00213017 0)
(0.0742203 -0.000324524 0)
(0.26248 0.00277724 0)
(0.063989 -0.000131227 0)
(0.260138 0.00247625 0)
(0.0550119 -0.00106194 1.09884e-35)
(3.49022 -0.614689 -1.0515e-22)
(1.64577 -0.309099 0)
(0.365169 -0.0695424 1.154e-24)
(0.269902 -0.0381376 7.98234e-25)
(3.57704 -0.717094 -3.76507e-24)
(2.39021 -0.484466 -8.71422e-24)
(0.918788 -0.0924251 0)
(3.54156 -0.737726 -2.7596e-23)
(1.94498 -0.511497 0)
(0.636824 -0.107083 5.89005e-24)
(0.784064 -0.104057 -6.05409e-25)
(0.486183 -0.0981846 2.71048e-24)
(0.805289 -0.237574 0)
(0.679463 -0.179196 6.93317e-23)
(1.4587 -0.179529 -4.61386e-23)
(1.51037 -0.173188 -1.83602e-24)
(1.33195 -0.257202 3.77703e-24)
(2.06482 -0.446386 1.28931e-23)
(1.1597 -0.29431 -3.61378e-24)
(0.954432 -0.289438 2.78557e-23)
(1.71591 -0.408145 8.68928e-23)
(-0.105123 -0.0401182 0)
(-0.0984225 -0.0118827 0)
(-0.205466 -0.0314697 0)
(-0.207129 -0.00916443 0)
(0.503727 -0.0281991 0)
(0.409337 -0.00487189 0)
(0.196221 -0.047913 0)
(0.180756 -0.0126578 0)
(0.360109 -0.0410291 0)
(0.31102 -0.00947454 0)
(0.0302143 -0.0472001 0)
(0.0359464 -0.013626 0)
(3.34777 -0.478829 5.06265e-23)
(1.39309 -0.00612824 1.69894e-22)
(0.222279 0.00383589 -5.98725e-24)
(4.19578 -0.632557 -1.14743e-23)
(4.24453 -0.580625 1.26657e-22)
(4.07225 -0.268027 -1.6494e-22)
(2.9861 -0.138654 -5.98357e-23)
(1.2316 0.222605 -2.58048e-22)
(0.245627 0.0511501 1.84912e-23)
(2.3801 -1.22896 2.50865e-22)
(2.79128 -1.24706 -4.76229e-23)
(3.20059 -1.1682 -3.79186e-22)
(3.6109 -1.07581 4.43792e-22)
(3.87085 -0.910642 -2.39049e-22)
(3.97014 -0.759726 0)
(4.03039 -0.51736 1.82481e-23)
(3.70848 -0.144917 3.34312e-24)
(2.6301 0.185762 1.61764e-22)
(1.26231 0.388809 7.15413e-23)
(0.419611 0.0783363 -2.01097e-23)
(2.35691 -1.43496 -2.09168e-22)
(2.73582 -1.41894 -2.45128e-23)
(3.12828 -1.28763 3.83619e-22)
(3.41973 -1.22283 1.94302e-23)
(3.62415 -0.93842 2.46072e-22)
(3.70544 -0.8284 0)
(3.63521 -0.383979 -2.16127e-22)
(3.29343 -0.109646 0)
(2.34971 0.321311 -3.41932e-23)
(1.39766 0.370619 3.87955e-23)
(0.660321 0.0781939 -1.13911e-23)
(0.209378 0.0289665 0)
(0.318036 0.0603236 4.45376e-24)
(0.538234 0.0799955 -1.0888e-24)
(0.776674 0.0678412 8.67266e-24)
(2.38167 -0.82152 -1.4632e-22)
(2.79712 -0.908889 -1.95922e-23)
(3.25595 -0.911633 0)
(3.67848 -0.943045 -7.03458e-22)
(4.03638 -0.764323 1.14201e-23)
(0.631792 -0.107427 5.18957e-23)
(0.620657 -0.0463713 -2.36295e-23)
(1.24756 0.0733628 5.35831e-23)
(0.650967 0.0485761 -1.13472e-23)
(0.692396 0.107535 3.9086e-23)
(1.23047 0.218455 -1.90863e-22)
(0.774108 0.184053 -6.81306e-23)
(0.884855 0.196928 7.01981e-24)
(1.34319 0.311841 -3.54436e-23)
(0.999904 0.207634 2.11552e-23)
(1.12074 0.18987 -3.55124e-24)
(1.48779 0.276146 5.38462e-23)
(1.25811 0.0133567 1.97656e-25)
(1.17648 -0.0021921 0)
(1.12593 -0.00731062 0)
(1.23941 -0.0814075 8.71976e-24)
(1.18921 -0.163909 -4.11998e-23)
(1.09776 -0.263175 6.61046e-23)
(1.02049 -0.360889 0)
(0.964893 -0.449093 3.58987e-24)
(0.988235 -0.579446 1.39128e-22)
(1.09428 -0.657257 -6.86442e-23)
(1.27144 -0.783476 1.04817e-22)
(1.58372 -0.782016 9.12538e-24)
(1.95203 -0.825812 -9.08498e-24)
(1.26575 -0.00247218 -7.14827e-25)
(1.17043 -0.0180062 1.8946e-24)
(1.189 -0.0997253 4.97096e-24)
(1.31861 -0.185401 -8.79607e-24)
(1.28882 -0.256394 3.92499e-23)
(1.19539 -0.368353 -6.44365e-23)
(1.1315 -0.478124 -6.40531e-24)
(1.09843 -0.617125 3.95057e-24)
(1.11573 -0.807899 9.86451e-23)
(1.22264 -0.906819 3.96311e-23)
(1.36254 -1.06252 -1.1427e-22)
(1.64385 -1.14447 0)
(1.26127 -0.0154519 4.37513e-24)
(1.18991 -0.0238256 5.29902e-24)
(1.30468 -0.161169 -5.13058e-24)
(1.3835 -0.258183 1.74489e-25)
(1.37693 -0.291876 -2.08456e-23)
(1.31783 -0.422337 0)
(1.27756 -0.577763 0)
(1.28269 -0.724312 0)
(1.25352 -0.031785 -1.03285e-24)
(1.24614 -0.0393163 -1.13418e-23)
(1.40375 -0.157201 -3.15607e-23)
(1.45076 -0.257265 -8.90649e-25)
(0.818206 -0.0136752 0)
(0.82111 -0.0171171 0)
(0.82953 -0.0209958 0)
(0.843182 -0.0231957 7.65529e-25)
(0.860662 -0.0241846 -7.6549e-25)
(0.88195 -0.0241547 1.28985e-24)
(0.905484 -0.0234616 -1.28987e-24)
(0.931449 -0.0227511 -3.79591e-24)
(1.98699 -1.23308 0)
(1.27009 -0.92756 4.45005e-23)
(1.33978 -1.07794 1.44037e-22)
(1.49276 -1.22495 -7.35077e-23)
(1.73574 -1.33332 0)
(2.04557 -1.39043 0)
(1.48123 -0.307924 1.68343e-23)
(1.46814 -0.449868 0)
(1.425 -0.620032 1.96414e-23)
(1.45171 -0.770126 9.38229e-24)
(1.45713 -0.917916 -1.49041e-22)
(1.49447 -1.13246 1.3841e-22)
(1.62579 -1.27248 -2.63636e-23)
(1.81667 -1.42438 -1.54903e-23)
(2.09349 -1.45141 8.5909e-24)
(2.36152 -1.49847 0)
(2.68672 -1.475 0)
(2.98721 -1.36959 0)
(3.22343 -1.19929 0)
(3.36241 -0.997405 4.88907e-23)
(3.45594 -0.723311 0)
(3.27082 -0.339919 6.11051e-23)
(2.95083 -0.10038 3.94723e-24)
(2.17763 0.28696 7.18768e-24)
(1.54376 0.258915 -5.87685e-24)
(0.878944 0.0549566 0)
(1.26327 -0.0413957 -5.77695e-24)
(1.31896 -0.0763677 3.6929e-23)
(1.47423 -0.170286 2.96597e-23)
(1.52927 -0.222701 1.00207e-22)
(1.59178 -0.331752 -1.79907e-23)
(1.63037 -0.432133 1.00781e-24)
(1.57594 -0.629182 -2.28817e-23)
(1.58308 -0.782463 0)
(1.61292 -0.912916 0)
(1.69049 -1.10855 -1.46466e-22)
(1.78389 -1.24032 3.81052e-23)
(1.91891 -1.40014 1.02042e-24)
(2.12795 -1.44643 5.71952e-24)
(2.36813 -1.49508 -1.48571e-22)
(2.63396 -1.44636 0)
(2.83468 -1.36934 0)
(3.01962 -1.14999 0)
(3.11187 -0.989748 -4.90205e-23)
(3.12203 -0.621846 5.89528e-25)
(2.96204 -0.324558 -6.98635e-23)
(2.66289 -0.0746748 -3.7925e-24)
(2.07829 0.198283 8.20276e-25)
(1.64132 0.154134 -2.93911e-24)
(1.03083 0.0294647 1.83352e-24)
(1.30955 -0.0522136 0)
(1.38799 -0.123616 4.10198e-23)
(1.52857 -0.248429 -2.00405e-23)
(1.61333 -0.26619 -1.00201e-22)
(1.68893 -0.445037 0)
(1.77744 -0.448427 0)
(1.74087 -0.662714 4.19293e-23)
(1.74229 -0.758628 1.25148e-26)
(1.75747 -0.948395 0)
(1.85968 -1.05632 5.28436e-23)
(1.91895 -1.19952 6.33411e-23)
(2.04081 -1.28642 3.36196e-24)
(2.16681 -1.3838 0)
(2.38016 -1.38672 1.47644e-22)
(2.53213 -1.32317 0)
(2.69883 -1.16756 0)
(2.78073 -1.0596 -8.41979e-25)
(2.86493 -0.79601 8.52933e-25)
(2.79077 -0.528015 -4.88434e-24)
(2.69665 -0.276748 7.12566e-23)
(2.43076 -0.0441382 2.89362e-24)
(2.03219 0.128142 -4.63983e-23)
(1.69351 0.0798796 1.23338e-23)
(1.1184 0.0125368 6.79958e-25)
(1.37393 -0.0548389 -1.60224e-24)
(1.47748 -0.16939 -3.63729e-23)
(1.61291 -0.358229 -2.40818e-23)
(1.73213 -0.377098 -9.08146e-24)
(1.77313 -0.607032 -1.3846e-22)
(1.85562 -0.542502 -1.22337e-22)
(1.87381 -0.71915 -2.81306e-23)
(1.90349 -0.746627 -3.00663e-23)
(1.90386 -0.953765 -3.87435e-24)
(1.98181 -0.998103 -1.21796e-22)
(2.02161 -1.13099 0)
(2.11269 -1.18258 -3.85681e-24)
(2.20418 -1.24989 0)
(2.31888 -1.22064 8.82035e-24)
(2.43302 -1.1333 -8.86998e-24)
(2.54864 -0.99265 -3.53645e-23)
(2.6101 -0.911919 0)
(2.63804 -0.648891 0)
(2.54985 -0.474448 -6.3899e-24)
(2.47819 -0.231901 6.38703e-24)
(2.25862 -0.0626105 3.23342e-24)
(2.00535 0.0679817 2.99054e-23)
(1.72904 0.0409401 4.87868e-24)
(1.1601 0.0063096 -6.21947e-24)
(1.44321 -0.0469345 -3.2089e-23)
(1.61398 -0.199687 -7.59164e-24)
(1.73616 -0.415421 2.94928e-23)
(1.85662 -0.443184 -2.0554e-22)
(1.86533 -0.610669 1.54343e-22)
(1.88576 -0.613037 -2.04323e-22)
(1.94943 -0.727935 2.15244e-22)
(2.00628 -0.760136 -8.97868e-23)
(2.0166 -0.914273 -1.03968e-23)
(2.04868 -0.970309 6.34964e-23)
(2.09847 -1.05853 4.02236e-24)
(2.15379 -1.1043 4.22575e-24)
(2.21178 -1.10161 6.48305e-23)
(2.28532 -1.06402 -7.57815e-24)
(2.34553 -1.01458 0)
(2.40988 -0.927985 3.64848e-23)
(2.46085 -0.768753 -1.00288e-23)
(2.44809 -0.582145 0)
(2.34945 -0.448326 -1.30337e-23)
(2.28866 -0.246863 1.30287e-23)
(2.12849 -0.111243 -3.53276e-24)
(1.95046 0.00196282 3.53182e-24)
(1.75215 0.0192511 6.95665e-24)
(1.1765 0.00679796 0)
(1.50651 -0.0273253 0)
(1.79553 -0.170976 1.33821e-22)
(1.86544 -0.380401 -3.48801e-23)
(1.94156 -0.464064 -2.7911e-22)
(1.9682 -0.482633 4.60232e-22)
(1.95474 -0.665795 3.11917e-22)
(2.02386 -0.713447 -2.51573e-22)
(2.06579 -0.821023 1.27467e-22)
(2.11817 -0.876099 -1.58952e-24)
(2.11074 -0.97554 0)
(2.14199 -1.0326 3.14696e-23)
(2.17583 -1.06695 6.31893e-24)
(2.20073 -1.06509 -5.0904e-23)
(2.2084 -1.09686 -1.31656e-23)
(2.29486 -0.946851 0)
(2.28999 -0.873741 -7.8649e-23)
(2.28154 -0.755839 1.96795e-23)
(2.30876 -0.582605 -5.97815e-24)
(2.19031 -0.472781 0)
(2.12681 -0.304464 -1.81487e-22)
(2.01335 -0.176649 -9.88417e-23)
(1.86718 -0.0552072 0)
(1.75024 -0.0081021 0)
(1.1855 0.00790892 -1.61066e-24)
(1.56638 -0.00658532 -4.71689e-24)
(1.98213 -0.0734083 0)
(2.01489 -0.295683 3.71295e-23)
(1.99494 -0.47176 4.96858e-22)
(2.04999 -0.43486 -3.82185e-22)
(2.09198 -0.685667 -5.41502e-23)
(2.13028 -0.692541 3.09194e-23)
(2.1346 -0.873654 -2.4399e-22)
(2.19034 -0.90069 0)
(2.19997 -0.96242 0)
(2.19596 -1.01405 4.28614e-23)
(2.20439 -1.02963 0)
(2.20937 -1.03518 -5.86185e-23)
(2.2134 -1.0105 1.19087e-22)
(2.16226 -1.01621 -2.0122e-22)
(2.18427 -0.813307 -5.35138e-23)
(2.15003 -0.810589 8.95591e-27)
(2.17715 -0.607491 -1.07687e-24)
(2.06876 -0.528557 0)
(1.98223 -0.37432 1.70996e-22)
(1.89031 -0.262916 1.09299e-22)
(1.76909 -0.102547 -7.88727e-23)
(1.69947 -0.0739998 2.7526e-23)
(1.18958 -0.00170841 -5.94304e-24)
(1.62696 -0.00260524 0)
(2.09275 0.00547877 -9.859e-24)
(2.20011 -0.152566 6.79848e-22)
(2.09483 -0.39198 0)
(2.13831 -0.451508 0)
(2.22965 -0.592464 0)
(2.24138 -0.668147 -7.12808e-23)
(2.24391 -0.815367 5.31859e-23)
(2.23646 -0.91417 -1.39094e-24)
(2.24739 -0.974457 -6.24556e-23)
(2.23195 -1.02951 2.10886e-23)
(2.21736 -1.0284 -8.18643e-24)
(2.193 -1.076 5.78012e-23)
(2.1636 -1.04339 -1.18663e-22)
(2.09443 -0.940927 -7.10593e-23)
(2.06865 -0.892873 1.28338e-22)
(2.06181 -0.791853 -1.46459e-23)
(2.02954 -0.650593 1.46461e-23)
(1.9549 -0.553035 -1.24946e-23)
(1.84847 -0.416157 5.58368e-23)
(1.75223 -0.317001 -7.75072e-23)
(1.65177 -0.139931 7.88636e-23)
(1.6085 -0.10464 -3.22732e-23)
(1.17281 -0.0199322 0)
(1.67472 -0.0100681 5.05039e-24)
(2.10752 0.0251155 0)
(2.32768 -0.0169891 -7.11966e-23)
(2.29705 -0.137582 6.7219e-24)
(2.26806 -0.408057 -1.07562e-21)
(2.31962 -0.35788 -1.09193e-22)
(2.34894 -0.582947 3.19369e-23)
(2.38201 -0.642505 3.04937e-22)
(2.3435 -0.807489 1.93741e-24)
(2.30834 -0.913744 4.45735e-23)
(2.27499 -1.01762 -7.69624e-23)
(2.20689 -1.07638 8.17701e-24)
(2.16569 -1.11869 -2.08929e-22)
(2.14532 -0.938919 0)
(2.02536 -0.991818 2.72041e-22)
(2.00165 -0.909437 -5.65119e-23)
(1.93729 -0.771558 5.65802e-23)
(1.89865 -0.673566 3.24322e-22)
(1.83721 -0.547833 1.46518e-24)
(1.72833 -0.406343 -4.48e-23)
(1.62028 -0.311253 7.75007e-23)
(1.52788 -0.157199 0)
(1.50195 -0.107061 2.50204e-24)
(1.11163 -0.0258205 3.45576e-25)
(1.68036 -0.0147153 -1.51951e-22)
(2.07373 -0.00751569 -6.59889e-22)
(2.34348 0.0478967 -1.93795e-21)
(2.45991 0.105389 1.28467e-21)
(2.43072 -0.142004 -2.91456e-22)
(2.40036 -0.205974 -9.76162e-22)
(2.48031 -0.41476 8.32693e-22)
(2.51157 -0.499393 0)
(2.50191 -0.63146 -7.26504e-24)
(2.42941 -0.770955 7.30738e-24)
(2.35915 -0.911894 4.25987e-23)
(2.28522 -0.986366 -4.22281e-23)
(2.17576 -0.980833 2.13981e-22)
(2.0217 -1.04174 5.82507e-22)
(1.99353 -0.96851 1.12034e-21)
(1.89657 -0.853478 -9.47505e-22)
(1.8061 -0.753274 -7.49689e-22)
(1.77246 -0.622611 -3.2412e-22)
(1.70432 -0.495938 0)
(1.60978 -0.362833 -8.93171e-24)
(1.50579 -0.257724 -1.79839e-22)
(1.41858 -0.150024 0)
(1.40445 -0.0920926 2.94083e-24)
(1.04194 -0.0150229 -2.63039e-24)
(1.66842 -0.0110056 1.64355e-22)
(2.02266 -0.0279044 3.28955e-22)
(2.30368 0.118399 -1.58357e-22)
(2.47596 0.179985 -1.09319e-21)
(2.57003 0.287718 1.30033e-21)
(2.5783 -0.0757488 2.26753e-21)
(2.6251 -0.149451 -5.71069e-23)
(2.62666 -0.355928 0)
(2.62705 -0.428499 -9.77857e-23)
(2.57529 -0.555096 -5.04496e-22)
(2.47923 -0.686166 0)
(2.37953 -0.803222 7.67147e-23)
(2.2303 -0.831584 -7.46901e-23)
(2.01996 -0.9746 -1.69261e-21)
(1.92225 -0.904459 -7.92437e-22)
(1.77242 -0.81104 9.47371e-22)
(1.67574 -0.694342 -3.07131e-22)
(1.63564 -0.56193 -8.19356e-22)
(1.56379 -0.412917 6.18797e-22)
(1.48859 -0.295573 4.07928e-23)
(1.40813 -0.183419 -2.05968e-22)
(1.33343 -0.125409 0)
(1.32396 -0.070897 -4.4974e-23)
(0.992351 -0.00436915 2.91432e-25)
(1.66036 0.00911177 -5.01831e-24)
(1.97298 0.0229655 -2.57509e-24)
(2.16003 0.235776 1.33216e-21)
(2.39842 0.26415 -2.43985e-21)
(2.58106 0.516502 -2.95443e-22)
(2.8322 0.420385 -8.50339e-22)
(2.81556 0.210932 -7.71329e-22)
(2.78531 -0.0224421 0)
(2.74015 -0.184864 9.79486e-23)
(2.6961 -0.321252 5.03641e-22)
(2.617 -0.446591 -5.79166e-22)
(2.4718 -0.583847 -1.19621e-22)
(2.29492 -0.73394 1.02044e-21)
(2.09967 -0.748036 7.75566e-22)
(1.84469 -0.804331 -1.55231e-21)
(1.65743 -0.683529 -4.06824e-22)
(1.53999 -0.574252 1.0548e-21)
(1.48708 -0.460727 6.08634e-22)
(1.42794 -0.304327 1.24188e-21)
(1.38369 -0.22938 0)
(1.33089 -0.117764 3.78233e-22)
(1.27607 -0.0954417 -1.9663e-23)
(1.26178 -0.0525024 -2.09722e-23)
(0.961481 0.00149577 1.98812e-23)
(1.6471 0.0283033 2.87243e-22)
(1.91108 0.0848229 0)
(2.00011 0.298118 0)
(2.17266 0.450745 -2.08194e-22)
(2.51163 0.602194 2.77294e-22)
(2.83319 0.854618 0)
(3.07809 0.619868 0)
(3.03963 0.433127 0)
(2.90992 0.123847 -1.36898e-22)
(2.82661 -0.0688052 1.37645e-22)
(2.74436 -0.210803 5.78307e-22)
(2.59174 -0.30277 2.4153e-23)
(2.40687 -0.425762 -9.50722e-22)
(2.15137 -0.379418 0)
(1.86795 -0.430011 -3.41093e-22)
(1.60638 -0.48546 -4.07676e-21)
(1.43067 -0.404033 0)
(1.35847 -0.324466 -5.32525e-22)
(1.31966 -0.209422 -1.31942e-21)
(1.29482 -0.144976 2.04201e-22)
(1.27534 -0.0505912 1.18638e-21)
(1.24515 -0.064958 4.7315e-22)
(1.21843 -0.0356525 -7.57282e-23)
(0.942474 0.005727 0)
(1.61044 0.0455599 -2.11953e-23)
(1.80612 0.132162 1.06476e-21)
(1.82915 0.339947 2.7988e-22)
(1.96283 0.538213 1.64214e-21)
(2.25545 0.749025 5.05967e-22)
(2.76924 0.977877 0)
(3.22964 1.02853 8.79348e-23)
(3.3119 0.853077 -8.4399e-22)
(3.22837 0.626582 0)
(3.04093 0.256942 3.39708e-22)
(2.87003 0.0681673 5.18775e-22)
(2.68298 -0.0545836 1.43046e-22)
(2.45602 -0.0980374 -1.41386e-22)
(2.1735 -0.146851 0)
(1.90138 -0.206507 2.24194e-21)
(1.61322 -0.218723 4.06962e-21)
(1.3781 -0.199957 -4.51446e-21)
(1.28569 -0.192608 1.79121e-22)
(1.24022 -0.10845 2.80679e-21)
(1.23409 -0.0613419 0)
(1.25353 -0.0291855 -1.16771e-21)
(1.23224 -0.0478491 -5.09385e-22)
(1.19311 -0.0209315 4.46628e-22)
(0.933485 0.0100565 5.76266e-23)
(1.55035 0.0583824 -6.90963e-24)
(1.681 0.160893 1.73931e-21)
(1.63747 0.365241 -9.4931e-22)
(1.72163 0.584303 6.29531e-22)
(1.99984 0.771144 0)
(2.59708 1.09227 0)
(3.20434 1.22785 -1.1803e-21)
(3.49873 1.12922 4.00544e-22)
(3.50835 0.972484 9.70683e-22)
(3.39569 0.711417 -5.76939e-22)
(3.09966 0.397639 -9.86013e-22)
(2.79757 0.20191 1.2902e-22)
(2.50166 0.0885193 1.2648e-21)
(2.20458 0.0131859 -1.95139e-21)
(1.92199 -0.0216441 4.02871e-21)
(1.61436 -0.00832423 -5.2185e-21)
(1.36466 -0.000773708 8.63565e-22)
(1.25009 0.00824111 4.72848e-21)
(1.19903 0.0412816 -2.63371e-21)
(1.21705 0.029386 4.75912e-22)
(1.25587 0.0244273 1.4017e-22)
(1.22942 0.0205107 -1.12887e-22)
(1.17437 0.00156236 1.75222e-24)
(0.935068 0.0146318 -5.58995e-23)
(1.46545 0.0596616 0)
(1.55351 0.161944 0)
(1.44832 0.350499 1.249e-21)
(1.49644 0.555882 -1.0103e-21)
(1.74292 0.701062 -3.29412e-22)
(2.30024 1.0512 -4.01605e-22)
(3.17955 1.24192 2.75254e-21)
(3.6016 1.10253 -9.54464e-22)
(3.65388 1.04008 0)
(3.59351 0.967624 4.18781e-22)
(3.3857 0.789641 -5.54798e-22)
(3.01617 0.626222 9.57009e-23)
(2.63793 0.388854 4.54402e-23)
(2.27842 0.30975 -7.15098e-22)
(1.95663 0.224702 -2.77377e-21)
(1.61397 0.22323 4.93099e-21)
(1.36985 0.200114 1.7533e-21)
(1.24622 0.173174 -1.82659e-21)
(1.18222 0.197109 0)
(1.20905 0.169168 -3.32386e-22)
(1.26262 0.164695 2.20288e-21)
(1.25163 0.0948923 1.8858e-21)
(1.1831 0.0204169 4.16326e-22)
(0.955369 0.0200591 -3.21672e-27)
(1.36371 0.052032 8.37735e-22)
(1.43211 0.155471 8.62357e-22)
(1.29536 0.290934 1.4583e-22)
(1.32101 0.44662 0)
(1.4772 0.562488 -1.11398e-21)
(2.1062 0.825929 2.71111e-21)
(3.1662 1.0946 -1.57297e-21)
(3.62633 1.00674 2.0899e-21)
(3.67525 1.01393 3.25842e-24)
(3.62354 1.02255 0)
(3.47993 1.00431 1.21205e-22)
(3.16982 0.998582 -9.1603e-23)
(2.82676 0.836798 0)
(2.43313 0.766204 1.40064e-21)
(2.05135 0.668461 1.25238e-21)
(1.64968 0.623024 2.20183e-21)
(1.40517 0.539242 1.39454e-21)
(1.27547 0.467988 -3.42541e-22)
(1.24138 0.376768 3.54578e-21)
(1.28542 0.260664 0)
(1.3382 0.214594 -2.13202e-21)
(1.33544 0.166019 -2.77172e-21)
(1.2633 0.0889301 0)
(1.00794 0.027839 8.9645e-23)
(1.26253 0.0357894 1.3454e-23)
(1.32922 0.132445 2.95302e-22)
(1.20596 0.197328 -1.45489e-22)
(1.21593 0.265239 5.91171e-22)
(1.28616 0.331953 3.36854e-21)
(1.89362 0.413544 -1.66047e-21)
(3.08536 0.84709 1.99901e-21)
(3.61151 0.821669 -3.37969e-21)
(3.6489 0.963329 -1.23165e-21)
(3.5931 1.03025 6.07942e-22)
(3.45829 1.06914 -6.19429e-22)
(3.16578 1.1828 2.33654e-22)
(2.84233 1.1785 4.32791e-22)
(2.49777 1.14448 -5.60489e-22)
(2.10855 1.12909 -1.67124e-22)
(1.75547 1.06017 -1.09686e-21)
(1.52686 0.907622 -2.21351e-21)
(1.3415 0.805942 -1.62678e-21)
(1.3214 0.683338 -5.92647e-21)
(1.33608 0.542421 2.14697e-21)
(1.36698 0.439517 -1.62772e-21)
(1.40574 0.285447 1.0915e-21)
(1.36115 0.162678 4.38261e-22)
(1.10941 0.0453625 0)
(1.18592 0.0188855 -2.32905e-23)
(1.25102 0.0915319 2.59697e-23)
(1.18468 0.105738 1.65786e-22)
(1.1962 0.0845258 -1.22949e-21)
(1.25465 0.0785116 -1.532e-21)
(1.74123 -0.0599572 3.6791e-21)
(2.83801 0.239475 -3.02018e-21)
(3.40552 0.559422 8.85911e-22)
(3.52341 0.80977 6.05045e-22)
(3.46052 1.04715 -2.67148e-22)
(3.37166 1.10366 1.65451e-22)
(3.12664 1.23226 8.85691e-23)
(2.8056 1.30604 1.08756e-22)
(2.46517 1.34861 -3.29301e-23)
(2.15563 1.31944 -8.09515e-22)
(1.85442 1.30628 8.08711e-22)
(1.64694 1.15196 -4.18821e-22)
(1.52529 0.998532 -3.41736e-22)
(1.56185 0.735347 8.304e-23)
(1.55806 0.63686 0)
(1.56502 0.434021 9.2504e-22)
(1.60455 0.27818 -1.28176e-22)
(1.50348 0.233577 -2.80369e-22)
(1.2636 0.0601758 3.1482e-24)
(1.13046 0.00263503 8.90358e-24)
(1.20231 0.0548011 0)
(1.20928 0.0346914 -7.08181e-22)
(1.24676 -0.0255212 -4.85218e-22)
(1.34034 -0.0898158 1.22804e-22)
(1.71355 -0.250612 -1.26866e-21)
(2.48242 -0.132281 1.37432e-21)
(3.00031 0.235005 -2.90435e-22)
(3.22808 0.544909 2.9099e-22)
(3.30454 0.899441 0)
(3.19465 1.13016 3.57798e-23)
(3.02563 1.25599 -6.11433e-23)
(2.75878 1.35015 4.07396e-23)
(2.45216 1.4264 -1.25103e-22)
(2.16459 1.41542 0)
(1.94557 1.38745 -8.48384e-23)
(1.80691 1.25979 -6.45625e-23)
(1.65601 1.22225 -4.1047e-22)
(1.63833 0.956522 -4.04897e-22)
(1.64063 0.866747 -1.60862e-23)
(1.68219 0.601489 9.26413e-24)
(1.70537 0.438651 -3.11001e-22)
(1.66128 0.258674 -4.14944e-22)
(1.45042 0.0663967 2.70628e-22)
(1.10492 -0.0155787 0)
(1.17801 0.00630374 -2.05174e-22)
(1.24271 -0.0298734 -1.79948e-22)
(1.29192 -0.0995014 1.06338e-21)
(1.3711 -0.160995 -4.87566e-22)
(1.71372 -0.283684 -2.52223e-22)
(2.25696 -0.183323 -4.18871e-22)
(2.67886 0.102638 -1.29605e-22)
(2.87607 0.422287 -4.53516e-24)
(2.96933 0.739448 0)
(2.98547 1.02994 0)
(2.91194 1.23561 1.03077e-24)
(2.70662 1.37262 -1.6051e-22)
(2.44746 1.43033 0)
(2.1921 1.4535 7.94851e-23)
(2.01322 1.41742 7.61399e-23)
(1.88788 1.33684 1.30848e-22)
(1.86719 1.20023 1.07733e-22)
(1.83492 1.03583 -5.74555e-23)
(1.85846 0.908797 -8.46776e-23)
(1.91747 0.67093 2.73762e-23)
(1.91306 0.485095 5.27574e-24)
(1.87248 0.301473 0)
(1.68093 0.0765562 1.01355e-21)
(1.09973 -0.0328504 -2.20098e-23)
(1.18932 -0.0420397 0)
(1.29674 -0.0879925 1.28536e-23)
(1.3772 -0.130332 -7.84739e-24)
(1.47929 -0.18944 9.81724e-24)
(1.73442 -0.234068 0)
(2.06469 -0.15899 -7.45228e-24)
(2.36268 0.0598859 -1.99818e-24)
(2.55379 0.304776 1.46248e-24)
(2.65265 0.571042 -1.84256e-26)
(2.67769 0.852328 0)
(2.67375 1.07006 0)
(2.56951 1.24317 0)
(2.39842 1.36921 2.15642e-24)
(2.20673 1.41605 -1.88684e-24)
(2.06022 1.41739 3.17774e-24)
(1.98445 1.39264 2.64854e-24)
(1.96305 1.31598 0)
(2.00354 1.16862 0)
(2.05071 0.989639 5.43161e-24)
(2.15834 0.773542 1.9515e-23)
(2.173 0.538167 0)
(2.18031 0.273523 8.89456e-23)
(1.90736 0.0536333 0)
(0.963596 0.0414548 -1.83369e-24)
(0.958035 -0.0214841 2.77097e-24)
(0.987031 -0.021122 0)
(1.08181 0.0201505 0)
(1.01765 -0.021448 -5.91659e-24)
(1.051 -0.0220335 1.25938e-23)
(1.14385 0.00913012 2.26784e-24)
(1.08508 -0.0215669 2.50748e-24)
(1.11917 -0.0195827 4.60493e-24)
(1.17074 0.00682872 2.68261e-24)
(1.14965 -0.0153042 -8.13277e-24)
(1.17433 -0.0104926 4.54792e-24)
(1.18139 0.0101079 -1.58755e-24)
(1.19101 -0.00596865 0)
(1.19969 -0.00287659 2.52688e-23)
(1.1886 0.00497141 4.51006e-24)
(1.20208 -0.002315 -3.99136e-23)
(1.20107 -0.00256271 2.46352e-23)
(1.18639 -0.00903426 0)
(1.20118 -0.00325499 -4.08172e-23)
(1.20243 -0.00413007 3.62718e-23)
(1.14498 -0.0248594 0)
(1.20652 -0.00218233 4.36166e-23)
(1.21117 0.000925368 -4.40962e-23)
(1.07541 -0.0203247 1.49479e-24)
(1.21509 0.00227911 4.45034e-23)
(1.21844 0.00290608 -3.89269e-23)
(1.01463 -0.00800568 7.53315e-25)
(1.22061 0.00379236 -1.35639e-24)
(1.21987 0.00451899 5.28742e-24)
(0.975549 -0.00069209 -8.69323e-25)
(1.21369 0.00595908 0)
(1.20189 0.00819672 7.89059e-23)
(0.951463 0.00431894 -1.98817e-23)
(1.18596 0.0115851 -8.42747e-23)
(1.16472 0.0142232 0)
(0.937655 0.00874821 0)
(1.13853 0.0174438 4.61446e-24)
(1.10962 0.0183747 2.05516e-27)
(0.933239 0.0125692 6.86473e-25)
(1.0774 0.019758 1.20868e-22)
(1.04505 0.0181817 -1.13301e-22)
(0.945558 0.0213901 6.84729e-27)
(1.01333 0.0171097 1.63192e-22)
(0.982898 0.0151049 -1.6319e-22)
(0.983382 0.0314245 -8.90746e-23)
(0.956455 0.0132854 2.02072e-22)
(0.932539 0.0112066 -3.48794e-22)
(1.05817 0.0422477 8.15088e-24)
(0.914487 0.00719675 -6.48245e-23)
(0.899368 0.0044234 3.12186e-22)
(1.1757 0.0543079 0)
(0.88897 0.00235512 -3.2033e-22)
(0.882223 -0.00187017 1.88748e-22)
(1.33681 0.0615276 -2.83325e-22)
(0.88058 -0.00616888 5.49605e-24)
(0.883486 -0.00971129 -1.82307e-24)
(1.52842 0.0808131 -9.18597e-22)
(0.892684 -0.0142843 -1.18489e-22)
(0.896846 -0.0160223 3.58145e-22)
(1.7554 0.0530463 3.65894e-21)
(0.928648 -0.0199549 -2.25982e-22)
(1.15072 -0.0328712 -1.71004e-23)
(1.25071 -0.0577182 -1.27155e-23)
(1.31438 -0.0955115 0)
(1.395 -0.139856 -1.99065e-23)
(1.54256 -0.207201 0)
(1.79908 -0.266898 1.16191e-23)
(2.10739 -0.145928 0)
(2.39008 0.0799742 0)
(2.59543 0.351621 -1.03122e-24)
(2.68594 0.605973 7.13512e-28)
(2.73872 0.87332 0)
(2.63953 1.15044 -3.26439e-25)
(2.50819 1.30889 0)
(2.31315 1.41388 -2.22805e-24)
(2.13832 1.43802 1.65202e-24)
(2.00777 1.43504 -5.82864e-24)
(1.96059 1.39861 4.08726e-24)
(1.93341 1.3296 -2.28913e-24)
(1.99552 1.15542 3.53087e-25)
(2.08434 0.936766 -1.13517e-23)
(2.16537 0.721319 4.25833e-25)
(2.16998 0.454731 5.98613e-24)
(2.14396 0.148492 -9.5145e-23)
(1.26889 -0.0225911 4.897e-25)
(1.27795 -0.0263949 -8.63784e-25)
(1.26418 0.0142122 1.23698e-24)
(1.10097 -0.00998183 0)
(1.09906 -0.0091152 0)
(1.17123 -0.0108741 -1.94874e-24)
(1.29011 -0.0268459 0)
(1.29563 -0.0210766 9.24233e-25)
(1.26463 -0.00755098 -1.58961e-24)
(1.1092 -0.0311525 0)
(1.13167 -0.0266241 -3.47063e-24)
(1.17397 -0.0214291 1.32643e-24)
(1.2989 -0.0183213 5.55765e-24)
(1.30131 -0.0182729 -1.2289e-23)
(1.25591 -0.0258743 -4.64734e-24)
(1.18186 -0.0677365 -5.35992e-24)
(1.22524 -0.068059 7.12245e-24)
(1.21292 -0.0286111 -1.95637e-23)
(1.30522 -0.0250983 8.96857e-24)
(1.31459 -0.0368469 -2.87824e-24)
(1.25478 -0.0355994 9.0262e-24)
(1.29106 -0.108528 9.21453e-24)
(1.33259 -0.108176 -4.04571e-23)
(1.28057 -0.0569217 1.66978e-23)
(1.22498 0.167905 0)
(1.31628 0.140304 0)
(1.60532 0.182302 0)
(1.33328 -0.05271 7.12911e-24)
(1.35739 -0.068713 2.22792e-23)
(1.28464 -0.0484805 4.25446e-24)
(1.38325 -0.134741 9.40096e-24)
(1.406 -0.128984 2.86469e-23)
(1.35149 -0.0982667 -3.88471e-23)
(1.38933 0.113586 1.19767e-24)
(1.45021 0.0884731 1.13897e-24)
(1.67371 0.105654 -9.61738e-24)
(1.38979 -0.0798482 -6.02063e-23)
(1.43219 -0.0911227 4.1818e-23)
(1.34085 -0.0551655 0)
(1.44276 -0.153763 3.9613e-23)
(1.4635 -0.165559 -7.2192e-23)
(1.42709 -0.147236 -6.5893e-23)
(1.496 0.0660683 2.19002e-24)
(1.5312 0.0465277 0)
(1.71453 0.05605 2.40982e-23)
(1.48573 -0.0955052 6.22012e-24)
(1.55027 -0.0963878 5.83374e-23)
(1.4095 -0.0528444 -3.54689e-24)
(1.51216 -0.19662 1.59938e-22)
(1.55645 -0.223062 5.14867e-23)
(1.53849 -0.186615 5.21119e-23)
(1.55585 0.0303361 -3.71827e-24)
(1.5751 0.0174051 -5.48107e-24)
(1.74464 0.0326871 4.05841e-23)
(1.62489 -0.0842907 -5.07728e-23)
(1.7043 -0.0747568 -6.78938e-23)
(1.47619 -0.0387542 2.79569e-23)
(1.63427 -0.239272 -1.17946e-22)
(1.69889 -0.250659 -1.3212e-22)
(1.70137 -0.194958 -1.348e-22)
(1.58642 0.00705171 5.0895e-24)
(1.59176 0.00180967 1.39397e-24)
(1.75453 0.0191274 -2.35245e-23)
(1.77982 -0.0617208 -3.60828e-24)
(1.84176 -0.0554521 2.29228e-22)
(1.53635 -0.0163716 4.58368e-24)
(1.78655 -0.235925 -7.45343e-24)
(1.86418 -0.232654 -4.8927e-23)
(1.89328 -0.127134 1.75943e-23)
(1.59051 0.00116331 1.37885e-24)
(1.58033 0.000319611 -4.37433e-24)
(1.72782 -0.0174494 5.85159e-24)
(1.88176 -0.0552556 -1.44184e-22)
(1.89849 -0.0592021 1.56585e-22)
(1.59648 -0.00192988 -4.79628e-24)
(1.96266 -0.194981 1.43406e-22)
(2.05672 -0.161697 0)
(2.05255 -0.0262224 0)
(1.55118 0.00135955 -5.67023e-24)
(1.51457 -0.00834191 -1.40862e-23)
(1.65276 -0.0682906 -2.70026e-23)
(1.90012 -0.0621378 -1.40426e-22)
(1.89305 -0.0578314 -1.52951e-22)
(1.65505 -0.00642835 4.96478e-24)
(2.14905 -0.111088 0)
(2.22504 -0.0791003 -4.42692e-22)
(2.10817 0.0239482 -3.834e-23)
(1.47889 -0.0169177 1.92896e-23)
(1.44726 -0.0319903 2.38695e-23)
(1.55098 -0.0849376 3.22627e-23)
(1.8748 -0.0328213 3.15637e-22)
(1.85745 -0.00571988 -1.71597e-22)
(1.68108 -0.0122459 1.65614e-22)
(2.27409 -0.0161821 6.50315e-22)
(2.29342 0.0151489 -3.09312e-22)
(2.09666 0.0231943 3.17319e-22)
(1.41834 -0.0404818 -2.6689e-23)
(1.38924 -0.0484725 3.48564e-25)
(1.44876 -0.0797686 0)
(1.84954 0.00873242 3.10152e-22)
(1.84904 0.0146524 -2.97699e-22)
(1.67427 -0.0151089 -4.95089e-24)
(2.29117 0.0558705 0)
(2.26002 0.0422043 7.62509e-23)
(2.05507 -0.0163522 4.12669e-22)
(1.35949 -0.0482488 -3.61819e-24)
(1.32854 -0.0477647 3.61799e-24)
(1.36041 -0.0627054 -2.93953e-24)
(1.85452 0.0166194 3.1322e-22)
(1.85934 0.0135385 -3.52762e-22)
(1.66409 -0.00122724 -1.67503e-22)
(2.20456 0.107039 4.99712e-22)
(2.13757 0.0272996 -1.64103e-24)
(1.999 -0.000858473 -2.87926e-22)
(1.29879 -0.0427823 8.22875e-25)
(1.26967 -0.0386772 7.92628e-25)
(1.29014 -0.0482922 4.38955e-23)
(1.85828 0.0135355 -2.92035e-22)
(1.84831 0.0170711 3.09284e-22)
(1.65592 0.0191543 4.89691e-24)
(2.09643 0.0884494 -6.61179e-22)
(2.02615 0.0363233 -1.29207e-21)
(1.94617 0.0604389 0)
(1.24211 -0.0333604 7.55921e-23)
(1.21761 -0.0290514 -7.34537e-23)
(1.23804 -0.0338126 0)
(1.82512 0.0349853 9.55255e-24)
(1.79352 0.0502506 5.84396e-22)
(1.63237 0.0386228 -3.14997e-22)
(1.97599 0.142578 1.91667e-21)
(1.89232 0.122402 -6.22429e-22)
(1.86428 0.115313 0)
(1.19519 -0.0253326 9.63015e-23)
(1.17726 -0.0189187 -8.33672e-23)
(1.20459 -0.0152098 -1.3073e-22)
(1.75386 0.0673346 -5.49238e-22)
(1.70921 0.0774351 0)
(1.58398 0.0520778 0)
(1.82837 0.210627 0)
(1.7411 0.176372 9.6357e-22)
(1.74426 0.150728 -2.01668e-21)
(1.16216 -0.0166773 -1.07951e-22)
(1.14888 -0.0078203 -1.25888e-22)
(1.18046 -0.00417027 -9.48405e-23)
(1.65951 0.0925728 5.61188e-23)
(1.60806 0.102401 6.15665e-22)
(1.51124 0.0597714 0)
(1.67228 0.234167 -1.85375e-22)
(1.58383 0.211563 -4.43647e-22)
(1.61617 0.162457 -7.41184e-22)
(1.14048 0.00159459 1.18957e-25)
(1.1376 0.0185745 2.11174e-22)
(1.17363 0.0218134 -5.32724e-22)
(1.55712 0.112479 -7.10519e-22)
(1.50468 0.115266 9.4858e-23)
(1.41526 0.0570739 -4.42264e-22)
(1.50849 0.248896 -8.68125e-24)
(1.42778 0.222613 6.39808e-22)
(1.49185 0.161662 -8.69059e-22)
(1.1385 0.0212413 -1.82832e-22)
(1.15287 0.0505219 -1.4407e-22)
(1.2073 0.098297 0)
(1.45268 0.11383 0)
(1.40194 0.109154 5.06512e-22)
(1.31146 0.0434185 -3.99463e-22)
(1.36326 0.233248 -7.65438e-22)
(1.30199 0.199683 -4.54376e-22)
(1.37602 0.146075 0)
(1.18229 0.042059 3.39544e-22)
(1.22461 0.0884249 2.49053e-23)
(1.28891 0.153579 -4.66654e-22)
(1.35283 0.0927633 -3.88632e-22)
(1.30684 0.0782044 2.26924e-22)
(1.22081 0.0276044 0)
(1.25912 0.17829 4.57504e-22)
(1.22605 0.152761 2.28325e-22)
(1.2868 0.113529 -4.11342e-22)
(1.28526 0.0885977 0)
(1.3425 0.129862 5.39015e-23)
(1.40377 0.209764 3.81653e-22)
(1.26717 0.0642485 -2.40045e-22)
(1.23316 0.049863 0)
(1.15557 0.0102293 0)
(1.20495 0.115516 -1.80634e-22)
(1.19329 0.0952161 -4.8395e-22)
(1.22328 0.0752957 -1.82335e-22)
(1.43827 0.131214 -2.87781e-22)
(1.4957 0.13934 8.40993e-22)
(1.55836 0.233126 3.37053e-22)
(1.20221 0.0333029 0)
(1.17632 0.011433 9.64991e-22)
(1.11058 -0.00831503 -1.9697e-22)
(1.19239 0.0608545 0)
(1.19314 0.0343408 -5.08547e-22)
(1.18533 0.028025 -6.66045e-22)
(1.61148 0.140487 -5.26483e-22)
(1.69016 0.179976 2.39162e-23)
(1.72198 0.313167 8.27757e-22)
(1.1593 -0.00369635 1.03722e-22)
(1.14808 -0.0225261 0)
(1.08881 -0.0260884 0)
(1.20321 0.00319852 5.2698e-22)
(1.21515 -0.0278231 0)
(1.17609 -0.0188858 0)
(1.25885 -0.0420567 -5.62354e-23)
(1.27427 -0.0708907 1.07406e-22)
(1.26014 -0.0640182 -1.07654e-22)
(1.31675 -0.11259 -2.28752e-22)
(1.34556 -0.1455 -2.92763e-23)
(1.32945 -0.132336 0)
(1.45696 -0.196309 2.70417e-22)
(1.5016 -0.238903 0)
(1.42226 -0.22276 1.15993e-22)
(1.79756 -0.308263 2.33296e-22)
(1.81973 -0.297793 -9.2003e-23)
(1.73122 -0.270876 0)
(2.34631 -0.177772 -7.10377e-23)
(2.27146 -0.212411 -7.31579e-24)
(2.1956 -0.223586 9.10709e-23)
(2.67177 0.128236 2.33867e-23)
(2.58869 0.0599627 -1.86309e-23)
(2.5826 0.040883 2.0646e-23)
(2.89947 0.456371 -1.89373e-23)
(2.81135 0.402667 -3.34397e-24)
(2.78548 0.34657 2.9241e-24)
(3.0053 0.768245 1.02422e-24)
(2.91201 0.690598 -1.00795e-24)
(2.87887 0.648217 1.78482e-26)
(2.97181 1.05411 0)
(2.91794 0.972443 0)
(2.89816 0.968999 0)
(2.86318 1.23935 1.1639e-22)
(2.80504 1.21639 7.68433e-24)
(2.84363 1.19226 0)
(2.65796 1.35492 0)
(2.6145 1.36201 -1.46409e-23)
(2.66776 1.35758 4.1974e-24)
(2.37211 1.45293 -2.90911e-22)
(2.35414 1.45525 1.26943e-23)
(2.44391 1.42048 2.10314e-23)
(2.13378 1.4481 -7.25031e-23)
(2.13709 1.44843 -2.06908e-23)
(2.2113 1.43605 -1.81797e-23)
(1.96462 1.40793 2.69531e-22)
(1.98546 1.43074 -9.09973e-23)
(2.04954 1.41833 6.06003e-23)
(1.89474 1.27195 2.6217e-22)
(1.88114 1.365 -3.94775e-24)
(1.93404 1.34826 -5.44625e-24)
(1.8048 1.22382 4.87875e-23)
(1.81992 1.28944 -4.55739e-23)
(1.89361 1.2417 0)
(1.80773 1.01628 2.84493e-22)
(1.84863 1.08956 1.99384e-23)
(1.8804 1.0877 0)
(1.83661 0.921544 0)
(1.92429 0.895814 3.87254e-24)
(1.90166 0.957018 -2.50725e-23)
(1.91604 0.609853 1.21546e-22)
(1.9828 0.684723 7.14564e-23)
(1.9819 0.735118 0)
(1.8915 0.457203 1.30445e-21)
(1.96892 0.463901 2.82841e-22)
(1.99 0.504885 0)
(1.86223 0.185349 -1.69913e-21)
(1.94464 0.171845 -2.38938e-21)
(1.9624 0.293485 -5.28447e-22)
(-0.257381 -0.0205537 0)
(-0.282456 -0.00508702 0)
(-0.258802 0.0030929 0)
(-0.333766 0.000252601 0)
(-0.126975 0.0186248 0)
(-0.264635 0.00548056 0)
(0.0628013 0.0208469 0)
(-0.137983 0.00603675 0)
(-0.277408 -0.012024 0)
(-0.324122 -0.00246386 0)
(-0.204898 0.011061 0)
(-0.31139 0.00280069 0)
(-0.0317999 0.0202228 0)
(-0.202637 0.00588718 0)
(0.15206 0.0188271 0)
(-0.075232 0.00541148 0)
(0.226755 0.0162663 0)
(-0.0191092 0.00469127 0)
(0.335223 0.010889 0)
(0.0643766 0.00286478 0)
(0.399322 0.00680341 0)
(0.116183 0.0016732 0)
(0.434223 0.00371184 0)
(0.147121 0.00126662 0)
(0.451102 0.00128674 0)
(0.165155 0.00127995 0)
(0.461004 0.000972541 0)
(0.178369 0.00116165 0)
(0.464676 0.00126894 0)
(0.189678 9.93292e-05 0)
(0.454433 0.00119421 0)
(0.192646 -0.0014786 0)
(0.431246 -0.000559995 0)
(0.184341 -0.00148886 0)
(0.402529 -0.00333751 0)
(0.166784 -0.000858272 0)
(0.375165 -0.00432722 0)
(0.144839 -0.000627317 0)
(0.355949 -0.00388692 0)
(0.123615 -0.000494986 0)
(0.348189 -0.00293902 0)
(0.106175 -0.000478528 0)
(0.353846 -0.00133167 0)
(0.094307 -0.000727581 0)
(0.378425 0.00208306 0)
(0.0919413 -0.000470544 0)
(0.428993 0.00455063 1.4515e-26)
(0.107338 0.000106272 -1.43735e-26)
(0.502527 0.00661888 0)
(0.13967 0.000430191 0)
(0.606702 0.0117315 0)
(0.192237 0.00189097 0)
(0.749184 0.0165728 1.63886e-26)
(0.273527 0.00320046 1.46129e-26)
(0.904313 0.0179925 2.15787e-23)
(0.370695 0.0033515 -1.12314e-24)
(1.08486 0.0202386 1.28667e-22)
(0.498096 0.00518291 0)
(1.25072 0.014676 -4.41711e-24)
(0.616508 0.00466953 0)
(0.287585 0.0134154 0)
(0.027184 0.00374171 0)
(0.372271 0.00873062 0)
(0.0937588 0.0022016 0)
(0.420168 0.00529758 0)
(0.133879 0.00147837 0)
(0.444885 0.0025459 0)
(0.157595 0.00131518 0)
(0.456805 0.00100149 0)
(0.171931 0.0014261 0)
(0.463996 0.00127718 0)
(0.184562 0.000789637 0)
(0.461401 0.00119744 0)
(0.192351 -0.000633016 0)
(0.443298 0.000735191 0)
(0.189669 -0.00168078 0)
(0.416869 -0.0018957 0)
(0.176201 -0.000929553 0)
(0.388505 -0.00393921 0)
(0.15601 -0.000680551 0)
(0.365019 -0.00419728 0)
(0.134187 -0.000551593 0)
(0.351866 -0.00344189 0)
(0.115159 -0.000454067 0)
(0.351482 -0.00219116 0)
(0.100942 -0.000469048 0)
(0.36738 0.000374069 2.02402e-27)
(0.0934467 -0.000817642 -2.01601e-27)
(0.411207 0.00426521 -3.10761e-26)
(0.101735 -0.000138596 0)
(0.476587 0.00774546 0)
(0.127232 0.000630102 0)
(0.560152 0.0106376 0)
(0.165935 0.00133669 0)
(0.677325 0.0147904 -1.64475e-26)
(0.230337 0.0024768 -1.46644e-26)
(0.819367 0.016253 1.63881e-23)
(0.31896 0.00314643 -8.5752e-24)
(0.984646 0.0198501 1.455e-24)
(0.426914 0.00481718 6.35021e-23)
(1.15508 0.0157825 4.32701e-24)
(0.55603 0.00297769 0)
(0.260818 0.00323408 0)
(0.0516359 -0.00154108 -3.17688e-35)
(0.270288 0.00129252 0)
(0.0467655 -0.00124566 0)
(0.296491 -0.000808748 0)
(0.0534413 -0.000730049 0)
(0.333648 -0.00250487 0)
(0.0678495 -0.000600148 0)
(0.263392 0.00352819 0)
(0.048086 -0.00153482 0)
(0.281778 0.000102704 0)
(0.0489899 -0.000965793 0)
(0.314155 -0.00185578 0)
(0.0598868 -0.000633632 0)
(0.354962 -0.0030431 0)
(0.0769051 -0.00062301 0)
(0.377519 -0.00363454 0)
(0.0867823 -0.000725342 0)
(0.427745 -0.00474846 0)
(0.111274 -0.00109332 0)
(0.479 -0.00525838 0)
(0.14154 -0.00138089 0)
(0.523805 -0.00509654 0)
(0.173696 -0.00129207 0)
(0.556031 -0.00432565 0)
(0.201547 -0.0008185 0)
(0.577154 -0.00319247 0)
(0.221397 -0.000509718 0)
(0.592055 -0.00266084 0)
(0.235874 -0.000409683 0)
(0.607334 -0.00297389 0)
(0.251399 -0.000357146 0)
(0.618641 -0.00300581 0)
(0.265797 -0.000391073 0)
(0.626048 -0.00263644 0)
(0.280916 -0.000698814 0)
(0.623805 -0.00112398 0)
(0.292126 -0.000691781 0)
(0.607046 0.000898043 0)
(0.295514 -0.000236123 0)
(0.573351 0.00329443 0)
(0.285123 0.000563213 0)
(0.526726 0.00522974 3.3092e-26)
(0.261614 0.00118222 3.27647e-26)
(0.476341 0.00599206 2.45548e-26)
(0.229216 0.00144866 -9.10454e-30)
(0.431252 0.00581108 0)
(0.194827 0.00159124 0)
(0.399264 0.00416604 -1.63247e-29)
(0.164805 0.00142406 1.61788e-29)
(0.385113 0.0020206 0)
(0.144235 0.00124797 -3.66956e-25)
(0.392658 -0.00021545 -1.60986e-24)
(0.135035 0.000826556 1.60831e-24)
(0.42337 -0.00293355 1.75303e-23)
(0.139629 0.000294101 4.75532e-25)
(0.485061 -0.00733793 -5.58857e-25)
(0.162873 -0.000765523 5.41308e-23)
(0.402341 -0.00429421 0)
(0.0982966 -0.000903243 0)
(0.453871 -0.0051285 0)
(0.125951 -0.00127554 0)
(0.502921 -0.00529816 0)
(0.157848 -0.001407 0)
(0.541756 -0.00485785 0)
(0.188588 -0.00109026 0)
(0.567531 -0.00375183 0)
(0.212382 -0.000573536 0)
(0.584722 -0.00258742 0)
(0.228853 -0.000412752 0)
(0.599689 -0.00303648 0)
(0.243458 -0.000485274 0)
(0.613527 -0.00286232 0)
(0.258683 -0.000274215 0)
(0.622993 -0.00307838 0)
(0.273359 -0.000592476 0)
(0.626471 -0.00186518 0)
(0.287304 -0.000699257 0)
(0.61737 -0.000235275 0)
(0.295167 -0.000580628 0)
(0.592485 0.00215173 0)
(0.292334 0.000153404 0)
(0.551848 0.00421078 -9.22949e-27)
(0.275107 0.000817124 -4.56864e-27)
(0.502073 0.0057236 0)
(0.246315 0.00134255 0)
(0.452914 0.00595166 -4.03459e-26)
(0.212154 0.00157645 0)
(0.411617 0.00493223 1.16215e-29)
(0.178232 0.00157818 0)
(0.388242 0.00302632 -8.30877e-29)
(0.151918 0.00126208 1.29433e-25)
(0.383737 0.000832856 -5.41212e-24)
(0.136136 0.00103006 2.07856e-24)
(0.400384 -0.00137301 8.94136e-24)
(0.133085 0.000479635 0)
(0.440322 -0.00352403 -2.75644e-23)
(0.143356 0.000387021 2.79008e-23)
)
;

boundaryField
{
    inlet
    {
        type            fixedValue;
        value           nonuniform List<vector> 0();
    }
    outlet
    {
        type            zeroGradient;
    }
    wall
    {
        type            noSlip;
    }
    empty_zmin
    {
        type            empty;
    }
    empty_zmax
    {
        type            empty;
    }
    procBoundary1to0
    {
        type            processor;
        value           nonuniform List<vector> 
35
(
(3.19037 -0.851622 -2.20746e-22)
(3.10931 -0.79094 9.19578e-21)
(3.1239 -0.563084 -7.06134e-21)
(3.12555 -0.461547 -1.29301e-21)
(3.12173 -0.302523 -2.14349e-21)
(3.12173 -0.302523 -2.14349e-21)
(3.10764 -0.151886 -1.07432e-21)
(1.74872 -0.0373198 -9.32035e-23)
(2.83236 -0.144895 0)
(-0.088983 -0.0101433 -3.27667e-22)
(-0.71975 -0.278592 -4.56595e-21)
(-0.644019 -0.340073 -9.90596e-22)
(-0.29898 -0.495599 0)
(0.402699 -0.799007 5.31611e-22)
(1.11019 -0.874152 8.44081e-21)
(1.88813 -1.17366 -2.39971e-20)
(2.60299 -1.51591 4.2547e-20)
(3.00217 -1.54188 -2.57792e-20)
(3.25016 -1.31437 -2.90625e-20)
(3.28022 -1.18042 1.6684e-20)
(-0.43915 0.0171106 0)
(-0.472231 -0.00786516 0)
(3.07098 2.35112e-05 5.04769e-22)
(3.11794 0.0207353 3.51273e-22)
(3.01626 0.0430806 0)
(3.01626 0.0430806 0)
(2.94735 -0.196047 0)
(2.45106 0.151709 1.33662e-21)
(0.467035 0.118491 5.76141e-22)
(2.34987 0.00942167 0)
(3.14836 0.00521885 -6.85614e-22)
(3.08131 -0.00940077 0)
(-0.120111 -0.0149306 0)
(-0.35824 0.000770351 0)
(-0.35824 0.000770351 0)
)
;
    }
}


// ************************************************************************* //
