/*--------------------------------*- C++ -*----------------------------------*\
| =========                 |                                                 |
| \\      /  F ield         | OpenFOAM: The Open Source CFD Toolbox           |
|  \\    /   O peration     | Version:  2406                                  |
|   \\  /    A nd           | Website:  www.openfoam.com                      |
|    \\/     M anipulation  |                                                 |
\*---------------------------------------------------------------------------*/
FoamFile
{
    version     2.0;
    format      ascii;
    arch        "LSB;label=32;scalar=64";
    class       volScalarField;
    location    "1.51";
    object      p;
}
// * * * * * * * * * * * * * * * * * * * * * * * * * * * * * * * * * * * * * //

dimensions      [0 2 -2 0 0 0 0];

internalField   nonuniform List<scalar> 
2367
(
0.841309
0.51473
0.627349
0.715881
0.789999
-0.0491112
-0.0140229
0.0292238
-0.053411
-0.0531147
0.875709
-0.577278
-0.765052
-1.0562
-1.34806
-1.92836
-2.54982
-3.17006
-3.65762
-3.97602
-4.00632
-3.73789
-2.80842
-1.6991
-0.476934
0.412221
1.24855
0.906501
0.795189
0.616858
0.484495
0.366841
0.304701
0.17002
0.0798852
-0.50972
-0.684315
-0.853766
-1.11692
-1.47538
-2.0372
-2.72299
-3.27551
-3.61762
-3.71126
-3.48958
-2.56342
-1.33706
-0.110849
0.786438
1.45383
1.37975
1.14006
0.930146
0.808003
0.680722
0.5601
0.420225
0.349449
-0.492976
-0.606653
-0.613977
-0.711454
-1.00677
-1.41884
-1.95318
-2.60045
-2.92086
-2.95012
-2.6733
-1.88188
-0.885139
0.16444
1.13824
1.6881
1.81594
1.40077
1.34844
1.07244
0.892582
0.755252
0.646482
0.600603
-0.572822
-0.545941
-0.524987
0.216922
-0.511068
-0.501288
0.477978
-0.499922
-0.520706
0.714454
-0.596144
-0.561962
-0.370596
-0.329275
-0.520825
-0.848456
-1.15448
-1.59262
-2.01796
-2.04626
-1.84503
-1.25373
-0.460251
0.396666
1.23924
1.60713
1.96154
1.69237
1.47542
1.17466
1.02438
0.92569
0.842576
0.814988
-0.686845
-0.476334
-0.111492
-0.0591417
-0.145539
-0.296526
-0.542368
-0.8025
-1.14092
-1.26852
-1.20599
-0.809366
-0.244798
0.37698
1.07486
1.46328
1.67716
1.63629
1.40138
1.20902
1.146
1.0745
1.01073
0.982021
-0.394104
-0.181804
0.158635
0.237117
0.169721
0.0736531
-0.129677
-0.3277
-0.562708
-0.764568
-0.789506
-0.581959
-0.231285
0.207451
0.775412
1.20542
1.33474
1.33436
1.20441
1.16144
1.15989
1.12554
1.09951
1.08581
0.0598511
0.184389
0.421183
0.461653
0.409582
0.343948
0.164242
-0.0804743
-0.255821
-0.520174
-0.61815
-0.5531
-0.365233
-0.107647
0.345868
0.811957
0.975959
0.990361
0.962907
1.02535
1.05646
1.09063
1.13144
1.15818
0.421995
0.471988
0.595113
0.628355
0.581198
0.463908
0.345747
0.0986117
-0.185082
-0.45082
-0.633337
-0.712374
-0.636731
-0.50265
-0.294893
0.206314
0.526087
0.630179
0.724407
0.853536
0.937869
1.06604
1.1547
1.22154
0.626171
0.642135
0.704422
0.706877
0.648634
0.536393
0.418646
0.175
-0.182647
-0.524917
-0.825118
-1.0336
-1.12086
-0.958499
-0.919125
-0.625246
-0.191072
0.0919398
0.377541
0.603389
0.804066
1.0022
1.15834
1.42675
0.73248
0.734638
0.750871
0.740203
0.671887
0.547998
0.44306
0.14228
-0.292805
-0.754488
-1.20524
-1.55985
-1.78285
-1.73257
-1.59332
-1.47396
-1.04439
-0.626537
-0.118215
0.259471
0.569424
0.82751
1.05988
1.31583
0.786381
0.783062
0.784658
0.76017
0.699024
0.555021
0.363251
0.0215288
-0.475886
-1.01092
-1.54879
-1.99947
-2.3279
-2.44443
-2.23912
-2.11519
-1.81636
-1.27707
-0.571116
-0.108525
0.222919
0.502223
0.735915
0.855169
0.818832
0.80787
0.799899
0.767321
0.694811
0.555531
0.261894
-0.127439
-0.645981
-1.21165
-1.7804
-2.22188
-2.51496
-2.70178
-2.64872
-2.39176
-2.03932
-1.44638
-0.802469
-0.411151
-0.146393
0.0648777
0.327586
0.448939
0.842808
0.829822
0.815057
0.765315
0.682401
0.508656
0.190233
-0.210773
-0.703488
-1.27791
-1.87317
-2.38924
-2.68984
-2.80931
-2.79981
-2.36342
-1.80143
-1.33689
-1.01779
-0.660558
-0.403762
-0.34103
-0.1201
-0.0204118
0.87932
0.86107
0.830544
0.775713
0.680209
0.502021
0.193326
-0.204915
-0.709965
-1.27908
-1.87757
-2.36538
-2.68355
-2.72533
-2.51294
-2.16046
-1.78261
-1.39473
-0.952417
-0.661957
-0.572402
-0.760622
-0.652391
-0.56
0.921551
0.901866
0.867898
0.806167
0.689292
0.515889
0.242315
-0.125518
-0.579257
-1.08677
-1.60669
-2.00419
-2.2353
-2.28784
-2.12763
-1.87551
-1.47391
-0.956029
-0.585127
-0.48556
-0.57946
-0.913707
-1.15918
-0.955179
0.97122
0.952401
0.917954
0.849608
0.762481
0.612611
0.373111
0.0525874
-0.334027
-0.759263
-1.16428
-1.47362
-1.6517
-1.66036
-1.55
-1.25267
-0.8354
-0.432358
-0.19806
-0.168706
-0.296942
-0.589143
-1.02301
-0.879798
1.03073
1.0125
0.986499
0.928596
0.859587
0.722733
0.504855
0.232369
-0.0708153
-0.390899
-0.688268
-0.911435
-1.03075
-1.02029
-0.88976
-0.58496
-0.282603
-0.0104343
0.110972
0.125955
0.0840761
-0.0370791
-0.4019
-0.380861
1.07528
1.0774
1.05089
0.999103
0.927338
0.818012
0.642939
0.42827
0.187511
-0.0701716
-0.289372
-0.444682
-0.496797
-0.461953
-0.34694
-0.144199
0.107763
0.24603
0.343225
0.407247
0.418954
0.388273
0.209693
0.185959
1.12717
1.14285
1.11731
1.07169
1.00057
0.907482
0.761514
0.576948
0.385451
0.186786
0.0245195
-0.0515492
-0.0955669
-0.101294
0.00124428
0.170199
0.320527
0.440741
0.543979
0.601966
0.648637
0.641582
0.589531
0.565058
1.20862
1.20935
1.19002
1.15239
1.06003
0.975624
0.842895
0.685196
0.529966
0.369603
0.251535
0.171066
0.12376
0.152223
0.231471
0.371627
0.484476
0.601374
0.663823
0.742529
0.782089
0.785051
0.768321
0.756624
1.29189
1.28166
1.27308
1.23289
1.11417
1.02953
0.908246
0.756612
0.6115
0.468887
0.359899
0.295652
0.272523
0.302972
0.380969
0.503571
0.613083
0.692709
0.755946
0.831607
0.862687
0.870086
0.858338
0.853635
1.38598
1.3734
1.36532
1.30978
1.17894
1.06747
0.947791
0.786678
0.640689
0.510805
0.413406
0.362806
0.36473
0.394367
0.481189
0.577963
0.664119
0.745064
0.82248
0.877417
0.907624
0.91494
0.909954
0.908267
1.48074
1.4813
1.47158
1.38135
1.24945
1.09438
0.951764
0.784244
0.634871
0.516233
0.424972
0.396343
0.402166
0.442645
0.509222
0.597282
0.697519
0.776321
0.844929
0.895636
0.92042
0.930675
0.933778
0.933583
1.56307
1.56894
1.54959
1.43624
1.31461
1.13002
0.946608
0.773831
0.603841
0.473694
0.394743
0.376768
0.388511
0.43735
0.496821
0.600772
0.700476
0.773733
0.840148
0.893405
0.914887
1.6242
1.63009
1.55569
1.46557
1.35284
1.16257
0.939453
0.700508
0.52371
0.391543
0.312472
0.28057
0.322263
0.383477
0.457656
0.561636
0.672724
0.747751
0.816973
0.87227
0.899847
1.63546
1.65438
1.61669
1.52322
1.35438
1.11855
0.864777
0.585905
0.365829
0.244239
0.185675
0.158946
0.196586
0.270973
0.371966
0.481303
0.609722
0.700199
0.775338
0.836807
1.6371
1.64613
1.74321
1.53045
1.29882
1.01889
0.742104
0.457437
0.18092
0.054939
-0.00316416
-0.0545981
-0.0141925
0.109056
0.233775
0.369569
-0.55912
-0.604342
0.904112
-0.619894
-0.532656
1.04185
-0.364215
-0.164154
1.12657
0.051556
0.251926
1.17107
0.415661
0.538106
1.30899
0.626237
0.688379
1.45485
0.732216
0.763356
1.08983
0.788274
0.806201
0.643394
0.822077
0.835543
0.231343
0.847948
0.863979
-0.289181
0.882956
0.904167
-0.797168
0.926029
0.947366
-0.972442
0.973019
1.00362
-0.667959
1.03682
1.06893
-0.0839627
1.09204
1.10958
0.403965
1.13317
1.16839
0.677966
1.20829
1.25117
0.812218
1.29581
1.33855
0.885089
1.3788
1.41439
0.924285
1.45718
1.50886
0.936671
1.55451
1.59327
1.62245
1.6369
1.64012
1.6405
1.63162
1.61415
-0.708239
-0.61661
-0.955921
-0.820472
-0.667417
-0.628378
-0.538825
-0.889414
-0.829682
-0.720058
0.116378
0.248272
0.288542
-0.590698
-0.562933
-0.4901
-0.771928
-0.709146
-0.644566
0.38551
0.503042
0.53803
-0.551857
-0.566748
-0.529653
-0.639748
-0.566918
-0.580152
0.617059
0.725809
0.747498
-0.606976
-0.636303
-0.668719
-0.492083
-0.424059
-0.532231
0.823436
0.911984
0.932357
-0.624809
-0.52614
-0.593925
-0.335867
-0.212972
-0.358742
0.988187
1.04607
1.0622
-0.338147
-0.102351
-0.164467
-0.0504232
0.12155
0.003917
1.08606
1.12008
1.11532
0.108139
0.293036
0.261452
0.281096
0.410602
0.341129
1.15089
1.17993
1.15168
0.442202
0.552315
0.540464
0.517329
0.599196
0.568792
1.21202
1.28352
1.16496
0.631566
0.688175
0.687972
0.657167
0.702393
0.695201
1.32138
1.29713
1.13984
0.729745
0.760509
0.763904
0.736185
0.767344
0.763531
1.19076
0.9921
0.904299
0.781695
0.800086
0.803604
0.785289
0.800306
0.797575
0.775708
0.663987
0.574406
0.813875
0.825931
0.830813
0.811709
0.814769
0.819458
0.509131
0.250822
0.0866911
0.838314
0.852198
0.859081
0.820538
0.828446
0.844018
-0.0302845
-0.325334
-0.366625
0.868415
0.887027
0.89967
0.843037
0.860628
0.877716
-0.627239
-0.909855
-0.941887
0.910367
0.934242
0.946588
0.883189
0.907841
0.927688
-1.09143
-1.14312
-1.20661
0.957796
0.987938
0.999875
0.934405
0.964058
0.982685
-0.991763
-0.747512
-0.746976
1.02114
1.05352
1.05686
0.997008
1.03381
1.04847
-0.425246
-0.0989772
-0.0798948
1.08384
1.11373
1.09468
1.06667
1.09969
1.10813
0.186629
0.414434
0.434469
1.14812
1.18373
1.16862
1.14036
1.16942
1.17582
0.574334
0.682952
0.696298
1.21938
1.25578
1.24759
1.20086
1.22961
1.24245
0.758254
0.811573
0.820178
1.29532
1.33737
1.34052
1.26382
1.31514
1.32539
0.852826
0.884777
0.888943
1.37908
1.42362
1.43131
1.36658
1.42071
1.42348
0.908179
0.924692
0.925805
1.47094
1.51427
1.52512
1.47444
1.51547
1.52955
0.933715
0.937178
0.936531
1.55774
1.6003
1.59913
1.55513
1.58545
1.60349
1.63436
1.6514
1.63388
1.61921
1.63956
1.64607
1.66609
1.6659
1.63908
1.66718
1.64954
1.63482
1.63931
1.61741
1.63021
1.64262
1.64132
1.66436
0.0720497
0.0734829
0.336899
0.338619
0.595476
0.596315
0.204972
0.206242
0.469125
0.470353
0.711981
0.712441
0.814254
0.814642
0.981279
0.981252
1.08625
1.08634
1.15299
1.15335
1.22649
1.22831
1.39958
1.40212
1.27871
1.28547
0.862847
0.862324
0.455892
0.453239
-0.0212214
-0.022233
-0.553548
-0.552083
-0.931508
-0.926669
-0.858445
-0.852591
-0.369691
-0.367917
0.1832
0.182945
0.560617
0.559893
0.754634
0.754149
0.853159
0.852978
0.908187
0.908013
0.933502
0.933274
0.903592
0.903822
1.04199
1.04186
1.12372
1.12404
1.1731
1.17472
1.30909
1.31257
1.4038
1.40551
1.08489
1.0849
0.658758
0.656001
0.229582
0.227877
-0.287854
-0.287789
-0.78397
-0.780724
-0.956878
-0.952067
-0.647088
-0.643053
-0.0817486
-0.0811329
0.399443
0.398797
0.67466
0.673911
0.811253
0.810969
0.884851
0.884689
0.924263
0.924056
0.936581
0.936393
-0.557008
-0.555243
-0.512573
-0.51276
-0.503162
-0.504198
-0.587411
-0.530401
-0.529968
-0.502365
-0.502877
-0.525973
-0.526908
-0.563292
-0.56357
-0.605085
-0.602
-0.350541
-0.348033
0.0667764
0.067883
0.415411
0.415178
0.625862
0.625622
0.733665
0.733382
0.789756
0.789561
0.823226
0.823185
0.849553
0.849624
0.885472
0.885208
0.925883
0.926009
0.973858
0.973962
1.03258
1.03327
1.0816
1.08357
1.13423
1.13451
1.20994
1.21016
1.30014
1.29981
1.38718
1.38598
1.46626
1.46577
1.55536
1.55541
1.61969
1.61974
1.63841
1.63845
1.63152
1.6311
-0.60079
-0.59983
-0.517052
-0.513675
-0.147741
-0.145899
0.257387
0.257416
0.537341
0.536987
0.688992
0.688751
0.765318
0.765124
0.807911
0.807821
0.83641
0.836416
0.866324
0.866217
0.905136
0.905131
0.947926
0.94808
1.00253
1.00288
1.05962
1.06115
1.10385
1.10523
1.16982
1.17004
1.25434
1.2543
1.34483
1.34414
1.42605
1.42457
1.51199
1.51209
1.59222
1.59231
1.63421
1.63425
1.63897
1.63881
1.61709
1.61635
0.900023
0.910749
0.915033
0.905624
0.930964
0.935356
0.935403
0.920522
0.925037
0.93006
0.934077
0.922857
0.913219
0.903529
0.90078
0.935432
0.931707
0.930124
0.927471
0.922022
0.918829
0.914692
0.914599
0.905269
0.905146
0.935315
0.935274
0.928898
0.928903
0.932536
0.932745
0.922498
0.922444
0.874086
0.889493
0.894099
0.646994
0.739067
0.802006
0.844631
0.866526
0.873275
-0.368898
-0.143289
0.078057
0.290597
0.460408
0.583553
0.690385
0.76302
0.814138
0.843086
0.852111
-0.593544
-0.321996
-0.0558483
0.188668
0.392935
0.535855
0.651359
0.731258
0.791232
0.821646
0.833701
0.883375
0.863052
0.84174
0.829893
-0.111591
0.055816
0.230326
0.404924
0.542308
0.893264
0.882791
0.87877
0.87243
0.861668
0.856551
0.850134
0.83931
0.832403
0.830713
0.826011
0.815641
1.60764
1.65102
1.61754
1.49724
1.26792
0.954407
0.606872
0.28946
0.0245887
-0.137032
-0.308876
-0.35396
-0.267166
1.53106
1.56594
1.46502
1.4414
1.19858
0.776776
0.457591
0.139868
-0.145508
-0.453912
-0.675934
-0.706452
1.37188
1.40002
1.35863
1.18474
0.870878
0.539735
0.228732
-0.0887669
1.1283
1.13847
1.03112
0.773816
1.59465
1.56385
1.51983
1.45693
1.3698
1.25878
1.12662
0.977989
-0.585398
-0.412517
-0.818703
-1.02167
-0.916593
-0.796485
0.473099
0.209483
-0.0255241
-0.321246
-0.666932
-1.05542
-1.16006
-1.12972
-1.02137
-0.781645
-0.453287
-0.154259
0.121995
0.351686
0.513728
0.63781
0.719382
0.788162
0.814895
0.832
0.81332
0.772868
0.474745
0.226999
-0.0482161
-0.202808
-0.298442
-0.554471
-0.859378
-1.13462
-1.25295
-1.353
-1.24053
-0.923683
-0.5307
-0.210953
0.107517
0.362565
0.539752
0.674258
0.731377
0.816689
0.836467
0.854005
0.477256
0.366953
-0.130402
-0.58458
-0.673297
-0.475884
-0.506564
-0.618594
-0.83552
-1.07786
-1.29116
-1.42723
-1.30827
-1.0047
-0.565084
-0.195201
0.133295
0.397548
0.588509
0.711825
0.784162
0.8566
0.877979
0.896734
0.207665
0.0418003
-0.570244
-1.21098
-1.27289
-0.69632
-0.505658
-0.54569
-0.7642
-0.930891
-1.16891
-1.23339
-1.11415
-0.871666
-0.481805
-0.125684
0.191331
0.459295
0.651998
0.782484
0.875669
0.938778
0.946437
0.96246
0.0758442
-0.083628
-0.505373
-1.24175
-1.23103
-0.547347
-0.276963
-0.235407
-0.525583
-0.691551
-0.818874
-0.905168
-0.821395
-0.611382
-0.297554
0.0231592
0.336808
0.59213
0.758288
0.88549
0.992727
1.04487
1.04179
1.04701
0.0644288
-0.047346
-0.264562
-0.653341
-0.523899
0.0220053
0.176969
0.264075
0.0935209
-0.270405
-0.445759
-0.499322
-0.457017
-0.304375
-0.0407361
0.233031
0.496016
0.711888
0.880691
1.01575
1.11605
1.16651
1.15147
1.15186
0.145963
0.0913327
0.0563336
-0.0201949
0.227542
0.524875
0.629746
0.608943
0.537653
0.317352
-0.01172
-0.149782
-0.13869
-0.0233444
0.174403
0.40319
0.640064
0.844332
1.01334
1.13611
1.23598
1.29573
1.27184
1.28166
0.247197
0.234475
0.321599
0.36072
0.557436
0.741091
0.812621
0.795923
0.687266
0.571216
0.36033
0.16883
0.118655
0.157213
0.309624
0.516016
0.72802
0.934214
1.11048
1.23157
1.34849
1.41208
1.40023
1.40984
0.328026
0.340211
0.448151
0.534802
0.68958
0.812717
0.858164
0.836885
0.752222
0.605936
0.456251
0.34762
0.278978
0.28378
0.386715
0.564039
0.755214
0.970901
1.15761
1.30425
1.43964
1.51855
1.52864
1.53246
0.377916
0.399593
0.500428
0.588341
0.69902
0.789808
0.817602
0.799282
0.710149
0.597307
0.444533
0.329838
0.279072
0.316067
0.395442
0.535904
0.742127
0.985762
1.1786
1.3586
1.50281
1.61492
1.64214
1.637
0.404328
0.424509
0.4864
0.552286
0.645036
0.708708
0.723146
0.698773
0.615996
0.49267
0.363784
0.254552
0.206817
0.192112
0.292887
0.464122
0.671941
0.912724
1.18175
1.39975
1.53769
1.65901
1.70825
1.69812
0.405683
0.422973
0.455775
0.493155
0.557313
0.601122
0.599263
0.561466
0.466109
0.32972
0.215191
0.0784511
0.0309953
0.052527
0.137395
0.298359
0.559738
0.808251
1.09582
1.36083
1.53223
1.66811
1.71156
1.71497
0.377629
0.390822
0.404199
0.428304
0.46685
0.486562
0.459755
0.3999
0.273227
0.126376
-0.0220737
-0.153589
-0.170393
-0.168055
-0.0917453
0.115144
0.380261
0.686999
0.977235
1.25224
1.47716
1.60732
1.63666
1.66076
0.333992
0.341747
0.342609
0.35317
0.369729
0.364828
0.319487
0.217331
0.0562629
-0.132245
-0.306657
-0.455166
-0.519726
-0.424119
-0.255011
-0.0270599
0.214694
0.542656
0.841736
1.12928
1.37277
1.50974
1.5714
1.54862
0.283803
0.286299
0.275865
0.27385
0.274842
0.249469
0.180953
0.0391437
-0.162029
-0.391749
-0.595965
-0.729679
-0.793409
-0.744143
-0.532213
-0.234522
0.0584575
0.402299
0.697754
0.99067
1.22904
1.28274
1.38487
1.37845
0.236617
0.236154
0.220978
0.211852
0.192584
0.142417
0.0465494
-0.123769
-0.357036
-0.619091
-0.831339
-0.930987
-0.982925
-0.921263
-0.70005
-0.461743
-0.178443
0.244301
0.517499
0.791244
1.05597
1.12922
1.18595
1.18831
0.192313
0.190306
0.172607
0.152557
0.131239
0.0694842
-0.0537292
-0.243302
-0.494129
-0.774511
-1.00449
-1.16617
-1.16087
-0.966007
-0.804915
-0.615717
-0.32866
0.0146849
0.293107
0.5286
0.730654
0.967604
0.983445
0.990114
0.15653
0.154541
0.143923
0.135571
0.0944698
0.0223452
-0.0950664
-0.290023
-0.565396
-0.858893
-1.0888
-1.27846
-1.37213
-1.08428
-0.900684
-0.693486
-0.423214
-0.135182
0.0848443
0.267157
0.452028
0.648737
0.727434
0.749243
0.126123
0.120407
0.103267
0.103826
0.0624731
-0.0118623
-0.118658
-0.301315
-0.565319
-0.855415
-1.06555
-1.17288
-1.2306
-1.13762
-0.938288
-0.703544
-0.44383
-0.236336
-0.079786
-0.0367176
0.0930492
0.268576
0.429864
0.473837
0.0953617
0.0893423
0.0728733
0.0725609
0.0625893
0.00668172
-0.114586
-0.28061
-0.496282
-0.724802
-0.886693
-0.940744
-0.923613
-0.893349
-0.755169
-0.600085
-0.415187
-0.284966
-0.238011
-0.331443
-0.321211
-0.0374636
0.145074
0.21316
0.0590411
0.0605991
0.0516886
0.0439912
0.0412488
0.0222676
-0.0386628
-0.135251
-0.293302
-0.461368
-0.584801
-0.636313
-0.619104
-0.58712
-0.53135
-0.464121
-0.313603
-0.214577
-0.197422
-0.32043
-0.409873
-0.269283
-0.0255324
0.0395375
0.0212998
0.0206521
0.014643
0.014846
0.0179379
0.00697622
-0.000522395
-0.0169621
-0.0586446
-0.0941629
-0.124677
-0.117424
-0.13027
-0.131512
-0.120256
-0.0937239
-0.0599172
-0.0498807
-0.058528
-0.102259
-0.12041
-0.10706
-0.0177469
0.00669093
0.84076
0.817947
0.653722
0.873695
0.494625
0.35171
0.925807
0.234805
0.150066
1.00215
0.0928932
0.0741359
1.09568
0.0843056
0.114839
1.21544
0.157091
0.204022
1.34611
0.250152
0.291704
1.47214
0.326625
0.354024
1.58821
0.373799
0.388027
1.67453
0.399039
0.403603
1.71171
0.400069
0.388639
1.69125
0.37311
0.353709
1.6142
0.331034
0.306776
1.46907
0.282326
0.258734
1.2831
0.236063
0.213303
1.09159
0.191636
0.173808
0.876479
0.156253
0.140894
0.614005
0.126405
0.111527
0.337837
0.0963182
0.0786613
0.113037
0.0592076
0.0386963
0.00927606
0.0206889
0.0197785
0.0197605
0.0110559
0.0220867
0.00951015
0.00943661
-0.00599683
-0.0350615
-0.0757318
-0.118478
-0.136643
-0.131123
-0.12666
-0.13332
-0.110216
-0.0833364
-0.0663489
-0.0388535
-0.0657458
-0.144793
-0.106577
-0.0243709
0.00398653
1.60652
1.59014
1.57793
1.58609
1.632
1.62297
1.55212
1.48439
1.45961
1.61715
1.52624
1.49513
1.39467
1.27925
1.26226
1.42232
1.29944
1.28835
1.14207
0.982273
0.977391
1.12896
0.945598
0.970514
0.827024
0.833381
0.820383
0.805475
0.62062
0.643393
0.724596
0.496596
0.569633
0.853375
0.870196
0.854855
0.439087
0.279147
0.327967
0.255699
0.048061
0.19022
0.885293
0.91411
0.909211
0.14841
0.0606928
0.124566
-0.132931
-0.237564
-0.0513836
0.950951
0.992678
0.989199
0.0144112
0.00102875
0.0527219
-0.236392
-0.224165
-0.086641
1.04532
1.09793
1.09414
0.0217782
0.0656511
0.0989185
-0.156321
-0.0790087
0.00880007
1.15699
1.21663
1.20923
0.12343
0.184059
0.197351
0.0428977
0.140613
0.164873
1.28263
1.34639
1.337
0.241798
0.292022
0.29128
0.235961
0.307448
0.294074
1.41023
1.4727
1.46612
0.332343
0.363507
0.357204
0.36012
0.400085
0.375836
1.53265
1.58726
1.58645
0.385607
0.397481
0.390092
0.422998
0.440659
0.413383
1.63618
1.67854
1.67558
0.409051
0.416105
0.410779
0.443001
0.445184
0.427819
1.70876
1.71215
1.7164
0.41261
0.40025
0.394462
0.435605
0.422948
0.410263
1.70708
1.69108
1.70367
0.382891
0.361699
0.357365
0.399505
0.375715
0.368576
1.65799
1.60359
1.62147
0.337349
0.311468
0.309109
0.345826
0.316688
0.314562
1.5411
1.46887
1.49078
0.285239
0.260023
0.259376
0.286591
0.260799
0.260148
1.37746
1.28608
1.28573
0.236774
0.215854
0.215472
0.238176
0.210781
0.212077
1.19429
1.10486
1.08667
0.192582
0.173177
0.173745
0.190294
0.169877
0.171118
0.99797
0.884227
0.867814
0.155605
0.139666
0.140934
0.153199
0.134995
0.13723
0.746292
0.60604
0.582444
0.124598
0.110703
0.111773
0.115856
0.0956562
0.103936
0.456598
0.315319
0.283172
0.0937501
0.0773925
0.0778939
0.0842855
0.0693889
0.0738497
0.185364
0.0869203
0.0405793
0.0609773
0.0404437
0.0398115
0.0564815
0.03949
0.0427786
0.0467885
0.0277298
0.0328312
0.050877
0.0359288
0.0282016
0.0340248
0.0175683
0.0258142
-0.00532047
-0.00491938
0.00804429
-0.0673909
-0.034748
-0.0180278
-0.21956
-0.127512
-0.0708912
-0.391223
-0.239384
-0.179004
-0.560042
-0.350813
-0.286621
-0.615824
-0.389339
-0.362633
-0.637137
-0.394013
-0.372846
-0.5715
-0.325965
-0.368075
-0.564821
-0.362854
-0.352122
-0.514337
-0.321037
-0.349248
-0.385999
-0.230708
-0.291878
-0.265181
-0.162635
-0.183835
-0.187387
-0.0984976
-0.13022
-0.229389
-0.155998
-0.123034
-0.367287
-0.293274
-0.221325
-0.368373
-0.291645
-0.293679
-0.0686869
-0.0561749
-0.282179
0.0174071
-0.000616148
-0.0450995
0.894161
0.894093
0.873292
0.873207
0.852343
0.852255
0.834594
0.834609
0.883453
0.88339
0.86301
0.862905
0.842311
0.842258
0.831035
0.831115
0.833184
0.833286
0.854692
0.854837
0.893697
0.894452
0.958308
0.95945
1.04737
1.04769
1.15439
1.1547
1.28422
1.28437
1.41228
1.41247
1.53384
1.534
1.63698
1.63694
1.69792
1.69778
1.70967
1.70921
1.65766
1.65725
1.54638
1.5456
1.3787
1.37802
1.18824
1.18788
0.986866
0.986344
0.745059
0.744677
0.472123
0.472033
0.215738
0.216316
0.0439614
0.0451227
0.00741242
0.00827099
0.841984
0.841949
0.87302
0.873252
0.919063
0.921111
1.00208
1.00235
1.09703
1.09739
1.21818
1.21842
1.34887
1.34903
1.47422
1.47443
1.589
1.5891
1.67415
1.67401
1.70997
1.70989
1.68987
1.68965
1.61118
1.61039
1.46823
1.46733
1.28421
1.28369
1.09056
1.09015
0.87206
0.871545
0.610516
0.610236
0.338071
0.338255
0.116504
0.117447
0.0102109
0.0114908
1.59567
1.59492
1.5168
1.51588
1.36475
1.36367
1.12347
1.12244
1.56305
1.56246
1.45182
1.45088
1.25461
1.2535
0.975914
0.975049
0.817247
0.816651
0.49752
0.497726
0.240382
0.241269
0.0995623
0.100801
0.0878672
0.0889014
0.158269
0.158725
0.249762
0.24983
0.32568
0.325565
0.373152
0.373045
0.398379
0.398203
0.399126
0.398859
0.372947
0.372677
0.330733
0.330617
0.282469
0.282451
0.235671
0.235743
0.191996
0.192176
0.156417
0.156614
0.126718
0.126921
0.0971467
0.097392
0.0600494
0.0604518
0.0197496
0.0197423
0.654699
0.654473
0.356293
0.356895
0.155344
0.156274
0.0784227
0.0796521
0.117192
0.117904
0.204332
0.204582
0.290903
0.290857
0.353086
0.352941
0.387722
0.387647
0.402659
0.402403
0.3889
0.388471
0.353298
0.353114
0.306674
0.306626
0.258505
0.258557
0.213331
0.213402
0.173929
0.174067
0.141182
0.141418
0.111869
0.11215
0.0792206
0.0794429
0.0388395
0.0391123
)
;

boundaryField
{
    inlet
    {
        type            zeroGradient;
    }
    outlet
    {
        type            fixedValue;
        value           uniform 0;
    }
    wall
    {
        type            zeroGradient;
    }
    empty_zmin
    {
        type            empty;
    }
    empty_zmax
    {
        type            empty;
    }
    procBoundary1to0
    {
        type            processor;
        value           nonuniform List<scalar> 
35
(
0.333337
0.244072
0.145664
0.069666
-0.0103689
-0.0103689
-0.122927
-0.180835
-0.151433
-3.39876
-3.62234
-3.85394
-3.86313
-3.62995
-2.87506
-1.86855
-0.839369
-0.120966
0.75618
0.418245
-0.184602
-0.184273
-0.655255
-0.892774
-1.18358
-1.18358
-1.60479
-2.16317
-2.72486
-0.599133
-0.7599
-1.03711
-0.620265
-0.584936
-0.584936
)
;
    }
}


// ************************************************************************* //
