/*--------------------------------*- C++ -*----------------------------------*\
| =========                 |                                                 |
| \\      /  F ield         | OpenFOAM: The Open Source CFD Toolbox           |
|  \\    /   O peration     | Version:  2406                                  |
|   \\  /    A nd           | Website:  www.openfoam.com                      |
|    \\/     M anipulation  |                                                 |
\*---------------------------------------------------------------------------*/
FoamFile
{
    version     2.0;
    format      ascii;
    arch        "LSB;label=32;scalar=64";
    class       volScalarField;
    location    "4.97";
    object      initialResidual:p;
}
// * * * * * * * * * * * * * * * * * * * * * * * * * * * * * * * * * * * * * //

dimensions      [0 0 0 0 0 0 0];

internalField   nonuniform List<scalar> 
2367
(
-1.99191e-09
-1.96575e-08
1.49693e-08
-4.91891e-10
-1.25001e-09
1.49769e-10
2.17314e-10
-3.71262e-09
3.0152e-10
-1.1209e-10
-2.26094e-09
2.1111e-09
8.78557e-10
1.21934e-08
9.25748e-09
1.55216e-08
-1.70088e-08
2.52291e-08
-2.88555e-08
-7.57441e-09
-3.5546e-08
2.68301e-08
3.4101e-09
1.21555e-08
-8.79388e-10
-9.49682e-09
3.91351e-09
1.89861e-09
1.37639e-09
-8.66156e-10
-4.60292e-10
6.62225e-10
-6.12483e-10
3.58789e-10
-2.13531e-10
-9.4786e-10
3.80999e-09
-6.74487e-09
1.13923e-08
-4.02703e-09
-3.91747e-08
-6.10734e-09
-1.35291e-08
-1.83939e-08
7.01561e-09
-3.45096e-08
8.60869e-09
-2.38167e-08
-2.5249e-08
1.63826e-08
2.94866e-09
-3.10561e-09
-3.54159e-09
2.13396e-09
-2.76812e-09
2.93222e-10
1.71004e-09
-1.52055e-09
1.45943e-10
-4.07231e-09
3.95659e-10
-7.68194e-09
-2.07545e-08
1.178e-09
7.86766e-09
-2.03158e-08
4.62859e-09
-7.44167e-09
-7.42512e-09
-2.68361e-08
1.38049e-08
-2.8397e-08
-7.95471e-11
4.367e-08
-5.88413e-09
-2.42441e-09
7.25565e-10
-1.22256e-09
1.19426e-09
8.83847e-10
-4.53162e-09
4.85153e-10
-3.20154e-10
5.69156e-09
6.55388e-09
-4.76794e-09
-2.88966e-10
-8.64898e-10
-1.58768e-09
4.21579e-11
-1.86665e-09
-3.35244e-09
-8.35059e-11
5.72154e-09
-3.83712e-09
1.66436e-08
-1.65073e-08
-1.51763e-08
2.31757e-08
-6.06404e-09
-3.52074e-08
9.14114e-09
-9.23352e-08
3.99423e-08
7.58923e-08
-9.24284e-10
1.91783e-09
-1.22548e-09
1.06544e-08
-5.23257e-09
4.99364e-09
5.42452e-10
1.54491e-09
-2.05974e-09
2.68824e-09
5.59012e-10
4.69989e-10
-5.12445e-10
3.57144e-09
4.02456e-09
2.29997e-08
6.52994e-09
-1.29678e-08
1.19199e-08
4.77374e-09
7.04353e-09
7.93541e-08
-2.37697e-07
1.47174e-07
3.81401e-10
-3.58877e-09
-6.48963e-09
5.63319e-09
-5.01256e-09
-2.06437e-09
8.48304e-10
-1.50201e-10
-4.30278e-08
3.85287e-08
-1.80125e-09
-5.94599e-10
-3.96943e-09
-2.73369e-09
-1.55157e-08
-6.51815e-10
2.66663e-08
1.71288e-08
-8.66995e-09
4.63504e-09
2.78179e-09
2.34943e-09
-1.03947e-08
1.18997e-08
-1.8743e-09
-6.38005e-10
9.86114e-10
3.9794e-10
1.05359e-08
-6.18348e-09
-2.24031e-09
4.24671e-08
6.02377e-09
-3.76715e-08
2.74254e-10
-5.85682e-11
-2.91058e-09
-9.98041e-09
3.60372e-09
4.23187e-09
-9.42604e-09
-1.46636e-09
3.30885e-08
1.56039e-08
1.08722e-09
1.13528e-08
6.24359e-09
-2.81235e-10
6.56764e-09
1.03091e-08
-1.89539e-09
4.46486e-09
-1.08051e-08
7.04564e-09
6.36541e-09
2.62223e-09
-4.23803e-09
-2.95572e-09
5.77483e-11
1.89865e-10
-1.69053e-09
2.81778e-09
4.12251e-09
-1.24427e-09
4.83541e-09
-7.61919e-09
3.91362e-09
1.30333e-08
9.13683e-09
9.0391e-09
6.00162e-09
4.59553e-09
6.47337e-10
-5.81301e-09
3.60154e-09
-2.21543e-09
-5.40797e-09
7.98152e-09
1.68793e-09
-4.9315e-09
-1.25302e-09
1.47819e-09
-1.8546e-10
-4.30102e-10
-9.23085e-10
4.69529e-09
-1.29581e-09
2.41051e-09
2.23781e-09
-1.7962e-09
-3.40857e-09
6.00324e-09
8.36514e-09
7.80204e-09
-2.25258e-09
1.97054e-09
8.33997e-10
-9.04871e-10
-5.33867e-09
1.28462e-09
5.4935e-09
-3.3479e-09
-7.81451e-10
7.61617e-10
3.60944e-09
1.28407e-09
4.29943e-10
1.57571e-10
3.73212e-09
6.89344e-09
7.09564e-10
-1.21972e-09
-2.15726e-09
2.49899e-09
-1.66276e-09
-4.43887e-09
-7.14374e-09
1.27828e-09
1.11327e-08
-2.16986e-09
-1.06977e-09
-3.19656e-09
-8.56102e-10
-1.72285e-09
3.01025e-09
-3.48483e-09
5.01048e-09
9.45008e-09
2.70424e-09
2.34378e-09
1.27931e-09
8.28048e-11
3.41333e-11
9.11588e-11
-2.06517e-09
-2.17469e-09
-2.50512e-09
-1.84421e-09
7.18123e-11
-1.04509e-09
9.78881e-10
-4.60699e-09
-7.67938e-09
3.69201e-09
-4.40427e-09
3.05317e-10
8.28236e-09
-8.24453e-09
-4.43028e-09
1.00959e-08
-1.00752e-09
-2.24097e-09
-1.41921e-09
1.16273e-09
2.3799e-09
-1.01516e-10
-1.3121e-09
-7.03678e-10
-2.84024e-09
-3.7796e-10
-4.16918e-10
-5.5474e-09
1.38099e-09
1.42616e-09
-2.94475e-09
1.29662e-09
-1.88019e-09
3.67281e-09
-1.38259e-09
-3.02689e-09
8.23408e-09
4.42965e-09
-5.85799e-09
5.49407e-09
-5.14132e-09
-2.93279e-09
1.51721e-09
-4.73941e-10
-2.15572e-09
1.69148e-09
2.80415e-09
-3.50578e-09
6.58882e-09
-1.40156e-09
-3.3797e-10
-2.36278e-09
1.70721e-09
8.46264e-10
2.58328e-09
-5.22682e-10
5.83591e-09
-6.99617e-11
-4.36164e-10
-5.26864e-09
-7.21274e-09
5.48631e-09
-7.27354e-09
1.90888e-09
6.979e-09
-3.41155e-09
1.27561e-09
1.85987e-08
-7.72856e-10
-2.64056e-09
-7.3164e-10
-2.63765e-10
-8.09191e-10
-1.41946e-09
-7.88467e-10
6.06624e-11
2.68474e-09
1.50716e-09
3.66108e-10
3.70411e-10
-1.63096e-09
1.38597e-09
3.97405e-09
-6.03787e-10
-1.05034e-08
-8.94673e-09
-4.17901e-09
-1.62703e-09
8.4356e-09
-7.89592e-10
-1.13441e-09
-3.16126e-09
8.87429e-10
9.64019e-09
-1.75924e-10
4.6345e-10
-3.75362e-10
-3.27803e-10
-9.378e-11
2.9144e-10
-3.98769e-10
-1.87638e-09
-1.60089e-09
-2.39395e-09
-5.21796e-09
-1.3544e-08
-2.58266e-08
-3.84877e-10
3.05101e-08
-2.75807e-08
-7.73183e-09
-6.3123e-09
-7.5549e-10
4.63702e-09
3.44201e-10
6.31843e-09
5.5904e-09
-9.4861e-09
-3.29805e-11
-2.16704e-11
-6.07503e-10
-3.73341e-10
4.72101e-12
-1.4076e-09
-2.59957e-09
-1.09475e-09
-2.13555e-09
-2.5532e-09
-6.40993e-09
-5.66046e-09
4.0685e-09
-4.1336e-08
-1.39221e-08
3.57044e-08
-4.76938e-08
-9.27725e-09
-1.18654e-08
-4.59645e-09
8.02917e-09
2.63669e-09
-1.56224e-08
-6.8916e-10
-1.96133e-10
-1.59679e-11
-5.46504e-10
-8.93025e-10
-6.55905e-10
-2.18891e-10
-2.39692e-09
-2.5785e-09
-1.83172e-09
-2.31828e-09
-5.7577e-09
-2.35759e-09
7.53004e-09
2.60892e-08
-4.01216e-08
-4.88068e-09
1.81515e-08
-2.46752e-08
-5.4801e-09
-8.56816e-09
-2.30207e-09
-5.01365e-09
5.33213e-09
2.05316e-09
5.21712e-11
2.5727e-11
-5.33203e-10
-5.10945e-10
-8.7425e-10
-1.20453e-09
-7.1492e-10
-1.34688e-09
-1.39842e-09
-1.71525e-10
-6.20184e-10
7.16656e-09
5.08116e-09
1.06409e-08
2.27859e-08
7.25956e-09
5.71103e-09
1.74294e-09
-1.83408e-09
-5.54051e-09
-6.53374e-09
-1.15494e-08
1.1747e-08
1.78835e-09
1.99782e-11
-1.23661e-10
2.83835e-10
-5.99214e-10
8.38363e-10
1.3664e-09
5.15621e-10
1.60865e-09
9.59389e-10
1.38693e-09
2.87141e-09
1.71677e-07
-1.76132e-07
-1.8991e-08
-4.77755e-08
-6.73547e-09
4.24822e-08
3.19572e-08
-1.32655e-08
-4.02811e-09
5.34123e-09
-2.00485e-08
-2.01896e-08
6.26698e-10
-1.32824e-09
4.47541e-10
-3.9664e-11
-4.76694e-10
1.4808e-10
-5.02106e-09
1.24433e-09
9.72595e-10
-4.63831e-09
-3.74498e-09
-6.67607e-09
-2.06878e-08
-2.08443e-08
2.20258e-08
4.05581e-08
-1.26305e-08
-1.60093e-08
-2.41204e-08
-1.0564e-08
-9.1133e-09
-2.84362e-08
-6.73734e-09
-2.57788e-08
-6.84365e-09
1.73746e-09
-3.01647e-11
-1.0981e-09
2.58112e-09
4.78462e-09
1.65947e-11
7.47027e-10
9.84532e-10
2.43555e-09
4.38324e-09
9.74669e-09
1.60734e-08
2.32438e-08
-1.14462e-08
-1.69958e-08
1.44537e-09
-1.1816e-08
1.2427e-08
4.0346e-08
2.47524e-08
8.85304e-09
1.0254e-09
7.02825e-08
-1.7058e-08
8.12626e-11
2.7021e-10
1.49846e-09
-2.70347e-09
-2.05638e-09
3.45021e-10
1.24947e-09
1.45746e-09
2.20199e-09
3.93619e-09
7.01959e-09
1.09257e-08
1.17106e-08
8.69105e-09
-2.34474e-09
1.08368e-08
2.89869e-08
3.14498e-08
1.37206e-08
5.75217e-09
3.32407e-08
3.46957e-08
1.30668e-08
1.2811e-08
-1.33131e-10
-2.20626e-10
7.37418e-12
1.79244e-09
-3.71051e-10
6.63036e-10
7.43955e-10
6.78734e-10
7.03842e-10
8.88829e-10
2.48403e-09
4.17267e-09
2.53286e-09
6.72016e-09
2.37635e-08
2.68979e-08
1.84402e-09
3.51619e-09
-2.48749e-08
-8.12498e-09
-1.64992e-08
-7.08228e-09
6.86164e-09
5.87514e-10
1.09008e-11
1.89953e-11
-2.82841e-10
1.50441e-10
-3.78911e-10
4.06941e-10
-3.42278e-10
-9.05196e-11
6.04438e-10
6.10987e-10
4.02829e-10
-5.25059e-10
6.71165e-09
6.22583e-09
5.51063e-10
-3.45174e-09
-1.21849e-08
2.94955e-09
-1.09194e-08
-4.83646e-10
-6.20629e-09
2.63017e-10
-2.60385e-10
6.21799e-11
-3.45038e-11
-1.40422e-09
-3.11755e-10
-4.6388e-10
-8.28026e-10
-4.06978e-10
2.37945e-10
-5.48805e-10
6.69467e-09
-2.59017e-09
-7.45663e-09
1.04853e-09
-1.45944e-08
2.11994e-08
-2.42123e-08
-2.79657e-10
-2.52725e-09
-1.72825e-09
-6.63164e-11
4.3012e-12
1.63116e-09
1.11045e-09
-1.49483e-09
-1.62707e-09
6.96466e-10
-3.06833e-10
-9.56738e-10
4.9289e-11
-1.68113e-09
1.30944e-09
-8.36973e-10
4.30717e-09
-5.2442e-09
5.077e-08
-5.07571e-08
-4.36262e-08
4.52454e-08
-3.33885e-09
-2.92526e-10
5.0797e-10
3.50617e-11
2.26417e-10
1.62235e-09
-1.79497e-09
-3.13112e-10
-4.42393e-10
-8.13954e-10
-1.10256e-09
1.33249e-08
-8.70691e-09
-1.36255e-08
-2.68584e-09
2.83157e-09
2.83538e-09
-1.9602e-09
1.77915e-09
7.72524e-10
3.5512e-09
4.40907e-09
-7.59107e-10
3.42385e-09
-3.91447e-09
2.85164e-10
-7.2018e-10
-3.0847e-09
-2.27597e-10
-1.9817e-09
-4.01617e-09
-9.60032e-12
2.54399e-09
3.50083e-09
1.61878e-10
1.11985e-09
1.17398e-09
2.25635e-10
-1.69163e-09
-1.28117e-11
3.22166e-10
-8.011e-10
-7.3445e-10
2.26935e-09
-6.20941e-10
-2.92201e-10
1.62008e-08
-1.94951e-10
-1.55136e-10
-1.60016e-08
-1.69899e-10
-3.82285e-10
-5.29579e-09
1.43897e-10
2.90912e-10
5.98372e-09
-5.95889e-12
-2.82549e-10
2.30142e-09
2.41764e-10
1.27579e-10
-1.39211e-09
8.4487e-11
3.52843e-10
-2.13682e-10
-2.53373e-11
-4.84785e-10
1.67276e-08
-5.89796e-10
1.83259e-10
-1.96089e-09
4.54561e-11
5.22838e-11
1.03209e-08
5.3606e-10
2.93249e-10
-8.36258e-10
-2.94456e-10
-3.67361e-10
-3.89162e-10
-1.855e-10
2.9499e-10
-2.89675e-10
-5.93548e-10
4.27423e-10
-6.04292e-09
2.93261e-09
2.20818e-09
-2.91663e-09
4.1426e-09
9.1979e-10
-4.36313e-09
5.30747e-10
1.04321e-09
-1.75716e-09
-1.36099e-10
-1.60239e-10
-7.71737e-10
-3.13121e-09
1.6432e-09
2.46667e-09
-5.13525e-09
-4.08018e-09
-1.44989e-09
9.6076e-10
4.25346e-10
-8.85972e-10
1.81537e-09
-1.3725e-09
1.68901e-09
-2.60569e-09
5.96266e-09
4.60394e-09
-5.1668e-10
-1.49126e-10
1.89175e-09
9.9205e-10
1.92866e-09
-1.37018e-09
8.89216e-09
2.36583e-09
-3.33956e-09
-1.4946e-10
4.89795e-10
-2.39293e-09
1.84366e-09
6.47865e-10
-2.11936e-09
-6.01324e-09
-3.05321e-09
-4.56795e-10
1.04778e-09
6.31894e-10
1.87985e-10
-2.84129e-09
-3.65889e-09
-3.19197e-09
-2.92912e-09
2.4132e-10
-1.8199e-09
-5.25463e-10
7.18431e-10
-7.6532e-10
-7.35291e-09
-1.60546e-08
-3.04793e-09
2.43705e-09
2.96096e-09
-9.69601e-09
5.49705e-10
-6.54433e-10
1.56008e-10
-1.09114e-08
-6.27361e-08
6.33561e-08
-1.8608e-10
-4.97314e-10
6.12892e-09
5.46522e-11
3.13211e-10
1.55861e-10
1.4636e-08
9.1065e-09
1.14317e-09
6.71356e-09
3.61532e-09
1.55872e-08
-3.11264e-10
8.58126e-11
-2.09019e-10
7.24152e-09
4.62622e-09
2.44982e-09
2.96675e-09
1.6548e-09
2.13911e-09
1.12343e-10
3.10973e-10
-4.26134e-10
1.23047e-09
-4.99749e-10
-8.66525e-10
-1.48075e-09
-1.22664e-09
-1.34949e-09
-3.9074e-10
3.13223e-11
3.0891e-10
-7.57932e-10
-1.09277e-09
-7.48406e-10
-1.38555e-09
2.49551e-10
-2.46569e-10
7.49836e-10
1.12041e-09
-2.09321e-09
-8.36772e-10
3.84296e-10
-3.22109e-09
-1.0688e-08
1.10873e-09
1.89633e-09
5.12107e-09
-1.04821e-09
-1.34013e-08
3.02404e-10
7.29668e-11
-3.13052e-10
2.25838e-10
-4.29702e-10
-4.84317e-10
4.07835e-09
-5.12392e-09
-1.6416e-09
-3.09796e-11
-3.79312e-11
-1.37565e-11
-5.96755e-10
-4.97878e-10
-7.50041e-11
-2.69023e-08
2.54199e-08
4.44088e-09
-7.50661e-11
-8.15548e-11
1.89584e-11
3.21168e-11
-1.63446e-10
-7.11315e-11
4.55483e-08
-1.67448e-08
-7.34278e-09
2.11085e-10
1.72097e-11
-1.06389e-10
8.58695e-11
3.45111e-11
-1.22081e-10
-1.58394e-08
-4.64857e-09
1.24576e-08
-1.78097e-10
6.50173e-11
-5.11965e-11
1.55561e-12
2.72695e-11
8.20094e-11
9.978e-10
-1.14473e-09
-5.46304e-09
-1.91042e-10
4.29103e-10
5.15669e-10
1.90104e-10
-1.87072e-12
-4.78308e-10
-8.61172e-09
-1.03171e-08
-2.24312e-08
3.39788e-10
9.0069e-10
-8.22248e-10
1.32147e-10
5.7213e-10
-8.7663e-10
1.24429e-10
-7.48677e-09
-3.43292e-08
-8.03584e-10
-1.3094e-10
4.03982e-10
-2.43427e-10
-2.66731e-10
2.21602e-11
-3.5095e-09
1.41843e-09
2.43672e-08
4.76618e-11
2.03046e-10
-5.77264e-11
1.4419e-11
-2.73681e-12
9.123e-11
4.68899e-10
4.56886e-09
1.43933e-08
1.45529e-10
6.36233e-11
-1.70259e-10
-4.52338e-10
-1.3702e-11
-5.90069e-11
2.72321e-09
2.32686e-09
4.55614e-09
1.85195e-11
-4.35883e-11
1.10495e-10
-2.66356e-10
5.39068e-10
3.15259e-11
-6.40616e-11
-1.15893e-10
3.03837e-10
9.58352e-10
5.40095e-11
-1.77463e-10
-1.34369e-10
-4.39917e-11
-4.55756e-10
-3.80879e-11
-4.82621e-12
1.16939e-10
9.31818e-10
-6.75e-10
9.09551e-10
-9.52086e-10
-3.6054e-10
9.62439e-10
-8.22952e-11
-1.08487e-11
1.65091e-11
-1.37454e-13
-4.49308e-11
1.65001e-11
-9.22964e-11
1.87373e-12
-2.17663e-10
5.63885e-11
-2.03082e-10
1.16507e-10
-1.15436e-10
4.43516e-11
1.98817e-10
-4.35951e-11
-1.92542e-12
-1.10144e-11
1.14833e-11
1.29696e-11
-6.49791e-11
1.52738e-11
5.47568e-11
1.60397e-11
1.47529e-10
6.23049e-13
9.53685e-11
-7.81325e-11
-8.80401e-10
1.24369e-10
7.09464e-10
9.11574e-11
-1.2363e-08
7.00017e-09
5.42043e-10
-1.55994e-09
-8.79651e-11
4.19399e-10
-8.33919e-10
4.16248e-11
2.37717e-10
5.36292e-11
-2.17453e-08
-1.46316e-10
2.37325e-09
-2.48882e-10
-6.53981e-09
5.28839e-09
-2.68933e-09
-5.79599e-09
-1.12578e-12
-5.91728e-11
1.70798e-10
-4.32626e-11
6.01325e-11
-3.14508e-11
3.71365e-11
1.90847e-11
-1.45571e-10
-6.32731e-12
9.4756e-11
5.82325e-13
1.13572e-11
4.94949e-12
1.8034e-10
-3.73588e-11
-9.30493e-11
-7.38346e-12
-1.9553e-10
-7.33474e-11
-1.17968e-09
-1.15537e-09
1.19495e-08
-6.77885e-09
2.59363e-09
-6.98118e-10
-1.87375e-09
4.44981e-10
-2.23552e-10
-1.05963e-10
1.82627e-08
3.13713e-10
-1.64739e-09
-1.45414e-09
-2.86679e-10
-9.10123e-11
8.00006e-09
5.29677e-10
-7.71834e-09
5.63413e-11
-1.74193e-11
-3.41122e-11
-1.23404e-10
-2.06406e-10
-4.82451e-09
-3.83426e-10
4.37415e-10
-2.43265e-10
1.73303e-10
-2.42517e-10
-6.10197e-10
9.09575e-10
-3.67071e-10
1.00357e-09
7.83839e-12
-2.36884e-10
1.46759e-10
-1.84047e-09
6.3613e-10
-6.61013e-10
-1.12758e-09
1.26086e-10
2.72365e-10
-6.78727e-10
-4.63309e-10
-4.28045e-10
1.12995e-09
7.04487e-10
-8.57251e-11
-1.34235e-10
-3.25924e-11
-4.11629e-11
-1.41786e-10
-6.52946e-12
-5.43883e-11
-5.38227e-11
-3.76277e-11
1.992e-11
-2.66963e-11
-2.61499e-10
6.597e-11
-4.79779e-12
-1.01962e-11
9.80015e-12
4.48947e-12
-1.66847e-10
5.8593e-11
-1.49557e-10
2.85515e-11
2.31731e-10
-5.02613e-11
-5.74677e-11
3.04968e-11
-1.54067e-11
2.62705e-11
1.10565e-10
-3.92088e-11
1.77387e-10
-4.62274e-11
-2.04881e-11
3.48591e-12
-2.82068e-10
1.22229e-10
-6.76538e-10
2.30939e-10
-1.35931e-09
-2.03671e-10
1.09892e-09
-7.04355e-11
-1.08436e-10
3.91907e-10
5.16799e-09
-4.91471e-10
3.6387e-10
-1.94106e-10
-1.46521e-10
-1.94852e-10
-2.04279e-10
-1.34556e-10
-5.82222e-11
-1.22032e-10
-3.11291e-11
-6.73917e-11
-3.20449e-11
-2.49999e-11
2.3189e-10
-4.93598e-11
-1.51343e-10
5.0172e-11
-2.81771e-11
-4.78316e-14
-4.12371e-11
2.6845e-11
-3.47002e-10
1.07076e-10
1.67309e-10
-5.31871e-11
1.33286e-10
-2.12712e-10
2.39025e-11
2.13637e-11
4.22765e-11
-3.73867e-12
1.83752e-10
-5.88973e-11
4.57438e-11
2.54075e-12
3.90878e-10
-1.00393e-10
-7.77472e-11
6.49831e-11
-2.44979e-09
1.25427e-09
-2.75397e-10
-2.22788e-10
-3.24115e-09
-9.28194e-10
-1.09108e-09
-2.96277e-09
-5.81902e-10
-6.22317e-10
-7.80894e-10
-4.08543e-10
2.27834e-09
-1.93027e-09
-5.73028e-10
-2.20599e-09
-2.00801e-09
7.84764e-10
-1.63147e-09
-1.02353e-09
-1.60423e-09
-5.60027e-11
-5.03721e-11
-7.34075e-11
-4.17387e-11
-2.50182e-10
4.78354e-09
-1.49408e-10
-1.08542e-10
-7.37005e-11
-5.10981e-09
-7.01815e-11
-5.90849e-11
-9.46104e-11
-6.57566e-10
-2.18586e-10
-8.32957e-10
-9.14099e-10
-1.23256e-09
2.67685e-09
-1.53049e-10
-1.33504e-11
5.02315e-09
-4.97849e-09
-1.72489e-09
1.56168e-09
-7.30311e-10
4.00471e-11
-4.52757e-10
-3.748e-10
3.27349e-10
-8.53103e-11
-1.09456e-09
2.85641e-10
4.08687e-10
-6.69862e-10
-3.23205e-10
9.58931e-11
-1.21276e-10
1.19701e-10
4.35456e-11
7.48478e-10
-1.1273e-10
-2.61088e-10
-1.59618e-10
-1.69007e-10
5.13448e-10
-5.48256e-10
2.85316e-09
3.87502e-09
-4.6826e-09
-1.0211e-09
-2.52094e-11
-3.60384e-10
-1.73951e-10
-7.77764e-10
-2.30165e-10
3.43844e-10
-3.09774e-09
9.09502e-10
-5.19883e-10
-1.01863e-09
7.57951e-10
3.68143e-10
-1.74079e-10
6.61759e-10
1.22074e-10
-1.61139e-09
-4.81603e-10
1.60918e-09
-2.33903e-10
-1.02728e-09
-6.6754e-10
-4.28777e-10
-1.29774e-09
-1.47037e-08
-1.50396e-10
8.70543e-09
2.54756e-10
3.96859e-10
2.20844e-09
-5.03468e-10
5.91808e-10
1.09636e-09
3.1263e-10
-1.97494e-09
1.01832e-09
6.17925e-10
8.86835e-09
-3.19865e-09
-9.34141e-10
-1.36436e-09
3.81893e-10
3.26765e-09
-1.9297e-09
1.37297e-09
1.36914e-09
-1.0052e-09
2.0314e-10
3.384e-10
-1.58678e-09
1.90487e-09
2.65649e-10
3.79478e-10
1.88573e-10
8.6612e-11
2.16071e-10
2.51853e-10
2.51784e-10
-4.76143e-10
-3.30436e-09
1.49281e-10
1.48791e-09
-1.97328e-08
3.66604e-09
2.21129e-09
6.02447e-10
-1.04273e-09
9.13371e-10
3.62235e-09
-2.47788e-09
-2.30902e-08
-1.72969e-10
2.04975e-08
4.84904e-09
5.01337e-10
-1.89159e-10
4.18678e-10
-4.59723e-10
-5.10985e-11
-5.48151e-10
2.14144e-11
-2.89105e-11
-5.47706e-10
2.9258e-10
-1.47546e-10
2.36054e-09
-7.66006e-09
4.38784e-08
-5.84614e-09
-1.22306e-09
2.37477e-09
-2.86349e-09
4.14291e-09
8.13213e-10
-9.81563e-09
2.18509e-08
3.95043e-09
-1.72868e-09
-4.22149e-10
3.50323e-10
-1.03609e-09
3.49235e-10
-1.50702e-11
-5.13028e-10
-1.19869e-10
-3.48288e-10
3.56349e-11
2.34754e-10
5.63606e-11
6.60333e-10
8.80853e-09
-1.96764e-08
5.59292e-09
5.99269e-09
2.91734e-09
8.00318e-10
-6.86261e-10
-1.12097e-09
1.47059e-08
-8.35921e-09
-1.60594e-08
2.49052e-09
9.6359e-10
2.22457e-10
-5.06439e-10
-3.79729e-10
1.23598e-10
-6.08228e-10
-4.32796e-10
-4.36365e-10
-2.20054e-10
4.17316e-11
3.2842e-12
-3.35293e-09
-6.69169e-09
7.99148e-09
1.56481e-08
4.60385e-09
-4.30338e-09
3.20308e-09
-7.55578e-09
-3.93951e-09
4.11356e-09
-1.49341e-09
3.30129e-10
-7.49491e-09
-4.61964e-09
6.0004e-11
-2.54043e-10
-4.54251e-10
1.52267e-11
-2.86358e-10
-4.88408e-10
-4.07116e-10
-7.86683e-10
-1.4857e-10
-1.80737e-11
6.14264e-10
3.31923e-09
1.2272e-08
-2.93774e-08
5.85661e-09
-2.83466e-10
4.80202e-09
3.13281e-10
4.93634e-09
3.72878e-09
-9.7524e-09
-1.08341e-08
-2.40376e-10
-3.45104e-09
-3.47491e-09
-1.38025e-09
-1.7916e-10
-3.69164e-10
-3.33294e-10
-2.03031e-10
-1.77066e-10
-4.26554e-10
-1.09552e-10
1.00268e-10
3.40704e-10
1.81554e-09
1.4766e-08
1.98582e-08
-8.34249e-09
-2.66917e-09
4.95767e-09
-9.97597e-08
1.12627e-07
2.69955e-09
1.85841e-09
-3.85701e-10
-1.92998e-09
-1.24705e-09
-1.94592e-09
-2.13437e-09
-1.25816e-09
8.99424e-10
4.89638e-10
-1.6358e-09
-4.52137e-10
-5.01686e-10
-1.71861e-10
-1.63575e-10
1.91544e-10
-3.08461e-10
-1.31036e-08
2.60447e-08
2.64275e-09
-1.30396e-08
-4.59914e-09
1.8397e-08
-1.32318e-08
-2.5711e-08
7.47283e-10
-2.62482e-09
-5.39478e-09
-6.4876e-10
1.09161e-10
-3.90533e-10
-6.34058e-10
-3.68028e-10
-4.28455e-10
-7.78857e-10
-5.85579e-10
-8.59079e-10
-1.89789e-10
-1.88289e-10
-5.00729e-11
8.0661e-11
-3.70627e-09
-3.0449e-08
-4.40173e-09
-1.73603e-09
-8.04182e-09
-1.49187e-08
-2.12561e-08
1.29895e-08
-1.08295e-08
2.09638e-07
-2.16972e-07
-2.00337e-09
3.69699e-09
-2.35462e-09
-1.24934e-09
3.14809e-08
-3.02343e-08
2.13336e-09
1.61109e-09
1.16887e-09
-1.94946e-09
1.16794e-09
-2.01238e-10
1.50863e-10
-4.56966e-09
-8.63103e-09
-3.24364e-08
-1.09559e-08
1.15074e-08
-2.46347e-09
1.1849e-08
8.04093e-09
2.85282e-09
1.34999e-08
-4.61749e-09
-2.12419e-08
-5.1298e-09
2.70934e-09
-1.23892e-11
4.177e-10
-1.2347e-09
-4.91263e-10
-6.67314e-10
-1.34021e-09
-1.46772e-10
4.79373e-10
9.89609e-12
8.02863e-11
-3.5938e-09
-9.24888e-09
-3.28187e-08
-4.0252e-08
-1.22897e-08
3.49167e-09
2.23322e-09
-9.01722e-09
4.49273e-09
-2.75801e-09
-5.99177e-09
3.84706e-09
8.17234e-09
5.69927e-09
-3.0129e-09
-5.21265e-09
-1.46586e-09
2.88218e-09
4.2505e-11
1.27081e-09
2.67324e-10
9.91923e-11
-1.12688e-10
1.20167e-10
5.57754e-09
-2.5425e-09
-2.20389e-08
2.21074e-08
2.19e-08
-1.3954e-08
1.11244e-08
-3.88393e-09
-9.7119e-09
5.18814e-09
9.42425e-09
1.00975e-08
-1.06499e-10
-3.35287e-09
4.02996e-09
5.60078e-09
5.24194e-09
-1.17873e-09
1.64959e-09
9.72363e-10
-1.12597e-10
9.39852e-11
1.95854e-09
-6.84489e-10
-6.12015e-09
-1.23442e-08
7.63379e-08
3.38939e-08
-2.32038e-08
1.62808e-08
1.89396e-08
2.71015e-08
1.12842e-08
-6.80576e-09
5.15297e-09
5.6777e-09
6.14442e-09
5.11568e-09
3.63396e-09
2.43402e-09
1.08476e-09
-1.79176e-10
6.69035e-10
6.84358e-10
-2.39917e-11
8.05648e-11
4.84966e-11
4.19155e-11
6.77743e-09
-1.19563e-08
1.83796e-08
-3.70633e-08
7.97091e-08
2.68291e-08
-1.08619e-08
-1.46527e-09
1.501e-08
1.99997e-08
-1.05526e-09
4.21707e-10
3.22443e-09
4.63337e-10
-2.95094e-10
6.39935e-10
-6.8424e-11
-1.17007e-10
2.67348e-10
4.31082e-10
2.44987e-10
7.94405e-11
9.55653e-11
-3.91949e-10
1.9288e-09
3.99587e-09
6.85881e-09
2.56023e-09
-4.91023e-09
-1.4847e-08
-2.14648e-09
-3.38892e-09
4.78039e-10
-2.85054e-09
8.43617e-09
3.61863e-09
-1.59429e-09
-4.87082e-12
-9.24221e-10
8.75601e-12
-6.41762e-10
-1.83479e-10
6.69369e-10
1.31981e-09
5.98374e-10
1.87179e-10
1.38009e-10
-9.37995e-11
-7.73502e-10
2.6996e-09
4.71823e-10
-4.74649e-09
-2.62504e-09
-4.92568e-09
1.98149e-09
-1.16536e-08
3.17336e-09
-1.35498e-09
-5.62115e-09
3.9213e-09
-2.09713e-10
-1.49859e-09
-1.08915e-10
3.26607e-10
-1.43817e-09
1.60586e-09
1.28139e-09
-1.69613e-09
1.51742e-09
2.99951e-10
-4.5304e-11
-5.03448e-10
-7.2679e-10
5.16026e-10
-3.73824e-09
-3.71963e-09
-1.35954e-09
-3.41676e-09
-1.71544e-09
-1.40079e-09
-2.51913e-09
-2.03742e-09
-1.00621e-08
7.77774e-09
-3.36879e-09
-9.01228e-10
4.3005e-09
3.51835e-10
3.20382e-10
2.34584e-09
-3.27642e-10
5.51747e-10
2.46244e-10
-1.32336e-10
-5.71389e-11
-6.36826e-10
9.71177e-10
-2.66326e-09
6.97477e-09
-8.1178e-09
-1.48638e-09
-1.51737e-09
-2.39622e-09
9.89313e-10
-2.11278e-09
3.73587e-09
-8.28788e-11
1.30774e-09
1.03355e-08
-1.24769e-08
7.62418e-10
-3.55999e-09
1.94206e-09
-3.5407e-10
-1.62839e-09
5.13125e-09
8.33784e-09
-8.07113e-09
7.07842e-11
-1.66893e-10
-3.44672e-10
1.36368e-08
-1.42172e-08
2.54629e-09
-1.48321e-09
2.80462e-10
-1.19977e-10
-2.08682e-09
-9.75463e-10
-1.04877e-09
-4.32117e-09
-1.42339e-08
-3.21767e-09
-4.92336e-09
1.40122e-08
1.3725e-08
-1.60921e-08
-3.43373e-09
3.26381e-10
-1.33866e-09
2.40202e-09
-5.73197e-11
-1.02232e-10
8.13536e-10
-1.20398e-09
1.72556e-09
-1.06839e-08
8.04686e-09
1.10176e-08
-9.66117e-09
-2.26037e-09
-3.05316e-09
-3.82146e-09
-6.75676e-09
-1.69551e-09
1.30373e-08
1.44473e-08
-1.49952e-08
-8.13766e-09
3.44574e-09
-1.55349e-09
1.53317e-10
-4.35971e-09
2.45054e-09
-6.45491e-10
-6.52336e-10
4.1143e-11
-4.46501e-10
1.28427e-09
-9.90413e-10
4.46291e-10
-5.43653e-10
2.13257e-10
-8.54669e-10
-1.98144e-09
-3.43207e-09
-5.55035e-09
-3.24615e-11
-2.92456e-09
-9.23409e-08
-6.9966e-08
9.17385e-08
-9.69846e-10
3.33205e-09
3.34801e-09
7.47257e-09
-2.44311e-09
-3.04707e-09
5.13694e-09
-2.16208e-10
3.09571e-11
9.0346e-11
-6.88534e-10
5.08696e-10
-4.92074e-10
1.03181e-08
3.08336e-10
-1.0967e-10
1.16953e-09
-8.59728e-10
-6.47358e-10
1.0383e-10
-1.62015e-09
3.01653e-09
1.37617e-07
-1.45095e-07
1.10536e-09
5.94044e-10
1.42659e-09
-3.82414e-09
1.1566e-08
-6.79375e-09
-1.47151e-09
-6.07809e-10
-8.27277e-12
3.09621e-12
4.67669e-10
-4.84139e-10
2.16839e-10
2.36681e-11
-1.80061e-10
-5.15322e-10
-2.14973e-09
-1.74705e-10
-3.1776e-09
-6.03408e-10
7.73806e-09
-2.57037e-09
5.26261e-09
-8.74279e-09
-1.55745e-09
-1.10885e-09
-9.79918e-11
5.02363e-09
-8.3278e-09
3.23146e-09
-7.44792e-10
-5.5407e-11
6.19411e-11
-2.55602e-10
4.37122e-11
3.75813e-11
-7.6283e-11
6.27505e-10
4.82998e-11
6.70729e-10
1.63003e-10
7.99638e-11
-1.54868e-10
-4.11016e-11
6.88063e-12
-4.89698e-11
2.73397e-11
-2.19123e-10
-7.99883e-11
-1.58855e-10
-2.53245e-10
-2.30799e-10
-2.59171e-10
-2.34292e-09
-3.39093e-10
-3.57801e-10
4.54597e-10
-2.67584e-10
-1.51497e-10
8.89149e-11
9.49872e-11
-3.05646e-11
5.42737e-11
-3.56684e-10
6.23178e-10
2.14455e-11
3.85945e-11
3.01663e-10
9.70415e-11
1.74909e-10
1.23458e-10
1.62632e-10
6.28508e-11
-1.74054e-11
2.6338e-10
6.34773e-11
1.55569e-10
1.58903e-10
-1.29288e-10
-4.22075e-11
5.85292e-09
-3.99566e-11
-1.90351e-11
-9.41328e-10
5.2504e-12
-3.58941e-11
9.02623e-10
-3.81287e-11
3.70879e-11
-6.95714e-10
-1.90421e-12
-1.03593e-10
4.87305e-10
3.81312e-11
8.05505e-11
1.86396e-10
-1.15674e-10
-2.64842e-10
6.29622e-10
-3.15784e-10
2.95397e-10
4.27577e-10
7.88292e-10
-2.32986e-09
3.17299e-09
-8.29007e-10
2.86626e-10
1.37311e-09
6.5226e-09
-3.34919e-09
1.14243e-09
-1.45141e-09
-4.41912e-09
3.34292e-09
1.13418e-10
6.33946e-09
-4.67231e-10
-4.99485e-10
-4.46774e-10
4.4834e-10
7.85785e-10
6.26067e-10
3.09125e-10
1.20041e-10
-1.19294e-10
2.23348e-10
1.19669e-09
-1.05118e-10
3.59969e-10
1.67145e-09
2.85087e-09
-9.39396e-10
1.4145e-09
4.88927e-10
-1.4382e-09
-5.02836e-09
-9.63902e-11
-2.36439e-09
-9.44376e-10
-7.19241e-10
4.17689e-09
-4.11715e-11
-2.21995e-12
5.28836e-10
4.19462e-09
-4.72744e-09
1.18583e-09
-2.25129e-09
-3.00685e-08
2.35473e-09
9.58272e-13
7.94996e-12
-7.96475e-11
-1.98841e-09
6.39915e-09
-3.91939e-09
-2.85387e-09
7.68511e-10
-1.34192e-09
-2.55061e-11
-1.15038e-10
-1.81032e-10
3.96077e-09
9.06086e-10
5.85861e-10
9.71496e-09
-2.89767e-09
-2.3521e-09
-4.70939e-11
-2.22079e-10
-2.44466e-11
-6.90429e-10
-5.53812e-10
6.64647e-10
-4.55621e-09
-6.28288e-10
1.9039e-09
-1.91141e-10
-1.69841e-10
5.32689e-11
-2.33606e-10
5.59331e-11
3.543e-10
-2.03302e-09
-9.76358e-10
7.48823e-10
2.94003e-11
-9.83041e-11
4.21734e-11
2.83829e-10
1.71641e-10
-3.05446e-11
1.29948e-09
1.77741e-09
-8.50937e-10
1.88378e-10
-7.76301e-10
4.43523e-10
-4.61765e-10
-7.72962e-11
-2.99079e-10
8.91577e-10
-9.96999e-10
1.36844e-10
2.6657e-09
-1.33515e-09
1.95726e-09
-4.10338e-10
-4.73889e-10
-2.78465e-11
-3.84082e-10
-7.92312e-10
-6.52448e-10
3.82323e-10
-5.35017e-11
-1.10627e-10
-4.92003e-10
-3.91624e-10
-1.87056e-11
2.51464e-10
-4.05226e-10
2.33771e-11
5.44435e-11
-2.85579e-11
2.43063e-10
-5.67672e-10
-1.17698e-09
6.44713e-10
-2.94152e-09
-1.91976e-09
4.68685e-09
7.1619e-11
2.43839e-10
1.19575e-10
-2.32681e-09
-6.80403e-10
4.03718e-10
2.54742e-10
-1.57782e-09
-1.48003e-09
5.15821e-11
2.32298e-10
-1.15098e-11
7.53528e-10
9.28225e-11
7.82481e-11
9.58472e-10
1.58542e-09
-8.47477e-12
2.37775e-10
3.66919e-10
4.12303e-11
-1.16842e-12
-4.41886e-11
1.13708e-10
-8.20121e-11
3.28996e-10
1.14203e-11
2.94898e-10
2.51973e-10
3.49303e-10
1.25752e-10
-3.82315e-10
2.16337e-11
-1.61268e-10
2.63809e-10
3.77594e-10
-2.6239e-11
-6.86686e-11
6.13929e-10
7.50166e-11
3.97957e-10
-6.94943e-11
2.36599e-10
-1.13737e-10
-3.51711e-10
5.97369e-10
2.49656e-09
-1.12166e-09
-4.27358e-11
8.55918e-11
-5.58535e-11
1.05539e-09
-7.69088e-10
1.87757e-10
-5.61671e-09
5.42667e-09
-9.68045e-09
-3.73127e-10
3.42856e-10
-5.465e-12
5.59609e-10
-3.609e-10
-1.08621e-10
-2.19255e-09
-7.19821e-10
-1.68893e-09
2.33743e-11
-2.37323e-10
-2.5463e-11
8.5258e-10
-3.77016e-10
-5.7856e-10
4.61793e-10
-2.39162e-10
-2.26174e-11
1.69575e-11
1.00975e-10
2.31874e-11
-3.99337e-10
-4.29886e-10
2.16992e-10
1.80092e-10
4.07633e-11
-2.62528e-10
-3.50368e-11
-2.65295e-11
-2.97077e-11
-2.09021e-10
2.15836e-10
1.28353e-10
5.09351e-10
-6.54746e-10
-3.78199e-10
7.78994e-10
1.0696e-09
-6.43355e-10
-2.09688e-10
1.87111e-10
6.33652e-10
-9.63829e-09
-1.28141e-09
-3.10679e-10
-3.16076e-10
2.51862e-08
-2.41012e-08
-1.19176e-10
-4.97163e-10
-2.67353e-10
-1.39136e-09
-1.25153e-09
2.52682e-10
1.4115e-09
-4.42674e-10
-1.15471e-09
-2.43091e-09
-8.99109e-11
-2.12211e-09
2.18762e-09
-4.65067e-09
7.658e-10
-3.44886e-09
5.50513e-09
-3.89941e-09
-5.25368e-09
1.97196e-09
4.41279e-09
-7.45861e-09
6.17186e-08
1.82207e-08
1.04634e-09
-4.70247e-09
-2.2649e-08
-6.34849e-10
2.48269e-10
-1.02508e-09
4.98821e-09
1.11422e-09
-3.88712e-09
-2.10414e-09
-5.33708e-09
7.45889e-10
4.53379e-10
-6.98263e-09
6.8514e-09
-1.33949e-08
-6.03882e-09
1.45647e-09
3.70418e-09
9.76944e-09
3.32904e-09
3.53994e-10
5.96629e-10
-1.10753e-09
-5.19043e-11
-3.06983e-11
-3.40811e-11
-4.11477e-12
3.58174e-10
-4.90116e-11
4.17743e-10
-2.94179e-10
-4.33973e-11
-1.77439e-11
-4.63517e-11
6.97668e-12
7.99087e-11
-2.40823e-11
2.83667e-11
-2.21616e-11
4.48237e-11
-1.31173e-11
2.72171e-11
-1.24749e-11
-1.96636e-12
-6.07926e-12
-6.08412e-11
2.62096e-11
-1.59779e-10
4.39186e-11
1.42786e-11
-5.40291e-13
1.10078e-10
-2.72591e-11
1.3871e-11
2.05512e-11
-7.622e-12
2.16197e-11
-2.28968e-11
3.41161e-11
8.08351e-12
2.63567e-11
2.94058e-11
2.01318e-11
2.68913e-11
1.729e-11
3.96869e-11
9.39735e-12
3.59426e-11
-1.45559e-11
-3.21629e-11
-3.10589e-11
-2.67482e-10
-4.15622e-13
3.30675e-11
1.57405e-11
7.71649e-11
-7.25758e-11
4.4337e-10
2.73462e-10
1.73922e-10
1.41915e-10
-1.42364e-10
2.73795e-11
2.52862e-11
-1.1864e-11
-1.49902e-11
-4.27485e-12
-4.82435e-11
4.035e-12
-1.39986e-10
2.69452e-11
-8.37057e-11
2.52617e-11
5.6887e-11
-7.97077e-12
7.69315e-11
-2.13962e-11
-3.7577e-11
6.45927e-11
-7.11132e-11
4.68103e-11
-6.39284e-12
2.90244e-11
2.51275e-11
2.17742e-11
2.15984e-11
1.3361e-11
2.75623e-11
7.25694e-12
3.36039e-11
-1.34057e-11
-8.9941e-12
-3.39619e-11
-1.78086e-10
-1.04148e-11
-2.13253e-10
-5.6861e-12
2.11614e-10
-6.77749e-11
-1.49603e-10
-3.54317e-10
-4.99762e-11
-1.26697e-10
-2.40973e-10
1.19306e-10
-6.50576e-11
1.29461e-11
-6.71092e-11
1.33395e-11
-2.54834e-11
-7.19894e-12
-2.03143e-11
-2.73223e-11
-5.22719e-11
1.79703e-11
-2.48055e-11
2.57397e-12
-1.73139e-11
-1.70373e-11
8.12611e-12
-2.61888e-11
9.22813e-11
-1.86886e-12
-8.95305e-11
4.55166e-11
-1.41746e-10
1.91914e-11
5.29796e-10
-1.5915e-10
5.39661e-11
-4.57984e-11
2.72478e-11
-4.34041e-11
-3.36671e-11
-1.06451e-11
-6.37215e-11
7.68139e-13
-3.28395e-11
4.22823e-12
-1.31795e-11
3.50135e-11
-1.37525e-11
4.26457e-11
1.0497e-10
1.77801e-11
2.1577e-11
1.74389e-11
1.19937e-11
4.28055e-12
3.69893e-12
-3.08804e-12
-2.09055e-11
-6.37962e-12
7.59696e-12
-7.65821e-12
-3.53979e-12
-9.0493e-12
9.47479e-12
5.85168e-12
1.74662e-11
7.14316e-13
4.68036e-11
7.57329e-12
-5.9218e-11
1.87866e-11
-5.54587e-10
6.4328e-11
1.47331e-10
-8.30913e-11
1.1266e-10
-2.03751e-11
6.06577e-11
-2.73263e-11
-8.01282e-12
-2.40687e-11
-6.09479e-11
-3.34825e-12
-4.92635e-11
5.87791e-12
-2.16291e-11
1.45145e-11
-1.25842e-11
2.45755e-11
-1.40134e-10
1.08762e-10
3.09307e-11
1.57874e-11
1.5267e-11
1.00725e-11
2.81489e-12
5.81734e-13
2.66907e-12
-4.87624e-12
-3.59934e-12
-6.43224e-12
1.17682e-11
-6.7252e-12
-3.334e-11
1.42174e-12
1.99435e-11
-1.99758e-12
2.68192e-11
-3.24681e-12
)
;

boundaryField
{
    inlet
    {
        type            zeroGradient;
    }
    outlet
    {
        type            zeroGradient;
    }
    wall
    {
        type            zeroGradient;
    }
    empty_zmin
    {
        type            empty;
    }
    empty_zmax
    {
        type            empty;
    }
    procBoundary1to0
    {
        type            processor;
        value           nonuniform List<scalar> 
35
(
6.94053e-10
-2.52435e-09
-9.07747e-09
1.28052e-08
6.0849e-09
6.0849e-09
-2.77273e-09
-5.0774e-10
-2.03726e-10
5.77681e-09
1.06074e-08
9.95279e-09
-1.1498e-08
-2.25244e-09
8.55795e-09
1.19484e-08
2.63581e-08
-1.45087e-08
-2.94627e-09
5.70307e-09
2.87431e-10
-9.29312e-11
-2.25871e-09
3.58948e-09
-1.12822e-08
-1.12822e-08
-1.59529e-08
-6.91098e-08
1.00088e-07
1.13024e-09
1.83172e-09
8.6449e-09
5.89436e-11
3.58105e-10
3.58105e-10
)
;
    }
}


// ************************************************************************* //
