/*--------------------------------*- C++ -*----------------------------------*\
| =========                 |                                                 |
| \\      /  F ield         | OpenFOAM: The Open Source CFD Toolbox           |
|  \\    /   O peration     | Version:  2406                                  |
|   \\  /    A nd           | Website:  www.openfoam.com                      |
|    \\/     M anipulation  |                                                 |
\*---------------------------------------------------------------------------*/
FoamFile
{
    version     2.0;
    format      ascii;
    arch        "LSB;label=32;scalar=64";
    class       volScalarField;
    location    "2.57";
    object      p;
}
// * * * * * * * * * * * * * * * * * * * * * * * * * * * * * * * * * * * * * //

dimensions      [0 2 -2 0 0 0 0];

internalField   nonuniform List<scalar> 
2367
(
1.3916
1.11918
0.97333
0.928818
0.892961
0.870026
0.932161
0.940657
0.805086
0.932297
0.798986
0.778581
0.940351
0.941125
0.807688
0.808492
3.70183
3.6059
3.29605
2.87726
2.40504
1.79532
2.23451
2.77308
3.25945
3.55261
1.11658
1.18137
1.20271
0.766639
0.787878
0.913705
1.12886
1.38911
0.373515
0.381873
0.443878
0.617203
0.948612
1.33586
1.9231
2.57466
3.16015
3.67785
3.90948
3.88816
3.45585
2.85102
2.34949
1.66011
-0.135327
-0.140108
-0.163405
-0.0111867
0.232291
0.69866
1.18532
2.1297
3.03123
3.79522
4.19676
4.03951
3.39492
2.54137
1.8063
1.02679
0.743256
0.607042
0.537242
0.510843
0.525678
0.55808
0.631665
0.64995
-0.74089
-0.783277
-0.942339
-0.936169
-0.752425
-0.375604
0.317887
1.04381
0.814439
0.301786
-0.157042
-0.119994
-0.0511228
0.0527482
0.136269
0.190492
0.31415
0.328475
-1.42191
-1.50654
-1.8226
-2.10085
-1.86583
-2.0462
-1.76305
-1.70205
-1.30462
-1.05032
-0.704411
-0.459678
-0.288506
-0.199904
-0.0817668
-0.0188704
-2.13636
-2.27484
-2.74639
-3.02523
-3.50223
-4.62278
-2.95041
-2.02293
-1.3717
-0.983049
-0.744881
-0.58374
-0.424253
-0.372099
-2.83148
-3.05806
-3.75663
-4.169
-5.17795
-4.57907
-2.90505
-1.98784
-1.49179
-1.16309
-0.955743
-0.771384
-0.696096
-3.4417
-3.7339
-4.53934
-5.087
-6.30992
-5.25297
-3.45758
-2.40158
-1.87118
-1.52117
-1.26962
-1.0972
-0.999484
-3.89028
-4.22259
-4.91467
-5.59226
-6.72458
-4.62232
-3.57364
-2.55658
-2.10866
-1.75127
-1.50486
-1.32744
-1.23501
-4.14953
-4.45416
-5.1083
-5.64216
-6.68196
-4.42949
-3.35792
-2.53243
-2.17726
-1.86633
-1.6319
-1.49975
-1.39599
-4.1596
-4.42654
-4.94158
-5.55774
-6.46435
-5.01514
-3.17296
-2.33548
-2.05355
-1.82957
-1.68596
-1.5863
-1.48968
-4.03741
-4.28861
-4.69896
-5.25149
-5.83343
-7.23627
-2.76955
-2.61429
-2.03764
-1.87628
-1.72104
-1.6126
-1.55859
-1.50218
-3.83037
-4.03058
-4.26527
-4.53427
-4.79778
-4.82032
-4.15832
-1.01979
-1.14656
-1.70208
-1.67344
-1.69264
-1.6046
-1.53324
-1.50956
-1.46331
-3.55754
-3.69376
-3.78155
-3.89473
-3.94436
-4.06806
-3.83315
-3.70664
-1.2903
-1.05097
-0.960693
-1.06241
-1.30686
-1.3951
-1.51709
-1.4857
-1.4616
-1.45707
-1.40724
-3.26258
-3.32804
-3.35178
-3.45465
-3.60816
-3.83147
-3.79236
-3.77212
-3.56386
-3.10778
-2.6517
-2.18862
-1.77182
-1.38921
-1.12629
-0.924646
-0.848578
-1.20043
-1.28264
-1.40772
-1.41354
-1.41337
-1.39154
-1.36366
-2.95494
-2.98286
-3.01292
-3.18305
-3.46302
-3.84387
-4.49324
-4.13415
-3.73469
-3.27169
-2.63645
-2.24043
-1.83149
-1.45185
-1.24166
-1.05617
-0.987499
-1.28827
-1.28693
-1.38238
-1.38276
-1.38305
-1.37259
-1.33033
-3.71448
-4.52447
-4.30334
-3.86752
-3.30474
-2.71082
-2.21511
-1.83142
-1.59376
-1.41999
-1.30487
-1.27057
-1.43527
-1.35439
-1.39584
-1.37257
-1.37184
-1.36356
-1.35067
-3.18848
-3.99171
-4.02522
-3.724
-3.24449
-2.73824
-2.3176
-2.01667
-1.8482
-1.70293
-1.63103
-1.64471
-1.59271
-1.45802
-1.41857
-1.39324
-1.38408
-1.37949
-1.3813
1.10305
0.94325
0.762449
0.576923
0.36179
0.128667
-0.137977
-0.424565
2.53519
2.24491
1.68499
3.4338
2.82185
4.05464
4.22289
3.76168
2.97638
2.68244
2.15888
1.74563
2.30926
0.491253
-0.733629
-1.06919
0.641815
-0.102802
-0.683647
1.10092
0.565747
-0.512262
0.120784
0.158976
-1.40252
-1.74358
-2.04856
-3.11035
-3.43383
-1.44184
-1.48075
-2.71355
-2.62501
-0.20034
-2.10063
-2.43833
-5.54692
-3.75071
-4.48444
-0.536568
-2.7751
-3.09032
-6.29901
-7.09595
-5.80471
-3.50682
-3.97688
-5.0347
-0.851074
-3.36985
-3.60724
-7.48796
-7.63022
-6.56532
-4.1749
-4.11712
-4.9043
-1.12518
-3.80096
-3.95341
-7.47947
-7.35939
-6.77031
-4.07043
-3.97448
-4.44806
-1.32463
-4.05323
-4.08802
-7.24528
-7.42057
-6.56786
-3.86974
-3.69096
-4.87456
-1.45486
-4.0784
-4.0352
-8.29455
-4.39069
-1.50477
-3.96376
-3.87254
-5.34297
-5.79844
-2.31538
-1.16578
-1.08364
-1.49066
-3.75987
-3.6336
-3.8456
-3.9391
-1.01917
-1.00535
-1.0275
-1.43434
-3.50598
-3.37752
-3.65246
-3.62905
-3.70261
-3.40517
-3.53577
-3.17643
-1.92174
-1.57052
-1.74884
-1.13685
-1.19739
-1.37163
-1.38076
-3.24515
-3.10563
-1.34936
-2.9602
-2.8114
-1.3306
-1.37093
-1.39641
1.13497
0.975972
0.959538
1.22509
1.01533
0.984879
0.782838
0.616705
0.587145
0.855889
0.68142
0.650283
0.383563
0.146854
0.132045
0.462028
0.188912
0.154398
2.85085
2.73763
2.38584
3.47137
3.49467
3.13479
3.84683
3.98119
3.76149
3.93897
4.09134
4.08112
3.65325
3.76724
3.99366
3.24212
3.16767
3.44341
2.69601
2.46136
2.74515
1.87464
1.78185
2.21527
-0.128007
-0.422244
-0.420422
-0.109596
-0.438214
-0.437781
1.55266
1.22449
0.753022
1.52618
1.10607
1.43018
0.643548
0.489897
0.481692
-0.750397
-1.09182
-1.08043
-0.775765
-1.13807
-1.11961
-0.0530725
-0.852993
-1.12685
0.0786388
-0.594187
-0.522401
0.318099
0.144276
0.120106
-1.44445
-1.82222
-1.77785
-1.55787
-1.94499
-1.88255
-1.94355
-3.01752
-2.68195
-1.10415
-1.75376
-2.15741
-0.0474752
-0.223079
-0.25914
-2.19846
-2.56334
-2.4836
-2.35044
-2.79334
-2.6763
-3.24485
-3.91883
-3.62072
-4.01736
-5.24167
-4.32783
-2.36609
-2.98074
-3.82539
-1.70914
-2.11254
-2.49403
-0.39396
-0.557264
-0.590193
-2.924
-3.2521
-3.14831
-3.23704
-3.63612
-3.42007
-4.54406
-5.09505
-4.67857
-2.46784
-2.78473
-3.2697
-0.724215
-0.891209
-0.949394
-3.55463
-3.8114
-3.6868
-3.97103
-4.25469
-4.01152
-5.54931
-5.8685
-5.44858
-3.01904
-3.17424
-3.62911
-1.03817
-1.15826
-1.2198
-4.01701
-4.17541
-4.04462
-4.49153
-4.66754
-4.37201
-6.20349
-6.13724
-5.57955
-3.12119
-3.10224
-3.45439
-1.26524
-1.35899
-1.42139
-4.28128
-4.30737
-4.17997
-4.71779
-4.70192
-4.48785
-6.06929
-6.06913
-5.6984
-3.03913
-2.95504
-3.30369
-1.43673
-1.50049
-1.55856
-4.28249
-4.22342
-4.11262
-4.62785
-4.56808
-4.37865
-6.04285
-5.8068
-5.40497
-8.12044
-7.56306
-6.23319
-3.42649
-2.99733
-4.3395
-2.81378
-2.62578
-2.95221
-1.52194
-1.5246
-1.57472
-4.14895
-4.04535
-3.94294
-4.47001
-4.33897
-4.17947
-6.63799
-5.54001
-5.3017
-2.40377
-1.72502
-1.54625
-2.38599
-2.09513
-2.15743
-1.52372
-1.51172
-1.53516
-3.91819
-3.77837
-3.69947
-4.16788
-3.97539
-3.8674
-4.79247
-4.37338
-4.40574
-4.36912
-4.1098
-4.35375
-1.23676
-1.02397
-0.979236
-1.23708
-0.973656
-1.16018
-1.48764
-1.45948
-1.48293
-3.62286
-3.45833
-3.41157
-3.77885
-3.57693
-3.51571
-3.93069
-3.85933
-3.81298
-3.73846
-3.74111
-3.76892
-1.00614
-0.995454
-1.07825
-0.893175
-0.854347
-0.976351
-1.43313
-1.40174
-1.42673
-3.29298
-3.12847
-3.10946
-3.37274
-3.18947
-3.15334
-3.80192
-4.05398
-3.94825
-3.71355
-3.85096
-3.9334
-3.38909
-3.48126
-3.66075
-2.94023
-2.97274
-3.20621
-2.42085
-2.43038
-2.69507
-1.98013
-1.98901
-2.19247
-1.59449
-1.62574
-1.8022
-1.24227
-1.32274
-1.48371
-1.02198
-1.08008
-1.20048
-1.37847
-1.3592
-1.37719
-2.96532
-2.80366
-2.79928
-3.02025
-2.85972
-2.82318
-3.57176
-3.65249
-3.85333
-3.01883
-3.09216
-3.37798
-2.02603
-2.0639
-2.30593
-1.66026
-1.69768
-1.87065
-1.35127
-1.35037
-1.36777
-1.3561
-1.37275
-1.37497
-1.38288
-1.37731
-1.37741
-4.79732
-5.1396
-7.20507
-7.22342
-2.07866
-2.29599
-4.21179
-4.21188
0.955906
0.863961
-3.74855
-3.74619
3.77851
3.77833
4.23074
4.23892
-2.65228
-2.65252
4.01347
4.00775
-2.18629
-2.18857
3.29235
3.28553
-1.31058
-1.30862
-5.4579
-5.9908
-5.80149
-6.01975
-5.03256
-5.11931
-4.02858
-4.07907
-5.22876
-5.21414
0.650813
0.651842
0.331697
0.332561
-0.0114437
-0.0102437
-0.365926
-0.364568
-0.689106
-0.688719
-0.987905
-0.98739
-1.22594
-1.22472
-1.38499
-1.38405
-1.48046
-1.48038
-1.49485
-1.49572
-1.4522
-1.4539
-1.39607
-1.39762
-1.34828
-1.35088
-1.32069
-1.32382
-1.34398
-1.34527
-1.37783
-1.37931
-7.80423
-8.23449
-8.39894
-8.65918
-7.70276
-7.78694
-7.09943
-7.12516
-3.53106
-3.75692
-0.231289
-0.36776
-3.86205
-3.86057
2.00945
1.97909
2.75588
2.71374
3.36875
3.3719
4.05402
4.05789
-3.17649
-3.17572
4.25802
4.26591
3.73086
3.73224
2.55401
2.49779
-5.43713
-5.60492
-4.48074
-4.53189
0.493518
0.494533
0.162632
0.163852
-0.195123
-0.193693
-0.530033
-0.52918
-0.839292
-0.838754
-1.11605
-1.11512
-1.31542
-1.31422
-1.44214
-1.44186
-1.49636
-1.49705
-1.48099
-1.48184
-1.42303
-1.42473
-1.36686
-1.36939
-1.33656
-1.33845
-1.32374
-1.32644
-1.3639
-1.36507
-1.39661
-1.39657
1.10164
1.10165
0.761966
0.762634
0.362818
0.36394
-0.13504
-0.134214
-0.72508
-0.723581
-1.38952
-1.38691
-2.08876
-2.08618
-2.75474
-2.7536
-3.35016
-3.34929
-3.7762
-3.77251
-4.02058
-4.01603
-4.05845
-4.05924
-3.93829
-3.93981
-3.72805
-3.73104
-3.48364
-3.48596
-3.24085
-3.24162
-2.95845
-2.95922
-6.82626
-7.33617
-5.92299
-6.24561
-8.30242
-8.68546
-8.04349
-8.21064
-7.23746
-7.26946
-8.48581
-8.47639
-7.60629
-7.68049
-3.53464
-3.53376
-1.72647
-1.73423
2.02667
1.97936
0.973638
0.866058
-0.0448831
-0.200651
-1.73406
-1.96886
-1.03699
-1.03457
-3.04229
-3.29895
-4.01138
-4.32896
-2.37195
-2.3814
0.943324
0.943688
0.576815
0.577595
0.132776
0.13413
-0.420793
-0.418809
-1.06314
-1.06092
-1.73363
-1.73192
-2.4217
-2.41855
-3.0712
-3.06904
-3.58852
-3.58519
-3.92378
-3.9181
-4.06356
-4.06239
-4.01437
-4.01534
-3.84329
-3.84522
-3.60328
-3.60669
-3.36385
-3.36412
-3.10393
-3.10597
-2.81106
-2.81111
-5.48835
-5.46494
-3.64975
-3.64938
-3.41235
-3.40659
-2.90474
-2.9026
-2.41559
-2.41472
-1.92723
-1.92798
-1.56917
-1.57397
-1.13662
-1.13853
-1.0352
-1.0328
-1.12002
-1.09965
-4.87472
-5.14388
-5.93345
-6.28864
-4.66442
-4.70427
-4.51931
-4.47193
-2.63573
-2.6499
-2.69215
-2.92611
-3.2916
-2.28587
-2.29217
-2.31222
-2.51047
-2.80786
-2.65166
-2.48319
-2.30687
-2.12129
-2.63772
-2.46706
-2.46456
-2.69312
-2.51941
-2.48005
-2.28484
-2.09485
-2.09913
-2.33554
-2.13702
-2.10037
-2.65416
-2.65389
-2.31227
-2.31139
-2.48786
-2.48725
-2.1298
-2.12847
3.08918
3.17797
3.14483
3.01184
2.80427
2.56604
3.41366
3.36325
3.1632
2.86764
2.50912
1.88395
2.15807
2.41656
2.68917
2.93848
1.99481
2.38598
2.75903
3.08941
3.31659
1.71308
1.75356
1.84485
1.56277
1.61222
1.66523
1.34254
1.38713
1.55054
1.68888
1.42714
1.69336
1.70524
1.63647
1.55395
1.45989
1.34216
1.23173
1.73622
1.6685
1.6458
1.7928
1.73241
1.7091
1.58116
1.48818
1.46996
1.65005
1.5466
1.50997
1.37525
1.27251
1.23868
1.44886
1.35296
1.30804
1.70245
1.7032
1.55262
1.55278
1.3388
1.34006
1.63516
1.63568
1.45885
1.45896
1.23134
1.23228
2.41283
2.37106
2.34789
2.33279
2.3236
2.31766
2.3142
2.31208
2.31087
2.31049
2.3105
2.31075
2.31121
2.31194
2.31283
2.31417
2.31608
2.31947
2.32393
2.3324
2.3451
2.36437
2.39563
2.43983
2.36246
2.35009
2.33644
2.32634
2.31952
2.31518
2.31222
2.31077
2.31017
2.31004
2.31007
2.31056
2.31103
2.31167
2.31232
2.31341
2.31502
2.31694
2.3206
2.32724
2.33549
2.34657
2.36004
2.36921
2.3204
2.32343
2.31518
2.31269
2.31046
2.30893
2.3083
2.30839
2.30856
2.309
2.30955
2.31025
2.31095
2.31103
2.31148
2.31139
2.31262
2.31288
2.31365
2.31708
2.3204
2.32252
2.32621
2.32199
2.29058
2.29959
2.30064
2.30225
2.30287
2.30397
2.30504
2.30607
2.307
2.3085
2.30942
2.30983
2.31058
2.31063
2.31068
2.31041
2.30866
2.3093
2.3077
2.30722
2.30729
2.30329
2.30064
2.28491
2.27213
2.28148
2.28733
2.29179
2.29558
2.29865
2.30104
2.30314
2.30547
2.308
2.30945
2.31081
2.31084
2.31042
2.30914
2.30788
2.30564
2.30454
2.30139
2.29692
2.29113
2.28949
2.28704
2.26863
2.262
2.26819
2.27565
2.28204
2.28811
2.29297
2.2971
2.30072
2.30463
2.30809
2.30932
2.30969
2.30967
2.30959
2.3089
2.30756
2.30467
2.29662
2.29926
2.29101
2.28061
2.2739
2.2668
2.26069
2.25331
2.25804
2.26517
2.27277
2.28063
2.28811
2.29426
2.29893
2.30462
2.31052
2.31088
2.31096
2.31054
2.30939
2.30892
2.30406
2.29919
2.29669
2.2824
2.27815
2.27527
2.2643
2.26565
2.25255
2.24152
2.24811
2.25539
2.26473
2.27431
2.28366
2.29196
2.29986
2.306
2.30764
2.31511
2.31542
2.31325
2.31442
2.31009
2.30407
2.29881
2.28813
2.28274
2.27403
2.26388
2.25617
2.24287
2.24165
2.22773
2.23595
2.24526
2.25681
2.26888
2.27944
2.29209
2.30151
2.30857
2.31467
2.31816
2.32112
2.31919
2.31233
2.30849
2.30282
2.29732
2.28759
2.27879
2.26799
2.25352
2.2469
2.25071
2.23168
2.21236
2.22214
2.234
2.24841
2.26385
2.27864
2.29212
2.30436
2.3161
2.32198
2.32358
2.32737
2.32756
2.32179
2.31384
2.3083
2.29604
2.28505
2.26974
2.25675
2.25015
2.23702
2.22534
2.2201
2.19583
2.20896
2.22253
2.24001
2.25731
2.27595
2.29311
2.30796
2.32015
2.33047
2.33993
2.33881
2.33655
2.33193
2.32101
2.30919
2.29706
2.28061
2.27074
2.24563
2.22774
2.23549
2.22175
2.20598
2.17688
2.19231
2.21045
2.22986
2.24809
2.27507
2.29546
2.31554
2.33279
2.34484
2.35067
2.35244
2.35031
2.34234
2.3337
2.32127
2.29973
2.28105
2.26396
2.24875
2.22698
2.20939
2.19758
2.19266
2.15549
2.1732
2.19523
2.21954
2.24994
2.27606
2.30224
2.32622
2.34518
2.35993
2.36958
2.37209
2.36677
2.35679
2.3411
2.32315
2.30344
2.28195
2.25324
2.23296
2.21419
2.19558
2.19422
2.17931
2.1311
2.15021
2.17651
2.20882
2.2393
2.27405
2.31051
2.34054
2.36737
2.38475
2.39509
2.39926
2.39392
2.37979
2.35732
2.33083
2.30763
2.27852
2.25659
2.23089
2.17485
2.16089
2.16355
2.16372
2.10335
2.11994
2.14853
2.1882
2.23451
2.27791
2.31718
2.35935
2.39265
2.41613
2.4323
2.42983
2.41973
2.4026
2.3768
2.34848
2.31377
2.27655
2.23864
2.21056
2.17475
2.14716
2.15795
2.14435
2.06159
2.08204
2.12038
2.17219
2.21908
2.27356
2.33371
2.38562
2.42328
2.45608
2.47133
2.47457
2.46322
2.43367
2.39763
2.36528
2.3212
2.26723
2.22039
2.18242
2.15358
2.11196
2.11342
2.11489
2.00423
2.03183
2.07864
2.13671
2.21181
2.28377
2.35213
2.41341
2.47014
2.50622
2.52885
2.53004
2.50901
2.47957
2.43006
2.36456
2.3097
2.25238
2.20395
2.14024
2.10494
2.10119
2.08738
2.07336
1.93576
1.96509
2.0169
2.09312
2.18239
2.2743
2.36111
2.45499
2.52641
2.57792
2.60342
2.60107
2.57342
2.51747
2.4612
2.39858
2.32205
2.24063
2.17311
2.11548
2.05485
2.00982
2.01156
2.01333
1.83331
1.87303
1.93546
2.03585
2.14361
2.25399
2.39653
2.50821
2.59644
2.66344
2.69822
2.69123
2.64671
2.57152
2.49246
2.39902
2.29329
2.20519
2.11796
2.03597
1.99209
1.95127
1.94418
1.93678
2.68666
2.77729
2.82001
2.8103
2.7464
2.64252
2.53967
2.41334
2.26697
2.14672
2.04657
1.96592
1.88207
1.84223
1.85261
1.84026
2.7994
2.91857
2.977
2.95958
2.87103
2.71946
2.53865
2.37681
2.22761
2.07999
1.95928
1.85272
1.77985
1.75963
1.72991
1.73952
2.33353
2.11215
1.94981
1.81321
1.70257
1.62394
1.55123
1.58171
1.58333
2.22824
1.98152
1.76428
1.60892
1.51225
1.43527
1.40739
1.3885
1.39845
1.99853
1.69779
1.51234
1.35936
1.23492
1.18035
1.15611
1.19587
1.19758
2.47715
2.39802
2.42911
2.36056
2.37633
2.34126
2.34921
2.32866
2.33414
2.321
2.3244
2.31604
2.31831
2.31321
2.31443
2.31163
2.31226
2.31072
2.31107
2.3105
2.3106
2.31067
2.31049
2.31101
2.31083
2.3116
2.31128
2.31242
2.312
2.31358
2.31294
2.31525
2.31435
2.31786
2.31641
2.32201
2.31965
2.32923
2.32508
2.3391
2.33362
2.35555
2.34661
2.38238
2.36817
2.4343
2.40174
2.48289
2.437
2.39759
2.40062
2.36536
2.33941
2.34368
2.31802
2.29747
2.30102
2.28072
2.27017
2.2748
2.26328
2.25848
2.2649
2.25453
2.25038
2.2553
2.24578
2.2407
2.24821
2.2349
2.22815
2.23751
2.2207
2.21304
2.2251
2.20517
2.19686
2.21341
2.18798
2.17943
2.20009
2.16955
2.16057
2.18422
2.14881
2.13922
2.1757
2.12646
2.1152
2.15565
2.09932
2.083
2.13302
2.06106
2.0364
2.09648
2.00164
1.96904
2.04935
1.92787
1.88506
1.98213
1.83058
1.7768
1.89554
1.79172
1.67147
1.4902
1.31553
1.07331
1.95622
2.0854
2.26469
2.41615
2.55671
1.83039
2.01527
2.19723
2.41782
2.63141
2.38952
2.37443
2.38778
2.35763
2.35144
2.36206
2.33943
2.33561
2.34278
2.3277
2.32553
2.3301
2.32029
2.31885
2.32191
2.31564
2.31488
2.31653
2.31292
2.31222
2.31347
2.31138
2.31085
2.31153
2.31069
2.31041
2.31063
2.31041
2.31027
2.31024
2.31057
2.31042
2.31038
2.31102
2.31092
2.31062
2.31155
2.31148
2.3112
2.31235
2.31218
2.31182
2.31343
2.31306
2.31272
2.31496
2.31462
2.31369
2.31751
2.31663
2.31575
2.32132
2.32051
2.31826
2.32723
2.3252
2.32278
2.3385
2.33525
2.33023
2.35389
2.34832
2.34094
2.383
2.36406
2.35603
2.41592
2.39277
2.37807
2.35708
2.33948
2.33988
2.34291
2.33289
2.33724
2.33052
2.32446
2.32839
2.32242
2.31857
2.32159
2.3169
2.31429
2.31651
2.31349
2.31173
2.313
2.31142
2.31017
2.31096
2.31031
2.30982
2.30979
2.3099
2.30946
2.30961
2.31011
2.3097
2.30961
2.31018
2.31005
2.30979
2.31061
2.31036
2.31035
2.31137
2.31134
2.31089
2.31197
2.3118
2.31145
2.31279
2.31228
2.31204
2.31413
2.31352
2.31273
2.31591
2.31417
2.31435
2.3184
2.31718
2.31477
2.32339
2.32042
2.31877
2.33114
2.32632
2.32268
2.34148
2.33358
2.32996
2.35277
2.33722
2.3365
2.36581
2.34432
2.34231
2.32292
2.30853
2.30397
2.32198
2.31145
2.31087
2.32391
2.30738
2.3125
2.29633
2.28576
2.28009
2.30204
2.29348
2.29
2.29578
2.28524
2.29251
2.27724
2.27048
2.26661
2.2855
2.27864
2.27453
2.2791
2.27284
2.277
2.26465
2.25964
2.25773
2.27236
2.26687
2.26296
2.26839
2.26358
2.2628
2.25478
2.24932
2.24786
2.26198
2.25723
2.2535
2.26212
2.25379
2.25682
2.24338
2.23712
2.23483
2.25202
2.24656
2.24254
2.24987
2.24583
2.24226
2.23006
2.22275
2.22032
2.24062
2.23408
2.22897
2.24085
2.23407
2.23908
2.21513
2.20782
2.20484
2.22754
2.22123
2.21563
2.22631
2.21981
2.22103
2.19941
2.19054
2.18883
2.21443
2.20723
2.20108
2.21244
2.20837
2.21398
2.18275
2.17379
2.16917
2.19935
2.19171
2.18354
2.20126
2.18924
2.19164
2.16375
2.1525
2.14544
2.18294
2.17342
2.16437
2.1832
2.17804
2.18415
2.14074
2.12728
2.12122
2.16085
2.14885
2.13686
2.16692
2.15804
2.1571
2.11045
2.0924
2.08401
2.13473
2.11556
2.10304
2.13775
2.13864
2.14689
2.07178
2.04963
2.04233
2.0944
2.07942
2.06525
2.11298
2.09616
2.09867
2.01691
1.98574
1.97331
2.05695
2.02463
2.00025
2.06424
2.05362
2.06045
1.94827
1.90633
1.89392
1.99193
1.94678
1.92514
2.01315
1.98222
1.97063
1.85596
1.79689
1.78474
1.90004
1.84937
1.81273
1.93644
1.90382
1.90825
1.8372
1.78064
1.78607
1.71385
1.69675
1.67961
1.58128
1.48829
1.48579
1.37725
1.31851
1.30373
1.19182
1.07012
1.07152
2.44958
2.45505
2.37176
2.37281
2.32061
2.31972
2.2814
2.27945
2.26759
2.2665
2.26216
2.26124
2.25385
2.25314
2.24156
2.24134
2.23145
2.23118
2.21956
2.21937
2.2048
2.2047
2.18862
2.18913
2.17577
2.17623
2.15988
2.16087
2.14458
2.14472
2.11229
2.11305
2.07231
2.07263
2.00923
2.01041
1.93615
1.93664
1.83437
1.83623
1.73479
1.73525
1.58366
1.58407
1.39621
1.39714
1.19761
1.19821
2.52121
2.54423
2.40121
2.40239
2.34603
2.34662
2.29674
2.29477
2.27235
2.27087
2.26545
2.26448
2.25623
2.25571
2.24895
2.24837
2.23796
2.23749
2.22442
2.2243
2.2126
2.21251
2.19746
2.1977
2.18015
2.18078
2.17299
2.17314
2.15431
2.15482
2.13216
2.13231
2.09681
2.0971
2.0483
2.04833
1.98137
1.98159
1.89438
1.89427
1.79253
1.7933
1.67107
1.67156
1.49078
1.49126
1.315
1.31553
1.07351
1.074
2.44665
2.45195
2.3682
2.36933
2.31652
2.31567
2.27714
2.27518
2.26324
2.26209
2.25631
2.25539
2.24706
2.24638
2.23558
2.23508
2.22058
2.22027
2.20439
2.20421
2.18668
2.18664
2.16722
2.16751
2.14504
2.14558
2.1225
2.12299
2.09647
2.0969
2.05968
2.05996
2.00085
2.00127
1.92635
1.92667
1.82913
1.82941
2.5157
2.53878
2.39805
2.39928
2.34197
2.34257
2.29347
2.29143
2.26803
2.26661
2.25976
2.25877
2.25198
2.25117
2.24165
2.24108
2.22842
2.22802
2.21259
2.21235
2.19595
2.19579
2.17791
2.17789
2.1568
2.15709
2.13419
2.13474
2.11085
2.11144
2.08005
2.08057
2.03511
2.03531
1.96754
1.96784
1.88293
1.88315
1.77404
1.77427
-2.38357
-3.08542
-3.37755
-3.3249
-3.05406
-2.75509
-2.47107
-2.37693
-2.17606
-2.11334
-2.02154
-2.0454
-1.74218
-1.53804
-1.5158
-1.43309
-1.37146
-1.35838
-1.40265
-1.98458
-2.63781
-2.82156
-2.86859
-2.9162
-2.93189
-2.81456
-2.68246
-2.56695
-2.58783
-2.28529
-1.8716
-1.70935
-1.57186
-1.3984
-1.31891
-1.30696
-1.34426
-2.06879
-1.79481
-1.50964
-1.34483
-1.24108
-1.21199
-1.19358
-1.38451
-1.28032
-1.36867
-1.34701
-1.33905
-1.31056
-1.25592
-1.26564
-1.18385
-0.92711
-1.90389
-2.2799
-2.76703
-3.12166
-3.40657
-3.29257
-3.24821
-3.04285
-3.02508
-2.40946
-1.40294
-1.40221
-1.35113
-1.34925
-1.21253
-1.20713
-1.38751
-1.38614
-1.29462
-1.29105
-1.12511
-1.04902
-0.900329
-0.856126
-0.900298
-0.942465
-1.15595
-1.09287
-1.02547
-1.90926
-1.88966
-1.85392
-1.95091
-2.15272
-1.51805
-1.46164
-1.35545
-1.38092
-1.52089
-1.59936
-1.93385
-1.74128
-1.5466
-1.34914
-1.89999
-1.69862
-1.71497
-1.91978
-1.69049
-1.67847
-1.49629
-1.2945
-1.32223
-1.4596
-1.2434
-1.25728
-1.16476
-1.16297
-0.96666
-1.94463
-1.94284
-1.56138
-1.55849
-1.75659
-1.75398
-1.36124
-1.35926
)
;

boundaryField
{
    inlet
    {
        type            zeroGradient;
    }
    outlet
    {
        type            fixedValue;
        value           nonuniform List<scalar> 0();
    }
    wall
    {
        type            zeroGradient;
    }
    empty_zmin
    {
        type            empty;
    }
    empty_zmax
    {
        type            empty;
    }
    procBoundary0to1
    {
        type            processor;
        value           nonuniform List<scalar> 
35
(
-2.14003
-1.67728
-1.4331
-1.2667
-1.14449
-1.13629
-1.14449
-1.08973
-1.09869
-0.312588
-1.22631
-1.95453
-2.71038
-3.3264
-3.60691
-3.68119
-3.63925
-3.4618
-3.09277
-2.54714
-1.10731
-1.10363
-0.931213
-0.850643
-0.474407
-0.818896
-0.442163
-0.421294
-0.428112
-0.962729
-0.895125
-0.818896
-0.968219
-0.768708
-0.968219
)
;
    }
}


// ************************************************************************* //
