/*--------------------------------*- C++ -*----------------------------------*\
| =========                 |                                                 |
| \\      /  F ield         | OpenFOAM: The Open Source CFD Toolbox           |
|  \\    /   O peration     | Version:  2406                                  |
|   \\  /    A nd           | Website:  www.openfoam.com                      |
|    \\/     M anipulation  |                                                 |
\*---------------------------------------------------------------------------*/
FoamFile
{
    version     2.0;
    format      ascii;
    arch        "LSB;label=32;scalar=64";
    class       volScalarField;
    location    "1.29";
    object      p;
}
// * * * * * * * * * * * * * * * * * * * * * * * * * * * * * * * * * * * * * //

dimensions      [0 2 -2 0 0 0 0];

internalField   nonuniform List<scalar> 
2367
(
1.39428
1.12604
0.984046
0.944463
0.915385
0.876621
0.937184
0.965501
0.816914
0.95474
0.812429
0.792536
0.967978
0.968994
0.819998
0.820732
3.81342
3.69883
3.3815
2.94205
2.42869
1.97906
2.42014
2.93335
3.42042
3.68655
1.28958
1.35393
1.45111
0.980836
1.01307
1.06598
1.29854
1.56656
0.583893
0.630126
0.643585
0.824597
1.14287
1.52347
2.15528
2.79877
3.32089
3.809
4.02837
3.97833
3.52578
2.9384
2.39282
1.70141
0.103806
0.0919502
0.0465625
0.224556
0.454492
0.93968
1.43059
2.36091
3.16913
3.95475
4.32094
4.12819
3.41542
2.5787
1.82547
1.02243
0.723236
0.61652
0.540946
0.503249
0.530404
0.569231
0.650431
0.655086
-0.474731
-0.486298
-0.637558
-0.645833
-0.523419
-0.117278
0.620535
1.34143
0.775695
0.278392
-0.211329
-0.209815
-0.101018
0.0544994
0.15039
0.186373
0.292719
0.327935
-1.13332
-1.19154
-1.52512
-1.7404
-1.55228
-1.70989
-1.43253
-1.81907
-1.33054
-1.1738
-0.770382
-0.485865
-0.309661
-0.205315
-0.0777934
-0.0301006
-1.83304
-1.97961
-2.46318
-2.69224
-3.08878
-4.21041
-3.01694
-2.1106
-1.47171
-1.0339
-0.801065
-0.624498
-0.441314
-0.390859
-2.50341
-2.72374
-3.38806
-3.8001
-4.69187
-4.74717
-3.01373
-2.10225
-1.57079
-1.22086
-1.00788
-0.838857
-0.73869
-3.08962
-3.38876
-4.15687
-4.68499
-5.90095
-5.43166
-3.60184
-2.50595
-1.96313
-1.59973
-1.3287
-1.13347
-1.0492
-3.53765
-3.86464
-4.54393
-5.12795
-6.25228
-4.77305
-3.74638
-2.70061
-2.16873
-1.82486
-1.5727
-1.39611
-1.28642
-3.81424
-4.08291
-4.70513
-5.2416
-6.21436
-4.59186
-3.47948
-2.57355
-2.27929
-1.9405
-1.69927
-1.57016
-1.46253
-3.82233
-4.10503
-4.59904
-5.14164
-6.06068
-5.15356
-3.25492
-2.40929
-2.13275
-1.90228
-1.75374
-1.63702
-1.5487
-3.71712
-3.93795
-4.34714
-4.91761
-5.44601
-6.62718
-2.82164
-2.68113
-2.11562
-1.94868
-1.808
-1.69429
-1.63739
-1.56613
-3.51773
-3.69924
-3.89196
-4.17246
-4.37679
-4.40166
-3.80425
-0.985424
-1.11891
-1.79486
-1.77319
-1.79734
-1.69716
-1.62001
-1.59133
-1.53295
-3.25255
-3.36163
-3.4421
-3.56262
-3.64362
-3.72302
-3.57163
-3.46233
-1.39542
-1.12489
-0.997915
-1.13687
-1.43432
-1.54629
-1.64056
-1.59398
-1.57164
-1.54113
-1.48933
-2.95545
-3.01494
-3.03958
-3.14819
-3.34855
-3.74775
-3.63867
-3.54399
-3.27375
-2.87346
-2.51522
-2.20108
-1.88364
-1.52245
-1.29619
-1.21282
-1.24443
-1.38028
-1.46637
-1.54786
-1.5361
-1.51436
-1.49544
-1.43157
-2.64832
-2.66927
-2.69444
-2.8884
-3.20392
-3.69293
-4.16328
-3.7604
-3.36823
-2.95953
-2.4724
-2.22734
-1.96369
-1.67247
-1.51551
-1.44381
-1.51041
-1.51902
-1.52495
-1.51218
-1.50199
-1.47742
-1.45472
-1.41838
-3.27935
-3.88568
-3.67398
-3.30587
-2.9207
-2.53299
-2.23242
-2.04001
-1.88223
-1.73107
-1.69071
-1.70302
-1.66468
-1.57229
-1.54516
-1.49908
-1.45628
-1.43484
-1.42359
-2.61389
-3.21424
-3.31175
-3.13527
-2.87711
-2.61268
-2.43069
-2.29417
-2.12932
-2.0519
-2.06799
-1.92584
-1.76731
-1.62446
-1.58395
-1.46347
-1.414
-1.41507
-1.43381
1.28216
1.14809
0.973997
0.784157
0.576844
0.349328
0.0982934
-0.178528
2.74043
2.47197
1.95485
3.58795
2.93589
4.19279
4.33341
3.81094
3.00431
2.7031
2.19435
1.74151
2.32702
0.497745
-0.472933
-0.776091
0.962158
0.270003
-0.364913
1.08542
0.528757
-0.574749
0.0610967
0.154878
-1.11421
-1.45296
-1.69276
-2.74781
-3.05315
-1.54908
-1.53661
-2.82988
-2.71377
-0.212552
-1.79095
-2.12952
-5.10702
-3.8552
-4.6335
-0.568325
-2.45145
-2.75377
-5.76122
-6.49101
-5.36326
-3.63851
-4.071
-5.22736
-0.905175
-3.02274
-3.26693
-6.93954
-7.01567
-6.09554
-4.35743
-4.26354
-5.11095
-1.17478
-3.45885
-3.61896
-6.97436
-6.88736
-6.22009
-4.16883
-4.16746
-4.60906
-1.3824
-3.71302
-3.74766
-6.73977
-7.03354
-6.15854
-4.04597
-3.77274
-4.9813
-1.51927
-3.74956
-3.71602
-7.85329
-4.53964
-1.566
-3.64952
-3.56125
-4.82293
-5.24471
-2.26328
-1.04721
-1.0043
-1.5485
-3.45696
-3.33702
-3.58126
-3.64937
-1.0305
-1.03732
-1.06516
-1.51436
-3.20746
-3.07383
-3.39914
-3.37126
-3.47995
-3.10951
-3.29447
-2.92649
-2.00892
-1.69127
-1.85148
-1.22246
-1.31417
-1.4877
-1.46112
-2.94066
-2.8045
-1.41623
-2.65653
-2.4975
-1.4205
-1.42896
-1.42695
1.3185
1.18285
1.16341
1.42946
1.23642
1.20747
0.983629
0.809676
0.79145
1.04597
0.85357
0.818975
0.598359
0.388592
0.364598
0.707646
0.41345
0.399312
3.05374
2.93848
2.62541
3.59062
3.60512
3.26471
3.96927
4.09767
3.89976
4.04754
4.20361
4.20259
3.72627
3.80806
4.08303
3.32368
3.22518
3.48781
2.75462
2.51027
2.81759
1.90428
1.81401
2.24235
0.106746
-0.177837
-0.179005
0.0933609
-0.182619
-0.176487
1.81405
1.49915
1.01897
1.52504
1.08822
1.4307
0.650052
0.49226
0.482173
-0.472136
-0.807438
-0.792792
-0.470423
-0.821321
-0.813157
0.213602
-0.541128
-0.838763
0.0570043
-0.609834
-0.563678
0.310528
0.132082
0.0990659
-1.15752
-1.516
-1.47737
-1.24214
-1.66948
-1.58667
-1.66734
-2.67911
-2.30809
-1.17718
-1.81724
-2.20985
-0.0534946
-0.228706
-0.252993
-1.88749
-2.24482
-2.17508
-2.06506
-2.46479
-2.35074
-2.84728
-3.54598
-3.28379
-3.59678
-4.73253
-3.92298
-2.44422
-3.09457
-3.95818
-1.82486
-2.24384
-2.60029
-0.412071
-0.591599
-0.638889
-2.58869
-2.91821
-2.8123
-2.8989
-3.27239
-3.07244
-4.13355
-4.67287
-4.26774
-2.60364
-2.92205
-3.37954
-0.776048
-0.940335
-0.997845
-3.20788
-3.46451
-3.3406
-3.61101
-3.88485
-3.6515
-5.12719
-5.49677
-5.01989
-3.14635
-3.34228
-3.76235
-1.07991
-1.20955
-1.26657
-3.67293
-3.80785
-3.69383
-4.12034
-4.2991
-4.01708
-5.66125
-5.60605
-5.20709
-3.32088
-3.18372
-3.5909
-1.32503
-1.42709
-1.50182
-3.93712
-3.98057
-3.84053
-4.3378
-4.34335
-4.1533
-5.65266
-5.66612
-5.25924
-3.07718
-3.03008
-3.33224
-1.50674
-1.55216
-1.61014
-3.94111
-3.88506
-3.785
-4.30918
-4.22505
-4.02784
-5.60526
-5.4226
-5.06532
-7.8005
-7.23426
-5.8362
-3.48138
-3.03962
-4.47837
-2.91991
-2.6797
-3.03817
-1.58048
-1.5949
-1.64641
-3.81563
-3.71978
-3.62647
-4.11253
-3.98521
-3.83899
-6.20731
-5.06239
-4.87473
-2.42611
-1.73631
-1.50527
-2.44431
-2.16937
-2.22376
-1.6023
-1.58111
-1.61569
-3.59657
-3.45885
-3.392
-3.82051
-3.63395
-3.54084
-4.35645
-3.98633
-4.0332
-4.00286
-3.74003
-3.94959
-1.2221
-1.0145
-0.984484
-1.25155
-1.0135
-1.15255
-1.558
-1.53765
-1.56741
-3.30708
-3.14548
-3.10537
-3.43786
-3.25575
-3.1942
-3.56596
-3.6352
-3.54957
-3.49216
-3.5275
-3.54425
-1.07584
-1.11722
-1.19549
-0.919818
-0.967348
-1.09721
-1.51453
-1.48792
-1.51854
-2.98092
-2.81742
-2.80472
-3.06906
-2.88856
-2.84418
-3.65319
-3.92629
-3.80577
-3.47542
-3.61699
-3.66305
-3.09909
-3.14498
-3.31247
-2.68842
-2.7166
-2.91689
-2.35674
-2.35548
-2.52244
-2.04944
-2.06474
-2.20217
-1.71129
-1.7899
-1.91572
-1.39804
-1.50261
-1.64286
-1.22343
-1.32871
-1.4048
-1.45999
-1.43804
-1.47121
-2.65309
-2.48886
-2.48626
-2.71385
-2.54563
-2.50713
-3.18446
-3.22386
-3.40503
-2.75067
-2.79636
-3.01573
-2.1072
-2.14155
-2.27167
-1.82455
-1.88387
-2.04314
-1.44545
-1.43665
-1.45307
-1.42291
-1.42288
-1.42525
-1.42239
-1.40111
-1.39558
-4.40741
-4.73271
-6.62316
-6.63843
-1.72155
-1.92395
-3.84834
-3.84645
1.25446
1.17361
-3.50524
-3.50003
3.94067
3.94089
4.35458
4.36312
-2.52332
-2.52535
4.09329
4.08593
-2.21376
-2.21763
3.29958
3.28681
-1.41772
-1.41333
-5.61723
-6.17872
-5.98211
-6.22239
-5.22167
-5.31335
-4.167
-4.2186
-5.36308
-5.34938
0.655791
0.656888
0.329795
0.33073
-0.0236382
-0.0221985
-0.384126
-0.38316
-0.728321
-0.727537
-1.0411
-1.04028
-1.27745
-1.27627
-1.44785
-1.44698
-1.54079
-1.54123
-1.55413
-1.55507
-1.52143
-1.52263
-1.47278
-1.47531
-1.41907
-1.4213
-1.4056
-1.40842
-1.4181
-1.41944
-1.43143
-1.43147
-7.38024
-7.77538
-7.66733
-7.90136
-7.18828
-7.26481
-6.70063
-6.73416
-3.16633
-3.38492
0.157942
0.0289963
-3.59477
-3.59253
2.24501
2.21881
2.85705
2.81924
3.52811
3.52978
4.20099
4.20652
-2.92057
-2.9205
4.36509
4.37222
3.81005
3.81485
2.57006
2.50726
-5.65789
-5.83521
-4.65319
-4.7074
0.498923
0.499842
0.159967
0.161349
-0.20747
-0.20627
-0.562794
-0.561705
-0.891086
-0.890343
-1.16585
-1.16523
-1.37111
-1.36937
-1.50883
-1.50846
-1.55736
-1.55782
-1.537
-1.53822
-1.50087
-1.50283
-1.44466
-1.44674
-1.40236
-1.40574
-1.41541
-1.41636
-1.42304
-1.42478
-1.42832
-1.4278
1.27932
1.27993
0.975072
0.975845
0.577247
0.57798
0.101661
0.102908
-0.465943
-0.464298
-1.10325
-1.10151
-1.77525
-1.77266
-2.43597
-2.43402
-3.00516
-3.00481
-3.43552
-3.43199
-3.68375
-3.68031
-3.73081
-3.73126
-3.6271
-3.6284
-3.42849
-3.43114
-3.1873
-3.18961
-2.93561
-2.93556
-2.65634
-2.65764
-6.39157
-6.89534
-5.50169
-5.80396
-7.62395
-7.95721
-7.46693
-7.62036
-6.69422
-6.72288
-8.04932
-8.0315
-7.31289
-7.38774
-3.28183
-3.27945
-1.82697
-1.83194
2.0294
1.9787
0.951887
0.839705
-0.111693
-0.278256
-1.8214
-2.04897
-1.04835
-1.0487
-3.1416
-3.42531
-4.18523
-4.50428
-2.31531
-2.32231
1.146
1.14642
0.785763
0.786447
0.350632
0.351858
-0.172738
-0.170946
-0.767175
-0.76504
-1.4442
-1.44198
-2.11614
-2.11346
-2.73441
-2.73211
-3.24669
-3.24334
-3.58739
-3.58178
-3.72749
-3.72666
-3.69685
-3.69746
-3.53506
-3.53708
-3.31027
-3.3131
-3.06048
-3.06205
-2.80488
-2.80535
-2.49773
-2.49801
-4.96438
-4.9407
-3.40001
-3.39736
-3.12284
-3.11664
-2.68634
-2.68655
-2.36532
-2.36778
-2.0184
-2.01739
-1.67377
-1.67921
-1.22836
-1.22978
-1.07769
-1.07526
-1.04648
-1.0294
-5.04846
-5.31949
-6.16793
-6.53794
-4.72648
-4.77165
-4.69014
-4.6305
-2.31911
-2.33396
-2.35905
-2.57315
-2.88473
-1.96351
-1.96312
-1.96689
-2.09093
-2.30146
-2.33268
-2.16062
-1.98091
-1.79929
-2.32075
-2.14422
-2.14396
-2.37364
-2.19587
-2.15881
-1.96076
-1.77133
-1.77871
-2.00067
-1.79056
-1.76796
-2.33395
-2.334
-1.98533
-1.985
-2.16327
-2.16303
-1.80477
-1.80419
3.22383
3.29629
3.25256
3.10493
2.89368
2.65463
3.52651
3.46721
3.23656
2.94125
2.58811
2.05755
2.33259
2.56687
2.83211
3.07544
2.17486
2.55853
2.9154
3.22384
3.43726
1.88924
1.92585
1.99676
1.73694
1.78792
1.8701
1.537
1.57927
1.67698
1.85245
1.62379
1.87106
1.87782
1.80937
1.72698
1.64377
1.53353
1.41245
1.91288
1.83194
1.8184
1.94796
1.88673
1.84493
1.76495
1.67282
1.65395
1.83454
1.74136
1.71038
1.55181
1.44102
1.42404
1.62112
1.50899
1.45068
1.87525
1.8755
1.7249
1.72545
1.53313
1.53339
1.80629
1.80672
1.64326
1.64362
1.41112
1.41165
2.53936
2.4975
2.47388
2.45836
2.44869
2.44209
2.43798
2.43518
2.43321
2.43211
2.43143
2.43078
2.43033
2.4303
2.43035
2.43081
2.43197
2.43484
2.43941
2.44719
2.45943
2.47814
2.50911
2.55329
2.48929
2.47656
2.46262
2.45209
2.44453
2.43968
2.43631
2.43396
2.43261
2.43165
2.431
2.43055
2.43015
2.42989
2.42987
2.42981
2.43079
2.43257
2.43592
2.44179
2.44977
2.46009
2.47295
2.48235
2.44739
2.45012
2.44135
2.43861
2.43565
2.43354
2.43226
2.43137
2.43067
2.43093
2.43041
2.43005
2.42961
2.42899
2.42882
2.4275
2.42747
2.42851
2.42907
2.43166
2.43471
2.43511
2.43936
2.43524
2.41781
2.42667
2.42724
2.42841
2.42841
2.42867
2.42884
2.4293
2.42965
2.42968
2.42991
2.42989
2.4296
2.42881
2.42778
2.42678
2.42554
2.42291
2.42201
2.42079
2.4195
2.41722
2.41476
2.39744
2.40023
2.40927
2.4147
2.41806
2.42152
2.42371
2.42501
2.42681
2.42896
2.42985
2.42969
2.4303
2.42966
2.42798
2.42616
2.42431
2.42186
2.41905
2.41577
2.41031
2.40419
2.40206
2.3983
2.38156
2.39048
2.39636
2.40344
2.40897
2.41424
2.41825
2.42151
2.42455
2.42744
2.43064
2.43101
2.42889
2.42795
2.4267
2.42522
2.42291
2.41941
2.41491
2.40894
2.40342
2.39525
2.38587
2.38069
2.37276
2.38282
2.38718
2.39377
2.40072
2.40746
2.41389
2.41891
2.423
2.42764
2.43085
2.43265
2.43125
2.42825
2.42747
2.42552
2.42111
2.41456
2.40884
2.40173
2.39178
2.38389
2.3789
2.37581
2.36269
2.37174
2.37841
2.38511
2.39393
2.40255
2.41106
2.41664
2.4235
2.42978
2.43137
2.43409
2.43411
2.43199
2.42931
2.42442
2.42161
2.41401
2.40205
2.39702
2.38802
2.37305
2.36032
2.35618
2.35253
2.3594
2.36682
2.3764
2.38703
2.39737
2.40605
2.41953
2.42665
2.43057
2.4367
2.43783
2.43924
2.43751
2.43016
2.42549
2.41479
2.40856
2.40166
2.38771
2.37804
2.36996
2.35772
2.35227
2.33932
2.34564
2.35502
2.3667
2.37966
2.3939
2.40652
2.41774
2.43149
2.44024
2.4414
2.44526
2.44567
2.44361
2.43906
2.42901
2.4225
2.40714
2.39292
2.3809
2.36786
2.35803
2.34765
2.33681
2.32701
2.33113
2.34313
2.3567
2.37124
2.38769
2.40498
2.4206
2.43479
2.44404
2.45253
2.45872
2.45796
2.45284
2.44545
2.43776
2.42458
2.40932
2.39247
2.37976
2.3564
2.33414
2.33864
2.32814
2.31248
2.31479
2.32952
2.34334
2.36118
2.38314
2.40562
2.42615
2.44039
2.45507
2.46639
2.46891
2.46997
2.46788
2.45542
2.4422
2.42934
2.41347
2.39442
2.37433
2.36515
2.33011
2.30316
2.28936
2.29657
2.29451
2.31156
2.33179
2.35629
2.38022
2.4052
2.42877
2.4518
2.47118
2.48139
2.49075
2.49053
2.4814
2.47136
2.4543
2.43236
2.40887
2.38869
2.35998
2.33234
2.31827
2.30709
2.31225
2.28232
2.27055
2.28993
2.31643
2.34454
2.37198
2.40385
2.43744
2.4687
2.49159
2.50905
2.51406
2.51473
2.50885
2.4922
2.46617
2.44403
2.41891
2.38271
2.35646
2.32715
2.28194
2.26651
2.25721
2.26604
2.24303
2.2639
2.2956
2.3253
2.36731
2.41333
2.45437
2.48678
2.51573
2.53687
2.54922
2.54786
2.53409
2.51325
2.48401
2.45059
2.41699
2.37818
2.3431
2.31115
2.27478
2.24236
2.26652
2.24011
2.20934
2.22932
2.25804
2.3169
2.36459
2.41084
2.46153
2.51132
2.55157
2.57822
2.59
2.59007
2.57639
2.54275
2.50441
2.46887
2.41753
2.36495
2.31683
2.27913
2.25592
2.23774
2.20036
2.2066
2.15499
2.18106
2.22419
2.2845
2.34824
2.411
2.48451
2.54673
2.59652
2.63216
2.65073
2.64316
2.61853
2.58683
2.53397
2.46726
2.41067
2.35013
2.29302
2.23254
2.19173
2.17228
2.19439
2.16105
2.09015
2.12141
2.16968
2.24962
2.32466
2.42029
2.50791
2.58441
2.64908
2.69705
2.71947
2.71766
2.68296
2.62119
2.55388
2.49224
2.41627
2.3326
2.26185
2.20156
2.13282
2.09116
2.08779
2.10336
1.99959
2.02907
2.11052
2.19825
2.31651
2.41752
2.52069
2.63424
2.72289
2.78605
2.81602
2.80104
2.75807
2.68784
2.59298
2.47541
2.37792
2.28455
2.19399
2.11628
2.06587
2.03524
2.05328
2.03401
2.81414
2.90357
2.93927
2.9183
2.84802
2.73725
2.63143
2.51853
2.36551
2.23375
2.13006
2.0354
1.96049
1.89927
1.9151
1.9103
2.92992
3.04717
3.09318
3.06772
2.96683
2.80654
2.63568
2.46469
2.29016
2.14815
2.02497
1.91626
1.84325
1.82226
1.806
1.79129
2.4126
2.17985
2.00503
1.8678
1.76195
1.67062
1.61019
1.63711
1.63686
2.27949
2.03306
1.8247
1.66806
1.55036
1.46729
1.43936
1.44818
1.44925
2.03945
1.74565
1.5453
1.38397
1.27144
1.2187
1.20209
1.24643
1.24003
2.60384
2.52433
2.55562
2.4868
2.5027
2.46706
2.47528
2.4539
2.4597
2.44579
2.44944
2.44009
2.44265
2.43663
2.43834
2.43436
2.43534
2.43266
2.43338
2.43171
2.43227
2.43106
2.43139
2.43062
2.43079
2.43035
2.43048
2.43035
2.43032
2.43068
2.43043
2.43169
2.43114
2.43368
2.43244
2.43772
2.43551
2.44396
2.44048
2.45361
2.44796
2.46961
2.46096
2.49598
2.4819
2.54754
2.51535
2.59617
2.5634
2.52434
2.51433
2.49228
2.46623
2.45662
2.44509
2.42468
2.41494
2.40846
2.39817
2.38857
2.39138
2.38666
2.37601
2.38286
2.37946
2.36719
2.37552
2.37081
2.35862
2.36519
2.35897
2.34512
2.35264
2.3457
2.33494
2.3384
2.33101
2.32055
2.3234
2.31539
2.30441
2.30685
2.29813
2.28724
2.2879
2.27834
2.2775
2.26598
2.25662
2.25525
2.24036
2.22718
2.22606
2.207
2.18509
2.18598
2.15285
2.12774
2.13702
2.08513
2.04579
2.06436
1.99301
1.94019
1.99176
1.85886
1.72927
1.55341
1.34173
1.11655
2.11233
2.26411
2.41073
2.54595
2.6962
2.00981
2.16877
2.34412
2.57771
2.76718
2.51615
2.50091
2.51443
2.48392
2.47772
2.48841
2.4652
2.4615
2.46884
2.45301
2.45095
2.45577
2.445
2.44357
2.44702
2.43988
2.43891
2.44118
2.43631
2.43564
2.43715
2.43406
2.43353
2.43479
2.4327
2.43249
2.43304
2.4317
2.4316
2.43192
2.43101
2.4309
2.43126
2.43051
2.43037
2.43067
2.43037
2.43028
2.43027
2.43026
2.43016
2.43024
2.43051
2.43004
2.43012
2.43108
2.43138
2.43034
2.43336
2.43208
2.43185
2.43653
2.43532
2.43351
2.44268
2.44102
2.43792
2.45292
2.44968
2.44511
2.46831
2.46196
2.45509
2.49714
2.4777
2.46959
2.52959
2.50626
2.49183
2.48356
2.46622
2.46671
2.4692
2.45918
2.4637
2.45649
2.45029
2.45474
2.44789
2.44399
2.44732
2.44157
2.43923
2.44154
2.43749
2.43605
2.43757
2.43505
2.43371
2.43524
2.43292
2.43263
2.43281
2.43181
2.43117
2.43202
2.43137
2.43117
2.43127
2.43076
2.43068
2.43092
2.4304
2.43026
2.43046
2.42991
2.42968
2.42993
2.42984
2.4297
2.42961
2.42978
2.42902
2.42978
2.42984
2.42955
2.42865
2.43147
2.4295
2.42996
2.43432
2.43299
2.43066
2.43858
2.4356
2.43376
2.44531
2.4402
2.4377
2.45516
2.44737
2.44358
2.46579
2.45045
2.44984
2.47887
2.45722
2.45539
2.44977
2.43562
2.43126
2.44835
2.43829
2.43781
2.43794
2.42112
2.42573
2.42324
2.41333
2.40754
2.42896
2.42076
2.41746
2.40864
2.39934
2.40571
2.40532
2.39839
2.39462
2.41333
2.40632
2.40228
2.39098
2.38555
2.38964
2.39314
2.38869
2.38717
2.40011
2.39516
2.39169
2.37988
2.3738
2.37691
2.38389
2.37899
2.37748
2.39071
2.38653
2.38302
2.3719
2.36568
2.36662
2.37386
2.36801
2.36575
2.3821
2.37715
2.3731
2.36131
2.35181
2.35186
2.36155
2.35509
2.3526
2.37149
2.36598
2.36093
2.34791
2.3428
2.34784
2.34854
2.34193
2.33856
2.36042
2.35484
2.34928
2.33247
2.33034
2.33174
2.33484
2.32704
2.32342
2.34892
2.34155
2.33618
2.31899
2.30987
2.31411
2.31827
2.31004
2.3071
2.33485
2.32668
2.3196
2.30605
2.2936
2.28928
2.30119
2.29129
2.28498
2.32084
2.30948
2.30034
2.28995
2.2784
2.28728
2.28011
2.2677
2.26178
2.29975
2.28932
2.27754
2.26585
2.25772
2.25319
2.25344
2.23705
2.23109
2.2766
2.261
2.24718
2.24645
2.23294
2.24011
2.21732
2.19507
2.18729
2.24075
2.22063
2.20694
2.19128
2.1777
2.18711
2.16786
2.14024
2.13219
2.20425
2.17151
2.1502
2.1726
2.147
2.1473
2.10398
2.06821
2.05221
2.14399
2.10613
2.09134
2.09813
2.05227
2.05295
2.00897
1.96619
1.94792
2.07059
2.02231
1.99309
2.03146
2.01
2.0024
1.90803
1.85117
1.8463
1.7861
1.73115
1.73417
1.63503
1.54928
1.5382
1.43777
1.33876
1.35614
1.23546
1.11877
1.09873
2.56272
2.56823
2.4849
2.48598
2.43363
2.43281
2.39368
2.39178
2.38084
2.37969
2.37425
2.3733
2.36338
2.36284
2.35308
2.35259
2.33891
2.33874
2.3263
2.32623
2.31141
2.31134
2.2941
2.29414
2.27708
2.27787
2.26381
2.26427
2.23768
2.23841
2.20657
2.2068
2.15841
2.15927
2.10068
2.10109
2.02827
2.02873
1.91205
1.91367
1.79051
1.79133
1.63449
1.63553
1.44754
1.44847
1.23785
1.23824
2.63469
2.65771
2.5152
2.51631
2.4587
2.45923
2.41077
2.40876
2.38597
2.38446
2.37635
2.37551
2.36843
2.36777
2.35908
2.35854
2.34515
2.34492
2.33467
2.3343
2.31938
2.31927
2.30018
2.30086
2.28411
2.28465
2.27422
2.27461
2.25412
2.25444
2.2257
2.226
2.18733
2.18764
2.1349
2.13486
2.06538
2.06603
1.98948
1.98953
1.86071
1.86112
1.7262
1.72606
1.55447
1.55473
1.34333
1.34431
1.1148
1.1151
2.57311
2.57844
2.49515
2.49628
2.44362
2.44278
2.40467
2.40273
2.39151
2.39037
2.38471
2.38378
2.37686
2.37617
2.36585
2.36536
2.35247
2.35216
2.33771
2.33753
2.3221
2.32203
2.30443
2.30459
2.28379
2.28436
2.26196
2.26255
2.23788
2.23836
2.20624
2.20641
2.15187
2.15246
2.08545
2.08564
1.99129
1.99166
2.64237
2.66545
2.52482
2.52604
2.46877
2.46938
2.42076
2.41872
2.39609
2.39465
2.38811
2.3871
2.38096
2.38017
2.37187
2.37127
2.35922
2.35884
2.34526
2.34502
2.33003
2.3299
2.31378
2.31379
2.29524
2.29548
2.27345
2.27397
2.252
2.25256
2.22419
2.22475
2.18287
2.18314
2.1257
2.12596
2.04297
2.04315
1.93913
1.9394
-1.82765
-2.19086
-2.81049
-2.83144
-2.81581
-2.78576
-2.75425
-2.6431
-2.50325
-2.36953
-2.47745
-2.12149
-1.89063
-1.74983
-1.54948
-1.40778
-1.36156
-1.36292
-1.40561
-1.28518
-2.0746
-2.45199
-2.79849
-3.10027
-3.28954
-3.09713
-3.01279
-2.80776
-2.74106
-2.3036
-2.086
-1.70526
-1.47424
-1.36729
-1.27815
-1.27329
-1.29956
-1.97869
-1.5878
-1.42496
-1.26775
-1.1679
-1.13822
-1.09987
-1.36533
-1.20512
-1.37121
-1.328
-1.32376
-1.26695
-1.18855
-1.2097
-1.10186
-0.701782
-1.36164
-2.14039
-2.82372
-3.38969
-3.60203
-3.59088
-3.46357
-3.29571
-2.89008
-2.42164
-1.40834
-1.40734
-1.31025
-1.30749
-1.11839
-1.1146
-1.3708
-1.36887
-1.2238
-1.21908
-0.816101
-0.732826
-0.56396
-0.566312
-0.574171
-0.672213
-0.851975
-0.777171
-0.705454
-1.58876
-1.55692
-1.48324
-1.54796
-1.69485
-1.20205
-1.14387
-1.0239
-1.02309
-1.08872
-1.19694
-1.61492
-1.4242
-1.23345
-1.04361
-1.57523
-1.37703
-1.39396
-1.56892
-1.3525
-1.35303
-1.17808
-0.977893
-1.01028
-1.1352
-0.920503
-0.942054
-0.861074
-0.858896
-0.659293
-1.62166
-1.62047
-1.24661
-1.24447
-1.43504
-1.4334
-1.05556
-1.05329
)
;

boundaryField
{
    inlet
    {
        type            zeroGradient;
    }
    outlet
    {
        type            fixedValue;
        value           nonuniform List<scalar> 0();
    }
    wall
    {
        type            zeroGradient;
    }
    empty_zmin
    {
        type            empty;
    }
    empty_zmax
    {
        type            empty;
    }
    procBoundary0to1
    {
        type            processor;
        value           nonuniform List<scalar> 
35
(
-1.80624
-1.49133
-1.30218
-1.13717
-1.06571
-1.02661
-1.06571
-0.994508
-1.01903
-0.320197
-0.90807
-1.95033
-2.87286
-3.5279
-3.76227
-3.82388
-3.61547
-3.389
-2.83856
-2.35272
-1.01346
-1.01019
-0.618802
-0.535095
-0.141115
-0.504952
-0.103584
-0.0809489
-0.0494616
-0.653783
-0.577558
-0.504952
-0.661017
-0.456706
-0.661017
)
;
    }
}


// ************************************************************************* //
