/*--------------------------------*- C++ -*----------------------------------*\
| =========                 |                                                 |
| \\      /  F ield         | OpenFOAM: The Open Source CFD Toolbox           |
|  \\    /   O peration     | Version:  2406                                  |
|   \\  /    A nd           | Website:  www.openfoam.com                      |
|    \\/     M anipulation  |                                                 |
\*---------------------------------------------------------------------------*/
FoamFile
{
    version     2.0;
    format      ascii;
    arch        "LSB;label=32;scalar=64";
    class       volScalarField;
    location    "2.85";
    object      Co;
}
// * * * * * * * * * * * * * * * * * * * * * * * * * * * * * * * * * * * * * //

dimensions      [0 0 0 0 0 0 0];

internalField   nonuniform List<scalar> 
2367
(
0.0787723
0.0780122
0.0774756
0.0769403
0.0737712
0.0716759
0.13422
0.12761
0.132987
0.132604
0.141883
0.146557
0.098977
0.0505308
0.104098
0.0532723
0.0295576
0.0353264
0.0447679
0.0544501
0.0635971
0.065575
0.0614691
0.0519027
0.0403194
0.0321039
0.120074
0.117384
0.0646107
0.129092
0.131048
0.0674749
0.0672279
0.0668694
0.13583
0.135926
0.0779501
0.0778461
0.0778464
0.0740362
0.0677215
0.113089
0.0910076
0.0654459
0.0468367
0.0549742
0.0827463
0.112908
0.141756
0.0767809
0.14533
0.147242
0.0816044
0.0832401
0.0849085
0.0835578
0.15399
0.130114
0.0945259
0.0592572
0.029924
0.0389508
0.0806313
0.124835
0.160608
0.0857474
0.087044
0.0860957
0.0819865
0.0789771
0.0764258
0.0747432
0.140783
0.13485
0.156475
0.160811
0.0916639
0.09339
0.0954735
0.189675
0.179094
0.164938
0.186297
0.201134
0.0963622
0.0936459
0.0915373
0.0874382
0.0822066
0.077819
0.145635
0.140676
0.16495
0.17109
0.0934887
0.10142
0.206741
0.223035
0.215853
0.233634
0.21867
0.100919
0.0930555
0.0879975
0.084697
0.081205
0.153623
0.146777
0.174606
0.183516
0.103534
0.213749
0.223407
0.249082
0.237143
0.212818
0.101154
0.0945082
0.0892846
0.0842532
0.159821
0.15256
0.182441
0.19224
0.105324
0.213187
0.234424
0.237398
0.220355
0.0986724
0.0927641
0.0896005
0.0860783
0.165286
0.157258
0.188671
0.197725
0.107297
0.215365
0.223108
0.208843
0.212891
0.0998753
0.095326
0.0906856
0.0865004
0.169015
0.160852
0.191687
0.199513
0.106865
0.213461
0.22563
0.215894
0.211051
0.0967924
0.0922553
0.0895415
0.0872309
0.170999
0.163349
0.192753
0.197165
0.105293
0.215206
0.234604
0.219211
0.215886
0.0953722
0.0901906
0.0870991
0.0863651
0.170354
0.165422
0.196226
0.195918
0.101616
0.208249
0.211951
0.182718
0.202087
0.0934831
0.0906708
0.0887253
0.0871601
0.171917
0.166083
0.197566
0.198248
0.10063
0.103363
0.20953
0.0748642
0.177532
0.209787
0.0957061
0.0922902
0.0899295
0.0876481
0.171819
0.163972
0.197851
0.200705
0.103296
0.104269
0.204263
0.0513599
0.0152138
0.0610108
0.17836
0.0988482
0.0955773
0.0929686
0.0884725
0.0866305
0.171362
0.160223
0.197202
0.201412
0.101138
0.101211
0.0934743
0.0803389
0.00718652
0.0143488
0.0213586
0.0223112
0.0435656
0.0930709
0.0957925
0.0930152
0.090552
0.0874584
0.0857283
0.168834
0.155548
0.196532
0.200433
0.102032
0.101669
0.0957922
0.0413048
0.0265346
0.042394
0.048735
0.0604064
0.0579416
0.0483282
0.033304
0.0278534
0.0105144
0.0587254
0.0943387
0.0951088
0.0908143
0.0886554
0.0864665
0.0845172
0.166317
0.150077
0.195521
0.201121
0.102262
0.104469
0.0999846
0.0508474
0.0245357
0.0296587
0.0543235
0.0557968
0.0317844
0.0558328
0.0506435
0.0232144
0.0209189
0.072231
0.0933019
0.0942511
0.0904452
0.0869946
0.0849902
0.0832072
0.164007
0.143697
0.059251
0.0326362
0.0362711
0.0358678
0.0312573
0.0369395
0.0404674
0.0379736
0.0305695
0.0254141
0.0762956
0.0889064
0.0869321
0.0835655
0.082646
0.0822258
0.0810279
0.160598
0.136971
0.0688134
0.0416468
0.0436888
0.0423009
0.0351502
0.0394106
0.0462907
0.0470421
0.038717
0.0263372
0.0758856
0.0844512
0.0836847
0.0809211
0.0795296
0.0788898
0.0784716
0.156218
0.130595
0.114095
0.1194
0.121768
0.127378
0.12962
0.135274
0.138669
0.14478
0.114849
0.123914
0.137247
0.0727466
0.117349
0.030688
0.0341738
0.0644566
0.103055
0.127601
0.137331
0.148312
0.135546
0.139235
0.149286
0.154045
0.183532
0.200591
0.196874
0.175326
0.186401
0.204496
0.201839
0.144537
0.158545
0.163582
0.232256
0.241154
0.240365
0.220563
0.224647
0.238697
0.239694
0.149981
0.167633
0.172542
0.27162
0.244737
0.262567
0.155189
0.175709
0.179545
0.24651
0.232837
0.229783
0.230218
0.221953
0.225372
0.159069
0.182351
0.184352
0.222582
0.219364
0.219134
0.211354
0.213777
0.213728
0.162135
0.186462
0.188009
0.224191
0.231143
0.237285
0.215355
0.224427
0.218893
0.164504
0.189552
0.190844
0.225118
0.219054
0.232528
0.223577
0.219939
0.209763
0.166393
0.191014
0.190289
0.087822
0.129323
0.165484
0.188808
0.187059
0.0372415
0.0537655
0.112472
0.0985525
0.0836433
0.16238
0.185095
0.182089
0.0115128
0.00924924
0.0563924
0.03919
0.030836
0.157961
0.178544
0.173852
0.0231359
0.0351106
0.029163
0.0515085
0.0433013
0.0682253
0.04853
0.0268712
0.0342229
0.0203036
0.0102219
0.0217781
0.153015
0.167766
0.161341
0.146948
0.154121
0.145346
0.140412
0.133743
0.127646
0.118564
0.13225
0.128535
0.119754
0.138637
0.136009
0.130445
0.140452
0.136219
0.132426
0.142272
0.142891
0.136465
0.148505
0.14361
0.139458
0.160746
0.154458
0.105993
0.110943
0.12262
0.0729719
0.0723348
0.0935601
0.0505512
0.0438027
0.0659512
0.0448916
0.0370218
0.0391879
0.0737023
0.0688493
0.0444802
0.0980766
0.102241
0.0812648
0.117539
0.128388
0.119996
0.144433
0.143041
0.144645
0.146996
0.159684
0.153695
0.14936
0.166517
0.165159
0.162049
0.157721
0.154868
0.163941
0.165854
0.159228
0.139715
0.147592
0.151423
0.159363
0.167502
0.161752
0.164577
0.179865
0.173748
0.199667
0.204566
0.194403
0.19169
0.198465
0.209114
0.14548
0.152482
0.155823
0.16815
0.176414
0.170914
0.176082
0.185806
0.182629
0.217186
0.230001
0.223803
0.210545
0.219983
0.226786
0.15221
0.157364
0.161391
0.179135
0.184891
0.179819
0.18995
0.195988
0.190067
0.217932
0.225295
0.21555
0.239411
0.2571
0.239473
0.224853
0.233579
0.247219
0.210798
0.210803
0.220561
0.157917
0.16178
0.165417
0.187191
0.190728
0.186081
0.200004
0.197037
0.194426
0.226491
0.224737
0.217779
0.208215
0.207739
0.216027
0.162806
0.165187
0.16876
0.192863
0.192719
0.189181
0.20627
0.199943
0.196661
0.223975
0.22057
0.218423
0.207215
0.206683
0.211819
0.16646
0.167219
0.169388
0.195101
0.193153
0.191357
0.207805
0.198399
0.196625
0.222615
0.230726
0.222607
0.201472
0.206886
0.216957
0.168442
0.168647
0.170323
0.194067
0.196142
0.195504
0.202276
0.201258
0.197711
0.226205
0.225928
0.216689
0.203574
0.199416
0.211007
0.16966
0.171764
0.172298
0.196125
0.198121
0.197335
0.197563
0.203434
0.199671
0.21473
0.210071
0.203037
0.184735
0.160282
0.208726
0.205079
0.212986
0.172639
0.193751
0.196862
0.208243
0.171955
0.173125
0.174414
0.198637
0.199414
0.197559
0.198287
0.203124
0.200398
0.172136
0.163649
0.205379
0.210802
0.20657
0.175671
0.199623
0.198164
0.208233
0.172005
0.172876
0.174726
0.200132
0.200399
0.197638
0.200418
0.203361
0.201714
0.168064
0.175103
0.203602
0.0133735
0.0134437
0.0657404
0.0954817
0.0985459
0.0484915
0.201815
0.201446
0.183748
0.170624
0.170179
0.172267
0.200036
0.199229
0.19696
0.20143
0.198872
0.198873
0.0145787
0.0255639
0.0941786
0.0100481
0.0225679
0.0201448
0.0301481
0.021039
0.00972505
0.109233
0.129718
0.0534729
0.16781
0.167643
0.17011
0.199479
0.201384
0.196762
0.201352
0.202442
0.201643
0.0347964
0.0454276
0.03922
0.0445903
0.0521371
0.0511222
0.0517183
0.0515286
0.0516772
0.0634069
0.0587999
0.0565466
0.0526403
0.0503253
0.0566814
0.0414075
0.0405834
0.0460491
0.0235752
0.0291802
0.040504
0.0127131
0.0204122
0.0356887
0.0267084
0.0345263
0.0146991
0.165165
0.164509
0.16747
0.200818
0.201571
0.194079
0.200791
0.20246
0.202035
0.0542869
0.0615422
0.0609333
0.0608381
0.059666
0.0574263
0.0528035
0.0672237
0.0694547
0.0420688
0.0495394
0.0635103
0.162001
0.160899
0.164484
0.157872
0.156287
0.160101
0.153488
0.152094
0.155775
0.246811
0.190632
0.113616
0.107373
0.121425
0.0975381
0.0221266
0.0198623
0.0928078
0.0734663
0.014833
0.00615664
0.0740211
0.04973
0.0444322
0.0222885
0.0558999
0.0295691
0.046148
0.0358966
0.0557129
0.0330781
0.0982396
0.0766697
0.0173282
0.00740723
0.244052
0.184742
0.200959
0.133507
0.228824
0.102592
0.135353
0.0268845
0.139421
0.103588
0.106058
0.0551459
0.11197
0.0592488
0.117777
0.0626556
0.121736
0.0644024
0.123609
0.0645435
0.125454
0.0637468
0.126029
0.0604121
0.123769
0.0543863
0.11743
0.0460619
0.106391
0.0368069
0.0932013
0.0283092
0.0788882
0.0206441
0.063053
0.0133667
0.0479963
0.00664422
0.0353629
0.00223009
0.0254478
0.00474683
0.236818
0.17489
0.21969
0.1358
0.233995
0.0852331
0.153014
0.0425573
0.142188
0.106036
0.128122
0.0920955
0.0185332
0.0104575
0.152601
0.112533
0.0682213
0.0508583
0.0888907
0.0684448
0.0371854
0.0276544
0.0414225
0.0115494
0.0506216
0.0268956
0.0793564
0.0568109
0.0728621
0.0550759
0.227084
0.13083
0.195926
0.0594299
0.11031
0.0576382
0.115712
0.0612435
0.119995
0.0637445
0.122675
0.0645435
0.124204
0.0643414
0.125895
0.0623991
0.125257
0.0577166
0.121735
0.0506123
0.112439
0.0414351
0.100056
0.0324682
0.0862809
0.0244008
0.0711955
0.0169801
0.0553714
0.00994619
0.0414422
0.00369335
0.0301749
0.00311377
0.0213744
0.00616229
0.0865773
0.0420655
0.096038
0.0493438
0.106626
0.0569287
0.117551
0.0652472
0.128937
0.0736232
0.138489
0.0805811
0.146108
0.0856612
0.15135
0.0877011
0.155072
0.0873395
0.158834
0.0840555
0.159214
0.0749219
0.151627
0.0594044
0.134391
0.0425671
0.112272
0.027497
0.0806971
0.0135085
0.0421754
0.00463006
0.0288332
0.0132345
0.255642
0.192736
0.150673
0.110974
0.239197
0.157627
0.238974
0.123004
0.170462
0.0330917
0.0584176
0.0577553
0.145849
0.0933529
0.0149884
0.0099932
0.041232
0.0224799
0.159333
0.118755
0.101288
0.0783412
0.123136
0.0910249
0.123847
0.0965293
0.0228903
0.0187136
0.138532
0.102896
0.24038
0.183487
0.104042
0.106196
0.0943374
0.046733
0.10253
0.0532241
0.113538
0.0615389
0.123868
0.0696022
0.133623
0.0772032
0.14275
0.083504
0.150085
0.0874298
0.153739
0.0877011
0.157663
0.0866472
0.159241
0.0801189
0.156765
0.0678228
0.143824
0.050778
0.124387
0.0349769
0.0975626
0.0201399
0.0628214
0.00726354
0.0262386
0.00691629
0.0405555
0.0226519
0.0517002
0.0432461
0.0082871
0.00586864
0.0378227
0.00921964
0.0682334
0.0290479
0.0527937
0.030066
0.0344207
0.0188689
0.0303515
0.0160701
0.0182528
0.0058369
0.0116528
0.00562443
0.0600639
0.0474835
0.147495
0.108736
0.247098
0.166812
0.120502
0.0503295
0.0534235
0.0598287
0.190243
0.201113
0.0988133
0.0976941
0.0965322
0.180563
0.198439
0.100118
0.101239
0.100247
0.1358
0.125959
0.116739
0.108293
0.199974
0.197957
0.185826
0.200639
0.199101
0.199171
0.195553
0.193035
0.175669
0.198455
0.19883
0.19705
0.0437474
0.0297537
0.0411207
0.0356622
0.0430936
0.0337222
0.0401461
0.0356622
0.0388416
0.0376325
0.041566
0.0464193
0.0512265
0.0552638
0.0345563
0.0386438
0.0453646
0.0525876
0.0600993
0.058181
0.055984
0.0531651
0.0479738
0.043494
0.0597205
0.0547826
0.0494734
0.0424657
0.0361377
0.108815
0.108633
0.0549358
0.111213
0.10934
0.058743
0.116846
0.117158
0.0596475
0.0596396
0.063413
0.062184
0.10114
0.104103
0.104154
0.108556
0.109638
0.113653
0.108854
0.115433
0.11391
0.108324
0.113469
0.115567
0.110218
0.121447
0.118291
0.110227
0.125283
0.123437
0.117207
0.126075
0.122955
0.11815
0.123906
0.126609
0.0641844
0.0277139
0.0712567
0.0316558
0.0781513
0.0366664
0.0689015
0.0298918
0.0774352
0.0350279
0.0833906
0.0394522
0.0933321
0.0943611
0.094916
0.0954056
0.0957007
0.0958922
0.0960083
0.0960882
0.0961445
0.0961659
0.0961943
0.0962163
0.0962242
0.0962094
0.0961782
0.0961533
0.0961438
0.0961145
0.0959905
0.0959167
0.0956544
0.0951438
0.0944761
0.0955374
0.093854
0.0925729
0.0938676
0.0948055
0.0953116
0.0956399
0.0958446
0.0959705
0.0960582
0.0961294
0.0961756
0.0962047
0.0962331
0.0962295
0.0961914
0.0961312
0.0960884
0.0960905
0.0957857
0.0957214
0.0951995
0.0941395
0.0930406
0.0954424
0.0986967
0.0955595
0.0469183
0.0469936
0.0471809
0.0473523
0.047524
0.0476588
0.0477635
0.047845
0.0479013
0.0479351
0.0479531
0.0479552
0.0479419
0.047908
0.0478727
0.0478199
0.0476877
0.0475535
0.0473811
0.0476376
0.0958779
0.10025
0.100674
0.0978476
0.0479669
0.0474961
0.0474109
0.0474934
0.0475908
0.0476767
0.0477566
0.0478369
0.047907
0.047971
0.0480058
0.0480145
0.048007
0.0479728
0.0478746
0.0477562
0.047607
0.0475957
0.0480734
0.0489104
0.0989256
0.100886
0.101098
0.0989523
0.0483957
0.0478757
0.0476285
0.0475478
0.0475932
0.0476648
0.0477422
0.0478095
0.0478673
0.0479043
0.0479596
0.0480273
0.0480498
0.0480237
0.048025
0.0479937
0.0480357
0.0481867
0.0484261
0.0491188
0.0996198
0.100058
0.101182
0.099402
0.0487798
0.0482058
0.0478272
0.0476727
0.0476432
0.0476744
0.0477233
0.0478011
0.0479103
0.0480613
0.0481005
0.0480769
0.0481074
0.048153
0.0481722
0.0481911
0.0482209
0.0483805
0.0488586
0.0496209
0.100562
0.0992047
0.101072
0.0994823
0.0488475
0.0484995
0.0481864
0.0478591
0.0476977
0.0476819
0.0477482
0.0477963
0.047759
0.0477334
0.0478987
0.048137
0.0482108
0.0482605
0.0483537
0.0485
0.0486687
0.0489666
0.0492922
0.0497607
0.100702
0.0983433
0.100919
0.0996008
0.0490298
0.0484605
0.0480946
0.0479362
0.0477793
0.0476912
0.0476592
0.0477438
0.0479601
0.0481136
0.0480943
0.0481228
0.0482713
0.048393
0.0484949
0.0486438
0.0487072
0.0489975
0.0495662
0.0500939
0.101447
0.0975218
0.100891
0.0995635
0.0489804
0.0486928
0.0483361
0.0479724
0.0477551
0.04766
0.0477041
0.0477906
0.0478578
0.0479711
0.0481829
0.0483581
0.0484775
0.0486583
0.0488054
0.0489556
0.04925
0.0496683
0.0499913
0.0502531
0.10147
0.0968268
0.101168
0.0997424
0.0490169
0.0486501
0.0483824
0.0480226
0.0478182
0.0476761
0.0475622
0.0475857
0.0477077
0.0479348
0.0480934
0.0483062
0.0486032
0.0489091
0.0491597
0.0493494
0.0494755
0.0494442
0.0496451
0.0504427
0.102225
0.0961902
0.101125
0.0997042
0.049214
0.0487451
0.0483915
0.0481533
0.0479375
0.0476656
0.0475575
0.0477354
0.0479042
0.0481058
0.0483274
0.0485828
0.048756
0.0489873
0.0493223
0.0496192
0.0500277
0.0504847
0.0507098
0.0509782
0.102309
0.0957313
0.100878
0.0997344
0.0492059
0.0488985
0.0486331
0.0482302
0.0478472
0.0476731
0.0476288
0.0476527
0.0478382
0.0480313
0.0482764
0.0486305
0.0490284
0.0493726
0.0496553
0.049911
0.0499946
0.0500726
0.0503161
0.0509696
0.102754
0.0956131
0.101045
0.100012
0.0497265
0.0492869
0.0488325
0.0483578
0.0481291
0.047928
0.0475839
0.0476087
0.0478388
0.0481161
0.0484801
0.0489823
0.04933
0.0496211
0.0500158
0.0504104
0.0508577
0.0513852
0.0515732
0.0515723
0.102938
0.0958966
0.101275
0.10006
0.0496983
0.0495158
0.0491985
0.048921
0.0484074
0.0477884
0.0474226
0.0474166
0.0476147
0.0480816
0.0485726
0.049034
0.0496103
0.0501572
0.0506478
0.0510462
0.0512332
0.0512081
0.0515123
0.0522271
0.103292
0.0961966
0.101747
0.101485
0.0510768
0.0503829
0.0497181
0.0489634
0.048365
0.0480137
0.0474817
0.0472398
0.0476642
0.0484012
0.0489309
0.0495831
0.050147
0.0506621
0.0512726
0.0517063
0.0521807
0.0526657
0.0526521
0.0527589
0.104743
0.0968904
0.102359
0.101726
0.0505118
0.0504021
0.0503726
0.0498809
0.0491712
0.0484228
0.0474386
0.0471061
0.0474682
0.0480247
0.0487647
0.0496408
0.0506351
0.0512949
0.0516113
0.0521118
0.0523617
0.0522478
0.0527745
0.0534841
0.10603
0.0977487
0.103203
0.102152
0.0524037
0.0514933
0.0505447
0.0500223
0.0494678
0.0480926
0.0467583
0.0463314
0.0467044
0.0475341
0.0484986
0.049705
0.0510188
0.0526745
0.0535755
0.053593
0.053883
0.0543088
0.0542513
0.0542874
0.10628
0.0992958
0.10486
0.104294
0.0516844
0.0515223
0.0510897
0.0502814
0.0489559
0.0476087
0.0465722
0.0457715
0.0460269
0.0468911
0.0480191
0.049431
0.0507605
0.0516771
0.0524224
0.0534996
0.0539406
0.0539263
0.0546079
0.0550253
0.108545
0.100815
0.106069
0.104441
0.0547895
0.0540067
0.0530423
0.0517159
0.0499877
0.0480454
0.0456723
0.044179
0.0444847
0.0461476
0.0478484
0.0495622
0.0512634
0.0534191
0.0549685
0.0557694
0.0568351
0.0573244
0.0571782
0.0571015
0.109697
0.102794
0.0444838
0.0429988
0.0431218
0.0451142
0.0473839
0.0497723
0.0515363
0.0532816
0.0554409
0.0574814
0.058057
0.0576381
0.057894
0.0581934
0.113017
0.105444
0.0439304
0.04087
0.0406992
0.0434879
0.0466703
0.0503617
0.0541179
0.0570272
0.0580499
0.0582965
0.0596372
0.0604665
0.0603282
0.0601221
0.115388
0.108691
0.0579393
0.0609666
0.063002
0.0630725
0.0625599
0.0626675
0.0621077
0.118666
0.112973
0.0644968
0.0657084
0.0648388
0.0654064
0.0665689
0.0665036
0.0650377
0.122316
0.116966
0.0665976
0.0708571
0.073652
0.0726764
0.0710626
0.0702753
0.0689702
0.127608
0.121649
0.109251
0.105729
0.111288
0.105044
0.105171
0.105189
0.10506
0.105335
0.105257
0.105431
0.105389
0.10548
0.105459
0.105508
0.105496
0.10553
0.105523
0.105542
0.105536
0.105555
0.105549
0.105563
0.105559
0.105555
0.105557
0.105567
0.105563
0.105567
0.105567
0.105555
0.105562
0.105529
0.105546
0.105476
0.105502
0.105442
0.10546
0.105443
0.105425
0.105323
0.105406
0.105164
0.10526
0.105041
0.105003
0.111287
0.105705
0.109248
0.0955122
0.0920693
0.0921541
0.0953719
0.0982936
0.0983249
0.100074
0.100632
0.100852
0.10063
0.100053
0.100535
0.0996694
0.0989475
0.0996034
0.0985787
0.0979081
0.098721
0.0974501
0.0969091
0.0978706
0.0964013
0.0958841
0.0971098
0.0953962
0.0948108
0.0963006
0.094639
0.0939599
0.0957161
0.0938362
0.0933749
0.0955548
0.0931261
0.0929319
0.0958483
0.0929506
0.0932077
0.0962512
0.0932265
0.0933977
0.0970557
0.0935288
0.0941467
0.0980431
0.0938414
0.0950676
0.099061
0.0949669
0.0963867
0.100985
0.0964257
0.0981245
0.102977
0.0982826
0.101167
0.106177
0.109301
0.113331
0.117282
0.121909
0.126562
0.0547439
0.0533993
0.0514934
0.0489051
0.0463692
0.0576509
0.0562811
0.0542976
0.0514223
0.0479331
0.0942773
0.0927247
0.0913189
0.0945335
0.094373
0.0937031
0.0952457
0.0948046
0.0945696
0.0955686
0.0952728
0.0950253
0.0958091
0.0956475
0.0954771
0.0959573
0.0958374
0.0957505
0.0960517
0.0959593
0.0958962
0.0961208
0.0960492
0.0960062
0.0961561
0.0961249
0.0960887
0.09618
0.0961649
0.0961488
0.0962069
0.096185
0.0961746
0.096224
0.0961875
0.0961871
0.096219
0.0961814
0.0961848
0.0961924
0.0961859
0.096183
0.0961655
0.0961732
0.0961765
0.0961495
0.0961069
0.0961444
0.0961348
0.0959279
0.096022
0.09607
0.0957187
0.0958039
0.0959505
0.095572
0.0956926
0.0958178
0.0952533
0.0954588
0.0954114
0.0944338
0.0948427
0.0948158
0.0935065
0.0940553
0.0933839
0.091453
0.0928454
0.0927926
0.0946181
0.096422
0.093141
0.0938038
0.0937968
0.0945242
0.0946036
0.0942223
0.0951213
0.0952251
0.0948619
0.0955199
0.095557
0.0953211
0.0957786
0.0957409
0.0955935
0.0959219
0.0958833
0.0957788
0.0960226
0.0959985
0.0959247
0.0960973
0.0960806
0.0960282
0.0961617
0.0961498
0.0961056
0.0961931
0.0962056
0.0961697
0.0962262
0.0962404
0.0962179
0.0962424
0.0962524
0.0962432
0.0962281
0.0962448
0.0962365
0.0961814
0.0962256
0.0962183
0.0961341
0.0961506
0.0961614
0.0961003
0.0959328
0.0960576
0.0960103
0.0956803
0.0957341
0.0956853
0.09542
0.0956548
0.0955633
0.0951722
0.0953901
0.0947119
0.0944814
0.0949778
0.0932967
0.0942112
0.0942059
0.0938502
0.0963586
0.0946273
0.0969475
0.0976723
0.0996647
0.0939108
0.0954609
0.0962586
0.098604
0.0999026
0.0982048
0.0991842
0.0989642
0.100485
0.0965431
0.0972666
0.0978497
0.100707
0.10103
0.099816
0.100092
0.0993226
0.100547
0.0976771
0.0979607
0.0984703
0.101221
0.101269
0.100274
0.100395
0.099625
0.100617
0.0984615
0.0983299
0.0988521
0.101491
0.101381
0.100542
0.100419
0.0999519
0.100701
0.0985658
0.0985173
0.0991369
0.101664
0.101477
0.100756
0.100354
0.10009
0.100724
0.0989935
0.0988485
0.0992505
0.10181
0.101522
0.100668
0.100535
0.099628
0.100358
0.0984773
0.0989056
0.0990423
0.102147
0.101744
0.101409
0.100998
0.100265
0.100549
0.0988335
0.0987992
0.0993642
0.102316
0.102408
0.102627
0.10101
0.1006
0.100702
0.0987439
0.0991543
0.099646
0.102595
0.102759
0.103412
0.100744
0.101101
0.101046
0.0991709
0.0991701
0.100062
0.10275
0.103735
0.104147
0.100936
0.102021
0.101596
0.0995
0.100907
0.101601
0.103409
0.103985
0.104194
0.100907
0.101835
0.101862
0.0992706
0.10061
0.101286
0.103452
0.105754
0.106861
0.101558
0.103566
0.103249
0.101574
0.102613
0.102543
0.104742
0.107377
0.108365
0.102143
0.105047
0.104451
0.102155
0.101974
0.103642
0.106104
0.107797
0.109194
0.102815
0.106853
0.10575
0.102799
0.108246
0.107858
0.106514
0.110674
0.112268
0.104819
0.107785
0.10754
0.102703
0.106155
0.10728
0.109006
0.111876
0.112814
0.10556
0.112412
0.110717
0.104223
0.115066
0.113294
0.10989
0.116416
0.118781
0.11324
0.118908
0.121135
0.115316
0.123629
0.127008
0.119424
0.127367
0.129334
0.123238
0.132065
0.135689
0.126852
0.136182
0.141207
0.105524
0.0852051
0.0984452
0.0617166
0.0937121
0.0449971
0.0816963
0.0319745
0.0712487
0.0255825
0.0632654
0.0221524
0.0564577
0.0198556
0.0511834
0.0182454
0.0471637
0.0170221
0.0440712
0.0160546
0.0419205
0.0155257
0.0415777
0.015483
0.0440284
0.0160972
0.0472956
0.0175458
0.0505525
0.0192801
0.0532713
0.0212741
0.056211
0.0231976
0.0590249
0.0249351
0.0634508
0.0272952
0.0684906
0.0304292
0.0731141
0.0337345
0.0783286
0.0368986
0.0857581
0.0413971
0.0918346
0.0460075
0.106989
0.0982877
0.0987989
0.0704961
0.0972335
0.0533853
0.0877331
0.0374424
0.0760694
0.0282125
0.0670228
0.023649
0.0596273
0.0208685
0.0535854
0.0189797
0.0489687
0.0175796
0.0452874
0.0164418
0.0426084
0.0156442
0.0413548
0.0154448
0.0426928
0.015766
0.0462105
0.016897
0.0496114
0.0186024
0.0531023
0.02062
0.0554421
0.022448
0.0586455
0.0244694
0.062677
0.0265025
0.0682575
0.0295581
0.0736811
0.0329955
0.0781678
0.0360973
0.0844704
0.0397107
0.0917212
0.0446879
0.0974472
0.0488427
0.10554
0.0851999
0.0983487
0.0615467
0.0933744
0.0446424
0.0813491
0.0315546
0.0706295
0.0250245
0.0623222
0.0214665
0.0553018
0.0189911
0.0495719
0.0170958
0.0450928
0.0156293
0.0417932
0.0145446
0.0391288
0.0136667
0.0374707
0.013206
0.0385741
0.0132789
0.0418895
0.0143073
0.0454383
0.0159926
0.0478385
0.0176773
0.051441
0.0197394
0.0548534
0.0218945
0.0596159
0.0245525
0.106994
0.0982877
0.0989052
0.070465
0.0971896
0.053152
0.0874733
0.0370917
0.0753584
0.0276492
0.0660567
0.0229726
0.0585867
0.0201263
0.0524115
0.0180464
0.0471896
0.0163298
0.0430754
0.0149825
0.0400794
0.0139577
0.0382518
0.0133938
0.0375551
0.013206
0.0403574
0.013751
0.0437622
0.0150736
0.04733
0.0171291
0.0504436
0.0188692
0.0539974
0.021119
0.0580441
0.0234004
0.0639317
0.0268132
0.0800892
0.0497318
0.048145
0.0456719
0.0386673
0.0362433
0.0493243
0.0508707
0.045228
0.0285026
0.0706632
0.0787917
0.0787654
0.0770364
0.0770091
0.0767683
0.0765413
0.15259
0.124737
0.0609958
0.045545
0.0406138
0.0338836
0.0264176
0.043053
0.0491216
0.0471691
0.0317584
0.0596893
0.0724501
0.0732865
0.074134
0.0753034
0.0752028
0.0746851
0.148989
0.119488
0.0699531
0.0717347
0.0719648
0.0717517
0.0719529
0.144561
0.115085
0.122149
0.117186
0.149598
0.148255
0.151781
0.146064
0.144679
0.148062
0.142496
0.0829627
0.0538118
0.0368894
0.0270021
0.0176375
0.0252154
0.0379683
0.0405692
0.0300619
0.0446522
0.0669043
0.0174803
0.00723069
0.0111314
0.0086715
0.00658692
0.00919469
0.0142163
0.00808256
0.00873034
0.00909895
0.147462
0.193725
0.101949
0.10783
0.113876
0.10911
0.0618845
0.182484
0.198693
0.170583
0.19634
0.10106
0.105468
0.106527
0.160929
0.195351
0.101624
0.106718
0.11064
0.0958712
0.100143
0.0913099
0.0817773
0.071678
0.190899
0.188635
0.165941
0.198013
0.198707
0.195283
0.187079
0.184919
0.155184
0.198845
0.199094
0.194282
0.0276077
0.0212387
0.0196789
0.0401641
0.0346968
0.0344814
0.0275723
0.0382637
0.0316697
0.030302
0.0236909
)
;

boundaryField
{
    inlet
    {
        type            zeroGradient;
    }
    outlet
    {
        type            zeroGradient;
    }
    wall
    {
        type            zeroGradient;
    }
    empty_zmin
    {
        type            empty;
    }
    empty_zmax
    {
        type            empty;
    }
    procBoundary0to1
    {
        type            processor;
        value           nonuniform List<scalar> 
35
(
0.0660749
0.0657249
0.0670371
0.0690969
0.144364
0.0706348
0.144364
0.113693
0.141602
0.103307
0.0797107
0.0564526
0.0378679
0.0203729
0.00698739
0.0188006
0.028204
0.0219636
0.030613
0.061885
0.00536299
0.00933836
0.138325
0.19154
0.100351
0.197754
0.106464
0.114005
0.114648
0.0526727
0.178503
0.197754
0.0261036
0.0182596
0.0261036
)
;
    }
}


// ************************************************************************* //
