/*--------------------------------*- C++ -*----------------------------------*\
| =========                 |                                                 |
| \\      /  F ield         | OpenFOAM: The Open Source CFD Toolbox           |
|  \\    /   O peration     | Version:  2406                                  |
|   \\  /    A nd           | Website:  www.openfoam.com                      |
|    \\/     M anipulation  |                                                 |
\*---------------------------------------------------------------------------*/
FoamFile
{
    version     2.0;
    format      ascii;
    arch        "LSB;label=32;scalar=64";
    class       volScalarField;
    location    "2.02";
    object      Co;
}
// * * * * * * * * * * * * * * * * * * * * * * * * * * * * * * * * * * * * * //

dimensions      [0 0 0 0 0 0 0];

internalField   nonuniform List<scalar> 
2284
(
0.0525161
0.053443
0.0538693
0.106181
0.108844
0.0555536
0.0563206
0.0561297
0.0581757
0.059935
0.0621898
0.0604147
0.0886789
0.0894357
0.108805
0.109398
0.106701
0.108746
0.110766
0.110164
0.0464097
0.0192805
0.0471156
0.0196583
0.0487012
0.0486843
0.0486783
0.0486847
0.0487033
0.0487337
0.0487752
0.0488292
0.0488934
0.0490081
0.0491801
0.0494293
0.0497953
0.100323
0.0858168
0.0487242
0.0487317
0.0487493
0.0487723
0.0488021
0.0488414
0.048894
0.0489528
0.0490578
0.0492274
0.0494891
0.0498534
0.100406
0.0853252
0.0487471
0.0487489
0.048762
0.0487852
0.0488171
0.048856
0.0489135
0.0489846
0.049097
0.0492497
0.0494626
0.0498455
0.100482
0.0848827
0.0855324
0.0850658
0.0845812
0.0995611
0.0994702
0.100287
0.0995208
0.0994098
0.100289
0.0995225
0.0992764
0.100316
0.0491487
0.0490027
0.0488977
0.0488232
0.0487662
0.0487255
0.0991073
0.0996234
0.0493768
0.0491675
0.0490135
0.0489088
0.0488361
0.0487838
0.0487505
0.0487314
0.0990166
0.0996547
0.0493642
0.0491561
0.0490172
0.0489178
0.0488455
0.0488009
0.0487643
0.0487464
0.098912
0.0996682
0.0493876
0.0491706
0.0490168
0.0489189
0.0488451
0.0487956
0.0487838
0.0487818
0.0487777
0.0487973
0.048818
0.0488436
0.0488806
0.0489296
0.0489879
0.0490526
0.0491277
0.0492775
0.0495441
0.0499434
0.100741
0.0844705
0.0988144
0.0996908
0.0493615
0.049155
0.0490167
0.0489235
0.0488718
0.0488502
0.0488044
0.0487812
0.0487886
0.0487999
0.0488443
0.0488977
0.0489472
0.0490043
0.0490728
0.0491592
0.0492842
0.0494314
0.0496064
0.0499851
0.100723
0.0840198
0.0987226
0.0997503
0.0493714
0.0491574
0.0490058
0.0489115
0.0488192
0.0487735
0.0488112
0.048826
0.0488559
0.0488936
0.0488956
0.0489196
0.0489681
0.0490147
0.0490614
0.0490895
0.0491882
0.0493694
0.0495933
0.0500709
0.101046
0.0836515
0.0986238
0.0997617
0.0493618
0.0491508
0.0489861
0.0488808
0.04883
0.0487855
0.0487269
0.048742
0.0487814
0.0488289
0.0489248
0.0489937
0.0490623
0.0491446
0.0492652
0.0494163
0.0495551
0.0496421
0.0497506
0.0501439
0.10099
0.0832315
0.0985151
0.0997927
0.0493438
0.0491178
0.0489675
0.0488726
0.048797
0.0487879
0.048849
0.0489161
0.0489748
0.0490353
0.0490614
0.0490952
0.0491471
0.0491977
0.0492263
0.0492165
0.0492976
0.0494983
0.049753
0.050248
0.101191
0.0829168
0.0984505
0.099788
0.0493471
0.0491124
0.0489563
0.0488838
0.0488619
0.0488865
0.0488385
0.0488946
0.0489552
0.0489285
0.0490109
0.0491356
0.0491971
0.0492791
0.0494301
0.0496114
0.049715
0.0497625
0.0498826
0.0502978
0.101405
0.0826632
0.0984633
0.0999706
0.0493793
0.0491188
0.0489234
0.0487966
0.0487592
0.0487781
0.0489135
0.0491214
0.0492257
0.0492563
0.0492493
0.0493294
0.0493804
0.0494519
0.049504
0.049546
0.0496818
0.0498885
0.0500547
0.0504538
0.101551
0.082432
0.0983972
0.100155
0.0494576
0.0491758
0.0490118
0.0488671
0.0488441
0.0489373
0.0490065
0.049109
0.0491049
0.0492607
0.0495403
0.0496848
0.0497199
0.0496891
0.0497198
0.0498178
0.0498279
0.0498165
0.0499999
0.0505489
0.101994
0.0822623
0.0983916
0.100305
0.0495549
0.049214
0.0490291
0.0489532
0.048992
0.0490654
0.0492358
0.0494206
0.049672
0.0499809
0.0499494
0.0499617
0.0501088
0.0501274
0.0500686
0.0499688
0.0499415
0.0500972
0.0503016
0.0507223
0.101989
0.0821196
0.0984699
0.100412
0.0496289
0.0492139
0.0490438
0.0491066
0.049261
0.0492422
0.0492808
0.0493797
0.0493385
0.0494437
0.0498803
0.0502136
0.0504338
0.0504227
0.0500369
0.0497582
0.049759
0.0498978
0.0501984
0.0508065
0.102267
0.0820842
0.0985237
0.100601
0.0498008
0.0493261
0.0491041
0.0491041
0.0492023
0.049466
0.0498333
0.0498025
0.0496196
0.0496256
0.0497061
0.0500017
0.0500384
0.049936
0.0500232
0.050141
0.0502956
0.0504358
0.0505873
0.0510081
0.102501
0.0821574
0.098768
0.100916
0.0499107
0.0493881
0.0492018
0.0492251
0.0494901
0.0495167
0.0493295
0.0493024
0.0490907
0.0489487
0.0489467
0.0490981
0.0493681
0.0498052
0.0500928
0.0501059
0.050239
0.0504908
0.0508226
0.0512938
0.102702
0.0823534
0.0992787
0.101126
0.0502111
0.0497717
0.0493956
0.0490825
0.0488056
0.048438
0.0484215
0.0487265
0.0492327
0.0496373
0.0493496
0.0492939
0.0495911
0.049972
0.0503619
0.0505698
0.0507324
0.050867
0.0510492
0.0514885
0.103068
0.0826723
0.0999925
0.10168
0.0506235
0.0501063
0.0495609
0.048838
0.0483938
0.0479985
0.0475451
0.0476407
0.0475543
0.0480071
0.0489748
0.0495088
0.0497028
0.0498749
0.0501944
0.0506789
0.0511775
0.0515278
0.0517395
0.0519361
0.10334
0.0830901
0.100908
0.102403
0.0506451
0.0497934
0.0492026
0.0488333
0.0486296
0.0478673
0.0469487
0.0471637
0.0483571
0.0492894
0.0497915
0.0504945
0.0510674
0.0509932
0.050657
0.0511754
0.051888
0.0519996
0.0520678
0.0522656
0.103812
0.0836429
0.101859
0.103337
0.052143
0.0511138
0.0501268
0.0499881
0.0494207
0.0481523
0.0468661
0.0459911
0.0468355
0.048379
0.0502996
0.0512689
0.0517705
0.0529208
0.0533215
0.0529383
0.0529318
0.0528573
0.0527888
0.0527835
0.104679
0.0842662
0.103358
0.10569
0.0535311
0.0532896
0.0537187
0.0530789
0.0510508
0.0488252
0.045822
0.0442836
0.0470734
0.0498124
0.0520766
0.0529683
0.0538012
0.0541055
0.0539173
0.0538962
0.053666
0.0534486
0.053263
0.0532119
0.105515
0.085023
0.104676
0.107056
0.053969
0.0540339
0.0537279
0.0536207
0.0527823
0.0542475
0.054486
0.0547594
0.054431
0.0539983
0.0536738
0.0535943
0.106379
0.0858157
0.0558125
0.0553798
0.0550863
0.0544719
0.05426
0.0540951
0.0540018
0.107101
0.0864871
0.0571759
0.0568313
0.0565496
0.0556428
0.0549834
0.0545929
0.0544235
0.107964
0.0872687
0.0578819
0.0567603
0.0559577
0.0553499
0.0551687
0.0550001
0.0548407
0.108803
0.0879058
0.0590346
0.0575745
0.0563137
0.0557196
0.0553274
0.0551136
0.109506
0.0884401
0.0847018
0.0844159
0.0841447
0.0838549
0.0835949
0.0833113
0.0841503
0.0830551
0.0827741
0.0837416
0.082531
0.082257
0.0833499
0.0820243
0.0817682
0.0830194
0.0815382
0.0813108
0.0827131
0.0811185
0.0809214
0.0825176
0.0807255
0.0805388
0.0822956
0.0803701
0.0802211
0.0821371
0.0801049
0.079992
0.0821013
0.0799459
0.0799358
0.0821968
0.0799431
0.0800562
0.0822959
0.0801572
0.0803322
0.0825954
0.0805882
0.0808678
0.0829622
0.0812943
0.0816741
0.0834271
0.0822705
0.0828291
0.0840762
0.0834962
0.084312
0.0846935
0.0851192
0.0860112
0.0854467
0.0867968
0.0877179
0.0861238
0.086873
0.0876014
0.088166
0.0886482
0.100071
0.100064
0.0990491
0.0991372
0.0992085
0.0996393
0.100086
0.100056
0.0989397
0.0991403
0.0992141
0.0996545
0.10008
0.100058
0.0988411
0.0991794
0.0992153
0.0996592
0.0995674
0.0992748
0.100364
0.100093
0.100034
0.0987285
0.0991855
0.099155
0.0996309
0.0995275
0.0993403
0.10066
0.10011
0.100014
0.0986214
0.0992845
0.0990951
0.0995925
0.0996144
0.0993382
0.10075
0.100103
0.100044
0.0985466
0.0992852
0.0991168
0.099629
0.0995267
0.0994058
0.100951
0.100105
0.0999986
0.0984292
0.0993159
0.0990541
0.0995654
0.0995905
0.0995973
0.101386
0.10011
0.100087
0.0984342
0.0992792
0.0991172
0.0996506
0.0997349
0.0995636
0.101272
0.100291
0.100197
0.0983883
0.0993518
0.0992128
0.0998037
0.099806
0.0997912
0.101685
0.100326
0.100223
0.0983395
0.0997699
0.0993739
0.0999105
0.099963
0.0999252
0.101912
0.1004
0.100199
0.098286
0.0999285
0.0995627
0.0999864
0.100057
0.100165
0.102296
0.100564
0.100523
0.0984563
0.100076
0.100174
0.100466
0.100209
0.100498
0.102616
0.10064
0.100863
0.0987166
0.100284
0.100678
0.100936
0.100488
0.100837
0.103026
0.100838
0.101269
0.0990689
0.100616
0.101067
0.101315
0.100795
0.101285
0.10356
0.101296
0.101911
0.099632
0.100834
0.101809
0.102056
0.10112
0.101755
0.104101
0.102035
0.102707
0.100356
0.100874
0.10307
0.103026
0.101526
0.102344
0.104808
0.103079
0.103858
0.101407
0.10154
0.103861
0.104194
0.102015
0.103064
0.105571
0.104066
0.105556
0.102773
0.102366
0.106559
0.106139
0.102696
0.103668
0.106265
0.105916
0.106953
0.104175
0.10537
0.108179
0.107744
0.103477
0.104341
0.10692
0.107198
0.108084
0.10542
0.106629
0.109035
0.108706
0.104282
0.104891
0.107456
0.104935
0.105677
0.10831
0.105768
0.106368
0.108962
0.106487
0.106981
0.109633
0.107145
0.107566
0.110123
0.0310142
0.0104965
0.0309396
0.0105002
0.0309609
0.0105303
0.0309623
0.0105002
0.0309466
0.0105303
0.0310223
0.0105721
0.0309898
0.0105721
0.0309609
0.0105931
0.0310424
0.0106644
0.0310517
0.0107198
0.0311625
0.0108215
0.0314298
0.0109716
0.0316236
0.0111
0.0320721
0.0113511
0.0325466
0.0115794
0.0330975
0.0119029
0.0336384
0.0122144
0.0343962
0.0126161
0.035072
0.0130284
0.0357881
0.0134161
0.0367423
0.0138798
0.0374222
0.0143597
0.0382532
0.0146981
0.0391408
0.0151897
0.039445
0.0154239
0.039962
0.0155786
0.0400593
0.0157168
0.0401343
0.0156678
0.0310183
0.0105931
0.0310815
0.0106644
0.0311277
0.0107046
0.0312445
0.0108215
0.0314066
0.010911
0.0316089
0.0110701
0.0320165
0.0112634
0.0323029
0.0114575
0.032878
0.0117522
0.0334673
0.0120989
0.0340863
0.0124171
0.0348383
0.0128596
0.0355061
0.013244
0.036277
0.0136346
0.03726
0.0141903
0.0377615
0.0144977
0.0387461
0.0149347
0.039276
0.0153414
0.0396443
0.0154772
0.0401088
0.0156879
0.0400794
0.0157168
0.0400057
0.0155286
0.0302094
0.0101116
0.0300578
0.0100713
0.0299079
0.0100367
0.0297644
0.0100042
0.0296351
0.00998356
0.0295311
0.0099799
0.0294992
0.010012
0.0296136
0.0100838
0.0298452
0.0102238
0.0302205
0.0104204
0.0307108
0.0106962
0.0313131
0.0110403
0.0321863
0.0115075
0.033308
0.0121267
0.0346593
0.0128523
0.0362418
0.0137173
0.038053
0.0147073
0.0399504
0.0157724
0.0421321
0.0169475
0.0442918
0.0181565
0.0301221
0.0100898
0.029956
0.0100462
0.029815
0.010015
0.0296709
0.00998535
0.0295592
0.0099799
0.0294954
0.00999542
0.0295689
0.0100508
0.0297741
0.0101628
0.030039
0.0103158
0.0304835
0.0105591
0.0310759
0.0108884
0.0318053
0.0112863
0.0327829
0.0118123
0.0339272
0.01245
0.0353625
0.0132439
0.0370179
0.0141688
0.0389428
0.0152342
0.0410625
0.01637
0.0433168
0.0176015
0.0453137
0.0186964
0.0486185
0.0486382
0.0486622
0.0486949
0.0487487
0.048838
0.0490074
0.049191
0.0494319
0.0497716
0.100222
0.0868135
0.0486549
0.0486646
0.0486865
0.0487196
0.0487793
0.0488736
0.0490044
0.0491558
0.0494241
0.0497963
0.100276
0.0863046
0.0865331
0.0860459
0.0996593
0.0996157
0.100288
0.0995915
0.0995616
0.100325
0.0992081
0.0996179
0.0493618
0.0852687
0.0849706
0.100069
0.100064
0.0991453
0.0991282
0.0991929
0.099622
0.031133
0.0104827
0.0310647
0.0104922
0.0310781
0.0104903
0.0310218
0.0104965
0.0303692
0.0101524
0.0302686
0.0101261
0.0934576
0.094595
0.0950031
0.0954507
0.0956914
0.095844
0.095942
0.0959988
0.0960322
0.0960527
0.0960597
0.0960629
0.096064
0.0960577
0.0960411
0.0960154
0.0959763
0.095911
0.0957997
0.0956277
0.0953356
0.0948972
0.0943902
0.0955404
0.0937419
0.092924
0.0939881
0.0948229
0.0952686
0.0955442
0.0957087
0.095808
0.0958681
0.0959058
0.0959215
0.0959283
0.0959278
0.0959152
0.0958912
0.0958526
0.0957832
0.0956745
0.0954999
0.0951611
0.0946747
0.0937665
0.0929476
0.0953713
0.0985683
0.0952543
0.0469837
0.0470293
0.0472541
0.0474204
0.0475379
0.0476193
0.0476734
0.0477091
0.0477289
0.047736
0.0477349
0.047722
0.0476904
0.0476392
0.0475648
0.0474529
0.0472863
0.0470774
0.0469176
0.0474759
0.0960094
0.100074
0.100495
0.0975397
0.0479252
0.0474524
0.0473922
0.0474769
0.0475578
0.0476215
0.0476679
0.0476958
0.0477138
0.047723
0.0477172
0.0477009
0.0476734
0.0476277
0.0475617
0.0474868
0.0474162
0.0474932
0.0479065
0.0487372
0.0986297
0.100659
0.100867
0.0986438
0.0485129
0.0479496
0.0476459
0.0475674
0.0475831
0.0476141
0.0476464
0.0476708
0.047686
0.0476945
0.0476954
0.047684
0.0476609
0.0476299
0.0475936
0.0475708
0.0476487
0.0479252
0.0484303
0.0491873
0.0995953
0.0996946
0.10094
0.0991289
0.0488279
0.0483376
0.0479715
0.0477509
0.0476767
0.0476691
0.0476731
0.0476832
0.0476954
0.0476997
0.0476955
0.047689
0.0476769
0.0476666
0.0476766
0.0477504
0.0479663
0.0483196
0.0487729
0.0494096
0.0999681
0.0986147
0.100984
0.0993919
0.04901
0.0485805
0.0482484
0.0479846
0.0478169
0.0477515
0.0477362
0.0477298
0.0477262
0.0477268
0.0477262
0.0477216
0.0477248
0.0477429
0.0478044
0.0479697
0.0482345
0.0485602
0.0489722
0.0495558
0.10022
0.0975288
0.100982
0.0995794
0.0491261
0.0487296
0.0484346
0.0481899
0.0479938
0.0478642
0.0478066
0.0477884
0.0477821
0.0477774
0.0477765
0.0477807
0.0477897
0.0478391
0.0479723
0.0481726
0.0484089
0.0486962
0.0490704
0.0496212
0.100365
0.0964337
0.100907
0.0997094
0.0492228
0.0488416
0.0485669
0.0483443
0.0481586
0.0480095
0.0479111
0.0478664
0.0478495
0.0478441
0.047845
0.0478509
0.0478912
0.047996
0.0481464
0.0483321
0.0485583
0.0488516
0.0492289
0.0497257
0.10049
0.0953045
0.10077
0.0997638
0.0492822
0.0489192
0.0486623
0.0484596
0.0482881
0.0481458
0.0480299
0.0479551
0.047927
0.0479201
0.0479238
0.0479416
0.0479966
0.0481021
0.0482426
0.0484129
0.0486084
0.0488684
0.0492242
0.0497139
0.100474
0.0942042
0.100651
0.0997578
0.0493253
0.0489837
0.0487341
0.0485427
0.0483886
0.0482606
0.0481568
0.0480734
0.0480233
0.0480122
0.0480212
0.0480457
0.0481178
0.0482352
0.0483745
0.0485425
0.0487496
0.0490183
0.0493542
0.0497701
0.100468
0.0931482
0.100471
0.0997204
0.049336
0.0490274
0.0487963
0.0486141
0.0484688
0.04835
0.048253
0.0481781
0.048126
0.0481051
0.0481116
0.048144
0.0482097
0.0483019
0.0484202
0.0485637
0.0487407
0.048975
0.0493071
0.0497289
0.100397
0.0921444
0.100285
0.0996781
0.0493363
0.0490561
0.0488398
0.0486692
0.0485352
0.0484288
0.0483443
0.0482775
0.0482312
0.0482099
0.0482098
0.0482297
0.0482886
0.0483885
0.0485105
0.0486605
0.0488484
0.0490735
0.0493676
0.0497353
0.100344
0.0912559
0.10013
0.0996489
0.0493328
0.0490751
0.0488746
0.0487154
0.0485891
0.0484889
0.0484111
0.0483519
0.0483125
0.0482913
0.0482883
0.0483054
0.0483571
0.048441
0.048542
0.0486728
0.0488476
0.0490599
0.0493599
0.049731
0.1003
0.0904617
0.0999809
0.0996283
0.049328
0.0490857
0.0489027
0.0487542
0.0486359
0.0485434
0.0484739
0.0484217
0.0483837
0.0483632
0.0483597
0.0483704
0.0484149
0.0484974
0.0486074
0.0487426
0.0488993
0.0490813
0.0493494
0.0497047
0.100232
0.0897554
0.0998518
0.0996105
0.049334
0.0490962
0.0489214
0.0487852
0.0486755
0.0485894
0.0485219
0.0484745
0.0484445
0.0484256
0.0484208
0.0484303
0.0484675
0.0485385
0.0486256
0.0487358
0.0489159
0.0491237
0.049392
0.0497326
0.100242
0.0890948
0.0997269
0.0995975
0.0493352
0.0491035
0.0489381
0.0488107
0.0487087
0.0486295
0.048571
0.0485273
0.0484982
0.0484869
0.048488
0.0484997
0.0485256
0.0485688
0.0486546
0.0487818
0.0489233
0.0490673
0.0493271
0.0497045
0.100198
0.0884821
0.0996085
0.0995859
0.0493426
0.0491171
0.0489548
0.0488342
0.0487395
0.0486648
0.0486064
0.0485667
0.0485406
0.0485228
0.0485193
0.0485289
0.048558
0.0486209
0.0487134
0.0488158
0.0489877
0.0491854
0.0494396
0.0497645
0.100233
0.0878975
0.0995038
0.0995965
0.0493473
0.0491261
0.048967
0.0488522
0.0487637
0.0486962
0.0486459
0.0486089
0.0485852
0.0485779
0.0485782
0.0485875
0.0486143
0.0486544
0.0487184
0.0488082
0.048942
0.049088
0.0493563
0.0497348
0.100224
0.0873487
0.0486729
0.048643
0.0486233
0.048614
0.0487033
0.0486751
0.0486564
0.0486539
0.109256
0.105692
0.111257
0.105024
0.105138
0.105165
0.10506
0.105313
0.105241
0.105405
0.105365
0.105455
0.105433
0.105478
0.105468
0.105492
0.105486
0.105498
0.105496
0.105501
0.1055
0.105509
0.105504
0.1055
0.105505
0.105503
0.105502
0.105502
0.105503
0.105498
0.1055
0.105489
0.105494
0.105473
0.105482
0.10544
0.105461
0.105379
0.105411
0.105275
0.105337
0.105095
0.105195
0.105092
0.105003
0.11131
0.10574
0.109254
0.0955392
0.0920638
0.0920777
0.0953638
0.0983364
0.0983389
0.100073
0.100715
0.10074
0.10062
0.100178
0.100224
0.09963
0.0991057
0.0991535
0.0985597
0.0980379
0.0980657
0.0974808
0.0969406
0.096978
0.0963644
0.0958111
0.0958728
0.0952308
0.0946844
0.0947592
0.0941205
0.0935885
0.0936667
0.0930589
0.0925322
0.0926178
0.0920459
0.0915735
0.0916775
0.0911356
0.0907129
0.090834
0.090319
0.0899375
0.0900805
0.0895799
0.0892178
0.0893997
0.0888793
0.0885394
0.0887636
0.0882252
0.0879043
0.0881704
0.0876035
0.0872949
0.0876098
0.0870016
0.0866995
0.0870551
0.0944841
0.0925571
0.0912262
0.0947279
0.0941687
0.0934972
0.0952836
0.0948534
0.0945186
0.0955936
0.0952929
0.0950736
0.0957773
0.0955665
0.0954308
0.0959036
0.0957579
0.0956628
0.0959768
0.0958633
0.0958074
0.0960194
0.0959267
0.0958914
0.096045
0.0959647
0.0959428
0.0960596
0.095986
0.095972
0.0960602
0.0959993
0.0959919
0.0960655
0.095996
0.0959978
0.0960612
0.0959885
0.095993
0.0960493
0.0959789
0.0959914
0.0960266
0.0959505
0.0959729
0.0959962
0.0959055
0.0959381
0.0959451
0.09583
0.0958816
0.0958598
0.0956961
0.0957862
0.0957162
0.0954611
0.0956045
0.0954989
0.0950963
0.0953129
0.0951274
0.0945431
0.0948709
0.0946353
0.0935265
0.0941354
0.0933856
0.0913322
0.0927673
0.0928529
0.094904
0.0965707
0.093437
0.0936238
0.0938409
0.094565
0.0946235
0.094088
0.0950976
0.0951632
0.0948679
0.0954559
0.0954461
0.0952441
0.0956629
0.095627
0.0954784
0.0957855
0.0957372
0.0956357
0.0958575
0.0958079
0.0957369
0.0959013
0.0958503
0.0958024
0.0959258
0.0958748
0.0958405
0.0959299
0.0958905
0.0958703
0.0959303
0.0958762
0.0958805
0.0959168
0.0958583
0.095873
0.0958924
0.0958406
0.0958695
0.0958595
0.0958036
0.0958494
0.0958032
0.0957493
0.0958146
0.0957131
0.0956665
0.0957583
0.0955687
0.0955198
0.0956616
0.0953216
0.0952948
0.095492
0.0949195
0.0949692
0.0952621
0.0942544
0.094388
0.0948098
0.0929959
0.0941266
0.0941871
0.0938256
0.0964618
0.0947469
0.0966754
0.0980454
0.0998755
0.0938387
0.0958229
0.0966321
0.0985022
0.0998795
0.0983351
0.098878
0.0994743
0.100805
0.0961941
0.0976502
0.0982931
0.100514
0.10086
0.099815
0.0997278
0.0999739
0.10095
0.0975229
0.0984742
0.0990176
0.100929
0.100999
0.100236
0.100048
0.10021
0.101005
0.0981851
0.0988593
0.0993481
0.101006
0.101034
0.100385
0.100253
0.100384
0.101031
0.0985751
0.0990835
0.0995599
0.101046
0.101059
0.100516
0.1004
0.100498
0.100995
0.0988216
0.0992293
0.099711
0.101045
0.101034
0.100622
0.100485
0.100552
0.100884
0.0990126
0.0993236
0.0997918
0.100963
0.100939
0.100659
0.100504
0.100499
0.100719
0.099113
0.0993637
0.0998081
0.100836
0.100777
0.10059
0.100451
0.10045
0.100567
0.0991601
0.0993532
0.0997823
0.100713
0.100619
0.100526
0.100393
0.100393
0.100387
0.0991526
0.0993136
0.0997372
0.100537
0.100449
0.100461
0.10033
0.100309
0.10021
0.0991392
0.0992787
0.0996914
0.100366
0.100288
0.100415
0.100269
0.100247
0.100048
0.0991237
0.0992503
0.0996642
0.100211
0.100144
0.100362
0.100215
0.100193
0.099912
0.0991141
0.0992309
0.0996413
0.100074
0.100021
0.10031
0.100166
0.10015
0.099783
0.0991123
0.0992158
0.0996271
0.0999701
0.0999176
0.100293
0.100129
0.100122
0.0996635
0.0991015
0.0992022
0.0996133
0.099873
0.0998371
0.100273
0.100104
0.1001
0.0995514
0.0991057
0.0991796
0.0996021
0.0997903
0.0997503
0.100279
0.100085
0.100085
0.0994516
0.0991236
0.0991642
0.0995944
0.0997168
0.0996687
0.100256
0.099405
0.0996
0.0493526
0.0491366
0.0489822
0.0488707
0.048787
0.0487213
0.0993083
0.0996093
0.0493636
0.0491495
0.0489947
0.0488848
0.0488068
0.0487465
0.0864141
0.0861132
0.0858379
0.0855379
0.100074
0.100072
0.0993478
0.099132
0.0991532
0.0995928
0.100068
0.100073
0.0992488
0.0991428
0.0991693
0.099608
0.105512
0.0851975
0.0983565
0.0615746
0.0934077
0.0447044
0.0813402
0.0315748
0.0706297
0.0250299
0.0622343
0.021407
0.0551606
0.0188968
0.0492491
0.0169015
0.0443236
0.0152092
0.0404086
0.0138113
0.0373931
0.0126755
0.0352662
0.0118411
0.0338002
0.0112674
0.0328046
0.0108993
0.0321841
0.0106923
0.0317844
0.0105786
0.0315395
0.0105271
0.0313479
0.0104891
0.03123
0.0104811
0.106997
0.0982877
0.0989149
0.0704863
0.097239
0.0532198
0.0876264
0.0371737
0.0755335
0.0277192
0.0662149
0.023004
0.0585157
0.020055
0.0520491
0.017849
0.0466501
0.016017
0.042235
0.0144746
0.0387736
0.0132055
0.0362003
0.0122137
0.0344425
0.0115205
0.0332191
0.0110529
0.032418
0.01077
0.0319182
0.0106148
0.0316121
0.0105393
0.031413
0.0104997
0.0312614
0.0104811
0.0311511
0.0104827
0.105505
0.0851892
0.098356
0.0615592
0.0933719
0.044664
0.0812659
0.0315337
0.0705788
0.0250174
0.0622116
0.0213994
0.0551167
0.0188571
0.0491225
0.0168272
0.04419
0.0151414
0.0402581
0.0137422
0.0372567
0.0126128
0.0351316
0.0117726
0.0336434
0.0111846
0.0326275
0.0108007
0.0319596
0.0105679
0.0315156
0.0104279
0.031211
0.0103444
0.0309914
0.0102926
0.0308177
0.0102557
0.107005
0.0982877
0.098915
0.0704783
0.0972296
0.0531942
0.087585
0.0371326
0.0754854
0.0276977
0.0662062
0.0230059
0.0585182
0.0200433
0.0519814
0.0177919
0.0465231
0.0159457
0.0420995
0.0144063
0.0386433
0.0131439
0.0360881
0.0121545
0.0343119
0.0114484
0.0330752
0.0109682
0.0322477
0.010667
0.0317039
0.0104861
0.0313354
0.0103768
0.0310815
0.0103128
0.0308902
0.0102707
0.0307272
0.0102362
0.0306652
0.0102226
0.0305183
0.0101892
0.0305715
0.0102008
0.0304206
0.0101649
0.0505916
0.0461498
0.0417432
0.0446038
0.0481936
0.0560291
0.0555941
0.055457
0.107773
0.094575
0.0741875
0.0868382
0.105393
0.0550604
0.0559158
0.10775
0.110693
0.0561918
0.0569024
0.0569761
0.0576461
0.0594684
0.11676
0.117507
0.059225
0.0733381
0.119138
0.118821
0.0597226
0.109081
0.112417
0.0567065
0.0578328
0.0596161
0.0608344
0.0633099
0.12659
0.120747
0.135777
0.132659
0.0625061
0.110098
0.113574
0.0581227
0.0592719
0.0610734
0.0630487
0.065483
0.133144
0.114617
0.118437
0.133989
0.063959
0.111061
0.114451
0.0905487
0.0913018
0.0920656
0.127651
0.0506097
0.109821
0.119517
0.0921535
0.0928806
0.130172
0.137995
0.137058
0.137844
0.0934654
0.0941207
0.0056844
0.0801376
0.00533405
0.0946156
0.107089
0.10866
0.10919
0.0884709
0.0895107
0.100312
0.0716952
0.0644238
0.0689521
0.0968032
0.0933486
0.0807637
0.105482
0.107379
0.102623
0.110437
0.110931
0.108236
0.110783
0.112396
0.111646
0.118136
0.128377
0.123662
0.117258
0.129771
0.135724
0.11877
0.122154
0.125599
0.111821
0.112255
0.109576
0.113174
0.113285
0.112977
0.127773
0.13185
0.131785
0.126999
0.130706
0.134203
0.112802
0.113262
0.110651
0.114431
0.11413
0.11391
0.135207
0.131027
0.136492
0.134599
0.129325
0.0811067
0.130054
0.131889
0.134379
0.113705
0.115379
0.131277
0.102003
0.113915
0.0465351
0.108745
0.0678099
0.0376014
0.0204692
0.118553
0.0873057
0.0284408
0.019776
0.168741
0.124373
0.116964
0.0463074
0.123661
0.120324
0.153886
0.119329
0.181114
0.0742671
0.110946
0.0608521
0.0482548
0.0201832
0.048892
0.0206477
0.0492226
0.0207142
0.0493944
0.0204514
0.0487172
0.0205348
0.0491503
0.0207142
0.0492223
0.0205754
0.0265604
0.0289807
0.0240181
0.0105891
0.0938586
0.0737528
0.190857
0.0774112
0.0199188
0.0261984
)
;

boundaryField
{
    inlet
    {
        type            zeroGradient;
    }
    outlet
    {
        type            zeroGradient;
    }
    wall
    {
        type            zeroGradient;
    }
    empty_zmin
    {
        type            empty;
    }
    empty_zmax
    {
        type            empty;
    }
    procBoundary0to1
    {
        type            processor;
        value           nonuniform List<scalar> 
39
(
0.0612234
0.0595982
0.0584671
0.0573942
0.056623
0.0561171
0.0556558
0.0553818
0.110083
0.0888399
0.107718
0.0398985
0.0153996
0.058536
0.0596841
0.0617167
0.0638105
0.0663516
0.0634687
0.111238
0.114236
0.058536
0.13599
0.088874
0.014552
0.0121604
0.0876038
0.0659494
0.0659494
0.00791538
0.00978801
0.094969
0.015514
0.132367
0.130018
0.113728
0.114489
0.049456
0.0202066
)
;
    }
}


// ************************************************************************* //
