/*--------------------------------*- C++ -*----------------------------------*\
| =========                 |                                                 |
| \\      /  F ield         | OpenFOAM: The Open Source CFD Toolbox           |
|  \\    /   O peration     | Version:  2406                                  |
|   \\  /    A nd           | Website:  www.openfoam.com                      |
|    \\/     M anipulation  |                                                 |
\*---------------------------------------------------------------------------*/
FoamFile
{
    version     2.0;
    format      ascii;
    arch        "LSB;label=32;scalar=64";
    class       volVectorField;
    location    "4.7";
    object      U;
}
// * * * * * * * * * * * * * * * * * * * * * * * * * * * * * * * * * * * * * //

dimensions      [0 1 -1 0 0 0 0];

internalField   nonuniform List<vector> 
2285
(
(2.39066 0.15429 -4.27425e-21)
(2.34299 0.15159 1.11855e-21)
(2.40573 0.139865 2.03677e-21)
(2.37788 0.0881757 4.69135e-21)
(2.30404 -0.0665544 -9.34778e-22)
(2.28404 -0.0729302 -9.16359e-22)
(2.31923 0.115985 -4.71653e-21)
(2.30193 0.0868503 -7.91647e-22)
(2.28556 0.0814992 -2.63875e-23)
(2.27306 0.0605564 1.79238e-22)
(2.27142 0.0409048 3.02647e-23)
(2.27692 0.0236573 7.74836e-24)
(2.27754 0.00613868 -2.87985e-23)
(1.84529 -0.000574462 -1.38167e-23)
(1.84811 -0.00253137 7.43239e-24)
(2.23381 0.00451459 0)
(2.24093 0.00481755 0)
(2.28551 0.0138549 3.07555e-23)
(2.3504 0.069115 -2.17538e-22)
(2.31802 0.0632426 -3.06577e-22)
(2.29895 0.0391738 7.05658e-22)
(2.29319 0.0278706 -6.10473e-22)
(2.29025 0.0192546 -1.62709e-22)
(2.29356 0.0111834 1.64154e-22)
(2.29234 0.00325306 3.49454e-24)
(1.85061 -0.00281486 -4.65523e-24)
(2.31862 0.0428196 -5.32616e-22)
(2.30672 0.0318985 0)
(2.29913 0.0151938 -1.45491e-24)
(2.30014 0.00643467 0)
(2.30214 -0.00232963 9.82387e-23)
(1.85063 -0.00637045 4.51579e-23)
(2.33068 0.00242256 -1.53422e-22)
(2.31612 -0.000357385 -6.05662e-23)
(2.30937 0.0054177 0)
(2.31181 -6.74937e-05 -2.37212e-23)
(2.31061 -0.00785512 2.42156e-24)
(1.84649 -0.00828979 -6.0634e-24)
(2.32955 -0.0142285 -1.35677e-22)
(2.31557 -0.0135906 -1.69159e-22)
(2.31093 -0.0168944 1.25575e-22)
(2.31588 -0.0162593 6.72965e-23)
(2.31819 -0.0124219 2.18716e-23)
(1.83613 -0.0111627 -6.48374e-24)
(2.32424 -0.0308514 -1.02329e-21)
(2.31357 -0.0256587 1.02615e-21)
(2.3097 -0.0237726 0)
(2.31443 -0.021139 5.04146e-25)
(2.31736 -0.0120486 9.49518e-23)
(1.81856 -0.0129779 -6.64458e-24)
(2.31767 -0.0456343 -2.20953e-21)
(2.30922 -0.0370231 -2.87133e-23)
(2.30601 -0.0302996 0)
(2.30998 -0.0246959 1.01324e-22)
(2.31412 -0.0143481 -2.99312e-22)
(1.79699 -0.0134146 -5.3754e-23)
(2.29928 -0.0471029 9.63606e-22)
(2.29783 -0.0384804 0)
(2.305 -0.0286235 0)
(2.30938 -0.0147549 -3.65004e-23)
(1.77309 -0.0142532 5.26728e-23)
(2.28344 -0.0552629 0)
(2.28795 -0.0425455 0)
(2.29795 -0.0318897 -2.40876e-23)
(2.30266 -0.0161682 1.85094e-22)
(1.74724 -0.0135295 5.35979e-23)
(2.28816 -0.0342911 -3.678e-22)
(2.29438 -0.0161689 -1.60888e-22)
(1.71946 -0.0133792 4.71139e-23)
(2.27756 -0.0336795 1.0313e-23)
(2.28365 -0.0167814 -1.64629e-22)
(1.69152 -0.0115193 1.37861e-24)
(2.26655 -0.030438 2.86076e-22)
(2.27312 -0.0161956 0)
(1.66473 -0.0104691 5.826e-25)
(1.85114 -0.00540088 4.45599e-24)
(1.84906 -0.00679668 -5.35393e-24)
(1.84177 -0.0101824 6.06324e-24)
(1.82773 -0.0135293 6.64709e-24)
(1.80831 -0.0129636 0)
(1.78563 -0.0138926 3.31277e-24)
(1.75923 -0.0148629 4.51777e-23)
(1.73278 -0.0135156 0)
(1.70475 -0.0128284 -1.3798e-24)
(1.67754 -0.0114003 0)
(1.65202 -0.00973174 -5.8216e-25)
(2.2463 0.000148219 0)
(2.25131 -0.000514796 0)
(2.29843 0.00737796 -7.56313e-23)
(2.25514 -0.00373526 -1.38891e-22)
(2.2577 -0.00631391 9.65727e-24)
(2.30592 0.000593505 7.55218e-23)
(2.26099 -0.00488552 2.25678e-23)
(2.2628 -0.0110178 -2.14044e-23)
(2.31541 -0.00480414 -5.86482e-25)
(2.26261 -0.0138707 5.38803e-24)
(2.26161 -0.0155209 1.16897e-23)
(2.318 -0.0180641 -2.29264e-23)
(2.25962 -0.0173347 -1.1073e-22)
(2.25547 -0.01761 9.89702e-23)
(2.31531 -0.0252426 -9.77649e-23)
(2.25302 -0.0190175 1.35103e-22)
(2.24814 -0.0191253 2.43125e-23)
(2.31127 -0.0323948 2.44897e-23)
(2.24417 -0.0200249 -5.41699e-23)
(2.23634 -0.0206908 -5.29209e-23)
(2.30487 -0.0349115 1.20027e-23)
(2.23222 -0.0210111 -4.01965e-23)
(2.22408 -0.0209762 -5.64771e-24)
(2.2974 -0.0363898 -1.09929e-23)
(2.21903 -0.0217348 1.29339e-22)
(2.21 -0.0210206 5.00753e-24)
(2.28757 -0.0365615 1.00064e-23)
(2.20422 -0.0207178 -5.00306e-24)
(2.19524 -0.0195744 -2.24451e-24)
(2.277 -0.0348252 1.48829e-22)
(2.18955 -0.0190437 2.2427e-24)
(2.1811 -0.0174576 0)
(2.26689 -0.0317669 -1.29999e-22)
(0.825932 -0.00146347 0)
(0.31911 -0.000139653 0)
(0.820933 -0.00140944 0)
(0.315321 -0.000248208 0)
(0.816369 -0.00191873 0)
(0.311482 -0.000262769 0)
(0.797082 -0.00297345 0)
(0.298929 -0.000477294 0)
(0.771785 -0.0033548 0)
(0.282626 -0.000376102 0)
(0.737909 -0.00417786 0)
(0.263135 -0.000590225 0)
(0.700131 -0.00384722 0)
(0.240963 -0.000623999 0)
(0.663506 -0.00361265 0)
(0.221239 -0.000577746 0)
(0.627549 -0.00310338 0)
(0.202432 -0.000551055 0)
(0.594468 -0.00273724 0)
(0.185562 -0.000474332 0)
(0.564849 -0.00217147 0)
(0.171352 -0.000397895 0)
(0.540147 -0.00151554 0)
(0.159852 -0.000310922 0)
(0.520094 -0.00101184 0)
(0.151084 -0.000330387 0)
(0.807501 -0.00241317 0)
(0.305595 -0.000369943 0)
(0.784738 -0.00323669 0)
(0.290745 -0.000489077 0)
(0.754765 -0.00393646 0)
(0.273145 -0.000491478 0)
(0.718166 -0.00425498 0)
(0.25168 -0.000701811 0)
(0.681475 -0.00358183 0)
(0.23077 -0.00054883 0)
(0.645071 -0.00353301 0)
(0.211471 -0.000580418 0)
(0.610261 -0.00299343 0)
(0.193692 -0.000580727 0)
(0.578866 -0.00248273 0)
(0.178091 -0.000425475 0)
(0.551674 -0.00181228 0)
(0.165126 -0.00035601 0)
(0.52939 -0.00126991 0)
(0.155159 -0.000342405 0)
(0.511746 -0.000657963 0)
(0.14771 -0.000323972 0)
(2.33553 0.054627 -6.56666e-25)
(2.35829 0.10056 0)
(2.2244 0.0791997 4.37153e-23)
(2.00812 -0.0633044 -1.95628e-25)
(1.80967 -0.206383 -5.69379e-25)
(2.27867 0.0670702 1.27644e-25)
(2.29846 0.0896479 7.79339e-24)
(2.33587 0.131213 0)
(2.24996 0.173902 -5.7701e-23)
(2.12365 0.128987 -4.41551e-23)
(1.9316 0.0434586 -3.59466e-25)
(1.80898 -0.118358 1.77629e-23)
(1.72875 -0.0223943 5.04768e-25)
(1.65387 -0.0425142 -1.91923e-25)
(1.65886 0.0356608 -1.38749e-25)
(1.75547 0.0562662 0)
(1.93224 0.10388 -1.69058e-23)
(2.01264 0.0634633 0)
(2.07232 0.0651261 0)
(2.10676 0.0463262 0)
(2.13344 0.0329766 0)
(2.15515 0.0186213 9.1552e-24)
(2.24975 0.0863102 1.30031e-25)
(2.25649 0.121091 -2.91964e-25)
(2.26989 0.188713 1.60565e-25)
(2.23697 0.216959 3.64769e-23)
(2.14782 0.240668 4.30021e-23)
(2.03487 0.25275 3.90902e-23)
(1.8684 0.0914123 -1.40136e-24)
(1.7082 0.119826 -6.38642e-25)
(1.62743 0.132058 7.54542e-26)
(1.63319 0.154311 -6.05894e-25)
(1.72751 0.171593 0)
(1.93217 0.163946 1.67651e-23)
(2.03216 0.166301 0)
(2.09131 0.120177 0)
(2.12798 0.0853219 1.24023e-24)
(2.15355 0.0542481 -1.65616e-25)
(2.17209 0.0324416 1.36276e-23)
(2.01308 -0.00409292 -1.43157e-24)
(2.14445 -0.0174483 -1.89654e-24)
(2.12189 -0.0418946 2.36433e-25)
(2.02582 0.00409815 -4.97075e-25)
(2.16351 -0.0208047 0)
(2.14787 -0.0709184 -4.40824e-24)
(2.0408 0.0200021 -8.9957e-25)
(2.19753 -0.0167472 5.53314e-24)
(2.21326 -0.0766825 0)
(2.19169 -0.131255 9.25721e-24)
(2.12772 -0.220772 0)
(1.97968 -0.326516 5.12583e-24)
(1.73083 -0.323717 7.40572e-24)
(2.051 0.0321025 -4.08241e-25)
(2.23754 -0.00468822 -2.56808e-24)
(2.26413 -0.0414269 4.39542e-24)
(2.26462 -0.0841247 -4.07892e-24)
(2.2409 -0.148515 -2.89366e-24)
(2.06727 -0.292214 -3.6711e-24)
(1.74741 -0.381769 3.71826e-24)
(1.63378 -0.444737 -3.47995e-24)
(2.05205 0.0332351 0)
(2.27487 0.0156995 1.32242e-24)
(2.28114 0.00507916 -8.01725e-25)
(2.30062 -0.0061684 7.1375e-24)
(2.32379 -0.0373361 2.81388e-24)
(2.23365 -0.118734 -8.99318e-24)
(1.87518 -0.322999 7.00812e-25)
(1.71387 -0.44959 -1.52822e-23)
(2.04119 0.0299576 5.63612e-25)
(2.28601 0.0265054 -1.04198e-25)
(2.2811 0.0216861 9.00512e-25)
(2.30457 0.0357939 -2.96797e-24)
(2.34522 0.0288703 -7.1432e-24)
(2.34282 0.0402939 7.75068e-24)
(2.10139 -0.0995937 -2.22648e-23)
(1.83979 -0.291033 1.76697e-23)
(2.01604 0.0171494 1.3586e-25)
(2.28266 0.0275757 -6.11959e-25)
(2.27715 0.0325255 1.84492e-24)
(2.29776 0.053378 0)
(1.42388 0.00255085 4.98997e-25)
(1.42175 0.004812 2.72027e-25)
(1.4154 0.00751002 -5.77366e-25)
(1.40426 0.00975463 -9.1144e-28)
(1.38855 0.0116623 5.57249e-25)
(1.36821 0.01279 -5.08013e-25)
(1.34538 0.0130114 -4.02823e-25)
(1.32186 0.0122155 2.78594e-25)
(1.29948 0.009735 -2.78594e-25)
(1.27943 0.00539425 1.0853e-25)
(1.26329 0.000555768 -1.60971e-25)
(1.25181 -0.00364803 1.1425e-25)
(1.24524 -0.00678153 -2.3565e-26)
(1.24311 -0.00881579 0)
(2.13363 -0.00836156 2.83456e-24)
(2.14111 -0.00724135 -9.94985e-27)
(2.01888 -0.00119585 7.46477e-25)
(2.13449 -0.016624 0)
(2.14145 -0.0267662 4.04594e-24)
(2.15195 -0.020307 -5.06868e-24)
(2.15155 -0.00488873 0)
(2.16484 -0.00121605 -1.92699e-24)
(2.03343 0.0115634 7.64622e-25)
(2.15598 -0.028782 0)
(2.17479 -0.0362557 3.90865e-24)
(2.17921 -0.019738 -5.78465e-24)
(2.18108 0.00324319 1.9272e-24)
(2.19975 0.00766763 -1.52996e-24)
(2.04688 0.0275009 1.89533e-24)
(2.19818 -0.032305 -3.65263e-24)
(2.22296 -0.0341932 3.15163e-24)
(2.2172 -0.0124114 -3.14955e-24)
(2.21883 0.0118226 2.89978e-24)
(2.23457 0.0155236 5.51467e-25)
(2.05244 0.0333848 -5.2541e-25)
(2.24591 -0.0276031 -7.4796e-24)
(2.26532 -0.0215798 -1.00776e-23)
(2.25786 0.00454378 1.19774e-24)
(2.24406 0.0187652 0)
(2.24722 0.0210491 -4.52669e-25)
(2.04913 0.0325175 -3.38777e-25)
(2.2786 -0.00377378 1.09584e-24)
(2.28438 0.0142776 6.86966e-25)
(2.28416 0.0234309 -1.9087e-24)
(2.24729 0.0216768 9.61842e-25)
(2.246 0.0214735 1.11087e-25)
(2.02957 0.0245354 -2.11719e-25)
(2.28586 0.025095 -3.34981e-24)
(2.28561 0.0292873 2.84472e-25)
(2.2853 0.0269323 -3.18043e-27)
(2.24178 0.0194031 -1.03176e-25)
(2.23224 0.0162926 -7.56885e-25)
(2.00255 0.0103749 -4.72938e-25)
(2.28403 0.0304049 6.35517e-25)
(2.2787 0.0370008 2.26995e-24)
(2.27643 0.0270018 6.26409e-25)
(0.477115 -0.0022284 0)
(0.155733 0.000266078 0)
(0.481513 -0.00230777 0)
(0.16354 0.000738061 0)
(0.477499 -0.000927509 0)
(0.166548 0.000807185 0)
(0.463785 0.000670529 0)
(0.16222 0.000556288 0)
(0.445942 0.00178027 0)
(0.152182 0.000360412 0)
(0.430926 0.00221974 0)
(0.140743 -7.22247e-05 0)
(0.425696 0.0016525 0)
(0.134218 -0.000912005 0)
(0.480125 -0.00235238 0)
(0.159923 0.00046556 0)
(0.480973 -0.00186401 0)
(0.165894 0.000932455 0)
(0.471498 -6.17919e-05 0)
(0.165384 0.000620046 0)
(0.454963 0.00124076 0)
(0.157677 0.000460527 0)
(0.437566 0.00215919 0)
(0.146247 0.000229939 0)
(0.42687 0.00203394 0)
(0.136558 -0.000477263 0)
(0.426742 0.00112172 0)
(0.133602 -0.000961941 0)
(1.99026 0.0050676 2.84302e-25)
(2.2684 0.026517 8.77145e-25)
(2.2663 0.0434595 -2.89567e-24)
(2.1724 0.00923377 0)
(2.18624 -4.41535e-06 -2.81386e-24)
(2.16657 -0.00522909 1.89046e-24)
(1.35089 -0.00453858 -1.0967e-24)
(1.96337 -0.00187791 -1.16462e-24)
(2.24617 0.0275066 3.97007e-24)
(2.24856 0.0564234 -1.30421e-24)
(2.18562 0.0150858 0)
(2.19824 0.00119825 -8.91576e-25)
(2.17437 -0.00673389 2.67296e-24)
(1.33348 -0.00560689 2.78594e-25)
(1.93569 -0.00373589 2.81488e-24)
(2.21531 0.0293578 -8.39178e-24)
(2.2167 0.0683821 0)
(2.21158 0.1129 0)
(2.20464 0.154719 1.27707e-23)
(2.21544 0.218949 -4.34535e-25)
(2.18907 0.275669 2.30457e-24)
(2.13265 0.288058 2.38071e-24)
(2.05322 0.335631 -3.45347e-24)
(1.93919 0.305828 0)
(1.72377 0.225327 -2.89795e-25)
(1.61748 0.228691 -6.22999e-25)
(1.62474 0.226655 5.21271e-24)
(1.71634 0.248283 -1.62587e-24)
(1.93593 0.249082 -1.05739e-23)
(2.07586 0.220787 1.08997e-23)
(2.14601 0.139512 -2.03132e-24)
(2.17558 0.0936917 0)
(2.18836 0.0535038 0)
(2.19569 0.0307371 -2.61977e-23)
(2.20378 0.0130022 -8.07149e-25)
(2.21255 -0.000900855 4.78761e-24)
(2.18486 -0.00768323 7.09642e-24)
(1.31318 -0.00511316 0)
(1.91239 -0.00385338 -2.91101e-24)
(2.18319 0.029493 -1.09201e-23)
(2.16783 0.0748639 0)
(2.16426 0.129634 0)
(2.15157 0.174886 -1.23124e-23)
(2.15717 0.235864 1.15045e-24)
(2.13689 0.308575 -3.48357e-24)
(2.09462 0.335181 6.92681e-24)
(2.04123 0.365068 -1.42313e-23)
(1.94772 0.402903 2.47479e-23)
(1.77399 0.377094 0)
(1.63467 0.350345 1.17976e-24)
(1.62435 0.320986 3.44595e-24)
(1.71489 0.296256 -7.70832e-24)
(1.96488 0.268827 1.0338e-23)
(2.15419 0.173063 -8.13484e-24)
(2.21495 0.0972532 -1.90937e-24)
(2.22008 0.0567042 2.53281e-24)
(2.21781 0.0287758 -1.34098e-24)
(2.21366 0.0128738 1.22022e-23)
(2.2174 0.0036465 9.95996e-24)
(2.22265 -0.00622958 -5.51608e-24)
(2.19341 -0.00801095 0)
(1.29404 -0.0030711 -9.01487e-25)
(1.89717 -0.00326354 2.0071e-25)
(2.15453 0.0276016 -1.27094e-23)
(2.11954 0.0643199 1.50973e-24)
(2.11265 0.113324 -5.38266e-23)
(2.09626 0.157259 0)
(2.08795 0.225137 2.19406e-24)
(2.08518 0.301422 3.61118e-23)
(2.05835 0.349383 1.56004e-23)
(2.00369 0.394687 -1.68268e-23)
(1.92606 0.449012 -2.74095e-23)
(1.78237 0.438278 3.75353e-24)
(1.66963 0.442256 -7.90977e-25)
(1.66393 0.39436 3.75099e-24)
(1.76256 0.311162 3.00212e-23)
(2.06993 0.185854 1.63643e-23)
(2.24571 0.069361 -5.58888e-24)
(2.26298 0.030021 -2.95853e-24)
(2.24508 0.00747341 -8.503e-24)
(2.23184 0.000991774 9.33874e-25)
(2.22098 -0.00641372 -1.49658e-23)
(2.22263 -0.00579033 -9.95952e-24)
(2.22603 -0.0111219 7.83464e-24)
(2.19753 -0.00812899 2.13538e-24)
(1.27845 -0.00104645 0)
(1.88924 -0.00236237 7.29967e-24)
(2.12342 0.0176871 -8.78078e-25)
(2.09072 0.0367038 3.62582e-24)
(2.07034 0.0725991 1.07738e-22)
(2.0387 0.102005 -5.37461e-23)
(2.00917 0.173646 0)
(2.00991 0.248411 -3.83214e-23)
(1.99386 0.337075 1.03361e-23)
(1.94296 0.398445 -2.00341e-23)
(1.88409 0.458153 3.83477e-24)
(1.78679 0.421091 -9.03748e-25)
(1.70375 0.420742 1.98659e-24)
(1.74641 0.347723 -1.02339e-23)
(1.93098 0.190139 7.65889e-24)
(2.2157 0.0346884 -1.65193e-23)
(2.29538 -0.0160473 -1.77052e-23)
(2.27645 -0.0145044 2.34838e-24)
(2.24886 -0.0176624 7.89304e-24)
(2.23292 -0.0101649 -6.10424e-25)
(2.22127 -0.0129354 1.60008e-23)
(2.22284 -0.00881965 -8.16184e-25)
(2.226 -0.0123601 -7.66563e-24)
(2.19757 -0.00816511 1.73655e-24)
(1.26739 0.000507461 -1.18956e-25)
(1.888 0.000492244 -7.24544e-24)
(2.10038 0.00358588 -1.51694e-23)
(2.07942 0.00765623 6.13951e-23)
(2.0474 0.0310035 -6.25845e-23)
(1.9937 0.0402753 6.47682e-23)
(1.93456 0.0940162 6.61945e-24)
(1.91797 0.159961 3.64096e-24)
(1.9051 0.254506 -7.98809e-23)
(1.88562 0.326547 1.93621e-23)
(1.88165 0.351363 -1.44247e-24)
(1.80323 0.337441 8.23339e-25)
(1.76587 0.302685 2.26131e-24)
(1.88707 0.186801 -3.80385e-23)
(2.10101 0.0199341 3.39474e-23)
(2.27585 -0.0607724 0)
(2.2978 -0.0447789 2.31715e-23)
(2.27253 -0.0298211 2.6864e-24)
(2.24436 -0.0255438 -3.22729e-24)
(2.22963 -0.0133875 8.50582e-24)
(2.2199 -0.0161407 -8.36847e-25)
(2.22205 -0.0097639 8.29935e-25)
(2.22508 -0.0136257 0)
(2.19417 -0.00706192 0)
(1.26064 0.00144593 9.77649e-25)
(1.89694 0.00669894 0)
(2.09807 -0.00134294 0)
(2.0785 -0.00680805 -5.57944e-23)
(2.04117 -0.00923642 1.10928e-22)
(1.97421 0.000424525 1.49534e-22)
(1.8865 0.0100825 8.32199e-23)
(1.84615 0.0625386 3.28138e-24)
(1.83065 0.116442 3.42332e-23)
(1.8435 0.166534 2.69216e-24)
(1.88025 0.174003 1.78556e-24)
(1.82291 0.212105 2.3373e-23)
(1.87168 0.106878 -1.95826e-24)
(2.02861 -0.00159676 3.77883e-23)
(2.18245 -0.10893 -5.17283e-23)
(2.27783 -0.0934876 -2.54418e-23)
(2.27689 -0.0763485 1.1385e-23)
(2.25504 -0.0471508 -2.75158e-25)
(2.23165 -0.0396814 1.52946e-23)
(2.22318 -0.0228103 -8.72941e-24)
(2.21722 -0.0240504 0)
(2.21974 -0.0131805 -9.89403e-25)
(2.22266 -0.0161471 1.80514e-23)
(2.18712 -0.00692717 7.70725e-24)
(1.25715 0.00199417 0)
(1.91483 0.0112065 0)
(2.10412 -0.0111912 2.90965e-23)
(2.08253 -0.0245864 6.48956e-25)
(2.04096 -0.0387699 -2.96721e-23)
(1.97345 -0.0181185 -1.08251e-22)
(1.87599 -0.0449801 -1.06616e-22)
(1.81716 -0.0303639 -7.08692e-23)
(1.80085 -0.0122067 0)
(1.82168 -0.00873052 -8.6601e-24)
(1.85728 0.00528705 -6.41053e-23)
(1.85686 0.0496106 -2.37037e-23)
(1.99101 -0.0942495 0)
(2.10309 -0.148793 1.36817e-23)
(2.19424 -0.175613 -1.33085e-23)
(2.25386 -0.133458 -4.6504e-23)
(2.24181 -0.117581 -2.60999e-24)
(2.22969 -0.0753685 1.30372e-23)
(2.21874 -0.061704 -4.05736e-23)
(2.21313 -0.0426446 0)
(2.2119 -0.0349222 0)
(2.21395 -0.0210307 0)
(2.21766 -0.0187993 -1.70529e-23)
(2.17806 -0.00890992 -6.89412e-24)
(1.25469 0.00170076 -1.33189e-24)
(1.9374 0.00684525 1.04774e-23)
(2.12183 -0.0267247 2.51726e-23)
(2.09552 -0.0648779 -1.18357e-22)
(2.04312 -0.085819 -1.05617e-22)
(1.97765 -0.0870873 0)
(1.87741 -0.0906152 0)
(1.81332 -0.0862558 4.44664e-24)
(1.79859 -0.074125 1.28133e-23)
(1.81839 -0.0966298 -2.08923e-23)
(1.85546 -0.0751634 1.65649e-22)
(1.93224 -0.159312 3.32175e-23)
(2.05697 -0.221926 -4.7233e-24)
(2.11643 -0.23665 -9.86327e-24)
(2.18172 -0.21167 -1.0338e-23)
(2.20742 -0.194612 4.76647e-23)
(2.21117 -0.141425 3.22156e-24)
(2.202 -0.110772 -1.36336e-23)
(2.19939 -0.0861009 6.99875e-23)
(2.19565 -0.0637579 -5.31183e-23)
(2.19873 -0.0470518 -4.21982e-23)
(2.20167 -0.0301293 4.97878e-24)
(2.20608 -0.0215766 4.62007e-23)
(2.16846 -0.00836148 -2.63886e-24)
(1.25151 0.000839383 4.31706e-24)
(1.96524 0.00174458 -1.05507e-23)
(2.15187 -0.035503 9.24586e-23)
(2.13424 -0.103724 2.74468e-23)
(2.05778 -0.144643 0)
(1.97676 -0.178774 2.15242e-23)
(1.87112 -0.150687 -2.0557e-23)
(1.8119 -0.158751 8.78639e-23)
(1.80357 -0.161765 0)
(1.83272 -0.20263 0)
(1.90374 -0.21201 -8.09953e-23)
(1.98485 -0.30079 -2.33419e-23)
(2.06592 -0.284736 2.65709e-24)
(2.10951 -0.267344 1.25597e-23)
(2.14726 -0.256511 9.44136e-24)
(2.16655 -0.216657 -2.07592e-23)
(2.17093 -0.160809 2.41039e-24)
(2.17114 -0.129276 -7.39466e-24)
(2.17131 -0.0979376 -2.53348e-23)
(2.17284 -0.0700847 4.09279e-23)
(2.17875 -0.050813 1.31257e-22)
(2.1868 -0.0316876 0)
(2.19027 -0.0214333 -4.49772e-23)
(2.15731 -0.00846106 -2.90164e-24)
(1.2475 -0.00080606 -3.18512e-24)
(1.99178 0.00225808 0)
(2.19208 -0.0394295 3.65181e-23)
(2.20206 -0.106626 7.42241e-23)
(2.10787 -0.174711 0)
(1.98062 -0.229763 0)
(1.86777 -0.212674 -4.23004e-23)
(1.82645 -0.24548 -4.15578e-23)
(1.84153 -0.288853 0)
(1.87976 -0.346237 -7.57824e-24)
(1.93764 -0.35202 -2.75628e-24)
(1.98722 -0.366627 1.01385e-23)
(2.05027 -0.317904 9.40066e-25)
(2.08561 -0.282155 -1.3483e-23)
(2.11309 -0.242402 8.29706e-24)
(2.11923 -0.199963 -2.1749e-23)
(2.12532 -0.153953 1.11543e-22)
(2.13613 -0.112871 9.37572e-23)
(2.13984 -0.0865064 -9.30142e-23)
(2.14805 -0.0559745 0)
(2.15914 -0.0403872 -1.00777e-22)
(2.17242 -0.0234128 1.07304e-22)
(2.17875 -0.0156366 1.59942e-24)
(2.14489 -0.0111514 -1.26346e-23)
(1.24125 -0.00260551 0)
(2.00929 0.00784515 2.84713e-25)
(2.23643 -0.0301937 3.38863e-23)
(2.2585 -0.0684132 4.97351e-23)
(2.18633 -0.1345 0)
(2.01555 -0.232856 0)
(1.88692 -0.275208 3.10987e-23)
(1.87375 -0.325061 -2.62192e-23)
(1.88962 -0.360399 6.93705e-23)
(1.90964 -0.386504 0)
(1.93454 -0.401813 0)
(1.96541 -0.399305 1.12697e-24)
(1.99055 -0.34429 -1.14718e-24)
(2.01792 -0.282333 -1.1412e-23)
(2.06456 -0.202876 -1.69942e-23)
(2.07654 -0.161263 3.57812e-23)
(2.08282 -0.124807 -1.42801e-22)
(2.09877 -0.0767134 -1.20452e-22)
(2.11207 -0.0560197 1.19709e-22)
(2.12568 -0.0295277 0)
(2.14483 -0.0206348 1.3417e-22)
(2.16278 -0.0101535 -6.9021e-24)
(2.17436 -0.00778079 4.0429e-24)
(2.137 -0.00765996 -3.14666e-24)
(1.23211 -0.00344158 3.42198e-24)
(2.01025 0.011076 -2.7805e-23)
(2.27882 -6.16681e-05 -5.34457e-24)
(2.28859 -0.0117572 -4.46332e-23)
(2.26306 -0.0470904 0)
(2.13035 -0.13228 -9.03188e-23)
(1.96409 -0.236765 -4.5292e-23)
(1.91229 -0.312457 8.79204e-23)
(1.91733 -0.328083 -6.92592e-23)
(1.93267 -0.358641 5.16411e-23)
(1.93826 -0.38909 0)
(1.91758 -0.382087 0)
(1.91324 -0.316568 0)
(1.94639 -0.264687 -1.60908e-23)
(1.98721 -0.169888 1.67869e-23)
(2.03182 -0.114565 3.21872e-23)
(2.04291 -0.0728224 -1.23197e-22)
(2.06259 -0.0314948 -1.89591e-22)
(2.09259 -0.0149102 1.74981e-22)
(2.11344 -0.00413284 -3.30049e-23)
(2.13986 -0.00339105 -1.16917e-22)
(2.16032 -0.000652201 -9.75895e-23)
(2.17424 -0.00414294 8.97174e-23)
(2.13583 -0.0039964 4.85618e-23)
(1.22239 -0.00334798 0)
(1.98913 0.0118984 -2.13356e-23)
(2.29358 0.0218508 0)
(2.29481 0.0234232 2.46714e-24)
(2.30143 0.0174549 1.46338e-22)
(2.22918 -0.0206611 -2.08792e-23)
(2.07683 -0.119444 7.35998e-23)
(1.96513 -0.220435 0)
(1.93818 -0.243661 -8.57141e-23)
(1.95437 -0.256144 5.70192e-24)
(1.96591 -0.283197 7.35234e-24)
(1.89533 -0.288163 -1.33543e-23)
(1.86203 -0.264816 -7.47974e-26)
(1.88309 -0.22243 -1.53653e-23)
(1.90347 -0.136615 1.69074e-23)
(1.9713 -0.0754905 0)
(2.00029 -0.00903848 1.64644e-22)
(2.04105 0.00652548 1.54992e-22)
(2.08739 0.0121137 -6.53087e-23)
(2.11283 0.00549832 0)
(2.14023 0.00411204 0)
(2.16121 0.00357111 0)
(2.17536 -0.000854886 8.67037e-23)
(2.13736 -0.00234489 -4.76284e-23)
(1.21331 -0.00261928 -1.13611e-23)
(1.95954 0.010386 -2.4946e-23)
(2.29231 0.033695 2.59206e-23)
(2.29298 0.039709 -3.49093e-23)
(2.30459 0.0427625 -1.23986e-22)
(2.27227 0.0563182 5.22082e-23)
(2.17111 0.00126289 0)
(2.04915 -0.0826826 1.64836e-22)
(1.96101 -0.153454 4.16219e-23)
(1.96596 -0.148367 1.89589e-23)
(1.98194 -0.186061 -3.2371e-23)
(1.89464 -0.142162 6.75377e-24)
(1.84055 -0.171336 -6.56454e-26)
(1.82731 -0.125115 -7.16745e-25)
(1.83159 -0.0647319 3.69745e-23)
(1.89632 -0.00794187 -4.26555e-23)
(1.97149 0.0583185 -2.30329e-22)
(2.0399 0.0243126 9.21804e-23)
(2.08933 0.0323717 -8.29062e-23)
(2.11645 0.0226273 8.31546e-23)
(2.14298 0.0189065 0)
(2.16439 0.0136256 2.06241e-22)
(2.17811 0.00665354 -1.9094e-22)
(2.14205 0.00346228 -8.87386e-23)
(1.20665 -0.000829467 1.11508e-23)
(1.91998 0.0105775 -1.82472e-23)
(2.2863 0.04271 -1.43357e-23)
(2.28633 0.0615732 9.08835e-24)
(2.29488 0.0666913 -7.81114e-23)
(2.27462 0.093559 2.41117e-22)
(2.21285 0.0991078 9.13651e-23)
(2.12704 0.060271 -1.64959e-22)
(2.02109 -0.0123262 0)
(1.97747 -0.0760543 -4.10203e-23)
(1.96497 -0.0676339 4.14462e-23)
(1.88662 -0.0058509 0)
(1.83525 -0.0421404 -2.67642e-25)
(1.7822 0.00958492 0)
(1.78426 0.0356678 0)
(1.843 0.0685651 3.96099e-23)
(1.96603 0.0972652 9.42677e-23)
(2.05058 0.0714549 -8.9355e-23)
(2.09514 0.0757399 -6.7175e-23)
(2.12574 0.0559924 -5.62322e-23)
(2.15135 0.0362789 1.23189e-22)
(2.17196 0.0268215 -3.78433e-22)
(2.18523 0.0108029 9.79589e-24)
(2.14965 0.00486046 -8.37143e-23)
(1.20361 0.000341279 0)
(1.88052 0.0120698 -4.69916e-23)
(2.26567 0.0435244 -4.29108e-23)
(2.27364 0.0636286 7.16532e-23)
(2.26295 0.0819812 0)
(2.25368 0.107665 -7.49746e-23)
(2.21214 0.127162 -3.22978e-22)
(2.15058 0.146719 0)
(2.08483 0.139642 2.27186e-24)
(2.00952 0.0772699 -3.90573e-23)
(1.93394 0.101242 0)
(1.87852 0.0986378 -1.38657e-24)
(1.82452 0.105839 -2.80122e-24)
(1.76169 0.11739 0)
(1.76762 0.121406 4.10637e-24)
(1.82709 0.139824 -5.72924e-23)
(1.96397 0.145931 0)
(2.06208 0.154618 9.10625e-23)
(2.11227 0.110016 5.36979e-23)
(2.1519 0.0792207 8.63561e-23)
(2.17512 0.0510296 -1.48126e-22)
(2.18963 0.0333608 2.51029e-22)
(2.20016 0.0140837 -2.22405e-22)
(2.16013 0.00425375 1.74032e-23)
(1.20177 0.00061906 0)
(1.85076 0.00848568 -1.21531e-23)
(2.23827 0.0356525 1.37869e-22)
(2.25254 0.0759147 -4.59054e-23)
(2.2411 0.117138 5.93794e-23)
(2.22257 0.15418 -4.92645e-23)
(2.19261 0.182244 9.43513e-23)
(2.14319 0.200323 -3.4556e-24)
(2.09233 0.211672 3.67458e-23)
(2.02863 0.227341 2.42693e-24)
(1.93811 0.1935 0)
(1.88588 0.174263 8.36415e-24)
(1.81328 0.181401 1.22934e-24)
(1.7523 0.192676 1.40376e-24)
(1.75759 0.195416 -4.06702e-24)
(1.80745 0.205152 2.06494e-23)
(1.96305 0.187707 -5.63226e-24)
(2.10225 0.160509 5.13881e-24)
(2.15915 0.114249 -6.15241e-23)
(2.1887 0.0781136 -9.32915e-23)
(2.2014 0.0480785 1.21034e-22)
(2.20919 0.0307477 -1.4466e-22)
(2.21882 0.00874244 3.30118e-22)
(2.17208 0.00359548 4.23245e-24)
(1.19918 0.00143762 -9.03591e-25)
(1.82635 -0.00187545 0)
(2.20169 0.0237586 1.00546e-22)
(2.21589 0.0558564 0)
(2.21289 0.10504 -2.18568e-23)
(2.19308 0.140001 -5.65025e-24)
(2.17033 0.191385 3.28553e-23)
(2.13414 0.213936 3.20505e-24)
(2.08579 0.223274 -1.04235e-23)
(2.02861 0.258088 0)
(1.96488 0.26984 0)
(1.89778 0.25284 0)
(1.82603 0.235282 -1.82427e-23)
(1.76408 0.198573 -5.73758e-24)
(1.75696 0.207024 -4.59447e-26)
(1.808 0.209068 0)
(1.96884 0.18831 0)
(2.11645 0.149929 -9.44935e-24)
(2.19449 0.091156 -7.72654e-24)
(2.21173 0.0613307 -1.33438e-23)
(2.2203 0.033756 0)
(2.22306 0.022289 1.18633e-24)
(2.23014 0.00300292 -2.29888e-24)
(2.17923 -0.000387874 0)
(1.19132 0.00173862 1.16456e-22)
(1.79063 -0.0104729 9.66535e-23)
(2.1652 0.0102014 -3.03437e-24)
(2.1722 0.0500854 1.39438e-24)
(2.16068 0.0942969 1.56595e-24)
(2.14342 0.135093 7.28544e-25)
(2.1146 0.177651 0)
(2.0877 0.232172 0)
(2.05022 0.266648 -6.52499e-25)
(2.00965 0.301698 6.00464e-25)
(1.95511 0.325334 -3.05068e-25)
(1.91506 0.337385 0)
(1.85143 0.340449 0)
(1.78769 0.309507 6.86923e-27)
(1.77492 0.271095 7.73085e-26)
(1.83674 0.233925 0)
(2.0169 0.17872 8.0791e-26)
(2.18133 0.107564 6.62782e-25)
(2.23577 0.0563932 2.63876e-25)
(2.24149 0.0308211 2.99854e-25)
(2.23561 0.0162507 9.428e-25)
(2.23887 0.00790866 4.68459e-25)
(2.2398 -0.00125605 0)
(2.17629 -0.00362068 7.1671e-24)
(1.16434 -0.00198617 0)
(1.24367 -0.0096844 0)
(1.24755 -0.0107461 -1.20715e-25)
(1.3431 -0.00515741 1.80212e-26)
(1.25417 -0.0112334 -3.82891e-25)
(1.26081 -0.0106623 -1.12257e-25)
(1.32363 -0.00548637 0)
(1.26765 -0.00926654 4.95152e-25)
(1.27375 -0.00714746 0)
(1.30355 -0.00415306 7.3186e-25)
(1.27858 -0.00428389 0)
(1.28154 -0.00118122 0)
(1.28589 -0.0019218 0)
(1.2827 0.00131692 -2.03168e-24)
(1.28279 0.00233432 1.305e-24)
(1.27242 -0.000122454 1.26303e-25)
(1.28226 0.00329181 0)
(1.27999 0.0050081 -5.06574e-25)
(1.26332 0.0011062 0)
(1.27518 0.00786888 0)
(1.26843 0.0111805 4.40084e-24)
(1.25827 0.00186552 -9.7765e-25)
(1.25838 0.0136719 -4.40076e-24)
(1.24561 0.013635 4.86061e-25)
(1.25559 0.00199301 1.52139e-25)
(1.23254 0.0113456 0)
(1.22167 0.00761383 2.76447e-24)
(1.25292 0.00138304 -8.08017e-26)
(1.21367 0.00409744 -3.16518e-24)
(1.20972 -0.000122105 0)
(1.2494 0.000184903 -6.90163e-27)
(1.20895 -0.00277696 0)
(1.20928 -0.00382163 -5.73643e-24)
(1.24458 -0.00163223 0)
(1.21061 -0.0051401 5.55281e-24)
(1.21139 -0.00557469 0)
(1.23686 -0.00300373 3.53084e-24)
(1.21129 -0.00540809 -9.08326e-24)
(1.21018 -0.00443783 1.68207e-23)
(1.22716 -0.00315404 -6.95293e-24)
(1.20745 -0.00352462 -1.31104e-24)
(1.20431 -0.00371102 -6.69804e-24)
(1.21762 -0.0028067 -7.71795e-28)
(1.20094 -0.00343985 0)
(1.19746 -0.00216668 5.34335e-28)
(1.20928 -0.00177247 1.28834e-24)
(1.1939 -0.000699329 0)
(1.18974 0.000632044 -8.34387e-24)
(1.20445 -0.000298722 -1.31683e-24)
(1.18428 0.00253253 -1.73605e-24)
(1.17806 0.0047994 8.48494e-24)
(1.20229 0.000406506 0)
(1.16973 0.00618568 4.9956e-23)
(1.16127 0.00536429 -4.94754e-23)
(1.19919 0.000436229 -1.03734e-24)
(1.154 0.00326343 1.32987e-23)
(1.14695 0.000174777 -1.7496e-24)
(1.19168 0.000168048 -8.03967e-23)
(1.14835 -0.00125419 -1.01646e-22)
(1.1094 0.00198696 5.76737e-22)
(1.13835 -0.00420121 -1.17297e-22)
(1.13874 -0.00198802 -5.37503e-22)
(2.0601 -0.00335618 2.09981e-24)
(2.18738 0.0286023 -1.0902e-24)
(2.16755 0.0552092 -1.86286e-24)
(2.15527 0.0978079 -1.67314e-24)
(2.13648 0.131273 -3.22321e-25)
(2.10559 0.17247 7.65264e-26)
(2.07375 0.224558 3.60105e-25)
(2.02643 0.277404 3.02513e-25)
(1.9949 0.304869 -1.5045e-25)
(1.94332 0.327535 0)
(1.89704 0.331396 0)
(1.83009 0.315892 9.51874e-27)
(1.76934 0.288636 1.18617e-25)
(1.79379 0.253055 -3.99814e-26)
(1.88527 0.201459 0)
(2.07417 0.149193 0)
(2.20938 0.0906489 -1.03577e-25)
(2.2389 0.0520258 0)
(2.24036 0.030833 -5.35519e-25)
(2.23586 0.0165783 -6.75186e-25)
(2.23886 0.0080266 1.06225e-24)
(2.23429 -0.000118894 0)
(1.91655 -0.00553632 -7.34693e-24)
(2.22114 0.0144294 -2.10943e-25)
(2.20829 0.0137429 9.6998e-25)
(1.97735 0.000764088 1.27688e-24)
(2.27125 0.0347282 -4.53159e-24)
(2.26121 0.0400758 4.49032e-24)
(2.25847 0.0263748 -3.40262e-24)
(2.01101 -0.00830239 0)
(2.01167 -0.0106472 1.83064e-24)
(2.16982 -0.00507287 -5.66164e-24)
(2.19438 0.0136828 0)
(2.17985 0.0134955 0)
(1.94909 -0.00302902 0)
(2.25117 0.0384118 8.95502e-24)
(2.23872 0.0436386 -6.95264e-24)
(2.23152 0.0284409 6.63345e-25)
(2.01254 -0.0128096 -7.17291e-25)
(2.01305 -0.0139596 8.4562e-25)
(2.17966 -0.00656681 -4.1385e-24)
(2.16501 0.0131401 -1.8184e-26)
(2.14969 0.012732 -1.75153e-24)
(1.92325 -0.00409252 -1.70172e-24)
(2.22635 0.0415826 2.88832e-24)
(2.21093 0.043147 4.0623e-24)
(2.1987 0.0294115 5.43325e-24)
(2.01312 -0.0143414 -7.38781e-25)
(2.01278 -0.0145092 -6.54601e-25)
(2.18952 -0.00745763 5.79326e-25)
(2.13438 0.0127363 0)
(2.11909 0.012574 -7.40707e-24)
(1.90359 -0.00338011 2.91102e-24)
(2.19459 0.04041 -1.05239e-23)
(2.17514 0.0424119 1.05189e-23)
(2.16867 0.0290221 2.42861e-23)
(2.01169 -0.0145621 1.51985e-25)
(2.00958 -0.0138041 -2.68976e-24)
(2.19613 -0.00777045 5.77857e-25)
(2.10385 0.0116886 6.74947e-24)
(2.08899 0.00991726 1.65995e-24)
(1.89252 -0.00329471 4.25152e-25)
(2.15668 0.0422543 0)
(2.13821 0.0437915 0)
(2.13927 0.0241954 -1.65892e-24)
(2.00707 -0.0130023 1.73978e-25)
(2.00315 -0.0118595 1.82287e-24)
(2.19774 -0.00842338 -2.02782e-24)
(2.07636 0.00814455 1.52805e-23)
(2.06815 0.00676743 -1.62375e-23)
(1.88777 -0.000554276 -6.53412e-24)
(2.12275 0.0402554 -1.44671e-23)
(2.10997 0.0314911 0)
(2.10925 0.0104802 1.83587e-24)
(1.99891 -0.0104235 1.08456e-25)
(1.99372 -0.00861033 0)
(2.19651 -0.00885884 -1.82116e-24)
(2.06501 0.00558476 0)
(2.06493 0.00464703 0)
(1.89016 0.00229218 7.45783e-24)
(2.1012 0.0188617 3.09823e-23)
(2.09682 0.00669515 -3.09634e-23)
(2.09765 -0.000139886 1.44394e-23)
(1.98909 -0.00678388 0)
(1.98416 -0.00541912 4.00412e-24)
(2.1907 -0.00771987 -8.22816e-24)
(2.06637 0.00365243 0)
(2.071 0.0015034 0)
(1.9056 0.0103759 -4.43169e-25)
(2.09618 0.00183799 0)
(2.09702 -0.00424899 0)
(2.10015 -0.00475107 -2.83546e-23)
(1.97942 -0.00460955 -3.48035e-24)
(1.9738 -0.00430756 -4.80343e-24)
(2.18246 -0.00885792 2.18368e-24)
(2.07952 -0.00359797 -2.70363e-23)
(2.09117 -0.0110582 3.11687e-23)
(1.92528 0.00961058 -4.0245e-25)
(2.09934 -0.00856734 -1.4097e-23)
(2.10266 -0.0279927 1.03764e-22)
(2.11104 -0.0204132 -3.37128e-24)
(1.96786 -0.00445391 4.36664e-24)
(1.9614 -0.00456999 0)
(2.17315 -0.00957592 4.8277e-24)
(2.10522 -0.0180548 0)
(2.12012 -0.0240262 -3.01322e-24)
(1.9514 0.00376361 -2.61948e-25)
(2.11058 -0.0359834 -5.79666e-23)
(2.12369 -0.0523634 5.01873e-23)
(2.13583 -0.032326 -6.95967e-23)
(1.95549 -0.00447345 8.39513e-26)
(1.95009 -0.00403925 1.78271e-25)
(2.16295 -0.00812211 0)
(2.13561 -0.0276127 -3.77893e-25)
(2.15256 -0.0287349 2.71004e-24)
(1.97887 0.00110704 3.21441e-25)
(2.1446 -0.0577245 -5.00697e-23)
(2.16869 -0.067994 0)
(2.1714 -0.0391086 -4.71769e-23)
(1.94538 -0.00368236 1.24526e-23)
(1.94074 -0.00378882 -1.24514e-23)
(2.15081 -0.0101028 0)
(2.17146 -0.0275311 1.27191e-24)
(2.19295 -0.0240509 -1.21158e-24)
(2.00225 0.00471044 1.21137e-24)
(2.1968 -0.0667986 0)
(2.22383 -0.071185 1.63186e-23)
(2.21399 -0.0388438 -7.1365e-23)
(1.93645 -0.00429715 0)
(1.93273 -0.00509208 1.59171e-24)
(2.1399 -0.0100327 4.64473e-24)
(2.21508 -0.0172038 -2.07473e-24)
(2.23319 -0.00722293 3.12623e-23)
(2.01151 0.00998846 2.85995e-23)
(2.24861 -0.0623714 1.85861e-24)
(2.27031 -0.0524805 -1.0211e-23)
(2.25939 -0.0175514 -3.56773e-24)
(1.93053 -0.00542842 -9.88365e-26)
(1.92988 -0.00548649 0)
(2.13588 -0.00442173 -6.40602e-23)
(2.24353 0.00462178 -6.9644e-23)
(2.24628 0.0131433 7.69673e-23)
(2.00242 0.0122581 1.81752e-23)
(2.28689 -0.026815 3.92445e-24)
(2.29782 -0.00417833 -3.26736e-24)
(2.29062 0.0133753 -8.32288e-24)
(1.92999 -0.00538865 1.81678e-25)
(1.93058 -0.00526722 0)
(2.13619 -0.00111561 4.52656e-23)
(2.24559 0.0168803 -3.09848e-23)
(2.24169 0.0215725 -4.82714e-24)
(1.97554 0.0106711 0)
(2.30211 0.0155865 0)
(2.30196 0.0207993 4.959e-24)
(2.29308 0.0247907 -2.69146e-23)
(1.93177 -0.00513242 2.0525e-23)
(1.9342 -0.00378968 1.30173e-23)
(2.13893 0.00376376 8.22515e-23)
(2.23448 0.0293194 4.23712e-24)
(2.22275 0.0341883 1.96964e-23)
(1.94089 0.0101259 2.49379e-23)
(2.30038 0.030249 7.95124e-25)
(2.29874 0.0419509 -1.9654e-25)
(2.29077 0.0368333 3.61184e-25)
(1.93678 -0.00311767 -3.73361e-23)
(1.94037 -0.00148918 1.19991e-24)
(2.14513 0.00761027 8.35072e-23)
(2.21119 0.0405151 -1.77317e-23)
(2.19411 0.0395061 -1.55386e-24)
(1.89755 0.0106846 1.90236e-23)
(2.29542 0.0475101 -1.8395e-23)
(2.29107 0.055459 2.5189e-23)
(2.27746 0.0433799 6.87739e-24)
(1.9439 -0.00113915 0)
(1.94684 -0.000867548 0)
(2.15435 0.00918408 -3.92942e-23)
(2.18316 0.0419218 -5.62538e-23)
(2.1648 0.03317 7.36209e-23)
(1.85948 0.0100514 2.88898e-23)
(2.28156 0.0539318 0)
(2.2751 0.0591014 2.73572e-23)
(2.25609 0.041287 -4.8087e-23)
(1.95038 -0.00140201 1.28612e-22)
(1.95255 -0.00327929 1.78697e-23)
(2.16616 0.00758459 -3.06348e-23)
(2.15149 0.0299204 0)
(2.12946 0.0182233 -2.82954e-22)
(1.8275 0.000261229 1.00395e-22)
(2.26039 0.0507379 -2.95146e-24)
(2.2491 0.0535809 -5.26624e-24)
(2.22559 0.033286 0)
(1.95485 -0.00384154 -1.58581e-22)
(1.94958 -0.00534201 -6.0992e-23)
(2.17787 0.00400637 0)
(2.10962 0.0125061 3.48762e-23)
(2.086 0.00278753 3.66014e-23)
(1.77802 -0.00878514 -8.12247e-23)
(2.22482 0.0420215 4.66756e-23)
(2.21344 0.0359223 1.47706e-23)
(2.18966 0.0174342 -3.66556e-23)
(2.21352 0.054894 -5.43962e-24)
(2.19949 0.0599836 -5.91483e-24)
(2.20143 0.0588435 -9.02591e-24)
(2.20584 0.100369 0)
(2.19093 0.111023 9.03902e-25)
(2.19805 0.107482 0)
(2.18593 0.144589 -5.34574e-24)
(2.17139 0.14761 -1.10206e-24)
(2.17851 0.148132 -6.88533e-24)
(2.15243 0.182556 -5.35363e-25)
(2.13994 0.18406 -1.51042e-24)
(2.15263 0.198224 -5.67861e-25)
(2.11215 0.218159 2.5769e-23)
(2.10199 0.227814 2.17578e-24)
(2.12189 0.241237 -2.96092e-24)
(2.06624 0.235954 0)
(2.05065 0.272029 -2.99035e-24)
(2.07562 0.261726 0)
(2.0275 0.236863 -9.46979e-24)
(2.01849 0.281587 0)
(2.02405 0.28397 2.62653e-24)
(1.94787 0.228696 4.35577e-25)
(1.95016 0.304347 -4.35873e-25)
(1.96716 0.310363 0)
(1.89036 0.202558 -1.31686e-23)
(1.89869 0.275037 -6.86634e-25)
(1.9112 0.309787 0)
(1.80879 0.209667 1.34274e-23)
(1.80802 0.257239 -6.32655e-25)
(1.82786 0.324048 -1.82343e-24)
(1.7502 0.208913 4.52414e-26)
(1.74676 0.256428 -2.93125e-26)
(1.76338 0.273896 -7.63898e-26)
(1.76254 0.202526 0)
(1.7636 0.245281 -1.67996e-24)
(1.75381 0.24701 0)
(1.83432 0.194186 -1.2909e-23)
(1.84412 0.21458 -1.77335e-24)
(1.80791 0.230816 1.5132e-24)
(2.00798 0.171233 2.93208e-23)
(2.02321 0.182192 3.65841e-24)
(1.97739 0.200635 1.67211e-24)
(2.14393 0.13204 -2.13601e-23)
(2.16161 0.13688 -6.49983e-25)
(2.13347 0.151924 5.54735e-25)
(2.19597 0.0887832 4.66803e-23)
(2.21198 0.0884982 0)
(2.20623 0.0915505 1.16672e-24)
(2.21353 0.0555391 2.37113e-23)
(2.22534 0.0538987 0)
(2.22392 0.0579273 1.89262e-24)
(2.21922 0.0326971 0)
(2.22699 0.0321179 4.14544e-24)
(2.22542 0.0326881 0)
(2.22347 0.0190103 -3.24489e-23)
(2.22962 0.0181076 -1.7022e-24)
(2.23049 0.0203274 -9.66429e-24)
(2.22634 0.00446613 -1.28724e-23)
(2.2302 0.00595191 2.51105e-23)
(2.23388 0.00401563 0)
(1.95304 -0.00645156 4.05874e-24)
(1.90668 -0.00525476 1.187e-22)
(2.17599 -0.00010788 -1.16774e-23)
(0.471798 0.000543756 0)
(0.15826 -0.000342348 0)
(0.467011 3.4662e-05 0)
(0.15766 -0.00028057 0)
(0.460345 -0.00028366 0)
(0.155117 -0.000178988 0)
(0.453775 -0.0005341 0)
(0.151941 -9.86273e-05 0)
(0.448424 -0.000586966 0)
(0.148887 -1.15731e-05 0)
(0.445004 -0.000530327 0)
(0.146604 0.00011191 0)
(0.443736 -0.000341951 0)
(0.145589 0.000265573 0)
(0.444172 -0.000174141 0)
(0.145928 0.000259586 0)
(0.445101 -9.917e-05 0)
(0.146834 0.000209245 0)
(0.445805 8.62549e-05 0)
(0.147848 5.32936e-05 0)
(0.446208 0.00038277 0)
(0.149167 -9.6669e-05 0)
(0.445633 0.000386239 0)
(0.150193 -0.000253066 0)
(0.443409 0.000270707 0)
(0.15023 -0.000302848 0)
(0.440837 0.000203275 0)
(0.149763 -0.000269643 0)
(0.438418 3.74068e-05 -1.63578e-27)
(0.148876 -0.000192498 1.61959e-27)
(0.437176 0.000129371 0)
(0.148317 -7.72866e-05 0)
(0.437889 0.000253703 0)
(0.149254 0.000132889 0)
(0.439538 0.000235328 -4.23858e-26)
(0.151006 0.000167922 -4.19746e-26)
(0.441718 0.000562512 3.70665e-24)
(0.153267 0.000276035 -9.04943e-26)
(0.453788 0.00159048 8.25366e-24)
(0.162526 0.000332551 0)
(0.429236 -0.000965432 -2.92877e-26)
(0.143383 2.98093e-05 0)
(0.469886 0.000287738 0)
(0.158304 -0.000312282 0)
(0.463859 -0.000140702 0)
(0.156548 -0.000241742 0)
(0.457045 -0.000425884 0)
(0.153588 -0.000122532 0)
(0.450938 -0.00057555 0)
(0.150364 -6.21562e-05 0)
(0.446487 -0.000583778 0)
(0.147635 5.22044e-05 0)
(0.444102 -0.000458057 0)
(0.145919 0.000188226 0)
(0.443818 -0.000243845 0)
(0.145651 0.000270717 0)
(0.444671 -0.00011604 0)
(0.146385 0.000242753 0)
(0.445506 -1.53453e-05 0)
(0.147335 0.000139956 0)
(0.446066 0.000246707 0)
(0.148479 -2.97186e-05 0)
(0.446157 0.000431944 0)
(0.149808 -0.000171209 0)
(0.444689 0.000327855 0)
(0.15033 -0.000284898 0)
(0.442232 0.00026304 -2.32403e-28)
(0.150055 -0.000280082 2.30246e-28)
(0.439717 0.000130375 3.46717e-27)
(0.149413 -0.000221203 0)
(0.43756 8.39417e-05 0)
(0.148451 -0.000155295 0)
(0.437224 0.000198843 0)
(0.148556 2.95345e-05 0)
(0.438473 0.000238365 4.25352e-26)
(0.150003 0.000135597 4.2122e-26)
(0.440071 0.0001632 4.84886e-24)
(0.151748 0.000110567 -2.47357e-24)
(0.443992 0.00126548 2.75378e-25)
(0.155235 7.71063e-05 6.39372e-24)
(0.444807 -0.00653963 2.78231e-26)
(0.157499 -0.000750246 0)
(0.429811 0.000613115 0)
(0.134228 -0.000863704 0)
(0.438837 0.00012641 0)
(0.138171 -0.000851149 0)
(0.449205 -0.000307044 0)
(0.144083 -0.000588291 0)
(0.45735 -0.000632414 0)
(0.149674 -0.000115732 0)
(0.461544 -0.000879252 0)
(0.153364 0.000223363 0)
(0.463758 -0.00130092 0)
(0.156753 0.000402672 0)
(0.464093 -0.00182994 0)
(0.160659 0.00100716 0)
(0.457946 -0.000925223 0)
(0.161146 0.0011708 0)
(0.447049 7.76601e-05 0)
(0.155775 0.000789808 0)
(0.439592 0.000299817 0)
(0.150768 0.00015749 0)
(0.43902 0.000152936 0)
(0.150206 -0.000537481 0)
(0.441741 0.000502016 0)
(0.15238 -0.000891799 0)
(0.442924 0.00110026 0)
(0.153763 -0.00104424 0)
(0.440817 0.00122551 2.06216e-27)
(0.152636 -0.000682489 0)
(0.438536 0.000812173 1.43796e-27)
(0.151442 -0.000662746 -2.83127e-27)
(0.436617 0.000364407 0)
(0.151401 -0.000220704 0)
(0.432928 0.000134599 -9.05017e-31)
(0.150788 0.000206484 8.95072e-31)
(0.425975 0.000579987 0)
(0.147033 0.000561058 5.36401e-26)
(0.420224 0.00014748 -3.65278e-24)
(0.141221 0.000605076 3.65422e-24)
(0.433828 -0.00241534 1.25863e-23)
(0.1473 2.54554e-05 3.93667e-25)
(0.426526 -0.00161511 -5.53241e-25)
(0.13548 0.000491899 1.2709e-22)
(0.433944 0.000377072 0)
(0.135851 -0.000891168 0)
(0.444088 -0.000123022 0)
(0.141024 -0.000754695 0)
(0.453739 -0.00049382 0)
(0.147053 -0.000367416 0)
(0.459903 -0.000746457 0)
(0.151753 8.1341e-05 0)
(0.462758 -0.00107204 0)
(0.154927 0.000285845 0)
(0.464304 -0.00160751 0)
(0.158802 0.000643629 0)
(0.462178 -0.00158185 0)
(0.161645 0.00124334 0)
(0.452595 -0.00029949 0)
(0.158869 0.00103843 0)
(0.442582 0.000233389 0)
(0.152908 0.000464019 0)
(0.43865 0.000225562 0)
(0.149856 -0.000192726 0)
(0.440429 0.000284926 0)
(0.151278 -0.000702528 0)
(0.442668 0.00080967 0)
(0.153331 -0.00102446 0)
(0.442302 0.00122746 -6.01811e-28)
(0.153489 -0.000794131 2.99624e-28)
(0.439496 0.00111159 0)
(0.151823 -0.000706778 1.69751e-27)
(0.437738 0.000521337 -2.40023e-27)
(0.151441 -0.000442766 1.18076e-27)
(0.435049 0.000155392 7.06042e-31)
(0.151222 -2.34766e-05 0)
(0.429932 0.000280333 -2.46204e-30)
(0.149529 0.00038622 1.27591e-27)
(0.422338 0.000496584 3.86333e-24)
(0.143866 0.000610294 -1.32983e-24)
(0.420414 -0.00102509 8.28558e-24)
(0.139544 0.000416825 0)
(0.426976 0.00455482 -2.5289e-23)
(0.14292 0.000889192 2.58599e-23)
(2.35035 -0.0439356 -7.93424e-22)
(2.37001 -0.0876213 3.84752e-21)
(2.41328 -0.114721 -8.83563e-21)
(2.48122 -0.122241 6.59591e-21)
(2.55004 -0.133941 -7.75931e-21)
(2.54097 -0.221607 -1.38673e-20)
(1.37768 -0.272408 0)
(-0.255335 -0.230888 -9.79236e-20)
(-0.0626917 0.232261 -2.97681e-20)
(1.67626 0.303072 1.44705e-20)
(2.49232 0.217154 -3.10769e-21)
(2.45665 0.191441 2.04698e-21)
(1.96852 0.00230142 2.18538e-24)
(-0.161328 0.155184 -1.67451e-20)
(-0.454104 0.0490945 2.50252e-20)
(-0.320402 -0.324688 -2.34741e-20)
(2.34886 -0.0161945 5.37665e-23)
(2.30481 -0.0086155 -6.28141e-23)
(2.35212 -0.0364671 3.67133e-22)
(2.35202 -0.0267692 1.41774e-22)
(2.39377 -0.170739 0)
(2.24978 -0.186289 -3.0333e-20)
(2.59419 -0.224334 1.51568e-20)
(-0.0449296 0.030672 -5.14709e-20)
(-0.00505935 -0.138427 0)
(1.28982 -0.122318 3.07697e-20)
(-0.143071 -0.03441 -2.61114e-20)
(0.217093 0.0663147 3.30019e-20)
(-0.123593 0.227465 1.47602e-20)
(2.34415 0.227042 0)
(2.49032 0.206001 1.20948e-20)
(1.20289 0.12062 0)
(2.13751 -0.0463008 0)
(2.15476 -0.0348381 0)
(1.94355 -0.256307 0)
(1.95606 -0.163356 0)
(2.01549 -0.113922 -6.55677e-24)
(2.04071 -0.0717525 0)
(2.07579 -0.0410549 0)
(2.10205 -0.0269406 0)
(2.12525 -0.0144786 -4.60574e-25)
(2.14719 -0.0120709 4.60292e-25)
(1.74579 -0.385051 0)
(1.77227 -0.38817 -1.0507e-25)
(1.78081 -0.394484 1.04863e-25)
(1.79063 -0.305441 -1.0332e-24)
(1.82705 -0.17395 4.09097e-24)
(1.88485 -0.0922982 1.83641e-24)
(1.97537 -0.0403677 4.72147e-24)
(2.01134 -0.0104054 -1.40106e-23)
(2.06405 0.00178821 1.30615e-23)
(2.09693 -0.0004694 6.48348e-25)
(2.12374 0.00063162 -1.07347e-23)
(2.14687 -0.00325321 8.79094e-24)
(1.78931 -0.243057 -1.71313e-23)
(1.75588 -0.226755 6.26767e-26)
(1.70173 -0.200625 -1.38615e-25)
(1.72154 -0.0813377 -4.53984e-24)
(1.81486 -0.0321608 1.65648e-24)
(1.94282 0.0413319 0)
(2.00477 0.0223548 1.55831e-23)
(2.06491 0.0210759 -1.47103e-23)
(2.09897 0.0126837 0)
(2.12605 0.0104908 9.38347e-24)
(2.14891 0.00428232 -1.65615e-23)
(2.31446 0.000957855 4.0251e-23)
(2.36046 -0.0129827 -2.48532e-22)
(2.37931 -0.0377922 1.54909e-21)
(2.40207 -0.0225436 3.0405e-21)
(2.43141 -0.0355432 1.25004e-20)
(2.4857 -0.044567 3.03264e-22)
(2.55434 -0.0320665 -6.78953e-21)
(2.43496 -0.0645793 -3.82544e-21)
(1.25725 -0.0868515 1.77417e-20)
(-0.484322 -0.145071 2.13124e-20)
(-0.116723 -0.0696004 2.15092e-20)
(1.89159 0.110537 -1.09495e-20)
(2.48457 0.156851 1.06477e-21)
(2.4644 0.133776 1.1384e-20)
(2.32611 0.0115289 0)
(2.37087 0.0049384 2.72364e-22)
(2.3818 0.00967492 -3.39869e-21)
(2.40109 0.00195469 -1.92092e-21)
(2.43024 0.0146981 2.72853e-21)
(2.47774 0.00600233 -2.57082e-21)
(2.54156 0.0353859 0)
(2.41865 0.0988019 -8.40578e-21)
(1.05634 0.0775612 8.48055e-21)
(-0.610161 -0.103098 -1.14362e-20)
(-0.300862 -0.111574 -3.73913e-21)
(1.70851 0.0586794 3.18524e-20)
(2.45238 0.119075 -6.88045e-21)
(2.47252 0.101981 -1.03558e-21)
(2.44121 0.069981 -1.045e-20)
(2.40143 0.0604292 3.65409e-21)
(2.35847 0.0671584 -1.25872e-21)
(2.33503 0.0574623 -5.73405e-23)
(2.32988 0.0190689 2.07238e-23)
(2.37826 0.0188088 1.03498e-22)
(2.37923 0.0215986 1.49502e-21)
(2.39466 0.0172142 0)
(2.42385 0.0393646 -2.68435e-22)
(2.46017 0.0548463 8.79743e-22)
(2.49628 0.117016 -5.92262e-21)
(2.36315 0.189288 -7.668e-21)
(0.910999 0.160608 2.24812e-22)
(-0.436059 0.330421 -3.96123e-21)
(-0.212926 0.00140785 3.36648e-21)
(1.56167 -0.00446628 -9.83783e-21)
(2.44192 0.0551219 -2.79174e-21)
(2.48265 0.0256683 0)
(2.45345 0.0196615 4.04896e-21)
(2.39932 0.0297767 2.89576e-21)
(2.36694 0.0226032 2.38177e-22)
(2.34913 0.00395652 4.74117e-22)
(2.32773 0.0244115 1.05867e-23)
(2.37619 0.0268746 9.41659e-23)
(2.37407 0.0399019 1.1914e-21)
(2.38252 0.0496632 7.80043e-21)
(2.40347 0.0742158 -1.65669e-20)
(2.42328 0.112329 1.40713e-20)
(2.42125 0.174105 6.12638e-21)
(2.27932 0.224908 8.38888e-21)
(0.749425 0.301151 1.75502e-21)
(-0.435522 0.404754 3.13168e-21)
(-0.0362548 0.197643 6.46487e-22)
(1.55202 -0.0221741 -5.81573e-21)
(2.44428 0.0481749 5.23336e-21)
(2.4864 -0.0210012 -2.2782e-21)
(2.45093 -0.000637078 -6.13172e-21)
(2.39916 -0.0124886 -4.73744e-21)
(2.37522 -0.0299205 0)
(2.34948 -0.0194898 6.24083e-22)
(2.31998 0.0282372 -1.06487e-23)
(2.37359 0.0350011 0)
(2.36245 0.0513792 3.07506e-22)
(2.36397 0.0669619 0)
(2.36216 0.0958479 -4.36609e-21)
(2.37711 0.133199 7.66618e-21)
(2.34698 0.204875 0)
(2.19574 0.246977 5.3477e-21)
(0.703504 0.384339 -2.2861e-21)
(-0.405929 0.459512 -2.93262e-21)
(0.197222 0.210835 1.28265e-22)
(1.61432 -0.03315 4.31504e-21)
(2.46639 -0.020598 -3.91904e-21)
(2.50284 -0.112098 2.40924e-21)
(2.44577 -0.0647105 5.89447e-21)
(2.40202 -0.0732756 -1.55687e-21)
(2.37323 -0.0463568 1.34311e-21)
(2.3418 -0.0358535 -6.21904e-22)
(2.30872 0.0310634 9.77787e-22)
(2.36768 0.0405209 -2.13135e-23)
(2.34412 0.0558632 -7.22836e-22)
(2.34027 0.0646993 -6.58795e-22)
(2.3217 0.105764 -3.27347e-21)
(2.31338 0.11325 0)
(2.27352 0.224942 2.65383e-21)
(2.11459 0.20707 0)
(0.538427 0.414912 4.19408e-21)
(-0.251676 0.395023 -7.27533e-21)
(0.419701 0.131313 -2.87483e-22)
(1.85558 -0.131815 0)
(2.48145 -0.249856 2.59658e-21)
(2.50104 -0.17601 0)
(2.43136 -0.135285 -7.48555e-21)
(2.393 -0.106205 2.70747e-22)
(2.35804 -0.0750609 1.56943e-21)
(2.33 -0.0647823 2.20027e-21)
(2.29479 0.0303775 -1.55522e-22)
(2.35493 0.0400143 0)
(2.33527 0.0499512 5.91234e-22)
(2.32353 0.0534362 3.03791e-21)
(2.30255 0.0704714 -2.38754e-21)
(2.25961 0.0702402 2.203e-21)
(2.23012 0.123191 5.39788e-22)
(2.00474 0.128506 -5.4347e-21)
(0.32717 0.305532 -1.51194e-21)
(-0.0929944 0.174304 3.46194e-21)
(0.78298 -0.0964458 8.1025e-22)
(2.07663 -0.383107 1.7359e-21)
(2.45596 -0.335073 -4.06757e-21)
(2.46943 -0.229022 3.78782e-21)
(2.38783 -0.212772 -3.36474e-21)
(2.35993 -0.13649 5.31788e-22)
(2.32702 -0.119601 0)
(2.31486 -0.0819163 5.08922e-22)
(2.28142 0.0312987 0)
(2.34991 0.0402848 5.45586e-22)
(2.33228 0.048106 0)
(2.3165 0.043876 8.14725e-22)
(2.30292 0.0471009 -9.25871e-22)
(2.25454 0.0440443 0)
(2.22259 0.00626483 4.52353e-23)
(1.8846 0.0567782 -6.08198e-22)
(0.342727 0.122247 -2.18681e-21)
(0.153349 -0.122711 3.99158e-21)
(1.07836 -0.33791 -3.24345e-21)
(2.08095 -0.479883 -1.84671e-22)
(2.36084 -0.392863 0)
(2.37844 -0.278421 0)
(2.33011 -0.220358 0)
(2.31044 -0.157221 1.64768e-21)
(2.30187 -0.117341 -1.1252e-21)
(2.28765 -0.0933274 4.06418e-22)
(2.26541 0.0306301 -1.2363e-22)
(2.34368 0.0397053 0)
(2.32862 0.0462389 -1.09919e-22)
(2.31777 0.0403428 1.0654e-22)
(2.30868 0.0268086 -5.81493e-22)
(2.2686 0.0196801 5.86479e-22)
(2.23166 -0.0485285 -1.10347e-21)
(1.81674 -0.0158119 3.84688e-22)
(0.480607 -0.0668167 -7.14689e-22)
(0.35747 -0.369294 5.55176e-22)
(1.24332 -0.489172 2.27821e-22)
(2.04455 -0.514315 -2.20542e-22)
(2.22504 -0.40099 0)
(2.26766 -0.320606 0)
(2.26271 -0.224059 0)
(2.26793 -0.17338 2.95138e-21)
(2.26698 -0.127467 -8.58394e-22)
(2.26789 -0.0982495 8.27239e-22)
(2.26694 -0.0715063 0)
(2.24856 0.0311506 8.02702e-25)
(2.33961 0.0406324 -2.09137e-22)
(2.32786 0.0424956 2.83449e-24)
(2.32559 0.0461187 3.30853e-22)
(2.33044 0.0229503 -3.33467e-22)
(2.31524 0.00976803 0)
(2.26551 -0.114395 0)
(1.8206 -0.0636852 0)
(0.684186 -0.285113 0)
(0.538861 -0.52072 1.16552e-22)
(1.27771 -0.556117 -1.31456e-22)
(1.95578 -0.562364 4.52867e-23)
(2.12827 -0.441111 1.23615e-23)
(2.19702 -0.331925 -1.63784e-22)
(2.17152 -0.267661 1.6331e-22)
(2.21598 -0.180041 -5.28576e-22)
(2.21291 -0.150116 0)
(2.23633 -0.0992491 -1.71929e-23)
(2.24338 -0.080721 0)
(2.22939 0.0328844 -3.74565e-25)
(2.33555 0.0437031 3.64199e-22)
(2.32521 0.0525418 -2.81048e-24)
(2.32808 0.0614314 -3.91021e-23)
(2.34777 0.0537182 3.67043e-23)
(2.3789 0.0733322 7.91152e-23)
(2.36501 -0.025658 -1.1355e-22)
(1.91487 -0.0736428 9.18766e-23)
(0.917607 -0.34999 -4.14976e-23)
(0.664246 -0.57664 2.00927e-22)
(1.24957 -0.561263 -3.03797e-23)
(1.91221 -0.470856 2.40637e-23)
(2.01654 -0.468316 0)
(2.08727 -0.243323 -2.97793e-23)
(2.10036 -0.239006 -1.04205e-22)
(2.15033 -0.140424 -1.84637e-22)
(2.16917 -0.119259 0)
(2.20025 -0.0878911 4.70666e-23)
(2.21646 -0.0712952 -9.22091e-23)
(2.20545 0.0336897 -4.01703e-23)
(2.32631 0.050387 -1.57126e-22)
(2.31766 0.0692773 -8.88339e-24)
(2.32295 0.0788697 -3.83138e-23)
(2.34372 0.0777544 4.04832e-23)
(2.38329 0.12332 -9.69476e-23)
(2.41346 0.105611 8.04926e-23)
(2.16676 0.115161 0)
(1.23188 -0.22865 0)
(0.787341 -0.512894 -2.1837e-22)
(1.10464 -0.503833 1.29461e-22)
(1.8639 -0.323529 -1.34897e-22)
(1.93876 -0.298144 -1.21418e-23)
(1.94381 -0.119378 2.95685e-23)
(2.07111 -0.107907 1.03837e-22)
(2.10175 -0.0663555 -6.66071e-23)
(2.1567 -0.0587016 3.33934e-24)
(2.18407 -0.0522473 -9.02567e-24)
(2.20385 -0.0424048 -5.06379e-24)
(2.17727 0.0342382 0)
(2.31187 0.0555219 -1.66175e-23)
(2.29816 0.0845552 -7.48284e-24)
(2.30775 0.0999792 -4.06508e-25)
(2.31827 0.120787 3.60118e-23)
(2.3634 0.167057 -3.80091e-23)
(2.40228 0.158216 1.43996e-24)
(2.25085 0.287726 0)
(1.61343 0.0227698 0)
(0.962337 -0.315945 1.05587e-22)
(0.986075 -0.35581 0)
(1.69887 -0.23029 -4.48312e-25)
(1.85676 -0.0205563 2.0676e-23)
(1.88914 -0.0313639 1.39544e-24)
(2.0684 -0.0131206 -9.63764e-24)
(2.09499 -0.0246967 1.67151e-24)
(2.15814 -0.0366743 -3.21345e-24)
(2.18125 -0.0209391 0)
(2.20323 -0.0295657 7.21126e-24)
(2.14387 0.0329589 5.71376e-26)
(2.29165 0.0558584 -3.43739e-24)
(2.27094 0.0854274 1.6086e-25)
(2.27337 0.106756 4.09917e-25)
(2.28328 0.141904 0)
(2.3094 0.191926 2.06066e-24)
(2.34078 0.241407 5.66483e-25)
(2.24494 0.342254 2.64335e-24)
(1.88983 0.247253 -9.92265e-23)
(1.20252 -0.0146014 9.73318e-23)
(1.00314 -0.168067 0)
(1.45612 -0.0919271 0)
(1.79353 0.167031 -3.19359e-23)
(1.90167 0.00441868 4.71288e-23)
(2.07345 0.0418779 -3.80164e-24)
(2.10355 -0.00279565 5.47891e-24)
(2.16224 0.000919172 -4.32236e-24)
(2.18218 -0.0106334 3.8017e-24)
(2.20525 -0.0179838 1.44322e-24)
(2.11079 0.0293905 2.02981e-24)
(2.27046 0.0540592 0)
(2.25405 0.0779961 -1.61005e-25)
(2.24055 0.110446 0)
(2.25132 0.131834 1.79213e-23)
(2.23285 0.216773 -1.79099e-23)
(2.2501 0.246675 -2.07607e-24)
(2.20829 0.382619 -4.25002e-23)
(1.98435 0.376286 4.42584e-23)
(1.42528 0.282156 0)
(1.07697 0.0792586 1.45122e-23)
(1.31029 0.136768 -1.45043e-23)
(1.7656 0.271827 3.8296e-23)
(1.97063 0.146855 -5.44714e-23)
(2.09113 0.132888 -2.0803e-24)
(2.1267 0.0608309 0)
(2.17292 0.0406894 4.21144e-25)
(2.18991 0.00787695 1.80965e-24)
(2.21113 -0.00124156 -3.89456e-24)
(2.22218 -0.0121073 0)
(2.07907 0.022627 0)
(2.2437 0.0478255 -1.75416e-24)
(2.22804 0.0838292 2.59135e-24)
(2.20895 0.127167 -2.59299e-24)
(2.2 0.149711 0)
(2.18001 0.258731 0)
(2.17389 0.227864 0)
(2.10809 0.432722 2.22844e-23)
(1.97856 0.409805 -4.98555e-23)
(1.51426 0.433564 2.70188e-23)
(1.17016 0.377922 0)
(1.28337 0.286261 2.86965e-25)
(1.7456 0.349801 1.81452e-23)
(2.05755 0.306804 -1.85643e-23)
(2.15284 0.193318 4.00042e-25)
(2.19115 0.100487 8.79481e-25)
(2.21214 0.0554384 -1.4882e-25)
(2.2185 0.0139644 -7.03107e-25)
(2.22794 -0.000557101 5.95517e-25)
(2.23064 -0.0130573 3.20052e-25)
(2.04851 0.0161564 5.36242e-25)
(2.21335 0.0451965 1.1627e-24)
(2.1805 0.0887097 -8.62506e-25)
(2.16384 0.135933 1.4613e-24)
(2.13513 0.176734 -1.30602e-24)
(2.1397 0.260567 9.18012e-25)
(2.0914 0.278147 0)
(2.02129 0.391791 5.05091e-26)
(1.95262 0.410036 0)
(1.50122 0.482867 0)
(1.21173 0.530192 9.3691e-24)
(1.30262 0.429963 -7.79839e-24)
(1.75995 0.388935 3.0104e-24)
(2.1809 0.257573 -4.93029e-24)
(2.28271 0.126403 2.61944e-24)
(2.27718 0.0468588 -2.01677e-24)
(2.26407 0.0161509 2.44021e-24)
(2.24675 -0.0139241 1.65117e-24)
(2.23973 -0.0157986 -2.99311e-24)
(2.23569 -0.0210811 8.34058e-25)
(2.02434 0.00695222 -8.72369e-26)
(2.18454 0.0321754 0)
(2.13427 0.0629595 0)
(2.11274 0.106563 -3.49587e-25)
(2.07713 0.144461 5.66526e-24)
(2.07419 0.201328 -4.79426e-24)
(2.02871 0.298888 2.66317e-24)
(1.98758 0.284426 -1.72417e-24)
(1.87729 0.386717 0)
(1.38951 0.527346 -1.83879e-23)
(1.24048 0.557753 1.77685e-23)
(1.41475 0.424365 -1.07128e-24)
(1.9217 0.274129 -2.462e-24)
(2.34404 0.0429902 5.58953e-24)
(2.35432 0.00341195 -6.40774e-24)
(2.30921 -0.0394141 -1.40376e-24)
(2.27633 -0.0247631 8.08484e-25)
(2.25043 -0.0365179 -9.10755e-25)
(2.23985 -0.0241412 2.25185e-24)
(2.23518 -0.0261421 -1.14322e-24)
(2.00608 -0.00301777 0)
(2.15766 0.0169259 1.2836e-24)
(2.11422 0.0201097 -2.55386e-24)
(2.078 0.0494114 -1.39501e-24)
(2.03562 0.0675061 -2.85248e-24)
(1.98978 0.112081 -5.86293e-24)
(1.98913 0.216522 1.16566e-23)
(1.95442 0.200503 -1.51452e-24)
(1.67859 0.382414 -6.11026e-24)
(1.32145 0.472031 2.35507e-25)
(1.31805 0.459041 -1.97555e-23)
(1.6367 0.2301 2.141e-23)
(2.18055 -0.00166914 5.42583e-24)
(2.41532 -0.114309 1.19907e-23)
(2.3595 -0.0583758 -1.46538e-23)
(2.30779 -0.0744299 1.37267e-24)
(2.27212 -0.0419007 1.12105e-24)
(2.24643 -0.0493259 -1.50423e-24)
(2.23488 -0.0347032 -8.35457e-25)
(2.23175 -0.0354591 7.64095e-25)
(1.99995 -0.00775007 4.89335e-25)
(2.1388 -0.00304399 6.35757e-25)
(2.11237 -0.00305707 2.88417e-24)
(2.06836 0.00351405 3.55287e-24)
(2.01633 0.000660737 -5.06746e-24)
(1.9294 0.023707 0)
(1.93055 0.0822689 -2.66427e-24)
(1.853 0.168842 2.0695e-23)
(1.51314 0.333219 -1.56018e-23)
(1.3431 0.361905 2.84735e-24)
(1.46316 0.275474 0)
(1.90915 -0.0355005 -8.59303e-25)
(2.27811 -0.168852 -5.48807e-24)
(2.4086 -0.154039 -1.37692e-23)
(2.33834 -0.095288 1.66663e-23)
(2.29294 -0.0961582 -2.54201e-24)
(2.25531 -0.0548279 2.56958e-24)
(2.23634 -0.0582408 -8.8335e-25)
(2.22911 -0.0379697 8.5785e-25)
(2.2252 -0.0402313 -7.78143e-25)
(2.00259 -0.00709391 3.8128e-25)
(2.13738 -0.00958588 0)
(2.11403 -0.0170511 2.30905e-24)
(2.06995 -0.0165211 -4.88176e-24)
(2.01648 -0.0266343 -6.70537e-24)
(1.91228 -0.0356111 5.69786e-24)
(1.85331 -0.0258064 1.41288e-24)
(1.69644 0.107031 6.62458e-24)
(1.44515 0.188578 4.48781e-25)
(1.41288 0.194601 1.39501e-23)
(1.72654 -0.0372269 -3.11124e-23)
(2.07902 -0.251698 1.75275e-23)
(2.28331 -0.237601 1.43251e-23)
(2.35355 -0.213695 -1.03317e-23)
(2.2854 -0.132941 9.7165e-24)
(2.26072 -0.108197 -2.49408e-24)
(2.23427 -0.0683604 0)
(2.22596 -0.0615697 0)
(2.22121 -0.0413053 6.30016e-25)
(2.21912 -0.0381929 5.915e-25)
(2.07945 -0.0522377 1.00787e-23)
(2.02623 -0.090151 5.95982e-24)
(1.91794 -0.0861516 0)
(1.79801 -0.110962 -6.66753e-24)
(1.59502 -0.0394478 -6.62438e-24)
(1.44836 0.0451967 1.51975e-24)
(1.5923 -0.100648 -6.94722e-24)
(1.91259 -0.282935 7.02627e-24)
(2.11514 -0.37897 2.75807e-25)
(2.25539 -0.284552 -3.98267e-24)
(2.26967 -0.259624 -2.32103e-24)
(2.23083 -0.166921 -1.04637e-24)
(2.22552 -0.134641 -1.82259e-24)
(2.20989 -0.096954 2.34946e-25)
(2.21027 -0.0792759 -2.34927e-25)
(2.20671 -0.0568046 -6.29886e-25)
(2.20967 -0.043701 -5.1667e-25)
(2.11051 -0.105499 -1.435e-23)
(2.0511 -0.185062 0)
(1.94422 -0.215517 0)
(1.7537 -0.229038 -6.47265e-24)
(1.5621 -0.179636 -4.83864e-24)
(1.50423 -0.162676 -1.51286e-24)
(1.77694 -0.349415 0)
(1.97991 -0.413875 2.2789e-24)
(2.0986 -0.432002 0)
(2.1764 -0.346352 0)
(2.19828 -0.296272 5.21342e-25)
(2.1805 -0.21065 -5.21797e-25)
(2.1847 -0.172355 -5.80012e-25)
(2.17915 -0.127686 0)
(2.18595 -0.101594 0)
(2.18533 -0.0738149 6.12406e-26)
(2.19309 -0.0545153 -1.3639e-25)
(1.5694 -0.29994 0)
(1.60613 -0.421775 0)
(1.84652 -0.465537 -3.25256e-24)
(1.98339 -0.461408 -4.83824e-24)
(2.06018 -0.452175 1.33572e-24)
(2.0965 -0.373124 -1.04521e-24)
(2.12278 -0.309462 0)
(2.12639 -0.220712 3.25994e-24)
(2.13365 -0.181397 3.89155e-24)
(2.14165 -0.13073 5.49986e-25)
(2.15449 -0.102558 -3.41086e-24)
(2.16004 -0.0722468 0)
(2.17212 -0.0537556 0)
(1.65762 -0.53895 4.83764e-24)
(1.84035 -0.509179 3.17467e-24)
(1.95754 -0.48604 3.98666e-24)
(2.01033 -0.388824 8.48234e-26)
(2.02909 -0.336756 -3.42381e-25)
(2.03693 -0.253821 0)
(2.06491 -0.175748 -2.80372e-24)
(2.08244 -0.139291 -3.28349e-24)
(2.10422 -0.0955999 0)
(2.12306 -0.0709306 2.86189e-24)
(1.69213 -0.526655 -4.48894e-24)
(1.79152 -0.514652 6.29026e-25)
(1.86126 -0.487736 -2.22464e-24)
(1.91103 -0.348404 6.64896e-27)
(1.97496 0.0025397 4.05573e-23)
(1.97786 0.0102583 3.61046e-23)
(1.97693 0.0128042 5.15344e-24)
(1.97408 0.0152426 0)
(1.96842 0.0166922 -5.96576e-24)
(1.95938 0.0202485 -9.1062e-23)
(1.94844 0.0224114 0)
(1.93512 0.0233224 0)
(1.91953 0.02445 0)
(1.90463 0.0249501 -3.68818e-22)
(1.88707 0.0247997 -3.57939e-22)
(1.86902 0.0251316 0)
(1.85079 0.0251136 1.64432e-22)
(1.83277 0.0246802 1.26628e-24)
(1.81211 0.02435 1.14785e-24)
(1.79269 0.0238901 -1.14611e-24)
(1.77017 0.0237046 1.33095e-22)
(1.74937 0.0230902 2.69514e-25)
(1.72622 0.0218687 2.37984e-25)
(1.70308 0.0209491 0)
(1.67876 0.0198447 0)
(1.6534 0.0188441 0)
(1.62711 0.0177357 4.39215e-23)
(1.59991 0.0166144 0)
(1.57319 0.0144634 0)
(1.54726 0.0107761 0)
(1.52256 0.00785921 0)
(1.49923 0.00566225 2.50355e-26)
(1.47759 0.00409158 -7.768e-25)
(1.45837 0.00216459 3.77996e-26)
(1.4417 0.000160948 -6.20056e-27)
(1.42849 -0.0016271 -6.16024e-27)
(1.41771 -0.00333691 -2.54391e-26)
(1.41019 -0.00561784 -2.63612e-26)
(1.40732 -0.00762379 2.63611e-26)
(1.40721 -0.00812842 1.83317e-26)
(1.40826 -0.00797535 0)
(1.41189 -0.00725016 8.53033e-26)
(1.41669 -0.00610815 -7.76375e-26)
(1.42057 -0.00412742 -1.01795e-25)
(1.42324 -0.00127923 -3.16149e-25)
(1.42415 0.00110964 -1.10968e-25)
(2.35774 -0.00673553 -7.73455e-23)
(2.36445 -0.00176585 4.28539e-23)
(2.32138 0.00170032 -3.95087e-23)
(2.36109 -0.0259227 4.12902e-22)
(2.37007 -0.0124954 1.83383e-22)
(2.36853 -0.00971041 -9.7014e-23)
(0.277787 -0.172539 -2.67135e-20)
(-0.0798581 -0.314392 1.20161e-20)
(1.35252 -0.0367199 0)
(-0.498429 -0.136334 -1.31864e-20)
(-0.50519 -0.264961 0)
(-0.535054 -0.330557 -4.5042e-21)
(0.0715612 0.0191758 -1.67672e-20)
(-0.0397368 -0.0666305 -4.21658e-21)
(-0.255837 -0.172311 4.15719e-21)
(2.37026 0.00577696 -2.22138e-22)
(2.37272 0.0118559 -1.34728e-22)
(2.32804 0.0110724 6.6329e-23)
(2.37226 -0.00162277 1.97634e-22)
(2.37589 0.00460087 -1.97041e-22)
(2.37382 0.00621654 9.38146e-23)
(2.37649 0.0139093 1.87883e-22)
(2.37735 0.0238879 -5.43405e-23)
(2.32928 0.0223826 -2.50321e-22)
(2.37717 0.0163571 -4.65335e-22)
(2.37656 0.0268347 1.02849e-21)
(2.3776 0.0212926 2.64957e-22)
(2.37694 0.0261866 0)
(2.37591 0.0300821 0)
(2.32497 0.0263206 -1.09505e-23)
(2.37505 0.0127071 -1.92727e-22)
(2.37205 0.0469224 -1.5621e-21)
(2.3753 0.0332886 0)
(2.37359 0.0307102 0)
(2.37064 0.0347562 -1.29047e-23)
(2.31505 0.0296787 -3.32372e-22)
(2.36856 0.0209874 -1.49782e-21)
(2.3637 0.0580306 1.40793e-21)
(2.37129 0.0392413 -6.99771e-22)
(2.36689 0.0360393 -6.56021e-22)
(2.36159 0.038764 6.35008e-22)
(2.30217 0.0307852 5.00372e-24)
(2.35861 0.0302828 0)
(2.35112 0.0665973 0)
(2.36097 0.0420804 -6.33576e-22)
(2.35739 0.0356581 9.1915e-24)
(2.3542 0.0359349 -2.95692e-22)
(2.28868 0.0305827 2.91647e-22)
(2.34662 0.026133 -1.20231e-21)
(2.34368 0.0595269 -1.15735e-21)
(2.35251 0.0402536 -8.69586e-24)
(2.3505 0.0362981 -5.46098e-22)
(2.34707 0.0367416 4.12057e-24)
(2.27498 0.029614 1.95531e-24)
(2.34245 0.0249752 8.14929e-24)
(2.33939 0.0565615 4.8989e-22)
(2.34721 0.0407412 -5.02388e-22)
(2.34332 0.0366647 0)
(2.3402 0.036613 0)
(2.25757 0.0303544 0)
(2.33808 0.0261193 7.60859e-24)
(2.3343 0.0524606 4.38465e-22)
(2.34116 0.0404963 -1.67839e-24)
(2.33655 0.0368535 2.1039e-22)
(2.33246 0.0385066 -7.97593e-25)
(2.23921 0.0319375 -4.2692e-25)
(2.33339 0.0293107 -1.54564e-24)
(2.33196 0.053911 3.89837e-22)
(2.33764 0.0420052 -3.85008e-22)
(2.32846 0.0400598 -3.47544e-25)
(2.32248 0.0426546 3.47254e-25)
(2.2181 0.0333407 1.62159e-25)
(2.33111 0.0363956 -3.62093e-22)
(2.32771 0.0595857 -3.38787e-25)
(2.33182 0.0475965 3.19673e-25)
(2.31566 0.043929 1.48688e-25)
(2.30828 0.0452431 -1.48584e-25)
(2.19155 0.0343375 0)
(2.32458 0.0431419 1.56508e-22)
(2.31677 0.0665113 1.08186e-22)
(2.31961 0.052713 -7.18255e-23)
(2.30029 0.0455129 0)
(2.28992 0.0454801 4.7819e-25)
(2.16102 0.0336808 -5.35043e-25)
(2.30936 0.0502815 1.64298e-23)
(2.29857 0.0705987 2.576e-23)
(2.30293 0.0570483 3.78994e-24)
(2.27819 0.0438975 3.34447e-24)
(2.26627 0.0415862 7.64362e-25)
(2.12721 0.0317215 -7.64107e-25)
(2.28794 0.0570403 5.36242e-26)
(2.27401 0.0710261 1.6327e-25)
(2.28055 0.05485 9.65637e-26)
(2.25325 0.0398117 -1.34483e-24)
(2.23881 0.0374696 -9.81276e-25)
(2.09479 0.0260741 0)
(2.26354 0.0576069 -1.63496e-25)
(2.25174 0.0690342 0)
(2.25835 0.0512953 1.23309e-24)
(2.22525 0.0338521 1.80695e-24)
(2.21242 0.0304779 5.99265e-26)
(2.0633 0.0193742 0)
(2.24028 0.0556895 0)
(2.22631 0.0621514 2.85238e-25)
(2.22857 0.0466831 -1.98061e-25)
(2.19817 0.0256065 -1.9541e-24)
(2.18279 0.0187483 3.25341e-25)
(2.03559 0.0120539 -5.15428e-26)
(2.21248 0.0498272 -1.95769e-25)
(2.19419 0.0527071 -8.94235e-26)
(2.19861 0.0400488 -9.83602e-26)
(2.16824 0.0129325 -3.97874e-26)
(2.1548 0.00946006 8.12693e-26)
(2.01428 0.00183694 -1.06925e-26)
(2.17502 0.0429601 0)
(2.1565 0.0436242 0)
(2.17077 0.0251886 -4.80451e-26)
(2.14232 0.00566829 0)
(2.1324 0.000267878 0)
(2.00115 -0.00654706 -7.88236e-26)
(2.14371 0.0328137 -1.51304e-24)
(2.13687 0.0224357 2.74185e-24)
(2.14637 0.00693151 -1.90405e-24)
(2.12732 -0.00492115 -2.09792e-25)
(2.12664 -0.007141 -2.88412e-25)
(2.00041 -0.00778752 1.52312e-25)
(2.13296 0.00581358 -1.24346e-23)
(2.13095 -0.00601513 1.57852e-23)
(2.13683 -0.00806844 -3.43487e-24)
(2.12732 -0.00793368 0)
(2.12927 -0.00865324 -8.71414e-25)
(2.00769 -0.00571222 0)
(2.13077 -0.010047 -8.76449e-25)
(2.13155 -0.0136898 8.58728e-25)
(2.13964 -0.012529 8.66395e-25)
(1.00931 0.00318134 0)
(0.412356 0.000663198 0)
(1.00046 0.00483074 0)
(0.402293 0.000675609 0)
(0.956283 0.00781237 0)
(0.369534 0.0012251 0)
(0.898076 0.00817743 0)
(0.32998 0.000858638 0)
(0.824377 0.00873966 0)
(0.287385 0.000906026 0)
(0.746226 0.00806753 0)
(0.245739 0.000758058 0)
(0.670463 0.00717443 0)
(0.207213 0.000707254 0)
(0.599192 0.00619228 0)
(0.172462 0.000882471 0)
(0.537023 0.00476374 0)
(0.14288 0.000723987 0)
(0.486094 0.00300871 0)
(0.120671 0.000541814 0)
(0.445704 0.00162481 0)
(0.10433 0.000666419 0)
(0.41467 0.000558585 0)
(0.0927642 0.000972969 0)
(0.39321 -0.000804592 0)
(0.0856884 0.00136974 0)
(0.380494 -0.00171046 0)
(0.0829966 0.00169295 0)
(0.378423 -0.00224224 0)
(0.0850098 0.000946507 0)
(0.383593 -0.0020815 0)
(0.090319 0.000609752 0)
(0.392439 -0.00185666 0)
(0.0968304 9.79948e-05 0)
(0.404008 -0.00157878 0)
(0.104253 -0.000109535 0)
(0.417801 -0.00158137 0)
(0.112136 -0.000263509 0)
(0.435428 -0.00213254 0)
(0.123192 -0.000419623 0)
(0.453164 -0.00212524 0)
(0.135312 -0.000322708 0)
(0.467733 -0.00217254 0)
(0.146639 -3.97563e-05 0)
(0.982598 0.00641716 0)
(0.387826 0.00102339 0)
(0.92991 0.00755529 0)
(0.350102 0.00116445 0)
(0.862072 0.00883641 0)
(0.309093 0.000930255 0)
(0.785307 0.00828278 0)
(0.266084 0.000741794 0)
(0.708186 0.00769728 0)
(0.226035 0.000746537 0)
(0.634087 0.00674851 0)
(0.189476 0.000806566 0)
(0.566953 0.0054027 0)
(0.156865 0.000823729 0)
(0.510395 0.00377702 0)
(0.130901 0.000544555 0)
(0.4649 0.00235114 0)
(0.11186 0.000623321 0)
(0.42928 0.00114762 0)
(0.0981487 0.000804925 0)
(0.402825 -0.000113191 0)
(0.088682 0.0011825 0)
(0.385778 -0.00127862 0)
(0.0838647 0.00152804 0)
(0.378319 -0.00216566 0)
(0.0833477 0.0014931 0)
(0.380097 -0.0021713 0)
(0.0875533 0.000747905 0)
(0.387674 -0.00199704 0)
(0.0933995 0.000320461 0)
(0.398114 -0.00171202 0)
(0.100549 -4.06888e-05 0)
(0.410433 -0.00146182 0)
(0.107989 -0.00017577 0)
(0.426292 -0.00199341 0)
(0.117251 -0.000381931 0)
(0.444547 -0.00207772 0)
(0.129306 -0.000371117 0)
(0.461027 -0.00219875 0)
(0.141204 -0.000223264 0)
(0.473008 -0.00214195 0)
(0.151376 0.000131149 0)
(2.26801 -0.0584447 -3.54312e-22)
(2.27609 -0.0438193 6.79433e-22)
(2.25452 -0.057276 0)
(2.26451 -0.0448313 3.8149e-23)
(2.23553 -0.053962 3.3467e-22)
(2.25099 -0.0408448 -5.37612e-22)
(2.22232 -0.0395034 -8.6632e-24)
(2.23843 -0.0328326 -1.09788e-22)
(2.25738 -0.0263449 1.09792e-22)
(2.26334 -0.0148407 -5.829e-23)
(1.63948 -0.00879258 -5.03751e-25)
(2.22001 -0.0227856 -7.76455e-24)
(2.2343 -0.0231172 6.85131e-25)
(2.25228 -0.021446 -7.03073e-25)
(2.25515 -0.013228 0)
(1.61647 -0.00743509 0)
(2.22028 -0.0170122 0)
(2.23452 -0.0201839 0)
(2.24953 -0.0172749 1.50052e-25)
(2.24944 -0.0121447 -8.98117e-24)
(1.59453 -0.00676036 5.49829e-25)
(1.62781 -0.00829043 5.03407e-25)
(1.60541 -0.00696955 1.95545e-25)
(1.58369 -0.00693413 -1.63194e-25)
(2.17559 -0.0168205 6.01347e-23)
(2.16757 -0.0157783 1.67755e-24)
(2.25779 -0.0277611 -1.79214e-24)
(2.16343 -0.0149987 -1.67649e-24)
(2.15693 -0.0141566 0)
(2.25128 -0.0243179 -1.3911e-24)
(2.15279 -0.0139323 -1.32842e-24)
(2.14703 -0.0136206 5.57578e-26)
(2.24676 -0.0217052 9.77281e-24)
(0.504848 -0.000358759 0)
(0.145265 -0.000305837 0)
(0.493669 -1.50838e-05 0)
(0.141944 -0.000298671 0)
(0.485093 0.000225605 0)
(0.140401 -0.000349695 0)
(0.498744 -0.000218357 0)
(0.143335 -0.000321158 0)
(0.489034 0.000119994 0)
(0.141001 -0.000294616 0)
(0.481336 0.000321866 0)
(0.139828 -0.000438413 0)
(2.20327 -0.0364333 1.82159e-25)
(2.2135 -0.0252006 2.69575e-25)
(2.19968 -0.0117024 0)
(1.39417 0.000453429 0)
(2.1859 -0.0348797 0)
(2.1972 -0.0233513 0)
(2.18744 -0.0088069 -8.88761e-26)
(1.38439 0.00170718 -2.94666e-26)
(2.1716 -0.0219696 2.63126e-24)
(2.18423 -0.0153864 0)
(2.17531 -0.0070668 3.10941e-25)
(1.37923 0.00151947 0)
(2.166 -0.00726746 -2.54048e-24)
(2.1798 -0.00709092 -7.25975e-25)
(2.16576 -0.00454873 2.61158e-24)
(1.37629 3.42136e-05 -1.64863e-25)
(2.16589 -0.00216823 -1.12574e-25)
(2.17987 -0.00478517 3.5773e-24)
(2.16265 -0.00386218 0)
(1.37185 -0.00155481 -4.46746e-25)
(2.16747 0.00212647 -7.68211e-25)
(2.18146 -0.00270847 3.84651e-25)
(2.16271 -0.00417608 -5.23275e-24)
(1.36329 -0.00293782 1.21105e-26)
(1.38885 0.00120417 0)
(1.38152 0.00183782 1.4756e-26)
(1.37799 0.00095969 -1.29582e-25)
(1.37465 -0.000696797 2.11029e-25)
(1.36845 -0.00214984 4.88659e-25)
(1.35784 -0.00356659 2.81909e-25)
(2.0459 -0.010442 0)
(2.0394 -0.00910327 -4.41603e-26)
(2.19366 -0.0127345 1.14728e-25)
(2.03314 -0.00837957 7.8296e-26)
(2.0278 -0.00577748 -6.48842e-26)
(2.18142 -0.00961079 -2.22044e-25)
(2.02257 -0.00322277 -2.04907e-25)
(2.0181 -0.00217581 8.17472e-25)
(2.16946 -0.00718807 -4.94532e-25)
(2.01527 -0.00181707 8.08994e-25)
(2.01341 -0.00183063 -1.42072e-24)
(2.16377 -0.00416168 0)
(2.01191 -0.00290357 7.62044e-25)
(2.01097 -0.00467286 0)
(2.16239 -0.00402971 0)
(2.0107 -0.00622725 -9.01565e-25)
(2.01075 -0.00684411 8.84472e-25)
(2.16401 -0.00369835 5.54285e-24)
(2.23559 -0.0164766 -4.84399e-25)
(2.24802 -0.0151569 1.40064e-24)
(2.24593 -0.0119025 5.33715e-25)
(1.57277 -0.00678515 8.88457e-26)
(2.23882 -0.0162745 4.06562e-25)
(2.24805 -0.0169237 -1.28309e-24)
(2.24383 -0.0138357 -2.08933e-24)
(1.54972 -0.00662092 -6.75793e-26)
(2.24006 -0.0193525 -3.51736e-25)
(2.24802 -0.0192775 -1.0232e-24)
(2.24149 -0.0145563 0)
(1.52486 -0.00605996 -4.49043e-25)
(2.23932 -0.0223863 -2.93538e-25)
(2.24709 -0.0210844 3.69801e-25)
(2.23814 -0.0156656 -6.35316e-24)
(1.49866 -0.00554677 0)
(2.23637 -0.0276912 -2.34449e-25)
(2.24425 -0.0236374 1.25044e-24)
(2.23382 -0.0166174 -3.97425e-24)
(1.4725 -0.00452936 0)
(2.22963 -0.0293685 0)
(2.23789 -0.0252727 -6.28498e-25)
(2.22743 -0.0166391 -8.46771e-25)
(1.44768 -0.00315591 -3.07843e-26)
(2.22355 -0.0277174 0)
(2.23185 -0.0237602 5.54349e-25)
(2.21918 -0.0155277 2.27382e-24)
(1.42577 -0.00197851 4.81286e-26)
(2.21621 -0.0306759 -1.83809e-25)
(2.22519 -0.0235033 -2.85606e-25)
(2.20996 -0.0141833 0)
(1.40804 -0.000936878 -2.55995e-26)
(1.56156 -0.00683387 1.41929e-25)
(1.53764 -0.00636814 -4.41612e-25)
(1.51201 -0.00591734 -6.33022e-27)
(1.48566 -0.00523747 0)
(1.45991 -0.00389583 3.07842e-26)
(1.43615 -0.00264275 -4.81283e-26)
(1.41603 -0.00150795 0)
(1.40027 -0.000299733 -6.07223e-26)
(2.14367 -0.0137656 5.9314e-25)
(2.13859 -0.0138476 2.47909e-25)
(2.24443 -0.0210388 -5.33697e-25)
(2.13479 -0.0148279 1.63037e-24)
(2.12891 -0.0156009 -1.3351e-24)
(2.24229 -0.0213041 1.92362e-24)
(2.12447 -0.0167002 4.41189e-25)
(2.1186 -0.0171316 0)
(2.23939 -0.0220813 5.69107e-24)
(2.11359 -0.0177307 1.29376e-24)
(2.10717 -0.0178406 0)
(2.23559 -0.0229397 4.75336e-24)
(2.1013 -0.0182313 -1.28238e-25)
(2.09416 -0.0181106 1.19844e-24)
(2.23048 -0.0224191 -1.0799e-24)
(2.08765 -0.0179389 7.31729e-25)
(2.08015 -0.0171097 0)
(2.22311 -0.0210899 0)
(2.07381 -0.0154254 0)
(2.06626 -0.0142722 3.92949e-25)
(2.21424 -0.0190378 -2.48812e-24)
(2.05999 -0.012306 2.15448e-25)
(2.05233 -0.0117355 -1.44173e-26)
(2.20463 -0.0167071 0)
(0.461837 0.000291992 0)
(0.143787 2.1458e-05 0)
(0.464175 0.000282794 0)
(0.145621 6.0217e-05 0)
(0.467553 0.000603369 0)
(0.14829 9.02885e-05 0)
(0.471229 0.000703954 0)
(0.151737 2.45651e-06 0)
(0.473539 0.000750988 0)
(0.154847 -0.0001135 0)
(0.473819 0.00068154 0)
(0.157015 -0.000288131 0)
(0.462895 0.000334351 0)
(0.144631 6.04904e-05 0)
(0.465838 0.000425769 0)
(0.14681 7.02725e-05 0)
(0.469587 0.000662447 0)
(0.150061 6.26111e-05 0)
(0.472655 0.00075992 0)
(0.153385 -3.95703e-05 0)
(0.473991 0.000705459 0)
(0.156112 -0.00018384 0)
(0.473194 0.00070386 0)
(0.157789 -0.000313627 0)
(0.478125 0.000482591 0)
(0.13943 -0.000521947 0)
(0.472792 0.000732936 0)
(0.139226 -0.000630371 0)
(0.4688 0.000856202 0)
(0.139668 -0.000633538 0)
(0.465727 0.000836798 0)
(0.140323 -0.000620224 0)
(0.463189 0.000682847 0)
(0.140822 -0.000506659 0)
(0.461301 0.000481903 0)
(0.141214 -0.000352628 0)
(0.460217 0.000432905 0)
(0.141588 -0.000226283 0)
(0.460419 0.000402806 0)
(0.142462 -7.78791e-05 0)
(0.475216 0.000630283 0)
(0.13922 -0.000604851 0)
(0.470621 0.000804885 0)
(0.139378 -0.000631746 0)
(0.467186 0.000866984 0)
(0.140003 -0.000642451 0)
(0.464398 0.00075837 0)
(0.140593 -0.000590726 0)
(0.462165 0.000568026 0)
(0.14104 -0.000430909 0)
(0.460597 0.000396237 0)
(0.141368 -0.000312101 0)
(0.460109 0.000383836 0)
(0.141944 -0.000164456 0)
(0.460964 0.000338603 0)
(0.14309 -7.23118e-06 0)
)
;

boundaryField
{
    inlet
    {
        type            fixedValue;
        value           nonuniform List<vector> 0();
    }
    outlet
    {
        type            zeroGradient;
    }
    wall
    {
        type            noSlip;
    }
    empty_zmin
    {
        type            empty;
    }
    empty_zmax
    {
        type            empty;
    }
    procBoundary1to0
    {
        type            processor;
        value           nonuniform List<vector> 
39
(
(2.35319 0.237029 -1.2421e-21)
(2.30515 0.183787 1.0973e-21)
(2.27459 0.143889 -9.79563e-22)
(2.26469 0.121807 0)
(2.25782 0.0717968 -5.13471e-24)
(2.25421 0.0539719 -9.58312e-23)
(2.2546 0.0363647 -3.94293e-23)
(2.26151 0.0240965 -7.08106e-24)
(2.27025 0.0204773 3.19579e-23)
(1.8402 -0.000415118 -1.12524e-24)
(2.22698 0.00642358 -2.10517e-23)
(0.829181 -0.00130244 0)
(0.322325 -0.000148562 0)
(2.3186 -0.0814456 1.3652e-22)
(2.33709 -0.108103 8.55237e-22)
(2.37112 -0.12722 0)
(2.41312 -0.205277 -3.98314e-21)
(2.48085 -0.252428 -1.32279e-20)
(2.39278 0.246389 -3.40755e-21)
(2.29366 -0.0119459 -6.31428e-23)
(2.33751 -0.0319185 -7.37679e-23)
(2.33872 -0.0428947 0)
(2.54858 -0.246789 2.50201e-20)
(1.84795 -0.240093 -6.77388e-20)
(-0.20493 -0.271624 -1.30544e-18)
(-0.175597 0.270034 0)
(1.874 0.327058 3.43584e-20)
(2.46871 0.303974 -3.01666e-22)
(2.4929 0.276224 0)
(-0.00672921 0.149081 -8.22332e-20)
(0.210125 -0.183885 0)
(1.96043 -0.00190636 2.18588e-24)
(-0.0962152 0.218693 -9.91837e-21)
(2.45483 -0.147024 0)
(2.46312 0.240695 -4.24688e-20)
(2.3355 -0.0236844 4.67608e-23)
(2.33872 -0.0428947 0)
(1.01588 0.00290644 0)
(0.419821 0.000194821 0)
)
;
    }
}


// ************************************************************************* //
