/*--------------------------------*- C++ -*----------------------------------*\
| =========                 |                                                 |
| \\      /  F ield         | OpenFOAM: The Open Source CFD Toolbox           |
|  \\    /   O peration     | Version:  2406                                  |
|   \\  /    A nd           | Website:  www.openfoam.com                      |
|    \\/     M anipulation  |                                                 |
\*---------------------------------------------------------------------------*/
FoamFile
{
    version     2.0;
    format      ascii;
    arch        "LSB;label=32;scalar=64";
    class       surfaceScalarField;
    location    "4.86";
    object      phi;
}
// * * * * * * * * * * * * * * * * * * * * * * * * * * * * * * * * * * * * * //

dimensions      [0 3 -1 0 0 0 0];

oriented        oriented;

internalField   nonuniform List<scalar> 
4489
(
8.46114e-06
9.9014e-05
-1.02557e-05
9.66244e-05
6.58691e-06
4.43531e-06
-5.23079e-06
9.98095e-05
4.45682e-06
9.66029e-05
9.4598e-05
-9.45608e-05
-1.6342e-07
1.26157e-07
-5.1914e-07
5.25814e-07
9.45913e-05
4.42137e-06
9.56476e-05
3.10363e-06
9.43466e-05
2.36406e-06
9.24091e-05
1.65612e-06
9.24274e-05
1.06548e-06
9.24072e-05
2.47335e-07
2.94439e-07
9.26139e-05
1.18515e-07
4.63239e-05
3.41613e-05
-3.66843e-08
-2.97198e-08
-4.74321e-09
3.42043e-05
-3.82945e-08
4.5398e-05
-1.65227e-07
4.55585e-05
4.64531e-05
3.28881e-06
9.68156e-05
3.14505e-06
9.44904e-05
2.16444e-06
9.33897e-05
1.36818e-06
9.32236e-05
7.9575e-07
9.29797e-05
1.50372e-07
9.30634e-05
1.95822e-07
5.19617e-08
4.65515e-05
3.42417e-05
4.50261e-09
-4.18726e-08
8.54064e-07
9.34464e-05
-9.10806e-07
8.37697e-07
9.324e-05
5.78702e-07
9.32387e-05
1.3336e-07
9.35016e-05
7.19518e-09
-4.66827e-05
1.04527e-08
4.68056e-05
-3.42421e-05
3.42454e-05
7.41223e-08
-7.74306e-08
3.60894e-07
9.34578e-05
-3.72287e-07
1.62625e-07
9.34383e-05
-7.84464e-08
9.34797e-05
-4.28674e-08
9.36295e-05
-1.63506e-07
-4.68759e-05
-8.92781e-08
4.69223e-05
-3.42096e-05
3.41662e-05
1.27679e-07
-8.43283e-08
-8.05791e-09
9.40192e-05
-5.53285e-07
-1.85199e-07
9.36154e-05
-2.18745e-07
9.35133e-05
-1.40415e-07
9.37697e-05
-2.18562e-07
-4.69678e-05
-2.0597e-07
4.70334e-05
-3.40691e-05
3.39622e-05
2.19652e-07
-1.1269e-07
2.54447e-07
9.43464e-05
-5.81681e-07
1.38044e-08
9.38561e-05
-2.51526e-07
9.37786e-05
-2.18e-07
9.39784e-05
-2.42223e-07
-4.70576e-05
-2.51649e-07
4.70912e-05
-3.38379e-05
3.36965e-05
2.55117e-07
-1.1365e-07
1.91248e-07
-4.05597e-07
-8.83772e-08
9.41357e-05
-3.46788e-07
9.4037e-05
-2.26841e-07
9.42003e-05
-3.41849e-07
-4.71162e-05
-2.74397e-07
4.71638e-05
-3.35512e-05
3.33911e-05
2.75341e-07
-1.152e-07
-3.06268e-07
9.42785e-05
-4.45761e-07
9.41765e-05
-1.90373e-07
9.43566e-05
-4.11688e-07
-4.71758e-05
-2.54345e-07
4.72397e-05
-3.3221e-05
3.30387e-05
2.97667e-07
-1.15364e-07
-5.53649e-07
9.4313e-05
-6.22249e-07
9.42451e-05
-2.32723e-07
9.44275e-05
-4.60384e-07
-4.72257e-05
-2.76859e-07
4.72698e-05
-3.28494e-05
3.2644e-05
2.98686e-07
-9.33342e-08
-2.59287e-07
9.44066e-05
-5.05999e-07
7.86194e-07
-4.72386e-05
-2.94852e-07
4.72741e-05
-3.24289e-05
3.22048e-05
3.05415e-07
-8.1359e-08
-3.15236e-07
9.43556e-05
-5.61741e-07
9.27918e-07
-4.72279e-05
-3.30872e-07
4.72435e-05
-3.19708e-05
3.17224e-05
3.24059e-07
-7.57017e-08
-3.7658e-07
-6.0702e-07
1.11527e-06
9.4224e-05
-4.71804e-05
-3.65501e-07
4.71693e-05
-3.14711e-05
3.12098e-05
3.2478e-07
-6.34746e-08
6.8356e-08
-6.88258e-08
1.21142e-07
-8.52578e-08
2.0142e-07
-1.04341e-07
2.39613e-07
-1.15369e-07
2.59393e-07
-1.14135e-07
2.89895e-07
-1.19816e-07
2.93914e-07
-1.04613e-07
3.02933e-07
-8.77845e-08
3.12727e-07
-7.86895e-08
3.2104e-07
-6.97605e-08
3.2627e-07
-5.86585e-08
3.09422e-05
4.5615e-05
-6.46173e-08
4.5748e-05
4.58325e-05
6.30676e-08
4.58906e-05
4.5929e-05
2.09022e-07
4.59214e-05
4.59351e-05
2.42757e-07
4.5932e-05
4.59354e-05
2.67244e-07
4.59276e-05
4.59285e-05
3.53826e-07
4.58646e-05
4.59079e-05
3.97642e-07
4.58042e-05
4.5826e-05
4.29118e-07
4.56998e-05
4.57104e-05
4.59768e-07
4.55633e-05
4.55565e-05
4.98617e-07
4.53789e-05
4.53382e-05
5.17712e-07
4.51468e-05
4.708e-05
-1.4206e-08
3.4145e-06
1.311e-06
-1.66138e-08
3.39282e-06
1.29439e-06
-1.79646e-08
3.36891e-06
1.27642e-06
-3.0265e-08
-3.32784e-06
3.28067e-06
-1.24867e-06
1.21841e-06
-3.1852e-08
-3.22951e-06
3.17704e-06
-1.18431e-06
1.15246e-06
-4.18357e-08
-3.1099e-06
3.03905e-06
-1.11525e-06
1.07342e-06
-4.12178e-08
-2.9665e-06
2.89407e-06
-1.03059e-06
9.89373e-07
-3.87293e-08
-2.81946e-06
2.74299e-06
-9.49852e-07
9.11122e-07
-3.98211e-08
-2.66383e-06
2.58829e-06
-8.70461e-07
8.3064e-07
-3.03922e-08
-2.51907e-06
2.45612e-06
-7.95251e-07
7.64859e-07
-2.51943e-08
-2.39618e-06
2.34001e-06
-7.37018e-07
7.11824e-07
-2.35987e-08
-2.28547e-06
2.23337e-06
-6.87677e-07
6.64078e-07
-1.89769e-08
-2.18486e-06
2.14036e-06
-6.42832e-07
6.23855e-07
-2.77494e-08
-3.40975e-08
-3.72075e-08
-4.28259e-08
-3.95209e-08
-4.06617e-08
-3.53888e-08
-2.78403e-08
-2.41471e-08
-2.12465e-08
-1.73615e-08
2.09906e-06
6.06493e-07
-5.30184e-07
8.14814e-05
-8.15617e-05
6.10481e-07
8.47255e-07
7.70247e-05
-7.84021e-05
4.70838e-06
7.36316e-05
-7.74927e-05
7.85842e-06
7.25556e-05
-7.57057e-05
7.07382e-05
-7.19646e-05
9.0848e-06
-1.71514e-06
8.43689e-05
-8.41255e-05
1.47181e-06
-1.91297e-06
8.16792e-05
-2.21902e-06
7.73307e-05
-6.93532e-07
7.21061e-05
1.23776e-06
7.06243e-05
2.23332e-06
6.97427e-05
-2.2017e-07
7.26417e-05
-7.01882e-05
-5.92076e-06
7.8519e-05
-7.28184e-05
-9.26708e-06
8.48107e-05
-8.14644e-05
-9.4342e-06
8.92712e-05
-8.91041e-05
-7.67511e-06
9.19075e-05
-9.36666e-05
-5.52999e-06
9.17348e-05
-9.388e-05
-3.97617e-06
9.11918e-05
-9.27456e-05
-2.9378e-06
9.07652e-05
-9.18035e-05
-2.22006e-06
9.0648e-05
-9.13658e-05
-1.63747e-06
9.05275e-05
-9.11101e-05
9.07242e-05
-1.23404e-06
-9.11276e-05
-4.80339e-06
3.50749e-06
8.56648e-05
-5.36764e-06
8.22434e-05
-5.28541e-06
7.72485e-05
-5.28359e-06
7.21043e-05
-4.43765e-06
6.97784e-05
-5.23545e-06
7.05405e-05
-9.29216e-06
7.66984e-05
-1.23513e-05
8.15781e-05
-1.2842e-05
8.53014e-05
-1.18505e-05
8.82797e-05
-9.50485e-06
8.95619e-05
-7.09452e-06
8.93245e-05
-5.4633e-06
8.95606e-05
-4.21496e-06
8.95168e-05
-3.20075e-06
8.96338e-05
-2.35427e-06
8.9681e-05
-1.66285e-06
9.00328e-05
-1.31029e-07
4.02629e-07
4.1602e-05
-4.18736e-05
-6.37386e-07
8.33109e-07
4.6316e-05
-4.65117e-05
9.18092e-05
-1.01846e-06
-1.11418e-06
-9.27716e-05
3.09505e-06
4.05368e-08
-4.13119e-05
2.4927e-07
4.10221e-05
-4.60437e-05
-5.45847e-07
8.47233e-07
4.57423e-05
9.02496e-05
-1.10783e-06
-1.18646e-06
3.85388e-06
1.28235e-07
-4.07508e-05
1.15283e-07
4.05073e-05
-4.53918e-05
-4.17993e-07
7.49059e-07
4.50608e-05
4.18488e-06
8.82923e-05
-1.09259e-06
-1.13504e-06
6.27268e-06
8.7819e-05
-8.99068e-05
8.59021e-06
8.693e-05
-8.92475e-05
1.12776e-05
8.65946e-05
-8.9282e-05
8.57993e-05
-8.89024e-05
1.43807e-05
2.01908e-07
-4.02915e-05
-2.62247e-08
4.01158e-05
-4.47313e-05
-2.96876e-07
5.94898e-07
4.44333e-05
3.5628e-06
8.66686e-05
-9.34372e-07
-1.00474e-06
5.4621e-06
8.59197e-05
7.79051e-06
8.46015e-05
1.05251e-05
8.386e-05
1.29615e-05
8.3363e-05
8.24833e-05
-8.47206e-05
1.51989e-05
1.56738e-07
-3.99893e-05
-8.93421e-08
3.99219e-05
-4.41055e-05
-1.59613e-07
4.66035e-07
4.37991e-05
2.04105e-06
8.58926e-05
-6.72948e-07
-5.92045e-07
3.35499e-06
8.46058e-05
5.31971e-06
8.26368e-05
8.1162e-06
8.10635e-05
1.04358e-05
8.10434e-05
7.9381e-05
1.35381e-05
7.84096e-08
-3.99029e-05
-1.09016e-07
3.99335e-05
-4.35358e-05
4.88766e-08
9.43072e-08
4.33927e-05
3.27808e-07
8.57316e-05
-1.49444e-07
-1.74234e-08
8.81109e-07
8.40525e-05
1.95626e-06
4.61766e-06
8.16834e-06
1.18436e-05
1.10785e-08
-4.0013e-05
-1.1939e-07
4.01213e-05
-4.33492e-05
1.44524e-07
-1.5831e-07
4.3363e-05
-5.37437e-07
1.93892e-07
1.97488e-07
8.58777e-05
2.4647e-05
8.29665e-09
-2.47863e-05
2.45954e-05
2.70149e-08
2.45584e-08
2.46016e-05
3.43686e-08
2.46424e-05
-7.74501e-08
3.65674e-08
2.47323e-05
3.83343e-08
2.48654e-05
-1.77732e-07
4.46971e-08
2.50173e-05
4.99395e-08
2.51605e-05
-1.91353e-07
4.82204e-08
2.52752e-05
4.20223e-08
2.53537e-05
-1.14378e-07
3.58576e-08
2.54019e-05
3.02655e-08
2.54171e-05
-3.90401e-08
2.37881e-08
2.54078e-05
2.03559e-08
3.67918e-08
1.64928e-08
2.53545e-05
4.5581e-05
-4.58158e-05
-3.17116e-07
5.95201e-07
4.53029e-05
4.62951e-05
-4.64804e-05
-8.67572e-07
4.60485e-05
4.50064e-05
-1.93834e-07
5.00917e-07
4.46993e-05
4.57879e-05
-8.51334e-07
4.54528e-05
4.43966e-05
-3.80099e-08
3.60495e-07
4.40741e-05
4.51092e-05
-6.89984e-07
4.46642e-05
4.3751e-05
6.47784e-08
2.50273e-07
4.34359e-05
4.43247e-05
-5.78031e-07
4.3898e-05
4.3187e-05
9.5386e-08
6.29364e-08
4.30287e-05
4.36911e-05
-3.26179e-07
4.34252e-05
4.29685e-05
1.18562e-07
-1.14786e-07
4.29647e-05
4.33701e-05
7.13089e-08
4.32813e-05
4.29899e-05
8.98438e-08
-1.57431e-07
4.30575e-05
4.0248e-05
4.33169e-05
2.09637e-07
4.33048e-05
4.34152e-05
2.98022e-12
1.75255e-06
-1.74425e-06
5.16127e-07
-5.16124e-07
1.12976e-08
-1.77028e-06
1.79335e-06
-5.22951e-07
5.34248e-07
1.24412e-08
-1.81802e-06
1.84391e-06
-5.46149e-07
5.58591e-07
1.92132e-08
-1.87278e-06
1.90351e-06
-5.74418e-07
5.93631e-07
1.762e-08
-1.93229e-06
1.9567e-06
-6.13065e-07
6.30685e-07
1.45818e-08
-1.97667e-06
1.99235e-06
-6.46569e-07
6.6115e-07
1.27924e-08
-2.00323e-06
2.0108e-06
-6.74058e-07
6.8685e-07
6.82357e-09
1.19012e-08
1.58272e-08
1.94342e-08
1.58834e-08
1.29075e-08
1.27647e-08
2.01453e-06
6.99615e-07
-1.21498e-07
-3.2702e-08
4.04022e-05
1.82941e-07
-2.83858e-07
4.35161e-05
8.64181e-05
4.1038e-07
5.20995e-07
-8.65829e-07
9.09693e-05
-9.13375e-05
-2.58653e-07
9.13303e-05
-2.83793e-07
-9.16537e-05
-1.76598e-07
4.52136e-05
-4.52957e-05
2.47699e-05
6.08526e-08
2.08776e-09
-2.48329e-05
-3.33135e-07
-4.05924e-05
1.0966e-07
4.08158e-05
-4.37396e-05
2.18011e-07
-5.53984e-07
4.40755e-05
8.79807e-05
9.25011e-07
1.01992e-06
-1.07977e-06
9.03862e-05
-2.45936e-07
9.07606e-05
-2.64076e-07
-4.51037e-05
-1.44763e-07
4.50025e-05
-2.4723e-05
2.46893e-05
2.70028e-08
6.69929e-09
-4.32069e-07
-4.10571e-05
1.93832e-07
4.12954e-05
-4.44868e-05
2.47951e-07
-7.26347e-07
4.49652e-05
-5.41484e-06
9.07091e-05
1.34168e-06
1.3447e-06
-8.14503e-06
8.8395e-05
-9.95941e-06
8.40578e-05
-9.46474e-06
7.67538e-05
-9.22861e-06
7.18681e-05
-1.01544e-05
7.07042e-05
-1.29708e-05
7.33568e-05
-1.52476e-05
7.89752e-05
-1.53559e-05
8.16864e-05
-1.46196e-05
8.45651e-05
-1.27966e-05
8.64567e-05
-1.01141e-05
8.68794e-05
-7.94594e-06
8.71564e-05
-6.3051e-06
8.79197e-05
-4.81123e-06
8.8023e-05
-3.56964e-06
8.83922e-05
-2.58116e-06
8.86925e-05
-1.75425e-06
8.92059e-05
-1.09607e-06
8.97281e-05
-2.16079e-07
9.01197e-05
-2.39148e-07
-4.48752e-05
-1.06517e-07
4.47657e-05
-2.46661e-05
2.46495e-05
7.70627e-09
8.97226e-09
-3.33042e-07
-4.15001e-05
1.76486e-07
4.16567e-05
-4.54334e-05
2.74259e-07
-7.68529e-07
4.59277e-05
-5.06221e-06
9.31346e-05
1.33207e-06
1.30466e-06
-8.44931e-06
9.17821e-05
-1.17557e-05
8.73643e-05
-1.29456e-05
7.79437e-05
-1.46164e-05
7.35389e-05
-1.70967e-05
7.31846e-05
-1.8908e-05
7.51681e-05
-1.80051e-05
7.80723e-05
-1.66457e-05
8.0327e-05
-1.46118e-05
8.25312e-05
-1.1836e-05
8.36809e-05
-9.50491e-06
8.45483e-05
-7.76222e-06
8.54137e-05
-5.63452e-06
8.5792e-05
-4.09453e-06
8.6483e-05
-2.87519e-06
8.71729e-05
-1.97444e-06
8.77918e-05
-1.28953e-06
8.8521e-05
-7.95884e-07
8.92344e-05
-1.80745e-07
8.97171e-05
-2.1251e-07
-4.46239e-05
-7.93955e-08
4.45225e-05
-2.46365e-05
2.46228e-05
3.0993e-09
1.06153e-08
-1.68955e-07
-4.17576e-05
1.28977e-07
4.17976e-05
-4.64156e-05
1.61051e-07
-5.983e-07
4.68528e-05
-2.51878e-06
9.4143e-05
9.0272e-07
6.07695e-07
-5.06306e-06
9.43264e-05
-9.70188e-06
9.20031e-05
-1.43128e-05
8.25547e-05
-1.7146e-05
7.63721e-05
-1.90388e-05
7.50774e-05
-2.04694e-05
7.65988e-05
-1.99643e-05
7.75672e-05
-1.7287e-05
7.76497e-05
-1.38042e-05
7.90485e-05
-1.02505e-05
8.01272e-05
-7.44271e-06
8.17405e-05
-5.50833e-06
8.34793e-05
-3.59125e-06
8.38749e-05
-2.36535e-06
8.52571e-05
-1.48845e-06
8.6296e-05
-9.28481e-07
8.72318e-05
-5.80132e-07
8.81726e-05
-3.84292e-07
8.90386e-05
-1.35704e-07
8.96162e-05
-1.47721e-07
-4.43937e-05
-8.55243e-08
4.43436e-05
-2.45998e-05
2.45578e-05
3.50853e-08
6.99517e-09
-7.60185e-08
-4.17637e-05
2.10093e-07
4.16296e-05
-4.71631e-05
-1.80452e-07
5.25639e-08
4.7291e-05
5.00353e-08
9.43088e-05
3.76268e-08
-2.53476e-07
-7.48936e-07
9.51253e-05
-3.74044e-06
9.49946e-05
-9.59993e-06
8.84142e-05
-1.40302e-05
8.08023e-05
-1.59766e-05
7.70238e-05
-1.64272e-05
7.70494e-05
-1.68462e-05
7.79862e-05
-1.58117e-05
7.66151e-05
-1.24655e-05
7.57023e-05
-8.53581e-06
7.61975e-05
-4.95638e-06
7.81611e-05
-2.69658e-06
8.12195e-05
-1.32317e-06
8.25015e-05
-5.99247e-07
8.45332e-05
-2.73863e-07
8.59706e-05
-1.66204e-07
8.71241e-05
-1.5992e-07
8.81663e-05
-1.80299e-07
8.9059e-05
-9.45485e-08
8.96455e-05
-1.15067e-07
-4.42923e-05
-1.0499e-07
4.43028e-05
-2.44912e-05
2.43998e-05
9.32409e-08
-1.79614e-09
4.68214e-08
-4.14234e-05
2.02205e-07
4.11744e-05
-4.72819e-05
-2.99761e-07
3.40458e-07
4.72412e-05
1.12166e-06
9.40948e-05
-3.65618e-07
-5.42083e-07
1.43074e-06
9.48163e-05
8.46e-07
9.55793e-05
-2.89116e-06
9.21513e-05
-7.85825e-06
8.57694e-05
-1.07435e-05
7.9909e-05
-1.16457e-05
7.79517e-05
-1.25238e-05
7.88643e-05
-1.20785e-05
7.61698e-05
-9.33008e-06
7.29539e-05
-5.98772e-06
7.28551e-05
-2.52834e-06
7.47017e-05
-3.43413e-07
7.90345e-05
3.20062e-07
8.18381e-05
3.72762e-07
8.44805e-05
2.51843e-07
8.60915e-05
1.31888e-07
8.72441e-05
3.37253e-08
8.82645e-05
-5.18639e-08
8.91445e-05
-8.21466e-08
8.97657e-05
-8.98792e-08
-4.42989e-05
-1.24088e-07
4.43408e-05
-2.42931e-05
2.41737e-05
1.2694e-07
-7.53883e-09
1.08339e-07
-4.08951e-05
1.92642e-07
4.05942e-05
-4.71368e-05
-4.34237e-07
5.63639e-07
4.70074e-05
1.93991e-06
9.37192e-05
-6.75544e-07
-8.88745e-07
2.69377e-06
9.40624e-05
3.61314e-06
9.46599e-05
2.71534e-06
9.30491e-05
-5.8135e-07
8.90661e-05
-4.44952e-06
8.37771e-05
-5.68529e-06
7.91874e-05
-5.8628e-06
7.90418e-05
-5.44737e-06
7.57543e-05
-3.86213e-06
7.13687e-05
-1.97761e-06
7.09706e-05
3.18362e-07
7.24057e-05
1.7117e-06
7.76412e-05
1.62007e-06
8.19297e-05
1.32638e-06
8.47742e-05
1.09334e-06
8.63245e-05
7.9982e-07
8.75376e-05
4.92254e-07
8.85721e-05
2.12614e-07
8.94242e-05
-4.64151e-08
9.00719e-05
-4.72002e-08
-4.43699e-05
-1.31104e-07
4.44546e-05
-2.40407e-05
2.38952e-05
1.60166e-07
-1.46547e-08
2.74079e-08
-4.02743e-05
2.87662e-07
3.99592e-05
-4.68132e-05
-5.79389e-07
7.74568e-07
4.6618e-05
2.81815e-06
9.2997e-05
-9.42764e-07
-1.15313e-06
3.64147e-06
9.32391e-05
4.95729e-06
9.33441e-05
5.96174e-06
9.20447e-05
5.37324e-06
8.96546e-05
2.76468e-06
8.63857e-05
5.5638e-07
8.13957e-05
9.57124e-07
7.86411e-05
1.8427e-06
7.48688e-05
2.17269e-06
7.10387e-05
2.72208e-06
7.04212e-05
3.78197e-06
7.13458e-05
4.32905e-06
7.70941e-05
3.96825e-06
8.22905e-05
3.47742e-06
8.5265e-05
2.61293e-06
8.7189e-05
1.77826e-06
8.83723e-05
1.07111e-06
8.92792e-05
5.10367e-07
8.99849e-05
2.20482e-09
9.05913e-05
-1.11796e-08
-4.45245e-05
-1.19837e-07
4.46465e-05
-2.37472e-05
2.36069e-05
1.57147e-07
-1.68354e-08
-1.83485e-08
-3.96381e-05
3.3697e-07
3.93195e-05
-4.6329e-05
-6.37325e-07
9.11586e-07
4.60547e-05
3.65635e-06
9.17313e-05
-1.12735e-06
-1.26333e-06
5.35591e-06
9.15395e-05
7.09198e-06
9.1608e-05
8.22258e-06
9.09141e-05
8.92519e-06
8.89519e-05
8.90191e-06
8.6409e-05
6.75014e-06
8.35475e-05
5.89086e-06
7.95004e-05
5.94354e-06
7.48161e-05
6.03532e-06
7.09469e-05
6.76819e-06
6.96884e-05
7.27352e-06
7.08405e-05
7.72534e-06
7.66423e-05
6.88172e-06
8.31341e-05
5.30226e-06
8.68445e-05
3.64872e-06
8.88426e-05
2.34661e-06
8.96744e-05
1.37554e-06
9.02503e-05
6.46949e-07
9.07135e-05
2.78471e-08
9.1193e-05
1.74219e-08
-4.47409e-05
-9.81848e-08
4.4867e-05
-2.34816e-05
2.33739e-05
1.20284e-07
-1.25452e-08
-4.3742e-08
-3.9017e-05
3.19508e-07
3.87413e-05
-4.57217e-05
-6.33225e-07
9.55759e-07
4.53992e-05
4.21801e-06
9.00527e-05
-1.24574e-06
-1.2937e-06
6.24847e-06
8.95091e-05
8.55618e-06
8.93003e-05
1.03836e-05
8.90867e-05
1.14752e-05
8.78603e-05
1.22216e-05
8.56626e-05
1.20892e-05
8.36799e-05
1.12622e-05
8.03273e-05
9.87327e-06
7.6205e-05
9.27456e-06
7.15456e-05
9.28082e-06
6.96821e-05
9.23279e-06
7.08885e-05
9.36298e-06
7.65121e-05
7.57532e-06
8.49218e-05
5.09014e-06
8.93296e-05
3.21859e-06
9.07141e-05
1.90764e-06
9.09853e-05
1.07372e-06
9.10842e-05
4.74506e-07
9.13127e-05
3.61195e-08
9.16195e-05
1.1865e-08
-4.49661e-05
-7.07584e-08
4.50729e-05
-2.32854e-05
2.32122e-05
8.0416e-08
-7.25458e-09
-1.10218e-07
-3.85144e-05
2.87781e-07
3.83369e-05
-4.51067e-05
-6.16489e-07
8.88393e-07
4.48348e-05
4.16114e-06
8.83833e-05
-1.18314e-06
-1.30854e-06
5.83652e-06
8.78337e-05
8.41722e-06
8.67196e-05
1.13147e-05
8.61892e-05
1.34426e-05
8.57324e-05
1.47029e-05
8.44023e-05
1.57116e-05
8.26711e-05
1.61061e-05
7.99329e-05
1.48839e-05
7.74272e-05
1.35897e-05
7.28398e-05
1.22252e-05
7.10465e-05
1.0724e-05
7.23898e-05
8.66867e-06
7.85675e-05
5.4327e-06
8.81577e-05
2.97166e-06
9.17907e-05
1.62209e-06
9.20637e-05
8.12018e-07
9.17954e-05
3.85818e-07
9.15104e-05
7.75458e-08
9.1621e-05
-1.32554e-08
9.18006e-05
-9.03096e-08
-4.5151e-05
-7.36236e-08
4.52114e-05
-2.31509e-05
2.30965e-05
5.9158e-08
-4.83635e-09
-1.57059e-07
-3.82171e-05
2.13825e-07
3.81603e-05
-4.45128e-05
-4.63716e-07
7.48503e-07
4.4228e-05
3.77929e-06
8.67274e-05
-1.03823e-06
-1.08523e-06
5.30631e-06
8.63067e-05
6.93287e-06
8.50931e-05
9.96695e-06
8.31551e-05
1.31486e-05
8.25508e-05
1.56572e-05
8.18937e-05
1.73918e-05
8.09365e-05
1.75124e-05
7.98122e-05
1.70786e-05
7.78611e-05
1.62876e-05
7.36308e-05
1.41344e-05
7.31997e-05
1.05441e-05
7.59801e-05
5.67749e-06
8.34341e-05
2.07209e-06
9.17631e-05
5.64175e-07
9.32986e-05
2.23464e-08
9.26055e-05
-1.98332e-07
9.20161e-05
-2.57611e-07
9.15697e-05
-2.882e-07
9.16516e-05
-1.03017e-07
9.17839e-05
-1.68536e-07
-4.52232e-05
-1.20213e-07
4.52404e-05
-2.30469e-05
2.30052e-05
4.40254e-08
-2.30149e-09
-1.35478e-07
-3.8146e-05
1.05853e-07
3.81756e-05
-4.39515e-05
-2.48145e-07
5.06711e-07
4.3693e-05
2.46438e-06
8.57055e-05
-7.19964e-07
-7.22485e-07
4.08559e-06
8.46854e-05
5.87022e-06
8.33085e-05
8.2543e-06
8.0771e-05
1.09608e-05
7.98442e-05
1.37905e-05
7.90641e-05
1.61186e-05
7.86084e-05
1.63838e-05
7.9547e-05
1.60099e-05
7.8235e-05
1.42978e-05
7.53428e-05
1.08424e-05
7.66551e-05
5.62928e-06
8.11932e-05
8.0767e-07
8.82557e-05
-7.97682e-07
9.33685e-05
-9.55822e-07
9.34567e-05
-8.09382e-07
9.24591e-05
-6.53517e-07
9.18602e-05
-5.5387e-07
9.147e-05
-4.67273e-07
9.1565e-05
-1.44552e-07
9.1679e-05
-2.17814e-07
-4.52004e-05
-1.25725e-07
4.51816e-05
-2.29675e-05
2.29365e-05
3.01826e-08
8.66022e-10
5.23143e-09
-3.82452e-05
-1.12081e-07
3.83521e-05
-4.33998e-05
9.27827e-08
5.8301e-08
4.32487e-05
7.37381e-07
8.52342e-05
-1.39783e-07
-1.26293e-07
1.68069e-06
8.37421e-05
3.38584e-06
8.16033e-05
5.5279e-06
7.8629e-05
7.55818e-06
7.78139e-05
9.09754e-06
7.75247e-05
1.05002e-05
7.72058e-05
1.11166e-05
7.89306e-05
1.09633e-05
7.83883e-05
8.72039e-06
7.75857e-05
4.79166e-06
8.05839e-05
4.71301e-07
8.55136e-05
-1.93945e-06
9.06665e-05
-1.89777e-06
9.33268e-05
-1.37087e-06
9.29298e-05
-1.06832e-06
9.21565e-05
-8.72613e-07
9.16645e-05
-7.72946e-07
9.13704e-05
-6.33192e-07
9.14252e-05
-1.92365e-07
9.15286e-05
-2.90383e-07
-4.50954e-05
-1.52045e-07
4.50551e-05
-2.29054e-05
2.28691e-05
3.5463e-08
8.79466e-10
6.97062e-08
-3.84817e-05
-2.42922e-07
3.86549e-05
-4.31529e-05
2.9009e-07
-2.55489e-07
4.31183e-05
-3.93744e-07
8.50909e-05
2.5944e-07
2.77587e-07
1.06146e-07
8.32422e-05
6.377e-07
8.10717e-05
1.32039e-06
7.79463e-05
2.76789e-06
7.63664e-05
3.46983e-06
7.68228e-05
3.63704e-06
7.70386e-05
4.40368e-06
7.8164e-05
4.15583e-06
7.86362e-05
1.75897e-06
7.99826e-05
-1.26837e-06
8.36112e-05
-3.56739e-06
8.78126e-05
-3.95642e-06
9.10555e-05
-3.1301e-06
9.25005e-05
-2.47262e-06
9.22724e-05
-2.03609e-06
9.172e-05
-1.67923e-06
9.13077e-05
-1.3594e-06
9.10505e-05
-1.03088e-06
9.10967e-05
-2.75914e-07
9.11765e-05
-4.02884e-07
-4.49454e-05
-2.11454e-07
4.4881e-05
-2.28232e-05
2.27634e-05
6.22605e-08
-2.53683e-09
1.19197e-07
-3.8884e-05
-3.77206e-07
3.9142e-05
-4.30987e-05
4.77684e-07
-4.84764e-07
4.31058e-05
-9.87825e-07
8.51088e-05
5.59206e-07
4.10692e-07
-1.12938e-06
8.33838e-05
-9.73055e-07
8.09154e-05
-9.88303e-07
7.79615e-05
-1.09715e-06
7.64753e-05
-5.2317e-07
7.62488e-05
-6.29521e-07
7.71449e-05
-7.39931e-08
7.76085e-05
-1.00219e-06
7.95644e-05
-4.00641e-06
8.29868e-05
-5.7836e-06
8.53884e-05
-6.40806e-06
8.8437e-05
-5.82995e-06
9.04774e-05
-4.62497e-06
9.12955e-05
-3.62244e-06
9.12698e-05
-2.88243e-06
9.098e-05
-2.39592e-06
9.08211e-05
-1.96009e-06
9.06147e-05
-1.45154e-06
9.05882e-05
-3.13809e-07
9.05435e-05
-5.04734e-07
-4.47145e-05
-2.47688e-07
4.46484e-05
-2.2694e-05
2.26119e-05
8.86082e-08
-6.49093e-09
6.6602e-08
-3.94198e-05
-3.21234e-07
3.96745e-05
-4.31378e-05
4.64766e-07
-5.95897e-07
4.32689e-05
-2.80551e-06
8.63188e-05
8.48168e-07
7.47416e-07
-3.48982e-06
8.40681e-05
-3.25615e-06
8.06818e-05
-2.89964e-06
7.7605e-05
-3.13429e-06
7.67099e-05
-3.20335e-06
7.63179e-05
-3.34487e-06
7.72864e-05
-4.28977e-06
7.85534e-05
-5.93961e-06
8.12142e-05
-7.42473e-06
8.44719e-05
-7.72658e-06
8.56902e-05
-7.41044e-06
8.81209e-05
-6.48328e-06
8.95502e-05
-5.48759e-06
9.02998e-05
-4.57921e-06
9.03614e-05
-3.7537e-06
9.01545e-05
-3.09182e-06
9.01593e-05
-2.6317e-06
9.01546e-05
-2.11425e-06
9.00707e-05
-4.17219e-07
8.95984e-05
-7.51949e-07
-4.44142e-05
-2.98659e-07
4.42957e-05
-2.25216e-05
2.24183e-05
1.09781e-07
-6.46394e-09
-6.87522e-08
-3.98948e-05
1.81386e-08
3.99454e-05
-4.345e-05
1.44912e-07
-4.40465e-07
4.37455e-05
-4.74364e-06
4.4561e-05
1.0648e-06
1.09984e-06
4.43368e-05
-5.83232e-06
4.27524e-05
4.24043e-05
-6.01363e-06
4.06446e-05
4.02185e-05
-6.22263e-06
3.90001e-05
3.88139e-05
-6.78625e-06
3.8676e-05
3.85976e-05
-7.5692e-06
3.85506e-05
3.85502e-05
-8.23423e-06
3.88079e-05
3.91436e-05
-9.38919e-06
3.98476e-05
3.98608e-05
-1.00422e-05
4.08615e-05
4.10057e-05
-9.72563e-06
4.19956e-05
4.21598e-05
-9.45837e-06
4.25721e-05
4.28509e-05
-8.66279e-06
4.34343e-05
4.3891e-05
-7.5275e-06
4.40886e-05
4.43264e-05
-6.24001e-06
4.45882e-05
4.44241e-05
-4.7597e-06
4.44557e-05
4.44254e-05
-3.71704e-06
4.45707e-05
4.45412e-05
-2.86312e-06
4.47275e-05
4.45779e-05
-2.42222e-06
4.48982e-05
4.48155e-05
-2.3069e-06
4.5161e-05
4.47944e-05
-7.06965e-07
4.50703e-05
-1.3597e-06
4.42879e-05
-4.3918e-05
-5.08768e-07
4.37198e-05
-2.22955e-05
2.21188e-05
1.73515e-07
3.19154e-09
-8.90098e-07
-3.98448e-05
1.31054e-06
3.94244e-05
-4.42685e-05
-6.11378e-07
-2.26421e-07
4.51063e-05
9.7901e-07
-1.66404e-06
4.5246e-05
2.27726e-06
-2.90722e-06
4.33824e-05
3.1506e-06
-3.41637e-06
4.09104e-05
3.43282e-06
-3.62519e-06
3.91925e-05
3.68017e-06
-3.81358e-06
3.88094e-05
3.96596e-06
-4.26351e-06
3.88482e-05
4.78976e-06
-5.35518e-06
3.93733e-05
5.68405e-06
-5.71532e-06
3.98788e-05
5.82982e-06
-5.57951e-06
4.06112e-05
5.33592e-06
-4.91215e-06
4.15718e-05
4.85255e-06
-4.77115e-06
4.24907e-05
4.70792e-06
-4.49346e-06
4.32199e-05
4.18049e-06
-3.81621e-06
4.37243e-05
3.41693e-06
-2.87475e-06
4.4046e-05
2.47356e-06
-2.0995e-06
4.40817e-05
1.84064e-06
-1.60578e-06
4.43358e-05
1.40454e-06
-1.1531e-06
4.4476e-05
1.00537e-06
-8.32476e-07
4.47253e-05
7.74122e-07
-6.45355e-07
4.50322e-05
7.89247e-07
-8.29282e-07
4.51103e-05
-4.31732e-05
1.35035e-06
-1.44092e-06
4.32637e-05
-2.1782e-05
2.08941e-05
8.32168e-07
5.57526e-08
1.52162e-06
4.40809e-07
-4.00102e-05
-6.29332e-08
-5.59046e-07
-4.60883e-05
1.07383e-06
-1.50192e-06
-4.5911e-05
2.0734e-06
-2.6735e-06
-4.39471e-05
3.17779e-06
-3.65637e-06
-4.11935e-05
4.02673e-06
-4.40989e-06
-3.95402e-05
4.8078e-06
-5.16709e-06
-3.91875e-05
5.46745e-06
-5.77239e-06
-3.92902e-05
6.0259e-06
-6.181e-06
-3.95814e-05
6.31079e-06
-6.33594e-06
-3.98077e-05
6.30082e-06
-6.10927e-06
-4.02664e-05
5.84551e-06
-5.43629e-06
-4.11312e-05
4.94949e-06
-4.61239e-06
-4.21744e-05
4.16789e-06
-3.64918e-06
-4.29078e-05
3.233e-06
-2.85982e-06
-4.33963e-05
2.46449e-06
-2.06083e-06
-4.3645e-05
1.74703e-06
-1.44281e-06
-4.37571e-05
1.16819e-06
-9.27542e-07
-4.40966e-05
6.96419e-07
-5.25146e-07
-4.42281e-05
4.16068e-07
-3.37071e-07
-4.45915e-05
2.57759e-07
-1.84139e-07
-4.49369e-05
1.66812e-07
-1.75857e-07
-4.52301e-05
2.95986e-07
-3.28454e-07
-4.38989e-05
-1.88932e-05
-1.59639e-06
-3.88361e-08
2.52255e-05
7.51941e-09
2.50011e-05
2.34428e-07
-1.0028e-08
4.21064e-08
4.7856e-09
2.46981e-05
-3.01499e-08
2.4339e-05
4.06098e-07
-4.69747e-08
1.45179e-08
8.68054e-09
2.39646e-05
-5.76566e-08
2.36189e-05
4.05091e-07
-5.93568e-08
2.40314e-09
1.05694e-08
2.33382e-05
-5.24153e-08
2.31338e-05
2.44724e-07
-4.03185e-08
1.22669e-08
1.0653e-08
2.29942e-05
-2.9337e-08
2.28936e-05
1.24082e-07
-2.34672e-08
6.29927e-08
3.56992e-09
2.28325e-05
-1.49096e-08
2.28139e-05
2.01438e-08
-1.55571e-09
1.10676e-07
-4.02536e-09
2.28515e-05
9.2128e-09
2.29294e-05
-9.5171e-08
1.73405e-08
1.42994e-07
-9.98017e-09
2.30173e-05
2.0352e-08
2.3078e-05
-7.65981e-08
1.5952e-08
1.64096e-07
-1.60921e-08
2.30993e-05
6.12988e-09
2.30913e-05
6.52939e-09
1.45506e-09
1.39849e-07
-1.46208e-08
2.30701e-05
2.85491e-09
2.30363e-05
2.89211e-08
4.83765e-09
9.81327e-08
-9.6126e-09
2.29892e-05
3.33119e-09
2.29178e-05
7.27243e-08
-1.23446e-09
6.67896e-08
-5.4255e-09
2.28149e-05
-7.39496e-09
2.26867e-05
1.4121e-07
-1.29296e-08
5.34438e-08
-3.80166e-09
2.25466e-05
-1.70499e-08
2.24061e-05
1.6066e-07
-2.01529e-08
3.80072e-08
-3.4179e-10
2.22878e-05
-1.71789e-08
2.22303e-05
6.2992e-08
-5.49456e-09
2.93757e-08
1.66959e-09
2.22256e-05
9.96419e-09
2.22493e-05
-3.94745e-08
1.57849e-08
4.6214e-08
-3.01076e-10
2.23001e-05
1.89074e-08
2.2396e-05
-1.26081e-07
3.01478e-08
7.36677e-08
-4.26445e-09
2.24809e-05
3.42928e-08
2.25588e-05
-1.12047e-07
3.42029e-08
9.7274e-08
-6.98042e-09
2.25935e-05
3.18505e-08
2.25836e-05
-1.78238e-08
2.77914e-08
1.26637e-07
-3.86946e-09
2.24826e-05
3.22188e-08
2.21418e-05
3.01919e-07
3.88532e-08
3.11615e-07
2.51642e-08
2.11977e-05
5.40611e-08
1.90594e-05
2.27278e-06
-1.34478e-07
2.13203e-06
-1.3113e-07
-7.20103e-08
-4.54754e-05
-4.61711e-05
-4.56057e-05
-4.31201e-05
-4.05e-05
-3.92473e-05
-3.91679e-05
-3.94371e-05
-3.96065e-05
-3.99339e-05
-4.05752e-05
-4.16675e-05
-4.24923e-05
-4.31542e-05
-4.35314e-05
-4.36367e-05
-4.38206e-05
-4.40634e-05
-4.42239e-05
-4.46262e-05
-4.49588e-05
-4.52116e-05
-3.8085e-05
4.32077e-05
-4.4224e-08
-2.02091e-07
4.3454e-05
4.34313e-05
4.25561e-07
4.35267e-05
4.14598e-05
-4.15755e-05
1.73819e-07
4.13281e-05
4.37817e-05
-1.64794e-07
-2.32548e-07
4.4179e-05
4.38978e-05
6.4379e-07
4.42739e-05
4.12103e-05
1.36804e-07
4.1088e-05
4.46208e-05
-2.00365e-07
-2.67621e-07
4.50888e-05
4.48892e-05
7.35844e-07
4.54981e-05
4.09892e-05
9.73786e-08
4.08942e-05
4.55395e-05
-1.43779e-07
-2.57889e-07
4.59412e-05
4.60616e-05
7.45774e-07
4.66205e-05
4.08179e-05
8.37238e-08
4.07465e-05
4.62312e-05
-1.57964e-07
6.92818e-09
4.63823e-05
4.69249e-05
3.03342e-07
4.72293e-05
4.0696e-05
9.64776e-08
4.06626e-05
4.64119e-05
-2.26323e-07
2.64738e-07
4.63735e-05
4.73195e-05
-2.7383e-07
4.73398e-05
4.06508e-05
1.11194e-07
4.06503e-05
4.62759e-05
-1.84117e-07
3.64948e-07
4.60951e-05
4.73147e-05
-4.6934e-07
4.72419e-05
4.06531e-05
1.18918e-07
4.06772e-05
4.58535e-05
-2.43258e-07
5.16619e-07
4.55802e-05
4.713e-05
-7.10816e-07
4.69521e-05
4.07063e-05
1.17129e-07
4.07532e-05
4.52884e-05
-3.2766e-07
6.33278e-07
4.49828e-05
4.67839e-05
-9.22306e-07
4.65531e-05
4.07906e-05
1.05568e-07
4.08248e-05
4.46825e-05
-3.31369e-07
6.52219e-07
4.43616e-05
4.63373e-05
-9.85245e-07
4.60592e-05
4.08469e-05
8.16748e-08
4.08634e-05
4.40479e-05
-2.99568e-07
6.12437e-07
4.3735e-05
4.57692e-05
-9.04884e-07
4.53804e-05
4.0873e-05
6.62254e-08
4.08736e-05
4.34063e-05
-2.60961e-07
5.75253e-07
4.3092e-05
4.50857e-05
-8.97229e-07
4.46744e-05
4.08591e-05
1.02131e-07
4.08105e-05
4.28421e-05
-1.74991e-07
3.83014e-07
4.26341e-05
4.43846e-05
-6.59504e-07
4.39589e-05
4.07343e-05
1.2858e-07
4.06437e-05
4.24918e-05
6.6031e-09
6.6934e-08
4.24183e-05
4.37457e-05
-3.60122e-07
4.33833e-05
4.05482e-05
1.31567e-07
4.0446e-05
4.2399e-05
1.6907e-07
-1.60839e-07
4.23907e-05
4.33018e-05
6.50233e-08
4.31105e-05
4.03294e-05
1.80771e-07
4.01948e-05
4.24379e-05
3.55194e-07
-4.10571e-07
4.24933e-05
4.31144e-05
3.91025e-07
4.3001e-05
4.00456e-05
2.36395e-07
3.98829e-05
4.25938e-05
3.89866e-07
-5.01752e-07
4.27057e-05
4.30754e-05
5.33677e-07
4.29525e-05
3.97238e-05
2.7058e-07
3.95505e-05
4.28492e-05
2.38152e-07
-4.06306e-07
4.30173e-05
4.32047e-05
5.87391e-07
4.33648e-05
3.93616e-05
3.74319e-07
3.9114e-05
4.31804e-05
-4.02526e-07
7.67099e-08
4.35062e-05
4.39891e-05
4.46231e-07
4.46427e-05
3.87787e-05
8.13029e-07
3.82773e-05
4.42054e-05
-1.6869e-06
4.16879e-07
4.53953e-05
5.65166e-07
-1.34096e-06
4.495e-05
2.00593e-06
-2.66164e-06
4.26477e-05
3.2263e-06
-3.69873e-06
4.02349e-05
3.98181e-06
-4.24693e-06
3.88689e-05
4.59461e-06
-4.97308e-06
3.875e-05
5.35118e-06
-5.76909e-06
3.90765e-05
6.21111e-06
-6.57178e-06
3.94725e-05
6.77991e-06
-6.91393e-06
3.99753e-05
6.84282e-06
-6.80141e-06
4.07621e-05
6.45666e-06
-6.26971e-06
4.21002e-05
5.82913e-06
-5.39642e-06
4.27877e-05
5.08016e-06
-4.78476e-06
4.3578e-05
4.4727e-06
-4.0489e-06
4.39271e-05
3.72087e-06
-3.3252e-06
4.40229e-05
2.92418e-06
-2.53799e-06
4.41666e-05
2.21339e-06
-1.86743e-06
4.43399e-05
1.6282e-06
-1.35164e-06
4.44301e-05
1.10367e-06
-8.97465e-07
4.47571e-05
7.63684e-07
-6.32746e-07
4.49383e-05
5.37471e-07
-5.57951e-07
4.4809e-05
6.77748e-07
-1.08038e-06
3.76685e-05
1.71554e-06
7.54791e-10
1.89331e-06
-1.89198e-06
6.10444e-07
-6.09689e-07
2.70658e-09
-1.8963e-06
1.90029e-06
-6.12244e-07
6.1495e-07
4.09677e-09
-1.90528e-06
1.91016e-06
-6.18642e-07
6.22738e-07
5.67956e-09
-1.9156e-06
1.92053e-06
-6.27867e-07
6.33547e-07
5.0953e-09
-1.92499e-06
1.92689e-06
-6.39737e-07
6.44832e-07
1.82097e-09
-1.92666e-06
1.92304e-06
-6.48639e-07
6.5046e-07
-4.39415e-11
-1.91781e-06
1.91032e-06
-6.51665e-07
6.51621e-07
-3.56143e-09
-1.90157e-06
1.89047e-06
-6.50389e-07
6.46827e-07
-5.37926e-09
-1.87908e-06
1.86762e-06
-6.42132e-07
6.36753e-07
-4.24522e-09
-1.85794e-06
1.84964e-06
-6.31814e-07
6.27569e-07
-2.40205e-09
-1.84339e-06
1.83854e-06
-6.24205e-07
6.21803e-07
-1.76417e-09
-1.83501e-06
1.83193e-06
-6.1991e-07
6.18145e-07
-8.60279e-10
-1.82957e-06
1.82813e-06
-6.16706e-07
6.15846e-07
8.63136e-10
-1.82769e-06
1.82769e-06
-6.15946e-07
6.1681e-07
1.16744e-09
-1.82791e-06
1.82762e-06
-6.18262e-07
6.19429e-07
4.67805e-11
-1.82655e-06
1.82396e-06
-6.20202e-07
6.20249e-07
-1.57418e-09
-1.82028e-06
1.81536e-06
-6.19669e-07
6.18095e-07
-2.21699e-09
-1.81047e-06
1.80622e-06
-6.16005e-07
6.13788e-07
6.94806e-10
-1.80389e-06
1.80638e-06
-6.12256e-07
6.12951e-07
2.5176e-08
-1.82217e-06
1.85275e-06
-6.22326e-07
6.47502e-07
-2.05751e-08
-1.78167e-06
-5.87455e-07
1.8001e-09
3.69145e-09
5.12846e-09
6.19053e-09
3.80708e-09
1.20442e-09
-1.23246e-09
-4.69506e-09
-4.93847e-09
-3.36405e-09
-1.89346e-09
-1.43911e-09
1.00418e-10
1.45194e-09
7.72844e-10
-5.79274e-10
-2.09019e-09
-1.53171e-09
9.37502e-09
-6.00477e-08
1.0336e-08
2.01171e-06
7.09951e-07
-4.43571e-09
-1.99755e-06
1.97184e-06
-7.14082e-07
7.09646e-07
-2.00563e-08
-1.93824e-06
1.90064e-06
-6.96263e-07
6.76207e-07
-2.14254e-08
-1.86408e-06
1.83309e-06
-6.53411e-07
6.31986e-07
-1.37076e-08
-1.81015e-06
1.79452e-06
-6.14607e-07
6.00899e-07
-9.27246e-09
-1.78335e-06
1.77771e-06
-5.88605e-07
5.79332e-07
1.61793e-09
-1.7797e-06
1.78729e-06
-5.75793e-07
5.77411e-07
8.39904e-09
-1.7987e-06
1.81065e-06
-5.83348e-07
5.91747e-07
2.92986e-09
-1.81942e-06
1.82262e-06
-5.9893e-07
6.0186e-07
2.02362e-09
-1.82327e-06
1.8241e-06
-6.02665e-07
6.04689e-07
3.42119e-09
-1.82526e-06
1.82517e-06
-6.08366e-07
6.11787e-07
-1.33255e-10
-1.82202e-06
1.81476e-06
-6.13704e-07
6.13571e-07
-5.11155e-09
-1.80445e-06
1.79251e-06
-6.10949e-07
6.05837e-07
-8.23229e-09
-1.78017e-06
1.77122e-06
-5.98024e-07
5.89791e-07
3.01956e-09
-1.76921e-06
1.77616e-06
-5.86306e-07
5.89326e-07
6.14638e-09
-1.78686e-06
1.79963e-06
-5.94406e-07
6.00552e-07
1.44998e-08
-1.8181e-06
1.83789e-06
-6.12224e-07
6.26724e-07
1.5054e-08
-1.85696e-06
1.87376e-06
-6.41858e-07
6.56912e-07
1.55358e-08
-1.88781e-06
1.9045e-06
-6.70648e-07
6.86184e-07
2.78125e-08
-1.92447e-06
1.95072e-06
-7.05067e-07
7.32879e-07
-3.16544e-08
-1.87378e-06
-6.75342e-07
4.1307e-09
-1.33826e-08
-2.27957e-08
-1.73789e-08
-1.22949e-08
-3.53952e-09
5.93759e-09
7.18292e-09
8.05064e-10
3.6774e-09
1.917e-09
-2.62255e-09
-7.81343e-09
-3.48508e-09
5.07995e-09
1.16723e-08
1.51338e-08
1.37361e-08
1.88828e-08
-5.75377e-08
-3.82047e-06
1.04632e-06
9.33052e-05
-4.98487e-06
9.41402e-05
-7.51241e-06
9.80124e-05
-9.89507e-06
9.66026e-05
-6.35935e-06
-6.88748e-06
9.97861e-05
-7.71293e-06
5.20067e-05
8.08772e-06
-2.0283e-06
3.07034e-05
2.4601e-06
-6.20163e-06
1.71788e-07
-6.16668e-06
5.53797e-06
-2.12567e-07
-3.37737e-06
8.27007e-06
3.346e-05
1.19487e-05
-7.69585e-06
-6.89697e-06
0.000107581
0.000102156
-1.04537e-07
3.63021e-05
-6.38707e-08
-5.44546e-06
-7.38313e-07
6.00735e-06
-1.07145e-05
2.00786e-06
-8.94781e-06
4.10985e-07
-7.1458e-07
4.7327e-05
4.65552e-05
9.16189e-07
4.71912e-05
4.72748e-05
4.94842e-05
6.14307e-06
-5.03256e-06
4.83737e-05
5.12623e-05
-2.99723e-06
4.90204e-07
-1.47958e-06
2.6161e-05
1.63383e-06
-6.51528e-06
5.3459e-06
2.80321e-06
-7.20497e-07
5.27746e-05
-5.69126e-06
5.15689e-05
3.31147e-05
-5.19851e-07
9.1845e-05
-9.1714e-05
3.8882e-07
9.14858e-05
-9.14297e-05
-5.75965e-07
6.19649e-06
7.85317e-05
-7.01949e-05
-1.45333e-05
1.29065e-07
9.20522e-05
-8.59848e-05
-1.31841e-06
9.62735e-05
-9.48261e-05
-1.3015e-06
9.47413e-05
-9.47582e-05
-1.0681e-06
9.3311e-05
-9.35444e-05
-9.06718e-07
9.21891e-05
-9.23504e-05
-7.76767e-07
9.1715e-05
9.14266e-05
-7.17514e-07
1.48004e-05
-7.49213e-05
1.52067e-05
6.95244e-05
-6.99307e-05
1.27237e-05
6.79907e-05
-6.55077e-05
5.92848e-06
7.48279e-05
-6.80327e-05
-1.51266e-06
8.59728e-05
-3.60059e-06
9.41401e-05
-2.85899e-06
9.55319e-05
-2.05638e-06
9.39387e-05
-1.44453e-06
9.26992e-05
-1.12848e-06
9.1873e-05
-8.88547e-07
9.14751e-05
9.13155e-05
-7.77497e-07
8.42097e-06
3.59329e-06
-3.04319e-06
-6.17447e-06
-5.70092e-06
-4.04896e-06
-2.85586e-06
-1.96023e-06
-1.45297e-06
-1.08791e-06
-9.00038e-07
1.02654e-08
-1.6399e-07
4.6709e-05
3.80721e-07
-6.96113e-07
4.75902e-05
-2.26091e-06
9.3969e-05
1.13388e-06
4.63287e-07
-3.0154e-06
9.48947e-05
-4.85012e-06
9.98471e-05
-8.0351e-06
9.97876e-05
-1.08267e-05
0.000102578
-4.73331e-06
9.62426e-05
-2.70005e-06
-1.52034e-06
2.2948e-05
1.92023e-06
-3.46891e-07
-1.05211e-05
-1.21718e-06
2.51756e-06
-2.02088e-06
6.37774e-06
8.53675e-05
-5.15621e-06
-1.90553e-06
7.73433e-06
0.000106224
0.00010466
-2.23489e-07
-4.692e-05
1.18603e-07
4.70249e-05
-4.77415e-05
4.53561e-08
-2.54112e-07
4.79502e-05
-2.02643e-06
9.52048e-05
6.23043e-07
1.67577e-07
-3.28631e-06
9.61545e-05
-4.77059e-06
0.000101331
-8.00251e-06
0.000103019
-8.60651e-06
0.000103182
-4.42494e-06
9.2061e-05
-6.48894e-06
2.80243e-05
-3.168e-06
-2.27923e-05
-5.94299e-06
-2.85542e-05
1.46856e-05
1.33226e-05
-6.31761e-07
-1.06566e-05
1.62875e-06
3.71659e-06
7.17421e-07
8.40183e-05
1.59226e-06
0.000105349
2.52383e-06
0.000103728
3.1057e-06
9.92276e-05
1.97577e-06
9.77328e-05
8.17436e-07
9.79739e-05
9.4397e-05
-3.79748e-07
-4.71045e-05
2.97943e-07
4.71863e-05
-4.81031e-05
-1.69119e-07
6.36157e-08
4.82086e-05
-6.97105e-07
9.60852e-05
7.29496e-08
-2.56238e-07
-2.88956e-06
9.8347e-05
-1.92873e-06
0.000100371
-1.24286e-06
0.000102334
-1.25443e-06
0.000103193
-7.12666e-07
9.15192e-05
-1.43337e-06
2.8745e-05
-5.99424e-06
-2.39933e-05
-7.12123e-06
-9.52959e-06
-7.11043e-06
8.40075e-05
-3.23503e-06
0.000101474
-4.86118e-07
0.000100979
3.72393e-07
9.83691e-05
-1.44452e-07
9.82496e-05
4.04861e-08
9.7789e-05
9.40652e-05
-5.04355e-07
-4.72017e-05
4.82246e-07
4.72238e-05
-4.82701e-05
-3.97535e-07
2.03244e-07
4.84644e-05
-3.65727e-07
9.70016e-05
2.07466e-09
-5.52798e-07
-8.26283e-07
9.88075e-05
-4.14526e-07
9.99588e-05
4.65223e-07
0.000101454
9.52471e-07
0.000102706
7.42854e-07
9.17289e-05
-3.69969e-06
3.31875e-05
-9.95815e-06
-1.77348e-05
-1.31735e-05
-6.31424e-06
-1.15154e-05
8.23495e-05
-6.85537e-06
9.68137e-05
-3.64093e-06
9.7765e-05
-1.72367e-06
9.64518e-05
-1.21649e-07
9.66476e-05
1.6574e-06
9.601e-05
9.51694e-05
-5.54694e-07
-4.72288e-05
5.94645e-07
4.71888e-05
-4.83982e-05
-5.35665e-07
3.36717e-07
4.85972e-05
7.50778e-07
9.72792e-05
-1.82968e-07
-8.45443e-07
8.77952e-07
9.86804e-05
1.11685e-06
9.97199e-05
2.19897e-06
0.000100372
2.73797e-06
0.000102167
1.41621e-06
9.30506e-05
-6.53201e-06
4.11358e-05
-1.42025e-05
-1.00643e-05
-1.73446e-05
-3.17216e-06
-1.26186e-05
7.76235e-05
-8.79455e-06
9.29897e-05
-4.14726e-06
9.31178e-05
-2.10896e-06
9.44135e-05
-1.45329e-07
9.4684e-05
5.64896e-07
9.52997e-05
9.51526e-05
-6.00414e-07
-4.7116e-05
7.10092e-07
4.70063e-05
-4.84858e-05
-7.44294e-07
6.21639e-07
4.86084e-05
2.00385e-06
9.69772e-05
-5.4863e-07
-1.1532e-06
2.82824e-06
9.7856e-05
4.02372e-06
9.85244e-05
5.06686e-06
9.93286e-05
7.64337e-06
9.95905e-05
8.19433e-06
9.24997e-05
-3.15325e-06
5.24833e-05
-1.24567e-05
-7.60916e-07
-1.66547e-05
1.02585e-06
-9.20435e-06
7.01732e-05
-6.27491e-06
9.00603e-05
-2.60624e-06
8.94491e-05
-1.81522e-06
9.36225e-05
-2.8103e-07
9.31498e-05
1.48802e-07
9.48699e-05
9.48958e-05
-6.33484e-07
-4.68558e-05
8.08784e-07
4.66805e-05
-4.84301e-05
-9.1076e-07
9.19813e-07
4.8421e-05
3.51907e-06
9.59566e-05
-9.89651e-07
-1.50878e-06
5.05083e-06
9.63242e-05
6.91046e-06
9.66648e-05
8.8399e-06
9.73992e-05
1.12774e-05
9.7153e-05
1.30413e-05
9.07357e-05
4.80246e-06
6.07222e-05
-4.1876e-06
8.22914e-06
-1.09163e-05
7.75451e-06
-2.44102e-06
6.16979e-05
-5.65672e-08
8.76758e-05
-1.47252e-07
8.95398e-05
1.57527e-07
9.33177e-05
-2.15448e-07
9.35228e-05
-2.20589e-07
9.4875e-05
9.48013e-05
-6.31231e-07
-4.64614e-05
8.79975e-07
4.62127e-05
-4.81662e-05
-1.04905e-06
1.14889e-06
4.80664e-05
4.13113e-06
9.4823e-05
-1.29565e-06
-1.70188e-06
5.75804e-06
9.46973e-05
7.49986e-06
9.4923e-05
1.0609e-05
9.429e-05
1.44264e-05
9.33357e-05
1.67819e-05
8.83802e-05
1.21687e-05
6.53354e-05
4.51941e-06
1.58784e-05
-2.85236e-06
1.51263e-05
2.13402e-06
5.67115e-05
1.68751e-06
8.81223e-05
-1.50179e-07
9.13775e-05
1.69654e-07
9.29979e-05
-2.84413e-07
9.39768e-05
-4.62352e-07
9.5053e-05
9.48648e-05
-5.75933e-07
-4.59463e-05
8.46999e-07
4.56752e-05
-4.77921e-05
-1.05401e-06
1.19801e-06
4.76481e-05
3.97741e-06
9.3835e-05
-1.37071e-06
-1.61879e-06
5.41635e-06
9.32584e-05
7.56309e-06
9.27762e-05
1.08829e-05
9.09702e-05
1.4777e-05
8.94415e-05
1.82848e-05
8.48724e-05
1.84502e-05
6.51701e-05
1.33401e-05
2.09885e-05
5.65774e-06
2.28086e-05
6.4726e-06
5.58967e-05
4.54646e-06
9.00485e-05
1.77702e-06
9.41469e-05
-1.26449e-07
9.49013e-05
-9.72987e-07
9.48234e-05
-7.16559e-07
9.47965e-05
-7.88414e-07
9.49367e-05
9.46108e-05
-8.07864e-07
-4.79206e-07
-4.54007e-05
7.50159e-07
4.51298e-05
-4.73608e-05
-9.72284e-07
1.18624e-06
4.71469e-05
4.2742e-06
9.24678e-05
-1.3785e-06
-1.52842e-06
6.04732e-06
9.14853e-05
9.03033e-06
8.97932e-05
1.08161e-05
8.91845e-05
1.41667e-05
8.60909e-05
1.71308e-05
8.19083e-05
2.19327e-05
6.03682e-05
1.97807e-05
2.31404e-05
1.30873e-05
2.95021e-05
8.94841e-06
6.00355e-05
5.41538e-06
9.35815e-05
9.06949e-07
9.86553e-05
-1.05285e-06
9.68611e-05
-2.18946e-06
9.596e-05
-2.33423e-06
9.49413e-05
-1.61961e-06
9.4222e-05
9.41349e-05
-1.14371e-06
-3.75545e-07
-4.48568e-05
6.32766e-07
4.45995e-05
-4.68675e-05
-8.40758e-07
1.05454e-06
4.66538e-05
4.06301e-06
9.09611e-05
-1.25141e-06
-1.30494e-06
5.86099e-06
8.96873e-05
7.72224e-06
8.7932e-05
1.02461e-05
8.66606e-05
1.22394e-05
8.40976e-05
1.3745e-05
8.04027e-05
2.27402e-05
5.1373e-05
2.0799e-05
2.50816e-05
1.32036e-05
3.70975e-05
2.67952e-06
7.05596e-05
-1.69721e-06
9.79582e-05
-3.52921e-06
0.000100487
-3.69938e-06
9.70313e-05
-3.28456e-06
9.55452e-05
-2.74353e-06
9.44003e-05
-2.41865e-06
9.38972e-05
9.3607e-05
-1.89081e-06
-2.33106e-07
-4.43779e-05
4.1289e-07
4.41981e-05
-4.64454e-05
-5.71202e-07
6.93839e-07
4.63228e-05
2.19447e-06
9.04602e-05
-8.1378e-07
-8.79801e-07
3.01688e-06
8.88649e-05
3.82457e-06
8.71243e-05
6.92472e-06
8.35605e-05
8.08043e-06
8.29419e-05
1.01188e-05
7.83644e-05
1.88889e-05
4.26029e-05
1.50046e-05
2.89659e-05
3.21878e-06
4.88833e-05
-7.47807e-06
8.12565e-05
-7.56251e-06
9.80427e-05
-6.25074e-06
9.91756e-05
-5.12839e-06
9.5909e-05
-4.2903e-06
9.47071e-05
-3.58425e-06
9.36942e-05
-3.01118e-06
9.33241e-05
9.31012e-05
-2.50532e-06
-1.28014e-07
-4.40594e-05
2.33581e-07
4.39539e-05
-4.61209e-05
-3.90006e-07
5.04504e-07
4.60064e-05
8.50545e-07
9.05085e-05
-4.86549e-07
-4.12257e-07
8.36669e-07
8.88787e-05
7.90384e-07
8.71706e-05
1.81143e-06
8.25394e-05
3.26028e-06
8.1493e-05
8.03201e-06
7.35926e-05
1.23001e-05
3.83348e-05
5.18097e-06
3.6085e-05
-8.02154e-06
6.20858e-05
-1.2501e-05
8.5736e-05
-1.03845e-05
9.59262e-05
-8.02801e-06
9.6819e-05
-6.4228e-06
9.43038e-05
-5.07321e-06
9.33575e-05
-4.23801e-06
9.2859e-05
-3.45379e-06
9.25399e-05
9.24665e-05
-2.81915e-06
-9.56777e-08
-4.38387e-05
1.5467e-07
4.37797e-05
-4.59512e-05
-1.67622e-07
1.5938e-07
4.59595e-05
1.60226e-07
9.06238e-05
-1.20486e-07
-1.55064e-07
-2.84681e-07
8.93236e-05
-6.90151e-07
8.7576e-05
-2.18105e-06
8.40303e-05
-1.46773e-06
8.07797e-05
5.20419e-06
6.69207e-05
3.56627e-06
3.99728e-05
-5.52025e-06
4.51715e-05
-1.53253e-05
7.18908e-05
-1.56915e-05
8.61022e-05
-1.24219e-05
9.26566e-05
-8.97102e-06
9.33681e-05
-6.73116e-06
9.20639e-05
-5.21504e-06
9.18414e-05
-4.10727e-06
9.17513e-05
-3.30753e-06
9.17401e-05
9.1784e-05
-2.62502e-06
-1.13033e-07
-4.37368e-05
1.35431e-07
4.37144e-05
-4.59831e-05
-1.06488e-07
3.42018e-08
4.60553e-05
-1.10434e-06
9.14983e-05
1.18227e-07
1.11635e-07
-2.17716e-06
9.03965e-05
-3.54457e-06
8.89434e-05
-5.57023e-06
8.6056e-05
-6.21822e-06
8.14277e-05
-1.60619e-06
6.23087e-05
-6.39068e-06
4.47572e-05
-1.48509e-05
5.36317e-05
-1.88973e-05
7.59372e-05
-1.72841e-05
8.4489e-05
-1.37646e-05
8.91371e-05
-1.04778e-05
9.00813e-05
-7.92929e-06
8.95154e-05
-6.25377e-06
9.01659e-05
-4.62471e-06
9.01222e-05
-3.58048e-06
9.06959e-05
-2.67945e-06
9.0883e-05
9.1375e-05
-9.20368e-05
-2.01766e-06
-1.73772e-07
-4.37065e-05
1.70729e-07
4.37095e-05
-4.61392e-05
-6.15125e-08
-9.57846e-08
4.62965e-05
-1.96377e-06
9.27512e-05
3.53983e-07
3.56924e-07
-3.85753e-06
9.22902e-05
-6.74187e-06
9.18278e-05
-1.04169e-05
8.97311e-05
-1.14018e-05
8.24125e-05
-1.06256e-05
6.15325e-05
-1.63899e-05
5.05215e-05
-2.0552e-05
5.77938e-05
-2.1328e-05
7.67133e-05
-1.9253e-05
8.2414e-05
-1.54683e-05
8.53524e-05
-1.2025e-05
8.6638e-05
-9.37824e-06
8.68686e-05
-7.24931e-06
8.80369e-05
-5.48065e-06
8.83536e-05
-4.15911e-06
8.93744e-05
-3.08125e-06
8.98051e-05
9.05096e-05
-2.21583e-06
-3.01547e-07
-4.3706e-05
3.25914e-07
4.36817e-05
-4.64852e-05
-1.96487e-07
-7.46464e-09
4.66891e-05
-1.0735e-06
9.35973e-05
2.13545e-07
1.38354e-08
-2.76005e-06
9.39768e-05
-5.68782e-06
9.47556e-05
-1.05692e-05
9.46124e-05
-1.45421e-05
8.63854e-05
-1.73488e-05
6.43392e-05
-2.1533e-05
5.47057e-05
-2.22827e-05
5.85436e-05
-2.07846e-05
7.52151e-05
-1.88229e-05
8.04523e-05
-1.52089e-05
8.17384e-05
-1.10642e-05
8.24934e-05
-8.6013e-06
8.44057e-05
-6.31541e-06
8.5751e-05
-4.91347e-06
8.69516e-05
-3.65467e-06
8.81155e-05
-2.77371e-06
8.89242e-05
8.97825e-05
-2.04663e-06
-4.17363e-07
-4.36118e-05
5.43202e-07
4.34859e-05
-4.68506e-05
-5.01993e-07
4.03926e-07
4.69487e-05
7.37885e-07
9.37604e-05
-3.33741e-07
-5.67287e-07
2.3797e-07
9.44767e-05
-9.50029e-07
9.59436e-05
-4.47454e-06
9.81369e-05
-1.11004e-05
9.30112e-05
-1.90394e-05
7.22783e-05
-2.31383e-05
5.88045e-05
-2.3022e-05
5.84273e-05
-1.79357e-05
7.01288e-05
-1.42135e-05
7.67301e-05
-1.08201e-05
7.8345e-05
-7.07044e-06
7.87438e-05
-5.20531e-06
8.25406e-05
-3.49378e-06
8.40395e-05
-2.65111e-06
8.61089e-05
-1.93152e-06
8.7396e-05
-1.51914e-06
8.85118e-05
8.94677e-05
-1.20437e-06
-4.40789e-07
-4.33154e-05
6.32152e-07
4.31241e-05
-4.69686e-05
-6.51193e-07
6.4946e-07
4.69704e-05
1.56447e-06
9.36132e-05
-6.41556e-07
-7.75668e-07
1.8334e-06
9.42078e-05
2.23961e-06
9.55373e-05
2.0567e-06
9.83199e-05
-1.79369e-06
9.68616e-05
-1.19569e-05
8.24415e-05
-1.89614e-05
6.58091e-05
-2.03189e-05
5.97848e-05
-1.47213e-05
6.45312e-05
-8.89549e-06
7.09042e-05
-4.86205e-06
7.43116e-05
-2.47666e-06
7.63584e-05
-1.4286e-06
8.14925e-05
-8.10143e-07
8.3421e-05
-6.40629e-07
8.59394e-05
-5.59783e-07
8.73151e-05
-5.36173e-07
8.84882e-05
8.94298e-05
-4.98246e-07
-3.96768e-07
-4.29042e-05
6.4128e-07
4.26597e-05
-4.69352e-05
-7.30319e-07
7.46893e-07
4.69187e-05
2.11552e-06
9.32843e-05
-7.97968e-07
-9.88701e-07
2.6862e-06
9.36371e-05
3.61165e-06
9.46119e-05
5.1929e-06
9.67386e-05
5.26896e-06
9.67855e-05
-1.19934e-06
8.89098e-05
-1.05625e-05
7.51722e-05
-1.38568e-05
6.30791e-05
-1.05422e-05
6.12166e-05
-5.03957e-06
6.54016e-05
-4.74607e-07
6.97466e-05
5.20944e-07
7.53628e-05
4.7203e-07
8.15414e-05
2.63198e-07
8.36299e-05
4.95978e-08
8.6153e-05
-9.59293e-08
8.74606e-05
-1.90799e-07
8.85831e-05
8.95016e-05
-2.62614e-07
-3.01602e-07
-4.23961e-05
5.62917e-07
4.21348e-05
-4.68081e-05
-7.40708e-07
8.4585e-07
4.6703e-05
2.55663e-06
-9.61621e-07
-1.08225e-06
3.33516e-06
9.28585e-05
4.68706e-06
9.326e-05
7.0009e-06
9.44248e-05
9.05652e-06
9.47299e-05
7.76332e-06
9.0203e-05
1.04388e-06
8.18917e-05
-4.30562e-06
6.84286e-05
-3.43337e-06
6.03443e-05
-2.69658e-07
6.22379e-05
2.87303e-06
6.66039e-05
2.851e-06
7.53849e-05
2.38333e-06
8.20091e-05
1.81332e-06
8.41999e-05
1.29154e-06
8.66748e-05
7.8966e-07
8.79625e-05
3.69658e-07
8.90031e-05
8.97971e-05
7.41161e-08
4.27906e-06
9.16745e-05
6.10294e-06
9.14361e-05
8.68693e-06
9.18408e-05
1.14828e-05
9.19341e-05
1.26472e-05
8.90386e-05
1.11188e-05
8.342e-05
5.17118e-06
7.43763e-05
4.13891e-06
6.13766e-05
6.29236e-06
6.00845e-05
7.89595e-06
6.50003e-05
7.73653e-06
7.55443e-05
6.62923e-06
8.31164e-05
4.63888e-06
8.61902e-05
3.11378e-06
8.81999e-05
1.88966e-06
8.91866e-05
9.88517e-07
8.99042e-05
9.03772e-05
4.08505e-07
5.62157e-06
7.8102e-06
1.03689e-05
1.34006e-05
1.54786e-05
8.69605e-05
1.57549e-05
8.31438e-05
1.35698e-05
7.65613e-05
1.17176e-05
6.32288e-05
1.17806e-05
6.00215e-05
1.28387e-05
6.39422e-05
1.2423e-05
7.596e-05
9.60933e-06
8.59301e-05
6.20528e-06
8.95943e-05
3.77867e-06
9.06265e-05
2.14494e-06
9.08204e-05
1.03795e-06
9.10112e-05
9.10405e-05
3.74636e-07
1.66206e-05
1.75685e-05
8.21959e-05
1.8792e-05
7.53379e-05
1.81688e-05
6.3852e-05
1.65673e-05
6.16229e-05
1.53072e-05
6.52024e-05
1.2136e-05
7.91312e-05
7.62876e-06
9.04373e-05
4.26266e-06
9.29604e-05
2.17978e-06
9.27094e-05
9.90666e-07
9.20095e-05
2.87895e-07
-1.01351e-07
1.81144e-05
7.92803e-05
2.12499e-05
7.22024e-05
2.10074e-05
6.40945e-05
1.88199e-05
6.38105e-05
1.38274e-05
6.97374e-06
2.58501e-06
7.87175e-07
-4.78619e-08
1.7897e-05
2.01687e-05
1.87555e-05
3.64091e-05
-9.67907e-08
3.64544e-05
1.07712e-07
-1.53013e-07
3.64273e-05
-1.96328e-07
3.63588e-05
2.75724e-07
-2.0727e-07
3.62227e-05
-2.4359e-07
3.60357e-05
4.67446e-07
-2.80453e-07
3.58189e-05
-2.87617e-07
3.55733e-05
5.2268e-07
-2.77049e-07
3.52865e-05
-2.67921e-07
3.4964e-05
5.80525e-07
-2.58022e-07
3.46096e-05
-2.45998e-07
3.42173e-05
6.2932e-07
-2.37028e-07
3.38047e-05
-2.20891e-07
3.33661e-05
6.38847e-07
-2.00185e-07
3.29137e-05
-1.78842e-07
3.24627e-05
6.05057e-07
-1.54074e-07
3.20173e-05
-1.30558e-07
3.15926e-05
5.307e-07
-1.05997e-07
3.11955e-05
-8.20591e-08
3.08252e-05
4.31874e-07
-6.1619e-08
3.04894e-05
-3.97559e-08
3.02016e-05
3.04363e-07
-1.65397e-08
2.9964e-05
4.49182e-09
2.97719e-05
1.7318e-07
1.89215e-08
2.96184e-05
2.54989e-08
2.94884e-05
9.79005e-08
3.20531e-08
2.93572e-05
3.55562e-08
2.92178e-05
1.01073e-07
3.83184e-08
2.90644e-05
4.03783e-08
2.88962e-05
1.27254e-07
4.08926e-08
2.8687e-05
3.5459e-08
2.84193e-05
2.40959e-07
2.6762e-08
2.80995e-05
1.82212e-08
2.77249e-05
3.6543e-07
9.21799e-09
2.73074e-05
1.56881e-10
2.68723e-05
4.4182e-07
-6.77758e-09
2.64422e-05
-1.0679e-08
2.60262e-05
4.28989e-07
-1.29421e-08
2.56431e-05
-1.37356e-08
2.53045e-05
3.51774e-07
-1.31894e-08
2.50153e-05
-1.2327e-08
2.34988e-07
-6.00704e-09
4.75437e-05
1.03336e-07
-2.88928e-07
4.77293e-05
4.76289e-05
4.4018e-07
4.7652e-05
-1.07969e-06
2.54431e-06
-6.79199e-06
-1.22786e-05
3.99055e-06
-1.5835e-06
1.64555e-07
-1.12221e-07
4.78933e-05
-1.96097e-07
5.92422e-08
4.80301e-05
4.8021e-05
9.36872e-08
4.80949e-05
4.81589e-05
-4.52059e-07
3.95487e-07
4.82155e-05
4.82314e-05
-3.34005e-07
4.83092e-05
4.83002e-05
-5.17703e-07
4.39451e-07
4.83785e-05
4.85145e-05
-5.05646e-07
4.84674e-05
4.84375e-05
-6.53342e-07
6.48148e-07
4.84427e-05
4.86211e-05
-7.59539e-07
4.85352e-05
4.84085e-05
-7.7982e-07
8.61103e-07
4.83272e-05
4.86082e-05
-1.03945e-06
4.84945e-05
4.82252e-05
-8.57978e-07
1.00308e-06
4.80801e-05
4.84246e-05
-1.25788e-06
4.81737e-05
4.7911e-05
-8.71459e-07
1.07365e-06
4.77088e-05
4.8027e-05
-1.34792e-06
4.7673e-05
4.75018e-05
-8.05162e-07
1.03775e-06
4.72692e-05
4.75003e-05
-1.32507e-06
4.72066e-05
4.70471e-05
-7.04909e-07
9.25429e-07
4.68266e-05
4.70143e-05
-1.20475e-06
4.66907e-05
4.66186e-05
-5.26005e-07
7.23857e-07
4.64207e-05
4.64938e-05
-9.32171e-07
4.6121e-05
4.62624e-05
-3.11844e-07
4.40789e-07
4.61335e-05
4.60011e-05
-6.42727e-07
4.5764e-05
4.59771e-05
-2.13039e-07
2.7778e-07
4.59123e-05
4.57819e-05
-3.32922e-07
4.57026e-05
4.58994e-05
-1.44032e-07
1.38975e-07
4.59044e-05
4.57415e-05
-1.15389e-07
4.57018e-05
4.59334e-05
-1.3518e-07
7.23687e-08
4.59962e-05
4.58543e-05
1.14937e-08
4.59544e-05
4.61054e-05
-2.44426e-07
1.00696e-07
4.62491e-05
4.62126e-05
8.79793e-08
4.64815e-05
4.63785e-05
-4.35327e-07
3.48316e-07
4.64656e-05
4.66876e-05
-1.86859e-07
4.68883e-05
4.65068e-05
-6.12331e-07
6.14153e-07
4.65049e-05
4.69585e-05
-5.94169e-07
4.69854e-05
4.64859e-05
-6.48824e-07
6.9965e-07
4.64351e-05
4.69933e-05
-7.34794e-07
4.69524e-05
4.6346e-05
-6.15388e-07
7.57126e-07
4.62043e-05
4.69013e-05
-8.6766e-07
4.67803e-05
4.60265e-05
-4.96192e-07
7.06922e-07
4.66645e-05
-8.98154e-07
-3.43513e-08
4.22381e-06
1.7279e-06
-4.80866e-08
4.1751e-06
1.67981e-06
-8.16672e-08
-4.08663e-06
3.97197e-06
-1.61527e-06
1.5336e-06
-9.02779e-08
-3.8472e-06
3.69388e-06
-1.45111e-06
1.36083e-06
-1.02739e-07
-3.51549e-06
3.33061e-06
-1.25877e-06
1.15603e-06
-9.35101e-08
-3.15112e-06
2.97671e-06
-1.05847e-06
9.64963e-07
-8.3239e-08
-2.80758e-06
2.64482e-06
-8.76077e-07
7.92838e-07
-7.42708e-08
-2.48793e-06
2.34131e-06
-7.127e-07
6.38429e-07
-5.82651e-08
-2.20724e-06
2.08666e-06
-5.72314e-07
5.14049e-07
-4.05558e-08
-1.98161e-06
1.89161e-06
-4.65024e-07
4.24468e-07
-2.31763e-08
-1.81745e-06
1.75857e-06
-3.92624e-07
3.69448e-07
-8.82574e-09
-1.71346e-06
1.68253e-06
-3.52942e-07
3.44116e-07
8.32368e-09
-1.66554e-06
1.6617e-06
-3.44568e-07
3.52892e-07
1.58639e-08
-1.66698e-06
1.67662e-06
-3.66533e-07
3.82397e-07
1.89898e-08
-1.69074e-06
1.70731e-06
-4.00326e-07
4.19316e-07
2.07271e-08
-1.72586e-06
1.74552e-06
-4.3908e-07
4.59807e-07
1.9604e-08
-1.7649e-06
1.78076e-06
-4.81313e-07
5.00917e-07
1.25508e-08
-1.79153e-06
1.79721e-06
-5.16902e-07
5.29453e-07
4.04545e-09
-1.79793e-06
1.79404e-06
-5.37948e-07
5.41993e-07
-1.41598e-09
-1.78663e-06
1.77737e-06
-5.42626e-07
5.4121e-07
-4.50691e-09
-1.76758e-06
1.75835e-06
-5.38057e-07
5.3355e-07
-6.70001e-09
-1.75065e-06
1.74503e-06
-5.28055e-07
5.21355e-07
-6.45437e-08
-8.24939e-08
-1.0206e-07
-9.75601e-08
-8.88861e-08
-8.01383e-08
-6.61144e-08
-4.90254e-08
-3.18441e-08
-1.6506e-08
4.51919e-10
1.36415e-08
1.79289e-08
1.97641e-08
2.15065e-08
1.59848e-08
8.49492e-09
6.32757e-10
-3.15359e-09
-5.49488e-09
-5.23074e-09
-8.01563e-07
9.43067e-05
9.42297e-05
-1.04491e-06
9.42079e-05
9.41127e-05
-1.2831e-06
9.36002e-05
9.39449e-05
-2.01539e-06
9.31103e-05
-1.43292e-06
9.33624e-05
-4.41893e-07
9.38475e-05
-6.14555e-07
-4.07373e-07
4.70455e-05
3.06671e-05
3.283e-07
-5.32203e-08
-2.25678e-06
9.25479e-05
-1.72953e-06
9.28352e-05
-5.19511e-07
9.33191e-05
-6.81663e-07
-4.69418e-05
-4.23761e-07
4.6846e-05
-3.03946e-05
3.01176e-05
3.15484e-07
-3.84156e-08
-2.11386e-06
-1.65122e-06
9.23726e-05
-5.61365e-07
-6.54218e-07
9.28835e-05
-4.6694e-05
-4.55804e-07
4.65884e-05
-2.98454e-05
2.9565e-05
3.03542e-07
-2.32026e-08
3.17091e-07
-4.45666e-08
3.02018e-07
-2.98206e-08
2.79155e-07
-1.57062e-08
2.93016e-05
4.50677e-05
5.1082e-07
4.4874e-05
4.47657e-05
5.29649e-07
4.45381e-05
4.43858e-05
4.94317e-07
4.41706e-05
4.64285e-05
-1.57796e-08
2.06162e-06
5.90714e-07
-1.05678e-08
-2.02957e-06
2.00172e-06
-5.78198e-07
5.67631e-07
-5.30278e-09
-1.9795e-06
1.9616e-06
-5.60028e-07
5.54725e-07
-1.25154e-08
-7.60243e-09
-2.78903e-09
1.94869e-06
5.51936e-07
-7.17107e-08
9.13599e-05
-9.09136e-05
-1.5877e-07
9.16947e-05
-2.20894e-07
-9.13867e-05
-2.22416e-07
4.55165e-05
-4.54528e-05
2.66997e-05
1.99222e-07
-2.68929e-05
-5.96849e-09
-3.59956e-07
9.16185e-05
-2.47845e-07
9.18837e-05
-3.01116e-07
-4.55617e-05
-2.88281e-07
4.56021e-05
-2.6491e-05
2.62729e-05
2.29823e-07
-1.17114e-08
-6.14626e-07
9.16572e-05
-3.04091e-07
9.19154e-05
-3.42252e-07
-4.56165e-05
-3.17667e-07
4.56301e-05
-2.60535e-05
2.58372e-05
2.30435e-07
-1.4177e-08
-6.83185e-07
9.16229e-05
-3.03806e-07
9.18906e-05
-3.54541e-07
-4.56137e-05
-2.94597e-07
4.56045e-05
-2.56339e-05
2.54475e-05
1.98716e-07
-1.23271e-08
-6.84364e-07
9.15297e-05
-2.84807e-07
9.18094e-05
-3.18389e-07
-4.5551e-05
-2.5026e-07
4.55165e-05
-2.52809e-05
2.5136e-05
1.53661e-07
-8.82806e-09
-7.07822e-07
-2.56338e-07
-2.95793e-07
-4.54459e-05
-1.98691e-07
4.53882e-05
-2.50129e-05
2.49133e-05
1.02725e-07
-3.158e-09
2.17769e-07
-9.08696e-09
2.32457e-07
-1.3059e-08
2.16824e-07
-1.35142e-08
1.77296e-07
-1.06404e-08
1.29478e-07
-6.3366e-09
8.04926e-08
-2.70033e-11
4.26149e-05
-4.26381e-05
2.66103e-07
4.25666e-05
4.25081e-05
3.15505e-07
4.24251e-05
4.23379e-05
3.25836e-07
4.22288e-05
4.2133e-05
3.01091e-07
4.20092e-05
4.19126e-05
2.478e-07
4.17942e-05
4.16983e-05
2.03256e-07
-1.53542e-06
9.18903e-05
-5.18261e-07
9.24559e-05
-5.89607e-07
-4.08302e-07
4.63186e-05
2.90574e-05
2.53371e-07
-9.22688e-09
-1.54584e-06
9.12203e-05
-4.73043e-07
9.18915e-05
-5.08347e-07
-4.6164e-05
-3.62118e-07
4.60531e-05
-2.88295e-05
2.86229e-05
2.06501e-07
7.91062e-12
-1.41304e-06
9.05867e-05
-4.11412e-07
9.1331e-05
-4.41155e-07
-4.59065e-05
-3.02866e-07
4.5798e-05
-2.84324e-05
2.82603e-05
1.65548e-07
6.5723e-09
-9.1493e-07
9.02973e-05
-3.1193e-07
9.10414e-05
-3.13421e-07
-4.56459e-05
-2.27087e-07
4.5561e-05
-2.81105e-05
2.79835e-05
1.12693e-07
1.42998e-08
-4.488e-07
9.02479e-05
-1.81808e-07
9.09705e-05
-1.96051e-07
-4.54493e-05
-1.47809e-07
4.54153e-05
-2.78753e-05
2.77801e-05
7.90834e-08
1.61651e-08
-3.08255e-07
9.02935e-05
-1.46955e-07
9.09816e-05
-1.72369e-07
-4.53618e-05
-1.38451e-07
4.53533e-05
-2.76852e-05
2.75806e-05
9.20991e-08
1.25166e-08
-1.44442e-07
9.05121e-05
-1.28224e-07
9.11201e-05
-1.54761e-07
-4.53319e-05
-1.48978e-07
4.53526e-05
-2.74653e-05
2.73417e-05
1.15075e-07
8.50739e-09
6.9686e-09
-1.09075e-07
-1.50576e-07
-4.53571e-05
-1.59499e-07
4.54075e-05
-2.72093e-05
2.70615e-05
1.44439e-07
3.39275e-09
2.32749e-07
-4.77456e-09
1.85955e-07
4.60654e-09
1.38958e-07
1.07842e-08
9.2997e-08
1.5199e-08
7.94187e-08
1.54733e-08
1.04898e-07
1.03947e-08
1.25383e-07
7.00451e-09
1.6959e-07
-1.04154e-09
4.40157e-05
4.35031e-07
4.38134e-05
4.36578e-05
3.61782e-07
4.3482e-05
4.33447e-05
2.89066e-07
4.31946e-05
4.30802e-05
2.01721e-07
4.29714e-05
4.29027e-05
1.42516e-07
4.28396e-05
4.27933e-05
1.50924e-07
4.27472e-05
4.27133e-05
1.59232e-07
4.26795e-05
4.26644e-05
1.95902e-07
6.92952e-10
1.96713e-06
-1.9738e-06
6.37399e-07
-6.36706e-07
-2.13361e-09
-1.95886e-06
1.94928e-06
-6.36585e-07
6.34451e-07
-3.90365e-09
-1.93929e-06
1.92902e-06
-6.31385e-07
6.27481e-07
-3.82237e-09
-1.91949e-06
1.91099e-06
-6.23494e-07
6.19672e-07
-3.04014e-09
-1.90382e-06
1.89803e-06
-6.16199e-07
6.13159e-07
-1.15982e-09
-1.89401e-06
1.89201e-06
-6.10842e-07
6.09683e-07
-8.14156e-10
-3.06672e-09
-3.98691e-09
-3.47291e-09
-2.3162e-09
6.16328e-12
-9.28617e-11
1.93955e-06
5.51843e-07
2.67077e-09
-1.93354e-06
1.93087e-06
-5.53085e-07
5.55756e-07
4.76365e-09
-1.93127e-06
1.93308e-06
-5.59966e-07
5.64729e-07
7.61534e-09
-1.9376e-06
1.94429e-06
-5.70987e-07
5.78603e-07
8.66817e-09
-1.95149e-06
1.95898e-06
-5.86605e-07
5.95273e-07
7.42985e-09
-1.96589e-06
1.97098e-06
-6.03836e-07
6.11266e-07
6.11199e-09
-1.97476e-06
1.97715e-06
-6.1788e-07
6.23992e-07
4.34521e-09
-1.97846e-06
1.9775e-06
-6.29695e-07
6.3404e-07
1.2417e-09
4.20979e-09
6.25815e-09
8.00228e-09
8.56285e-09
6.61452e-09
5.70249e-09
2.6663e-09
)
;

boundaryField
{
    inlet
    {
        type            calculated;
        value           nonuniform List<scalar> 0();
    }
    outlet
    {
        type            calculated;
        value           nonuniform List<scalar> 
52
(
3.80478e-05
4.67103e-05
4.63391e-05
4.45472e-05
4.1672e-05
3.99233e-05
3.95468e-05
3.95951e-05
3.97365e-05
3.98329e-05
4.00749e-05
4.0722e-05
4.18373e-05
4.23891e-05
4.30231e-05
4.32414e-05
4.34528e-05
4.38559e-05
4.40568e-05
4.45125e-05
4.48633e-05
4.52392e-05
4.39314e-05
2.05285e-05
2.0653e-05
4.58533e-05
4.66859e-05
4.61772e-05
4.36244e-05
4.08704e-05
3.96453e-05
3.94683e-05
3.96907e-05
3.97363e-05
3.98987e-05
4.03114e-05
4.11807e-05
4.20478e-05
4.2738e-05
4.31361e-05
4.33229e-05
4.3546e-05
4.38322e-05
4.41149e-05
4.45469e-05
4.49415e-05
4.53317e-05
3.61602e-05
1.76341e-06
5.66879e-07
1.83342e-06
6.43687e-07
)
;
    }
    wall
    {
        type            calculated;
        value           uniform 0;
    }
    empty_zmin
    {
        type            empty;
    }
    empty_zmax
    {
        type            empty;
    }
    procBoundary1to0
    {
        type            processor;
        value           nonuniform List<scalar> 
39
(
-9.72194e-05
-9.47501e-05
-9.34821e-05
-9.30289e-05
-9.16695e-05
-9.17194e-05
-9.18166e-05
-9.20902e-05
-4.61951e-05
-3.40949e-05
-4.53162e-05
-3.43002e-06
-1.32521e-06
-9.21126e-05
-9.29758e-05
-9.54848e-05
-9.42199e-05
-9.64343e-05
-0.000100463
-4.62488e-05
-4.70732e-05
1.58151e-06
-5.06531e-05
-3.67628e-05
3.56974e-06
8.41277e-07
-3.83527e-05
-5.12513e-05
-5.36852e-05
1.14072e-06
5.26773e-07
-3.61337e-05
1.73888e-06
-4.91094e-05
-5.22004e-05
-4.70234e-05
-4.7061e-05
-4.25333e-06
-1.76225e-06
)
;
    }
}


// ************************************************************************* //
