/*--------------------------------*- C++ -*----------------------------------*\
| =========                 |                                                 |
| \\      /  F ield         | OpenFOAM: The Open Source CFD Toolbox           |
|  \\    /   O peration     | Version:  2406                                  |
|   \\  /    A nd           | Website:  www.openfoam.com                      |
|    \\/     M anipulation  |                                                 |
\*---------------------------------------------------------------------------*/
FoamFile
{
    version     2.0;
    format      ascii;
    arch        "LSB;label=32;scalar=64";
    class       volScalarField;
    location    "0.51";
    object      p;
}
// * * * * * * * * * * * * * * * * * * * * * * * * * * * * * * * * * * * * * //

dimensions      [0 2 -2 0 0 0 0];

internalField   nonuniform List<scalar> 
2284
(
0.37195
0.240981
0.15465
0.0146282
0.0152205
0.000842589
0.0134781
0.0548739
-0.0793114
-0.248103
-0.415422
-0.321033
0.0162568
-0.0157695
0.0149315
-0.0184857
-0.0177806
0.0139612
-0.0209109
-0.0185948
0.016815
0.0169484
-0.0150146
-0.0149118
0.328512
0.327725
0.32667
0.325524
0.324205
0.322751
0.321162
0.319428
0.3185
0.315941
0.314629
0.311824
0.31165
0.31186
0.312095
0.327598
0.326401
0.325007
0.323411
0.321689
0.319684
0.317313
0.31539
0.313238
0.312656
0.310896
0.309199
0.309139
0.308972
0.327261
0.326009
0.32419
0.322224
0.32009
0.31796
0.31573
0.313923
0.311407
0.309466
0.307342
0.306181
0.307318
0.306747
0.31065
0.30783
0.304872
0.311579
0.310121
0.31038
0.308423
0.307619
0.308627
0.306067
0.304211
0.304892
0.329336
0.329712
0.329818
0.329766
0.329505
0.329055
0.328063
0.328725
0.329006
0.329011
0.329497
0.329649
0.32965
0.329404
0.328962
0.328458
0.327478
0.328173
0.328408
0.328665
0.329343
0.329522
0.329701
0.329383
0.328921
0.328177
0.326725
0.327091
0.328149
0.328348
0.32919
0.329525
0.330053
0.329544
0.329172
0.328552
0.327034
0.325553
0.323837
0.321864
0.319569
0.317071
0.314272
0.311627
0.309025
0.306767
0.303987
0.302118
0.30227
0.302659
0.32555
0.326618
0.327641
0.327944
0.329084
0.329479
0.329628
0.330667
0.33052
0.329615
0.32796
0.325398
0.324109
0.321787
0.31869
0.315549
0.311899
0.308964
0.305403
0.302915
0.301029
0.298763
0.299731
0.298599
0.324356
0.325403
0.326645
0.327952
0.329261
0.330218
0.331681
0.331759
0.331891
0.331101
0.329262
0.327212
0.324206
0.320712
0.317329
0.314139
0.310523
0.306942
0.30347
0.300407
0.296754
0.294553
0.294444
0.293951
0.322628
0.32423
0.325586
0.326661
0.329212
0.331032
0.332155
0.333466
0.334279
0.332448
0.331432
0.329093
0.325006
0.320819
0.317496
0.313312
0.308335
0.303562
0.299093
0.295555
0.292509
0.289114
0.289457
0.288943
0.32049
0.322662
0.324804
0.327891
0.330449
0.332493
0.335813
0.335992
0.334522
0.334542
0.333094
0.330597
0.326981
0.322065
0.317166
0.312147
0.306041
0.301111
0.295783
0.290989
0.287042
0.282883
0.284068
0.282326
0.31787
0.320949
0.323215
0.327297
0.331407
0.334349
0.335958
0.338871
0.33987
0.339566
0.337869
0.332912
0.328498
0.324312
0.317344
0.30997
0.304124
0.297756
0.291507
0.286308
0.28155
0.277318
0.276775
0.275864
0.314598
0.317191
0.322868
0.326553
0.330692
0.336299
0.341203
0.343556
0.344628
0.344231
0.342763
0.340155
0.334091
0.325411
0.318163
0.310918
0.302011
0.293109
0.284942
0.27824
0.273424
0.269951
0.270012
0.267699
0.309822
0.313497
0.320405
0.326108
0.333727
0.340819
0.347081
0.351013
0.350261
0.351163
0.348352
0.34394
0.339092
0.329553
0.318084
0.307583
0.297818
0.288339
0.279912
0.272551
0.265789
0.259797
0.259547
0.258025
0.304635
0.30933
0.317218
0.326608
0.335882
0.34277
0.35036
0.356009
0.36197
0.363703
0.358629
0.351082
0.342469
0.3321
0.320214
0.308454
0.297057
0.284168
0.270608
0.261644
0.255725
0.250234
0.250246
0.24787
0.297061
0.303284
0.311327
0.325617
0.33583
0.34561
0.357426
0.370116
0.376605
0.373736
0.374468
0.364216
0.347522
0.334303
0.320926
0.30589
0.287859
0.275622
0.263925
0.25252
0.243635
0.236712
0.237146
0.234079
0.287319
0.29494
0.306002
0.32009
0.33619
0.354006
0.369986
0.381327
0.388243
0.390743
0.385133
0.376574
0.364383
0.343681
0.322714
0.302317
0.283443
0.266192
0.250664
0.2395
0.22993
0.223073
0.222755
0.220373
0.273674
0.280486
0.298857
0.314797
0.338846
0.359003
0.37634
0.396623
0.412646
0.41929
0.412353
0.393028
0.371284
0.350097
0.324425
0.300543
0.276326
0.253954
0.236224
0.222543
0.21177
0.203385
0.205471
0.202583
0.256808
0.266483
0.279573
0.304056
0.333449
0.360028
0.393541
0.424439
0.443043
0.447654
0.443607
0.425026
0.392811
0.355014
0.322354
0.290144
0.257356
0.236012
0.218883
0.203948
0.193252
0.185227
0.186488
0.183163
0.233549
0.243543
0.258581
0.285715
0.329277
0.376245
0.410377
0.447076
0.479981
0.493602
0.480334
0.44924
0.410688
0.367356
0.323417
0.278074
0.243162
0.216314
0.194501
0.179398
0.167819
0.160177
0.162998
0.161533
0.204939
0.213735
0.240576
0.265323
0.304019
0.363444
0.421178
0.471992
0.547228
0.580877
0.543467
0.484697
0.423413
0.361323
0.301537
0.252966
0.217941
0.190605
0.170017
0.154556
0.143642
0.135429
0.137892
0.135176
0.169853
0.182523
0.190061
0.227494
0.275583
0.338054
0.411734
0.527635
0.630134
0.690052
0.642823
0.542808
0.419639
0.349138
0.279897
0.223794
0.181086
0.152314
0.132915
0.119574
0.112273
0.107194
0.111756
0.108997
0.126062
0.135929
0.147411
0.172505
0.222876
0.306993
0.42156
0.555074
0.717081
0.861461
0.74247
0.598819
0.44673
0.322939
0.234682
0.176987
0.138706
0.111866
0.0952687
0.0844952
0.0761147
0.0711431
0.0770761
0.0785458
0.0755908
0.0813096
0.0875447
0.104918
0.137502
0.215501
0.346954
0.106751
0.0780594
0.0612186
0.050866
0.0438871
0.0400306
0.0383385
0.0463244
0.044613
0.0279838
0.0114155
0.000856907
-0.00221277
-0.00343208
-0.00252121
-0.0014446
0.00931975
0.0119472
-0.0759432
-0.0725745
-0.0641795
-0.0568393
-0.0505989
-0.0441433
-0.039436
-0.0283065
-0.024536
-0.192713
-0.159239
-0.135274
-0.115404
-0.10018
-0.0879191
-0.077253
-0.0625392
-0.0600812
-0.255201
-0.206442
-0.172524
-0.148817
-0.130645
-0.117231
-0.103049
-0.093589
0.328764
0.328394
0.328031
0.327651
0.327122
0.326607
0.300735
0.325993
0.325351
0.296666
0.324705
0.323776
0.291494
0.322798
0.321886
0.285524
0.320661
0.319401
0.279939
0.317911
0.316203
0.271157
0.314512
0.31231
0.263766
0.309957
0.306983
0.252908
0.303933
0.300342
0.241432
0.295991
0.291407
0.227878
0.28579
0.279564
0.212184
0.271521
0.263623
0.192999
0.254496
0.243298
0.173066
0.230723
0.217267
0.148935
0.202004
0.185341
0.122265
0.167464
0.146749
0.0944006
0.124209
0.0994168
0.061487
0.0740187
0.0460496
0.0285737
-0.00553583
-0.0432481
-0.0767265
-0.110633
0.328459
0.328185
0.327845
0.328626
0.328326
0.328262
0.327876
0.327489
0.327099
0.3281
0.32772
0.327699
0.32709
0.326708
0.326097
0.327397
0.32725
0.327033
0.30153
0.300919
0.30083
0.326206
0.325632
0.324977
0.326946
0.326316
0.325951
0.297691
0.297677
0.297992
0.325027
0.324292
0.323504
0.325649
0.3252
0.324751
0.291754
0.291924
0.291862
0.323578
0.322774
0.321884
0.324942
0.323884
0.322941
0.28727
0.286588
0.287089
0.321846
0.320735
0.319492
0.322676
0.322146
0.321478
0.281552
0.281717
0.281372
0.319309
0.318004
0.316304
0.322856
0.321502
0.31967
0.274907
0.271844
0.273153
0.316342
0.31459
0.312795
0.319516
0.317463
0.316051
0.266578
0.265929
0.265699
0.312064
0.310088
0.307773
0.315831
0.314627
0.312254
0.257045
0.253424
0.254594
0.307539
0.30454
0.301386
0.313108
0.310369
0.306845
0.246886
0.243041
0.244597
0.300783
0.296915
0.292792
0.306936
0.303882
0.300505
0.234306
0.228198
0.229847
0.291186
0.28525
0.281252
0.300162
0.295129
0.289497
0.219952
0.213102
0.214547
0.278866
0.270376
0.265746
0.288561
0.281727
0.275391
0.203723
0.194025
0.196022
0.261317
0.250583
0.245873
0.272713
0.262944
0.256738
0.183255
0.173782
0.17522
0.238009
0.225604
0.220285
0.25275
0.241048
0.232691
0.161509
0.15009
0.150632
0.211438
0.194481
0.188724
0.225473
0.209341
0.201144
0.135639
0.123409
0.125481
0.175217
0.154407
0.14899
0.190497
0.167442
0.161417
0.108893
0.094671
0.0949729
0.130865
0.105966
0.101686
0.143796
0.118684
0.112498
0.077981
0.061718
0.0617352
0.0780711
0.0479169
0.0462396
0.0894824
0.0543115
0.0503114
0.0448653
0.0283187
0.028746
0.0104911
-0.00767461
-0.0104522
-0.0260885
-0.0438671
-0.0449914
-0.061572
-0.0791756
-0.0826629
-0.0971708
-0.113775
-0.118942
0.311338
0.311476
0.308337
0.308486
0.306074
0.30617
0.310197
0.310239
0.307355
0.307415
0.304459
0.304486
0.301963
0.302119
0.297797
0.297975
0.293187
0.293376
0.288262
0.28839
0.28142
0.281675
0.275319
0.275428
0.267007
0.267105
0.257666
0.257771
0.24736
0.247372
0.233764
0.233878
0.219996
0.22004
0.202423
0.202474
0.182763
0.182857
0.161401
0.161421
0.13501
0.135112
0.108897
0.108928
0.0786093
0.0786329
0.0447013
0.0447681
0.0122904
0.0123084
-0.0238835
-0.0239396
-0.059583
-0.0595976
-0.0930469
-0.0931012
0.300348
0.300364
0.296282
0.296273
0.291226
0.291218
0.285047
0.285107
0.279647
0.279601
0.270705
0.270808
0.263313
0.263317
0.252475
0.252573
0.24085
0.240928
0.227329
0.227425
0.211695
0.211762
0.19274
0.192819
0.172721
0.172784
0.14877
0.148804
0.121992
0.122082
0.0944467
0.0944709
0.0615435
0.0616017
0.0285874
0.0286361
-0.00505449
-0.00508156
-0.0426803
-0.042655
-0.0760034
-0.0761322
-0.110025
-0.110031
0.3282
0.328279
0.32748
0.327561
0.326625
0.326694
0.325474
0.325548
0.324199
0.324265
0.322271
0.322354
0.319964
0.320097
0.317262
0.317368
0.313873
0.31396
0.309247
0.309347
0.30334
0.303423
0.295469
0.295569
0.285149
0.285259
0.270936
0.271065
0.25389
0.253961
0.230229
0.230349
0.201564
0.201697
0.167261
0.167332
0.124123
0.12422
0.0741138
0.0742618
0.327866
0.327944
0.327133
0.327206
0.326131
0.326199
0.32486
0.324937
0.323291
0.323361
0.321392
0.321448
0.318916
0.31896
0.315678
0.31575
0.311816
0.311885
0.306359
0.306463
0.299762
0.299838
0.290731
0.290806
0.278902
0.27896
0.262994
0.263126
0.242802
0.242903
0.21675
0.216862
0.185016
0.185157
0.146527
0.146652
0.0992424
0.0994241
0.0463301
0.0464674
0.327012
0.326001
0.324975
0.323805
0.322581
0.32173
0.319063
0.319255
0.316732
0.316116
0.315867
0.316477
0.326125
0.32489
0.323528
0.32214
0.320492
0.319684
0.316784
0.318063
0.315287
0.314952
0.314662
0.314352
0.315516
0.313321
0.315966
0.314728
0.315073
0.313838
0.312845
0.313624
0.328617
0.32911
0.329593
0.329274
0.329024
0.328942
0.328706
0.328391
0.329092
0.328844
0.328818
0.315746
0.315866
0.313684
0.313796
0.314873
0.31497
0.312749
0.312825
0.328668
0.328757
0.328451
0.328539
0.491091
0.448332
0.424365
0.407164
0.395895
0.387817
0.381889
0.377578
0.374455
0.372301
0.370936
0.370279
0.37034
0.371078
0.372553
0.374926
0.378365
0.383194
0.389916
0.399358
0.413053
0.433803
0.465858
0.513333
0.441626
0.428394
0.413088
0.401177
0.392152
0.385285
0.380097
0.376218
0.373378
0.371382
0.3701
0.369467
0.369456
0.370106
0.371446
0.373564
0.37661
0.380814
0.386519
0.394241
0.404583
0.418029
0.433345
0.442197
0.401162
0.403127
0.392779
0.387808
0.382885
0.378646
0.375187
0.372452
0.370377
0.368915
0.367971
0.367552
0.367664
0.368322
0.369534
0.371339
0.373825
0.377059
0.381044
0.385744
0.39014
0.39307
0.399886
0.395977
0.373032
0.38105
0.380029
0.378624
0.376208
0.373765
0.371457
0.369471
0.367883
0.366719
0.365926
0.365602
0.365688
0.366121
0.366974
0.368218
0.369924
0.371836
0.373905
0.376276
0.377363
0.375232
0.374868
0.360427
0.357087
0.365149
0.36914
0.370084
0.369693
0.368715
0.36742
0.366208
0.365095
0.364222
0.363662
0.36335
0.363285
0.363463
0.363942
0.364667
0.365572
0.366581
0.367053
0.366982
0.366352
0.362546
0.359549
0.34588
0.35019
0.355122
0.360068
0.362479
0.36352
0.363637
0.363229
0.362654
0.36204
0.361483
0.361063
0.360743
0.360576
0.360628
0.360858
0.361161
0.361386
0.361471
0.361234
0.359701
0.356658
0.35212
0.349894
0.340717
0.346355
0.349073
0.352865
0.355812
0.357738
0.358731
0.359054
0.359007
0.358777
0.358487
0.358191
0.357961
0.35778
0.357668
0.357571
0.35741
0.357048
0.35643
0.355279
0.352987
0.349595
0.345406
0.343448
0.337017
0.342258
0.344686
0.347305
0.350231
0.352593
0.354062
0.354883
0.355282
0.355364
0.355299
0.355166
0.354972
0.354769
0.354491
0.354101
0.353601
0.352811
0.351604
0.349865
0.347271
0.343939
0.340588
0.338684
0.332608
0.337647
0.340648
0.343042
0.345714
0.348073
0.349811
0.350936
0.351621
0.351997
0.352121
0.352091
0.351919
0.351597
0.35115
0.350524
0.349719
0.348639
0.347015
0.3449
0.342502
0.340011
0.337019
0.333133
0.327704
0.333158
0.336881
0.339653
0.342115
0.344328
0.346052
0.347322
0.348212
0.34873
0.348956
0.348946
0.348727
0.34831
0.347757
0.347037
0.346036
0.344701
0.343076
0.340951
0.338467
0.336036
0.334124
0.329434
0.323016
0.329543
0.333764
0.337001
0.339354
0.341241
0.342819
0.344066
0.344963
0.345526
0.345796
0.345809
0.345621
0.345265
0.344683
0.343858
0.342751
0.341363
0.339639
0.337742
0.335509
0.332677
0.330713
0.325322
0.320281
0.327744
0.331563
0.334913
0.33707
0.338684
0.340068
0.341203
0.342053
0.342622
0.342913
0.342978
0.342812
0.342386
0.341752
0.340795
0.339619
0.338171
0.336572
0.33471
0.332639
0.330147
0.328932
0.323474
0.318912
0.327225
0.330325
0.33325
0.335244
0.336634
0.337777
0.338779
0.339568
0.340082
0.340354
0.340352
0.340108
0.339647
0.338912
0.337989
0.336839
0.335447
0.333853
0.332317
0.330658
0.327497
0.326682
0.322341
0.318811
0.327426
0.329831
0.332174
0.333839
0.334978
0.335952
0.336751
0.337368
0.337777
0.337938
0.337864
0.337544
0.336973
0.336255
0.335237
0.334125
0.332832
0.331434
0.329932
0.328578
0.325922
0.325165
0.321572
0.319409
0.327832
0.329749
0.3315
0.332728
0.333709
0.33445
0.335035
0.335481
0.335737
0.335796
0.335631
0.335265
0.334709
0.333974
0.333104
0.332037
0.330865
0.329545
0.328141
0.327031
0.323732
0.323526
0.320731
0.319888
0.328365
0.329802
0.331004
0.331888
0.332634
0.333225
0.333667
0.333934
0.33404
0.333978
0.333749
0.333355
0.332787
0.331994
0.331019
0.330012
0.328846
0.327714
0.326376
0.325663
0.322653
0.322538
0.320581
0.319941
0.328756
0.329809
0.330741
0.331214
0.331832
0.332291
0.332563
0.332671
0.332636
0.332472
0.332146
0.331628
0.330956
0.330193
0.329238
0.328257
0.327259
0.326153
0.324392
0.323665
0.321277
0.321641
0.320136
0.319871
0.329096
0.329778
0.330497
0.330745
0.331191
0.331527
0.331679
0.331672
0.331518
0.331204
0.330759
0.330208
0.32947
0.328554
0.327646
0.326572
0.325429
0.324306
0.322971
0.322488
0.320053
0.320464
0.318954
0.319307
0.329197
0.329986
0.330396
0.330311
0.330696
0.330918
0.330969
0.33086
0.330606
0.330209
0.329649
0.328925
0.328113
0.327168
0.32607
0.324984
0.323888
0.323134
0.321144
0.320622
0.318501
0.3191
0.31812
0.318092
0.329907
0.329398
0.328765
0.327967
0.329395
0.328813
0.328069
0.327193
0.555461
0.47565
0.507186
0.437119
0.453764
0.416723
0.425033
0.401996
0.408333
0.392041
0.396637
0.385013
0.388304
0.379858
0.382255
0.376128
0.377857
0.373461
0.374687
0.371691
0.37249
0.370691
0.371112
0.370382
0.370472
0.370782
0.370487
0.371905
0.371235
0.373853
0.37275
0.376787
0.375163
0.380975
0.378688
0.38684
0.383631
0.395065
0.390529
0.406868
0.400334
0.42442
0.414668
0.451658
0.437183
0.505872
0.473956
0.553639
0.515535
0.476432
0.474089
0.444722
0.419511
0.416857
0.398845
0.378988
0.375953
0.363647
0.354378
0.35126
0.348565
0.345325
0.342843
0.34341
0.341874
0.338921
0.340322
0.338454
0.334894
0.336417
0.334175
0.330179
0.331905
0.329774
0.325476
0.327849
0.326269
0.321627
0.325096
0.324354
0.319368
0.324069
0.324109
0.318682
0.324477
0.325003
0.319087
0.325599
0.326268
0.319744
0.326863
0.327484
0.32003
0.328058
0.328571
0.319944
0.329008
0.329339
0.319611
0.329623
0.329799
0.3186
0.329877
0.329921
0.317358
0.467358
0.452772
0.466299
0.434313
0.428471
0.439782
0.414725
0.410937
0.418999
0.400993
0.398846
0.404693
0.391384
0.389997
0.39439
0.384552
0.383573
0.386808
0.379541
0.378824
0.381177
0.375871
0.375326
0.377036
0.373264
0.372819
0.374031
0.37152
0.371136
0.371937
0.370515
0.370167
0.370611
0.370218
0.369888
0.369939
0.370623
0.370266
0.369999
0.37173
0.371351
0.37067
0.373638
0.373182
0.372093
0.376515
0.375959
0.374346
0.380625
0.379879
0.377629
0.386348
0.385284
0.382181
0.394288
0.392738
0.388477
0.405581
0.403062
0.397232
0.422067
0.417588
0.409544
0.448498
0.438237
0.427024
0.488782
0.464283
0.450838
0.435864
0.418895
0.419808
0.420403
0.410886
0.415943
0.406097
0.400517
0.40553
0.395884
0.392398
0.396657
0.388104
0.38581
0.389178
0.382229
0.380616
0.383234
0.377828
0.376622
0.378625
0.374558
0.373615
0.375091
0.37219
0.371406
0.372472
0.370586
0.369891
0.370611
0.369672
0.369025
0.369399
0.369385
0.36873
0.368811
0.369743
0.369056
0.368787
0.370771
0.369986
0.36941
0.372522
0.371594
0.370659
0.375119
0.373997
0.372604
0.378766
0.37726
0.375391
0.383734
0.381633
0.379141
0.390433
0.387501
0.384122
0.399434
0.394774
0.390638
0.411276
0.403627
0.398566
0.426053
0.412336
0.407696
0.439073
0.417082
0.41572
0.403249
0.38959
0.385537
0.400897
0.391377
0.391407
0.398136
0.382384
0.38625
0.378085
0.368794
0.363611
0.382587
0.374858
0.372297
0.369908
0.360751
0.366087
0.361604
0.356314
0.352887
0.368246
0.362687
0.359517
0.354399
0.350352
0.354319
0.35244
0.349529
0.348181
0.358108
0.354372
0.351783
0.347418
0.34509
0.346301
0.347054
0.344756
0.34438
0.351302
0.348718
0.346797
0.342948
0.340851
0.341063
0.342485
0.340189
0.339978
0.346418
0.344296
0.34264
0.338639
0.336042
0.3359
0.337905
0.335675
0.335351
0.342262
0.340365
0.338716
0.333396
0.330991
0.330613
0.33357
0.331827
0.331093
0.338599
0.336938
0.335266
0.328783
0.326675
0.327369
0.330377
0.32927
0.328405
0.335441
0.334117
0.332571
0.324898
0.323626
0.324065
0.328486
0.327897
0.327357
0.332997
0.332078
0.330814
0.322755
0.322291
0.32305
0.327641
0.327659
0.32728
0.33128
0.33069
0.329956
0.321864
0.321482
0.321781
0.327854
0.328019
0.327625
0.330329
0.330082
0.329753
0.321275
0.321233
0.321292
0.32816
0.328341
0.328131
0.329962
0.329872
0.329763
0.321082
0.320723
0.320421
0.32855
0.328669
0.328557
0.329777
0.329725
0.329779
0.320507
0.320228
0.320348
0.328825
0.32901
0.32892
0.32971
0.329645
0.329835
0.320028
0.319529
0.319651
0.329123
0.329209
0.329157
0.329557
0.329522
0.329897
0.318685
0.318181
0.318596
0.329261
0.329287
0.329249
0.329604
0.329636
0.329813
0.317725
0.31667
0.317043
0.329174
0.329603
0.330285
0.330013
0.330337
0.330467
0.330419
0.330247
0.329008
0.329398
0.329939
0.329724
0.329998
0.330087
0.330024
0.32979
0.329877
0.329799
0.329699
0.329514
0.329307
0.329301
0.329109
0.329544
0.329497
0.329677
0.329208
0.329083
0.328779
0.32936
0.329261
0.329332
0.523023
0.528339
0.445094
0.446226
0.394495
0.393652
0.356796
0.354863
0.345896
0.344762
0.342416
0.341539
0.338491
0.337835
0.333329
0.332861
0.327821
0.327523
0.322701
0.322544
0.319551
0.319449
0.318013
0.317985
0.317714
0.317763
0.318254
0.318357
0.318719
0.318866
0.318915
0.319057
0.318864
0.319004
0.318385
0.318524
0.317224
0.317361
0.592196
0.61527
0.47463
0.475876
0.419368
0.419963
0.372135
0.37013
0.349198
0.347762
0.344118
0.343119
0.340624
0.339859
0.33605
0.335482
0.33058
0.330198
0.325298
0.325053
0.321004
0.320865
0.318598
0.318536
0.317701
0.317716
0.317939
0.318025
0.318597
0.318714
0.319006
0.319135
0.318956
0.319105
0.318676
0.318828
0.317771
0.317915
0.316547
0.316682
0.525222
0.530531
0.447661
0.448798
0.397334
0.396488
0.359864
0.35792
0.348727
0.347612
0.345221
0.344335
0.34177
0.341099
0.337154
0.336683
0.331995
0.331696
0.327445
0.327273
0.32438
0.324278
0.323151
0.323132
0.323396
0.323444
0.324451
0.324552
0.325739
0.32587
0.326981
0.327124
0.327993
0.328139
0.328688
0.32883
0.329032
0.329164
0.59406
0.617146
0.476986
0.478239
0.422034
0.422631
0.375116
0.373089
0.352274
0.350853
0.346772
0.345783
0.343611
0.342835
0.339574
0.339005
0.334589
0.334204
0.329614
0.329379
0.325678
0.325548
0.32356
0.323499
0.323115
0.323133
0.323868
0.323948
0.325129
0.325246
0.326385
0.326525
0.32753
0.327678
0.328377
0.328522
0.328926
0.329061
0.32914
0.329263
0.329131
0.329245
0.329022
0.329124
0.329104
0.329214
0.328897
0.328991
0.555777
0.834606
1.13135
0.910009
0.624047
0.0338027
0.0834079
0.188564
0.33614
0.756686
1.35132
1.27949
0.697573
0.217418
0.108623
-0.051255
-0.052876
-0.0786889
-0.0846205
-0.0982717
-0.108813
-0.109911
-0.0201375
0.221387
1.8128
1.47373
0.354242
0.040746
-0.0696582
-0.119366
-0.132083
-0.175917
-0.208835
-0.256886
-0.3409
-0.464659
-0.582012
-1.46124
-1.27075
-0.466362
-0.327699
-0.189924
-0.212192
-0.273365
-0.322755
-0.405339
-0.536267
-0.722551
-0.904067
-1.80502
-1.61491
-0.832169
-0.548703
-0.252669
-0.275993
-0.0487621
-0.0816808
0.991938
-0.664804
2.04168
0.574383
-0.0336637
-0.115171
-0.147091
-1.61489
-0.743164
-0.989404
-1.52467
-0.181865
-0.214909
-1.19061
-1.12478
-1.2143
-0.24541
0.516216
0.37784
0.186705
1.11463
1.17587
0.742742
1.44381
1.71759
1.55864
0.838414
0.942254
1.45482
0.511812
0.381468
0.586609
-0.0525229
-0.0888809
-0.0850993
-0.0541966
-0.0932977
-0.0918317
0.079976
-0.386496
-0.285396
0.168686
-0.249125
-0.468855
-0.0276485
-0.190763
-0.186354
-0.125056
-0.162573
-0.15424
-0.137827
-0.187494
-0.17392
-0.905938
-1.13646
-0.829983
-0.382586
-0.568663
-0.716645
-0.19924
-0.232447
-0.222666
-0.231458
-0.261046
-0.243461
-1.08981
-0.945309
-0.919423
-1.00147
-0.925611
-1.10652
-0.69291
-0.765995
-0.872798
-0.263948
-0.287581
-1.53904
-2.02202
-1.94778
-2.0171
1.72518
1.7639
-1.00121
-0.984225
1.40661
1.42641
-1.1633
-1.16675
-1.35893
-1.91346
-1.75124
-1.82023
-0.967874
-1.42509
0.624495
0.629238
-1.95509
-2.18417
2.20482
2.2962
-0.047885
-0.0477487
-0.11358
-0.113467
-0.178837
-0.179205
-0.243634
-0.2437
-0.0807593
-0.0806127
-0.144972
-0.145058
-0.21329
-0.21326
-1.17103
-1.1586
-1.12927
-1.1251
-0.502072
-0.762248
-1.78363
-2.01592
-1.18302
-1.19417
)
;

boundaryField
{
    inlet
    {
        type            zeroGradient;
    }
    outlet
    {
        type            fixedValue;
        value           nonuniform List<scalar> 0();
    }
    wall
    {
        type            zeroGradient;
    }
    empty_zmin
    {
        type            empty;
    }
    empty_zmax
    {
        type            empty;
    }
    procBoundary0to1
    {
        type            processor;
        value           nonuniform List<scalar> 
39
(
-0.542429
-0.416761
-0.330985
-0.27176
-0.226298
-0.193549
-0.168532
-0.150503
-0.133339
-0.126793
-0.129374
-0.12613
-0.126171
-0.340071
-0.409133
-0.507236
-0.665317
-0.815347
-0.701198
-0.280899
-0.307436
-0.340071
-0.907369
-0.933487
-0.994925
-1.08835
-0.962421
-0.881604
-0.881604
-1.07454
-1.13814
-0.273116
-1.13215
-0.886607
-0.936495
-0.292959
-0.324144
-0.271685
-0.271666
)
;
    }
}


// ************************************************************************* //
