/*--------------------------------*- C++ -*----------------------------------*\
| =========                 |                                                 |
| \\      /  F ield         | OpenFOAM: The Open Source CFD Toolbox           |
|  \\    /   O peration     | Version:  2406                                  |
|   \\  /    A nd           | Website:  www.openfoam.com                      |
|    \\/     M anipulation  |                                                 |
\*---------------------------------------------------------------------------*/
FoamFile
{
    version     2.0;
    format      ascii;
    arch        "LSB;label=32;scalar=64";
    class       volScalarField;
    location    "1.45";
    object      Co;
}
// * * * * * * * * * * * * * * * * * * * * * * * * * * * * * * * * * * * * * //

dimensions      [0 0 0 0 0 0 0];

internalField   nonuniform List<scalar> 
2284
(
0.0524579
0.0534293
0.0539512
0.106234
0.108966
0.0554281
0.0561116
0.0557635
0.05811
0.0604262
0.0617812
0.0600796
0.0886863
0.0894224
0.108903
0.109385
0.106687
0.108929
0.110623
0.11012
0.0463944
0.0192829
0.0470804
0.0196473
0.0487016
0.0486898
0.0486871
0.0486941
0.0487114
0.0487373
0.0487728
0.0488241
0.0488947
0.0490076
0.0491633
0.0494008
0.0497727
0.100325
0.0858213
0.0487153
0.0487176
0.0487298
0.0487478
0.0487754
0.048819
0.0488749
0.0489465
0.0490516
0.0492281
0.0495013
0.0498524
0.100494
0.0853412
0.0487497
0.0487534
0.0487705
0.0488017
0.0488391
0.0488818
0.0489327
0.048995
0.0490983
0.0492493
0.0494611
0.0498519
0.100568
0.0848946
0.0855308
0.08505
0.0845779
0.0995652
0.0994538
0.100246
0.0995674
0.0993473
0.100177
0.0995653
0.0992721
0.100289
0.0491506
0.049004
0.0488982
0.0488244
0.0487675
0.0487253
0.099106
0.0996423
0.0493769
0.0491659
0.0490137
0.0489076
0.0488349
0.0487864
0.0487516
0.048726
0.0990018
0.0996646
0.0493642
0.0491568
0.0490176
0.0489196
0.0488447
0.0488069
0.0487717
0.0487485
0.0989196
0.0996795
0.0493842
0.0491678
0.0490163
0.0489186
0.0488385
0.0487806
0.0487845
0.0487961
0.0487835
0.0488006
0.0488177
0.0488405
0.0488762
0.0489214
0.0489776
0.0490398
0.0491178
0.0492829
0.049552
0.0499403
0.100677
0.0844355
0.0988084
0.0996926
0.0493709
0.0491633
0.0490179
0.0489281
0.0488875
0.0488607
0.0487809
0.0487553
0.0487882
0.048799
0.0488355
0.0488797
0.0489221
0.0489792
0.0490569
0.0491579
0.0492849
0.0494339
0.0496117
0.0499558
0.100684
0.0840211
0.0987269
0.0997275
0.0493676
0.0491537
0.0490029
0.0489004
0.0487984
0.0487498
0.0488081
0.0488201
0.0488338
0.0488955
0.0489124
0.0489468
0.0489975
0.0490427
0.0490876
0.0491223
0.0491947
0.0493513
0.049588
0.0499963
0.100725
0.0836151
0.0986128
0.0997488
0.0493753
0.0491543
0.0489915
0.0488894
0.0488653
0.0488409
0.0487565
0.0487702
0.0487897
0.0488161
0.0489165
0.0489971
0.0490571
0.0491367
0.0492517
0.0493936
0.0495242
0.0496164
0.0497269
0.0500949
0.101016
0.083288
0.098514
0.0997197
0.0493403
0.0491193
0.0489814
0.0489026
0.0488058
0.048803
0.0488955
0.0489408
0.048989
0.0490215
0.0490203
0.0490603
0.0491184
0.0491591
0.049189
0.0492101
0.0493075
0.0495076
0.049772
0.0502093
0.100932
0.0829124
0.0984591
0.0997639
0.0493567
0.0490992
0.0489159
0.0488205
0.048793
0.0487778
0.048738
0.0488344
0.0489438
0.0489558
0.0490418
0.0491501
0.0492198
0.0493287
0.0494593
0.0496216
0.0497232
0.049756
0.0498566
0.0502971
0.101397
0.0826716
0.0984952
0.100018
0.0493852
0.049118
0.0489355
0.0487955
0.0487129
0.0487911
0.0490217
0.0491918
0.0492423
0.0492927
0.0493032
0.0493778
0.0494101
0.0494624
0.049504
0.0495394
0.0496962
0.0499314
0.050089
0.0504768
0.101642
0.0824388
0.0983919
0.100145
0.0494828
0.0491531
0.048964
0.0487972
0.048815
0.0489019
0.0489154
0.0490481
0.0490954
0.0492146
0.0494517
0.0496047
0.0496843
0.0496766
0.0497206
0.0498234
0.0498123
0.0498171
0.0500173
0.0505487
0.101931
0.0822262
0.0984066
0.100318
0.0495483
0.0491447
0.0490316
0.049075
0.0491632
0.0491615
0.0492057
0.0493459
0.0496247
0.0500368
0.0500224
0.049979
0.0500895
0.0501076
0.0500468
0.049947
0.0499274
0.0500859
0.0502841
0.050721
0.102066
0.0821345
0.0984478
0.100464
0.0496913
0.0492781
0.0490424
0.049074
0.0491637
0.049294
0.0495106
0.049537
0.0493419
0.0493658
0.0498338
0.050254
0.0504487
0.0503999
0.0500245
0.0497418
0.0497678
0.0499154
0.0502203
0.0508143
0.102203
0.0820809
0.0985393
0.100563
0.0497743
0.0492845
0.0491067
0.0491818
0.0492558
0.0494146
0.0497514
0.0497619
0.0496985
0.0496341
0.0496055
0.049942
0.0500509
0.049975
0.0500462
0.0501268
0.050279
0.0504099
0.050552
0.0509831
0.102517
0.0821418
0.0987981
0.100913
0.0499333
0.0494358
0.0492399
0.049121
0.049231
0.0492205
0.0491299
0.049173
0.049088
0.0491247
0.0491423
0.0491111
0.0493283
0.0497702
0.0500433
0.0501081
0.0502835
0.0505321
0.0508497
0.0513198
0.102717
0.0823527
0.0992316
0.10111
0.0501215
0.0495607
0.0493512
0.0491697
0.0489292
0.0486757
0.0486828
0.0488547
0.0490985
0.0494107
0.0493235
0.0492995
0.0496117
0.0500195
0.0503696
0.0505663
0.0506788
0.0508237
0.0510293
0.0514726
0.103044
0.08267
0.100018
0.101713
0.0506184
0.0502355
0.0496798
0.0488282
0.0482272
0.0478523
0.0474655
0.0477049
0.0477349
0.0480418
0.0490196
0.0496822
0.0498124
0.0498416
0.0500868
0.0506367
0.0511533
0.0515255
0.0517361
0.0519305
0.103327
0.0830748
0.100884
0.102402
0.0507816
0.0497594
0.0492654
0.0490354
0.048819
0.0480876
0.0469361
0.04701
0.0483419
0.0493469
0.0496721
0.0503695
0.0510911
0.0511332
0.0508297
0.0512865
0.0519393
0.0520347
0.0520826
0.0522702
0.103828
0.083635
0.102043
0.103681
0.0520524
0.0509303
0.0498185
0.0496238
0.0490031
0.0477005
0.0465732
0.0459325
0.0467191
0.0483815
0.0503797
0.0513716
0.0519334
0.0529834
0.0533228
0.0529393
0.0529312
0.0528365
0.0527575
0.0527608
0.104659
0.0842591
0.103318
0.105509
0.0534967
0.0533362
0.0536688
0.0530955
0.0511129
0.0489493
0.0459695
0.0444151
0.0471174
0.0498152
0.0520064
0.0527632
0.0535792
0.0539688
0.053816
0.0537769
0.0535909
0.0534028
0.0532605
0.0532073
0.105505
0.0849895
0.10477
0.107247
0.0540887
0.054164
0.0537571
0.053739
0.0529919
0.0543518
0.0546438
0.0549151
0.054556
0.054086
0.0537362
0.0536229
0.106405
0.0858003
0.0554272
0.055073
0.0548017
0.0542615
0.0540972
0.0539897
0.0539578
0.107094
0.0864824
0.0571045
0.0567917
0.056545
0.0556373
0.0550074
0.0546144
0.0544137
0.107935
0.0872357
0.0582804
0.0569621
0.0561253
0.0554619
0.0552355
0.0550219
0.0548579
0.108794
0.0879034
0.058928
0.0575269
0.0562669
0.0556602
0.0552882
0.0550999
0.109498
0.0884459
0.0846997
0.0844167
0.0841345
0.083863
0.0835979
0.0833066
0.0841564
0.0830553
0.0827791
0.0837583
0.0825374
0.0822536
0.0833898
0.0820232
0.0817697
0.0830201
0.0815419
0.0813168
0.082732
0.0811222
0.0809145
0.0824841
0.0807303
0.0805221
0.0822845
0.0803771
0.080229
0.0821585
0.0801128
0.0799979
0.0820795
0.0799461
0.0799369
0.0821711
0.0799488
0.0800813
0.0823047
0.0801517
0.0803799
0.0825978
0.0805807
0.0809014
0.0829465
0.0813005
0.0816887
0.0834332
0.0822865
0.0828207
0.084066
0.0835718
0.0842709
0.0846658
0.0850977
0.0859689
0.0854185
0.0868111
0.0877216
0.0861231
0.0868519
0.0875906
0.0881782
0.0886522
0.100072
0.100061
0.0990505
0.0991733
0.0991727
0.099623
0.100078
0.100047
0.0989388
0.0991781
0.0991592
0.0996196
0.10008
0.100062
0.0988439
0.0992064
0.0991906
0.0996497
0.099524
0.0992734
0.100347
0.100081
0.100044
0.0987336
0.0992086
0.099157
0.0996234
0.0995121
0.0992581
0.100452
0.100104
0.100041
0.0986314
0.0992397
0.0991476
0.099638
0.0994626
0.0993408
0.100669
0.100095
0.100042
0.0985371
0.0992554
0.099167
0.0996526
0.0995841
0.0993186
0.100764
0.10008
0.100038
0.0984481
0.0992034
0.0991508
0.099652
0.0994714
0.0995086
0.101209
0.100107
0.100081
0.0984216
0.0992878
0.0991349
0.099657
0.0997109
0.0995999
0.101347
0.100328
0.100162
0.0983534
0.0994094
0.0992134
0.0997871
0.0998263
0.0997636
0.101713
0.100305
0.100179
0.0983324
0.0998291
0.0995078
0.0999163
0.0999329
0.0999695
0.101897
0.100426
0.10022
0.0983016
0.0999235
0.0997117
0.100077
0.1001
0.100137
0.102295
0.100537
0.100505
0.0984461
0.100181
0.100052
0.100376
0.100195
0.100501
0.102663
0.100684
0.100899
0.0987753
0.100249
0.10068
0.100945
0.100493
0.100811
0.102937
0.10085
0.101306
0.0991432
0.100532
0.10106
0.101314
0.100757
0.10125
0.103605
0.101271
0.10205
0.0997345
0.100839
0.101933
0.102174
0.101085
0.101766
0.1041
0.102047
0.102602
0.100341
0.100832
0.102761
0.10286
0.101542
0.102363
0.104809
0.103027
0.103974
0.1014
0.101634
0.10414
0.10428
0.102021
0.103058
0.105566
0.104346
0.10536
0.102703
0.102884
0.106216
0.106004
0.102694
0.103632
0.106215
0.105773
0.10688
0.104107
0.104948
0.108105
0.107632
0.103447
0.104308
0.106901
0.107383
0.108034
0.105399
0.106952
0.109094
0.108624
0.104281
0.104905
0.107481
0.104937
0.105666
0.108289
0.105748
0.106365
0.108938
0.106488
0.106978
0.109621
0.107127
0.107545
0.11009
0.0310142
0.010497
0.0309642
0.0105025
0.0309833
0.0105421
0.0309729
0.0105025
0.0309943
0.0105421
0.0309669
0.0105451
0.0309319
0.0105451
0.0309494
0.0105978
0.0309666
0.0106484
0.0310863
0.0107306
0.0311904
0.0108308
0.0313206
0.0109269
0.0316643
0.0111228
0.0320772
0.0113306
0.0324868
0.0115691
0.0331255
0.0118987
0.0336317
0.0122229
0.0343673
0.0125954
0.0351132
0.0130419
0.0357611
0.0134163
0.0366781
0.0138502
0.0374769
0.014367
0.038198
0.0146947
0.0391166
0.0151573
0.03948
0.0154325
0.0399117
0.015568
0.0400545
0.0157038
0.040136
0.015669
0.0310063
0.0105978
0.0310274
0.0106484
0.0311376
0.0107306
0.0312558
0.0108082
0.031398
0.0109269
0.031674
0.0110602
0.0318875
0.0112228
0.0323779
0.0114859
0.0328418
0.0117241
0.033476
0.0121052
0.0340635
0.0124158
0.0348543
0.0128481
0.0355164
0.0132607
0.0362393
0.0136276
0.0372488
0.0141582
0.037773
0.0145168
0.0386836
0.014908
0.0393048
0.0153295
0.039636
0.015487
0.0400914
0.015672
0.0400576
0.0157038
0.0400167
0.0155333
0.0302058
0.0101104
0.0300436
0.0100673
0.0299145
0.0100388
0.0297613
0.010006
0.0296448
0.00998772
0.0295319
0.00998666
0.0294966
0.0100121
0.0296058
0.0100809
0.029833
0.0102161
0.0302391
0.0104306
0.0307094
0.0106982
0.0313351
0.0110509
0.0322167
0.0115102
0.033316
0.0121285
0.0346696
0.0128773
0.0362132
0.0137154
0.0380489
0.0147162
0.0400174
0.0157847
0.0421345
0.0169328
0.0442993
0.0181511
0.0301285
0.0100909
0.0299675
0.0100521
0.0298058
0.0100112
0.0296796
0.00999183
0.0295559
0.00998082
0.0294937
0.00999824
0.0295755
0.0100544
0.0297941
0.0101676
0.0300668
0.0103199
0.0304843
0.0105647
0.0310754
0.0108877
0.0317972
0.0112834
0.0328318
0.0118323
0.0340089
0.0124872
0.0353745
0.0132604
0.0370155
0.0141579
0.0388962
0.0152136
0.0409849
0.0163421
0.0433116
0.0175938
0.0453476
0.018713
0.0486063
0.0486183
0.0486472
0.0486874
0.0487459
0.0488358
0.0490012
0.0491856
0.0494229
0.0497603
0.100221
0.086804
0.0486605
0.0486768
0.0487014
0.0487362
0.0487855
0.048867
0.0490043
0.0491659
0.0494361
0.0497996
0.100288
0.0862986
0.0865334
0.0860297
0.0996422
0.0996068
0.100276
0.0995942
0.0995376
0.100295
0.0992103
0.099636
0.0493636
0.0852684
0.084968
0.100071
0.100059
0.0991427
0.099168
0.0991525
0.0996023
0.0311152
0.0104734
0.0310541
0.0104864
0.0310649
0.0104864
0.0309997
0.010497
0.0303693
0.0101521
0.0302665
0.010125
0.0934586
0.0945929
0.0949965
0.0954489
0.0956916
0.0958437
0.0959418
0.0959987
0.096032
0.096052
0.0960597
0.0960651
0.0960648
0.0960562
0.0960407
0.096015
0.0959794
0.0959172
0.0958
0.0956422
0.0953413
0.0949005
0.0943912
0.0955397
0.0937391
0.0929281
0.093982
0.0948205
0.0952684
0.0955441
0.0957085
0.0958079
0.0958682
0.0959051
0.0959211
0.0959329
0.0959288
0.0959158
0.095894
0.0958484
0.0957862
0.0956808
0.0954871
0.0951815
0.0946799
0.093772
0.0929492
0.0953726
0.0985665
0.0952502
0.0469824
0.0470265
0.0472528
0.04742
0.0475378
0.0476195
0.0476735
0.047708
0.0477261
0.0477362
0.0477379
0.0477206
0.047689
0.0476406
0.0475634
0.0474485
0.0473017
0.0471012
0.0469244
0.0474733
0.0960028
0.100074
0.100495
0.0975356
0.0479213
0.0474473
0.0473909
0.047478
0.0475576
0.047621
0.0476679
0.0476965
0.0477121
0.0477182
0.0477157
0.0477039
0.0476739
0.047628
0.0475687
0.0474889
0.0474332
0.047516
0.0479148
0.0487389
0.0986352
0.10066
0.100868
0.0986401
0.0485171
0.0479535
0.0476467
0.0475671
0.0475826
0.0476128
0.0476458
0.0476703
0.0476878
0.0477
0.0476971
0.0476822
0.0476583
0.0476271
0.0475932
0.0475716
0.0476336
0.04791
0.0484343
0.0491864
0.0995973
0.0996977
0.10094
0.0991264
0.0488251
0.0483356
0.0479709
0.0477509
0.0476775
0.04767
0.0476746
0.0476847
0.0476932
0.0476946
0.0476929
0.0476904
0.0476771
0.047664
0.0476638
0.0477424
0.0479733
0.0483266
0.0487689
0.049403
0.099974
0.098619
0.100984
0.0993911
0.0490121
0.0485823
0.0482482
0.0479839
0.0478162
0.0477504
0.0477346
0.0477284
0.0477276
0.0477309
0.0477274
0.0477213
0.0477234
0.0477455
0.0478174
0.0479836
0.0482311
0.0485569
0.0489788
0.0495575
0.100226
0.0975336
0.100982
0.0995797
0.0491246
0.0487296
0.048436
0.0481915
0.0479953
0.0478652
0.0478076
0.0477889
0.0477793
0.047773
0.0477731
0.0477799
0.0477922
0.0478425
0.0479692
0.048164
0.0484111
0.048701
0.0490687
0.0496209
0.100377
0.0964398
0.100907
0.0997096
0.0492234
0.0488411
0.0485658
0.0483432
0.0481575
0.0480089
0.0479109
0.0478674
0.0478532
0.0478501
0.0478504
0.0478535
0.0478896
0.0479894
0.0481423
0.0483257
0.0485452
0.0488369
0.0492231
0.0497243
0.100487
0.0953069
0.10077
0.0997645
0.0492821
0.0489199
0.0486638
0.0484614
0.0482896
0.0481463
0.0480299
0.0479545
0.0479236
0.0479144
0.0479185
0.0479385
0.0479983
0.0481053
0.0482426
0.0484113
0.0486217
0.0488857
0.0492362
0.0497205
0.10048
0.0942063
0.100651
0.0997573
0.0493251
0.0489821
0.0487323
0.0485411
0.0483874
0.0482595
0.0481557
0.0480737
0.0480251
0.0480155
0.048025
0.0480465
0.0481156
0.0482311
0.0483757
0.0485437
0.0487442
0.0490007
0.0493418
0.0497671
0.100468
0.0931549
0.100469
0.0997191
0.0493359
0.049029
0.0487983
0.0486153
0.0484698
0.0483511
0.0482542
0.0481797
0.0481275
0.0481051
0.0481115
0.0481426
0.0482071
0.0482989
0.0484122
0.048549
0.0487408
0.0489862
0.0493194
0.0497353
0.100394
0.0921456
0.100282
0.0996787
0.0493356
0.0490539
0.0488373
0.0486677
0.0485344
0.048428
0.048343
0.0482759
0.0482294
0.0482093
0.0482106
0.0482283
0.0482861
0.0483855
0.0485162
0.0486778
0.0488621
0.0490704
0.0493635
0.049734
0.10034
0.0912554
0.100127
0.099651
0.0493326
0.0490761
0.048876
0.0487156
0.0485886
0.048488
0.0484105
0.0483529
0.0483135
0.0482914
0.0482867
0.0483066
0.0483645
0.0484499
0.0485523
0.048667
0.0488392
0.0490623
0.0493638
0.0497303
0.100302
0.0904586
0.0999783
0.0996303
0.0493281
0.0490854
0.0489021
0.0487543
0.0486366
0.0485451
0.0484745
0.0484207
0.0483827
0.0483626
0.0483594
0.0483718
0.0484132
0.0484871
0.048595
0.0487351
0.0488977
0.0490706
0.049339
0.0497016
0.100227
0.0897459
0.0998543
0.0996141
0.0493298
0.0490945
0.0489204
0.048784
0.0486737
0.0485875
0.0485216
0.0484743
0.0484441
0.0484269
0.0484237
0.0484322
0.0484693
0.0485432
0.0486472
0.0487598
0.0489305
0.0491429
0.0494106
0.0497403
0.100246
0.08909
0.0997265
0.0996059
0.0493357
0.0491061
0.0489386
0.0488113
0.0487095
0.0486296
0.0485704
0.0485266
0.0484961
0.0484814
0.0484799
0.0484903
0.048517
0.0485677
0.0486544
0.0487663
0.0489076
0.0490559
0.049319
0.0496995
0.100196
0.0884769
0.0996072
0.0996018
0.0493381
0.0491157
0.0489544
0.0488337
0.048739
0.0486646
0.0486065
0.0485668
0.0485428
0.0485284
0.0485262
0.0485356
0.0485611
0.0486082
0.0487001
0.048813
0.0489807
0.0491756
0.0494285
0.0497538
0.100218
0.0878955
0.0995025
0.0996066
0.0493503
0.0491263
0.0489661
0.0488518
0.0487631
0.0486949
0.0486453
0.0486085
0.0485846
0.0485757
0.0485801
0.0485916
0.0486128
0.0486468
0.0487208
0.0488194
0.0489484
0.049102
0.0493778
0.0497491
0.100234
0.0873542
0.0486723
0.04864
0.0486208
0.0486089
0.0487032
0.048675
0.0486541
0.0486517
0.109256
0.10569
0.111256
0.105026
0.105139
0.105166
0.10506
0.105313
0.105241
0.105406
0.105366
0.105455
0.105434
0.105478
0.105468
0.105492
0.105486
0.105498
0.105496
0.105501
0.1055
0.105508
0.105504
0.105499
0.105504
0.105502
0.105501
0.1055
0.105501
0.105497
0.105499
0.105489
0.105494
0.10547
0.105482
0.105439
0.105453
0.105387
0.105419
0.10528
0.105343
0.105097
0.105199
0.10509
0.105003
0.11131
0.105739
0.109254
0.0955396
0.092063
0.0920784
0.0953629
0.098336
0.0983389
0.100073
0.100715
0.100741
0.10062
0.100177
0.100224
0.09963
0.0991053
0.0991532
0.09856
0.0980383
0.0980671
0.0974808
0.0969415
0.0969777
0.0963642
0.095812
0.0958728
0.0952302
0.0946848
0.0947577
0.0941204
0.0935887
0.0936652
0.0930593
0.0925324
0.0926115
0.0920453
0.0915751
0.0916742
0.091134
0.0907148
0.0908354
0.0903177
0.0899382
0.0900825
0.0895797
0.0892179
0.0894079
0.0888808
0.0885398
0.0887693
0.0882253
0.0879061
0.0881658
0.0876022
0.0872956
0.0876024
0.0870006
0.0866986
0.0870639
0.0944843
0.0925509
0.0912226
0.0947229
0.0941731
0.0934951
0.0952818
0.0948584
0.0945218
0.0955935
0.0952938
0.095075
0.0957774
0.0955667
0.0954306
0.0959033
0.0957582
0.0956631
0.0959766
0.0958635
0.0958076
0.0960193
0.0959267
0.0958915
0.0960446
0.0959651
0.0959429
0.096059
0.095987
0.0959727
0.0960605
0.0959973
0.0959919
0.0960689
0.0959938
0.0959937
0.09606
0.0959873
0.0959927
0.0960471
0.0959759
0.095989
0.0960276
0.0959496
0.0959691
0.0959964
0.0959062
0.0959402
0.0959507
0.0958235
0.0958795
0.0958618
0.0956931
0.0957714
0.0957292
0.0954861
0.0956236
0.0955102
0.0951
0.0953292
0.0951316
0.094538
0.0948632
0.0946373
0.0935214
0.0941306
0.0933849
0.0913326
0.0927658
0.0928516
0.0949052
0.0965715
0.0934376
0.0936243
0.093841
0.0945627
0.0946249
0.0940847
0.0950972
0.0951632
0.0948691
0.0954566
0.0954458
0.0952446
0.0956629
0.0956269
0.095478
0.0957854
0.0957375
0.0956358
0.0958576
0.0958077
0.0957368
0.0959011
0.0958505
0.0958027
0.095925
0.095875
0.0958407
0.0959321
0.0958861
0.0958686
0.0959347
0.0958714
0.0958736
0.0959163
0.0958588
0.0958711
0.0958944
0.0958374
0.0958684
0.0958604
0.0958037
0.0958481
0.0958014
0.095753
0.0958164
0.0957182
0.0956564
0.0957548
0.0955736
0.0955187
0.0956478
0.0953202
0.0953279
0.0955164
0.0949327
0.0949849
0.0952885
0.0942564
0.0943852
0.0948175
0.0930015
0.0941334
0.0941863
0.0938253
0.0964621
0.0947485
0.0966708
0.0980456
0.0998755
0.0938387
0.0958274
0.0966338
0.0985014
0.0998813
0.098335
0.0988767
0.0994735
0.100804
0.0961845
0.0976546
0.0982938
0.100517
0.100857
0.0998138
0.0997279
0.0999737
0.100949
0.0975218
0.0984776
0.0990182
0.100932
0.100995
0.100234
0.100049
0.100211
0.101005
0.098177
0.0988601
0.0993481
0.10101
0.101032
0.100384
0.100254
0.100384
0.101032
0.098575
0.0990847
0.0995605
0.101052
0.101054
0.100514
0.100401
0.100498
0.100996
0.0988174
0.0992314
0.0997122
0.101052
0.10103
0.100622
0.100485
0.100551
0.100883
0.0990144
0.0993239
0.0997917
0.100965
0.100936
0.100661
0.100504
0.100498
0.100719
0.0991115
0.0993641
0.0998071
0.100838
0.100776
0.100593
0.100451
0.10045
0.100568
0.0991596
0.0993542
0.0997824
0.100721
0.100615
0.100528
0.100391
0.100395
0.10039
0.09915
0.0993132
0.0997372
0.100537
0.100449
0.100458
0.100329
0.100311
0.100213
0.0991434
0.0992754
0.0996891
0.100366
0.100291
0.100414
0.100268
0.100248
0.100049
0.099127
0.0992461
0.0996606
0.100208
0.100143
0.100357
0.100215
0.100191
0.099911
0.099121
0.0992262
0.0996375
0.100065
0.100027
0.10031
0.10017
0.100148
0.099781
0.0991261
0.0991946
0.0996144
0.0999675
0.0999275
0.100301
0.10013
0.100126
0.0996674
0.099131
0.0991719
0.099602
0.0998712
0.0998302
0.100265
0.100104
0.100101
0.0995545
0.0991281
0.099154
0.0995914
0.0997912
0.0997439
0.10027
0.100087
0.100084
0.0994496
0.0991453
0.0991573
0.0995898
0.09972
0.0996853
0.100285
0.0994047
0.0996027
0.0493502
0.049137
0.0489828
0.0488713
0.0487878
0.0487218
0.0993105
0.0996253
0.0493622
0.0491466
0.0489926
0.0488837
0.0488057
0.048745
0.0864139
0.0861135
0.0858385
0.0855347
0.100074
0.100073
0.0993486
0.099135
0.0991373
0.0995896
0.100071
0.10007
0.0992475
0.0991695
0.0991455
0.0995992
0.105512
0.085197
0.0983587
0.0615764
0.0934064
0.0447039
0.0813436
0.0315766
0.0706313
0.0250315
0.0622406
0.0214106
0.0551671
0.0188985
0.0492544
0.0169023
0.0443199
0.0152064
0.0404107
0.0138116
0.0373995
0.0126769
0.0352625
0.0118383
0.0337993
0.0112672
0.0327991
0.0108964
0.0321653
0.0106862
0.0317804
0.0105786
0.0315315
0.0105223
0.0313493
0.0104906
0.0312396
0.0104863
0.106997
0.0982877
0.0989125
0.070486
0.0972387
0.0532194
0.0876281
0.0371756
0.0755341
0.0277197
0.0662136
0.0230048
0.0585215
0.0200581
0.0520499
0.0178486
0.0466475
0.0160148
0.0422306
0.0144727
0.0387691
0.0132039
0.0361884
0.0122078
0.0344381
0.0115194
0.0332236
0.0110554
0.0324193
0.0107686
0.0319335
0.010621
0.0316209
0.0105404
0.031405
0.0104964
0.0312617
0.0104863
0.0311535
0.0104722
0.105504
0.0851891
0.0983553
0.0615584
0.0933713
0.044664
0.0812666
0.031534
0.0705803
0.0250183
0.0622105
0.0213986
0.0551147
0.0188566
0.0491227
0.0168276
0.0441904
0.0151416
0.0402586
0.0137427
0.0372562
0.0126128
0.0351303
0.0117725
0.0336424
0.0111843
0.0326287
0.0108012
0.0319626
0.0105692
0.0315186
0.0104292
0.0312092
0.0103436
0.0309904
0.0102918
0.0308165
0.0102547
0.107005
0.0982877
0.098916
0.0704785
0.0972287
0.0531938
0.0875847
0.0371327
0.0754837
0.0276974
0.0662083
0.0230066
0.0585177
0.0200428
0.0519825
0.0177927
0.046524
0.0159461
0.0420999
0.0144065
0.0386441
0.0131442
0.0360892
0.0121549
0.0343144
0.0114496
0.0330758
0.0109685
0.0322467
0.0106668
0.0317034
0.0104861
0.0313365
0.0103769
0.031083
0.0103132
0.0308894
0.01027
0.0307239
0.0102344
0.0306631
0.0102217
0.0305202
0.0101894
0.030571
0.0102009
0.0304155
0.0101628
0.0507109
0.046227
0.0417697
0.0446082
0.0481548
0.0558636
0.0556298
0.0555518
0.107861
0.0948005
0.0742602
0.0868844
0.105196
0.0548909
0.0557523
0.107725
0.110648
0.0561785
0.0570799
0.0573198
0.0578555
0.0595225
0.116999
0.117463
0.0592128
0.0733475
0.119362
0.11872
0.0597777
0.109049
0.112317
0.0568222
0.0579454
0.0596222
0.0607345
0.0632624
0.126698
0.120592
0.136057
0.13297
0.0628532
0.110095
0.11366
0.0581982
0.0592708
0.061046
0.0630177
0.0655263
0.133239
0.114515
0.118599
0.133923
0.0637055
0.111141
0.114598
0.0905362
0.0913192
0.0920111
0.12749
0.0505629
0.109919
0.119786
0.0921526
0.0929445
0.13001
0.13837
0.137191
0.137946
0.0935006
0.0941348
0.00554855
0.0799949
0.00573676
0.0946334
0.107239
0.108833
0.109318
0.0884822
0.0895483
0.100485
0.0716821
0.0644026
0.0689709
0.0967886
0.0933855
0.0808467
0.105211
0.10739
0.102702
0.110393
0.110958
0.108245
0.110684
0.112297
0.111686
0.118271
0.128295
0.123749
0.117439
0.130165
0.136042
0.118494
0.122011
0.125706
0.111766
0.112261
0.109598
0.113073
0.113431
0.112959
0.127654
0.131695
0.131822
0.1275
0.131096
0.134436
0.112855
0.11328
0.11066
0.114718
0.114287
0.113916
0.135151
0.13101
0.136628
0.13453
0.128888
0.0812375
0.129952
0.131722
0.134068
0.11381
0.11554
0.131056
0.101889
0.114106
0.0466199
0.10865
0.0677791
0.0379236
0.0208389
0.118767
0.0874412
0.0286373
0.0200566
0.169303
0.124648
0.117295
0.0464745
0.123513
0.120195
0.153689
0.119201
0.180931
0.0742541
0.110986
0.0608862
0.0482302
0.0201654
0.0488897
0.0206455
0.0492487
0.0207324
0.0492815
0.0204022
0.0487651
0.020543
0.0492044
0.0207324
0.0492958
0.0206011
0.0263967
0.0289444
0.024812
0.0110836
0.0941432
0.073916
0.190972
0.0774607
0.019756
0.0262586
)
;

boundaryField
{
    inlet
    {
        type            zeroGradient;
    }
    outlet
    {
        type            zeroGradient;
    }
    wall
    {
        type            zeroGradient;
    }
    empty_zmin
    {
        type            empty;
    }
    empty_zmax
    {
        type            empty;
    }
    procBoundary0to1
    {
        type            processor;
        value           nonuniform List<scalar> 
39
(
0.0615171
0.0600809
0.0588667
0.0575997
0.0568139
0.0562509
0.0557357
0.0554218
0.110116
0.0888324
0.107726
0.0399028
0.0153977
0.0585456
0.0596782
0.0617228
0.0639036
0.0665369
0.0634513
0.111282
0.114253
0.0585456
0.136252
0.0886369
0.0147239
0.0117409
0.0876947
0.0656965
0.0656965
0.00784567
0.00968375
0.0949346
0.0155235
0.132467
0.129525
0.113767
0.114417
0.0494144
0.0201776
)
;
    }
}


// ************************************************************************* //
