/*--------------------------------*- C++ -*----------------------------------*\
| =========                 |                                                 |
| \\      /  F ield         | OpenFOAM: The Open Source CFD Toolbox           |
|  \\    /   O peration     | Version:  2406                                  |
|   \\  /    A nd           | Website:  www.openfoam.com                      |
|    \\/     M anipulation  |                                                 |
\*---------------------------------------------------------------------------*/
FoamFile
{
    version     2.0;
    format      ascii;
    arch        "LSB;label=32;scalar=64";
    class       volScalarField;
    location    "1.45";
    object      initialResidual:p;
}
// * * * * * * * * * * * * * * * * * * * * * * * * * * * * * * * * * * * * * //

dimensions      [0 0 0 0 0 0 0];

internalField   nonuniform List<scalar> 
2284
(
8.13915e-10
4.99438e-11
-1.56029e-10
1.33775e-10
-7.19084e-11
1.20762e-09
-2.8191e-10
-2.13073e-11
4.20783e-10
1.68331e-10
-2.90722e-10
-1.86092e-10
5.67132e-11
-2.85084e-10
-7.75149e-11
1.38023e-10
1.87168e-11
7.67769e-10
1.25839e-10
1.00168e-10
-1.32703e-11
-7.07381e-13
-5.96352e-11
-2.86793e-12
-3.49621e-12
-4.77853e-13
4.60714e-12
1.18619e-11
1.29213e-11
3.13139e-12
3.84856e-12
-2.28305e-11
-1.01862e-11
-1.29876e-11
-5.00465e-12
1.82887e-11
3.71586e-11
2.87539e-11
-1.65506e-11
1.04806e-11
3.39704e-12
7.35122e-12
-1.90348e-11
-2.51321e-11
-2.35635e-11
-2.4337e-11
2.95271e-11
4.654e-11
9.64345e-12
-2.97791e-11
-7.97038e-11
1.5933e-12
-6.90134e-13
-1.99842e-11
-1.13536e-11
-1.4839e-11
-1.17846e-11
1.81283e-11
2.29719e-11
4.9753e-11
2.13033e-11
-6.69196e-11
-1.9175e-11
8.07016e-11
-3.14107e-11
-2.97709e-11
-3.44794e-11
2.05071e-11
8.775e-12
1.23171e-12
3.75321e-11
-8.82693e-11
-2.70877e-12
1.6153e-10
-8.65341e-11
-1.92482e-11
-1.21462e-12
3.92036e-11
3.09803e-11
1.14866e-11
-2.21605e-12
-1.2481e-12
7.64686e-13
5.7109e-13
-3.66269e-12
-1.33944e-11
6.68019e-11
-5.65972e-11
-9.8799e-12
2.66771e-12
2.53004e-12
1.16717e-12
-3.38811e-11
-2.39911e-11
9.72153e-11
1.27159e-12
-8.54113e-12
-5.82831e-11
9.32267e-12
-6.98787e-12
-2.02793e-12
-1.16948e-12
4.30576e-11
5.57442e-11
-1.3117e-11
-4.22344e-12
-1.77235e-11
1.10665e-10
-1.20389e-12
6.83101e-12
-4.68755e-12
-5.73809e-12
7.23799e-13
-1.13541e-10
-6.83319e-13
3.78623e-12
1.62259e-12
1.0869e-11
3.24658e-11
1.16116e-11
1.16785e-12
-3.03506e-11
-8.57146e-11
-3.65541e-12
1.65603e-10
6.89068e-12
-1.09857e-10
6.05298e-12
3.877e-11
1.79648e-11
2.01482e-11
-2.00738e-10
-1.16169e-11
-8.3809e-12
1.26234e-12
1.26374e-11
-5.70117e-12
-3.55498e-11
2.00755e-11
-1.21253e-11
3.04076e-11
6.2501e-12
-2.07942e-11
-1.21585e-11
-6.09261e-12
-2.9338e-11
3.97353e-11
2.13018e-11
-1.40705e-10
-7.78978e-11
2.0911e-10
1.47245e-11
3.16376e-11
-2.31453e-12
-9.8251e-11
1.45418e-10
-2.84418e-11
3.48341e-11
2.19747e-11
2.70549e-11
-9.7041e-11
2.81611e-12
7.91751e-11
2.36558e-11
-1.29798e-11
-2.91588e-11
7.37823e-12
-7.88222e-12
-1.6946e-11
9.86197e-11
3.7041e-11
-3.17901e-11
2.77559e-11
5.42446e-11
-2.60398e-10
3.09456e-10
1.03576e-10
3.92735e-11
-5.0912e-11
6.95614e-11
3.74579e-11
-6.12674e-11
1.94279e-11
-2.71702e-11
5.28632e-11
8.93814e-12
-7.15662e-11
-3.95138e-12
-3.76748e-11
4.83244e-12
-1.36985e-12
3.98188e-11
-1.64406e-11
-4.93803e-11
-5.45024e-11
-4.51194e-11
2.69076e-11
3.94214e-11
-9.19995e-11
3.42117e-10
1.88568e-10
5.87362e-12
4.04241e-11
4.91917e-11
-6.44744e-11
-2.40988e-11
-2.38035e-11
-2.88308e-11
2.44867e-11
5.72367e-11
-7.92646e-11
3.4347e-11
1.34093e-10
-1.91001e-12
-1.06719e-11
2.82539e-12
4.11768e-10
-3.1211e-11
-1.23891e-11
1.04831e-10
-1.0998e-10
-2.53903e-10
8.11171e-10
-1.31244e-10
2.19193e-10
5.48788e-11
4.55749e-11
-9.74135e-11
6.8679e-11
1.23014e-10
1.7028e-11
1.00589e-10
-4.63396e-11
-8.69702e-11
8.54858e-11
-2.68147e-10
-1.29665e-10
2.261e-10
1.03921e-11
-2.04984e-09
-4.60101e-10
1.9165e-09
-2.71266e-12
-9.59599e-11
3.5478e-11
1.99943e-10
-1.72097e-10
1.7748e-10
1.57289e-10
-1.15553e-10
9.41879e-11
6.74094e-11
1.65458e-10
1.29056e-10
1.29035e-11
-2.99212e-10
6.07153e-11
-4.95297e-11
9.54794e-11
-7.00891e-11
-9.61735e-11
1.51265e-10
-1.82926e-11
2.01178e-09
-3.39538e-11
-1.75583e-09
5.43451e-11
1.12363e-11
3.59601e-11
-7.00631e-11
-1.87096e-10
-1.66898e-11
-1.06586e-10
1.00364e-10
-3.14718e-11
-1.43922e-09
-2.22061e-10
-4.98292e-10
2.26106e-10
7.86272e-13
1.79086e-10
2.28231e-10
-3.36249e-10
4.0063e-10
2.81156e-10
-4.6046e-10
-1.05622e-11
-5.40948e-11
2.17786e-10
-1.98227e-10
-3.40232e-11
8.96504e-11
-1.33778e-11
-3.43255e-11
-1.89581e-10
-3.0885e-11
1.62318e-10
4.92159e-11
-7.84378e-10
1.27174e-09
2.26066e-11
1.37988e-11
2.00335e-10
-2.31228e-10
-1.55079e-10
9.95316e-11
5.81494e-11
-2.80317e-10
-1.94611e-10
3.40531e-10
1.36015e-10
-4.43346e-12
-1.13679e-10
-3.19037e-11
5.52973e-11
-5.82081e-11
-3.37293e-12
1.17719e-10
3.42254e-10
8.10803e-11
-1.51594e-10
6.1885e-12
-1.17872e-09
-2.66289e-10
3.23901e-09
2.55196e-09
-3.42182e-09
3.06025e-11
-2.07353e-10
-1.05818e-10
1.86473e-10
3.4259e-10
-7.42219e-12
-5.24133e-10
9.60621e-11
8.30681e-11
3.63378e-12
3.14038e-10
-1.05764e-10
6.6713e-11
2.57549e-11
-1.35962e-10
-2.78433e-10
-1.13218e-10
5.15059e-11
-4.07752e-11
-3.51925e-10
3.84915e-10
-3.8202e-09
-3.85546e-09
2.94709e-09
3.90987e-10
4.88404e-10
-3.21857e-11
-3.70543e-10
2.23961e-10
2.39298e-10
-5.80079e-11
-2.89141e-10
-7.10459e-11
4.29983e-10
-3.3668e-10
-1.23746e-10
2.97223e-11
1.30423e-11
3.57778e-11
2.24348e-10
6.35519e-11
-9.73512e-12
-4.7284e-11
1.01169e-10
1.13642e-09
-1.21144e-10
1.85858e-09
6.3158e-10
4.02798e-10
-3.39143e-10
-5.22305e-10
1.23209e-10
-9.3261e-10
-1.65421e-10
1.13253e-09
-9.15726e-11
5.66129e-10
-4.48066e-10
-4.40858e-10
4.56873e-10
-2.17866e-10
-8.12157e-11
-8.90225e-12
-9.8729e-10
1.06003e-10
-3.88711e-12
3.25973e-11
4.29312e-10
-4.92567e-09
9.07268e-10
-3.80525e-10
-3.78886e-10
-8.29748e-10
-4.93931e-10
5.28705e-10
3.29056e-10
7.34581e-10
-5.41278e-10
-9.49429e-10
3.11698e-10
-1.6309e-10
-1.4619e-11
4.04521e-10
-3.54435e-12
7.24772e-11
1.23222e-10
-1.5895e-11
8.14851e-10
-3.88722e-10
2.46028e-11
-6.79668e-11
-2.60688e-09
4.46438e-09
-3.19882e-10
-1.70344e-10
-1.39534e-10
6.51457e-10
5.6682e-10
1.67551e-12
-7.96692e-10
2.40002e-10
7.59788e-10
1.73749e-10
-3.23754e-10
-4.8389e-10
-1.00845e-10
2.57313e-10
-4.52623e-10
5.13353e-11
-9.92746e-11
1.32965e-11
2.90598e-10
7.2816e-11
-2.71981e-11
1.58069e-10
3.00361e-10
-1.43198e-09
1.60652e-10
5.72554e-10
3.91211e-10
8.90908e-11
-4.04895e-10
-2.85473e-10
3.78429e-10
-6.85143e-10
-1.04984e-10
9.56843e-10
-3.9368e-10
-2.13114e-10
6.25329e-10
-3.0556e-10
2.96505e-10
9.4128e-11
-3.13164e-11
-1.99959e-11
-2.11355e-10
-2.41504e-11
4.7232e-11
6.85628e-12
-2.97493e-10
6.43941e-10
-3.17831e-10
-2.90053e-10
-9.65792e-10
-2.70471e-10
3.9227e-10
1.59628e-11
8.73236e-10
2.59921e-10
-5.37564e-10
-4.79962e-10
7.68499e-12
1.12025e-09
2.59703e-10
-6.04344e-10
1.58803e-10
-1.13341e-10
4.89902e-11
4.42905e-11
1.08114e-12
3.45062e-11
-3.24047e-11
-1.22656e-10
3.00001e-10
3.22366e-10
9.01205e-11
2.73544e-10
4.8573e-10
-8.19445e-11
-2.25611e-10
3.9554e-11
-4.26814e-10
4.54594e-10
-1.16976e-11
-4.77093e-10
4.53451e-10
-9.57898e-10
-9.25443e-10
5.64989e-10
-9.44325e-11
7.78312e-13
1.10917e-11
-2.69377e-11
1.19786e-10
9.62996e-11
-1.13326e-11
-6.17436e-11
-4.09576e-11
-1.03975e-09
3.41556e-10
1.50324e-10
1.8347e-10
3.32485e-10
-5.60617e-11
-7.65028e-11
1.67646e-11
-2.96382e-12
2.45704e-12
-3.6794e-11
-8.17477e-11
-1.63004e-10
7.67185e-11
5.88048e-10
5.98736e-10
-6.58647e-11
7.90315e-11
-3.09664e-11
1.02704e-11
1.27166e-11
3.88652e-11
-6.90544e-11
1.48313e-10
-3.33248e-10
7.58446e-11
1.4769e-10
-1.29206e-10
7.0471e-11
-3.34527e-12
5.59562e-11
2.23124e-11
-2.79234e-10
-2.91963e-10
1.39776e-10
-5.59123e-11
-1.06937e-10
-3.74454e-11
-8.39006e-11
-6.79104e-11
2.99604e-11
1.11548e-10
1.3428e-10
1.11529e-10
1.39725e-10
3.62533e-11
3.4477e-11
4.3875e-11
-5.28518e-11
-7.19333e-13
-1.68821e-11
9.67327e-12
-5.72704e-12
-3.12924e-12
6.60421e-12
-8.05669e-12
4.55723e-12
-8.75589e-12
3.59207e-11
-1.46924e-11
2.01065e-11
-7.1772e-11
-2.64569e-12
-1.09473e-11
2.52734e-11
1.87191e-11
-2.64221e-11
-8.41675e-11
-1.383e-11
4.53382e-11
2.94821e-11
-6.02913e-12
-7.38891e-12
-2.01971e-11
2.35409e-11
-1.76973e-11
-3.51264e-11
-2.38115e-11
5.40713e-12
2.53685e-11
-5.19564e-12
-4.34528e-11
-4.3576e-11
-1.72538e-11
4.02618e-11
7.79571e-11
1.77893e-12
3.09399e-11
-8.1957e-11
3.08342e-11
-6.13591e-11
6.73805e-11
-7.74406e-11
5.35314e-11
-8.2906e-11
1.21154e-10
-8.16411e-11
7.6384e-11
1.78511e-12
-8.65509e-11
-3.63147e-11
-4.06749e-12
2.0378e-10
1.5268e-11
-2.30612e-10
1.28706e-10
-2.25155e-11
-2.59198e-11
4.69475e-11
4.76905e-12
-1.71211e-11
-8.23328e-13
-7.43928e-12
2.05993e-11
4.1648e-12
-9.93934e-12
-2.34137e-11
3.07951e-13
3.78864e-12
9.05387e-12
1.1793e-11
1.81841e-11
2.70996e-11
-2.55188e-12
-1.00772e-11
-2.93309e-12
-1.60766e-11
-1.49043e-11
-1.85355e-11
-4.23285e-12
3.68967e-11
-5.61602e-11
1.8358e-11
1.0226e-11
-2.4496e-11
9.6171e-12
2.29976e-11
9.11672e-11
-7.02988e-10
1.81107e-09
-1.61491e-10
-3.37873e-11
4.07432e-11
-3.75938e-11
-9.27472e-12
-6.49653e-12
3.4524e-11
-2.56359e-09
3.01906e-09
-7.71732e-11
4.15271e-12
-1.26028e-11
-1.78859e-11
4.72952e-13
-1.39913e-11
1.80791e-11
-3.44585e-09
1.41538e-09
1.1136e-10
-9.83699e-12
7.14477e-12
-5.01334e-12
1.52159e-11
-3.46421e-12
-1.00209e-10
-4.89005e-10
-1.64331e-10
-2.32913e-10
1.94468e-11
-1.15194e-11
-1.22341e-11
-2.72618e-11
-5.53877e-12
-3.69033e-11
1.14685e-10
1.00497e-10
-1.07322e-10
1.48124e-11
4.34297e-12
3.36439e-11
2.40763e-11
3.15079e-11
-8.13345e-11
5.30625e-10
-6.96795e-10
6.82441e-11
-7.71732e-11
7.60479e-11
-6.96671e-11
6.56616e-11
1.96976e-10
9.51061e-10
2.36028e-11
4.19824e-10
-2.45686e-11
-9.74004e-12
-5.96527e-11
5.51827e-13
-2.91893e-10
-1.50774e-12
9.69267e-11
-6.29581e-11
-1.86431e-10
-1.31956e-11
4.18315e-10
-4.5984e-10
1.11485e-10
-5.11237e-10
5.61641e-10
1.57719e-09
2.26e-10
-7.67163e-11
2.33995e-11
-1.89983e-12
1.87934e-12
-3.09075e-11
3.04791e-10
1.42849e-11
-4.23582e-10
-1.12296e-10
7.67336e-11
-3.73031e-11
1.38234e-10
-5.90156e-11
5.09051e-11
-1.8896e-10
-2.75381e-10
-1.46569e-10
-4.90824e-11
8.69426e-10
1.25923e-10
-2.37436e-10
3.21882e-11
1.31945e-10
3.06235e-10
8.43457e-10
2.5011e-09
-8.02916e-10
3.49358e-12
4.78186e-11
-1.07669e-11
1.26623e-10
-1.73958e-10
-1.12219e-09
1.24329e-10
-4.34901e-10
1.38175e-11
-1.48104e-11
7.62277e-11
-2.12151e-10
-8.2574e-11
1.43643e-11
-2.99646e-10
5.39636e-11
4.2878e-10
-2.68354e-11
4.75534e-11
-1.03155e-10
-7.19394e-11
1.15715e-10
6.11899e-11
4.93461e-10
2.95964e-10
-3.32458e-10
-6.35048e-11
-3.32511e-13
6.13147e-11
1.63341e-10
-1.17909e-10
7.40411e-11
-2.40645e-10
-4.61291e-10
9.03086e-11
1.83241e-12
-2.34215e-12
-1.9548e-11
-7.55367e-11
-1.13179e-10
-6.84429e-11
-3.6088e-10
3.24341e-10
1.02373e-10
1.00023e-11
-2.3044e-12
-2.44233e-12
3.08996e-11
5.22768e-12
8.26007e-11
-1.24667e-11
-2.47175e-11
-1.12785e-10
1.55338e-12
3.47302e-11
8.71498e-11
-8.28423e-12
-3.43395e-12
3.90009e-11
2.66806e-12
-1.74167e-12
9.76294e-12
-3.65275e-13
-1.21671e-11
-3.20837e-13
-1.68098e-11
4.08042e-12
7.43584e-12
4.17061e-13
-3.08679e-13
-1.58886e-12
1.28658e-13
3.12808e-12
-2.45325e-11
-7.6562e-12
-2.11226e-11
2.76907e-11
-2.83978e-11
3.84918e-12
-2.82309e-11
1.76767e-11
-1.70228e-10
2.97839e-11
2.55343e-11
-4.72423e-13
1.58993e-11
-6.56034e-12
-2.85035e-11
3.0372e-12
4.01515e-11
-4.84884e-12
-4.70216e-11
8.98759e-12
4.67972e-11
-1.02655e-11
-1.15852e-11
2.17732e-12
-5.85133e-12
4.24753e-13
1.42049e-11
2.94331e-13
-8.29265e-12
-6.02843e-12
-8.3824e-12
2.60492e-12
1.60406e-11
4.65907e-12
-1.71491e-11
-1.24426e-12
1.01099e-11
3.73437e-12
7.24621e-12
-1.80774e-12
-1.94654e-11
-4.34438e-12
1.37539e-12
1.23326e-12
9.13797e-12
-3.1094e-12
-2.64796e-11
5.3316e-12
5.27989e-11
-2.26448e-12
-3.88628e-11
4.20975e-12
3.56472e-11
3.71589e-12
-5.48258e-11
7.57686e-12
3.28771e-11
-4.78011e-12
-1.34922e-11
6.98947e-12
6.32782e-12
-6.92865e-12
-1.49738e-11
7.39878e-12
1.60873e-11
-4.89024e-12
-1.18476e-11
2.92417e-12
-6.64551e-12
-1.61133e-12
2.73512e-11
1.86098e-12
-2.31209e-11
-2.01237e-12
1.51503e-11
1.50845e-12
4.49206e-12
-3.98369e-12
-2.03123e-11
-2.63674e-12
1.95241e-11
-5.30455e-13
-3.78622e-11
1.85228e-11
2.61296e-15
-4.88188e-13
3.41645e-12
-2.00388e-12
8.8376e-12
-4.03057e-13
-1.22131e-11
2.3885e-12
9.51265e-12
-2.42484e-12
-5.90234e-12
6.81019e-13
-3.14561e-11
3.41857e-11
1.2037e-11
-4.22631e-12
1.19898e-11
-5.08978e-12
-3.42003e-11
8.6173e-12
2.14768e-11
-3.0691e-12
-9.01546e-12
2.6075e-12
6.93446e-12
-2.38418e-12
-2.6467e-12
2.61847e-12
-1.6344e-11
-8.28479e-13
1.00628e-11
-2.41732e-12
-9.30745e-12
-9.33566e-14
2.85596e-11
1.45347e-12
-1.83357e-11
2.98518e-12
2.06161e-11
2.73108e-12
-2.76008e-11
-1.29451e-11
-6.68147e-12
1.11256e-12
5.46248e-12
-2.5888e-12
3.56964e-12
-4.23907e-13
4.17834e-13
-2.79015e-12
9.57267e-12
-3.22616e-12
-1.07772e-11
3.28751e-12
-3.526e-12
3.1432e-13
1.29827e-12
2.00383e-12
6.49911e-12
-2.98786e-12
-1.87137e-11
2.63062e-12
1.15988e-11
-2.63085e-12
6.47574e-13
-1.13192e-12
7.19549e-12
4.44573e-13
-3.10737e-12
1.50384e-12
1.83383e-12
1.86553e-12
-1.09459e-11
2.00012e-12
-8.14804e-12
-4.75677e-12
1.40098e-12
-5.13838e-12
1.08476e-11
6.91978e-12
2.73591e-11
5.3583e-12
-1.5815e-12
-7.44197e-12
-3.20736e-11
-1.47926e-11
-2.29323e-11
2.44843e-11
1.40579e-11
4.66161e-14
-5.52319e-11
4.79203e-12
9.14202e-12
2.56357e-11
-1.28717e-11
6.41425e-12
3.36048e-11
1.17476e-11
2.97634e-11
1.27817e-11
-1.9212e-11
7.23653e-12
2.0033e-11
-2.58843e-11
-2.96926e-11
-5.7538e-12
-9.9269e-12
1.30295e-11
-1.43301e-11
1.07571e-11
-1.01346e-11
4.08043e-11
-3.12587e-11
-1.58809e-11
2.34636e-11
-2.16812e-11
6.06166e-11
-7.46779e-12
9.00072e-12
-2.18447e-12
-4.28977e-12
-7.72761e-12
-5.73014e-12
-1.61584e-12
-2.99716e-11
3.01813e-12
1.36262e-12
6.34771e-12
-1.1623e-12
-3.48606e-12
1.06151e-12
-1.65783e-11
6.32969e-12
-5.38547e-12
9.99507e-13
1.42786e-12
5.98425e-13
3.19684e-13
-2.85228e-12
9.04672e-12
-2.38995e-13
7.78532e-13
-1.96251e-13
9.70958e-15
1.21623e-13
2.73102e-13
-6.83799e-14
5.0483e-14
4.26664e-13
-9.01243e-13
-1.00216e-13
2.3144e-12
2.2934e-13
-8.24883e-13
2.24999e-12
3.13752e-12
-2.07173e-12
-1.88714e-12
6.87984e-14
1.90511e-12
-3.93523e-13
8.82337e-13
-6.60277e-13
-7.65657e-13
3.30995e-13
-3.01986e-13
8.19133e-13
-9.32772e-14
-1.41862e-13
-3.11596e-14
-1.52841e-13
-1.36363e-13
3.00572e-13
9.59067e-13
-3.64296e-12
-4.89466e-13
9.78125e-13
2.33433e-12
-7.8169e-13
-4.52837e-12
-5.47865e-12
4.79369e-12
9.09237e-14
2.99785e-12
-4.17736e-13
5.48555e-14
4.06061e-13
5.52406e-13
-1.78562e-13
1.01006e-12
-1.09669e-12
-1.08724e-12
4.26266e-14
-6.82969e-13
1.8707e-13
5.63577e-13
4.41355e-13
-2.54983e-12
1.08475e-12
3.1608e-13
-2.43966e-12
1.16123e-12
-3.05702e-13
-1.32928e-12
3.17155e-13
-2.38929e-11
1.33549e-11
5.78109e-12
3.84129e-12
4.21459e-13
1.9673e-12
-2.50404e-12
2.7402e-12
4.08828e-13
2.81442e-13
1.31017e-12
-4.96549e-13
-3.30961e-13
-7.83448e-13
-5.95331e-13
-1.97864e-12
2.78673e-12
1.28223e-12
5.82375e-12
4.85352e-12
3.26288e-12
-4.6287e-13
7.21062e-12
2.17674e-11
-1.741e-12
-3.11734e-11
-9.56567e-12
8.03923e-12
-1.83139e-13
8.76713e-13
1.19049e-12
-1.41442e-12
-2.57063e-12
2.64544e-12
3.23398e-13
-8.69265e-13
1.82677e-13
-5.91782e-13
-4.56539e-13
-5.42243e-13
2.27288e-12
-8.91481e-13
-2.70445e-12
-2.49942e-12
-5.34626e-12
3.19579e-12
-2.10226e-11
-1.44079e-11
3.57215e-11
2.15648e-11
1.43935e-12
-4.2821e-12
-3.87237e-13
5.84563e-13
6.77042e-13
-2.21007e-13
8.746e-13
-3.21662e-12
-1.57267e-12
-9.23031e-14
1.20888e-12
1.62284e-12
1.92968e-12
2.01951e-12
-4.0129e-12
-3.31974e-12
9.84552e-14
4.30681e-13
-3.62936e-12
5.73891e-12
4.61297e-12
-1.0313e-11
-2.55294e-11
4.229e-13
1.72371e-11
-5.99253e-12
1.5119e-14
-1.22066e-13
-1.17246e-12
5.35849e-13
-3.6919e-13
2.37528e-12
1.63777e-12
1.45701e-12
-1.97383e-14
5.41875e-13
-9.40252e-13
-3.7548e-12
2.66398e-12
-1.4674e-12
-2.34737e-12
2.29262e-12
-3.05681e-12
-1.03472e-11
8.60889e-12
1.61405e-11
3.58721e-12
-1.70578e-11
-1.40629e-11
-1.78821e-13
7.7161e-15
-1.24556e-13
-1.39213e-12
-3.9284e-13
1.73993e-12
-1.04346e-13
-1.94408e-13
-1.36524e-12
-9.76053e-13
-3.63273e-12
-8.72204e-13
6.29448e-13
-2.7923e-12
3.24537e-12
6.13971e-13
1.22907e-12
5.70691e-12
1.05152e-11
-1.96847e-12
-1.05031e-11
-4.06811e-12
1.66135e-11
2.93243e-11
-8.98467e-12
3.76728e-14
-2.45748e-13
1.533e-12
2.43358e-12
-4.39812e-13
-1.33303e-12
-5.71788e-13
-1.08331e-12
-9.84606e-13
2.59556e-12
4.09898e-13
3.6831e-12
3.87574e-12
2.40884e-12
4.61201e-12
1.37744e-12
3.47952e-13
-8.57092e-12
3.54571e-12
1.28886e-11
-2.40182e-12
-5.85421e-12
-2.24674e-11
1.5066e-11
-6.2426e-13
-4.7464e-13
2.68774e-13
-3.99013e-12
-2.33242e-12
1.76512e-12
9.38117e-13
3.54611e-12
3.40949e-12
1.19373e-12
2.02341e-12
-2.74196e-12
-2.32292e-12
-4.59002e-12
-6.41912e-12
-7.02956e-12
-3.49094e-12
-5.23945e-13
-1.62247e-11
-1.47707e-11
9.63574e-12
1.68821e-11
-4.84477e-12
-3.91732e-13
1.06052e-13
1.42416e-13
3.70355e-13
3.14033e-12
2.81196e-12
1.0026e-13
5.64162e-13
-2.49343e-12
-1.743e-12
-3.27837e-12
-1.73293e-12
-5.80677e-13
-2.47621e-12
4.09578e-12
1.10505e-12
5.50022e-12
5.75527e-13
5.22442e-12
1.7754e-11
1.04071e-11
-1.20093e-11
-1.91172e-11
1.46054e-11
-5.82174e-12
5.94024e-13
6.75501e-13
8.26634e-13
-3.19881e-13
1.0062e-14
-2.46801e-13
-1.54378e-12
-4.44022e-13
-1.71873e-12
2.35153e-12
-3.21396e-13
2.94216e-12
2.99238e-12
2.66037e-14
-6.52041e-13
-3.49848e-12
-7.21772e-13
-1.90921e-12
-1.09681e-11
2.63171e-12
8.46284e-12
-6.85357e-12
-1.13939e-11
3.46079e-12
2.25822e-12
1.03893e-12
-2.03218e-12
-1.08404e-12
-1.1935e-12
-1.12418e-12
1.75845e-13
1.94074e-12
2.43024e-12
-9.77591e-13
1.28882e-12
-3.19385e-12
-1.84497e-12
-2.87577e-12
3.05156e-12
1.7464e-12
5.52353e-12
7.3993e-12
4.55049e-13
-2.2644e-11
-1.00411e-11
-1.14509e-11
3.80003e-12
3.62011e-12
-1.04012e-11
-1.02295e-12
9.45545e-12
2.45966e-12
3.58174e-13
2.39113e-12
1.91003e-12
-1.19104e-12
-1.32261e-12
-6.56981e-13
-1.73136e-12
7.4363e-13
1.00892e-12
5.15945e-12
-3.91668e-12
6.43721e-12
-1.43506e-11
-1.16238e-11
-1.17275e-11
3.06594e-11
3.90701e-11
8.10947e-11
-1.59816e-11
-2.23609e-13
5.66254e-13
5.06992e-12
-4.79591e-12
-4.49156e-12
1.66501e-13
-1.66326e-12
-1.91093e-12
7.29371e-13
1.23893e-12
2.39484e-12
1.74463e-12
4.05361e-12
2.18457e-13
-4.03025e-12
1.75989e-12
-5.27602e-12
1.54295e-11
1.03053e-11
5.66054e-12
-8.7822e-12
-4.73753e-11
-6.48616e-10
2.77532e-10
1.31537e-11
-2.63038e-12
5.73657e-12
-8.08015e-12
2.41882e-12
8.33945e-13
-2.06595e-13
9.10885e-13
-1.78669e-13
-9.32877e-13
-7.24817e-13
-2.99484e-13
-5.74977e-12
-6.90389e-13
-2.43064e-12
2.62701e-12
-5.07263e-14
-3.42441e-12
-1.2443e-11
1.48582e-11
-1.77793e-12
8.48115e-12
-4.68743e-11
5.42375e-12
-4.75495e-13
7.7294e-13
-9.73182e-12
-1.89498e-10
2.77501e-12
-6.1664e-13
2.80583e-12
3.36712e-13
1.64414e-13
-4.28978e-13
-2.1475e-12
-2.05334e-12
1.40978e-12
-1.70909e-12
1.71657e-12
-1.25759e-11
-6.88457e-12
-2.47004e-11
2.15232e-11
-2.40174e-11
-1.03737e-11
2.00355e-11
1.70804e-12
3.34372e-11
-8.49292e-12
1.72437e-12
-1.34257e-10
1.25712e-10
-4.31538e-12
3.27055e-13
-2.98053e-12
-1.14271e-12
-6.14318e-14
8.88296e-13
7.02497e-13
1.67071e-12
1.9283e-12
1.15525e-12
6.06117e-12
2.92892e-11
1.22573e-11
5.03037e-11
1.60382e-13
-2.67507e-11
3.34926e-11
7.9787e-12
-7.41279e-11
-3.13369e-11
6.8501e-12
-1.00128e-12
-1.38173e-11
6.32207e-11
-1.19566e-11
2.49176e-13
4.97071e-13
1.5933e-12
-6.48749e-13
-7.74244e-13
2.45042e-12
-2.89774e-14
-2.33205e-13
3.07169e-12
-1.76842e-12
-1.45006e-11
5.41442e-12
-2.67971e-11
-3.37709e-11
3.65986e-11
-1.68904e-11
3.8971e-12
8.73889e-11
2.67923e-11
-1.80549e-11
1.2732e-12
-1.65042e-12
-2.77651e-13
1.41181e-12
-6.83102e-13
-7.55785e-13
2.72192e-13
-6.56327e-12
-5.11188e-13
-3.05457e-12
2.00208e-12
1.4264e-12
1.17156e-12
3.3724e-12
-4.43352e-12
-1.83958e-13
-9.88782e-13
4.57916e-13
-2.61182e-13
-8.00466e-14
2.93602e-13
-7.7212e-14
-4.85351e-14
-4.90515e-14
-1.06649e-13
1.54179e-13
4.14946e-14
8.26899e-14
3.25374e-14
-2.74174e-13
-7.06966e-14
-4.38076e-14
-2.34179e-13
5.52631e-14
1.43586e-13
-5.19846e-14
3.21369e-14
-1.13921e-12
-4.96023e-13
3.56447e-14
4.03857e-13
-3.62036e-13
1.9713e-12
1.16316e-12
-5.91171e-12
2.936e-14
1.60869e-12
8.2798e-13
-7.27774e-13
8.03943e-13
1.47768e-12
1.25166e-12
1.31382e-12
-1.24141e-12
-1.97894e-12
1.42262e-12
7.21322e-13
1.26106e-13
-1.4096e-12
2.54513e-13
5.69165e-13
-2.53667e-12
2.49526e-14
-2.84604e-13
-5.97365e-12
7.98968e-13
1.29171e-13
-2.47544e-13
-1.47323e-12
4.35527e-13
2.41725e-12
2.00272e-13
-5.27624e-13
6.67072e-12
7.77098e-13
-6.80319e-13
7.21325e-12
4.64959e-13
5.12796e-13
-3.92217e-12
-1.53649e-12
1.57756e-12
-6.8607e-12
-1.24874e-12
1.1407e-13
4.02456e-12
-2.29266e-13
-5.91453e-13
4.75748e-12
2.06773e-12
-3.02104e-12
-5.1438e-12
3.37927e-12
-4.65115e-12
-5.74217e-12
9.57443e-13
6.23188e-13
8.62913e-12
-3.50249e-12
4.58074e-12
-5.54377e-12
-5.90558e-12
3.38065e-12
-2.28311e-12
1.77559e-12
-5.77103e-12
1.6586e-12
6.00261e-12
-9.27506e-13
5.67838e-12
-2.84933e-12
-9.68769e-13
-8.04432e-12
3.33175e-14
1.61173e-12
-1.96189e-12
-1.8528e-12
5.1326e-13
3.00762e-12
-1.99842e-12
-1.09899e-12
-3.54842e-12
4.75886e-13
-1.84953e-13
1.10885e-12
2.05123e-13
-6.31389e-13
6.31402e-13
-3.1922e-13
4.04672e-13
-2.61218e-13
6.59407e-14
3.7079e-14
1.63228e-13
3.57545e-13
-3.50308e-13
1.36693e-13
2.7077e-14
-6.35692e-14
-7.12669e-13
-1.85412e-13
1.8474e-13
-7.20514e-13
3.82199e-13
-2.18332e-13
-5.92172e-13
-2.67741e-13
6.39596e-13
-8.46827e-13
-1.00141e-12
7.68814e-13
-4.7877e-13
-3.46557e-13
-1.95523e-13
1.19787e-12
-1.29492e-12
2.05336e-12
-2.96919e-13
1.54712e-13
-2.04466e-12
6.59609e-13
4.41626e-12
-1.49258e-12
-1.57221e-12
-6.49251e-12
-1.16623e-12
4.83099e-12
1.48396e-12
7.49201e-13
-6.09642e-13
-8.4119e-13
1.1624e-12
5.09391e-13
-2.57055e-12
6.82046e-13
-7.84087e-13
8.06024e-13
-4.96031e-12
-1.13469e-12
1.30566e-12
1.64884e-12
-2.50607e-12
1.76419e-12
-1.16517e-12
-3.82723e-13
-4.10642e-13
2.71106e-13
6.94898e-14
-9.85212e-14
1.56721e-12
-9.85993e-14
-7.09043e-13
-3.70498e-13
-2.53991e-13
-4.85427e-13
-1.01141e-13
-2.48298e-13
-1.39286e-13
1.27909e-13
-4.97003e-13
-5.14684e-13
-3.23242e-14
-4.55296e-13
-4.86207e-13
-5.38445e-13
3.98222e-13
3.73719e-13
8.25458e-13
3.76155e-14
-8.86849e-15
1.43523e-13
-9.80423e-13
-1.72919e-13
1.26902e-13
-2.52769e-13
-4.56937e-13
3.2378e-13
3.1537e-15
9.1098e-13
1.20815e-12
-2.60812e-12
9.18819e-13
-2.71119e-12
1.00189e-12
-1.78546e-12
-4.84955e-13
-5.13932e-13
-5.30738e-13
-2.47844e-12
3.07202e-12
-5.08888e-12
2.10401e-12
1.48174e-12
4.09314e-12
3.02878e-12
6.93723e-13
2.59909e-12
1.04323e-12
-1.89508e-12
2.94289e-12
-1.26653e-12
2.09341e-12
4.07177e-13
1.43398e-12
-4.29179e-12
4.75623e-12
-4.32816e-12
5.0691e-12
-4.23467e-12
3.74673e-12
1.30018e-12
6.10068e-14
-1.00494e-13
-6.21909e-14
1.37262e-12
-4.05295e-13
-1.29409e-12
1.67144e-13
-7.00547e-12
6.95473e-12
2.97476e-13
2.52305e-13
1.07714e-13
5.99363e-13
-5.76882e-14
-1.20175e-12
2.75549e-13
-8.97902e-13
-9.7239e-12
-2.41876e-13
-2.25715e-13
8.24265e-13
-1.00897e-12
6.68139e-13
-9.13965e-13
-5.80421e-13
1.29609e-12
6.55931e-12
3.1924e-13
1.90354e-13
1.86865e-13
3.07216e-12
2.90835e-13
-6.62227e-13
6.02917e-12
1.37807e-12
-1.04558e-11
5.67227e-13
-2.50423e-13
-3.35887e-13
-3.59802e-12
-1.82274e-12
3.0443e-13
-7.42375e-12
2.68742e-13
-8.37897e-12
-9.61515e-13
-1.39046e-13
-3.35033e-13
3.1526e-12
4.04526e-12
2.12636e-13
-9.61169e-12
7.65509e-12
7.22239e-12
8.8877e-13
8.88754e-13
3.82852e-13
-1.66146e-12
-3.7358e-12
-6.19487e-13
3.9956e-12
-1.22138e-11
5.81193e-12
-1.27401e-12
4.63407e-13
4.8769e-14
1.1375e-12
6.4205e-13
4.48189e-13
5.45933e-12
-9.55318e-12
8.18616e-13
-5.83246e-13
-2.55845e-13
-2.76109e-13
3.62381e-12
-1.45198e-12
-2.69714e-13
7.62078e-12
1.52636e-12
-2.22326e-13
2.36489e-12
-4.63143e-12
1.60744e-12
-5.71408e-12
1.21483e-12
-1.75883e-12
-8.42201e-12
9.66768e-12
1.368e-12
-9.85242e-13
1.13326e-12
-9.76423e-13
4.10851e-12
4.5102e-12
9.32185e-13
-1.06274e-11
1.71495e-12
1.22723e-11
1.57585e-11
1.74848e-11
-2.61158e-12
-5.02539e-12
-1.10426e-11
-1.20909e-11
1.88416e-11
-6.48111e-10
8.00439e-10
-7.27198e-12
4.67119e-12
2.21273e-12
7.67872e-12
1.00851e-12
-9.1512e-12
1.57839e-10
-1.42927e-12
6.66827e-12
8.60768e-12
6.92237e-12
1.56013e-12
1.99824e-12
1.64675e-11
-4.47015e-11
-1.56203e-11
3.27892e-11
3.03604e-12
9.70996e-12
-4.38375e-12
-4.54805e-12
1.22015e-11
7.07791e-11
1.15528e-10
1.6644e-11
-2.24896e-11
9.17943e-12
9.55087e-13
5.87872e-13
1.32865e-13
2.72406e-12
-1.16101e-11
1.75194e-11
-2.88155e-12
2.14342e-12
2.485e-12
-2.42436e-12
1.28261e-12
6.55866e-12
-8.16666e-12
2.16576e-12
-8.91982e-12
2.16838e-11
-4.01497e-11
4.51895e-12
-1.04979e-12
3.02719e-11
-2.11126e-10
-5.55117e-13
1.433e-12
1.72047e-12
-8.58636e-13
1.34045e-12
1.98495e-12
-1.17378e-10
1.67305e-10
2.68229e-12
-3.05395e-12
-1.15512e-12
-9.09742e-13
-9.78842e-13
2.92043e-12
-8.40502e-13
-1.86993e-12
5.70342e-12
-4.63076e-13
5.69652e-12
-5.48252e-12
2.29811e-11
3.4118e-11
7.38708e-11
1.32885e-12
2.41628e-12
-1.39273e-11
-1.00907e-11
-4.1444e-12
4.28131e-12
-1.43889e-13
-1.47285e-13
-5.3667e-13
-1.39555e-13
1.09574e-12
6.59847e-13
4.74354e-13
1.40529e-13
-1.45969e-13
-3.60493e-13
-1.25161e-12
-4.36774e-13
2.17702e-13
4.44758e-13
-4.70495e-13
-9.98172e-13
2.16119e-12
6.26781e-13
6.14422e-13
-3.02688e-13
-2.83904e-12
-1.16356e-13
-7.51564e-14
8.98038e-14
2.15886e-12
-8.84717e-13
-4.49887e-12
6.13696e-13
2.95477e-12
-5.85898e-13
-2.08311e-12
8.66037e-13
1.07798e-12
-3.76215e-13
-8.23422e-13
1.2113e-12
-1.15136e-12
-2.37564e-12
-2.26597e-13
2.2325e-14
2.39893e-13
2.567e-13
-4.49387e-13
-2.37431e-13
-4.87965e-13
-5.38938e-13
-2.21607e-13
1.78668e-13
-1.04287e-12
3.99855e-13
-4.57589e-13
6.14019e-13
3.38105e-12
-5.72855e-14
-3.61801e-12
3.00473e-13
-5.34237e-13
-1.95064e-13
1.48672e-14
1.11135e-13
2.68659e-12
7.657e-14
1.15048e-12
-3.49006e-13
-4.56394e-13
-2.53846e-13
-3.63811e-12
2.18539e-12
-2.08398e-12
-4.3619e-13
1.03285e-12
2.90284e-13
-3.98244e-12
1.11355e-12
6.84712e-12
-2.19288e-12
-4.97435e-12
1.63959e-12
1.1562e-13
1.72094e-13
4.29629e-14
-4.05409e-14
-2.90027e-14
6.20175e-14
-1.18958e-13
-8.85262e-15
9.5034e-14
1.10324e-14
-2.29083e-13
-3.88313e-14
5.33129e-15
8.41408e-14
7.20405e-14
1.0271e-14
7.35219e-14
-1.18533e-13
2.93098e-14
-1.07511e-13
-9.86054e-14
-5.72656e-14
1.86312e-13
4.17339e-14
-3.20201e-13
3.18282e-13
-1.49933e-13
3.12379e-13
7.19648e-13
-2.72173e-13
1.4514e-13
-4.74889e-13
1.15464e-12
-1.67607e-13
-1.55292e-12
8.0758e-13
1.45599e-12
-5.45355e-13
-4.04965e-13
-7.08484e-14
8.08623e-14
8.78186e-15
1.44527e-13
9.47036e-14
1.33905e-14
-3.36064e-14
-2.10142e-14
1.01655e-13
2.99139e-13
-4.81947e-14
4.24667e-14
-7.33836e-14
3.22208e-14
-4.05698e-14
-1.68989e-13
2.54791e-14
-2.19327e-13
1.16791e-13
-8.50636e-14
6.15672e-14
-2.75898e-14
5.45038e-14
8.82777e-14
-1.45538e-13
8.21236e-13
-3.71424e-13
4.76081e-13
-1.86521e-13
1.75203e-13
2.33828e-13
-1.13455e-12
7.9188e-13
9.31186e-13
-6.2723e-13
5.04709e-13
-4.02776e-13
-8.15391e-13
1.36137e-13
2.1242e-13
2.83281e-13
-6.38484e-13
-7.66833e-14
9.87353e-13
-5.93574e-13
2.27815e-12
-1.91705e-13
5.9759e-10
-2.48032e-10
-7.71453e-10
-5.26922e-10
-1.65695e-10
-2.5832e-10
-4.1691e-10
-3.93881e-10
-1.18919e-10
-1.86736e-11
3.88379e-11
4.16956e-10
3.63388e-10
1.69579e-10
-6.19855e-10
9.1813e-11
-1.35904e-10
9.22205e-11
-9.9948e-11
6.56851e-11
3.17904e-10
-5.39089e-10
1.09466e-10
-1.98651e-10
1.20283e-11
-2.59373e-10
-1.05932e-09
4.51198e-10
-8.55624e-10
-1.86347e-10
9.89722e-11
-1.60287e-09
1.93834e-10
-2.55905e-10
4.25734e-10
4.00962e-10
1.98346e-10
-1.47876e-09
-1.29666e-09
-1.45061e-10
-4.47082e-10
1.58625e-10
2.46868e-10
6.14716e-10
2.45404e-10
-4.39863e-11
-1.95864e-10
-4.35504e-10
-7.39572e-11
-2.58951e-11
1.34929e-09
3.9588e-11
1.6585e-10
1.07937e-12
-1.9148e-10
2.48727e-10
-2.29444e-11
-3.30828e-10
-2.98846e-10
-3.54433e-10
3.92093e-11
-4.45681e-11
-1.11031e-10
1.90007e-10
4.1396e-10
4.65391e-10
2.1284e-10
-8.47453e-10
-1.38301e-10
2.15397e-11
1.59934e-09
7.06503e-10
-2.20328e-10
1.53669e-10
4.31267e-11
2.4114e-11
6.24916e-12
3.2949e-11
1.98417e-10
-7.74143e-11
1.89081e-10
9.29827e-11
-4.72681e-11
-1.4755e-10
5.82522e-10
1.44983e-10
2.18747e-10
-1.35158e-10
1.70137e-10
7.49071e-11
5.03684e-11
-1.03198e-10
-5.86112e-10
-5.31362e-10
-1.27118e-11
1.85323e-10
-2.53993e-10
1.60674e-10
-8.47094e-11
-1.25894e-10
-8.35852e-11
-3.47664e-10
-4.30263e-10
1.03984e-09
-7.10201e-11
-6.53703e-10
5.31179e-11
-2.35774e-10
1.26218e-09
4.38878e-10
1.88017e-10
1.70652e-10
-1.17904e-10
2.49079e-11
2.883e-10
1.49211e-10
-3.44267e-11
-1.07026e-11
6.36879e-11
6.98126e-10
-2.73094e-10
-3.10049e-10
-1.18787e-10
-2.33896e-10
-3.51538e-10
-2.48417e-10
-1.17794e-09
1.70989e-09
6.27416e-10
8.91878e-10
-1.56887e-10
8.60404e-12
-2.56074e-10
1.31648e-09
1.94704e-10
-1.94875e-10
1.72484e-10
-1.68575e-12
-2.27586e-11
2.4649e-10
7.42803e-11
3.72455e-10
-3.47477e-10
5.96434e-12
-1.5497e-10
1.95597e-10
1.21177e-09
-3.2485e-10
5.80707e-10
7.32059e-10
-4.95294e-10
5.88046e-11
1.53241e-10
7.70028e-12
-6.73649e-10
3.56819e-10
1.06869e-10
7.20627e-11
2.83075e-11
-5.11259e-11
-8.46841e-12
-1.58564e-10
4.04932e-11
6.64289e-11
5.50129e-12
2.6936e-11
-1.73886e-11
1.10977e-11
1.33445e-11
-4.10239e-12
2.27253e-13
-5.65054e-10
5.49152e-10
8.77922e-11
-5.01229e-10
7.21267e-10
-9.31201e-10
4.13622e-10
1.91846e-10
1.07028e-09
-9.33826e-11
)
;

boundaryField
{
    inlet
    {
        type            zeroGradient;
    }
    outlet
    {
        type            zeroGradient;
    }
    wall
    {
        type            zeroGradient;
    }
    empty_zmin
    {
        type            empty;
    }
    empty_zmax
    {
        type            empty;
    }
    procBoundary0to1
    {
        type            processor;
        value           nonuniform List<scalar> 
39
(
7.94485e-11
3.04487e-10
1.57088e-10
-1.58953e-10
-1.12283e-10
-4.52594e-11
-5.6481e-11
7.86341e-11
-1.47397e-10
6.98391e-11
-1.48032e-11
-1.31036e-11
6.93425e-12
-3.77558e-10
-3.82064e-10
7.62177e-10
-2.09299e-10
2.01531e-10
-3.17971e-10
-2.10843e-10
1.6157e-10
-3.77558e-10
1.21198e-09
-4.48283e-09
-4.20275e-10
2.24129e-09
1.33819e-09
-3.49346e-10
-3.49346e-10
-8.51864e-10
-2.98804e-09
-9.2362e-11
-1.24051e-11
-6.57642e-11
-3.69001e-10
1.48469e-10
-1.6856e-10
1.46747e-11
-8.5045e-12
)
;
    }
}


// ************************************************************************* //
