/*--------------------------------*- C++ -*----------------------------------*\
| =========                 |                                                 |
| \\      /  F ield         | OpenFOAM: The Open Source CFD Toolbox           |
|  \\    /   O peration     | Version:  2406                                  |
|   \\  /    A nd           | Website:  www.openfoam.com                      |
|    \\/     M anipulation  |                                                 |
\*---------------------------------------------------------------------------*/
FoamFile
{
    version     2.0;
    format      ascii;
    arch        "LSB;label=32;scalar=64";
    class       volScalarField;
    location    "0.96";
    object      p;
}
// * * * * * * * * * * * * * * * * * * * * * * * * * * * * * * * * * * * * * //

dimensions      [0 2 -2 0 0 0 0];

internalField   nonuniform List<scalar> 
2367
(
0.660858
0.42467
0.2644
0.187793
0.164436
0.155927
0.201472
0.219941
0.0493266
0.206771
0.0468699
0.0380892
0.219751
0.220959
0.0492471
0.0500207
3.56582
3.36654
2.96419
2.44052
1.88405
2.16314
2.50699
2.92784
3.35361
3.5497
1.49048
1.53585
1.60024
1.2333
1.25338
1.38003
1.53854
1.75891
0.93248
0.968717
1.00971
1.17505
1.45496
1.81943
2.33604
2.79968
3.35065
3.74495
3.82317
3.62763
3.12727
2.38849
1.73873
0.958386
0.543245
0.552383
0.514967
0.685448
0.898695
1.29291
1.76149
2.55304
3.3404
3.99165
4.08109
3.7052
2.90065
1.92988
1.05914
0.185536
-0.10351
-0.268814
-0.297936
-0.296862
-0.295706
-0.275502
-0.149664
-0.139025
0.0711125
0.0560175
-0.0652426
-0.0430292
0.0515004
0.382906
1.08995
1.66021
-0.171184
-0.69816
-1.12984
-1.09895
-1.02958
-0.885583
-0.772639
-0.706616
-0.59175
-0.547494
-0.476723
-0.540653
-0.782239
-0.97114
-0.877674
-0.934462
-0.678764
-3.01968
-2.38701
-2.18692
-1.80301
-1.51233
-1.30308
-1.17272
-1.01718
-0.973476
-1.05067
-1.18846
-1.58961
-1.71827
-2.18643
-3.11063
-4.42191
-3.3126
-2.64798
-2.12244
-1.83182
-1.65661
-1.47574
-1.39121
-1.62245
-1.81375
-2.39855
-2.7091
-3.54138
-6.49301
-4.41862
-3.33444
-2.73552
-2.38206
-2.09916
-1.89594
-1.79752
-2.11844
-2.36921
-3.00776
-3.46924
-4.49174
-7.2007
-5.08153
-3.83396
-3.18692
-2.79358
-2.499
-2.27134
-2.14824
-2.50514
-2.78232
-3.36558
-3.86026
-4.67392
-6.82933
-5.36168
-3.96718
-3.55743
-3.09242
-2.74131
-2.55245
-2.42389
-2.72181
-2.95828
-3.45981
-3.95724
-4.76695
-6.05363
-5.05601
-4.061
-3.59335
-3.18378
-2.91624
-2.73453
-2.60475
-2.74714
-2.93805
-3.36905
-3.8459
-4.57147
-6.64864
-4.80259
-3.92214
-3.47034
-3.13356
-2.90991
-2.798
-2.67576
-2.65162
-2.82406
-3.09497
-3.53736
-3.85373
-4.43286
-5.01769
-4.3123
-3.63959
-3.3218
-3.05039
-2.84982
-2.74247
-2.65911
-2.46805
-2.58521
-2.69067
-2.85931
-2.90189
-2.86225
-2.50005
-2.91053
-3.34204
-3.44221
-3.32044
-3.12902
-2.92026
-2.7537
-2.68734
-2.5799
-2.22564
-2.27552
-2.26345
-2.31369
-2.38069
-2.60417
-2.4221
-2.34566
-2.73971
-2.72417
-2.69496
-2.94306
-3.0282
-3.01108
-2.90639
-2.75472
-2.63495
-2.5826
-2.49368
-1.94778
-1.95834
-1.89959
-1.94717
-2.06885
-2.37433
-2.40199
-2.31909
-2.39796
-2.66822
-2.88437
-2.99196
-2.89935
-2.75365
-2.75634
-3.01586
-2.80751
-2.81648
-2.77099
-2.68332
-2.57757
-2.49862
-2.46364
-2.38357
-1.65982
-1.64783
-1.57779
-1.61464
-1.66263
-1.80816
-2.05895
-2.2069
-2.40916
-2.60638
-2.9546
-2.99148
-2.95188
-2.82356
-2.82621
-2.93917
-2.78088
-2.70688
-2.58222
-2.48453
-2.39448
-2.33394
-2.33391
-2.30876
-1.32383
-1.71558
-2.00589
-2.35551
-2.75069
-3.07473
-3.25884
-3.1971
-2.99629
-2.97042
-2.90437
-2.78024
-2.5906
-2.42261
-2.28823
-2.20207
-2.16652
-2.1888
-2.1896
-0.891955
-1.35933
-1.80715
-2.38795
-2.91105
-3.46862
-3.65129
-3.58151
-3.32099
-3.28323
-2.94411
-2.70405
-2.46075
-2.26258
-2.10994
-2.01754
-1.9847
-2.02121
-2.05572
1.47965
1.36572
1.22632
1.08597
0.926949
0.740899
0.54181
0.317963
2.91392
2.72401
2.16698
3.70371
3.18146
4.0631
4.03617
3.32597
2.42445
2.07271
1.48061
0.942886
1.61225
-0.334193
0.0734229
-0.183099
1.30188
0.767468
0.19862
0.194641
-0.397219
-1.61268
-1.02667
-0.762389
-0.459576
-0.734625
-0.888893
-1.81389
-2.05699
-2.65593
-2.66185
-3.96834
-4.12218
-1.18525
-1.01913
-1.30465
-3.89392
-5.17742
-6.08079
-1.60001
-1.57208
-1.83091
-4.46138
-5.09931
-4.09745
-5.12702
-5.65176
-7.04297
-1.98379
-2.06381
-2.2691
-5.44216
-5.42574
-4.65517
-5.93236
-5.93932
-7.05998
-2.29552
-2.43625
-2.56217
-5.28967
-5.27332
-4.78536
-5.98042
-5.78543
-6.45631
-2.52314
-2.64771
-2.69026
-5.30495
-5.66905
-4.66761
-5.56239
-5.36854
-6.11418
-2.65
-2.69036
-2.66093
-6.07534
-6.38694
-2.67269
-2.60505
-2.52544
-2.94937
-3.19354
-4.87956
-3.63623
-3.23511
-2.62615
-2.43088
-2.3239
-2.41034
-2.44594
-2.90187
-2.79776
-2.75791
-2.53643
-2.2052
-2.08289
-2.36404
-2.35714
-2.34736
-2.47326
-2.41956
-2.61163
-2.98175
-2.80643
-2.89313
-2.72061
-2.7327
-2.74352
-2.4331
-1.95235
-1.81527
-2.34788
-1.6738
-1.52652
-2.2519
-2.12708
-1.96713
1.50589
1.39388
1.37861
1.58463
1.44436
1.40852
1.2492
1.11676
1.09618
1.31279
1.18314
1.13504
0.949348
0.773402
0.754321
1.03525
0.810164
0.791106
3.06937
3.03223
2.69933
3.59787
3.68243
3.39262
3.8058
3.9555
3.87922
3.75467
3.90355
3.97591
3.38538
3.39738
3.69239
2.86709
2.70598
3.02474
2.15291
1.85215
2.23748
1.23829
1.09969
1.54653
0.545519
0.323293
0.318825
0.564614
0.329454
0.326255
2.1201
1.84792
1.46285
0.753895
0.253804
0.596399
-0.150832
-0.348215
-0.370915
0.0643231
-0.199543
-0.19693
0.0830276
-0.234795
-0.216624
0.694392
0.0658071
-0.230242
-0.964394
-1.73781
-1.67571
-0.565137
-0.774843
-0.804423
-0.496584
-0.791216
-0.756023
-0.562854
-0.923781
-0.858525
-0.931682
-1.77889
-1.52804
-2.20831
-2.98582
-3.39502
-0.993291
-1.20601
-1.23926
-1.10162
-1.39806
-1.34206
-1.27563
-1.61272
-1.49857
-1.89763
-2.47246
-2.23265
-2.62521
-3.60396
-2.86683
-3.76811
-4.49654
-5.54465
-2.9918
-3.52782
-3.92821
-1.42837
-1.64064
-1.69527
-1.70103
-1.97044
-1.8807
-1.95443
-2.26519
-2.10201
-3.00848
-3.48018
-3.14012
-3.96663
-4.31591
-4.8151
-1.83546
-2.02303
-2.08251
-2.219
-2.43535
-2.33218
-2.54484
-2.80182
-2.60358
-3.85112
-4.05688
-3.69534
-4.56808
-4.80531
-5.33791
-2.18726
-2.34568
-2.42786
-2.61142
-2.74032
-2.6367
-3.01037
-3.11516
-2.88681
-4.26322
-4.34823
-3.90892
-4.73639
-4.66673
-5.18316
-2.47722
-2.57846
-2.65789
-2.82484
-2.84773
-2.74917
-3.15607
-3.161
-3.0002
-4.3082
-4.29859
-3.97528
-4.67345
-4.61803
-4.96876
-2.65314
-2.70306
-2.79243
-2.82702
-2.79251
-2.71412
-3.11427
-3.05313
-2.90668
-4.28594
-4.06216
-3.72923
-6.29157
-5.82888
-4.32638
-5.16276
-4.83407
-6.06286
-4.45063
-4.29067
-4.58415
-2.72931
-2.71928
-2.78009
-2.72362
-2.63085
-2.56817
-2.95894
-2.82757
-2.71687
-4.49378
-3.3879
-3.31329
-4.41513
-3.90025
-3.93051
-4.06597
-3.79889
-3.95372
-2.68899
-2.6695
-2.72186
-2.52086
-2.39158
-2.35339
-2.67288
-2.50323
-2.44195
-2.90484
-2.65235
-2.63566
-2.5662
-2.47945
-2.67668
-3.29279
-3.14188
-2.85506
-3.41853
-3.1734
-3.14098
-2.62808
-2.57778
-2.63584
-2.24804
-2.09832
-2.08977
-2.31788
-2.14316
-2.11699
-2.45491
-2.58702
-2.46215
-2.35761
-2.37591
-2.4729
-2.80885
-2.80224
-2.75107
-3.05126
-2.85621
-2.86472
-2.53609
-2.47382
-2.52965
-1.95145
-1.80152
-1.80378
-1.97663
-1.81715
-1.80545
-2.32559
-2.27406
-2.22823
-2.31599
-2.3152
-2.26973
-2.46109
-2.4807
-2.38533
-2.78214
-2.7157
-2.59716
-2.97209
-2.93279
-2.83911
-2.95983
-2.94702
-2.96383
-2.81916
-2.84521
-2.91009
-2.7313
-2.75898
-2.79866
-2.79209
-2.8077
-2.77252
-2.41744
-2.36982
-2.40279
-1.65167
-1.50346
-1.51324
-1.65683
-1.50406
-1.49975
-2.49962
-2.49697
-2.34629
-2.7342
-2.77074
-2.65607
-2.98286
-3.10089
-3.11188
-2.89877
-2.97827
-3.05398
-2.31341
-2.25013
-2.26432
-2.18465
-2.11204
-2.10949
-2.03011
-1.94061
-1.93271
-3.21786
-3.47685
-4.47135
-4.47749
-0.955848
-1.13029
-2.52186
-2.51457
1.60087
1.53038
-2.37068
-2.36925
3.98837
3.9882
4.11231
4.12023
-2.95337
-2.9804
3.65507
3.64468
-3.05121
-3.06741
2.75678
2.73854
-2.7564
-2.76062
-7.38156
-7.86855
-8.06468
-8.40717
-7.3136
-7.44374
-5.95157
-6.00257
-6.33757
-6.39282
-0.135791
-0.134727
-0.543731
-0.542644
-0.9687
-0.96769
-1.38323
-1.38155
-1.79111
-1.7902
-2.13983
-2.13834
-2.4097
-2.40732
-2.59063
-2.58922
-2.65701
-2.6572
-2.64502
-2.64655
-2.56109
-2.56352
-2.47131
-2.4735
-2.36989
-2.37254
-2.30721
-2.30736
-2.18678
-2.18786
-2.05783
-2.05718
-5.87265
-6.19737
-5.94239
-6.11963
-5.45642
-5.51142
-5.40526
-5.45374
-2.1741
-2.3561
0.689751
0.577199
-2.41432
-2.41308
2.55731
2.54136
3.11004
3.08134
3.64933
3.64987
4.08591
4.09363
-2.64493
-2.65041
4.05898
4.06276
3.29216
3.29067
1.92293
1.84876
-7.92629
-8.16196
-6.74793
-6.8165
-0.330211
-0.329497
-0.75766
-0.756311
-1.18157
-1.18011
-1.58991
-1.58875
-1.97427
-1.97426
-2.28411
-2.28233
-2.50878
-2.50704
-2.63699
-2.63661
-2.65768
-2.65883
-2.61171
-2.61304
-2.51499
-2.51753
-2.41862
-2.42097
-2.34057
-2.34092
-2.24908
-2.25066
-2.12801
-2.12795
-1.97335
-1.97212
1.4782
1.47861
1.22555
1.22598
0.928466
0.929204
0.545924
0.547311
0.0800898
0.0821229
-0.453777
-0.45204
-1.00745
-1.00533
-1.55755
-1.55515
-2.05282
-2.05175
-2.41653
-2.41303
-2.62669
-2.62347
-2.67538
-2.67603
-2.59142
-2.5926
-2.41512
-2.41678
-2.19105
-2.19331
-1.94747
-1.94839
-1.67335
-1.67377
-5.05804
-5.48312
-4.20772
-4.4631
-5.82363
-6.08125
-5.76212
-5.8792
-5.11533
-5.13767
-6.19986
-6.17544
-6.1065
-6.14887
-2.42865
-2.43253
-2.91698
-2.92739
1.26672
1.2028
0.0492435
-0.0849801
-1.25028
-1.4356
-3.01924
-3.29848
-2.909
-2.9098
-4.58546
-4.88558
-5.48819
-5.86775
-4.89511
-4.93189
1.36571
1.36599
1.08602
1.08708
0.740716
0.741617
0.321913
0.32302
-0.174259
-0.172835
-0.724774
-0.7226
-1.29201
-1.28974
-1.81161
-1.81146
-2.24843
-2.24638
-2.54262
-2.53961
-2.66927
-2.66815
-2.64827
-2.64921
-2.51038
-2.51189
-2.30791
-2.3099
-2.07274
-2.0743
-1.81309
-1.8139
-1.528
-1.52825
-3.04346
-3.01663
-2.37505
-2.37342
-2.50268
-2.51181
-2.84601
-2.86949
-3.02457
-3.04616
-3.0141
-3.02696
-2.84011
-2.84712
-2.7361
-2.73931
-2.75628
-2.75679
-3.34955
-3.35624
-6.47801
-6.80965
-7.69934
-8.26439
-5.68664
-5.72984
-6.60415
-6.58621
-1.36684
-1.34684
-1.25989
-1.2726
-1.28094
-1.07881
-1.05394
-0.941733
-0.930042
-0.937761
-1.38043
-1.23183
-1.08761
-0.955807
-1.35627
-1.2127
-1.22104
-1.34851
-1.20184
-1.20293
-1.06895
-0.926502
-0.942762
-1.05248
-0.899423
-0.906334
-1.38166
-1.382
-1.089
-1.09035
-1.23375
-1.23458
-0.957576
-0.958517
3.05652
3.05549
2.9588
2.75246
2.45748
2.19471
3.29811
3.1486
2.88032
2.5241
2.06162
2.14775
2.32541
2.54245
2.76613
2.9365
2.29064
2.5667
2.83497
3.13676
3.28453
1.92615
1.95492
2.04347
1.82356
1.86677
1.93719
1.67217
1.71407
1.81226
1.96591
1.77498
2.01175
1.91588
1.87038
1.81598
1.74718
1.66527
1.58023
1.93773
1.8914
1.87641
1.98737
1.94963
1.91557
1.84335
1.78128
1.76051
1.9071
1.8309
1.80151
1.69058
1.60921
1.58729
1.75951
1.68223
1.6466
1.9135
1.91402
1.81427
1.81432
1.66375
1.66442
1.86928
1.86982
1.74571
1.74599
1.57936
1.57998
2.33739
2.2951
2.26902
2.25152
2.23888
2.22872
2.22095
2.21336
2.2071
2.20079
2.19545
2.18945
2.18415
2.17859
2.17383
2.16968
2.16641
2.16482
2.16523
2.16922
2.17934
2.19688
2.22649
2.26946
2.28876
2.27387
2.25906
2.24602
2.23529
2.22755
2.21938
2.21256
2.20652
2.20108
2.19483
2.18928
2.18357
2.17891
2.17302
2.16809
2.16466
2.16186
2.1611
2.1636
2.16952
2.17776
2.18919
2.19845
2.24833
2.24998
2.23899
2.23354
2.22728
2.22137
2.21576
2.20997
2.20465
2.199
2.19321
2.18722
2.18107
2.17525
2.16909
2.16414
2.15946
2.15595
2.15167
2.14974
2.15196
2.15088
2.1533
2.14836
2.22136
2.22884
2.22723
2.22536
2.22253
2.21785
2.21306
2.2089
2.20395
2.19806
2.19264
2.18708
2.1803
2.17422
2.16784
2.16136
2.15498
2.14778
2.14531
2.13991
2.13076
2.13023
2.12902
2.10939
2.20694
2.21442
2.21795
2.21898
2.21791
2.21525
2.21202
2.20775
2.20196
2.19738
2.19229
2.18647
2.18037
2.17306
2.16553
2.15641
2.14885
2.14302
2.13492
2.12843
2.11974
2.10873
2.10521
2.08961
2.20295
2.20615
2.21118
2.21332
2.21377
2.21416
2.21238
2.20925
2.20418
2.19692
2.19181
2.18523
2.17912
2.17223
2.16309
2.15363
2.1443
2.13377
2.12557
2.11357
2.10176
2.09603
2.08919
2.07795
2.19808
2.20228
2.20639
2.20949
2.21158
2.21225
2.21416
2.21075
2.20754
2.20291
2.19198
2.18654
2.1784
2.16897
2.15938
2.1478
2.13648
2.1261
2.11346
2.10198
2.08904
2.07672
2.07559
2.06559
2.19332
2.19797
2.20339
2.20807
2.21142
2.21233
2.21162
2.21428
2.21188
2.20634
2.19949
2.18858
2.1812
2.17002
2.15662
2.1432
2.13052
2.11767
2.10156
2.08729
2.07649
2.06227
2.05735
2.04825
2.18851
2.1935
2.20107
2.20694
2.21222
2.21643
2.21809
2.21696
2.21554
2.21335
2.20665
2.19436
2.18001
2.16899
2.15552
2.14118
2.1246
2.10516
2.09055
2.07483
2.06046
2.05071
2.04405
2.02889
2.18221
2.19037
2.19946
2.20762
2.21427
2.22089
2.2245
2.22542
2.22499
2.21968
2.21354
2.20336
2.18618
2.16919
2.15622
2.13982
2.11472
2.0955
2.07753
2.0607
2.04486
2.02715
2.01896
2.01015
2.17769
2.18735
2.19879
2.20868
2.21842
2.2251
2.23238
2.236
2.2346
2.23223
2.22378
2.21352
2.19778
2.17427
2.15445
2.13526
2.11222
2.08914
2.06237
2.03839
2.02158
2.00621
1.99806
1.98782
2.17206
2.18239
2.19677
2.20884
2.22201
2.23534
2.24318
2.25004
2.25126
2.24534
2.23793
2.2242
2.20743
2.1862
2.16012
2.13123
2.10688
2.07371
2.04984
2.02582
1.99549
1.9755
1.97047
1.95862
2.16609
2.17855
2.1953
2.2125
2.22925
2.24272
2.25579
2.26497
2.26986
2.26907
2.25951
2.24263
2.22111
2.1947
2.16049
2.12856
2.09178
2.06143
2.02528
1.99369
1.97589
1.96649
1.94586
1.93376
2.15916
2.1726
2.19245
2.21306
2.23513
2.25751
2.27386
2.28446
2.29545
2.29374
2.28269
2.26789
2.24059
2.20897
2.17268
2.12694
2.08911
2.04916
2.00717
1.96907
1.92944
1.88432
1.89767
1.89905
2.14827
2.16325
2.18752
2.21151
2.23984
2.27
2.29773
2.32061
2.32424
2.32557
2.31926
2.29648
2.26672
2.22495
2.18035
2.13327
2.07779
2.02315
1.979
1.93518
1.89472
1.88034
1.86261
1.85266
2.13108
2.15411
2.17592
2.20664
2.25235
2.28888
2.32414
2.34783
2.365
2.3722
2.36106
2.33503
2.29899
2.24906
2.18526
2.12789
2.05998
1.99412
1.93884
1.89329
1.85725
1.79201
1.80306
1.80376
2.10353
2.12454
2.16128
2.20779
2.25298
2.3037
2.34975
2.38618
2.41726
2.42717
2.41927
2.39255
2.33995
2.27576
2.20456
2.12067
2.04778
1.97042
1.88575
1.81678
1.77491
1.76225
1.74768
1.72683
2.05759
2.08882
2.1303
2.19703
2.25067
2.32439
2.38983
2.45148
2.48818
2.50003
2.49126
2.45369
2.39471
2.31595
2.2303
2.13082
2.00723
1.91156
1.84076
1.77231
1.70066
1.62568
1.63585
1.64299
2.0033
2.02538
2.08559
2.17555
2.26212
2.3467
2.43966
2.50851
2.55569
2.59231
2.58685
2.53804
2.45265
2.34006
2.2216
2.10561
1.9747
1.86269
1.75118
1.6562
1.59936
1.58592
1.55377
1.53015
2.66131
2.71192
2.71023
2.65246
2.54507
2.39545
2.23388
2.06806
1.91884
1.77264
1.64943
1.54969
1.45601
1.36476
1.39219
1.41498
2.78863
2.86485
2.86817
2.78565
2.6327
2.44918
2.2314
2.01181
1.81541
1.6459
1.5009
1.37561
1.30088
1.27666
1.24791
1.23375
1.9078
1.66751
1.47602
1.31951
1.18793
1.08463
1.01684
1.03491
1.06047
1.72113
1.45496
1.22633
1.04348
0.915952
0.823531
0.776678
0.828331
0.810977
1.47746
1.13482
0.882536
0.715179
0.593737
0.526073
0.504105
0.525579
0.540674
2.40239
2.3218
2.35407
2.28347
2.29927
2.26108
2.27078
2.24549
2.25266
2.23408
2.2394
2.22473
2.22942
2.21711
2.22088
2.21021
2.21327
2.20414
2.20718
2.19799
2.20096
2.19237
2.1953
2.18689
2.18958
2.18144
2.18421
2.17611
2.17866
2.17206
2.17401
2.16821
2.17
2.16576
2.16684
2.16567
2.16535
2.1681
2.16663
2.17513
2.17097
2.18881
2.18096
2.21361
2.20038
2.26371
2.23287
2.3123
2.36217
2.32285
2.23131
2.29155
2.26691
2.17122
2.24647
2.22686
2.12773
2.21237
2.2036
2.09928
2.19858
2.19652
2.08442
2.19474
2.19328
2.07017
2.19128
2.1893
2.05832
2.1872
2.18461
2.04183
2.18171
2.17885
2.02143
2.17581
2.17308
1.99816
2.17081
2.1683
1.97557
2.16589
2.16245
1.94552
2.15929
2.15644
1.91744
2.15348
2.15014
1.87471
2.14575
2.1404
1.83388
2.13201
2.12253
1.76995
2.10194
2.08076
1.68826
2.05364
2.03112
1.59113
1.99609
1.96064
1.48579
1.33439
1.15465
0.95499
0.681255
0.396014
2.13143
2.24382
2.36262
2.47247
2.57877
2.06562
2.20271
2.36135
2.51448
2.66484
2.31388
2.29924
2.31227
2.28033
2.2746
2.28643
2.2594
2.25622
2.26468
2.24458
2.24285
2.24918
2.23384
2.2323
2.23782
2.22455
2.22428
2.22784
2.21686
2.21639
2.22023
2.21042
2.21007
2.21374
2.20377
2.20382
2.20678
2.19816
2.19808
2.20077
2.19245
2.19201
2.19528
2.18683
2.1869
2.18952
2.18134
2.18091
2.18365
2.17598
2.17618
2.17854
2.17164
2.17126
2.17377
2.16789
2.16703
2.16896
2.16553
2.16432
2.16553
2.16424
2.1629
2.16362
2.16667
2.16508
2.16334
2.17332
2.17008
2.16711
2.18743
2.18073
2.17534
2.21401
2.19498
2.18739
2.24614
2.22394
2.20856
2.28224
2.26557
2.26696
2.26616
2.25658
2.26197
2.25175
2.24627
2.25157
2.2403
2.23703
2.24205
2.2307
2.22906
2.23284
2.22325
2.2218
2.22559
2.21618
2.2153
2.21858
2.20908
2.20912
2.21205
2.20376
2.2036
2.20645
2.19806
2.19775
2.20077
2.19215
2.1922
2.19479
2.18616
2.18611
2.18917
2.18112
2.18056
2.18341
2.17585
2.17486
2.17794
2.17017
2.16952
2.17195
2.1662
2.16491
2.16745
2.16271
2.16151
2.16292
2.16149
2.1586
2.16007
2.1615
2.15914
2.15762
2.16596
2.15973
2.15985
2.17359
2.16451
2.16173
2.18323
2.16704
2.1671
2.19517
2.17198
2.17069
2.25021
2.23696
2.2331
2.2472
2.23818
2.23862
2.15142
2.135
2.13996
2.22644
2.21778
2.21251
2.23017
2.22327
2.22101
2.12064
2.10955
2.11702
2.21141
2.20657
2.2048
2.21725
2.21261
2.20957
2.09949
2.09362
2.09529
2.2034
2.20103
2.20043
2.20918
2.20655
2.20385
2.08507
2.07813
2.08315
2.1996
2.19764
2.19568
2.20455
2.20262
2.20031
2.07366
2.06615
2.06638
2.19466
2.19204
2.19092
2.20076
2.1986
2.19582
2.05544
2.04962
2.04943
2.18961
2.18654
2.18525
2.19644
2.19504
2.19155
2.03626
2.0311
2.03465
2.18496
2.18323
2.18015
2.19368
2.19311
2.18877
2.01634
2.00233
2.0077
2.18098
2.1785
2.17505
2.19296
2.18951
2.18492
1.99239
1.99395
1.98933
2.17539
2.17274
2.16897
2.18628
2.18574
2.18069
1.96519
1.95135
1.95837
2.16987
2.16759
2.1627
2.18481
2.1817
2.17682
1.92752
1.92573
1.92654
2.16382
2.15962
2.15385
2.17885
2.17476
2.16819
1.90543
1.877
1.87498
2.15384
2.14852
2.14104
2.17205
2.16999
2.16009
1.8354
1.85069
1.84979
2.14007
2.1289
2.12353
2.16649
2.15119
2.13711
1.80201
1.77302
1.76956
2.11457
2.09616
2.08725
2.1382
2.11848
2.10328
1.71872
1.69209
1.70443
2.06965
2.04685
2.03487
2.1034
2.08014
2.0654
1.64365
1.59682
1.58965
2.01131
1.97996
1.96972
2.06597
2.03011
2.00212
1.50942
1.48263
1.49557
1.41253
1.33252
1.30979
1.22247
1.14696
1.16087
1.04672
0.959075
0.932081
0.799716
0.681131
0.686874
0.52015
0.389486
0.366385
2.27886
2.28436
2.20066
2.20174
2.14675
2.14595
2.10572
2.10378
2.08893
2.08786
2.07938
2.07848
2.06632
2.06563
2.04845
2.04816
2.02951
2.02903
2.01009
2.00977
1.98606
1.98604
1.95326
1.95428
1.92853
1.92908
1.89648
1.89678
1.84816
1.8492
1.80397
1.80417
1.72389
1.72499
1.64122
1.6414
1.52439
1.52627
1.41361
1.41396
1.23184
1.23369
1.05557
1.05614
0.812418
0.813775
0.53986
0.540391
2.35102
2.37405
2.23183
2.23283
2.17347
2.17401
2.12321
2.1212
2.09653
2.095
2.08499
2.08402
2.07129
2.07068
2.05883
2.05827
2.04169
2.04132
2.01992
2.01986
1.99653
1.99653
1.97264
1.97266
1.94181
1.94213
1.91469
1.91515
1.87325
1.87371
1.83313
1.83361
1.76962
1.76969
1.68812
1.68853
1.58913
1.58915
1.48593
1.48661
1.33468
1.33462
1.1549
1.15529
0.955424
0.955716
0.681274
0.681796
0.394174
0.394745
2.37195
2.37727
2.29455
2.29572
2.2451
2.24428
2.20864
2.20669
2.19897
2.19782
2.19654
2.19564
2.19291
2.19222
2.18778
2.18732
2.18162
2.18133
2.17512
2.17497
2.1696
2.16952
2.16394
2.16399
2.15529
2.15578
2.1484
2.14912
2.14285
2.14333
2.13059
2.13091
2.10228
2.10237
2.05165
2.05223
1.99512
1.99528
2.44096
2.46403
2.32349
2.32478
2.26961
2.27023
2.22313
2.22111
2.2017
2.2003
2.19776
2.19673
2.19513
2.19432
2.19044
2.18985
2.18489
2.18449
2.17845
2.17822
2.17218
2.17206
2.16684
2.16687
2.15966
2.16
2.15152
2.15213
2.14649
2.14702
2.13822
2.13869
2.12113
2.12142
2.079
2.0792
2.02889
2.02915
1.958
1.95828
-0.500313
-1.02304
-1.59258
-2.38375
-3.17784
-3.79355
-4.05619
-4.05396
-3.75468
-3.50007
-3.00909
-2.66994
-2.32089
-2.07059
-1.93554
-1.83843
-1.79332
-1.83541
-1.8681
-0.611166
-1.30258
-2.42212
-3.41407
-4.10617
-4.46569
-4.37892
-3.99552
-3.45936
-2.94125
-2.50402
-2.14637
-1.91227
-1.73877
-1.63762
-1.60075
-1.63697
-1.65009
-1.88718
-1.68494
-1.53793
-1.42759
-1.38982
-1.4252
-1.4167
-1.76092
-1.53418
-1.84318
-1.74367
-1.74012
-1.6375
-1.52765
-1.53344
-1.41512
-0.235739
-1.00888
-2.27679
-3.40193
-4.28245
-4.56649
-4.27864
-3.79202
-3.20101
-2.6666
-2.21806
-1.8774
-1.87568
-1.66716
-1.66385
-1.43114
-1.4287
-1.77543
-1.7728
-1.55133
-1.54805
-0.247049
-0.129975
0.101509
0.121661
0.489654
0.299737
-0.326367
-0.211784
-0.0926773
-0.810777
-0.749221
-0.614523
-0.562621
-0.549776
-0.542492
-0.448932
-0.274129
-0.186771
-0.0692675
-0.133887
-0.834415
-0.719363
-0.604209
-0.477501
-0.785151
-0.643369
-0.677598
-0.739313
-0.571095
-0.600183
-0.500256
-0.356646
-0.39912
-0.405759
-0.252721
-0.295928
-0.339669
-0.335897
-0.156903
-0.837509
-0.838071
-0.608033
-0.607479
-0.72223
-0.722407
-0.488698
-0.485902
)
;

boundaryField
{
    inlet
    {
        type            zeroGradient;
    }
    outlet
    {
        type            fixedValue;
        value           nonuniform List<scalar> 0();
    }
    wall
    {
        type            zeroGradient;
    }
    empty_zmin
    {
        type            empty;
    }
    empty_zmax
    {
        type            empty;
    }
    procBoundary0to1
    {
        type            processor;
        value           nonuniform List<scalar> 
35
(
-1.54669
-1.35873
-1.26166
-1.20136
-1.31656
-1.17304
-1.31656
-1.30224
-1.30946
0.15147
-0.675933
-1.91062
-3.01566
-3.75043
-3.99375
-3.74177
-3.25911
-2.6453
-2.16999
-1.8334
-1.31398
-1.31218
-0.0966379
0.00544024
0.427127
0.055383
0.488828
0.94815
0.56459
-0.149901
-0.06263
0.055383
-0.158766
0.0206524
-0.158766
)
;
    }
}


// ************************************************************************* //
