/*--------------------------------*- C++ -*----------------------------------*\
| =========                 |                                                 |
| \\      /  F ield         | OpenFOAM: The Open Source CFD Toolbox           |
|  \\    /   O peration     | Version:  2406                                  |
|   \\  /    A nd           | Website:  www.openfoam.com                      |
|    \\/     M anipulation  |                                                 |
\*---------------------------------------------------------------------------*/
FoamFile
{
    version     2.0;
    format      ascii;
    arch        "LSB;label=32;scalar=64";
    class       surfaceScalarField;
    location    "3.91";
    object      phi;
}
// * * * * * * * * * * * * * * * * * * * * * * * * * * * * * * * * * * * * * //

dimensions      [0 3 -1 0 0 0 0];

oriented        oriented;

internalField   nonuniform List<scalar> 
4647
(
-2.2091e-05
-0.000106994
1.08921e-05
0.000118193
5.14631e-05
-0.000103733
-6.15629e-05
0.000113833
4.23311e-05
-0.000110275
0.000119407
3.37505e-05
-0.000111317
0.000119898
-0.0001094
0.000121059
1.89358e-06
2.87879e-07
3.8526e-05
3.72656e-06
6.60315e-05
7.2006e-05
1.42943e-07
-1.05425e-06
-1.4468e-06
-9.37575e-05
-2.33414e-05
1.01048e-05
4.90075e-08
-4.67154e-05
9.71362e-07
4.5695e-05
-5.04829e-05
-2.25371e-06
3.22908e-06
4.95075e-05
1.2752e-05
9.30864e-05
-4.32281e-06
-5.08536e-06
1.99978e-05
8.65737e-05
2.65877e-05
8.09056e-05
3.64861e-05
7.42641e-05
5.39424e-05
7.35647e-06
6.26531e-05
-2.04051e-05
5.98874e-05
-2.81095e-05
4.74268e-05
-1.78449e-05
2.78751e-05
1.40337e-05
1.84079e-05
3.74981e-05
9.55183e-06
5.74218e-05
-3.24438e-06
7.88568e-05
-2.36106e-05
0.000111873
-3.11559e-05
0.000144864
-2.86602e-05
0.000158283
-2.3923e-05
0.000156627
-1.96632e-05
0.000150986
-1.63093e-05
0.000148712
-1.30305e-05
0.000146124
-4.46093e-06
0.000143962
-5.51357e-06
-3.65223e-06
7.11973e-05
3.59238e-05
2.27299e-06
3.29299e-07
7.70737e-07
-4.4503e-05
7.21952e-08
4.36601e-05
-4.7836e-05
-1.14813e-06
2.07316e-06
4.6911e-05
1.1184e-05
8.80285e-05
-3.2019e-06
-2.92426e-06
1.38591e-05
8.38986e-05
1.57299e-05
7.90348e-05
3.56069e-05
5.43872e-05
4.57814e-05
-2.81803e-06
4.63751e-05
-2.09988e-05
3.73425e-05
-1.90768e-05
2.19838e-05
-2.48618e-06
1.05898e-05
2.54277e-05
1.38014e-06
4.67078e-05
-1.04656e-05
6.92675e-05
-2.77317e-05
9.61229e-05
-4.28435e-05
0.000126985
-4.29131e-05
0.000144933
-3.63798e-05
0.000151749
-2.92112e-05
0.000149458
-2.38785e-05
0.000145654
-1.94002e-05
0.000144233
-1.50009e-05
0.000141724
-5.27813e-06
0.000140502
-6.26349e-06
-7.00041e-05
-4.32476e-06
6.90507e-05
-3.33364e-05
3.03713e-05
2.66733e-06
2.97824e-07
1.05073e-06
-4.31156e-05
-5.25303e-07
4.25901e-05
-4.59188e-05
-2.31745e-07
7.43276e-07
4.54072e-05
7.1453e-06
8.40586e-05
-1.37497e-06
-1.80039e-06
7.45401e-06
8.35899e-05
1.03489e-05
7.61399e-05
3.10902e-05
3.36458e-05
3.11743e-05
-2.90213e-06
2.28974e-05
-1.27219e-05
8.19544e-06
-4.37488e-06
-4.69285e-06
1.04021e-05
-1.31642e-05
3.3899e-05
-2.51433e-05
5.86868e-05
-4.00964e-05
8.42206e-05
-5.38114e-05
0.000109838
-5.5375e-05
0.000128548
-5.05881e-05
0.000140146
-4.24026e-05
0.000143564
-3.29882e-05
0.000140044
-2.5863e-05
0.000138528
-2.06811e-05
0.000139051
-1.62993e-05
0.000137343
-5.74861e-06
0.000136649
-6.69744e-06
-6.77415e-05
-4.67177e-06
6.66646e-05
-2.7483e-05
2.44764e-05
2.91476e-06
9.18754e-08
2.66876e-05
1.85728e-07
3.85312e-07
2.62935e-05
4.43025e-07
2.62666e-05
-5.19573e-07
5.46534e-07
2.27114e-06
3.16212e-07
2.64167e-05
6.20598e-07
2.67164e-05
-9.36503e-07
6.3682e-07
2.68247e-06
2.05761e-07
2.71463e-05
6.20792e-07
2.7721e-05
-1.20387e-06
6.29222e-07
2.18546e-05
2.66645e-06
-4.47141e-08
1.36388e-06
-4.22076e-05
-1.33776e-06
4.21815e-05
-4.45695e-05
9.59617e-07
-5.27983e-07
4.41378e-05
1.96122e-07
8.20802e-05
4.42803e-07
1.33945e-06
2.33731e-06
8.14487e-05
7.30639e-06
7.11709e-05
1.65658e-05
2.43865e-05
8.19634e-06
5.4673e-06
-6.18318e-06
1.65764e-06
-2.06879e-05
1.01298e-05
-3.33651e-05
2.30794e-05
-4.62138e-05
4.67478e-05
-5.77599e-05
7.02329e-05
-6.59149e-05
9.23756e-05
-6.74439e-05
0.000111367
-6.29245e-05
0.000124029
-5.45777e-05
0.0001318
-4.45212e-05
0.000133507
-3.56184e-05
0.000131141
-2.86408e-05
0.000131551
-2.17073e-05
0.000132118
-1.68251e-05
0.00013246
-5.72207e-06
0.000131985
-6.43921e-06
-6.51859e-05
-4.50798e-06
6.39718e-05
1.94757e-05
2.47676e-06
-9.78455e-08
1.41597e-06
-4.23644e-05
-1.74587e-06
4.26943e-05
-4.40905e-05
1.8676e-06
-1.94434e-06
4.41672e-05
-7.04495e-06
8.4131e-05
2.26225e-06
2.73189e-06
-5.25028e-06
7.96541e-05
3.61971e-06
6.23009e-05
1.11005e-06
2.68961e-05
-1.08615e-05
1.74389e-05
-2.71318e-05
1.79279e-05
-4.3308e-05
2.6306e-05
-5.68846e-05
3.66559e-05
-6.83544e-05
5.82177e-05
-7.43851e-05
7.62635e-05
-7.56449e-05
9.36354e-05
-7.22039e-05
0.000107926
-6.49597e-05
0.000116785
-5.52876e-05
0.000122127
-4.34634e-05
0.000121683
-3.53694e-05
0.000123047
-2.88081e-05
0.000124989
-2.23114e-05
0.000125621
-1.63545e-05
0.000126504
-5.12997e-06
0.000126394
-5.63367e-06
-6.23328e-05
-3.71245e-06
6.09153e-05
-1.75364e-05
1.5843e-05
1.7998e-06
-1.06394e-07
1.35986e-06
-4.31725e-05
-1.97073e-06
4.37834e-05
-4.44797e-05
2.5526e-06
-2.97526e-06
4.49024e-05
-1.16016e-05
8.75126e-05
3.82258e-06
4.3975e-06
-1.15072e-05
7.95597e-05
-5.17003e-06
5.59637e-05
-1.38817e-05
3.56078e-05
-2.6986e-05
3.05432e-05
-4.26437e-05
3.35856e-05
-5.77636e-05
4.1426e-05
-6.83548e-05
4.72471e-05
-7.69655e-05
6.68283e-05
-7.90602e-05
7.83582e-05
-7.74482e-05
9.20234e-05
-7.12396e-05
0.000101717
-6.10708e-05
0.000106616
-5.16098e-05
0.000112666
-4.22399e-05
0.000112313
-3.39926e-05
0.0001148
-2.68802e-05
0.000117877
-2.06499e-05
0.000119391
-1.44624e-05
0.000120316
-3.93491e-06
0.000120097
-4.23032e-06
-5.90455e-05
-2.2596e-06
5.73702e-05
-1.45441e-05
1.36496e-05
9.38486e-07
-4.39444e-08
1.36274e-06
-4.45057e-05
-2.06226e-06
4.52052e-05
-4.55492e-05
2.70095e-06
-3.43009e-06
4.62784e-05
-1.34387e-05
9.15972e-05
4.35865e-06
4.99541e-06
-1.35351e-05
7.9656e-05
-1.55176e-05
5.79462e-05
-2.80042e-05
4.80944e-05
-4.02383e-05
4.27774e-05
-5.19525e-05
4.52998e-05
-6.50177e-05
5.44912e-05
-7.28726e-05
5.51019e-05
-7.72638e-05
7.12195e-05
-7.76868e-05
7.87812e-05
-7.38047e-05
8.81413e-05
-6.55213e-05
9.34339e-05
-5.6392e-05
9.7487e-05
-4.75549e-05
0.000103829
-4.03886e-05
0.000105147
-3.26788e-05
0.00010709
-2.55252e-05
0.000110723
-1.91821e-05
0.000113048
-1.26726e-05
0.000113806
-2.31177e-06
0.000112491
-2.75452e-06
-5.52627e-05
-6.61226e-07
5.36122e-05
-1.33257e-05
1.34095e-05
-2.81135e-07
1.97286e-07
5.7949e-07
-4.59432e-05
-1.40183e-06
4.67656e-05
-4.76701e-05
2.52663e-06
-3.55566e-06
4.86992e-05
-1.44691e-05
9.6438e-05
4.70856e-06
4.91976e-06
-1.56762e-05
8.08631e-05
-2.24425e-05
6.47125e-05
-3.37202e-05
5.93721e-05
-4.58628e-05
5.492e-05
-5.65175e-05
5.59544e-05
-6.60915e-05
6.40653e-05
-7.32248e-05
6.22352e-05
-7.41758e-05
7.21705e-05
-7.22608e-05
7.68663e-05
-6.71971e-05
8.30776e-05
-6.0932e-05
8.71689e-05
-5.41859e-05
9.07408e-05
-4.64662e-05
9.61096e-05
-3.97547e-05
9.84354e-05
-3.2846e-05
0.000100181
-2.61791e-05
0.000104057
-1.82721e-05
0.000105141
-1.06578e-05
0.000106192
-1.41281e-06
0.000105046
-1.80032e-06
-5.16601e-05
2.18727e-07
5.00285e-05
-1.38156e-05
1.44676e-05
-9.74688e-07
3.22705e-07
-2.64204e-07
-4.77169e-05
-7.51425e-07
4.87326e-05
-4.97792e-05
1.85017e-06
-3.32245e-06
5.12515e-05
-1.83598e-05
0.000103975
5.27549e-06
5.54774e-06
-2.26101e-05
8.51134e-05
-3.07445e-05
7.28469e-05
-3.98621e-05
6.84897e-05
-5.06549e-05
6.57127e-05
-5.9317e-05
6.46165e-05
-6.41993e-05
6.89476e-05
-6.98502e-05
6.78861e-05
-7.00522e-05
7.23724e-05
-6.75969e-05
7.44111e-05
-6.22269e-05
7.77076e-05
-5.67498e-05
8.16917e-05
-4.99298e-05
8.39208e-05
-4.29939e-05
8.91737e-05
-3.66982e-05
9.21398e-05
-3.0055e-05
9.35382e-05
-2.27671e-05
9.67686e-05
-1.58745e-05
9.82481e-05
-8.75502e-06
9.90727e-05
-6.6063e-07
9.79561e-05
-1.00433e-06
-4.83152e-05
8.1193e-07
4.68427e-05
-1.52279e-05
1.61157e-05
-1.27177e-06
3.83976e-07
-3.22183e-06
-4.96669e-05
2.81808e-06
5.00707e-05
-5.37691e-05
-4.58845e-07
-2.05319e-06
5.62811e-05
-1.89054e-05
0.000113982
4.56396e-06
4.3345e-06
-2.69776e-05
9.31856e-05
-3.91643e-05
8.50336e-05
-4.97813e-05
7.91067e-05
-5.76333e-05
7.35647e-05
-6.38647e-05
7.08479e-05
-6.47023e-05
6.97853e-05
-6.62045e-05
6.93883e-05
-6.48562e-05
7.10242e-05
-6.18982e-05
7.14531e-05
-5.72101e-05
7.30194e-05
-5.24728e-05
7.69545e-05
-4.58848e-05
7.73328e-05
-3.86409e-05
8.19299e-05
-3.20313e-05
8.55301e-05
-2.63729e-05
8.78798e-05
-1.97844e-05
9.01802e-05
-1.3646e-05
9.21097e-05
-7.26739e-06
9.26941e-05
-3.46738e-07
9.18061e-05
-7.70599e-07
-4.52882e-05
9.73618e-07
4.39679e-05
-1.7022e-05
1.79603e-05
-1.3168e-06
3.78518e-07
-2.15545e-06
-4.98724e-05
3.26794e-06
4.87599e-05
-5.85173e-05
-2.18241e-06
3.28902e-07
6.03708e-05
-1.32489e-05
0.000124748
1.88964e-06
5.92657e-07
-2.66702e-05
0.000106607
-3.98288e-05
9.81922e-05
-5.34184e-05
9.26963e-05
-6.32758e-05
8.34221e-05
-6.95135e-05
7.70856e-05
-6.98877e-05
7.01595e-05
-6.84656e-05
6.79662e-05
-6.41861e-05
6.67447e-05
-5.93297e-05
6.65966e-05
-5.35107e-05
6.72004e-05
-4.79119e-05
7.13557e-05
-4.29923e-05
7.24132e-05
-3.70898e-05
7.60274e-05
-2.98917e-05
7.83321e-05
-2.46602e-05
8.26482e-05
-1.91409e-05
8.46609e-05
-1.33442e-05
8.6313e-05
-6.95077e-06
8.63007e-05
-3.21722e-07
8.5752e-05
-5.74984e-07
-4.25824e-05
8.43846e-07
4.14168e-05
-1.88264e-05
1.96579e-05
-1.15159e-06
3.20022e-07
-6.21868e-07
-4.54645e-05
5.30303e-06
4.07833e-05
-6.23953e-05
-5.37037e-06
3.93098e-06
6.38347e-05
-6.17714e-06
0.000137294
-2.80514e-06
-3.56383e-06
-2.35325e-05
0.000123962
-3.72835e-05
0.000111943
-5.22596e-05
0.000107672
-6.558e-05
9.67424e-05
-7.25635e-05
8.40691e-05
-7.38167e-05
7.14128e-05
-7.27489e-05
6.68984e-05
-6.82094e-05
6.22052e-05
-6.20776e-05
6.04648e-05
-5.44075e-05
5.95303e-05
-4.67008e-05
6.3649e-05
-4.00895e-05
6.58019e-05
-3.56697e-05
7.16075e-05
-3.02538e-05
7.29162e-05
-2.467e-05
7.70644e-05
-1.88265e-05
7.88174e-05
-1.27039e-05
8.01905e-05
-6.6677e-06
8.02645e-05
-2.1668e-07
7.99068e-05
-6.05826e-07
-4.02329e-05
7.93794e-07
3.92225e-05
-2.04333e-05
2.11992e-05
-1.03671e-06
2.70855e-07
5.50236e-08
-3.62473e-05
3.56973e-06
3.26226e-05
-6.44565e-05
-7.67346e-06
7.28368e-06
6.48463e-05
1.18228e-06
0.000150214
-5.17181e-06
-8.92999e-06
-1.63952e-05
0.00014154
-3.20319e-05
0.00012758
-4.39862e-05
0.000119627
-5.49594e-05
0.000107716
-6.49667e-05
9.40765e-05
-7.23844e-05
7.88305e-05
-7.32162e-05
6.77301e-05
-6.98705e-05
5.88595e-05
-6.41179e-05
5.47122e-05
-5.66352e-05
5.20475e-05
-4.78921e-05
5.49059e-05
-3.91021e-05
5.70119e-05
-3.2457e-05
6.49624e-05
-2.7075e-05
6.75343e-05
-2.13646e-05
7.1354e-05
-1.56804e-05
7.31332e-05
-1.02088e-05
7.47188e-05
-5.36725e-06
7.54229e-05
-2.64791e-07
7.53781e-05
-5.73709e-07
-3.80897e-05
6.11066e-07
3.72139e-05
-2.18963e-05
2.25546e-05
-8.75033e-07
2.16779e-07
-1.1777e-06
-2.97022e-05
3.17641e-06
2.77035e-05
-6.39726e-05
-8.9438e-06
1.20739e-05
6.08425e-05
1.82716e-05
0.000158453
-1.27772e-05
-1.37336e-05
8.50465e-07
0.000158961
-1.85799e-05
0.00014701
-2.93763e-05
0.000130423
-3.88756e-05
0.000117215
-4.6925e-05
0.000102126
-5.51166e-05
8.7022e-05
-6.04915e-05
7.3105e-05
-6.18091e-05
6.01771e-05
-5.88409e-05
5.17441e-05
-5.34869e-05
4.66935e-05
-4.59196e-05
4.73386e-05
-3.73897e-05
4.8482e-05
-2.83777e-05
5.59503e-05
-2.17515e-05
6.09081e-05
-1.60363e-05
6.56388e-05
-1.08651e-05
6.79619e-05
-6.4775e-06
7.03313e-05
-3.12619e-06
7.20716e-05
1.78391e-08
7.24005e-05
-1.66481e-07
-3.62513e-05
5.40957e-07
3.57281e-05
-2.31185e-05
2.36477e-05
-6.80568e-07
1.51343e-07
-1.86993e-06
-2.62975e-05
3.4398e-06
2.47276e-05
-5.48269e-05
-6.83585e-06
1.41764e-05
4.74863e-05
3.73311e-05
0.000158158
-1.8106e-05
-1.89305e-05
2.4088e-05
0.000172204
5.71811e-06
0.00016538
-9.38809e-06
0.000145529
-1.61166e-05
0.000123943
-2.13956e-05
0.000107405
-2.76826e-05
9.3309e-05
-3.57019e-05
8.11243e-05
-4.2091e-05
6.65662e-05
-4.3693e-05
5.33461e-05
-4.20542e-05
4.50547e-05
-3.71231e-05
4.24075e-05
-3.13721e-05
4.2731e-05
-2.34693e-05
4.80476e-05
-1.66701e-05
5.41089e-05
-1.12396e-05
6.02083e-05
-7.04499e-06
6.37674e-05
-3.71361e-06
6.69999e-05
-1.11951e-06
6.94775e-05
3.56062e-07
7.06163e-05
3.08641e-07
-3.51494e-05
5.62719e-07
3.49428e-05
-2.41134e-05
2.45617e-05
-5.58207e-07
1.09911e-07
-3.28876e-06
-2.21898e-05
6.46306e-06
1.90155e-05
-4.17096e-05
-9.66363e-06
1.34308e-05
3.79425e-05
4.8113e-05
0.000152793
-2.08403e-05
-2.1907e-05
4.26658e-05
0.000177651
3.0633e-05
0.000177413
1.20545e-05
0.000164108
-1.70277e-06
0.000137701
-9.55822e-06
0.00011526
-1.49277e-05
9.86785e-05
-1.79328e-05
8.41295e-05
-2.06553e-05
6.92886e-05
-2.35732e-05
5.6264e-05
-2.49894e-05
4.64709e-05
-2.31019e-05
4.05201e-05
-2.02267e-05
3.98557e-05
-1.62801e-05
4.4101e-05
-1.21073e-05
4.9936e-05
-7.79755e-06
5.58986e-05
-4.5352e-06
6.0505e-05
-2.00234e-06
6.4467e-05
-4.93041e-08
6.75245e-05
5.13669e-07
6.95438e-05
5.09557e-07
-3.47188e-05
5.82537e-07
3.465e-05
-2.4984e-05
2.53291e-05
-4.35472e-07
9.03935e-08
-4.41513e-06
-1.53156e-05
8.39326e-06
1.13375e-05
-3.3726e-05
-1.29e-05
1.75463e-05
2.90796e-05
5.15771e-05
0.000146259
-2.20991e-05
-2.29443e-05
4.90478e-05
0.00018018
4.5206e-05
0.000181255
3.50934e-05
0.00017422
1.92717e-05
0.000153522
6.9641e-06
0.000127568
6.40268e-07
0.000105002
-2.29954e-06
8.70693e-05
-4.15677e-06
7.11459e-05
-6.2189e-06
5.83262e-05
-7.64931e-06
4.79013e-05
-7.94878e-06
4.08196e-05
-8.269e-06
4.0176e-05
-7.98061e-06
4.38126e-05
-7.07107e-06
4.90265e-05
-4.93979e-06
5.37673e-05
-2.82022e-06
5.83855e-05
-1.05503e-06
6.27019e-05
-3.09759e-08
6.65004e-05
4.45344e-07
6.88623e-05
2.05187e-07
-3.46119e-05
4.8764e-07
3.45696e-05
-2.56378e-05
2.5903e-05
-3.44624e-07
7.93955e-08
-3.69118e-06
-7.28788e-06
7.02709e-06
3.95197e-06
-2.34882e-05
-1.14055e-05
1.51344e-05
1.97592e-05
4.45381e-05
0.000135471
-1.78118e-05
-1.59387e-05
4.67806e-05
0.000177938
4.86068e-05
0.000179429
4.92655e-05
0.000173562
4.39595e-05
0.000158828
3.46397e-05
0.000136888
2.54507e-05
0.000114191
1.84438e-05
9.40761e-05
1.39533e-05
7.56364e-05
1.09086e-05
6.13709e-05
7.75053e-06
5.10593e-05
4.86021e-06
4.37099e-05
1.73145e-06
4.33047e-05
-9.05851e-07
4.64499e-05
-1.98562e-06
5.01063e-05
-1.51686e-06
5.32986e-05
-9.42026e-07
5.78106e-05
-3.24685e-07
6.20845e-05
-2.79369e-07
6.64551e-05
3.45601e-07
6.81843e-05
5.29896e-08
-3.44273e-05
3.93399e-07
3.43795e-05
-2.61539e-05
2.63129e-05
-2.6616e-07
1.07152e-07
-9.24283e-07
-1.66401e-06
1.59172e-06
9.96568e-07
-1.59454e-05
-2.95554e-06
4.52115e-06
1.43798e-05
2.88701e-05
0.000116813
-6.98126e-06
-3.23054e-06
3.93365e-05
0.000167472
4.65135e-05
0.000172252
5.24356e-05
0.00016764
5.55494e-05
0.000155715
5.48375e-05
0.000137599
5.17317e-05
0.000117297
4.70681e-05
9.87397e-05
4.18321e-05
8.08724e-05
3.60485e-05
6.71546e-05
2.9328e-05
5.77798e-05
2.30145e-05
5.00234e-05
1.58677e-05
5.04516e-05
9.69053e-06
5.2627e-05
5.25047e-06
5.45463e-05
1.88718e-06
5.66618e-05
3.78554e-07
5.93193e-05
-7.19553e-08
6.2535e-05
-3.99986e-07
6.67832e-05
2.3357e-07
6.75977e-05
-4.68827e-08
-3.42055e-05
3.24968e-07
3.41141e-05
-2.64667e-05
2.66392e-05
-3.17682e-07
1.45181e-07
1.77595e-06
-1.49238e-06
-3.36558e-06
3.08201e-06
-1.37957e-05
4.79345e-06
-5.36021e-06
1.43625e-05
7.49331e-06
9.70058e-05
5.43087e-06
6.88305e-06
2.66889e-05
0.000148276
4.19298e-05
0.000157011
5.29055e-05
0.000156664
6.01083e-05
0.000148512
6.38159e-05
0.000133892
6.52784e-05
0.000115835
6.39404e-05
0.000100078
6.05057e-05
8.43071e-05
5.44474e-05
7.32129e-05
4.75326e-05
6.46945e-05
3.92003e-05
5.83557e-05
2.98881e-05
5.97637e-05
2.235e-05
6.01652e-05
1.49458e-05
6.19505e-05
7.37867e-06
6.4229e-05
2.8202e-06
6.38777e-05
1.01077e-06
6.43444e-05
3.66394e-07
6.74275e-05
2.76897e-07
6.73193e-05
3.67881e-07
-3.38938e-05
4.25665e-07
3.3745e-05
-2.68525e-05
2.71994e-05
-5.17253e-07
1.70361e-07
3.19546e-06
-5.52817e-06
-6.20307e-06
8.53578e-06
-1.52461e-05
9.09666e-06
-1.10625e-05
1.72119e-05
-9.57366e-06
8.24713e-05
1.17698e-05
1.23384e-05
1.2517e-05
0.000126185
3.31266e-05
0.000136401
4.91967e-05
0.000140594
6.14206e-05
0.000136288
6.79963e-05
0.000127316
7.07255e-05
0.000113106
7.11286e-05
9.96745e-05
6.84641e-05
8.69716e-05
6.32146e-05
7.84624e-05
5.71951e-05
7.07141e-05
4.80225e-05
6.75283e-05
3.97152e-05
6.8071e-05
3.29877e-05
6.68927e-05
2.53938e-05
6.95444e-05
1.72682e-05
7.23546e-05
1.00654e-05
7.10805e-05
5.30751e-06
6.91023e-05
3.03589e-06
6.96991e-05
8.25471e-07
6.84395e-05
1.09018e-06
-3.3536e-05
7.13503e-07
3.3648e-05
-2.7641e-05
2.81078e-05
-6.47823e-07
1.81031e-07
3.13731e-06
-1.17035e-05
-6.16418e-06
1.47303e-05
-1.94885e-05
8.91281e-06
-1.08685e-05
2.14442e-05
-1.47743e-05
7.40716e-05
1.17288e-05
1.14452e-05
4.2191e-06
0.000107192
2.32154e-05
0.000117405
4.21556e-05
0.000121654
5.65634e-05
0.00012188
6.7159e-05
0.000116721
7.17054e-05
0.000108559
7.25732e-05
9.88067e-05
7.09404e-05
8.86043e-05
6.75623e-05
8.18405e-05
6.191e-05
7.63664e-05
5.45859e-05
7.48524e-05
4.80466e-05
7.46103e-05
4.04702e-05
7.44691e-05
3.20358e-05
7.79788e-05
2.48492e-05
7.95412e-05
1.75879e-05
7.83418e-05
1.17968e-05
7.48934e-05
8.56532e-06
7.29306e-05
2.14007e-06
7.155e-05
3.31478e-06
-3.37938e-05
1.22785e-06
3.4706e-05
-2.86092e-05
2.92142e-05
-7.97976e-07
1.92998e-07
2.35342e-06
-1.75355e-05
-4.81759e-06
1.99996e-05
-2.35279e-05
7.15689e-06
-8.73285e-06
2.51038e-05
-1.47563e-05
7.05554e-05
9.49511e-06
8.77734e-06
-6.24389e-07
9.306e-05
1.5423e-05
0.000101357
3.25098e-05
0.000104567
4.69177e-05
0.000107472
5.84865e-05
0.000105152
6.58387e-05
0.000101207
7.01316e-05
9.45138e-05
7.05183e-05
8.82176e-05
6.88074e-05
8.35513e-05
6.46779e-05
8.04959e-05
5.97552e-05
7.9775e-05
5.35842e-05
8.07813e-05
4.54677e-05
8.25856e-05
3.75268e-05
8.59197e-05
3.15329e-05
8.55351e-05
2.44287e-05
8.54459e-05
1.79509e-05
8.13713e-05
1.45129e-05
7.63686e-05
4.48646e-06
5.14259e-06
7.64339e-05
-3.58546e-05
2.75688e-06
3.75842e-05
-3.01024e-05
3.11202e-05
-1.21493e-06
1.9711e-07
1.29218e-06
-2.21317e-05
-3.07336e-06
2.39128e-05
-2.66633e-05
4.82212e-06
-6.03307e-06
2.78742e-05
-1.06919e-05
6.89667e-05
6.57922e-06
5.70139e-06
-4.08824e-07
8.27769e-05
1.26785e-05
8.827e-05
2.63329e-05
9.09125e-05
3.97849e-05
9.40201e-05
5.02875e-05
9.46493e-05
5.95428e-05
9.19516e-05
6.63689e-05
8.76877e-05
6.88539e-05
8.57326e-05
6.89121e-05
8.34932e-05
6.67748e-05
8.26332e-05
6.32194e-05
8.33304e-05
5.80204e-05
8.59804e-05
5.10033e-05
8.96026e-05
4.50433e-05
9.18797e-05
3.85725e-05
9.2006e-05
3.01753e-05
9.38432e-05
2.20228e-05
8.95238e-05
8.27541e-05
1.56373e-05
2.21546e-07
-2.53408e-05
-1.23739e-06
2.63567e-05
-2.90581e-05
2.37733e-06
-3.2172e-06
2.98979e-05
-3.85612e-06
6.6874e-05
3.41912e-06
2.5297e-06
4.39125e-06
7.45295e-05
1.46244e-05
7.80369e-05
2.52047e-05
8.03323e-05
3.66595e-05
8.25653e-05
4.64829e-05
8.48259e-05
5.63498e-05
8.20847e-05
6.26276e-05
8.141e-05
6.66979e-05
8.16624e-05
6.91164e-05
8.10747e-05
6.84997e-05
8.32498e-05
6.66081e-05
8.52221e-05
6.20325e-05
9.0556e-05
5.59406e-05
9.56945e-05
5.06981e-05
9.71222e-05
4.20838e-05
0.00010062
3.29202e-05
0.000103007
2.35203e-05
9.89237e-05
1.25169e-05
-2.91918e-07
-2.70255e-05
-1.06124e-07
2.74236e-05
-3.06311e-05
6.29555e-07
-1.00644e-06
3.1008e-05
1.58081e-06
6.39444e-05
8.74312e-07
4.74504e-07
8.46423e-06
6.76461e-05
1.65302e-05
6.99709e-05
2.4913e-05
7.19494e-05
3.43482e-05
7.31302e-05
4.43582e-05
7.48159e-05
5.3737e-05
7.27058e-05
5.99525e-05
7.51945e-05
6.59736e-05
7.56412e-05
6.9294e-05
7.77543e-05
6.92083e-05
8.33355e-05
6.79811e-05
8.64493e-05
6.32041e-05
9.53329e-05
5.83936e-05
0.000100505
5.17824e-05
4.21282e-05
3.38176e-05
-1.96066e-07
-2.76071e-05
1.66296e-07
2.76369e-05
-3.12829e-05
-1.00137e-07
2.5074e-07
3.11323e-05
5.34633e-06
-8.21061e-07
-1.16763e-06
6.05868e-05
1.0998e-05
6.19945e-05
1.7379e-05
6.35899e-05
2.4578e-05
6.47504e-05
3.29634e-05
6.47448e-05
4.24556e-05
6.53237e-05
5.00834e-05
6.50781e-05
5.72185e-05
6.80594e-05
6.38072e-05
6.90524e-05
6.71871e-05
7.43745e-05
6.82432e-05
8.22794e-05
6.6808e-05
8.78846e-05
6.50041e-05
9.71368e-05
0.000103946
2.84277e-05
6.57179e-07
2.92639e-05
-1.478e-06
6.41835e-07
2.05519e-06
-1.15816e-07
3.00743e-05
6.05565e-07
3.0873e-05
-1.34823e-06
5.49521e-07
1.39387e-06
-9.50176e-08
3.17025e-05
5.30318e-07
3.26381e-05
-1.51795e-06
5.82333e-07
2.59137e-07
6.47467e-08
3.34265e-05
5.74366e-07
3.37867e-05
-8.88761e-07
5.28567e-07
-6.85323e-07
2.79201e-07
3.38133e-05
5.52889e-07
3.36749e-05
-5.15548e-07
6.53973e-07
-1.10147e-06
3.41222e-07
3.28246e-05
5.86088e-07
3.05114e-05
2.01402e-06
2.99147e-07
-1.29817e-06
3.91862e-07
2.73142e-05
-2.45924e-08
2.45425e-05
2.95931e-06
-1.87634e-07
-1.21413e-06
3.48034e-07
2.25391e-05
-1.5204e-07
2.12085e-05
1.30568e-06
2.49334e-08
-1.06218e-06
2.86772e-07
2.04924e-05
9.42502e-08
2.021e-05
1.62081e-07
1.20237e-07
-9.38025e-07
2.40886e-07
2.01183e-05
1.46755e-07
1.96515e-05
4.16701e-07
5.0135e-08
-7.42671e-07
1.78779e-07
1.86077e-05
-1.33935e-07
1.73418e-05
1.54569e-06
-2.79756e-07
-5.85528e-07
1.19822e-07
1.58927e-05
-4.20895e-07
1.40495e-05
2.51061e-06
-6.67327e-07
-5.27911e-07
1.05581e-07
1.17125e-05
-9.51781e-07
8.92246e-06
4.02047e-06
-1.23045e-06
-3.94056e-07
8.53485e-08
5.90021e-06
-1.39287e-06
2.86285e-06
4.42768e-06
-1.39032e-06
-3.39895e-07
8.90545e-08
3.84895e-07
-1.21323e-06
-1.24281e-06
2.52601e-06
-8.98306e-07
-2.84117e-07
1.30323e-07
-1.70325e-06
-4.63847e-07
-1.06009e-06
-5.82726e-07
-6.0432e-08
-3.60767e-07
1.47491e-07
4.34876e-07
2.80985e-07
2.58663e-06
-2.64462e-06
4.92863e-07
-6.20514e-07
1.78828e-07
5.13905e-06
6.43046e-07
7.75149e-06
-3.33874e-06
7.26304e-07
-6.89442e-07
1.88029e-07
1.01964e-05
6.92391e-07
1.23853e-05
-2.79507e-06
6.06184e-07
-1.09539e-06
2.07261e-07
1.42389e-05
4.99817e-07
1.56974e-05
-1.85455e-06
3.96077e-07
-1.03871e-06
1.85146e-07
3.19737e-05
1.66918e-05
2.97805e-07
1.7197e-05
-7.12446e-07
2.07236e-07
1.72993e-05
1.19203e-07
1.71127e-05
1.39139e-07
4.74286e-08
1.68165e-05
4.32319e-09
1.65551e-05
2.70566e-07
-9.20811e-09
1.63844e-05
-2.52947e-08
1.20507e-07
-2.27658e-08
1.62866e-05
-1.39677e-06
2.82782e-06
5.04295e-05
-4.6119e-06
5.02461e-05
4.91472e-05
-6.72414e-07
1.9312e-06
4.78884e-05
4.91523e-05
-3.60272e-06
4.76697e-05
6.46522e-05
4.32033e-06
6.26031e-05
4.68125e-05
3.91979e-07
4.02853e-07
4.60176e-05
4.6541e-05
-1.39508e-06
4.50118e-05
6.09456e-05
4.95426e-06
5.86738e-05
4.52606e-05
8.21331e-07
-1.31307e-08
4.44524e-05
4.43801e-05
-8.24642e-07
4.34043e-05
5.69168e-05
5.2187e-06
5.43646e-05
4.40742e-05
1.66088e-06
-1.68031e-06
4.40937e-05
4.33192e-05
1.63294e-06
4.30257e-05
5.23334e-05
4.80024e-06
4.95883e-05
4.42154e-05
1.82645e-06
-2.22256e-06
4.46115e-05
4.33436e-05
2.53506e-06
4.35404e-05
4.76757e-05
3.76383e-06
4.53057e-05
4.51934e-05
2.24031e-06
-2.88194e-06
4.5835e-05
4.43877e-05
3.52882e-06
4.52564e-05
4.39846e-05
2.12287e-06
4.21209e-05
4.64737e-05
1.62677e-06
-2.61415e-06
4.74611e-05
4.6185e-05
4.0059e-06
4.71745e-05
4.11785e-05
8.02421e-07
3.96908e-05
4.85859e-05
1.4669e-06
-2.57222e-06
4.96912e-05
4.83274e-05
3.6523e-06
4.95948e-05
3.89348e-05
8.70107e-08
3.77463e-05
5.07899e-05
-1.07964e-06
-6.5912e-07
5.25287e-05
5.15479e-05
3.17668e-06
5.39189e-05
3.72865e-05
-5.5011e-07
3.65384e-05
5.48879e-05
-3.1576e-06
9.27574e-07
5.7118e-05
5.64297e-05
1.30858e-06
5.94556e-05
3.61952e-05
-6.14856e-07
3.5596e-05
5.82035e-05
-4.60112e-06
4.16234e-06
5.86423e-05
6.16742e-05
-2.13782e-06
6.44047e-05
3.52882e-05
-6.08932e-07
3.4835e-05
5.85749e-05
-4.69804e-06
6.12224e-06
5.71507e-05
6.55305e-05
-5.50044e-06
6.74671e-05
3.45921e-05
-5.26901e-07
3.41809e-05
5.3047e-05
-3.33709e-06
9.27856e-06
4.71055e-05
6.9579e-05
-1.01523e-05
7.08013e-05
3.3917e-05
-3.88905e-07
3.35632e-05
4.13381e-05
-2.95166e-06
7.2757e-06
3.70141e-05
7.0098e-05
-1.32913e-05
6.96557e-05
3.34236e-05
-4.12219e-07
3.32503e-05
3.3618e-05
-5.04847e-06
8.2373e-06
3.04292e-05
6.57261e-05
-1.4014e-05
6.08096e-05
3.32548e-05
-5.32583e-07
3.32595e-05
2.72286e-05
-7.72032e-06
1.15204e-05
2.34285e-05
5.34001e-05
-1.5737e-05
4.723e-05
3.34065e-05
-5.47643e-07
3.35601e-05
1.89218e-05
-8.4773e-06
1.3443e-05
1.39561e-05
4.26773e-05
-1.90344e-05
3.87675e-05
3.37031e-05
-3.47447e-07
3.37107e-05
9.57766e-06
-4.81398e-06
8.03465e-06
6.35699e-06
3.60901e-05
-1.18484e-05
3.19998e-05
3.38379e-05
-2.26997e-07
3.37808e-05
4.99317e-06
1.07854e-06
-1.1106e-06
5.02523e-06
2.95397e-05
5.2646e-07
2.57827e-05
3.37881e-05
-1.73446e-07
3.36008e-05
6.4531e-06
5.09079e-06
-7.23102e-06
8.59333e-06
2.58534e-05
8.11465e-06
2.46218e-05
3.35092e-05
-5.76908e-07
3.34656e-05
1.14869e-05
6.50643e-06
-9.42692e-06
1.44074e-05
2.53291e-05
1.17035e-05
2.5964e-05
3.35313e-05
-9.44332e-07
3.37861e-05
1.7156e-05
5.6002e-06
-8.22722e-06
1.97831e-05
2.68243e-05
1.03109e-05
2.79586e-05
3.4216e-05
-2.1662e-06
3.52868e-05
2.21224e-05
3.98657e-06
-6.05011e-06
2.41859e-05
2.87208e-05
7.60956e-06
2.98886e-05
3.68288e-05
-3.36864e-06
3.91587e-05
3.93581e-05
2.59347e-05
2.14045e-06
-3.60906e-06
2.74033e-05
3.04348e-05
4.79287e-06
3.13433e-05
2.85432e-05
5.29692e-07
-1.35773e-06
2.93713e-05
3.15452e-05
2.09094e-06
3.1984e-05
2.98947e-05
-8.69829e-08
-1.77057e-07
3.01587e-05
3.18518e-05
4.51959e-07
3.18744e-05
3.02249e-05
-1.66319e-07
2.33698e-07
3.01575e-05
2.75911e-05
3.13041e-05
-6.01835e-07
3.07383e-05
3.07642e-05
1.72285e-07
-8.97232e-07
-1.27452e-06
1.7319e-07
7.56883e-07
-6.32249e-07
1.09866e-06
-9.25465e-07
7.23834e-08
5.60002e-07
-5.4051e-07
7.91951e-07
-7.19567e-07
1.75862e-07
1.33514e-07
-2.2915e-09
-5.82933e-07
-7.21859e-07
-3.96657e-08
-6.41113e-07
-7.61524e-07
-5.67663e-08
7.03631e-07
-7.53259e-07
8.14823e-07
-8.71589e-07
-4.7349e-08
7.88062e-07
-7.84658e-07
9.31803e-07
-9.79152e-07
6.1707e-08
7.18833e-07
-5.83254e-07
9.80229e-07
-9.18522e-07
1.16654e-07
4.0323e-07
-1.97179e-07
8.19346e-07
-7.02691e-07
1.41628e-07
-1.94974e-08
2.61846e-07
5.78145e-07
-4.36517e-07
1.43228e-07
-5.06652e-07
7.41942e-07
2.89462e-07
-1.46234e-07
1.18204e-07
-9.58604e-07
1.16042e-06
1.48625e-08
1.03341e-07
9.51486e-08
-1.34402e-06
1.51973e-06
-2.06515e-07
3.01664e-07
7.12677e-08
-1.67817e-06
1.82368e-06
-3.84102e-07
4.5537e-07
4.22474e-08
-1.94748e-06
2.05658e-06
-5.1035e-07
5.52597e-07
2.47621e-08
-2.14656e-06
2.23171e-06
-5.8244e-07
6.07202e-07
2.20756e-08
-2.30915e-06
2.37747e-06
-6.35336e-07
6.57411e-07
1.52374e-08
-2.44365e-06
2.50781e-06
-6.76581e-07
6.91819e-07
2.35056e-08
-2.58111e-06
2.66475e-06
-7.07573e-07
7.31079e-07
4.01182e-08
-2.76134e-06
2.8664e-06
-7.64817e-07
8.04935e-07
5.28151e-08
-2.97349e-06
3.09103e-06
-8.45343e-07
8.98158e-07
6.49384e-08
-3.20843e-06
3.32452e-06
-9.59591e-07
1.02453e-06
8.04545e-08
-3.44157e-06
3.55412e-06
-1.0955e-06
1.17596e-06
1.07628e-07
-3.66408e-06
3.75356e-06
-1.27325e-06
1.38088e-06
-5.32985e-08
-6.02137e-08
-1.07752e-09
9.91768e-08
1.24546e-07
1.47055e-07
1.31372e-07
1.03174e-07
8.24379e-08
5.498e-08
2.9843e-08
2.81334e-08
1.91701e-08
1.57543e-08
3.37381e-08
4.04079e-08
6.14325e-08
7.09759e-08
9.72956e-08
1.15868e-07
3.82284e-06
1.49675e-06
1.58706e-07
1.93645e-06
-1.65213e-06
-2.21298e-06
2.51686e-07
1.32431e-06
-9.55395e-07
1.99427e-06
-1.74259e-06
2.36964e-07
5.762e-07
-1.92372e-07
1.48496e-06
-1.248e-06
2.18707e-07
2.57625e-07
2.31084e-07
2.05766e-07
-1.01691e-06
2.24978e-07
6.37967e-07
-7.91936e-07
2.3994e-07
-1.05014e-06
1.41577e-06
5.62275e-07
-3.22335e-07
2.15181e-07
-1.74636e-06
2.0615e-06
1.03408e-07
1.11773e-07
2.72003e-07
-2.39411e-06
2.69647e-06
-3.61495e-07
6.33498e-07
2.75963e-07
-2.96351e-06
3.24044e-06
-8.95026e-07
1.17099e-06
3.02972e-07
-3.56888e-06
3.852e-06
-1.49652e-06
1.79949e-06
3.64966e-08
-3.97134e-06
3.91025e-06
-1.9793e-06
2.01579e-06
-2.55134e-08
-3.75966e-06
3.63313e-06
-1.97875e-06
1.95324e-06
8.08002e-08
-3.61276e-06
3.62621e-06
-1.99854e-06
2.07934e-06
1.21246e-07
-3.64335e-06
3.66886e-06
-2.18244e-06
2.30368e-06
2.8332e-08
-3.63059e-06
3.46833e-06
-2.39208e-06
2.42042e-06
-8.2604e-08
-3.20699e-06
2.8687e-06
-2.402e-06
2.31939e-06
-3.58034e-07
-2.4051e-06
1.81135e-06
-2.11567e-06
1.75763e-06
-6.31761e-07
-1.10132e-06
3.40213e-07
-1.23721e-06
6.0545e-07
-6.28935e-07
3.66135e-07
-9.50425e-07
7.85229e-08
-7.07458e-07
-2.95642e-07
1.35202e-06
-1.52023e-06
1.20417e-06
-1.49981e-06
7.38456e-08
1.47816e-06
-1.27103e-06
1.6023e-06
-1.52846e-06
2.62807e-07
9.76677e-07
-5.96438e-07
1.32994e-06
-1.06713e-06
2.77668e-07
1.5913e-07
2.55594e-07
7.78139e-07
-5.00471e-07
2.21944e-07
-6.08011e-07
8.85884e-07
2.46704e-07
-2.47602e-08
1.46888e-07
-1.09404e-06
1.24496e-06
-1.63156e-07
3.10044e-07
6.72513e-08
-1.34508e-06
1.39703e-06
-4.1716e-07
4.84411e-07
1.17327e-08
-1.4108e-06
1.40339e-06
-5.18074e-07
5.29806e-07
-5.43389e-09
-1.39108e-06
1.37121e-06
-5.32911e-07
5.27477e-07
2.29661e-07
2.18928e-07
2.49722e-07
2.61528e-07
3.25526e-07
1.79808e-07
-3.70418e-08
4.53003e-08
1.031e-07
8.84008e-08
-1.84193e-08
-2.03726e-07
-5.20421e-07
-6.83973e-07
-4.96708e-07
-1.02496e-07
1.98515e-07
2.88996e-07
2.53767e-07
1.87916e-07
1.07116e-07
3.36626e-08
3.1052e-09
-5.27994e-09
1.35373e-06
5.22197e-07
6.3923e-07
-9.30105e-05
1.2515e-06
0.000101225
-1.28992e-06
4.92521e-05
-4.7323e-05
2.70656e-05
-2.87129e-05
1.76444e-06
-1.17097e-07
1.05896e-06
-7.60277e-08
2.60827e-05
4.42881e-06
8.37308e-05
3.91155e-06
2.81386e-06
4.09731e-05
3.23452e-05
-5.10725e-07
1.39228e-07
1.79295e-06
1.44418e-06
-4.30579e-05
-6.95436e-08
4.49204e-05
-3.20164e-05
3.06463e-05
1.36902e-06
1.0516e-09
2.59717e-07
6.91462e-08
1.97614e-06
-4.27995e-08
4.634e-05
-4.58655e-05
7.17688e-07
4.66813e-05
5.12213e-05
4.14618e-05
-1.8267e-06
4.35483e-05
4.48477e-05
9.58371e-07
-6.50732e-09
3.6234e-06
-3.73399e-06
1.74572e-06
-1.75223e-06
4.60379e-09
3.54277e-06
1.75033e-06
1.03303e-07
3.85877e-06
1.60005e-06
4.95394e-08
-3.85641e-06
3.80792e-06
-1.67156e-06
1.7211e-06
7.15054e-08
3.11326e-08
1.09956e-06
0.000110943
7.45212e-08
-8.30777e-07
5.31517e-05
2.54735e-05
6.46827e-07
-3.76301e-08
2.95675e-05
0.000129871
-3.95409e-05
1.92405e-05
0.000131386
1.0171e-05
0.000127263
-1.37805e-06
0.000124724
-2.23199e-06
-5.47265e-05
-2.45249e-06
5.5801e-05
-2.51039e-05
2.50144e-05
5.77158e-08
3.17648e-08
5.67515e-05
9.29037e-05
-8.98276e-05
-5.98276e-05
5.31167e-05
0.000105099
-0.000101464
4.8199e-05
0.000114967
-0.000110049
4.03719e-05
0.000129078
-0.000121251
3.02079e-05
0.000136984
-0.00012682
2.00546e-05
0.000140025
1.17025e-05
0.000139738
7.83674e-07
0.000138181
-4.37255e-06
0.000133869
-3.98941e-06
-5.64472e-05
-3.09153e-06
5.51662e-05
-2.48688e-05
2.45512e-05
3.80169e-07
-6.24905e-08
4.32689e-05
-4.22335e-05
9.18683e-05
3.92647e-05
0.000109103
3.3798e-05
0.000120433
2.73072e-05
0.000135569
1.7638e-05
0.000146653
8.93978e-06
0.000148723
-7.48845e-07
0.000149427
-1.36198e-05
0.000151052
-8.30159e-06
-8.08865e-06
0.00013664
-5.35016e-05
-3.40927e-06
4.86093e-05
-2.39312e-05
2.29777e-05
1.19388e-06
-2.40338e-07
3.56411e-07
1.31842e-08
1.36615e-07
8.95725e-09
7.38893e-07
-1.18985e-07
2.12623e-06
2.13234e-05
-4.71959e-07
6.4802e-05
-6.67451e-05
6.04745e-05
5.43719e-05
4.69539e-05
4.64973e-05
1.50036e-06
4.53534e-05
4.29586e-05
2.87822e-06
4.0217e-05
3.75057e-05
2.32482e-06
3.59197e-05
3.37043e-05
4.15169e-06
3.16789e-05
4.46723e-05
-9.52485e-08
1.56648e-07
2.75297e-05
-3.96864e-07
9.94283e-07
3.01667e-05
7.93731e-06
5.66445e-05
-1.88426e-06
-2.11074e-06
1.24785e-05
5.74532e-05
1.76406e-05
5.84278e-05
2.39238e-05
5.84671e-05
3.13324e-05
5.73362e-05
3.92918e-05
5.73643e-05
4.63474e-05
5.80225e-05
5.41902e-05
6.02165e-05
5.9749e-05
6.34936e-05
6.34636e-05
7.06599e-05
7.89979e-05
-1.70229e-07
-2.7455e-05
2.97404e-07
2.73278e-05
-2.9524e-05
-7.58907e-07
1.4352e-06
2.88477e-05
9.26098e-06
5.27238e-05
-2.52184e-06
-2.81845e-06
1.24594e-05
5.42549e-05
1.63281e-05
5.45591e-05
2.15333e-05
5.32619e-05
2.7689e-05
5.11805e-05
3.43856e-05
5.06678e-05
4.13742e-05
5.10338e-05
4.85983e-05
5.29924e-05
5.31902e-05
5.89017e-05
5.7179e-05
6.66711e-05
-2.42884e-07
-2.71202e-05
5.16806e-07
2.68463e-05
-2.81252e-05
-1.07416e-06
1.82933e-06
2.73701e-05
9.18704e-06
4.94672e-05
-2.87155e-06
-3.05892e-06
1.13473e-05
5.20946e-05
1.43746e-05
5.15319e-05
1.86278e-05
4.90087e-05
2.32844e-05
4.6524e-05
2.87866e-05
4.51656e-05
-2.30076e-07
-2.65161e-05
5.59566e-07
2.61866e-05
-2.6522e-05
-1.06273e-06
1.89335e-06
2.56914e-05
6.81953e-06
4.78381e-05
-2.62143e-06
-2.56896e-06
8.3057e-06
5.06084e-05
1.62199e-05
-2.84821e-08
1.61288e-05
1.32753e-07
-4.17098e-08
1.60096e-05
-5.09941e-08
1.58564e-05
2.13509e-07
-6.03026e-08
1.56832e-05
-6.96845e-08
1.55072e-05
2.5064e-07
-7.46621e-08
1.53491e-05
-7.197e-08
1.52228e-05
1.90418e-07
-6.41525e-08
7.63493e-05
3.42923e-05
4.55281e-05
3.94177e-05
4.7867e-05
4.32202e-05
5.50992e-05
4.28991e-05
6.69922e-05
7.70149e-05
1.05831e-05
4.92545e-05
1.37465e-05
4.58453e-05
1.71732e-05
4.30972e-05
2.11978e-05
4.1141e-05
2.53436e-05
4.13824e-05
2.86351e-05
4.45755e-05
3.05248e-05
5.32095e-05
3.05923e-05
6.69247e-05
2.64679e-05
8.11393e-05
2.54294e-05
9.29068e-05
2.47394e-05
0.000109793
2.02705e-05
0.000124902
1.50963e-05
0.000140743
8.4889e-06
0.00015326
-8.11483e-07
0.000158023
-1.29375e-05
0.000161553
-2.20497e-05
0.000160165
-1.03282e-05
0.000135029
-1.0111e-05
-6.12556e-06
4.04696e-05
1.90561e-05
3.00051e-06
-7.33213e-07
-1.37109e-07
-2.58288e-05
5.26606e-07
2.54393e-05
-2.48306e-05
-9.30765e-07
1.57604e-06
2.41853e-05
3.48035e-06
4.79336e-05
-1.83539e-06
-1.7405e-06
3.96738e-06
5.01214e-05
5.33649e-06
4.78854e-05
7.65016e-06
4.35316e-05
1.00086e-05
4.07387e-05
1.22355e-05
3.89141e-05
1.46001e-05
3.90178e-05
1.59222e-05
4.32533e-05
1.62982e-05
5.28335e-05
1.61683e-05
6.70546e-05
1.40165e-05
8.32911e-05
1.04866e-05
9.64367e-05
9.06865e-06
0.000111211
7.37625e-06
0.000126595
5.16186e-06
0.000142958
-2.52848e-07
0.000158675
-9.96516e-06
0.000167736
-1.99132e-05
0.000171501
-2.43855e-05
0.000164637
-1.00703e-05
0.00012995
-9.23586e-06
-3.7246e-05
-6.71063e-06
3.38864e-05
-1.63953e-05
1.38309e-05
3.55068e-06
-9.86216e-07
-3.61355e-08
-2.49586e-05
5.59025e-07
2.44358e-05
-2.36082e-05
-1.01556e-06
1.32911e-06
2.32947e-05
1.24849e-06
4.91448e-05
-1.19307e-06
-1.26664e-06
1.09111e-06
5.02787e-05
1.3587e-06
4.76178e-05
2.0448e-06
4.28456e-05
2.88551e-06
3.9898e-05
3.44402e-06
3.83556e-05
4.01522e-06
3.84466e-05
4.06508e-06
4.32035e-05
3.6591e-06
5.32395e-05
3.80259e-06
6.69111e-05
5.30164e-06
8.1792e-05
3.32053e-06
9.84179e-05
2.10952e-07
0.000114321
-2.73611e-06
0.000129542
-6.57501e-06
0.000146796
-1.29427e-05
0.000165043
-1.82124e-05
0.000173005
-2.18399e-05
0.000175129
-2.28743e-05
0.000165671
-7.26908e-06
0.000120757
-6.41237e-06
-3.07509e-05
-4.64694e-06
2.81288e-05
-1.15246e-05
9.75821e-06
2.56783e-06
-8.01403e-07
1.93604e-08
-2.38797e-05
4.90274e-07
2.337e-05
-2.29065e-05
-9.46231e-07
8.66775e-07
2.29859e-05
4.25309e-07
4.99176e-05
-4.76443e-07
-7.21644e-07
-2.65977e-07
5.097e-05
-1.33268e-06
4.86845e-05
-2.88543e-06
4.43983e-05
-4.61943e-06
4.1632e-05
-5.91736e-06
3.96535e-05
-5.99661e-06
3.85258e-05
-5.6667e-06
4.28736e-05
-5.52015e-06
5.3093e-05
-6.47026e-06
6.78613e-05
-6.97059e-06
8.22923e-05
-7.77675e-06
9.9224e-05
-9.23253e-06
0.000115777
-1.39428e-05
0.000134252
-2.03112e-05
0.000153165
-2.26719e-05
0.000167403
-2.19323e-05
0.000172266
-2.07517e-05
0.000173948
-1.89307e-05
0.00016385
-3.02965e-06
0.000107424
-2.56802e-06
-2.52553e-05
-1.49496e-06
2.37206e-05
-8.5121e-06
7.92259e-06
9.85676e-07
-3.96163e-07
1.13439e-07
-2.2929e-05
2.04919e-07
2.26106e-05
-2.2892e-05
-5.44108e-07
3.17792e-07
2.31184e-05
-5.66109e-07
5.05638e-05
6.09194e-08
-1.40984e-07
-1.91837e-06
5.23223e-05
-4.86943e-06
5.16356e-05
-8.56669e-06
4.80956e-05
-1.19046e-05
4.49699e-05
-1.45491e-05
4.2298e-05
-1.71462e-05
4.11229e-05
-1.96398e-05
4.53671e-05
-2.04825e-05
5.39357e-05
-2.05474e-05
6.79261e-05
-2.20468e-05
8.37918e-05
-2.42336e-05
0.000101411
-2.72891e-05
0.000118832
-2.98602e-05
0.000136823
-2.98789e-05
0.000153184
-2.6325e-05
0.000163849
-2.25997e-05
0.000168541
-1.85896e-05
0.000169938
-1.19874e-05
0.000157248
1.34754e-06
9.31687e-05
9.20303e-07
-2.17133e-05
1.09274e-06
2.19681e-05
-7.74488e-06
8.24581e-06
-5.051e-07
4.17687e-09
2.97473e-07
-2.24359e-05
-2.60021e-07
2.23985e-05
-2.30944e-05
2.3799e-07
-5.20737e-07
2.33771e-05
-3.4476e-06
5.20319e-05
9.43799e-07
1.03565e-06
-6.14542e-06
5.50201e-05
-1.0339e-05
5.58292e-05
-1.48843e-05
5.26408e-05
-1.91186e-05
4.92042e-05
-2.38116e-05
4.6991e-05
-2.92622e-05
4.65736e-05
-3.40975e-05
5.02025e-05
-3.76245e-05
5.74626e-05
-3.9743e-05
7.00446e-05
-4.03654e-05
8.44142e-05
-4.07778e-05
0.000101823
-4.09212e-05
0.000118975
-3.91681e-05
0.00013507
-3.46732e-05
0.000148689
-2.90349e-05
0.000158211
-2.30244e-05
0.00016253
-1.48213e-05
0.000161735
-3.43142e-06
0.000145858
4.16609e-06
8.21537e-05
3.41751e-06
-2.15968e-05
3.05437e-06
2.27085e-05
-9.04804e-06
1.03095e-05
-1.54384e-06
2.82405e-07
4.59328e-07
-2.24888e-05
-7.74766e-07
2.28042e-05
-2.36377e-05
1.15718e-06
-1.65424e-06
2.41348e-05
-7.96876e-06
5.51985e-05
2.29054e-06
2.51171e-06
-1.13837e-05
5.84351e-05
-1.48365e-05
5.92819e-05
-1.95878e-05
5.73922e-05
-2.48509e-05
5.44673e-05
-3.10705e-05
5.32107e-05
-3.78124e-05
5.33154e-05
-4.3712e-05
5.6102e-05
-4.7909e-05
6.16596e-05
-5.15382e-05
7.36738e-05
-5.31475e-05
8.60236e-05
-5.28001e-05
0.000101476
-5.00257e-05
0.000116201
-4.65492e-05
0.000131593
-4.10077e-05
0.000143147
-3.29854e-05
0.000150189
-2.39359e-05
0.00015348
-9.95567e-06
0.000147755
4.43066e-06
0.000131472
5.31772e-06
7.67889e-05
4.47773e-06
-2.33522e-05
3.75126e-06
2.49187e-05
-1.15249e-05
1.29467e-05
-1.80986e-06
3.88104e-07
5.98863e-07
-2.33372e-05
-1.28359e-06
2.4022e-05
-2.45784e-05
2.03114e-06
-2.79305e-06
2.53403e-05
-1.16011e-05
5.89669e-05
3.77171e-06
4.06098e-06
-1.4824e-05
6.1658e-05
-1.71732e-05
6.16311e-05
-2.20188e-05
6.22378e-05
-2.84585e-05
6.09069e-05
-3.51346e-05
5.98867e-05
-4.18522e-05
6.00331e-05
-4.83572e-05
6.2607e-05
-5.38761e-05
6.71785e-05
-5.75674e-05
7.73651e-05
-5.9751e-05
8.82072e-05
-5.91941e-05
0.000100919
-5.72124e-05
0.000114219
-5.25245e-05
0.000126906
-4.48226e-05
0.000135445
-3.48776e-05
0.000140244
-2.22883e-05
0.000140891
-7.15588e-06
0.000132622
8.52423e-06
0.000115792
5.23212e-06
7.53068e-05
4.77426e-06
-2.60672e-05
3.62661e-06
2.76728e-05
-1.42776e-05
1.56488e-05
-1.77825e-06
4.06998e-07
6.79145e-07
-2.48626e-05
-1.61189e-06
2.57953e-05
-2.61594e-05
2.72678e-06
-3.82024e-06
2.72528e-05
-1.29782e-05
6.21613e-05
4.83474e-06
4.94902e-06
-1.61424e-05
6.48222e-05
-1.88529e-05
6.43415e-05
-2.35399e-05
6.69249e-05
-3.02975e-05
6.76645e-05
-3.76646e-05
6.72538e-05
-4.48894e-05
6.72579e-05
-5.04706e-05
6.81882e-05
-5.59088e-05
7.26168e-05
-5.9043e-05
8.04993e-05
-6.13677e-05
9.05319e-05
-6.14084e-05
0.00010096
-5.9233e-05
0.000112044
-5.27834e-05
0.000120456
-4.323e-05
0.000125892
-3.25041e-05
0.000129518
-1.7676e-05
0.000126063
-3.92282e-06
0.000118869
8.9402e-06
0.000102929
4.41363e-06
7.55961e-05
4.23727e-06
-2.91498e-05
3.09488e-06
3.04685e-05
-1.69165e-05
1.81258e-05
-1.57707e-06
3.67729e-07
6.75422e-07
-2.68416e-05
-1.74402e-06
2.79102e-05
-2.83973e-05
3.12927e-06
-4.52296e-06
2.97909e-05
-1.48156e-05
6.57615e-05
5.59771e-06
5.61763e-06
-1.85668e-05
6.85734e-05
-2.2751e-05
6.85257e-05
-2.64348e-05
7.06087e-05
-3.08974e-05
7.21271e-05
-3.61399e-05
7.24963e-05
-4.22369e-05
7.33549e-05
-4.81563e-05
7.41075e-05
-5.49716e-05
7.94321e-05
-5.86843e-05
8.42119e-05
-6.0053e-05
9.19006e-05
-5.96678e-05
0.000100574
-5.54018e-05
0.000107778
-4.78562e-05
0.00011291
-3.86095e-05
0.000116645
-2.66087e-05
0.000117517
-1.30835e-05
0.000112538
-1.87821e-06
0.000107664
6.96127e-06
9.40892e-05
3.35005e-06
7.61269e-05
3.08038e-06
-3.18652e-05
2.34466e-06
3.28706e-05
-1.9209e-05
2.01689e-05
-1.25664e-06
2.96758e-07
6.68216e-07
-2.90319e-05
-1.75699e-06
3.01207e-05
-3.11401e-05
3.26796e-06
-4.7708e-06
3.2643e-05
-1.69148e-05
7.02778e-05
6.1115e-06
6.28701e-06
-2.0657e-05
7.23157e-05
-2.54867e-05
7.33554e-05
-2.81191e-05
7.3241e-05
-3.0525e-05
7.45331e-05
-3.43063e-05
7.62776e-05
-3.90451e-05
7.80937e-05
-4.49368e-05
7.99992e-05
-5.01478e-05
8.46432e-05
-5.41689e-05
8.82329e-05
-5.50376e-05
9.27694e-05
-5.27574e-05
9.82942e-05
-4.82267e-05
0.000103247
-4.18023e-05
0.000106486
-3.3396e-05
0.000108239
-2.29553e-05
0.000107077
-1.25061e-05
0.000102089
-2.99999e-06
9.81575e-05
3.52044e-06
8.75688e-05
1.91766e-06
7.61211e-05
1.60862e-06
-3.39312e-05
1.39897e-06
3.44499e-05
-2.09351e-05
2.15186e-05
-7.88282e-07
2.04746e-07
6.73208e-07
-3.11898e-05
-1.6338e-06
3.21504e-05
-3.41957e-05
3.15683e-06
-4.83546e-06
3.58744e-05
-1.75497e-05
7.5139e-05
6.35682e-06
6.33166e-06
-2.03594e-05
7.51254e-05
-2.40798e-05
7.70758e-05
-2.75084e-05
7.66696e-05
-3.08771e-05
7.79018e-05
-3.52386e-05
8.06391e-05
-3.99332e-05
8.27883e-05
-4.53743e-05
8.54403e-05
-4.77528e-05
8.70217e-05
-4.92025e-05
8.96826e-05
-4.90201e-05
9.25871e-05
-4.69199e-05
9.61939e-05
-4.26115e-05
9.89388e-05
-3.69677e-05
0.000100842
-2.94098e-05
0.000100681
-2.07486e-05
9.84153e-05
-1.25896e-05
9.39296e-05
-5.01003e-06
9.05779e-05
-1.94219e-07
8.2753e-05
5.5429e-07
7.49354e-05
4.37163e-07
-3.50044e-05
4.97207e-07
3.50615e-05
-2.18843e-05
2.20691e-05
-3.0097e-07
1.16125e-07
5.82273e-07
-3.30046e-05
-1.29765e-06
3.372e-05
-3.76211e-05
2.36422e-06
-4.09027e-06
3.93472e-05
-1.64893e-05
8.06186e-05
5.7521e-06
5.25761e-06
-2.0087e-05
7.87231e-05
-2.31529e-05
8.01417e-05
-2.78613e-05
8.13781e-05
-3.28806e-05
8.2921e-05
-3.72213e-05
8.49798e-05
-4.07018e-05
8.62689e-05
-4.38984e-05
8.86369e-05
-4.5829e-05
8.89523e-05
-4.64751e-05
9.03286e-05
-4.58048e-05
9.19168e-05
-4.39817e-05
9.43708e-05
-4.06135e-05
9.55706e-05
-3.50712e-05
9.52997e-05
-2.89691e-05
9.45789e-05
-2.32107e-05
9.2657e-05
-1.65159e-05
8.72349e-05
-1.00084e-05
8.40704e-05
-4.34277e-06
7.70873e-05
-6.16871e-07
7.1608e-05
-3.98503e-07
-3.52463e-05
-2.17749e-07
3.48472e-05
-2.20742e-05
2.19671e-05
6.35556e-08
4.3507e-08
4.09312e-07
-3.4308e-05
-8.62189e-07
3.47609e-05
-4.09347e-05
1.20165e-06
-2.40207e-06
4.21351e-05
-1.35701e-05
8.67441e-05
4.02544e-06
3.41917e-06
-1.94588e-05
8.46118e-05
-2.27658e-05
8.34487e-05
-2.73375e-05
8.59497e-05
-3.20115e-05
8.7595e-05
-3.47911e-05
8.77595e-05
-3.73829e-05
8.88607e-05
-3.89684e-05
9.02223e-05
-4.09249e-05
9.09088e-05
-4.19249e-05
9.13286e-05
-4.14695e-05
9.14615e-05
-3.92984e-05
9.21996e-05
-3.75881e-05
9.38604e-05
-3.38936e-05
9.16052e-05
-2.68799e-05
8.75652e-05
-2.11613e-05
8.69384e-05
-1.45068e-05
8.05803e-05
-8.72685e-06
7.82904e-05
-4.43696e-06
7.27975e-05
-1.19506e-06
6.90415e-05
-6.75444e-07
-3.45816e-05
-6.6197e-07
3.40486e-05
-2.17603e-05
2.14874e-05
2.68439e-07
4.37376e-09
2.41408e-07
-3.50848e-05
-4.71008e-07
3.53144e-05
-4.30128e-05
4.59567e-07
-8.31356e-07
4.33846e-05
-7.94593e-06
9.13266e-05
1.95138e-06
1.41212e-06
-1.44704e-05
9.11363e-05
-1.95394e-05
8.85177e-05
-2.20337e-05
8.8444e-05
-2.43592e-05
8.99205e-05
-2.73451e-05
9.07454e-05
-3.18357e-05
9.33513e-05
-3.54024e-05
9.3789e-05
-3.87889e-05
9.42954e-05
-4.13597e-05
9.38994e-05
-4.23077e-05
9.24094e-05
-4.04297e-05
9.03217e-05
-3.60164e-05
8.9447e-05
-3.17688e-05
8.73576e-05
-2.73879e-05
8.31844e-05
-2.2163e-05
8.17135e-05
-1.72552e-05
7.56725e-05
-1.19507e-05
7.29859e-05
-7.14081e-06
6.79876e-05
-1.60591e-06
6.47846e-05
-1.27793e-06
-3.36149e-05
-7.80619e-07
3.27896e-05
-2.13212e-05
2.11205e-05
1.97445e-07
3.21455e-09
1.16996e-07
-3.54475e-05
-1.88554e-07
3.5519e-05
-4.3545e-05
1.59012e-07
-2.49706e-08
4.3411e-05
-2.05395e-06
9.30806e-05
2.27186e-07
7.26826e-08
-6.13507e-06
9.52174e-05
-1.2772e-05
9.51547e-05
-1.69387e-05
9.26107e-05
-2.13024e-05
9.42842e-05
-2.65412e-05
9.59841e-05
-2.97351e-05
9.65453e-05
-3.33008e-05
9.73547e-05
-3.63608e-05
9.73554e-05
-3.91783e-05
9.67169e-05
-4.10009e-05
9.4232e-05
-4.0186e-05
8.95068e-05
-3.57338e-05
8.49948e-05
-3.06539e-05
8.22776e-05
-2.59143e-05
7.84448e-05
-1.84655e-05
7.42647e-05
-1.29296e-05
7.01366e-05
-7.82972e-06
6.7886e-05
-5.16961e-06
6.53275e-05
-1.56303e-06
6.2736e-05
-1.55801e-06
-3.20019e-05
-8.51212e-07
3.12901e-05
-2.09622e-05
2.07598e-05
1.86673e-07
1.56738e-08
7.6972e-08
-3.56052e-05
-1.88395e-07
3.57167e-05
-4.32701e-05
3.36262e-07
1.88569e-07
4.27453e-05
1.324e-06
9.26183e-05
-6.71242e-07
-1.90363e-07
8.37745e-07
9.57036e-05
-3.43776e-06
9.94302e-05
-1.04876e-05
9.96605e-05
-1.48553e-05
9.86519e-05
-1.83869e-05
9.95157e-05
-2.23243e-05
0.000100483
-2.68735e-05
0.000101904
-3.11425e-05
0.000101624
-3.43835e-05
9.9958e-05
-3.64599e-05
9.63084e-05
-3.75568e-05
9.06037e-05
-3.56554e-05
8.30934e-05
-3.01113e-05
7.67336e-05
-2.50992e-05
7.34326e-05
-1.975e-05
6.89156e-05
-1.49323e-05
6.53189e-05
-1.02729e-05
6.32266e-05
-6.94389e-06
6.19985e-05
-1.80232e-06
5.93099e-05
-1.71546e-06
-3.04997e-05
-9.12165e-07
2.96096e-05
-2.0566e-05
2.03928e-05
1.35689e-07
3.75049e-08
1.28075e-07
-3.59142e-05
-3.53965e-07
3.61401e-05
-4.27605e-05
6.14616e-07
-1.22855e-07
4.22688e-05
2.65459e-06
9.08136e-05
-7.15699e-07
-1.34208e-07
4.53625e-06
9.3822e-05
5.38599e-06
9.85805e-05
1.23837e-06
0.000103808
-5.33273e-06
0.000105223
-1.11705e-05
0.000105353
-1.70173e-05
0.00010633
-2.06751e-05
0.000105562
-2.36502e-05
0.000104599
-2.60791e-05
0.000102387
-2.80889e-05
9.83181e-05
-2.94959e-05
9.20107e-05
-3.04151e-05
8.40126e-05
-2.86344e-05
7.49529e-05
-2.34344e-05
6.82326e-05
-1.73392e-05
6.28204e-05
-1.21463e-05
6.0126e-05
-8.40165e-06
5.9482e-05
-5.41497e-06
5.90118e-05
-1.57474e-06
5.6955e-05
-1.48537e-06
-2.8664e-05
-1.00157e-06
2.80908e-05
-2.02381e-05
2.00413e-05
1.67851e-07
2.8975e-08
1.86848e-07
-3.6368e-05
-3.79156e-07
3.65604e-05
-4.23344e-05
5.22683e-07
-2.05504e-07
4.20172e-05
4.38132e-06
8.74832e-05
-3.3457e-07
-7.16402e-07
7.65178e-06
9.05515e-05
1.12047e-05
9.50275e-05
1.33423e-05
0.00010167
9.04886e-06
0.000109516
4.64984e-07
0.000113937
-6.16868e-06
0.000112963
-1.08023e-05
0.000110195
-1.41203e-05
0.000107917
-1.68319e-05
0.000105098
-1.87039e-05
0.00010019
-2.0093e-05
9.33998e-05
-2.1551e-05
8.54706e-05
-2.11752e-05
7.45771e-05
-1.82395e-05
6.52969e-05
-1.43996e-05
5.89805e-05
-1.02161e-05
5.59425e-05
-6.59549e-06
5.58614e-05
-3.16397e-06
5.55803e-05
-7.20037e-07
5.49064e-05
-3.9531e-07
-2.73311e-05
-4.33512e-07
2.70446e-05
-1.99227e-05
1.98895e-05
-9.76501e-08
1.3087e-07
1.31202e-07
-3.65429e-05
-1.30192e-08
3.64247e-05
-4.17058e-05
-1.81444e-07
6.44946e-07
4.12423e-05
9.01936e-06
4.12277e-05
-1.48755e-06
-2.46706e-06
4.11908e-05
1.40156e-05
4.24022e-05
4.3153e-05
1.90447e-05
4.50741e-05
4.49243e-05
2.35321e-05
4.76339e-05
4.95493e-05
2.42552e-05
5.40694e-05
5.4724e-05
1.8369e-05
5.94161e-05
6.04075e-05
1.05862e-05
6.0239e-05
6.0507e-05
2.02968e-06
5.98733e-05
5.88785e-05
-4.37396e-06
5.77167e-05
5.66044e-05
-9.39456e-06
5.57438e-05
5.43753e-05
-1.20283e-05
5.22366e-05
5.05874e-05
-1.28905e-05
4.78195e-05
4.64424e-05
-1.37042e-05
4.31445e-05
4.31399e-05
-1.22761e-05
3.69323e-05
3.62167e-05
-9.58732e-06
3.15187e-05
3.10893e-05
-5.75783e-06
2.78817e-05
2.72693e-05
-2.72543e-06
2.63836e-05
2.65266e-05
-1.92339e-07
2.66909e-05
2.66374e-05
1.26252e-06
2.70798e-05
2.70457e-05
4.50374e-07
2.76202e-05
5.94013e-07
2.75044e-05
-2.6593e-05
2.94352e-07
2.67491e-05
-1.99617e-05
2.01361e-05
-4.43754e-07
2.69308e-07
-5.7062e-07
-3.58952e-05
1.36231e-06
3.51035e-05
-4.06286e-05
-1.63481e-06
1.83862e-06
4.04248e-05
-2.47161e-06
3.06631e-06
4.0633e-05
-3.7597e-06
4.71242e-06
4.14495e-05
-6.10559e-06
7.74453e-06
4.34351e-05
-8.8016e-06
1.02629e-05
4.61726e-05
-1.19764e-05
1.41332e-05
5.19126e-05
-1.5047e-05
1.51363e-05
5.93268e-05
-1.44758e-05
1.29465e-05
6.17683e-05
-1.10394e-05
8.45611e-06
6.24565e-05
-5.682e-06
3.27223e-06
6.01265e-05
-1.22999e-06
-4.31958e-07
5.74058e-05
1.51201e-06
-2.66516e-06
5.33897e-05
3.60423e-06
-4.3057e-06
4.8521e-05
4.96695e-06
-4.94135e-06
4.31189e-05
4.31973e-06
-4.00935e-06
3.66219e-05
3.60012e-06
-3.10385e-06
3.10225e-05
1.73349e-06
-8.50563e-07
2.69988e-05
2.46279e-07
1.52964e-07
2.59843e-05
-5.904e-07
1.12083e-06
2.61605e-05
-1.62271e-06
1.67752e-06
2.7025e-05
-1.31756e-06
9.36426e-07
2.80013e-05
-2.67638e-05
-7.18534e-07
5.17115e-07
2.69652e-05
-2.04597e-05
2.05282e-05
-4.34092e-07
3.65607e-07
1.7059e-06
6.77015e-07
-3.50555e-05
-1.44578e-06
2.06815e-06
-4.00375e-05
-2.91758e-06
3.89357e-06
-3.97454e-05
-4.78374e-06
5.72715e-06
-4.02968e-05
-6.76481e-06
8.15085e-06
-4.18946e-05
-9.4478e-06
1.09679e-05
-4.43501e-05
-1.27254e-05
1.4652e-05
-5.01047e-05
-1.6177e-05
1.73473e-05
-5.84221e-05
-1.82245e-05
1.79433e-05
-6.37392e-05
-1.67141e-05
1.51071e-05
-6.4566e-05
-1.31145e-05
1.07642e-05
-6.25126e-05
-8.41895e-06
6.28194e-06
-5.89613e-05
-4.56507e-06
3.29107e-06
-5.47198e-05
-2.34966e-06
1.95042e-06
-4.90517e-05
-1.70954e-06
2.00464e-06
-4.241e-05
-2.54078e-06
2.83692e-06
-3.60304e-05
-3.22023e-06
3.39501e-06
-3.03803e-05
-3.43453e-06
3.73327e-06
-2.67334e-05
-4.04936e-06
4.14301e-06
-2.58267e-05
-4.26127e-06
4.29948e-06
-2.61125e-05
-4.18456e-06
4.10775e-06
-2.72119e-05
-3.96094e-06
3.55365e-06
-2.80759e-05
-3.01166e-06
2.38606e-06
-2.79147e-05
-1.97418e-05
-3.015e-06
6.64685e-07
3.58673e-06
-9.25924e-07
1.5138e-05
-5.23117e-08
1.50977e-05
8.146e-08
-4.11066e-08
3.25056e-06
-9.44348e-07
1.50932e-05
-3.16815e-08
1.51104e-05
1.03815e-08
-2.75419e-08
1.87202e-06
-6.25908e-07
1.51506e-05
-2.09087e-08
1.52097e-05
-4.86146e-08
-1.04626e-08
3.88815e-07
-2.1111e-07
1.53167e-05
6.45867e-09
1.54895e-05
-2.01817e-07
2.89775e-08
-9.34902e-07
1.32666e-07
1.57362e-05
5.08637e-08
1.60456e-05
-3.73989e-07
6.4565e-08
-1.5383e-06
3.22824e-07
1.64257e-05
7.9174e-08
1.68747e-05
-5.44512e-07
9.55587e-08
-1.72397e-06
3.93102e-07
1.73637e-05
1.09875e-07
1.78935e-05
-6.57001e-07
1.27178e-07
-1.65799e-06
3.90329e-07
1.84328e-05
1.39846e-07
1.89755e-05
-6.94605e-07
1.51945e-07
-1.41885e-06
3.35665e-07
1.94937e-05
1.57197e-07
1.99991e-05
-6.66611e-07
1.6122e-07
-1.01787e-06
2.51667e-07
2.05041e-05
1.63148e-07
2.10166e-05
-6.77411e-07
1.64987e-07
-5.2471e-07
1.5905e-07
2.15298e-05
1.60001e-07
2.20258e-05
-6.49922e-07
1.53886e-07
-7.91811e-08
7.41263e-08
2.24692e-05
1.38856e-07
2.28455e-05
-4.98267e-07
1.21992e-07
1.74714e-07
3.21645e-08
2.31499e-05
1.04901e-07
2.33809e-05
-3.20961e-07
8.99581e-08
1.52314e-07
1.39657e-08
2.35435e-05
7.88317e-08
2.36444e-05
-1.71787e-07
7.08351e-08
1.48945e-07
9.39473e-09
2.36977e-05
6.37356e-08
2.37283e-05
-9.54308e-08
6.47947e-08
1.69452e-07
2.43634e-08
2.37393e-05
6.60485e-08
2.37596e-05
-9.45283e-08
7.42025e-08
1.11106e-07
4.36084e-08
2.38015e-05
8.62079e-08
2.38656e-05
-1.5438e-07
9.02086e-08
3.45794e-08
8.40044e-08
2.39512e-05
1.01276e-07
2.40204e-05
-1.72827e-07
1.03622e-07
-2.69986e-07
1.97764e-07
2.40438e-05
1.07816e-07
2.39046e-05
3.6823e-08
1.02412e-07
-6.09345e-07
2.85776e-07
2.32018e-05
1.32122e-07
2.13408e-05
1.77925e-06
8.17378e-08
2.52396e-07
5.34005e-07
5.97273e-08
-3.91084e-05
-4.00961e-05
-3.95482e-05
-4.06138e-05
-4.24766e-05
-4.59487e-05
-5.23601e-05
-6.13334e-05
-6.48707e-05
-6.41616e-05
-6.10109e-05
-5.73097e-05
-5.25771e-05
-4.74929e-05
-4.15073e-05
-3.50098e-05
-2.91519e-05
-2.59988e-05
-2.57806e-05
-2.63062e-05
-2.75139e-05
-2.81036e-05
-2.6718e-05
2.99173e-05
-2.07455e-07
5.83129e-07
2.95416e-05
2.98483e-05
-1.22587e-06
2.89634e-05
2.90801e-05
-4.21112e-07
9.59792e-07
2.85414e-05
2.78768e-05
-1.68228e-06
2.67406e-05
2.79841e-05
-5.80838e-07
1.13413e-06
2.74308e-05
2.56984e-05
-1.98221e-06
2.46217e-05
2.69276e-05
-5.48208e-07
1.00011e-06
2.64757e-05
2.38936e-05
-1.86084e-06
2.31855e-05
2.85538e-05
6.88733e-06
2.52533e-05
2.60716e-05
-5.62126e-07
9.72654e-07
2.5661e-05
2.29261e-05
-1.54975e-06
2.27354e-05
2.20933e-05
6.10044e-06
1.92434e-05
2.52045e-05
-5.66472e-07
1.05256e-06
2.47184e-05
2.28714e-05
-1.44078e-06
2.30456e-05
1.71643e-05
3.53888e-06
1.54974e-05
2.42625e-05
-3.92419e-07
8.6037e-07
2.37945e-05
2.34359e-05
-9.54257e-07
2.36685e-05
1.49882e-05
5.60725e-07
1.48162e-05
2.34553e-05
2.71196e-08
1.64174e-07
2.3264e-05
2.40472e-05
-1.88155e-07
2.40944e-05
1.54039e-05
-1.29164e-06
1.57606e-05
2.3242e-05
4.64279e-07
-5.96841e-07
2.33746e-05
2.45175e-05
8.57432e-07
2.46957e-05
1.72712e-05
-2.77381e-06
1.85067e-05
2.3757e-05
1.07752e-06
-1.58119e-06
2.42606e-05
2.5332e-05
2.02485e-06
2.58188e-05
2.04481e-05
-3.32914e-06
2.20532e-05
2.50082e-05
1.49761e-06
-2.40962e-06
2.59202e-05
2.67975e-05
3.22865e-06
2.76298e-05
2.39016e-05
-3.29726e-06
2.55409e-05
2.70351e-05
1.74088e-06
-3.0203e-06
2.83145e-05
2.86443e-05
4.16471e-06
2.94286e-05
2.70587e-05
-2.84062e-06
2.84805e-05
2.96998e-05
1.78837e-06
-3.2767e-06
3.11881e-05
3.05034e-05
4.62588e-06
3.14951e-05
2.95685e-05
-2.01974e-06
3.05703e-05
3.26991e-05
1.74647e-06
-3.34168e-06
3.42943e-05
3.28358e-05
4.89445e-06
3.42284e-05
3.1181e-05
-1.05407e-06
3.17104e-05
3.58173e-05
1.50419e-06
-2.90129e-06
3.72144e-05
3.57498e-05
4.64805e-06
3.74334e-05
3.19066e-05
-2.52363e-07
3.20798e-05
3.8281e-05
1.08627e-06
-1.80138e-06
3.89961e-05
3.90952e-05
3.38891e-06
4.09639e-05
3.19256e-05
1.32958e-07
3.19674e-05
3.93355e-05
6.44846e-07
-7.55488e-07
3.94462e-05
4.25873e-05
1.63312e-06
4.43733e-05
3.15739e-05
2.41743e-07
3.14844e-05
3.94347e-05
3.04898e-07
-2.75184e-07
3.9405e-05
4.54933e-05
4.35659e-07
4.64698e-05
3.09013e-05
4.90261e-07
3.05599e-05
3.93755e-05
1.81623e-07
-1.99439e-07
3.93933e-05
4.6672e-05
5.85976e-08
4.66861e-05
2.98954e-05
7.67657e-07
2.92972e-05
3.95412e-05
2.92075e-07
-5.22265e-07
3.97714e-05
4.62034e-05
5.37469e-07
4.54756e-05
2.85207e-05
7.69888e-07
2.78619e-05
4.0032e-05
3.82331e-07
-5.21658e-07
4.01713e-05
4.4637e-05
5.87261e-07
4.39156e-05
2.70282e-05
7.25625e-07
2.63372e-05
4.03149e-05
1.55375e-07
-1.47628e-09
4.0161e-05
4.33755e-05
-3.09875e-07
4.2969e-05
2.5806e-05
-5.62193e-08
2.55922e-05
3.99665e-05
-5.66367e-07
1.17035e-06
3.93625e-05
4.21264e-05
-1.78407e-06
4.14434e-05
2.54428e-05
-5.79296e-07
2.54128e-05
3.909e-05
-1.82726e-06
1.80889e-06
4.08104e-05
-2.1962e-06
2.91046e-06
4.04974e-05
-3.79803e-06
4.7472e-06
4.17598e-05
-5.89992e-06
7.04595e-06
4.38672e-05
-8.58648e-06
9.97716e-06
4.78358e-05
-1.17996e-05
1.36867e-05
5.38102e-05
-1.54945e-05
1.69446e-05
6.1068e-05
-1.78492e-05
1.75839e-05
6.24141e-05
-1.56129e-05
1.31564e-05
6.16526e-05
-1.10469e-05
8.53795e-06
5.86466e-05
-6.1518e-06
3.78754e-06
5.54553e-05
-2.23202e-06
3.77681e-07
5.15265e-05
9.5241e-07
-2.00303e-06
4.71037e-05
2.53375e-06
-2.92294e-06
4.25183e-05
2.21403e-06
-1.20309e-06
3.58074e-05
6.11599e-07
1.86044e-07
2.9719e-05
-8.28228e-07
1.39532e-06
2.6665e-05
-1.66067e-06
2.32693e-06
2.60891e-05
-2.48458e-06
2.79309e-06
2.61355e-05
-2.84109e-06
2.67034e-06
2.74056e-05
-2.48346e-06
2.3752e-06
2.77223e-05
-2.30064e-06
1.91929e-06
2.54958e-05
-9.69783e-07
2.216e-08
3.48298e-06
1.77249e-06
6.74815e-08
-3.44637e-06
3.41066e-06
-1.82227e-06
1.88975e-06
3.96626e-08
-3.35552e-06
3.25336e-06
-1.95385e-06
1.99352e-06
-2.61738e-08
-3.11192e-06
2.89776e-06
-2.01597e-06
1.9898e-06
4.97847e-08
6.40994e-08
2.24569e-08
-1.39756e-07
2.56555e-06
1.85004e-06
-2.79443e-07
2.11179e-06
1.5706e-06
-4.40266e-07
-1.57538e-06
1.02943e-06
-1.18108e-06
7.40816e-07
-3.92189e-07
-5.26782e-07
1.17568e-07
-2.99116e-07
-9.30724e-08
-2.25065e-07
1.83076e-07
-3.54174e-07
4.18337e-07
-6.43402e-07
-4.09273e-08
4.21202e-07
-3.76098e-07
7.87485e-07
-8.28412e-07
9.57545e-08
2.60846e-07
-7.41963e-08
8.10998e-07
-7.15243e-07
1.48049e-07
-1.33931e-07
3.73986e-07
6.00546e-07
-4.52497e-07
1.66334e-07
-6.12541e-07
8.53205e-07
2.9795e-07
-1.31616e-07
1.54913e-07
-1.08162e-06
1.29443e-06
-3.03011e-08
1.85214e-07
1.29108e-07
-1.48685e-06
1.6545e-06
-3.28458e-07
4.57566e-07
9.40113e-08
-1.79444e-06
1.90517e-06
-5.69297e-07
6.63309e-07
5.93711e-08
-1.98844e-06
2.04519e-06
-7.39097e-07
7.98469e-07
2.8726e-08
-2.07847e-06
2.09326e-06
-8.39311e-07
8.68037e-07
8.56467e-09
-2.10394e-06
2.09975e-06
-8.89519e-07
8.98084e-07
5.5009e-09
-2.10358e-06
2.10129e-06
-9.08218e-07
9.13719e-07
6.77624e-09
-2.10656e-06
2.11546e-06
-9.17843e-07
9.24619e-07
1.1585e-08
-2.13232e-06
2.15824e-06
-9.32125e-07
9.4371e-07
1.89432e-09
-2.18854e-06
2.21562e-06
-9.57014e-07
9.58908e-07
3.63388e-08
-2.28325e-06
2.37778e-06
-9.75284e-07
1.01162e-06
8.92214e-08
-2.51398e-06
2.69407e-06
-1.07319e-06
1.16241e-06
1.14787e-07
-2.88241e-06
3.13323e-06
-1.25985e-06
1.37463e-06
2.76882e-07
-3.47373e-06
-1.56813e-06
-3.89518e-07
-4.417e-07
-3.25265e-07
-1.44083e-07
1.74146e-08
1.14697e-07
1.54547e-07
1.61917e-07
1.43244e-07
1.11731e-07
7.57889e-08
4.08422e-08
2.14828e-08
1.01343e-08
4.12326e-09
7.50616e-09
1.33034e-08
1.6376e-08
6.15626e-08
9.74395e-08
1.935e-07
-7.43915e-09
1.33269e-06
5.14758e-07
-1.82099e-08
-1.30474e-06
1.27196e-06
-5.00992e-07
4.82782e-07
-2.91485e-08
-1.23498e-06
1.19444e-06
-4.59458e-07
4.30309e-07
-3.42229e-08
-1.15298e-06
1.11523e-06
-3.97108e-07
3.62885e-07
-1.37665e-08
-2.33238e-08
-3.32013e-08
-3.2948e-08
1.08403e-06
3.29937e-07
-2.94781e-08
1.0612e-06
3.00459e-07
-2.28533e-08
-1.04601e-06
1.03718e-06
-2.74542e-07
2.51689e-07
-2.03263e-08
-1.03161e-06
1.03103e-06
-2.29713e-07
2.09387e-07
-1.11216e-08
-1.03777e-06
1.05535e-06
-1.92186e-07
1.81064e-07
6.95321e-09
-1.08657e-06
1.13048e-06
-1.78815e-07
1.85769e-07
2.06685e-08
-1.18177e-06
1.24027e-06
-1.99051e-07
2.19719e-07
3.72507e-08
-1.30653e-06
1.37915e-06
-2.49022e-07
2.86272e-07
5.31622e-08
-1.46016e-06
1.54685e-06
-3.32438e-07
3.856e-07
6.14975e-08
-1.63952e-06
1.73522e-06
-4.44875e-07
5.06373e-07
6.39952e-08
-1.83365e-06
1.9328e-06
-5.69163e-07
6.33158e-07
6.44498e-08
-2.03211e-06
2.12767e-06
-6.9883e-07
7.6328e-07
5.78967e-08
-2.21842e-06
2.29938e-06
-8.26413e-07
8.84309e-07
4.56225e-08
-2.36986e-06
2.42914e-06
-9.35819e-07
9.81442e-07
3.60749e-08
-2.47919e-06
2.52195e-06
-1.02135e-06
1.05742e-06
3.10498e-08
-2.55933e-06
2.59202e-06
-1.09087e-06
1.12192e-06
3.3091e-08
-2.62448e-06
2.65744e-06
-1.15425e-06
1.18735e-06
4.2428e-08
-2.69476e-06
2.73854e-06
-1.22423e-06
1.26665e-06
4.84759e-08
-2.78455e-06
2.83735e-06
-1.31085e-06
1.35933e-06
5.00922e-08
-2.89205e-06
2.94978e-06
-1.40825e-06
1.45834e-06
5.79239e-08
-3.00726e-06
3.08146e-06
-1.50327e-06
1.56119e-06
1.95941e-08
-3.13313e-06
-1.59126e-06
-2.59167e-08
-2.19755e-08
-1.72011e-08
-2.2486e-09
1.32822e-08
2.93027e-08
4.61653e-08
5.92753e-08
6.27899e-08
6.56725e-08
6.31324e-08
5.15102e-08
3.99031e-08
3.34506e-08
3.23345e-08
3.68802e-08
4.41995e-08
4.89193e-08
4.4928e-08
3.00705e-08
)
;

boundaryField
{
    inlet
    {
        type            calculated;
        value           nonuniform List<scalar> 0();
    }
    outlet
    {
        type            calculated;
        value           nonuniform List<scalar> 
52
(
3.26725e-05
3.94151e-05
3.87694e-05
3.93534e-05
4.05086e-05
4.283e-05
4.81781e-05
5.72518e-05
6.40204e-05
6.6173e-05
6.4863e-05
6.10983e-05
5.59938e-05
4.9451e-05
4.21149e-05
3.57342e-05
3.02055e-05
2.64347e-05
2.5733e-05
2.60743e-05
2.72887e-05
2.84831e-05
2.85403e-05
2.20921e-05
2.2987e-05
3.83396e-05
3.92467e-05
3.86581e-05
3.95762e-05
4.11796e-05
4.41913e-05
5.08351e-05
6.04562e-05
6.60999e-05
6.61541e-05
6.33561e-05
5.90265e-05
5.35185e-05
4.77338e-05
4.09712e-05
3.46265e-05
2.91124e-05
2.56827e-05
2.56624e-05
2.64211e-05
2.76607e-05
2.86456e-05
2.60891e-05
3.86154e-06
1.84502e-06
3.17326e-06
1.61086e-06
)
;
    }
    wall
    {
        type            calculated;
        value           uniform 0;
    }
    empty_zmin
    {
        type            empty;
    }
    empty_zmax
    {
        type            empty;
    }
    procBoundary1to0
    {
        type            processor;
        value           nonuniform List<scalar> 
35
(
-0.000161364
-0.000155246
-0.000152065
-0.000149403
4.7545e-06
-0.000147018
-7.3034e-05
-4.07075e-05
-6.78645e-05
-2.48128e-05
1.16944e-05
3.08752e-05
3.03054e-05
5.51796e-06
-2.80309e-05
-4.85658e-05
-6.60606e-05
-9.15068e-05
-0.000137318
-0.000160778
1.19918e-06
1.58975e-06
-4.79264e-05
-5.2267e-05
-9.64302e-05
6.34922e-06
-9.38196e-05
-8.74956e-05
-8.41625e-05
-2.72586e-05
-5.18606e-05
-5.19834e-05
2.18734e-06
2.37169e-06
1.34431e-07
)
;
    }
}


// ************************************************************************* //
