/*--------------------------------*- C++ -*----------------------------------*\
| =========                 |                                                 |
| \\      /  F ield         | OpenFOAM: The Open Source CFD Toolbox           |
|  \\    /   O peration     | Version:  2406                                  |
|   \\  /    A nd           | Website:  www.openfoam.com                      |
|    \\/     M anipulation  |                                                 |
\*---------------------------------------------------------------------------*/
FoamFile
{
    version     2.0;
    format      ascii;
    arch        "LSB;label=32;scalar=64";
    class       volScalarField;
    location    "2.96";
    object      initialResidual:p;
}
// * * * * * * * * * * * * * * * * * * * * * * * * * * * * * * * * * * * * * //

dimensions      [0 0 0 0 0 0 0];

internalField   nonuniform List<scalar> 
2284
(
1.55682e-11
1.77942e-10
-6.31245e-10
1.26997e-10
-1.44102e-09
2.377e-09
-7.54982e-10
3.09761e-10
-3.21845e-10
-3.53307e-10
9.20615e-10
1.61334e-11
1.43432e-10
-9.82332e-11
1.90266e-10
-5.38381e-11
-1.30516e-10
-2.49984e-10
1.75298e-11
-1.34859e-11
1.44474e-11
1.47237e-11
1.22143e-11
-3.23754e-12
2.48177e-12
6.65755e-13
-8.09832e-12
2.4584e-12
-2.82325e-12
-2.60517e-12
1.34147e-12
-6.90689e-12
-1.77029e-11
1.68574e-11
-3.0365e-11
4.20027e-11
-1.27725e-10
1.49143e-11
1.55277e-11
6.56872e-12
1.2402e-11
-3.04034e-12
1.1852e-11
8.65582e-12
1.02526e-12
-3.27272e-11
1.28322e-10
3.92909e-11
-1.23141e-10
-6.64907e-12
1.5794e-10
-1.10772e-11
-2.228e-11
-1.07893e-11
2.18534e-12
-1.20482e-11
-1.7969e-11
-7.4288e-12
4.06524e-13
1.50991e-11
-1.04603e-10
-5.20968e-11
1.13485e-10
3.69372e-11
-8.08257e-11
-2.41992e-12
1.3789e-11
-2.56275e-12
-4.62997e-11
1.06119e-11
-6.44042e-11
8.50247e-11
1.5686e-11
-5.6217e-11
-4.77103e-11
-2.19635e-11
2.80488e-10
-1.81587e-10
-4.25632e-11
-3.07141e-12
6.2398e-13
2.67166e-12
1.74642e-13
3.92798e-13
-4.74055e-15
1.36664e-11
2.56133e-11
2.9732e-11
-1.4068e-11
2.3163e-12
-5.16142e-12
5.0985e-13
-1.43661e-12
7.16195e-13
-9.49403e-12
-5.4802e-12
9.34585e-12
-5.44847e-11
1.43593e-11
1.78267e-11
-1.07678e-11
-8.17774e-12
7.12987e-12
-1.62294e-12
1.91838e-13
3.81941e-12
-1.80527e-11
1.3268e-10
-1.2174e-11
-1.29782e-11
1.17425e-11
3.72414e-11
-4.01535e-12
-8.27083e-12
-9.22946e-12
-3.79957e-12
-2.52573e-12
1.54724e-11
1.5123e-11
1.33015e-11
-5.53896e-12
2.84664e-11
2.09998e-11
-2.71626e-11
-2.09338e-11
2.25115e-10
-2.49374e-10
-1.79001e-11
-5.65255e-11
5.86181e-11
5.61116e-11
-2.20636e-10
1.97358e-11
9.76292e-12
-1.60158e-11
1.26173e-11
1.32533e-10
-6.62185e-11
2.53954e-11
7.35663e-12
-6.70201e-11
-2.72806e-11
1.93846e-11
-2.50465e-12
1.98646e-11
-4.2312e-11
-1.97853e-11
9.43221e-11
-4.11049e-11
3.9965e-11
1.29113e-10
1.5699e-11
1.81484e-12
-1.66016e-11
-1.72892e-11
-7.62808e-11
2.92919e-11
-1.61838e-11
-2.07497e-11
-8.04002e-11
-1.69198e-10
9.48606e-11
8.20992e-12
5.50782e-11
5.55082e-11
3.9631e-12
-2.22584e-11
-5.34667e-11
-3.65118e-11
4.31488e-11
3.1331e-11
-6.92468e-11
-4.33385e-11
-1.47701e-11
-1.53482e-10
1.60769e-10
3.93628e-11
-4.47767e-11
2.44268e-11
2.68147e-10
-9.09654e-11
-9.75496e-11
4.11716e-11
1.36486e-10
5.22724e-11
-1.12217e-11
-4.48638e-11
-4.66789e-11
4.53012e-11
1.10506e-11
3.33588e-11
4.4688e-11
-4.34399e-11
3.24768e-11
3.97504e-12
1.87766e-11
7.78038e-11
-1.02146e-10
8.82872e-11
-8.5059e-11
-5.06914e-11
1.20543e-10
-4.04864e-11
-8.66989e-10
6.97322e-11
1.56926e-10
9.90263e-12
1.60188e-11
-6.6553e-11
-7.99128e-11
5.17115e-11
-1.28013e-11
-5.47676e-11
8.93517e-12
-4.91393e-11
1.33134e-11
1.1187e-10
-8.45862e-11
-7.53101e-11
-4.60177e-11
1.67408e-12
7.42473e-11
1.79025e-10
-1.82759e-10
7.00118e-11
-3.57877e-11
-4.67396e-10
4.95684e-10
2.47531e-11
4.95377e-11
8.40464e-12
-1.92904e-10
-7.50562e-11
1.7112e-10
2.21346e-11
1.18003e-10
-1.04296e-11
-1.60576e-10
6.4586e-11
1.65374e-11
-1.07887e-10
1.97068e-11
6.46099e-11
9.33523e-11
3.27025e-11
2.2703e-11
-5.08151e-10
1.01448e-10
-6.64956e-11
-5.19583e-11
1.64803e-10
2.00092e-09
4.23119e-10
-4.48811e-10
-1.49414e-11
1.44131e-10
1.3809e-10
-3.25524e-11
-1.3254e-10
2.56721e-11
2.3582e-10
3.88098e-11
-4.34827e-11
-3.39347e-11
9.03657e-12
4.01147e-11
-9.21691e-12
-7.5079e-11
-3.90144e-11
-2.25387e-11
4.22017e-10
-9.7092e-11
-1.72041e-10
-2.07573e-11
-6.45589e-11
7.96615e-11
2.24694e-09
-5.46557e-11
-2.1179e-09
4.98158e-11
-2.98328e-11
-1.7537e-10
1.00898e-10
-5.72389e-10
-3.75306e-10
5.63752e-10
3.02939e-10
-6.12805e-11
-1.18115e-10
-2.71278e-12
-5.00043e-11
3.82339e-12
-3.89137e-11
-2.59781e-11
-2.49732e-10
7.32923e-11
-1.07714e-10
5.80744e-11
1.0843e-10
7.44127e-11
-2.17588e-09
1.56423e-09
1.8315e-09
-2.34215e-11
-6.38578e-11
-3.20774e-11
2.30962e-10
-9.43879e-11
-9.73762e-11
-1.39808e-10
-1.41541e-10
2.08454e-10
1.4413e-10
1.54718e-11
6.6963e-11
6.4442e-11
7.18328e-11
1.03039e-10
1.31547e-12
-1.83294e-10
-2.02966e-10
-3.18977e-11
1.4635e-10
-2.87248e-10
-1.91895e-10
-1.05421e-09
6.71527e-11
-1.67971e-10
1.98476e-10
3.93514e-10
-6.39027e-10
5.77096e-10
7.78807e-10
-2.99966e-10
-5.0589e-10
-4.42638e-11
3.00655e-11
2.83595e-11
2.7546e-12
-1.35216e-10
-1.02888e-10
-3.17882e-11
1.72358e-10
9.99961e-12
9.12084e-11
-1.30429e-10
1.59887e-10
-7.02814e-11
2.15235e-10
6.4243e-12
1.65476e-10
4.66437e-10
-2.49871e-10
-2.19106e-10
5.42329e-11
-5.00893e-10
-5.18512e-10
3.58846e-10
3.13899e-10
-2.39728e-10
3.12427e-11
-1.16418e-10
-5.70728e-11
1.39928e-10
7.50327e-11
-8.50381e-11
-1.74357e-10
3.43149e-12
-2.15641e-11
-5.84164e-10
-5.41959e-10
1.0168e-09
3.34064e-11
1.19042e-10
7.09579e-11
-1.26464e-09
-2.69369e-10
3.56108e-10
6.10185e-10
6.89575e-10
1.56471e-10
-8.9877e-10
-1.54669e-10
4.0906e-10
3.25266e-10
-1.816e-11
4.58756e-11
-1.06725e-10
3.44997e-12
5.844e-11
1.95048e-10
4.69249e-11
4.87426e-11
-2.46283e-10
6.29831e-10
-7.43015e-10
-1.27078e-10
1.71905e-10
-1.47284e-09
3.32904e-10
1.70724e-09
-1.1447e-10
-5.68878e-10
1.9778e-10
4.53009e-10
4.36653e-10
-1.39521e-10
-4.21343e-10
-3.91245e-10
5.22403e-11
4.42227e-11
2.47428e-10
-2.69453e-11
7.59307e-12
-3.68474e-11
-2.73753e-11
-6.79438e-11
5.3582e-11
3.01401e-10
-2.58173e-10
2.00293e-10
1.20042e-10
1.08839e-09
3.04535e-10
-8.68742e-10
-1.15794e-09
1.75341e-10
-1.03568e-09
-6.97728e-10
9.34984e-10
6.49039e-10
-8.84493e-11
1.24842e-10
-1.33238e-10
-2.89994e-10
-1.53949e-10
2.55074e-10
-3.16004e-11
-1.93309e-10
-3.53848e-11
8.76014e-11
9.40464e-11
1.58467e-10
2.87556e-09
-4.2733e-10
-7.55887e-10
2.23246e-08
7.27693e-09
-2.35145e-08
4.48437e-10
6.13211e-10
6.92843e-10
-5.02489e-10
-9.7919e-10
3.89033e-12
1.64102e-10
1.24452e-10
2.82727e-10
2.15945e-10
-1.97875e-10
-4.10725e-10
-3.29809e-12
8.28181e-11
1.4496e-11
-1.34423e-11
-1.64355e-12
-5.58588e-11
-1.50828e-09
2.66579e-10
7.24295e-10
-1.7904e-08
-1.93239e-08
2.16174e-08
6.79064e-10
-1.1545e-09
1.10713e-11
1.2582e-09
-3.96589e-10
-1.13786e-09
2.1224e-10
-1.50452e-10
-2.11145e-10
2.22701e-11
2.49247e-10
1.8263e-10
1.04559e-10
-6.65417e-12
6.78359e-11
-8.23654e-11
-1.7732e-10
-5.81282e-10
7.37701e-10
1.37298e-10
1.28924e-10
-1.81015e-09
8.87758e-09
2.66691e-09
-3.32505e-10
4.68436e-11
-3.57262e-10
-1.81291e-10
4.15757e-10
5.19727e-10
5.51217e-10
9.00581e-13
-2.40615e-10
-1.75042e-10
-2.16231e-10
2.0532e-11
-1.11146e-10
6.88507e-11
-5.03112e-11
8.03298e-11
1.03939e-10
1.61008e-10
-2.36901e-10
-1.79522e-10
-6.84803e-10
-8.68881e-10
8.31029e-10
-1.06994e-10
7.567e-10
3.22362e-10
2.0939e-10
-1.11071e-13
1.47908e-11
-3.94563e-11
-5.4402e-12
-8.06033e-11
2.75784e-12
-2.57134e-10
-9.21461e-11
2.10455e-11
-1.13908e-10
9.16934e-11
3.11993e-11
4.51497e-11
4.67416e-11
-2.36249e-11
-3.3669e-10
-6.97614e-11
-1.00162e-10
-6.93593e-11
-6.54105e-11
-7.75089e-11
-5.73741e-11
1.84052e-12
-7.66073e-11
1.4271e-10
2.27473e-10
1.17731e-10
1.6749e-10
2.56868e-11
1.02163e-10
1.18635e-10
-8.64033e-11
3.15373e-10
-1.76859e-10
-1.15784e-10
-1.51891e-10
-8.54716e-11
-9.6888e-11
-1.08731e-10
1.01431e-10
-3.4427e-12
3.08065e-12
1.20889e-12
-1.3402e-12
-4.05769e-14
-2.87999e-12
3.75647e-11
6.14061e-12
1.06966e-12
-6.29488e-11
-1.71802e-11
2.97589e-12
3.20409e-11
1.47279e-11
-1.99274e-11
1.74677e-11
4.22995e-12
1.73936e-11
-7.12049e-11
-1.82373e-11
3.98107e-12
5.95073e-11
-1.12455e-11
-9.25058e-12
4.4054e-11
2.37176e-11
-3.44918e-12
2.56759e-10
7.92877e-12
-1.34794e-11
-3.98389e-11
2.56691e-12
1.45688e-11
-1.19078e-11
5.97734e-12
2.20483e-11
-2.00888e-11
6.33884e-11
-6.41829e-11
8.28557e-11
-1.13892e-10
1.15797e-10
-1.05185e-10
9.51201e-12
-7.72565e-11
6.53288e-11
8.8325e-11
-1.12564e-10
-5.62778e-11
4.98164e-11
6.0869e-11
6.19711e-11
-1.06324e-10
1.34612e-10
1.40589e-11
-7.13972e-11
-8.33539e-11
-5.15352e-11
4.10576e-11
-2.00889e-12
4.26903e-12
-3.75966e-11
1.25368e-11
-9.4011e-12
-2.09322e-11
-5.83667e-12
-4.51003e-12
1.38842e-11
-1.86473e-12
1.59139e-11
-1.89097e-11
-1.00579e-11
5.85756e-12
2.14993e-11
4.73832e-12
-7.25607e-13
1.13344e-11
-8.8125e-12
-1.95552e-11
-9.53443e-11
-7.29987e-12
1.09587e-10
5.39051e-11
-5.51521e-12
1.12225e-10
-6.74422e-11
2.3518e-11
-6.29582e-11
-1.56816e-11
-3.11047e-11
-5.60552e-11
-7.85492e-11
-1.13416e-10
6.83853e-12
-1.0967e-11
8.04306e-11
3.56076e-11
2.20123e-10
1.83032e-10
-1.38676e-10
-5.7739e-11
8.3101e-12
-6.32293e-11
8.79755e-11
-7.78008e-11
1.25072e-11
-1.88846e-10
-9.23628e-11
1.75121e-11
1.0522e-10
-3.70647e-12
1.24787e-13
-8.52245e-11
2.57737e-11
3.42353e-10
4.29565e-10
-4.80711e-10
2.95518e-10
6.15805e-11
6.10558e-11
4.6805e-11
2.48504e-13
-1.52301e-10
-1.05983e-10
-4.32835e-11
1.65932e-10
2.35667e-10
-4.40236e-11
-3.60855e-11
-9.56839e-11
1.41426e-10
1.91089e-10
-2.31787e-09
6.35714e-11
3.82127e-10
-8.60659e-10
7.48132e-11
2.13777e-11
-3.67461e-12
-1.06227e-10
-1.25955e-10
-9.69046e-11
-1.85507e-10
8.72658e-10
-7.54951e-10
1.26342e-10
4.8441e-11
-1.92187e-12
-1.51166e-11
6.33438e-11
1.13632e-11
-1.45532e-10
3.48799e-10
-1.03033e-11
-2.41813e-11
-9.47418e-12
3.67747e-11
1.20583e-10
-1.4379e-11
2.66374e-11
-1.23927e-10
-1.24713e-10
1.36295e-10
6.90672e-11
3.55154e-12
3.67791e-11
-1.25605e-10
2.006e-11
-1.58766e-10
-4.02147e-12
-3.65772e-11
-8.42587e-11
-2.76486e-11
6.47721e-10
-2.63619e-11
3.94577e-11
1.11529e-10
1.90845e-10
2.8127e-10
-5.79925e-11
7.97283e-11
-3.77496e-11
1.68692e-10
-6.8679e-11
8.14671e-11
-2.04133e-11
-2.75759e-10
-5.9324e-10
3.42502e-11
-5.47319e-11
3.31568e-11
-4.29412e-11
1.45188e-10
-1.10948e-10
-1.00517e-10
9.09971e-11
-2.31054e-10
1.40312e-11
-2.57542e-11
1.65323e-11
-1.97391e-10
8.17999e-11
-1.22303e-11
-1.53086e-09
2.84411e-11
-3.45684e-10
4.50743e-12
6.75198e-11
1.02624e-11
6.32945e-10
-5.13113e-10
5.83944e-11
-6.12012e-10
2.04682e-10
9.93793e-10
-5.23076e-11
-4.53474e-11
-4.46926e-11
-1.35566e-10
-4.49939e-11
5.15812e-11
-1.53204e-10
1.39594e-10
2.19872e-10
3.9211e-11
1.41899e-11
1.77182e-11
-8.80633e-11
2.51323e-11
-3.04096e-11
2.78776e-10
5.20614e-12
-1.98225e-10
-1.91102e-11
1.02523e-12
3.20032e-11
5.00271e-12
-3.37153e-11
-4.33097e-11
3.72151e-11
4.25477e-12
1.08976e-11
-2.03321e-11
-6.30824e-12
-2.06205e-11
1.53553e-11
2.36342e-11
-1.66142e-11
3.30298e-12
-4.02916e-13
-2.37264e-11
2.34413e-12
3.60424e-11
-5.65687e-12
1.79739e-11
-2.89345e-12
2.33709e-11
-1.07628e-11
-3.85752e-11
9.85806e-12
-1.67677e-11
-7.61965e-12
-3.3407e-11
1.05497e-11
5.82198e-11
-1.23204e-11
-3.85843e-11
-1.1576e-13
6.03187e-11
-1.51943e-11
5.34516e-11
-2.7553e-11
1.25361e-11
-2.55893e-12
1.15846e-10
-3.45326e-11
-1.25486e-11
-1.3959e-12
3.40233e-12
-3.74302e-13
2.80317e-12
-9.2077e-13
-7.93752e-12
1.56206e-12
3.39382e-12
-3.23498e-12
1.31273e-11
1.26521e-12
6.90005e-12
-1.4005e-12
-2.27803e-11
2.77011e-12
2.29623e-11
2.42874e-12
-2.56314e-11
-4.47581e-12
5.14272e-12
3.23124e-12
2.1573e-11
-4.6768e-12
-7.32291e-12
1.61448e-12
1.36873e-12
1.67647e-12
6.77726e-11
-1.23094e-11
-2.00749e-11
3.17166e-12
-1.24549e-11
4.99939e-12
5.53533e-11
-1.59927e-11
-4.97407e-11
3.86935e-12
5.05572e-11
5.1559e-12
-9.79669e-11
1.55174e-11
2.44027e-11
-2.29373e-12
-1.38391e-11
1.57469e-12
6.89876e-12
-1.84059e-12
9.91295e-12
-1.04998e-12
-1.35255e-11
2.12821e-12
-4.83683e-12
7.43555e-13
1.46984e-11
-1.98724e-12
-2.48909e-11
-2.82763e-13
1.39651e-11
1.77723e-12
6.92086e-12
-1.13087e-12
-1.22441e-11
1.54658e-13
1.74648e-11
1.43631e-12
-1.33716e-11
-6.33568e-13
-7.47833e-12
7.10215e-13
9.65258e-12
4.42831e-13
-1.45873e-12
3.30573e-13
2.65287e-12
-7.13978e-13
-4.52158e-12
9.28031e-13
4.2764e-12
-5.21054e-14
-1.31017e-12
-1.4792e-12
2.11541e-12
-1.12057e-13
-1.25536e-12
4.82346e-13
5.70058e-12
-2.28241e-12
-8.87496e-12
1.52504e-12
-2.90226e-12
2.15837e-12
1.11596e-11
-2.23794e-12
-3.13311e-12
1.7303e-12
-9.9014e-12
2.3013e-12
8.41409e-12
-1.48183e-12
-5.42702e-12
-2.83456e-12
1.36642e-11
-5.33651e-12
4.03811e-12
6.07868e-12
9.13561e-12
4.865e-12
-6.16871e-12
-5.3471e-12
-3.91242e-11
-3.8635e-12
-3.75085e-12
9.00357e-13
6.69809e-12
-1.98742e-12
-3.8089e-12
7.31854e-13
4.18169e-12
-1.15538e-12
-9.03071e-12
5.71225e-12
-4.74069e-13
6.58187e-13
-8.0354e-12
2.59097e-12
3.26946e-12
-9.0402e-13
1.63527e-11
-3.32934e-12
-1.86468e-11
3.16321e-12
2.85974e-13
-2.17403e-12
5.95832e-12
-1.28791e-13
-1.49154e-11
3.10237e-12
8.30892e-12
-9.5024e-13
2.37366e-12
5.83451e-12
-2.46038e-11
1.1715e-12
1.13961e-12
-8.96933e-12
5.23729e-12
-4.49995e-13
1.75504e-11
5.61226e-12
-2.46253e-12
1.72541e-12
-3.49538e-12
9.38074e-12
7.42006e-12
-8.09629e-12
1.35983e-11
2.87159e-11
-2.08133e-11
-1.60604e-11
1.07028e-11
4.73014e-12
-5.42029e-12
4.17007e-12
2.52546e-12
-6.28067e-12
-6.82988e-12
-6.73643e-13
1.33041e-11
-3.96517e-11
1.24575e-11
1.33313e-11
-2.26303e-12
3.92865e-11
-1.30401e-12
-1.90644e-12
-1.47205e-11
1.20289e-11
-4.58632e-11
1.4243e-12
1.59063e-11
7.39078e-11
-4.56795e-11
-1.59987e-11
-2.85766e-12
-5.40256e-13
4.80237e-11
2.003e-12
-4.88601e-12
-2.48738e-12
-4.60878e-12
5.62673e-12
-8.11297e-12
-3.76153e-11
-1.48814e-11
1.69393e-12
-7.1466e-13
-4.76482e-13
9.42887e-13
1.74866e-12
-7.07807e-13
-9.53735e-12
2.95154e-12
1.40402e-13
-1.16631e-13
1.96758e-12
-7.01765e-13
8.02936e-13
-2.04142e-12
7.84016e-12
7.74772e-14
-2.91397e-13
8.83534e-14
1.70407e-13
3.42857e-14
-2.7833e-14
-2.23535e-13
1.40256e-13
-4.5031e-14
7.24007e-13
4.96437e-13
9.00159e-13
-7.06445e-13
-6.23761e-13
-4.15201e-13
1.96827e-12
-1.90805e-12
2.35473e-12
1.06952e-13
4.31024e-13
-1.37473e-12
-3.35367e-14
1.44761e-13
-1.74727e-12
1.4821e-13
4.72813e-13
-2.35521e-13
-3.11578e-13
3.30987e-13
6.92145e-13
5.79391e-13
-1.34086e-13
5.2156e-13
-1.2807e-12
5.19384e-14
-8.60745e-14
1.43213e-13
-9.86162e-13
6.29539e-13
-3.55669e-12
8.60447e-12
-1.32257e-12
1.02709e-13
2.15781e-12
-1.7922e-12
5.65042e-13
3.02176e-13
1.51657e-13
-1.47779e-12
-4.74701e-13
5.57914e-13
-2.07479e-13
5.17385e-13
7.68666e-13
-6.77423e-13
-9.47037e-13
8.21702e-13
1.7593e-12
-5.39808e-13
2.21093e-12
-5.60748e-12
-5.5261e-12
5.99814e-12
-8.23108e-12
-1.16799e-11
1.84202e-11
1.50095e-11
-1.913e-13
-3.6078e-12
-3.11302e-13
1.53075e-12
-1.20197e-12
1.15664e-13
1.2916e-12
-7.39118e-13
-7.74819e-13
3.79065e-13
8.86193e-13
5.14268e-13
1.86784e-12
-5.28458e-13
-1.62423e-12
-2.90912e-12
-4.93483e-12
4.60008e-12
-2.78625e-12
-1.1924e-12
1.61794e-11
-8.53161e-13
-2.89306e-11
1.68068e-11
7.65353e-12
-5.6875e-12
-3.81898e-13
8.56956e-13
-8.37651e-13
2.65457e-12
1.31637e-12
-5.4936e-13
1.29614e-12
-7.46588e-13
-1.70351e-12
-1.33114e-13
-5.93424e-13
-1.75339e-12
-7.1682e-13
3.55756e-12
2.22304e-12
-1.39737e-11
3.31733e-11
-1.41955e-11
1.93283e-12
2.97379e-11
1.05434e-12
-3.7151e-11
-1.51472e-11
5.91263e-12
-5.23096e-13
-1.30545e-12
1.1335e-12
-1.39428e-12
-1.7908e-12
1.28743e-12
2.26643e-13
-4.02175e-14
6.12632e-13
-1.57454e-12
-2.00355e-12
1.34049e-12
2.73382e-12
3.33912e-12
2.78993e-12
-5.31697e-12
-6.7406e-12
1.19718e-11
-1.61111e-11
-2.35056e-11
1.69674e-11
1.57098e-11
3.73783e-12
-1.36555e-12
5.43138e-14
-1.51419e-12
-2.62937e-13
9.12539e-13
5.65652e-13
-1.11521e-12
-1.96448e-13
-1.57421e-13
6.54303e-14
1.48689e-12
3.24742e-12
1.71937e-12
7.10901e-13
-2.12263e-12
-3.10294e-12
8.51065e-14
-6.11305e-13
-2.04032e-12
5.82331e-12
4.20728e-12
-5.62515e-12
-1.63307e-12
-7.19356e-13
-3.49587e-12
5.24315e-13
-4.11941e-13
2.04374e-13
-6.39761e-13
3.98604e-13
4.86113e-13
2.46381e-13
8.62891e-13
7.46331e-13
1.43127e-12
-1.21691e-12
-2.0373e-12
-5.57813e-12
-7.03235e-13
-4.80338e-12
-3.36472e-13
-3.74963e-12
5.89397e-13
-6.61047e-12
-4.53634e-12
1.16621e-11
1.18059e-11
-1.15013e-12
3.27195e-12
3.53258e-13
9.57332e-13
3.0681e-12
6.14318e-13
3.83056e-13
5.62596e-13
-8.40627e-13
-3.62909e-13
-4.28955e-13
-2.8722e-12
-1.58595e-12
-1.62663e-12
2.09808e-12
3.79164e-12
3.63889e-12
4.65307e-12
2.82978e-12
-6.27595e-13
1.42443e-11
3.57516e-12
-2.01923e-11
-1.36099e-11
6.72736e-12
3.81721e-12
1.27647e-12
1.48099e-12
-2.02397e-12
4.74629e-13
-4.37561e-13
-6.78703e-13
1.10158e-12
-1.07931e-12
-1.64565e-12
3.23992e-13
1.5781e-12
3.19204e-12
4.00355e-12
2.19806e-12
-1.15229e-12
-3.76471e-12
2.90357e-12
-4.65599e-12
-6.34503e-12
7.65425e-12
2.14825e-11
-1.3699e-12
-1.09917e-11
-1.46274e-13
2.96895e-13
1.63965e-12
-2.85385e-12
-1.97395e-12
-1.91073e-13
-3.14588e-13
-1.13573e-13
1.37591e-12
2.39178e-12
2.08666e-12
6.00259e-13
-3.4827e-13
-3.72907e-12
-3.29397e-12
-2.20367e-12
8.2566e-13
7.6357e-13
5.25033e-12
-2.77223e-12
-1.79684e-11
-1.88438e-11
1.37101e-11
1.83789e-11
-4.35203e-13
-1.11236e-12
-1.60545e-13
3.34932e-12
1.86816e-12
4.37479e-13
6.07614e-13
-6.63136e-13
-3.52029e-13
-8.17914e-13
-5.72949e-13
3.67103e-13
-3.44239e-13
1.25927e-12
1.4859e-12
2.15523e-12
-1.74811e-13
-6.81798e-13
-9.54227e-12
2.3256e-12
1.72714e-11
1.37772e-11
-6.156e-11
-1.04087e-11
-4.38668e-12
8.83634e-13
-1.72461e-12
-2.11481e-12
-8.07229e-13
-6.37855e-13
-2.45958e-13
2.10807e-13
-2.87463e-13
4.98126e-13
3.84462e-13
-3.29622e-13
-3.71034e-13
-1.30584e-12
-2.33835e-12
-4.14606e-12
-4.62804e-12
1.19802e-12
8.54055e-12
-2.59663e-12
-1.44449e-11
1.95022e-11
9.30653e-11
-1.04971e-11
6.66905e-12
-1.69074e-12
2.07547e-12
5.45099e-12
4.43906e-14
5.605e-13
-4.84735e-13
9.61612e-13
6.64614e-13
-9.79823e-14
-1.68037e-12
-1.79223e-12
-1.07929e-12
2.61346e-13
2.46347e-12
7.66304e-12
1.26017e-11
7.138e-12
-6.56584e-12
1.09974e-11
1.35475e-11
-5.48033e-11
-5.92524e-12
-3.33581e-11
1.57802e-11
1.4561e-12
6.57019e-12
-6.84081e-13
-1.03892e-12
-2.21527e-13
1.56105e-12
-6.84176e-13
-5.81677e-13
-1.42894e-12
9.76976e-13
1.48341e-12
3.06206e-12
3.8218e-12
1.36444e-12
-4.31124e-12
-1.02136e-11
-1.34892e-11
-8.56833e-13
-2.66961e-11
-1.38707e-11
8.22143e-11
-4.45476e-12
7.20332e-12
7.36744e-13
-1.13354e-13
-1.40652e-13
2.44308e-11
8.55292e-13
-3.15424e-14
-1.38975e-12
-7.90509e-13
8.70709e-13
3.13445e-12
2.38828e-12
3.1445e-12
-1.44332e-13
-3.77554e-12
-5.29763e-12
-3.87541e-12
1.41995e-12
5.03157e-12
6.37189e-12
2.46345e-11
7.66471e-12
-5.75731e-11
3.00792e-11
2.13044e-11
4.04112e-12
-1.31058e-12
1.75308e-11
-9.6e-12
1.70826e-14
9.6342e-15
-1.7613e-13
2.21673e-12
2.34801e-13
-6.53911e-13
-1.46836e-12
-3.61067e-12
-3.08548e-12
-4.17716e-13
3.27902e-12
9.33115e-12
2.39355e-12
6.00482e-12
-4.55483e-12
8.64509e-13
7.32158e-12
1.42527e-11
3.68875e-10
-5.09802e-10
4.44516e-12
2.88253e-12
-6.23673e-12
1.51394e-12
-1.20296e-12
1.28652e-12
1.53316e-12
-3.82968e-13
-8.63786e-13
-1.92184e-12
-1.89498e-12
-8.79969e-13
1.46329e-12
1.93277e-12
1.22779e-12
-6.67758e-12
-5.8911e-12
-1.1582e-11
3.72179e-13
-1.74772e-11
-4.57663e-11
3.06024e-11
6.30655e-11
5.49103e-11
-5.48247e-12
-3.95198e-12
2.76859e-12
9.82326e-12
2.27257e-12
-1.84224e-12
3.51226e-13
-1.10987e-12
1.89766e-13
5.04791e-13
1.76322e-12
2.36137e-12
-4.23631e-13
1.50201e-13
-5.36577e-12
-8.99521e-13
1.03324e-11
-7.40553e-12
-2.67378e-12
2.50152e-11
3.98716e-11
-2.6507e-11
-4.19132e-11
4.13717e-12
-2.61685e-12
1.35703e-12
4.31181e-13
7.43534e-13
2.8204e-12
-6.40425e-13
-4.31301e-13
-2.76455e-12
-1.15633e-12
-4.82714e-13
-2.99061e-12
6.58303e-13
1.43821e-12
2.09094e-12
2.98791e-12
-4.15075e-12
5.96755e-13
-1.02552e-12
2.72958e-14
3.2733e-13
-1.81893e-13
1.00804e-13
1.28169e-13
1.05226e-13
4.428e-14
6.27004e-14
6.48433e-14
-1.45337e-13
-1.98194e-13
-2.23547e-13
1.89001e-13
-4.2084e-13
-1.81441e-13
-3.86135e-13
-8.63275e-14
-1.62971e-13
2.34566e-13
2.77984e-13
-3.83695e-13
-2.32839e-13
1.29529e-13
-1.2792e-14
3.08246e-13
7.46952e-14
-2.11768e-13
6.28293e-13
-2.50725e-13
-8.03921e-13
-1.2195e-12
2.36876e-12
-2.6139e-12
2.80692e-12
-4.59208e-13
-1.48813e-12
3.40383e-13
-2.91645e-13
-6.77323e-13
5.34008e-13
4.31653e-13
3.59204e-12
5.89253e-14
-6.1963e-14
1.18477e-12
4.1678e-13
-1.23264e-13
5.17574e-12
-4.50352e-13
1.60227e-13
2.21894e-12
5.97991e-13
-5.83645e-13
-5.14827e-12
-9.47763e-14
1.30306e-13
6.05303e-13
-6.41605e-13
1.05422e-12
2.81419e-12
-1.0623e-12
8.00334e-13
-2.78487e-12
8.13868e-13
-1.96355e-12
-4.83455e-12
2.29925e-12
-1.1099e-12
3.43294e-12
6.93069e-14
4.68263e-13
1.07385e-12
-1.0715e-12
1.80733e-12
3.47035e-12
-1.04401e-12
-5.75399e-14
1.22448e-11
6.10082e-13
2.66425e-13
1.4547e-14
2.97321e-14
-2.78641e-13
-8.35584e-12
2.79587e-13
-2.26027e-13
4.02712e-12
-2.00962e-12
1.8206e-12
-7.18234e-13
1.53115e-12
-2.38131e-12
5.3848e-12
3.57236e-12
-3.20861e-12
9.75635e-13
9.4912e-13
9.44625e-13
-7.5046e-13
-2.51464e-12
1.98097e-13
1.00942e-12
-1.10507e-12
-1.06945e-12
-1.36994e-12
4.80759e-13
-2.74055e-13
1.01033e-12
-2.06396e-13
3.87159e-13
-2.26081e-13
5.21077e-13
-9.11287e-14
5.39845e-13
2.20088e-13
-3.4386e-13
9.28684e-14
-2.00349e-13
-9.20706e-14
-5.71606e-13
-5.07438e-13
8.88172e-14
-2.29937e-13
-3.47642e-13
2.40995e-13
-1.70608e-13
-4.48848e-13
-3.12851e-13
-9.40343e-14
-1.24935e-13
-2.94492e-13
1.19233e-13
-2.10646e-12
1.46163e-12
-1.42266e-12
-4.25292e-13
-1.29307e-12
-2.79295e-14
-3.32461e-13
1.37886e-12
-1.34114e-12
-6.70314e-13
6.23583e-13
1.04955e-13
-1.02161e-12
-3.11338e-14
-3.94536e-14
1.18758e-13
-6.68972e-13
9.15185e-13
-2.81915e-12
1.01977e-11
-5.24664e-12
9.60339e-13
-2.77468e-12
-2.68682e-12
3.04816e-12
-1.86765e-14
-9.03591e-13
-2.58861e-12
4.11109e-12
3.00293e-12
3.53893e-13
-4.32819e-12
4.3627e-13
6.84374e-13
1.80312e-13
-2.61791e-13
6.21312e-13
8.15524e-13
3.28601e-13
-1.02187e-12
2.70256e-13
7.83652e-13
-1.99984e-13
-2.8716e-13
6.17791e-13
8.16734e-14
1.19815e-13
-1.58276e-13
-2.83379e-13
-1.12895e-13
9.48492e-14
2.78918e-13
3.57582e-13
5.2141e-13
4.17642e-14
3.76534e-13
-7.69247e-13
-6.98281e-13
-5.60078e-13
-7.1876e-13
-5.39874e-13
5.8204e-13
1.30144e-13
1.05066e-13
-2.08009e-13
1.99831e-13
1.96016e-13
2.98504e-13
-1.76489e-13
-4.00428e-13
2.5272e-13
-4.98613e-13
5.07498e-13
-1.08854e-12
9.42651e-13
-1.40765e-12
2.2153e-12
-2.03062e-13
1.34599e-12
1.10143e-11
-1.55837e-12
7.37688e-13
5.20667e-11
-1.05325e-11
1.00462e-12
1.68418e-12
-5.24713e-11
-3.61515e-13
-3.9991e-12
-4.30277e-12
-8.21069e-12
-3.31168e-12
7.64136e-12
-4.09077e-12
-2.36853e-12
2.56996e-12
2.84924e-13
-3.10848e-12
-4.34973e-12
3.82888e-12
1.53818e-12
-4.98089e-12
6.35417e-13
-1.01471e-12
-3.51883e-13
1.28452e-13
-4.99152e-13
-1.72357e-12
-6.24248e-12
5.88705e-12
-2.06712e-12
2.33425e-13
2.92618e-14
4.60657e-13
1.13329e-12
4.05271e-13
-5.95126e-13
6.6945e-13
-1.91723e-12
2.32563e-12
4.4073e-13
-1.45746e-13
4.17168e-13
-6.30767e-14
3.26824e-14
1.75556e-13
1.09705e-12
-2.42694e-12
-4.68573e-12
-5.40274e-13
6.09908e-13
4.52814e-13
4.45803e-13
1.03532e-12
1.6455e-12
-1.578e-12
4.59159e-12
1.29548e-11
-5.06718e-13
6.61665e-13
3.08589e-14
-6.86896e-13
-7.67886e-13
1.82968e-12
1.38372e-12
-3.46902e-13
-1.07531e-11
1.03167e-13
-5.29359e-13
-4.39006e-13
1.16233e-12
-1.82826e-13
-6.2555e-13
-4.3638e-12
-5.59267e-12
-1.43334e-13
-3.194e-15
4.3978e-13
-4.30281e-13
8.05063e-13
-2.57699e-13
-1.37268e-12
6.51406e-12
2.55763e-12
3.16499e-12
3.06433e-13
-1.40065e-12
-1.76861e-13
-1.24909e-12
5.82584e-13
-1.17592e-12
-5.96301e-13
-5.94068e-12
-5.06464e-12
6.32935e-13
1.15952e-12
8.62065e-13
3.30996e-13
6.34875e-13
-1.81127e-12
5.46135e-13
1.57757e-12
7.56211e-12
-2.63148e-12
2.42811e-12
-4.62443e-13
-3.20836e-13
-2.107e-12
2.01144e-12
-5.26469e-12
5.3821e-12
1.19156e-11
7.69308e-14
-1.81861e-12
4.71005e-13
5.30811e-13
2.03018e-12
1.38665e-12
3.66181e-12
-4.28427e-11
-1.32261e-11
-9.46306e-13
-1.58304e-12
1.79713e-12
-4.21261e-13
-9.86066e-13
-5.44372e-12
2.30519e-11
-5.62329e-12
-2.87719e-11
3.77138e-13
-1.34398e-12
-2.12432e-12
-1.03735e-12
-2.00199e-12
-4.29543e-13
1.87437e-11
-9.85695e-12
5.63032e-12
1.04014e-12
7.67816e-12
4.6305e-12
-3.99366e-12
-5.54084e-12
-3.09896e-11
1.05016e-11
-1.05971e-11
8.32649e-11
3.08274e-12
1.70211e-12
-3.66592e-12
-7.79657e-12
-2.22218e-12
5.03918e-12
2.923e-10
-3.51655e-11
-3.43782e-10
2.63566e-12
-1.45839e-12
-7.20595e-13
-1.37594e-12
6.94434e-13
7.03815e-13
2.36888e-12
-2.06829e-11
-1.18676e-11
1.21285e-12
-2.88772e-13
5.34969e-12
-4.70713e-12
-1.84784e-13
-1.43563e-12
-2.32505e-11
5.09338e-11
1.12551e-11
1.2501e-12
-3.50705e-12
-7.85434e-12
-4.23028e-12
-9.53399e-13
-1.18104e-12
-4.92658e-13
1.65955e-14
8.06042e-12
-7.68029e-12
2.36287e-12
6.52279e-13
3.36451e-12
-1.45906e-13
2.17957e-12
7.25265e-13
1.62668e-12
1.60288e-12
-7.25515e-12
2.91281e-12
-3.16226e-12
7.87892e-12
-1.49904e-12
1.42052e-11
-1.09111e-12
-1.78519e-11
2.24333e-12
-6.6939e-12
-3.93761e-12
-7.26935e-12
1.9488e-13
2.4777e-11
5.51672e-13
-1.71512e-13
-5.0628e-13
-1.12099e-13
-4.59666e-13
-6.40818e-13
7.35127e-13
5.72832e-14
2.48264e-12
1.05664e-13
3.5552e-13
-3.10834e-13
-4.42645e-12
3.94021e-13
-9.54301e-13
6.17076e-13
1.30108e-12
-3.16657e-13
2.79714e-13
1.16727e-14
-1.29177e-13
-1.08965e-14
1.80689e-12
-2.90598e-13
-5.07735e-13
-3.94537e-13
-6.81057e-12
1.68152e-12
-7.40148e-13
-4.16992e-13
1.45158e-12
1.71511e-13
5.55489e-12
-1.42598e-12
2.38398e-12
-1.04819e-12
-3.56395e-12
1.89295e-13
1.52068e-13
-1.05298e-13
-5.8039e-13
1.03865e-14
6.85061e-13
4.9528e-13
-4.56938e-13
2.65594e-13
-1.63933e-12
1.40596e-14
-1.08348e-12
-3.30078e-14
1.33899e-12
-4.64306e-13
2.73557e-12
-2.63682e-13
7.46927e-13
-3.5889e-13
-2.60047e-12
3.27543e-13
6.08546e-13
1.34096e-14
-1.33359e-12
1.09882e-13
5.39594e-13
4.72409e-14
-1.41759e-12
1.30559e-15
3.32947e-12
-3.88429e-13
-4.18432e-12
9.68504e-13
-2.09519e-12
4.77565e-13
-1.50368e-12
5.95864e-13
4.87315e-15
2.7138e-13
6.6051e-12
-2.22977e-12
4.78359e-14
1.08749e-14
2.47827e-14
4.63709e-14
-7.40246e-14
1.99883e-14
-2.08693e-13
-4.97744e-14
-1.47894e-13
9.19928e-14
1.69997e-13
-7.49307e-14
3.76334e-13
-1.28231e-13
1.38508e-13
-6.93254e-14
-3.49649e-13
1.27325e-13
-2.18919e-13
2.47769e-13
2.46852e-13
5.33666e-14
2.98284e-13
-4.71641e-14
1.58056e-13
-1.11849e-13
-5.83201e-13
1.36454e-13
8.34269e-14
-3.72678e-14
4.07179e-13
-8.7641e-14
-8.53947e-13
4.25811e-14
2.76683e-13
-9.23612e-15
-8.18337e-13
4.30747e-13
2.05755e-13
-1.2242e-14
1.45196e-13
2.43956e-14
-4.33294e-14
-7.22558e-14
1.42791e-13
7.61993e-14
-5.37507e-14
-1.05556e-13
3.40259e-13
-1.93489e-14
-4.41714e-13
3.47708e-14
-3.95372e-13
1.87362e-13
3.48255e-13
2.88752e-14
5.17986e-13
-1.67806e-13
1.8985e-13
-3.46512e-14
-6.91716e-14
1.17075e-14
-1.2403e-13
1.05903e-13
-1.26537e-13
2.96577e-14
-7.90876e-15
3.56676e-14
-1.00891e-12
1.69833e-13
1.35686e-12
-3.30004e-13
-3.43791e-13
3.54375e-13
3.68736e-13
-2.40795e-13
-9.19241e-13
4.15899e-14
6.86776e-13
1.42155e-13
-7.84102e-13
-1.64639e-13
1.12424e-12
-4.21471e-13
-7.0535e-13
5.80776e-13
6.96787e-12
-2.57702e-10
1.23723e-09
-7.794e-11
2.66004e-10
7.73924e-10
-9.66846e-10
1.76208e-10
1.03114e-10
-2.50493e-11
-2.76207e-10
2.14232e-10
7.55411e-11
-1.0435e-09
-1.054e-10
-1.50524e-10
-6.16832e-11
-4.31363e-10
6.77483e-10
-3.20688e-10
9.21154e-10
-2.02035e-10
-4.60605e-10
-8.59209e-11
1.32768e-10
-4.40082e-10
3.74611e-10
-4.57791e-10
1.07063e-09
2.90275e-11
1.1328e-10
2.74943e-10
-3.06028e-11
-2.94443e-10
8.89704e-11
-1.6515e-09
4.17606e-10
1.49409e-09
-1.24356e-09
-7.30927e-11
4.03492e-10
5.1238e-11
-3.50253e-11
-4.784e-10
-3.6603e-10
-2.06195e-11
-1.40767e-09
2.78225e-09
1.54999e-10
1.33722e-09
-9.45091e-10
5.43362e-10
-7.49703e-10
-7.08422e-12
-3.78991e-11
4.24219e-11
7.56331e-11
5.92803e-10
4.05655e-10
4.0033e-10
2.55482e-10
-6.38189e-10
-1.38037e-10
1.39241e-10
-1.5947e-10
7.12603e-11
-1.00778e-10
1.17379e-09
4.46479e-11
-6.61462e-11
-1.60969e-09
-2.2496e-10
1.78004e-09
-3.17079e-11
7.52905e-12
-1.31789e-10
-4.94326e-12
2.66979e-10
-1.81665e-10
-1.57781e-10
-2.21161e-10
-1.36851e-10
-1.52646e-10
-3.0595e-10
2.92329e-10
-9.52756e-11
9.24353e-11
1.22661e-10
-1.07931e-11
-1.57663e-10
1.06663e-10
7.92285e-11
-1.23354e-11
3.09074e-10
2.15072e-10
3.52923e-10
-4.53331e-11
-2.50326e-10
-1.19948e-10
-1.31277e-10
-7.5843e-10
2.02361e-10
4.95726e-10
-2.87389e-10
8.34118e-11
-1.78766e-10
5.65134e-11
3.49385e-11
-2.57113e-10
-1.83832e-10
-3.58469e-10
6.07083e-10
1.02508e-09
-3.14978e-11
-3.17979e-10
-8.84936e-11
-2.5895e-11
-5.91391e-11
-5.76765e-11
-2.13684e-10
1.65726e-10
-2.6882e-11
-4.43104e-10
-1.14847e-09
-6.66169e-13
-2.50804e-10
2.68314e-10
-1.68261e-09
-6.21679e-10
1.06293e-11
-1.51687e-10
2.68094e-11
5.2448e-10
-1.21271e-09
-5.07551e-10
5.95305e-10
-5.52701e-10
8.266e-12
1.05619e-10
2.98802e-10
2.60224e-10
-1.72172e-10
1.06178e-10
6.0308e-11
2.06758e-10
4.09547e-10
9.45973e-10
-9.3974e-11
5.80974e-11
-6.08018e-10
2.53674e-10
-1.70831e-10
-5.53938e-11
1.94083e-10
5.07257e-10
-1.04926e-10
-8.48406e-11
3.14737e-11
-1.16241e-11
-8.43439e-11
1.03751e-11
5.61803e-11
5.5459e-14
-7.94114e-12
-3.47701e-12
-4.90035e-11
9.95022e-12
9.17167e-12
1.77664e-11
-2.69173e-11
1.70637e-12
1.30462e-09
-9.31928e-10
3.75291e-10
-4.46403e-11
6.90463e-10
1.76568e-10
-7.48981e-10
-1.84862e-10
-2.501e-09
9.61684e-10
)
;

boundaryField
{
    inlet
    {
        type            zeroGradient;
    }
    outlet
    {
        type            zeroGradient;
    }
    wall
    {
        type            zeroGradient;
    }
    empty_zmin
    {
        type            empty;
    }
    empty_zmax
    {
        type            empty;
    }
    procBoundary0to1
    {
        type            processor;
        value           nonuniform List<scalar> 
39
(
-3.60677e-10
-2.22688e-10
-4.76261e-10
-1.50509e-10
7.60364e-11
1.74538e-11
7.3006e-11
-5.85016e-12
-2.50248e-11
-2.89995e-12
-1.687e-11
-3.07114e-12
7.92264e-13
4.8721e-10
3.01457e-10
7.79711e-10
1.15017e-09
-2.86169e-09
1.36697e-09
5.60872e-11
-2.61073e-11
4.8721e-10
-3.33732e-09
2.13872e-09
-1.38879e-09
7.35459e-10
-2.85301e-10
1.16843e-10
1.16843e-10
-5.68967e-10
-8.58708e-11
-7.91543e-11
-1.14226e-10
1.21576e-09
3.31618e-10
2.02532e-10
4.20833e-10
2.01837e-12
-5.64701e-12
)
;
    }
}


// ************************************************************************* //
