/*--------------------------------*- C++ -*----------------------------------*\
| =========                 |                                                 |
| \\      /  F ield         | OpenFOAM: The Open Source CFD Toolbox           |
|  \\    /   O peration     | Version:  2406                                  |
|   \\  /    A nd           | Website:  www.openfoam.com                      |
|    \\/     M anipulation  |                                                 |
\*---------------------------------------------------------------------------*/
FoamFile
{
    version     2.0;
    format      ascii;
    arch        "LSB;label=32;scalar=64";
    class       volVectorField;
    location    "3.59";
    object      U;
}
// * * * * * * * * * * * * * * * * * * * * * * * * * * * * * * * * * * * * * //

dimensions      [0 1 -1 0 0 0 0];

internalField   nonuniform List<vector> 
2285
(
(2.38005 0.169295 -4.25353e-21)
(2.35398 0.124438 1.13227e-21)
(2.4357 0.119654 2.10693e-21)
(2.39823 0.0914263 4.8291e-21)
(2.29076 -0.0630102 -9.01137e-22)
(2.2739 -0.0633609 -8.55188e-22)
(2.33164 0.0918945 -4.80849e-21)
(2.30471 0.073829 -8.03847e-22)
(2.28638 0.0539386 -2.69312e-23)
(2.27852 0.054668 1.82572e-22)
(2.2739 0.03625 3.05906e-23)
(2.27842 0.019787 7.82733e-24)
(2.27914 0.0041157 -2.93063e-23)
(1.84484 -0.00141432 -1.39356e-23)
(1.84712 -0.0016541 7.4805e-24)
(2.23461 0.00547122 0)
(2.24049 0.00207251 0)
(2.2858 0.0151619 3.10889e-23)
(2.34827 0.077965 -2.1778e-22)
(2.31758 0.0686328 -3.14681e-22)
(2.3006 0.0545897 7.18995e-22)
(2.29159 0.0276146 -6.21471e-22)
(2.28858 0.0172925 -1.63822e-22)
(2.29112 0.0125202 1.6527e-22)
(2.29159 0.00114307 3.26329e-24)
(1.84975 -0.00355178 -4.68384e-24)
(2.32275 0.0316487 -5.44689e-22)
(2.30712 0.0284885 0)
(2.29832 0.0184155 -1.46231e-24)
(2.30116 0.00630527 0)
(2.30206 -0.00262334 9.82113e-23)
(1.84932 -0.00624091 4.54893e-23)
(2.32769 -0.00919449 -1.61449e-22)
(2.31424 -0.00520139 -6.1066e-23)
(2.30796 -0.00693026 0)
(2.31118 -0.0084044 -2.34881e-23)
(2.31149 -0.00605781 2.45614e-24)
(1.84492 -0.0085308 -6.09434e-24)
(2.3247 -0.0196027 -1.38767e-22)
(2.31255 -0.0154573 -1.70688e-22)
(2.30785 -0.0168821 1.24027e-22)
(2.31102 -0.014447 6.57303e-23)
(2.31293 -0.011828 2.1883e-23)
(1.83231 -0.0110675 -6.46462e-24)
(2.31731 -0.0359109 -1.03286e-21)
(2.30835 -0.0281416 1.0356e-21)
(2.30569 -0.0233314 0)
(2.30939 -0.0187495 6.66487e-25)
(2.31253 -0.0154351 9.16592e-23)
(1.81579 -0.0127313 -6.56239e-24)
(2.30739 -0.051968 -2.17994e-21)
(2.30041 -0.0390385 -2.81498e-23)
(2.29961 -0.0309172 0)
(2.30569 -0.0244445 1.00093e-22)
(2.31041 -0.0124105 -2.93685e-22)
(1.79476 -0.0125718 -5.28137e-23)
(2.28842 -0.0477641 9.3223e-22)
(2.29179 -0.0362799 0)
(2.30058 -0.02919 0)
(2.30582 -0.0147627 -3.55536e-23)
(1.77096 -0.0147777 5.13526e-23)
(2.2754 -0.0523712 0)
(2.2817 -0.0391337 0)
(2.29303 -0.0311792 -2.34574e-23)
(2.2989 -0.0146977 1.78977e-22)
(1.74644 -0.0126113 5.18266e-23)
(2.2843 -0.0309034 -3.48103e-22)
(2.29036 -0.0149815 -1.53899e-22)
(1.72011 -0.0126894 4.51633e-23)
(2.27512 -0.0286385 9.79584e-24)
(2.28183 -0.0147263 -1.5625e-22)
(1.69441 -0.011742 1.31521e-24)
(2.26794 -0.0257227 2.66931e-22)
(2.27358 -0.0143399 0)
(1.6696 -0.0100246 5.49822e-25)
(1.84985 -0.00551905 4.48352e-24)
(1.84778 -0.00751546 -5.38782e-24)
(1.83879 -0.0108212 6.09425e-24)
(1.82502 -0.0114419 6.56494e-24)
(1.80549 -0.0140519 0)
(1.78404 -0.0138337 3.23072e-24)
(1.75974 -0.0132341 4.40034e-23)
(1.73344 -0.013626 0)
(1.70714 -0.0119898 -1.31636e-24)
(1.6817 -0.0113691 0)
(1.65706 -0.00973993 -5.49404e-25)
(2.24605 0.00119504 0)
(2.24999 -0.00190799 0)
(2.29639 0.00730727 -7.55267e-23)
(2.25425 -0.00325064 -1.39632e-22)
(2.25756 -0.00508412 9.64009e-24)
(2.307 -0.00082557 7.71423e-23)
(2.25999 -0.0101623 2.15468e-23)
(2.25986 -0.0118854 -2.07693e-23)
(2.3127 -0.0103739 2.44629e-25)
(2.25919 -0.0134972 5.6529e-24)
(2.25795 -0.0143693 1.20588e-23)
(2.31281 -0.0161068 -2.22907e-23)
(2.25625 -0.0164648 -1.09182e-22)
(2.25241 -0.0171012 9.73123e-23)
(2.31148 -0.0261026 -9.57716e-23)
(2.24955 -0.0181995 1.33426e-22)
(2.24415 -0.0186672 2.3836e-23)
(2.30771 -0.031519 2.38766e-23)
(2.24038 -0.0204323 -5.28801e-23)
(2.23336 -0.0198237 -5.16046e-23)
(2.30123 -0.032588 1.16599e-23)
(2.22942 -0.0201988 -3.89135e-23)
(2.22179 -0.0203798 -5.45359e-24)
(2.29362 -0.0354064 -1.05376e-23)
(2.21656 -0.0203324 1.23441e-22)
(2.20864 -0.0192737 4.77579e-24)
(2.28447 -0.0338806 9.52656e-24)
(2.20416 -0.018981 -4.77152e-24)
(2.19653 -0.0179321 -2.12651e-24)
(2.27635 -0.0321243 1.40905e-22)
(2.19158 -0.0173877 2.1248e-24)
(2.18421 -0.016484 0)
(2.26889 -0.0290729 -1.22505e-22)
(0.825438 -0.00120777 0)
(0.318968 -0.000175606 0)
(0.820608 -0.00154032 0)
(0.315234 -0.000183598 0)
(0.815795 -0.00204194 0)
(0.31125 -0.000325822 0)
(0.796429 -0.00277168 0)
(0.298261 -0.000493955 0)
(0.768959 -0.00388537 0)
(0.281256 -0.000461939 0)
(0.735453 -0.00388117 0)
(0.261032 -0.000577776 0)
(0.6996 -0.00381153 0)
(0.240599 -0.000607722 0)
(0.663299 -0.00345278 0)
(0.220709 -0.00049942 0)
(0.627481 -0.00329272 0)
(0.202109 -0.000642834 0)
(0.594903 -0.00257344 0)
(0.18555 -0.000380656 0)
(0.566309 -0.00207382 0)
(0.171922 -0.000368836 0)
(0.542092 -0.00152211 0)
(0.160845 -0.000335762 0)
(0.522511 -0.000858474 0)
(0.152384 -0.000270096 0)
(0.805477 -0.00261091 0)
(0.30465 -0.000402051 0)
(0.783383 -0.00328197 0)
(0.290001 -0.00043886 0)
(0.751502 -0.00392103 0)
(0.271011 -0.000610196 0)
(0.717182 -0.00392 0)
(0.250537 -0.000535537 0)
(0.680999 -0.003695 0)
(0.23025 -0.00062003 0)
(0.645101 -0.00339568 0)
(0.211414 -0.00057367 0)
(0.610656 -0.00295372 0)
(0.193142 -0.000485424 0)
(0.580073 -0.00243804 0)
(0.178545 -0.000438361 0)
(0.553635 -0.00179115 0)
(0.166065 -0.000319461 0)
(0.531634 -0.00122935 0)
(0.156179 -0.000334076 0)
(0.514412 -0.000606653 0)
(0.149452 -0.000292043 0)
(2.26969 0.111301 5.40568e-24)
(2.289 0.170112 0)
(2.25813 0.208507 4.10752e-23)
(2.15854 0.233971 -2.02847e-25)
(2.01721 0.224734 -8.38769e-25)
(2.22482 0.104649 6.18937e-26)
(2.22599 0.147195 1.49524e-24)
(2.231 0.216978 0)
(2.20755 0.264222 -2.87752e-23)
(2.14605 0.289105 -3.69214e-23)
(2.05037 0.339423 -3.94215e-25)
(1.91607 0.274125 3.01555e-23)
(1.67976 0.1897 1.35252e-24)
(1.58849 0.212079 -1.90463e-24)
(1.60631 0.217818 1.01211e-24)
(1.72904 0.242684 0)
(1.9536 0.246936 -9.4123e-24)
(2.06585 0.210244 0)
(2.13123 0.137007 0)
(2.16321 0.0932909 0)
(2.18001 0.0541562 0)
(2.19028 0.0308281 8.51741e-24)
(2.17674 0.126808 3.47176e-25)
(2.16367 0.169183 -1.06522e-25)
(2.17374 0.238141 -2.39318e-25)
(2.14921 0.305252 1.15349e-23)
(2.10445 0.33764 3.78637e-23)
(2.04236 0.37109 3.10564e-23)
(1.94097 0.393234 -1.19129e-24)
(1.73056 0.359816 -4.87654e-25)
(1.59412 0.323138 -4.13175e-25)
(1.60187 0.306499 -3.66988e-24)
(1.72177 0.292573 0)
(1.98387 0.283821 9.45818e-24)
(2.14647 0.189804 0)
(2.20282 0.112751 0)
(2.2109 0.0675982 8.28395e-25)
(2.21204 0.0354955 1.31025e-26)
(2.21022 0.0166499 1.16189e-23)
(2.04789 0.0106978 -1.15193e-24)
(2.18934 -0.0186308 -1.46518e-24)
(2.19249 -0.0745292 -9.22845e-25)
(2.0594 0.0270179 -2.43374e-25)
(2.22589 -0.00905141 0)
(2.2513 -0.0520764 -2.43447e-24)
(2.06261 0.0335401 -2.83401e-25)
(2.26308 0.0105745 2.07981e-24)
(2.27718 -0.00587966 0)
(2.29352 -0.0257546 2.6313e-24)
(2.31287 -0.0664284 0)
(2.22552 -0.159537 -3.49201e-24)
(1.8464 -0.35187 6.39599e-24)
(2.05558 0.0340072 -9.69689e-26)
(2.28355 0.0275945 -4.47991e-25)
(2.28027 0.0211623 2.5511e-25)
(2.30385 0.0299811 1.77388e-24)
(2.34595 0.0181949 4.38113e-24)
(2.34892 0.0155517 1.61039e-23)
(2.08237 -0.145176 -9.34887e-24)
(1.78204 -0.339975 -1.39281e-23)
(2.03533 0.0280952 0)
(2.28353 0.0302354 -5.89579e-26)
(2.27801 0.0314737 4.58506e-25)
(2.29967 0.0496862 -5.94103e-24)
(2.34139 0.0471296 -4.16175e-24)
(2.37583 0.0962397 -3.30014e-23)
(2.2327 0.0552953 1.88753e-24)
(1.97011 -0.10697 -1.75361e-23)
(2.00816 0.0132567 -2.84044e-25)
(2.27386 0.0294631 2.80238e-26)
(2.27094 0.0401906 -6.35374e-25)
(2.28453 0.0648498 4.21047e-24)
(2.30651 0.0767336 -6.84494e-24)
(2.35831 0.119448 1.9668e-23)
(2.27012 0.165241 -2.43099e-23)
(2.11622 0.100458 2.98693e-23)
(1.98264 0.00310149 2.431e-25)
(2.25581 0.0283065 -4.97742e-25)
(2.25493 0.0518203 2.85354e-24)
(2.26287 0.0793802 0)
(1.42675 0.00889134 4.37746e-25)
(1.4116 0.0106531 2.08271e-25)
(1.39197 0.0119323 -3.68333e-25)
(1.3692 0.0124195 1.3266e-26)
(1.34553 0.0120292 2.34055e-25)
(1.32223 0.0101194 -1.65235e-25)
(1.3007 0.00680068 -6.35123e-26)
(1.28205 0.00285493 -2.32057e-26)
(1.26753 -0.00121152 2.32062e-26)
(1.25791 -0.00508745 -7.07753e-26)
(1.25347 -0.00802008 1.21231e-25)
(1.25299 -0.00933758 -8.13109e-26)
(1.2546 -0.0101834 1.05905e-26)
(1.26009 -0.0113508 0)
(2.17616 -0.000710113 2.2186e-24)
(2.19148 0.00388167 -3.04508e-26)
(2.05428 0.01917 5.1833e-25)
(2.18628 -0.0308882 0)
(2.20908 -0.0342598 2.59822e-24)
(2.20698 -0.0154492 -3.27396e-24)
(2.20898 0.00861728 0)
(2.22603 0.0131815 -8.82987e-25)
(2.06223 0.032033 4.41955e-25)
(2.23207 -0.0286739 0)
(2.25294 -0.0246116 1.73148e-24)
(2.24516 -0.000719323 -2.53938e-24)
(2.23906 0.0178942 8.82986e-25)
(2.24575 0.0225483 -4.16544e-25)
(2.06121 0.0340265 4.81937e-25)
(2.26897 -0.011404 -1.27128e-24)
(2.2789 0.00544238 8.94546e-25)
(2.27675 0.0206018 -8.94339e-25)
(2.24747 0.0254343 6.66112e-25)
(2.24727 0.0260678 2.92892e-26)
(2.04644 0.0324634 -3.19507e-26)
(2.28371 0.0215434 -5.13598e-25)
(2.28434 0.0306756 -5.0451e-25)
(2.28448 0.0296454 1.53838e-25)
(2.24577 0.0251373 0)
(2.24134 0.0219834 3.3758e-26)
(2.02177 0.0207822 1.88135e-25)
(2.28385 0.0320275 -1.20292e-26)
(2.28162 0.0374767 5.23792e-26)
(2.28041 0.0301964 1.08708e-25)
(2.232 0.0177546 -8.1851e-26)
(2.22061 0.0156227 8.93857e-27)
(1.99523 0.00761794 1.48646e-25)
(2.27627 0.034833 5.13186e-26)
(2.26697 0.0410775 -4.7313e-25)
(2.26578 0.0282486 1.15795e-25)
(2.20772 0.0145895 -7.76351e-26)
(2.19358 0.0136552 -8.44496e-25)
(1.96901 -0.000399416 -6.05005e-25)
(2.25782 0.0376701 1.23238e-25)
(2.24625 0.043442 2.26671e-24)
(2.24337 0.028668 4.9773e-25)
(0.476117 -0.00208716 0)
(0.160738 0.000936907 0)
(0.469274 -0.000446567 0)
(0.161626 0.000704377 0)
(0.455166 0.000781505 0)
(0.155891 0.00048988 0)
(0.439145 0.00177181 0)
(0.146299 0.000297051 0)
(0.42709 0.002008 0)
(0.136262 -0.000201199 0)
(0.425227 0.00116824 0)
(0.132078 -0.00094214 0)
(0.431856 0.000398752 0)
(0.133884 -0.000844695 0)
(0.474112 -0.00130018 0)
(0.162009 0.000913946 0)
(0.462804 0.000240227 0)
(0.159432 0.000614704 0)
(0.447066 0.00131745 0)
(0.151421 0.00036898 0)
(0.432166 0.00203959 0)
(0.14097 0.000128213 0)
(0.424846 0.00166005 0)
(0.133177 -0.000670096 0)
(0.42793 0.00064926 0)
(0.132498 -0.000827468 0)
(0.4367 0.000216186 0)
(0.135969 -0.000866999 0)
(1.95483 -0.00243201 3.98157e-25)
(2.22813 0.0294527 9.85763e-25)
(2.22793 0.065601 -4.20712e-24)
(2.20025 0.0126662 0)
(2.20968 -0.000989179 -2.80358e-24)
(2.18523 -0.00799356 1.79569e-24)
(1.34166 -0.00568281 -1.04109e-24)
(1.92912 -0.00488277 -1.62798e-24)
(2.19411 0.0287937 5.18604e-24)
(2.18426 0.073485 -1.68552e-24)
(2.21513 0.0050208 0)
(2.22108 -0.00577573 -7.97861e-25)
(2.19404 -0.00944558 2.39716e-24)
(1.32046 -0.00453928 2.46546e-25)
(1.90985 -0.00523551 3.23048e-24)
(2.16372 0.0270866 -9.97547e-24)
(2.13294 0.068582 0)
(2.12846 0.123835 0)
(2.1072 0.165931 2.09018e-23)
(2.1041 0.230025 -9.51352e-25)
(2.09702 0.309184 -1.24627e-23)
(2.06664 0.34053 7.00241e-25)
(2.01437 0.390382 -2.00532e-23)
(1.92591 0.438586 0)
(1.74424 0.447944 -2.2453e-25)
(1.63041 0.441477 -6.25053e-25)
(1.6299 0.395374 1.09297e-23)
(1.75198 0.321234 8.9327e-24)
(2.07585 0.210336 1.38608e-23)
(2.23925 0.0931325 2.02501e-25)
(2.25717 0.0456407 -5.70093e-25)
(2.24204 0.0171594 0)
(2.23065 0.0059792 0)
(2.22052 -0.0036721 -2.16663e-23)
(2.2225 -0.00512362 -7.10123e-25)
(2.22648 -0.0113015 4.4241e-24)
(2.19959 -0.00976877 6.23781e-24)
(1.30108 -0.00249224 0)
(1.8996 -0.00429091 -3.01743e-24)
(2.13349 0.0209626 -1.18061e-23)
(2.09539 0.0451861 0)
(2.08131 0.0875982 0)
(2.05583 0.128954 -2.00236e-23)
(2.03077 0.190784 2.30571e-24)
(2.03482 0.270338 1.013e-23)
(2.01493 0.334333 -2.59621e-23)
(1.94609 0.403607 -1.45006e-23)
(1.87397 0.460076 1.86617e-24)
(1.74243 0.441504 0)
(1.66417 0.44163 2.08506e-24)
(1.70935 0.372771 9.92019e-24)
(1.9063 0.220556 -4.01213e-23)
(2.22089 0.0553959 -1.66347e-23)
(2.29679 -0.00184178 3.16321e-25)
(2.27738 -0.00953887 -2.85927e-25)
(2.24972 -0.0160409 9.35754e-25)
(2.23382 -0.0101143 -5.99456e-25)
(2.22186 -0.0137194 9.65352e-24)
(2.22345 -0.00984373 8.99328e-24)
(2.22704 -0.0134344 -4.95359e-24)
(2.20056 -0.0096571 0)
(1.28573 -0.000676324 -7.79641e-25)
(1.89683 -0.00291578 1.9669e-25)
(2.10471 0.00638647 -1.3332e-23)
(2.0803 0.0141217 1.64828e-24)
(2.04698 0.0364099 -5.41179e-23)
(2.00477 0.0599149 0)
(1.95669 0.119922 2.78686e-24)
(1.94764 0.190054 3.47131e-23)
(1.93266 0.294572 5.3527e-23)
(1.88708 0.369182 -1.05712e-23)
(1.85138 0.392173 -2.38782e-24)
(1.7551 0.388355 1.17481e-24)
(1.72366 0.343511 -7.242e-25)
(1.85037 0.226384 6.8727e-25)
(2.09756 0.0391588 7.13722e-23)
(2.29296 -0.0521915 2.43273e-23)
(2.30399 -0.0422876 -3.48027e-23)
(2.27572 -0.0275836 1.27355e-23)
(2.24703 -0.0256867 -4.17137e-24)
(2.23141 -0.01386 3.50402e-25)
(2.22065 -0.01624 -1.66683e-23)
(2.22281 -0.0105701 -8.92277e-24)
(2.2264 -0.0140579 9.23855e-24)
(2.19873 -0.00851159 2.26572e-24)
(1.27524 0.000764363 0)
(1.89977 0.000769797 6.72215e-24)
(2.09602 -0.00192935 -8.20517e-25)
(2.07859 -0.00422172 3.44e-24)
(2.03682 0.0022837 1.03106e-22)
(1.97363 0.00174168 -5.58486e-23)
(1.89544 0.0357982 0)
(1.85822 0.0899504 -3.74841e-23)
(1.84321 0.174257 -5.13281e-24)
(1.84368 0.239591 7.23147e-24)
(1.85308 0.237897 -1.4089e-23)
(1.78236 0.265674 -1.58565e-24)
(1.83082 0.16534 2.07773e-24)
(2.01349 0.0278574 -1.65769e-23)
(2.19454 -0.0966395 -9.3072e-24)
(2.29806 -0.0893989 -2.36554e-23)
(2.28805 -0.0664359 1.05692e-23)
(2.26175 -0.0424469 -1.03379e-23)
(2.236 -0.0356279 -5.58493e-24)
(2.22467 -0.0196984 -9.91672e-25)
(2.21805 -0.0215488 1.92719e-23)
(2.22097 -0.0121299 -1.15202e-24)
(2.22452 -0.0156669 -9.4657e-24)
(2.19252 -0.00699475 2.50529e-24)
(1.26923 0.0016892 -1.56977e-25)
(1.91538 0.0111263 -5.91662e-24)
(2.09937 -0.00592976 -1.23928e-23)
(2.08043 -0.0198456 5.00673e-23)
(2.03817 -0.0162115 -5.85692e-23)
(1.97062 -0.0178632 6.54313e-23)
(1.8733 -0.0335625 4.07243e-24)
(1.8094 -0.0128425 6.72116e-25)
(1.79113 0.0252277 -4.54835e-23)
(1.81239 0.0471029 1.25397e-23)
(1.84353 0.0604337 5.57348e-24)
(1.8255 0.0876707 6.8197e-24)
(1.97054 -0.0602546 2.2555e-24)
(2.10911 -0.136574 -3.13125e-23)
(2.21225 -0.171138 2.17563e-23)
(2.27485 -0.120631 0)
(2.25088 -0.10843 2.20623e-23)
(2.23851 -0.0658142 -2.17817e-24)
(2.22285 -0.0544509 1.18032e-23)
(2.21643 -0.035874 1.90271e-23)
(2.21381 -0.0315337 -1.23597e-24)
(2.21657 -0.0184205 1.23115e-24)
(2.22045 -0.0181446 0)
(2.18411 -0.00774391 0)
(1.26615 0.00219767 1.50021e-24)
(1.93625 0.0130064 0)
(2.11476 -0.0198362 0)
(2.08933 -0.0532888 -4.81062e-23)
(2.04268 -0.0752027 8.17967e-23)
(1.97908 -0.0648052 1.21656e-22)
(1.87477 -0.0842469 6.7977e-23)
(1.79996 -0.0787818 6.92268e-24)
(1.78125 -0.0647189 2.30399e-23)
(1.7985 -0.0925416 -1.44586e-23)
(1.84325 -0.0392241 1.15137e-23)
(1.91408 -0.139355 1.64352e-23)
(2.05053 -0.208539 -1.19055e-24)
(2.12908 -0.236967 2.94341e-23)
(2.19946 -0.209195 -4.58487e-23)
(2.22311 -0.183006 -7.3569e-24)
(2.22093 -0.139556 5.97424e-25)
(2.21016 -0.100925 3.62384e-24)
(2.20539 -0.0805344 3.77137e-23)
(2.20124 -0.0583149 -1.90149e-23)
(2.20383 -0.0441097 0)
(2.20607 -0.0279361 -1.55831e-24)
(2.21122 -0.0207397 2.77219e-23)
(2.17438 -0.00835872 1.1068e-23)
(1.26379 0.00178507 0)
(1.96148 0.00848924 0)
(2.14521 -0.0311397 2.06873e-23)
(2.12005 -0.0939882 5.9576e-25)
(2.05633 -0.139631 -2.97418e-23)
(1.98061 -0.168114 -9.0423e-23)
(1.87119 -0.139005 -9.7114e-23)
(1.79974 -0.142555 -4.21106e-24)
(1.78527 -0.138942 0)
(1.80647 -0.174381 -7.91722e-24)
(1.8853 -0.188086 -1.23596e-23)
(1.98031 -0.28547 -1.65666e-23)
(2.06767 -0.2836 0)
(2.12203 -0.272294 5.35062e-24)
(2.15847 -0.257066 -5.49626e-24)
(2.17822 -0.213359 2.99644e-23)
(2.18182 -0.160398 2.92061e-23)
(2.17842 -0.125594 5.72098e-23)
(2.18008 -0.0979309 -9.52875e-23)
(2.17928 -0.0703519 0)
(2.18472 -0.052027 0)
(2.19085 -0.0321034 0)
(2.19521 -0.0219268 -2.61859e-23)
(2.16381 -0.00714897 -1.00251e-23)
(1.26099 0.000550274 -1.95868e-24)
(1.98765 0.00479287 6.90407e-24)
(2.18483 -0.0373746 1.51413e-23)
(2.19181 -0.108357 -5.23571e-23)
(2.10303 -0.174854 -7.47133e-23)
(1.98465 -0.233209 0)
(1.86145 -0.215141 0)
(1.80598 -0.235797 2.57624e-23)
(1.81365 -0.271118 -6.86252e-24)
(1.85728 -0.322908 -8.18259e-24)
(1.92791 -0.344357 7.92766e-23)
(1.98808 -0.353705 2.60411e-23)
(2.05788 -0.3171 -3.57479e-24)
(2.1013 -0.288672 7.99134e-25)
(2.12153 -0.254334 2.11012e-23)
(2.13109 -0.211456 -2.99984e-23)
(2.13742 -0.160913 -3.75692e-23)
(2.14536 -0.122535 -4.89435e-23)
(2.14884 -0.0924496 1.36076e-22)
(2.15447 -0.062703 -8.99464e-23)
(2.16438 -0.0451419 -6.5621e-23)
(2.17541 -0.0268319 7.82075e-24)
(2.18117 -0.0180957 6.48874e-23)
(2.1513 -0.00930515 -3.80754e-24)
(1.25708 -0.00143791 6.33704e-24)
(2.00765 0.00685722 -6.78195e-24)
(2.229 -0.0328886 4.71879e-23)
(2.25134 -0.0769612 2.96479e-23)
(2.18178 -0.143041 0)
(2.0177 -0.239838 2.56025e-24)
(1.87285 -0.270276 -2.51217e-24)
(1.84472 -0.32462 -8.22519e-23)
(1.86174 -0.36313 0)
(1.88875 -0.407077 0)
(1.9243 -0.401643 -6.3824e-23)
(1.96955 -0.399639 -8.93793e-24)
(2.01818 -0.361989 -8.11931e-25)
(2.04539 -0.289029 -2.51256e-23)
(2.07837 -0.218905 -9.01426e-23)
(2.08774 -0.177329 -5.78393e-23)
(2.09246 -0.13494 1.10722e-24)
(2.10853 -0.0882143 -1.74714e-23)
(2.11846 -0.0644649 -4.85839e-23)
(2.13147 -0.0381595 6.62079e-23)
(2.14783 -0.0267169 1.89306e-22)
(2.16422 -0.0144066 0)
(2.17442 -0.0104881 -6.29214e-23)
(2.14061 -0.0094063 -4.08739e-24)
(1.25006 -0.00301528 -4.51669e-24)
(2.01245 0.00973582 0)
(2.27179 -0.00769813 1.12509e-23)
(2.28467 -0.0225208 1.43547e-23)
(2.25757 -0.0648192 0)
(2.12669 -0.152181 0)
(1.94044 -0.258595 1.81109e-22)
(1.89197 -0.329034 2.01825e-22)
(1.89606 -0.361529 0)
(1.91433 -0.370705 -1.36611e-23)
(1.92152 -0.416419 1.06111e-23)
(1.9378 -0.424607 2.73116e-24)
(1.93745 -0.347881 -2.11646e-25)
(1.94583 -0.277261 4.41524e-23)
(2.00627 -0.1779 5.03588e-23)
(2.04136 -0.122746 -1.87537e-23)
(2.04963 -0.0852932 1.72609e-22)
(2.07212 -0.0413223 1.24721e-22)
(2.09689 -0.0269975 -1.23097e-22)
(2.11671 -0.0111002 0)
(2.14011 -0.00812901 -1.41084e-22)
(2.16037 -0.00337003 1.42832e-22)
(2.17355 -0.00591318 2.03026e-24)
(2.1375 -0.00501301 -1.57129e-23)
(1.24013 -0.00363238 0)
(1.99761 0.010729 7.49892e-26)
(2.29172 0.0175953 6.37914e-24)
(2.29348 0.0190906 -5.64898e-23)
(2.30056 0.00807832 0)
(2.23189 -0.0343751 0)
(2.06354 -0.145726 -1.03865e-22)
(1.94577 -0.249945 -4.41249e-22)
(1.91837 -0.281749 2.23846e-22)
(1.94066 -0.266071 0)
(1.95342 -0.327839 0)
(1.91242 -0.340864 3.54598e-25)
(1.86178 -0.250191 -3.54595e-25)
(1.87207 -0.238025 -1.77409e-23)
(1.91928 -0.137769 -2.8766e-23)
(1.98651 -0.0762062 8.25417e-23)
(2.01092 -0.0279161 -2.19552e-22)
(2.04755 -0.00377901 -1.64888e-22)
(2.08876 0.00445974 1.59385e-22)
(2.11392 0.00373069 0)
(2.13971 0.000520833 1.77768e-22)
(2.16073 0.000886563 -1.72648e-23)
(2.17438 -0.00300297 4.89737e-24)
(2.13815 -0.00431426 -3.85004e-24)
(1.2294 -0.0036989 4.05594e-24)
(1.97252 0.00764712 -8.45979e-24)
(2.29016 0.028584 4.45865e-25)
(2.29179 0.0363641 5.23766e-23)
(2.30626 0.0414661 0)
(2.28018 0.0507904 -1.6852e-22)
(2.16709 -0.00647659 -1.15284e-22)
(2.03233 -0.106543 3.43734e-22)
(1.94276 -0.175765 -2.2105e-22)
(1.94938 -0.185934 8.05871e-23)
(1.98335 -0.200586 0)
(1.88959 -0.181732 0)
(1.8218 -0.161005 0)
(1.8311 -0.148898 -1.45843e-23)
(1.84486 -0.0763769 2.53168e-23)
(1.9215 -0.0260381 5.70571e-23)
(1.98212 0.0390862 -1.41422e-22)
(2.04253 0.0198556 -2.77552e-22)
(2.0893 0.0227069 2.32356e-22)
(2.11617 0.0154592 -4.75843e-23)
(2.14187 0.0105725 -1.56878e-22)
(2.163 0.00940185 -1.28778e-22)
(2.17692 0.00200924 1.02991e-22)
(2.14193 -0.000364843 6.14874e-23)
(1.21924 -0.00266715 0)
(1.93738 0.00845364 -3.80841e-24)
(2.28428 0.0381362 0)
(2.28279 0.0521888 2.91267e-23)
(2.2962 0.0558559 2.81627e-22)
(2.28371 0.0835873 -5.47514e-24)
(2.21744 0.0826115 8.96285e-23)
(2.12074 0.0380923 0)
(2.00041 -0.0463179 -7.65315e-23)
(1.9584 -0.098948 1.88702e-23)
(1.96815 -0.103794 3.27367e-23)
(1.87172 -0.0245858 -6.42893e-23)
(1.81623 -0.0645358 6.15209e-25)
(1.79713 -0.0344549 -9.90988e-24)
(1.79524 0.00509991 1.62547e-23)
(1.86418 0.0447555 0)
(1.97317 0.088796 1.73687e-22)
(2.04874 0.0503565 2.39408e-22)
(2.09391 0.0584575 -8.0049e-23)
(2.12322 0.0422671 0)
(2.14834 0.0304338 0)
(2.16869 0.0205603 0)
(2.18271 0.00775575 1.04684e-22)
(2.149 0.00265209 -5.80998e-23)
(1.21219 -0.00104793 -1.39581e-23)
(1.89771 0.0088033 1.03665e-23)
(2.26736 0.0425992 -2.5556e-23)
(2.27322 0.0688427 -3.46171e-23)
(2.271 0.0828921 -2.6744e-22)
(2.26803 0.122076 6.71928e-23)
(2.22017 0.137697 0)
(2.15553 0.145066 1.9981e-22)
(2.08177 0.129469 3.06174e-23)
(1.98935 0.0319681 1.84603e-23)
(1.93169 0.0730709 -7.43083e-23)
(1.86788 0.0634981 3.51483e-23)
(1.81562 0.0526375 -6.89932e-24)
(1.76311 0.0863801 1.1921e-24)
(1.76322 0.105527 2.95819e-23)
(1.83276 0.134911 -5.28838e-23)
(1.97315 0.126263 -2.4973e-22)
(2.06372 0.134732 1.03619e-22)
(2.10706 0.0999151 -7.70967e-23)
(2.14149 0.0739504 7.775e-23)
(2.16636 0.0466698 0)
(2.18319 0.0304847 2.09679e-22)
(2.19588 0.0125602 -2.22741e-22)
(2.15834 0.00282298 -1.09911e-22)
(1.20832 0.000107908 1.40735e-23)
(1.86323 0.00985579 5.52553e-23)
(2.24236 0.0405797 -4.67404e-23)
(2.25443 0.0684673 -1.94633e-23)
(2.23807 0.101903 -4.65862e-23)
(2.22711 0.137127 1.16114e-22)
(2.20511 0.175915 4.66581e-23)
(2.15162 0.187976 -1.95577e-22)
(2.09867 0.207092 0)
(2.02948 0.210838 -4.32671e-23)
(1.93774 0.151412 4.2055e-23)
(1.87585 0.149978 0)
(1.80402 0.150704 -7.18674e-25)
(1.74293 0.178225 0)
(1.75103 0.174391 0)
(1.82524 0.185946 3.37148e-23)
(1.97622 0.183979 9.56516e-23)
(2.08746 0.168273 -5.09693e-23)
(2.14776 0.11259 -6.06787e-23)
(2.17885 0.0764677 -4.45316e-23)
(2.19381 0.04644 1.05566e-22)
(2.20279 0.0302891 -3.7818e-22)
(2.21252 0.00928097 1.08559e-23)
(2.17006 0.00368572 -9.81104e-23)
(1.20545 0.000727669 0)
(1.84217 0.00420601 -1.54654e-22)
(2.21452 0.0336426 -9.61617e-23)
(2.21467 0.0664345 6.57436e-23)
(2.20259 0.11794 0)
(2.18242 0.143216 -3.42569e-23)
(2.16438 0.187895 -1.42636e-22)
(2.13109 0.233826 0)
(2.085 0.241817 1.39704e-23)
(2.03121 0.286422 -4.56366e-23)
(1.95616 0.292576 0)
(1.89877 0.279094 4.99581e-25)
(1.80217 0.25227 -4.06404e-24)
(1.74077 0.233929 0)
(1.74939 0.228763 1.77804e-24)
(1.82232 0.219652 -4.37312e-23)
(1.99208 0.207628 0)
(2.14158 0.142621 5.0998e-23)
(2.19919 0.0897913 3.28855e-23)
(2.21336 0.0562503 6.36638e-23)
(2.21694 0.0346235 -1.36746e-22)
(2.22102 0.0202491 2.41626e-22)
(2.22557 0.0043012 -2.3923e-22)
(2.18121 0.00181763 1.86355e-23)
(1.2018 0.000980741 0)
(1.82953 -0.00520556 -1.75066e-23)
(2.18304 0.0210926 1.65379e-22)
(2.17105 0.0564425 -2.03998e-23)
(2.16501 0.115107 1.59796e-23)
(2.1454 0.161107 1.66446e-24)
(2.11233 0.204664 1.19934e-23)
(2.08898 0.268634 -4.46077e-25)
(2.04218 0.317562 3.20264e-23)
(2.00888 0.330891 2.25527e-24)
(1.95273 0.362694 0)
(1.91959 0.331203 8.39657e-24)
(1.82609 0.336451 1.29109e-24)
(1.75516 0.327367 1.37769e-24)
(1.76731 0.29296 -1.81027e-24)
(1.85346 0.228531 1.16731e-23)
(2.07012 0.151168 -2.85135e-24)
(2.20584 0.0838406 3.04664e-24)
(2.23575 0.0447289 -3.71741e-23)
(2.23608 0.0281721 -6.81637e-23)
(2.23111 0.0128748 1.12475e-22)
(2.23323 0.00834361 -1.46571e-22)
(2.23426 -0.003595 3.45431e-22)
(2.18715 -0.00415892 4.56529e-24)
(1.19697 0.000822995 -1.02432e-24)
(1.82609 -0.00948461 0)
(2.14847 0.00449165 9.50643e-23)
(2.1363 0.0383673 0)
(2.12475 0.0784526 -9.40728e-24)
(2.10712 0.116917 -9.208e-26)
(2.06658 0.160662 -1.87419e-23)
(2.0446 0.212077 1.78752e-25)
(2.01481 0.279672 -2.06322e-24)
(1.98888 0.32105 0)
(1.9512 0.355157 0)
(1.91424 0.35403 0)
(1.84878 0.390719 -6.69896e-24)
(1.80198 0.306423 -5.7119e-24)
(1.81319 0.259138 -7.29163e-25)
(1.88603 0.205533 0)
(2.1007 0.125431 0)
(2.23436 0.0489289 -4.06617e-24)
(2.25083 0.0163319 -5.59729e-24)
(2.24548 0.00691512 -7.19002e-24)
(2.23535 0.00017795 0)
(2.23914 -0.00111252 2.44009e-25)
(2.2373 -0.00799829 -5.69413e-24)
(2.18607 -0.00879309 0)
(1.18719 0.000425115 1.29908e-22)
(1.80918 -0.0136762 6.76565e-23)
(2.11028 -0.0140691 -3.1676e-24)
(2.10794 0.0142355 1.92433e-24)
(2.08454 0.0419672 -2.3026e-25)
(2.06383 0.0770875 -5.24046e-25)
(2.01222 0.121261 0)
(1.96864 0.164102 0)
(1.96123 0.224578 -4.09443e-25)
(1.93861 0.261104 4.06741e-25)
(1.91706 0.307883 -2.59244e-25)
(1.91167 0.31154 0)
(1.87717 0.279092 0)
(1.85612 0.259827 2.88152e-28)
(1.9004 0.196415 -2.67417e-27)
(2.00928 0.11325 0)
(2.19794 0.0213526 -5.87171e-26)
(2.26643 -0.00783161 1.08053e-25)
(2.26004 -0.00849552 1.91561e-25)
(2.24629 -0.00653988 6.46726e-26)
(2.23957 -0.0104802 9.04598e-25)
(2.23999 -0.00912119 3.23329e-25)
(2.23921 -0.0117043 0)
(2.17224 -0.0102688 6.23548e-24)
(1.15687 -0.00275091 0)
(1.26677 -0.0115919 0)
(1.27374 -0.0106092 -1.85395e-25)
(1.33128 -0.00524152 3.95044e-26)
(1.2809 -0.00879425 -5.21518e-25)
(1.28719 -0.00633684 -1.02008e-25)
(1.3106 -0.00344307 0)
(1.29197 -0.003153 6.23527e-25)
(1.29465 6.01083e-05 0)
(1.29307 -0.00146865 6.28006e-25)
(1.29554 0.00219737 0)
(1.29546 0.00303233 0)
(1.28008 0.00012385 0)
(1.29455 0.00423345 -2.03226e-24)
(1.29202 0.00643641 1.37777e-24)
(1.27198 0.00130463 1.47901e-25)
(1.28647 0.00982144 0)
(1.27718 0.0129495 -4.86309e-25)
(1.26756 0.00211206 0)
(1.26441 0.0141599 0)
(1.24982 0.0131933 3.09647e-24)
(1.26482 0.00217474 -1.5002e-24)
(1.2362 0.0104423 -3.0965e-24)
(1.22508 0.00653223 3.06679e-25)
(1.26208 0.00135389 2.24857e-25)
(1.21747 0.00254283 0)
(1.21312 -0.000833262 1.76673e-24)
(1.25889 -0.000369234 -1.27966e-25)
(1.21153 -0.00345258 -2.02349e-24)
(1.21114 -0.00506005 0)
(1.25372 -0.00225489 -1.46963e-25)
(1.21118 -0.00610134 0)
(1.21092 -0.00624215 -2.69838e-24)
(1.24503 -0.00334743 0)
(1.20993 -0.00563587 2.58787e-24)
(1.20824 -0.00517953 0)
(1.23456 -0.00360443 4.37527e-24)
(1.20637 -0.00507295 -2.10069e-24)
(1.20474 -0.00424449 3.48422e-24)
(1.22393 -0.00309647 -8.43136e-24)
(1.20277 -0.00272605 -3.98684e-25)
(1.2005 -0.00115213 -1.06809e-24)
(1.21502 -0.00156456 -9.11649e-28)
(1.19701 0.000405585 0)
(1.19298 0.00159189 -3.66156e-29)
(1.20962 -0.000103887 1.22925e-24)
(1.18796 0.00325515 0)
(1.18138 0.00547424 1.03282e-23)
(1.20652 0.000625324 -1.67769e-24)
(1.1737 0.00672851 2.21187e-23)
(1.166 0.00578836 -7.00969e-23)
(1.20318 0.000496071 0)
(1.16013 0.00319309 2.10465e-22)
(1.15772 0.000775809 -1.66827e-22)
(1.19771 0.000277247 -1.18976e-24)
(1.15777 -0.000576017 1.81861e-23)
(1.1587 -0.0020829 -1.92792e-24)
(1.18844 -0.00025649 -9.17101e-23)
(1.16332 -0.00410781 -9.31829e-23)
(1.1309 7.35236e-05 5.07231e-22)
(1.13321 -0.00491888 -8.59616e-23)
(1.16514 -0.00268757 -4.69019e-22)
(2.03904 -0.0189433 2.03307e-25)
(2.12233 0.00293208 -1.39459e-24)
(2.10685 0.018511 -2.94235e-25)
(2.08448 0.0407246 1.40517e-24)
(2.06215 0.0693993 1.38222e-25)
(1.99793 0.116607 6.5184e-26)
(1.9675 0.178134 1.86291e-25)
(1.95889 0.227965 2.22704e-25)
(1.92425 0.267933 -1.24661e-25)
(1.92303 0.292059 0)
(1.90262 0.318019 0)
(1.85498 0.317732 1.97846e-27)
(1.86213 0.241053 -4.69781e-26)
(1.92189 0.167837 -3.53691e-26)
(2.05695 0.0665022 0)
(2.22183 0.0071045 0)
(2.264 -0.00319416 1.49064e-26)
(2.25627 -0.00449152 0)
(2.2457 -0.0059491 -4.94764e-25)
(2.2391 -0.00909866 -7.42561e-25)
(2.24011 -0.00857511 8.91645e-25)
(2.2352 -0.0102934 0)
(1.90235 -0.00742948 -6.55188e-24)
(2.17882 0.0125832 -3.30583e-25)
(2.16365 0.0114231 1.17508e-24)
(1.94118 -0.00373617 1.797e-24)
(2.23491 0.0410872 -4.95706e-24)
(2.22061 0.0438758 5.62168e-24)
(2.21107 0.0292859 -4.41317e-24)
(2.02323 -0.0143356 0)
(2.02301 -0.0149039 1.50193e-24)
(2.18991 -0.00842221 -5.26238e-24)
(2.14838 0.0106594 0)
(2.1327 0.0102408 0)
(1.91855 -0.00544975 0)
(2.20543 0.0397618 1.13198e-23)
(2.18667 0.0409266 -8.55468e-24)
(2.17832 0.0279411 6.33864e-25)
(2.02214 -0.0156813 -6.07452e-25)
(2.02011 -0.0155934 7.26451e-25)
(2.19739 -0.0095026 -3.6105e-24)
(2.11692 0.0100575 -1.87693e-26)
(2.10149 0.00951948 -1.98208e-24)
(1.90346 -0.00467737 -1.9528e-24)
(2.16799 0.0395796 3.61182e-24)
(2.14822 0.0424799 4.94216e-24)
(2.14898 0.0253884 6.28256e-24)
(2.01775 -0.0151679 -6.70245e-25)
(2.01433 -0.0141103 -6.23535e-25)
(2.20045 -0.00980649 5.82986e-25)
(2.08744 0.00817799 0)
(2.07613 0.00628386 -7.80955e-24)
(1.89747 -0.00368125 3.01744e-24)
(2.1311 0.0413663 -1.21446e-23)
(2.11614 0.0372413 1.21347e-23)
(2.11778 0.0143579 2.5852e-23)
(2.01041 -0.0129976 1.38246e-25)
(2.0054 -0.0112878 -2.68703e-24)
(2.20013 -0.010212 5.15645e-25)
(2.06909 0.00464036 7.0877e-24)
(2.06663 0.0033265 1.58772e-24)
(1.89728 -0.0019356 4.07732e-25)
(2.10499 0.0263219 0)
(2.09814 0.0125655 0)
(2.09736 0.000617454 -1.66683e-24)
(2.00049 -0.00938459 -2.46824e-26)
(1.99542 -0.00753465 2.02351e-24)
(2.19558 -0.0090314 -2.31146e-24)
(2.06674 0.00263558 1.35098e-23)
(2.06851 0.00203021 -1.47442e-23)
(1.90647 0.00614607 -6.46191e-24)
(2.09548 0.00273415 -1.3404e-23)
(2.09556 -0.00156243 0)
(2.09682 -0.00287495 1.60633e-24)
(1.99069 -0.00625229 1.4312e-25)
(1.98556 -0.00520518 0)
(2.18834 -0.0083605 -2.50455e-24)
(2.07398 0.00143767 0)
(2.08367 -0.00222455 0)
(1.92521 0.013475 5.91663e-24)
(2.09653 -0.00208213 2.61572e-23)
(2.09893 -0.016146 -2.68879e-23)
(2.10527 -0.0126606 1.25972e-23)
(1.98011 -0.00470706 0)
(1.97386 -0.00452562 6.02706e-24)
(2.1791 -0.00940284 -1.18343e-23)
(2.0968 -0.0081945 0)
(2.11315 -0.0149707 0)
(1.94835 0.0110601 -2.79598e-25)
(2.10446 -0.0240923 0)
(2.11475 -0.0429199 0)
(2.12841 -0.026637 -2.06873e-23)
(1.96765 -0.00449948 -5.25658e-24)
(1.96165 -0.00418368 -7.08813e-24)
(2.16911 -0.00827062 3.20577e-24)
(2.13041 -0.0202442 -1.83975e-23)
(2.14791 -0.023996 2.11364e-23)
(1.97483 0.00596814 -2.7309e-25)
(2.13422 -0.0504368 -9.36065e-24)
(2.15766 -0.0623813 6.69644e-23)
(2.16472 -0.0351903 -2.23553e-24)
(1.95659 -0.00355617 6.44972e-24)
(1.95188 -0.00296312 0)
(2.15753 -0.0081265 7.00562e-24)
(2.16619 -0.0254007 0)
(2.18651 -0.0246272 -1.79189e-24)
(1.99893 0.0051658 -3.23019e-25)
(2.18653 -0.0633512 -3.61658e-23)
(2.21447 -0.0701136 2.3969e-23)
(2.20661 -0.0387588 -3.90734e-23)
(1.9475 -0.00286565 1.22733e-25)
(1.94325 -0.00359813 2.5403e-25)
(2.14512 -0.010416 0)
(2.208 -0.0205036 -1.84057e-25)
(2.22734 -0.0132988 1.25775e-24)
(2.01221 0.00875338 1.65656e-25)
(2.24035 -0.0643814 -2.38843e-23)
(2.26245 -0.0585233 0)
(2.25148 -0.0235543 -2.23473e-23)
(1.93988 -0.00461872 1.63157e-23)
(1.93789 -0.00558238 -1.63142e-23)
(2.13812 -0.00684711 0)
(2.24053 -0.00288056 4.77952e-25)
(2.24579 0.00787503 -3.57008e-25)
(2.00872 0.0107118 3.55311e-25)
(2.27975 -0.0379067 0)
(2.29286 -0.0146186 1.57476e-24)
(2.28659 0.00734504 -1.8258e-23)
(1.9374 -0.00594707 0)
(1.93749 -0.00604516 1.88824e-24)
(2.13762 -0.00369204 5.72046e-24)
(2.24587 0.0122114 -2.48742e-25)
(2.24378 0.0157932 2.23314e-24)
(1.98639 0.00879853 8.45947e-24)
(2.2993 0.00858366 7.64913e-26)
(2.29977 0.0151752 2.60658e-24)
(2.29149 0.0199112 -6.11897e-26)
(1.93787 -0.00628726 -1.18392e-25)
(1.93914 -0.00624822 0)
(2.1395 8.94739e-05 -7.70094e-23)
(2.23745 0.0228173 -4.94806e-24)
(2.22759 0.0287968 2.15862e-24)
(1.95606 0.0078017 3.45231e-24)
(2.29865 0.0236398 -1.9108e-24)
(2.29517 0.0357107 9.29045e-24)
(2.28843 0.0329976 2.42816e-24)
(1.94119 -0.00564517 2.281e-25)
(1.94436 -0.004527 0)
(2.14498 0.00475816 5.79847e-23)
(2.21569 0.0341379 9.86312e-25)
(2.20205 0.0368362 2.59003e-24)
(1.91791 0.00864182 0)
(2.2918 0.044008 0)
(2.28628 0.050358 -1.48993e-23)
(2.27661 0.0403901 3.04199e-23)
(1.94695 -0.00359864 2.57592e-23)
(1.95032 -0.00275272 1.73862e-23)
(2.15323 0.00694565 1.02313e-22)
(2.18739 0.0381062 -3.6897e-24)
(2.17299 0.0372496 -4.92511e-23)
(1.87863 0.00953805 -1.03631e-23)
(2.28096 0.054156 2.80418e-24)
(2.27274 0.0563971 1.06465e-23)
(2.25598 0.0415037 -4.65834e-23)
(1.95278 -0.00243044 -4.78277e-23)
(1.95526 -0.00234106 1.52875e-24)
(2.16367 0.00697929 9.78625e-23)
(2.15904 0.0343955 4.43337e-23)
(2.1447 0.0278346 -1.32581e-23)
(1.8517 0.00812243 -5.66175e-23)
(2.26265 0.0548708 -4.71551e-23)
(2.24948 0.0536228 6.92092e-23)
(2.22835 0.0369781 7.7681e-23)
(1.9576 -0.0037943 0)
(1.95899 -0.00413826 0)
(2.1758 0.00488436 -4.32285e-23)
(2.12962 0.0209552 -1.27587e-22)
(2.11069 0.0118124 1.61399e-22)
(1.83403 -0.00126459 1.18866e-22)
(2.23504 0.0498838 0)
(2.21885 0.0447321 4.18196e-23)
(2.19851 0.0252229 -3.73453e-23)
(1.95994 -0.00530206 1.43647e-22)
(1.9584 -0.0052017 1.55775e-23)
(2.18465 0.00156339 -3.47741e-23)
(2.09604 0.00827483 0)
(2.07592 -0.00216689 -2.79904e-22)
(1.82276 -0.00916671 1.04014e-22)
(2.20048 0.0368571 -2.40011e-23)
(2.18193 0.0350526 -1.82263e-23)
(2.16734 0.013614 0)
(1.9589 -0.00622614 -1.76984e-22)
(1.94708 -0.00685877 -7.21963e-23)
(2.18784 -0.00284674 0)
(2.06398 -0.00454868 4.81943e-23)
(2.04367 -0.0156689 3.63214e-23)
(1.78749 -0.0128468 -5.45255e-23)
(2.15939 0.0257281 2.79028e-23)
(2.14565 0.0242372 1.7277e-23)
(2.13241 -0.00270504 -3.66896e-23)
(2.13583 0.0392398 -1.45102e-24)
(2.1263 0.0431767 -8.32653e-24)
(2.1221 0.0392457 -9.02441e-24)
(2.11873 0.081628 0)
(2.10586 0.0769855 -8.4402e-25)
(2.1099 0.0789718 0)
(2.10248 0.119618 5.79312e-24)
(2.09122 0.102111 1.46119e-24)
(2.09244 0.116146 4.02049e-24)
(2.06145 0.156075 -1.98809e-25)
(2.04184 0.162807 -4.06826e-25)
(2.05218 0.15688 2.88868e-25)
(2.03843 0.215353 3.92748e-24)
(2.01636 0.231063 1.26839e-25)
(2.01898 0.220002 -5.88264e-26)
(2.00699 0.277149 0)
(1.99295 0.275901 -1.48099e-25)
(1.99861 0.276753 0)
(1.97868 0.291896 -9.51407e-24)
(1.95872 0.331835 0)
(1.97112 0.326231 1.32226e-25)
(1.94009 0.350288 2.77757e-25)
(1.931 0.366978 -2.68375e-25)
(1.93952 0.377721 0)
(1.898 0.407157 -1.40341e-23)
(1.8938 0.36006 -6.22322e-25)
(1.90794 0.371594 0)
(1.83156 0.354448 -1.00395e-26)
(1.84245 0.380095 3.31122e-25)
(1.86891 0.322036 -4.60892e-25)
(1.79344 0.304862 7.29297e-25)
(1.80943 0.320768 3.54536e-26)
(1.81175 0.32466 1.50028e-26)
(1.84055 0.228917 0)
(1.86193 0.235996 8.0193e-25)
(1.83528 0.273743 0)
(1.94641 0.1566 -3.64894e-24)
(1.97872 0.144264 1.23831e-24)
(1.92063 0.204803 -7.56346e-25)
(2.14336 0.0920346 1.53947e-23)
(2.18935 0.0524927 4.73957e-25)
(2.14285 0.0906904 -1.19024e-24)
(2.24292 0.0435233 -1.24458e-23)
(2.25998 0.0151478 -1.5342e-25)
(2.25657 0.0157845 2.22237e-25)
(2.25264 0.0172263 2.70438e-23)
(2.25684 0.00243688 0)
(2.2584 -0.000477977 1.12578e-24)
(2.24383 0.00996323 1.67923e-23)
(2.24499 0.00378583 0)
(2.24691 -0.00268965 8.1924e-25)
(2.23672 0.00111544 0)
(2.23883 -0.00547826 3.34717e-24)
(2.23657 -0.00529581 0)
(2.2381 -0.000467668 -2.97159e-23)
(2.23911 -0.00342015 -1.37176e-24)
(2.24037 -0.00701128 -6.90646e-24)
(2.23573 -0.00639349 -1.54761e-23)
(2.23589 -0.00847699 2.67138e-23)
(2.23794 -0.00958798 0)
(1.9481 -0.00783753 -1.7676e-24)
(1.89543 -0.00698224 1.06489e-22)
(2.17807 -0.00728877 -1.11108e-23)
(0.467005 -4.57661e-05 0)
(0.156894 -0.000266761 0)
(0.460286 -0.000383952 0)
(0.15419 -0.000141135 0)
(0.453883 -0.000567198 0)
(0.150948 -9.61601e-05 0)
(0.448961 -0.00057084 0)
(0.147999 -3.22744e-07 0)
(0.446237 -0.000429791 0)
(0.146095 0.000147922 0)
(0.445758 -0.000270731 0)
(0.145666 0.000270673 0)
(0.446609 -0.000136869 0)
(0.146278 0.000260389 0)
(0.447791 -4.82937e-05 0)
(0.147346 0.000179426 0)
(0.448771 0.000237441 0)
(0.148638 -1.12399e-05 0)
(0.449419 0.000496946 0)
(0.150341 -0.000147274 0)
(0.448564 0.00040812 0)
(0.151345 -0.000278508 0)
(0.446062 0.000276823 0)
(0.151313 -0.000305541 0)
(0.44292 9.22198e-05 0)
(0.150549 -0.000250645 0)
(0.43981 -2.731e-05 0)
(0.149194 -0.000164954 0)
(0.438126 3.14457e-05 -1.98644e-27)
(0.148486 -4.79404e-05 1.96126e-27)
(0.438072 5.48861e-05 0)
(0.148902 0.000122578 0)
(0.438513 -5.8145e-05 0)
(0.149833 0.000187225 0)
(0.438477 -3.69822e-05 -4.8849e-26)
(0.150449 0.000188009 -4.93563e-26)
(0.439212 0.000347632 4.16086e-24)
(0.151792 0.000194959 -1.02069e-25)
(0.449003 0.00146767 9.54968e-24)
(0.159714 0.000234216 0)
(0.424482 -0.000999987 -5.96797e-26)
(0.140832 -5.01065e-05 0)
(0.463784 -0.000204706 0)
(0.155683 -0.000191637 0)
(0.457056 -0.000495136 0)
(0.152613 -0.00011445 0)
(0.451242 -0.00057838 0)
(0.149407 -5.28806e-05 0)
(0.447337 -0.000515464 0)
(0.146888 6.77163e-05 0)
(0.445815 -0.000347033 0)
(0.145736 0.000239841 0)
(0.446134 -0.000210569 0)
(0.145901 0.000273422 0)
(0.447277 -0.000104786 0)
(0.146829 0.000241226 0)
(0.448328 7.56586e-05 0)
(0.147964 8.62617e-05 0)
(0.4492 0.000434852 0)
(0.149498 -5.83467e-05 0)
(0.449275 0.000505405 0)
(0.150996 -0.000234814 0)
(0.447412 0.000324343 0)
(0.151429 -0.000303201 0)
(0.444555 0.000220934 0)
(0.151036 -0.000277975 0)
(0.441311 1.87542e-05 -2.7891e-28)
(0.149892 -0.000200595 2.76325e-28)
(0.438822 1.55104e-05 4.09547e-27)
(0.148712 -9.11247e-05 0)
(0.43801 7.92118e-05 0)
(0.148588 6.62086e-05 0)
(0.438303 4.41198e-05 0)
(0.149372 0.000171865 0)
(0.438339 -0.000110424 4.90157e-26)
(0.150047 0.000159281 4.95295e-26)
(0.438434 2.85738e-05 5.42922e-24)
(0.150832 8.49297e-05 -2.81919e-24)
(0.440905 0.00110902 2.99748e-25)
(0.153336 4.162e-06 7.26903e-24)
(0.440083 -0.00623164 5.66967e-26)
(0.154798 -0.000805381 0)
(0.44219 -8.22605e-05 0)
(0.138743 -0.000808441 0)
(0.45334 -0.000539083 0)
(0.145341 -0.000460423 0)
(0.46195 -0.000906612 0)
(0.151443 -2.18938e-05 0)
(0.466526 -0.00112469 0)
(0.155671 0.00030237 0)
(0.468908 -0.0015896 0)
(0.159704 0.00050891 0)
(0.468758 -0.00191477 0)
(0.163996 0.00112314 0)
(0.460079 -0.000471508 0)
(0.1629 0.00104254 0)
(0.447774 0.000398049 0)
(0.156451 0.000573524 0)
(0.439881 0.000592333 0)
(0.151279 -0.000116309 0)
(0.438255 0.000669463 0)
(0.150038 -0.000748593 0)
(0.439159 0.00110461 0)
(0.150761 -0.00114312 0)
(0.438859 0.00140694 0)
(0.150486 -0.00102352 0)
(0.437073 0.00121502 0)
(0.149136 -0.0009037 0)
(0.436457 0.000428468 4.21859e-28)
(0.149284 -0.000465669 0)
(0.435274 6.15832e-05 1.16528e-28)
(0.149903 -3.27425e-05 -2.26787e-28)
(0.432032 -6.80553e-05 0)
(0.149559 0.00027531 0)
(0.425662 0.000314823 1.7646e-30)
(0.146179 0.00066831 -1.74839e-30)
(0.420605 -4.88667e-05 0)
(0.141171 0.000557664 1.42694e-25)
(0.424487 -0.000969274 -5.45399e-24)
(0.141598 0.000229897 5.42473e-24)
(0.448314 -0.00355202 1.17189e-23)
(0.154682 -0.000264118 3.53917e-25)
(0.441186 -0.00113862 -4.48319e-25)
(0.144762 0.000127496 8.98275e-23)
(0.447893 -0.000322302 0)
(0.141989 -0.000664409 0)
(0.458115 -0.000754125 0)
(0.148564 -0.000239476 0)
(0.464696 -0.00101203 0)
(0.15378 0.000159176 0)
(0.467857 -0.00130062 0)
(0.157532 0.000367743 0)
(0.469438 -0.00193929 0)
(0.162122 0.000767917 0)
(0.465474 -0.00119881 0)
(0.16438 0.00117934 0)
(0.453805 7.98793e-05 0)
(0.159885 0.000857551 0)
(0.442986 0.000549896 0)
(0.15341 0.000226846 0)
(0.438397 0.000605708 0)
(0.150184 -0.000439523 0)
(0.438594 0.0008236 0)
(0.150363 -0.000952375 0)
(0.439294 0.00132365 0)
(0.150837 -0.00116524 0)
(0.437883 0.0014276 0)
(0.149766 -0.000929318 0)
(0.436643 0.000818027 -1.39461e-28)
(0.148987 -0.000732291 6.92581e-29)
(0.436149 0.00020352 0)
(0.149703 -0.000255473 2.8025e-28)
(0.43397 -3.07146e-05 1.64475e-28)
(0.149873 0.000127611 -8.15764e-29)
(0.429179 9.17531e-05 -5.3823e-31)
(0.148457 0.000489741 0)
(0.422276 0.000262642 1.94282e-29)
(0.143284 0.000674323 4.26538e-26)
(0.42095 -0.000564374 8.87926e-24)
(0.1405 0.000381464 -3.15059e-24)
(0.428797 -0.00207881 9.4479e-24)
(0.142987 0.000104402 0)
(0.444399 0.00454418 -2.16447e-23)
(0.152762 0.000616663 2.20778e-23)
(2.35559 -0.0555606 -8.0217e-22)
(2.37661 -0.0729987 3.87594e-21)
(2.40955 -0.121227 -8.78029e-21)
(2.46384 -0.154558 6.80222e-21)
(2.53644 -0.114062 -7.74555e-21)
(2.53677 -0.204193 -1.39592e-20)
(1.39017 -0.285815 0)
(-0.275722 -0.251642 -9.99812e-20)
(-0.0570249 0.272946 -2.95024e-20)
(1.63286 0.308779 1.36966e-20)
(2.50746 0.238348 -3.0468e-21)
(2.45364 0.204745 2.04813e-21)
(1.97089 -1.39526e-06 2.21211e-24)
(-0.168912 0.207018 -1.68306e-20)
(-0.486185 0.123391 2.50079e-20)
(-0.339648 -0.321505 -2.41138e-20)
(2.34605 -0.0143061 5.47611e-23)
(2.30387 -0.0068375 -6.39493e-23)
(2.35073 -0.040108 3.72775e-22)
(2.34885 -0.0273435 1.43e-22)
(2.40223 -0.172123 0)
(2.28265 -0.134554 -3.24519e-20)
(2.58689 -0.186888 1.54175e-20)
(-0.0572186 0.0384569 -5.29581e-20)
(-0.0268684 -0.0701063 0)
(1.36754 -0.104461 3.27242e-20)
(-0.129661 -8.05788e-05 -2.56965e-20)
(0.231878 0.106295 3.24962e-20)
(-0.148336 0.285289 1.43984e-20)
(2.32993 0.260939 0)
(2.47822 0.233626 1.18741e-20)
(1.15114 0.115225 0)
(2.12777 -0.00379641 0)
(2.15007 -0.00542837 0)
(1.74762 -0.103371 0)
(1.83355 -0.0373043 0)
(1.95542 0.0148831 -8.27835e-24)
(2.01204 0.0120872 0)
(2.06811 0.0129138 0)
(2.102 0.00605069 0)
(2.12897 0.00478848 -6.25678e-25)
(2.15117 0.000576787 6.25835e-25)
(1.88808 -0.0196743 0)
(1.75823 -0.178918 -1.12107e-24)
(1.69677 -0.0903843 1.16288e-24)
(1.64235 -0.0969476 -4.82594e-25)
(1.65873 0.00326584 2.2853e-24)
(1.78102 0.0366125 2.12711e-24)
(1.94589 0.075997 6.01032e-24)
(2.01655 0.0447687 -1.86315e-23)
(2.07273 0.0440863 1.49697e-23)
(2.10745 0.0313327 7.55287e-25)
(2.13414 0.022922 -1.14883e-23)
(2.15547 0.0125737 9.31605e-24)
(1.82157 0.0305202 -2.8444e-23)
(1.6723 0.0820691 -1.15287e-24)
(1.60564 0.0860018 1.23358e-24)
(1.61941 0.127861 -3.37336e-24)
(1.74957 0.141695 1.54396e-24)
(1.94686 0.140019 0)
(2.03048 0.137227 2.10058e-23)
(2.08673 0.0995695 -1.72029e-23)
(2.12242 0.0715984 0)
(2.14795 0.0460359 1.02297e-23)
(2.16755 0.0269076 -1.67281e-23)
(2.31459 -0.00287565 4.06175e-23)
(2.35877 -0.0188316 -2.50005e-22)
(2.37265 -0.0415299 1.54188e-21)
(2.39858 -0.0453845 3.01039e-21)
(2.43017 -0.0297802 1.2357e-20)
(2.47299 -0.0341588 4.00221e-22)
(2.52998 -0.0514845 -6.73505e-21)
(2.42986 -0.0636861 -3.92574e-21)
(1.28159 -0.067336 1.85544e-20)
(-0.505546 -0.0423824 2.20447e-20)
(-0.0854497 0.0175498 2.17581e-20)
(1.85529 0.15951 -1.1164e-20)
(2.50183 0.19818 1.39695e-21)
(2.48198 0.168605 1.17602e-20)
(2.32696 0.00857383 0)
(2.37281 -0.00318421 2.73905e-22)
(2.38368 0.00334416 -3.39305e-21)
(2.39694 -0.00591215 -1.94044e-21)
(2.42507 -0.00378181 2.76672e-21)
(2.46801 0.00712758 -2.53646e-21)
(2.51121 0.0404729 0)
(2.40003 0.0824409 -8.24795e-21)
(0.995451 0.142604 8.18533e-21)
(-0.630356 -0.0096579 -1.11346e-20)
(-0.2226 -0.0085965 -3.91982e-21)
(1.67785 0.0735005 3.42761e-20)
(2.4899 0.0890141 -7.03897e-21)
(2.50872 0.0777856 -1.17135e-21)
(2.46617 0.0421534 -1.07077e-20)
(2.404 0.0690526 3.87401e-21)
(2.36376 0.0608883 -1.32648e-21)
(2.34035 0.0453745 -6.18229e-23)
(2.33531 0.0185064 2.09525e-23)
(2.38304 0.0170176 1.03464e-22)
(2.38301 0.0195143 1.46415e-21)
(2.39341 0.0194271 0)
(2.41011 0.0326389 -2.72421e-22)
(2.44927 0.0336395 7.8023e-22)
(2.46943 0.117953 -5.78419e-21)
(2.32213 0.141101 -6.49661e-21)
(0.736146 0.2311 6.06062e-22)
(-0.465137 0.39154 -3.97435e-21)
(-0.121049 0.111159 3.75789e-21)
(1.63909 0.00722248 -1.10155e-20)
(2.49226 0.0788375 -3.255e-21)
(2.5213 -0.0235045 0)
(2.46336 0.0292921 4.32118e-21)
(2.40274 0.00344029 2.99694e-21)
(2.37468 -0.00838657 2.28867e-22)
(2.34787 -0.00801862 4.74155e-22)
(2.33309 0.023502 1.08146e-23)
(2.38203 0.026469 9.17905e-23)
(2.37806 0.0326712 1.17448e-21)
(2.3868 0.0395213 7.65104e-21)
(2.39508 0.063988 -1.62778e-20)
(2.41214 0.0881697 1.36126e-20)
(2.40261 0.153296 5.59517e-21)
(2.2351 0.164068 7.47041e-21)
(0.474193 0.324488 1.34046e-21)
(-0.43177 0.385001 3.03787e-21)
(0.0341861 0.192518 1.2408e-21)
(1.68496 -0.0267007 -7.66964e-21)
(2.50826 -0.0718917 6.15584e-21)
(2.52119 -0.0734737 -2.7681e-21)
(2.44985 -0.0435189 -6.77608e-21)
(2.40502 -0.0525563 -4.92881e-21)
(2.37377 -0.0335126 0)
(2.34485 -0.0239571 6.1208e-22)
(2.32667 0.027159 -1.08808e-23)
(2.38007 0.0313661 0)
(2.36775 0.0425247 3.17089e-22)
(2.37184 0.0467743 0)
(2.36923 0.0723358 -4.16387e-21)
(2.3657 0.0729307 7.47761e-21)
(2.33883 0.158308 0)
(2.14661 0.157258 4.56676e-21)
(0.472489 0.329204 -1.80521e-21)
(-0.412209 0.309912 -2.65786e-21)
(0.280435 0.0785831 1.58606e-22)
(1.87436 -0.114608 6.04413e-21)
(2.50391 -0.22063 -4.30399e-21)
(2.50827 -0.132165 2.7817e-21)
(2.43529 -0.125886 6.32317e-21)
(2.39823 -0.0844069 -1.54113e-21)
(2.36297 -0.0578811 1.35251e-21)
(2.33421 -0.0464448 -6.26602e-22)
(2.3184 0.0306862 1.00559e-21)
(2.37406 0.0363085 -2.17714e-23)
(2.36183 0.0445489 -7.30329e-22)
(2.35855 0.0450456 -6.88881e-22)
(2.35106 0.0703153 -3.28174e-21)
(2.32874 0.062338 0)
(2.30282 0.0986101 2.72226e-21)
(2.04705 0.10496 0)
(0.326638 0.250788 4.00345e-21)
(-0.271688 0.143406 -7.39344e-21)
(0.570294 -0.130295 -9.18446e-22)
(2.07911 -0.371736 0)
(2.47122 -0.323077 2.62225e-21)
(2.47195 -0.215949 0)
(2.4042 -0.190075 -7.49586e-21)
(2.36849 -0.11592 4.60712e-22)
(2.3347 -0.102656 1.52529e-21)
(2.31885 -0.0688263 2.16925e-21)
(2.3069 0.0326593 -1.62853e-22)
(2.37177 0.0411423 0)
(2.35851 0.0510967 6.30661e-22)
(2.3531 0.0487723 3.23753e-21)
(2.34913 0.059423 -2.48676e-21)
(2.32678 0.0549465 2.26495e-21)
(2.29859 0.0353629 5.75306e-22)
(1.9474 0.0501741 -5.45449e-21)
(0.311892 0.0901124 -1.52825e-21)
(-0.0256419 -0.163659 3.39915e-21)
(0.85936 -0.371718 7.10791e-22)
(2.07307 -0.463819 1.48557e-21)
(2.36986 -0.393824 -4.08555e-21)
(2.39488 -0.262434 3.51309e-21)
(2.34386 -0.20237 -2.94856e-21)
(2.32036 -0.143209 5.27915e-22)
(2.30874 -0.10484 0)
(2.2948 -0.083187 4.79918e-22)
(2.2918 0.0334294 0)
(2.36471 0.0443221 5.841e-22)
(2.35392 0.0574821 0)
(2.35044 0.0539941 9.76025e-22)
(2.35236 0.0531281 -1.06912e-21)
(2.33587 0.0448605 0)
(2.30787 -0.00707438 7.78728e-22)
(1.9089 0.00883528 -4.09135e-22)
(0.445864 -0.0954657 -2.40495e-21)
(0.1694 -0.390394 3.49718e-21)
(1.00399 -0.516103 -2.56603e-21)
(2.0282 -0.503602 -1.51771e-22)
(2.22547 -0.411318 0)
(2.28236 -0.309632 0)
(2.27013 -0.225149 0)
(2.28379 -0.162133 1.62314e-21)
(2.27694 -0.117147 -1.01599e-21)
(2.27733 -0.089049 3.74065e-22)
(2.27291 0.0360411 -1.33778e-22)
(2.3582 0.0485085 0)
(2.34568 0.0568402 -1.24617e-22)
(2.34893 0.0628997 1.31398e-22)
(2.36295 0.0629129 -8.37735e-22)
(2.3721 0.0640416 8.64643e-22)
(2.34742 -0.0234335 -1.76652e-21)
(1.93155 -0.0158427 -7.08069e-22)
(0.681231 -0.246873 -6.48549e-24)
(0.349829 -0.524036 6.80577e-22)
(1.02757 -0.571351 1.24471e-22)
(1.93961 -0.533759 -1.25788e-22)
(2.11267 -0.473482 0)
(2.20407 -0.298757 0)
(2.17505 -0.268321 0)
(2.22451 -0.161019 2.46849e-21)
(2.22634 -0.142213 -7.47009e-22)
(2.24763 -0.0906808 7.20322e-22)
(2.25291 -0.0715257 0)
(2.25101 0.036752 8.91859e-25)
(2.35022 0.051572 -2.34003e-22)
(2.33928 0.0663196 3.32038e-24)
(2.3437 0.0780401 4.60237e-22)
(2.36224 0.0784943 -4.44425e-22)
(2.3906 0.114197 0)
(2.41152 0.0791885 0)
(2.0929 0.0557229 0)
(0.965171 -0.236281 0)
(0.497112 -0.535661 1.02118e-22)
(0.981272 -0.56004 -7.43129e-25)
(1.90282 -0.416011 6.85613e-24)
(2.00829 -0.453371 3.26627e-24)
(2.0708 -0.19585 -8.88001e-23)
(2.11321 -0.20265 8.83696e-23)
(2.15734 -0.118857 -4.4123e-22)
(2.18654 -0.104873 0)
(2.21276 -0.0741889 -1.4312e-23)
(2.22944 -0.0649148 0)
(2.22416 0.0372524 -4.18239e-25)
(2.33684 0.0575891 4.10756e-22)
(2.32737 0.0856724 -3.30046e-24)
(2.33162 0.101309 -5.07809e-23)
(2.34851 0.110782 4.66586e-23)
(2.37937 0.158208 1.46586e-22)
(2.41535 0.14403 -2.55271e-22)
(2.24539 0.255596 2.93169e-22)
(1.35196 -0.0628946 -1.56714e-22)
(0.674259 -0.395417 1.4865e-22)
(0.849515 -0.456428 1.07939e-22)
(1.82676 -0.276383 -5.12314e-23)
(1.94106 -0.214506 0)
(1.942 -0.0817603 5.3515e-23)
(2.09906 -0.0724537 -2.28436e-23)
(2.12448 -0.0523055 -1.36159e-22)
(2.17772 -0.0496948 0)
(2.19976 -0.0406641 3.94392e-23)
(2.22051 -0.0385858 -7.80381e-23)
(2.19195 0.0367174 -4.49716e-23)
(2.31698 0.0630799 -1.73898e-22)
(2.29824 0.0965685 -9.72824e-24)
(2.30627 0.115908 -4.13264e-23)
(2.309 0.155384 4.41318e-23)
(2.34641 0.201347 -1.33708e-22)
(2.38198 0.206806 1.06109e-22)
(2.25277 0.352136 0)
(1.70974 0.160312 0)
(0.888305 -0.170576 -2.72288e-22)
(0.824738 -0.285513 2.27635e-22)
(1.6145 -0.186803 -3.15832e-22)
(1.87164 0.0764959 -2.8612e-23)
(1.92255 -0.0301502 -5.21992e-23)
(2.10149 -0.00885737 2.23978e-23)
(2.12366 -0.0263182 -2.79834e-23)
(2.17977 -0.0305452 4.84209e-24)
(2.19941 -0.0245381 -7.35838e-24)
(2.22087 -0.0302484 -4.52681e-24)
(2.15624 0.0346104 0)
(2.29331 0.0605618 -1.7841e-23)
(2.26993 0.0893981 -7.96993e-24)
(2.26234 0.116212 -4.20689e-25)
(2.27308 0.154674 3.26817e-23)
(2.27694 0.211065 -3.49773e-23)
(2.29079 0.281184 1.06721e-24)
(2.22853 0.385467 0)
(1.917 0.330261 0)
(1.16703 0.154289 1.47234e-22)
(0.885734 -0.0842577 0)
(1.37337 -0.0176505 -8.66119e-25)
(1.83815 0.231333 4.70922e-23)
(1.96052 0.0210269 4.86908e-24)
(2.11007 0.0653649 -2.38146e-23)
(2.13362 0.00310998 8.58176e-25)
(2.18558 0.00568951 -2.17456e-24)
(2.20183 -0.0140295 0)
(2.22302 -0.0177713 6.82908e-24)
(2.12209 0.0286984 6.22785e-26)
(2.26786 0.0564959 -3.67733e-24)
(2.24998 0.0854943 1.60109e-25)
(2.22771 0.122122 4.20374e-25)
(2.23201 0.140943 0)
(2.20045 0.246368 1.73067e-24)
(2.2097 0.233886 2.47922e-25)
(2.1549 0.437142 1.51912e-24)
(1.95556 0.403078 -7.3414e-23)
(1.3353 0.382063 7.45197e-23)
(1.00446 0.235716 0)
(1.27703 0.197159 0)
(1.83068 0.302862 -3.06628e-23)
(2.05114 0.210175 3.81562e-23)
(2.13748 0.145288 -3.28627e-24)
(2.16362 0.0628398 4.36468e-24)
(2.20087 0.0378339 -3.66021e-24)
(2.21307 0.000831911 3.1134e-24)
(2.22933 -0.00849886 1.59731e-24)
(2.08976 0.0218096 2.12552e-24)
(2.23903 0.0497948 0)
(2.21423 0.092263 -1.60131e-25)
(2.19441 0.138334 0)
(2.1729 0.165412 1.32802e-23)
(2.15845 0.271858 -1.32535e-23)
(2.12322 0.238454 -1.32571e-24)
(2.04785 0.438735 -2.05416e-23)
(1.94085 0.413457 2.02095e-23)
(1.36701 0.483477 0)
(1.0885 0.473237 1.52867e-24)
(1.27263 0.336661 -1.49249e-24)
(1.83161 0.383338 5.47021e-24)
(2.1572 0.267173 -1.22602e-23)
(2.2354 0.153988 -1.03632e-24)
(2.24482 0.0628364 0)
(2.24807 0.0265833 5.31947e-25)
(2.2439 -0.00950044 2.49302e-24)
(2.24287 -0.0156611 -4.87421e-24)
(2.2419 -0.0227512 0)
(2.05916 0.014271 0)
(2.20767 0.0433619 -1.66561e-24)
(2.16373 0.0819953 1.88584e-24)
(2.14636 0.128359 -1.88728e-24)
(2.11075 0.169872 0)
(2.11741 0.239396 0)
(2.04905 0.298752 0)
(1.98869 0.333633 8.40669e-24)
(1.89144 0.398959 -2.22727e-23)
(1.31199 0.532055 1.30875e-23)
(1.13248 0.562447 0)
(1.33656 0.420723 -2.20019e-24)
(1.92272 0.342202 -1.7423e-23)
(2.31736 0.110367 1.78206e-23)
(2.33818 0.0464672 -3.92325e-26)
(2.30314 -0.0162247 -3.86875e-24)
(2.2765 -0.0192272 6.213e-24)
(2.25514 -0.0348247 -2.36296e-24)
(2.24562 -0.0262135 7.35258e-25)
(2.24194 -0.0272847 3.45923e-25)
(2.03826 0.00590202 4.42366e-25)
(2.18086 0.0256737 9.10798e-25)
(2.12951 0.0420622 -4.20513e-26)
(2.09973 0.07795 -5.93653e-25)
(2.06101 0.10885 2.96762e-24)
(2.03685 0.151661 -1.77263e-24)
(2.00578 0.273533 0)
(1.96485 0.214091 -9.87178e-28)
(1.7188 0.387583 0)
(1.21156 0.520646 0)
(1.20146 0.506702 4.40078e-23)
(1.54067 0.285579 -3.70839e-23)
(2.17424 0.0679648 1.63003e-23)
(2.42068 -0.0816632 -2.33613e-23)
(2.35979 -0.0465951 8.42259e-24)
(2.31018 -0.071231 -6.83198e-24)
(2.27614 -0.040172 7.33928e-24)
(2.25319 -0.0480169 2.34993e-24)
(2.24238 -0.0348083 -3.97788e-24)
(2.23924 -0.0344791 9.41584e-25)
(2.0229 -0.00345228 -5.38099e-26)
(2.15966 0.0103873 0)
(2.12253 0.00755446 0)
(2.07936 0.0201287 -8.23973e-25)
(2.03267 0.026413 9.51706e-24)
(1.95619 0.0561273 -8.1176e-24)
(1.96549 0.148881 7.22574e-24)
(1.91377 0.164639 -4.95192e-24)
(1.50027 0.367215 0)
(1.22231 0.419574 -2.62845e-23)
(1.33682 0.347006 2.48469e-23)
(1.83936 0.0179842 -3.57835e-24)
(2.30211 -0.147689 -2.86604e-24)
(2.42565 -0.147271 1.2939e-23)
(2.34823 -0.0862016 -1.4447e-23)
(2.30126 -0.0955391 -1.56377e-24)
(2.2639 -0.0577123 4.02202e-25)
(2.24395 -0.0628584 -7.22583e-25)
(2.23553 -0.0442767 2.05408e-24)
(2.23208 -0.0438259 -1.01331e-24)
(2.02025 -0.006249 0)
(2.14995 -0.0062099 1.40709e-24)
(2.12367 -0.00593101 -2.75357e-24)
(2.07902 -0.00355363 -1.73419e-24)
(2.02867 -0.0154426 -4.00103e-24)
(1.92276 -0.0124728 -6.78914e-24)
(1.89821 0.0059063 1.59689e-23)
(1.76944 0.139379 -2.72384e-24)
(1.37808 0.262863 -9.35272e-24)
(1.28209 0.277941 4.91574e-25)
(1.59744 0.0658925 -2.2315e-23)
(2.05423 -0.211917 2.38623e-23)
(2.31274 -0.223183 5.1056e-24)
(2.38584 -0.184907 1.18654e-23)
(2.30449 -0.123129 -1.36978e-23)
(2.27553 -0.107579 1.60629e-24)
(2.24509 -0.0657671 4.97022e-25)
(2.23312 -0.065544 -1.10554e-24)
(2.22922 -0.0434075 -6.17946e-25)
(2.22546 -0.0423885 5.95631e-25)
(2.02494 -0.005014 5.44363e-25)
(2.15204 -0.0110509 6.05234e-25)
(2.12774 -0.0275399 2.79786e-24)
(2.08515 -0.0307968 4.13546e-24)
(2.0357 -0.0562952 -4.98149e-24)
(1.9256 -0.0501434 0)
(1.83822 -0.0965467 -3.1161e-24)
(1.61082 0.0250282 2.09114e-23)
(1.36389 0.120849 2.32552e-25)
(1.44283 0.00607748 -6.90295e-24)
(1.84596 -0.220504 0)
(2.11834 -0.369745 -8.43366e-25)
(2.28704 -0.263824 -3.87438e-24)
(2.30162 -0.252403 -6.18759e-24)
(2.25571 -0.155713 7.84775e-24)
(2.24217 -0.125287 -1.33853e-24)
(2.22274 -0.0857512 1.33762e-24)
(2.21977 -0.0735622 -5.95238e-25)
(2.21653 -0.0509187 6.17816e-25)
(2.21752 -0.042143 -5.95959e-25)
(2.03479 -0.00119244 3.64914e-25)
(2.16365 -0.0190981 0)
(2.14284 -0.056077 1.64443e-24)
(2.105 -0.0800974 -4.06501e-24)
(2.05412 -0.148191 -5.28931e-24)
(1.95287 -0.157619 5.80777e-24)
(1.79581 -0.198063 -8.49703e-25)
(1.53443 -0.141721 2.11853e-24)
(1.40824 -0.0613905 -7.91304e-24)
(1.66455 -0.297074 2.13872e-23)
(1.95543 -0.38913 -2.80833e-23)
(2.10866 -0.430389 1.33585e-23)
(2.21029 -0.341774 6.24342e-24)
(2.23017 -0.28888 -4.17091e-24)
(2.19727 -0.198278 2.44554e-24)
(2.20128 -0.161883 -7.83499e-25)
(2.19287 -0.119338 0)
(2.19848 -0.0953883 0)
(2.19657 -0.069083 -2.03702e-25)
(2.20396 -0.0515098 -7.30689e-26)
(2.16748 -0.122365 6.90854e-24)
(2.11034 -0.209761 4.61407e-24)
(1.99965 -0.302547 0)
(1.75957 -0.304833 -6.92928e-24)
(1.52787 -0.255041 -2.08626e-24)
(1.51181 -0.348651 1.38944e-24)
(1.78257 -0.448744 -4.27518e-24)
(1.97721 -0.462384 4.16951e-24)
(2.07444 -0.474058 1.66125e-25)
(2.12361 -0.378302 -1.47112e-24)
(2.14565 -0.304632 -3.55295e-25)
(2.14252 -0.225149 -8.91178e-25)
(2.15505 -0.184857 1.85604e-24)
(2.15716 -0.136383 -3.59072e-25)
(2.16878 -0.106757 3.5953e-25)
(2.17192 -0.0777789 2.03909e-25)
(2.18413 -0.0573676 -6.39312e-25)
(2.24741 -0.100129 -5.46154e-24)
(2.22132 -0.170491 0)
(2.07768 -0.309445 0)
(1.75791 -0.367255 1.63854e-24)
(1.57021 -0.406634 -8.01449e-25)
(1.58446 -0.513324 -1.3997e-24)
(1.79998 -0.513565 0)
(1.96452 -0.480316 8.39467e-25)
(2.02323 -0.43357 0)
(2.04422 -0.360422 0)
(2.06293 -0.290563 -1.64245e-24)
(2.09015 -0.206085 1.64132e-24)
(2.10281 -0.161961 -5.98282e-24)
(2.11869 -0.1146 0)
(2.13617 -0.0865268 0)
(2.14796 -0.0606999 2.84833e-25)
(2.16415 -0.0451629 4.27733e-25)
(1.65349 -0.465598 0)
(1.62561 -0.551176 0)
(1.76405 -0.53875 -1.68337e-24)
(1.89262 -0.499695 -1.15241e-24)
(1.94732 -0.35679 -1.77337e-24)
(1.97468 -0.291757 3.27146e-24)
(1.98197 -0.200292 0)
(2.03131 -0.135392 7.79528e-24)
(2.05332 -0.0953503 9.49386e-24)
(2.08575 -0.0610624 1.14215e-24)
(2.11079 -0.0429222 -5.96065e-24)
(2.13194 -0.0268853 0)
(2.1523 -0.0206173 0)
(1.67842 -0.459451 1.44159e-23)
(1.72247 -0.448599 1.72335e-24)
(1.77564 -0.44771 -2.0045e-26)
(1.82451 -0.315443 4.82425e-26)
(1.87205 -0.195803 -1.46908e-24)
(1.90313 -0.104326 0)
(1.98396 -0.0546659 -6.40789e-24)
(2.02105 -0.0257872 -6.19283e-24)
(2.06923 -0.00980924 0)
(2.10136 -0.00668447 4.70032e-24)
(1.75649 -0.275406 -1.16305e-23)
(1.73579 -0.301465 6.43166e-25)
(1.72777 -0.296514 -7.09177e-25)
(1.71196 -0.243374 2.51325e-25)
(1.97709 0.00433235 4.10957e-23)
(1.98112 0.0104365 3.64463e-23)
(1.98064 0.0122647 5.16328e-24)
(1.97832 0.0139708 0)
(1.97332 0.0176012 -6.01188e-24)
(1.96523 0.0195809 -9.21658e-23)
(1.95399 0.0214664 0)
(1.94197 0.0234529 0)
(1.92835 0.0240027 0)
(1.91272 0.024889 -3.76731e-22)
(1.89618 0.0260889 -3.68141e-22)
(1.87877 0.0267672 0)
(1.85892 0.0268528 1.72154e-22)
(1.8385 0.0266814 1.33053e-24)
(1.81652 0.0267357 1.22091e-24)
(1.79289 0.0266592 -1.21905e-24)
(1.76831 0.0256582 1.44026e-22)
(1.74265 0.024437 2.90214e-25)
(1.71656 0.02335 2.61024e-25)
(1.68976 0.0221415 0)
(1.66189 0.021246 0)
(1.63348 0.0196321 0)
(1.60558 0.016929 4.91716e-23)
(1.57871 0.0136099 0)
(1.55319 0.0100105 0)
(1.52951 0.00731897 0)
(1.50763 0.00531159 0)
(1.48819 0.00325727 2.67975e-26)
(1.47179 0.000868409 -8.19422e-25)
(1.45814 -0.00156093 3.82214e-26)
(1.44816 -0.00323281 -7.58449e-27)
(1.44069 -0.00484538 -7.37888e-27)
(1.4369 -0.00616296 -2.32581e-26)
(1.43653 -0.00659089 -1.63949e-26)
(1.43715 -0.00647916 1.61505e-26)
(1.43945 -0.00593694 -2.09415e-26)
(1.44262 -0.00456333 0)
(1.44473 -0.00231594 1.16205e-25)
(1.44552 -0.00015007 -7.98104e-26)
(1.44521 0.00150531 -9.01922e-26)
(1.44312 0.00415317 -2.84996e-25)
(1.4371 0.00689444 -1.05105e-25)
(2.35617 -0.0121371 -7.82133e-23)
(2.36513 -0.00187098 4.30726e-23)
(2.32225 0.00307215 -3.98989e-23)
(2.36135 -0.0325915 4.12799e-22)
(2.36587 -0.0170933 1.82494e-22)
(2.36501 -0.00935958 -9.60915e-23)
(0.270206 -0.125806 -2.80102e-20)
(-0.176995 -0.215032 1.19843e-20)
(1.38145 -0.00940878 0)
(-0.563493 -0.0253245 -1.32933e-20)
(-0.555285 -0.166793 0)
(-0.579844 -0.213362 -4.52413e-21)
(0.134349 0.0731102 -1.68237e-20)
(0.0520929 -0.0069822 -4.32969e-21)
(-0.228553 -0.0980579 4.23805e-21)
(2.36989 0.000437683 -2.22905e-22)
(2.37761 0.008666 -1.36412e-22)
(2.33232 0.00882801 6.69659e-23)
(2.37416 -0.0132105 1.99121e-22)
(2.38158 0.00517649 -1.87753e-22)
(2.38178 0.00344056 9.54821e-23)
(2.38219 0.0155681 1.89984e-22)
(2.38231 0.0216693 -5.30959e-23)
(2.33468 0.0215485 -2.5396e-22)
(2.3814 0.0104554 -4.53556e-22)
(2.38031 0.0208102 1.0756e-21)
(2.38223 0.0206532 2.66305e-22)
(2.38195 0.0238175 0)
(2.38107 0.0284034 0)
(2.3305 0.025983 -1.11604e-23)
(2.37895 0.0189958 -1.96854e-22)
(2.37664 0.0387126 -1.56976e-21)
(2.38146 0.0293553 0)
(2.37971 0.0297474 0)
(2.37741 0.0339692 -1.2135e-23)
(2.3225 0.0285994 -3.39273e-22)
(2.37467 0.0270855 -1.50451e-21)
(2.37109 0.0493322 1.43401e-21)
(2.37682 0.0340322 -7.04888e-22)
(2.37545 0.0338465 -6.74346e-22)
(2.37383 0.0361592 6.579e-22)
(2.31313 0.032647 5.17105e-24)
(2.36834 0.0241115 0)
(2.3668 0.0506746 0)
(2.37316 0.0399683 -6.58046e-22)
(2.37067 0.0379685 9.67691e-24)
(2.36724 0.039587 -3.13131e-22)
(2.29975 0.0319542 3.0865e-22)
(2.36616 0.0308969 -1.26113e-21)
(2.36318 0.0587074 -1.2226e-21)
(2.36803 0.0429099 -9.14853e-24)
(2.36489 0.039412 -5.84797e-22)
(2.36074 0.0413434 4.43363e-24)
(2.28277 0.0352394 2.10601e-24)
(2.36127 0.0284718 8.87122e-24)
(2.35633 0.0622471 5.33392e-22)
(2.36174 0.0473571 -5.4716e-22)
(2.35514 0.0423486 0)
(2.3493 0.0443361 0)
(2.26213 0.0366408 0)
(2.3529 0.0357925 8.36357e-24)
(2.34805 0.0675039 4.97183e-22)
(2.35487 0.0497824 -1.88293e-24)
(2.34352 0.0457885 2.35465e-22)
(2.33602 0.0479446 -8.88072e-25)
(2.23797 0.0371929 -4.72266e-25)
(2.34585 0.0429093 -1.77168e-24)
(2.34041 0.0712918 4.43348e-22)
(2.34444 0.0545901 -4.38344e-22)
(2.32785 0.0489846 -3.88423e-25)
(2.31869 0.0500329 3.881e-25)
(2.20854 0.0371651 1.81343e-25)
(2.33472 0.0508518 -4.12347e-22)
(2.32317 0.0771491 -3.86469e-25)
(2.32745 0.0609644 3.55097e-25)
(2.30826 0.0496418 1.65705e-25)
(2.29594 0.0486084 -1.65589e-25)
(2.17426 0.0357281 0)
(2.31294 0.0588551 1.7342e-22)
(2.29884 0.0797428 1.17752e-22)
(2.30564 0.0626617 -7.82827e-23)
(2.28273 0.04643 0)
(2.26855 0.0444129 5.18841e-25)
(2.13917 0.0322082 -5.80812e-25)
(2.28612 0.0627125 1.76352e-23)
(2.27204 0.0780035 2.71731e-23)
(2.28069 0.0592226 4.04219e-24)
(2.25362 0.0418696 3.57842e-24)
(2.23936 0.0381824 8.1418e-25)
(2.1054 0.025128 -8.13913e-25)
(2.26117 0.06177 5.6377e-26)
(2.24831 0.0706292 1.70961e-25)
(2.25426 0.0522497 1.03023e-25)
(2.22617 0.0337964 -1.4033e-24)
(2.21173 0.0295545 -9.67397e-25)
(2.07382 0.0182418 0)
(2.23544 0.0554989 -1.70987e-25)
(2.21918 0.0624803 0)
(2.22301 0.0483333 1.21099e-24)
(2.19601 0.0236692 1.69802e-24)
(2.18147 0.0169149 4.28009e-26)
(2.0477 0.0103695 0)
(2.20315 0.0499809 0)
(2.18399 0.0509576 1.92226e-25)
(2.19366 0.0345641 -1.76253e-25)
(2.16923 0.012027 -1.5653e-24)
(2.1582 0.00875038 2.26373e-25)
(2.0295 0.000888992 -3.21997e-26)
(2.1668 0.0391819 -1.51862e-25)
(2.1543 0.0360648 -4.06374e-26)
(2.16944 0.0190015 -7.0984e-26)
(2.14852 0.00376439 2.6981e-26)
(2.1426 -0.00226868 1.90369e-25)
(2.02022 -0.00581668 -3.55987e-26)
(2.14823 0.0219362 0)
(2.14551 0.00942075 0)
(2.15264 0.000294502 -1.60654e-25)
(2.14126 -0.00566655 0)
(2.14169 -0.00676291 0)
(2.02138 -0.00608726 -1.00185e-25)
(2.14329 -0.00344711 -1.71673e-24)
(2.14222 -0.00897959 2.77427e-24)
(2.15018 -0.00792979 -1.90527e-24)
(2.14329 -0.00766227 -2.45789e-25)
(2.14697 -0.00771657 -2.98302e-25)
(2.02955 -0.00365972 1.62239e-25)
(2.1429 -0.0112391 -1.10422e-23)
(2.14569 -0.0170779 1.42884e-23)
(2.15659 -0.0158319 -3.4244e-24)
(2.15396 -0.00647893 0)
(2.16361 -0.0042279 -7.45952e-25)
(2.04104 0.00352579 0)
(2.15297 -0.0210071 -7.80025e-25)
(2.16688 -0.0309253 7.8923e-25)
(2.17451 -0.019827 7.4613e-25)
(1.01557 0.00396613 0)
(0.416307 0.000454416 0)
(1.00409 0.00530521 0)
(0.404209 0.000758821 0)
(0.962484 0.00669122 0)
(0.372425 0.00123787 0)
(0.904197 0.00875009 0)
(0.334128 0.000986232 0)
(0.83121 0.00859075 0)
(0.291239 0.000793949 0)
(0.751679 0.0083464 0)
(0.249254 0.000565901 0)
(0.671959 0.00782378 0)
(0.209588 0.000890845 0)
(0.597405 0.00628236 0)
(0.171923 0.000997697 0)
(0.533662 0.00471779 0)
(0.141952 0.00076678 0)
(0.479836 0.00327718 0)
(0.11791 0.000656924 0)
(0.436543 0.001929 0)
(0.0995541 0.000828691 0)
(0.404413 0.000327486 0)
(0.0867123 0.00121763 0)
(0.384068 -0.000880813 0)
(0.079596 0.00136636 0)
(0.375159 -0.00183991 0)
(0.078433 0.00135649 0)
(0.376702 -0.00218873 0)
(0.0822485 0.000693083 0)
(0.386027 -0.00219646 0)
(0.0891785 0.000169919 0)
(0.399278 -0.00201734 0)
(0.0982697 -0.00016208 0)
(0.4146 -0.00191237 0)
(0.108107 -0.000242206 0)
(0.432522 -0.00241157 0)
(0.119783 -0.000385527 0)
(0.450463 -0.0023726 0)
(0.132764 -0.000252509 0)
(0.464516 -0.00234442 0)
(0.144218 4.78037e-05 0)
(0.473582 -0.0024757 0)
(0.153888 0.000430744 0)
(0.984065 0.00639834 0)
(0.389306 0.00111601 0)
(0.936496 0.00728956 0)
(0.354218 0.000975914 0)
(0.868864 0.00878374 0)
(0.312601 0.000875796 0)
(0.791661 0.00866946 0)
(0.269995 0.000703268 0)
(0.711684 0.00801945 0)
(0.229355 0.000635241 0)
(0.633648 0.00722418 0)
(0.190105 0.00104249 0)
(0.564328 0.00539359 0)
(0.155994 0.000842288 0)
(0.505467 0.00401693 0)
(0.129272 0.000680827 0)
(0.456866 0.00260301 0)
(0.108067 0.000700459 0)
(0.419164 0.00116171 0)
(0.0924439 0.00099368 0)
(0.393025 -0.000362889 0)
(0.082546 0.00135971 0)
(0.378004 -0.0013886 0)
(0.0782764 0.0014231 0)
(0.375193 -0.00204186 0)
(0.0798006 0.000930965 0)
(0.380837 -0.00223486 0)
(0.0854276 0.000483216 0)
(0.392307 -0.00210902 0)
(0.0935698 -5.30332e-05 0)
(0.406786 -0.00195321 0)
(0.103167 -0.000222 0)
(0.423251 -0.00217482 0)
(0.11356 -0.000320083 0)
(0.44182 -0.00240064 0)
(0.126365 -0.00035037 0)
(0.458124 -0.0023866 0)
(0.138768 -0.000112169 0)
(0.469684 -0.00238124 0)
(0.149231 0.000209585 0)
(0.475834 -0.00243124 0)
(0.157899 0.000677122 0)
(2.26207 -0.0529906 -3.31923e-22)
(2.27125 -0.0408731 6.3962e-22)
(2.24746 -0.047595 0)
(2.25983 -0.0377932 3.56323e-23)
(2.23635 -0.0358231 3.02573e-22)
(2.25036 -0.0305733 -4.95133e-22)
(2.23384 -0.0240459 -7.43141e-24)
(2.24701 -0.0258051 -1.03508e-22)
(2.26383 -0.0225065 1.03523e-22)
(2.26656 -0.0135594 -5.49612e-23)
(1.64511 -0.00924584 -4.74992e-25)
(2.23411 -0.0200279 -7.34127e-24)
(2.24699 -0.0227539 6.70868e-25)
(2.26054 -0.0193077 -6.88535e-25)
(2.26113 -0.0133625 0)
(1.62131 -0.00825586 0)
(2.23674 -0.0173837 0)
(2.2476 -0.0208847 0)
(2.25804 -0.0187919 1.29986e-25)
(2.25733 -0.0141501 -8.72009e-24)
(1.59731 -0.00848966 5.28734e-25)
(1.63333 -0.00886747 4.74667e-25)
(1.60952 -0.0085114 1.86641e-25)
(1.58472 -0.00826316 -1.58073e-25)
(2.17987 -0.0164907 5.67028e-23)
(2.17326 -0.0156903 1.59076e-24)
(2.26256 -0.0271025 -1.69558e-24)
(2.16939 -0.0155959 -1.58975e-24)
(2.16338 -0.0154178 0)
(2.25832 -0.0250012 -1.33959e-24)
(2.1596 -0.0158219 -1.27802e-24)
(2.15312 -0.0159964 4.93696e-26)
(2.25505 -0.0248435 9.5403e-24)
(0.507194 -0.000482146 0)
(0.146939 -0.000303271 0)
(0.494624 -0.000134677 0)
(0.143107 -0.000294709 0)
(0.483883 8.53547e-05 0)
(0.140246 -0.000463362 0)
(0.500569 -0.000304231 0)
(0.144785 -0.000310037 0)
(0.488993 -6.46779e-05 0)
(0.141643 -0.000378043 0)
(0.479207 0.000263747 0)
(0.139053 -0.000520851 0)
(2.1797 -0.0293831 -5.76711e-25)
(2.19284 -0.0202506 3.56416e-26)
(2.18671 -0.00888189 0)
(1.40237 0.00151914 0)
(2.17059 -0.0132684 0)
(2.18495 -0.0106242 0)
(2.1756 -0.0061836 -2.69536e-25)
(1.39729 0.000847763 -1.8507e-25)
(2.16914 -0.00401773 3.7863e-24)
(2.18382 -0.00541611 0)
(2.16955 -0.00384987 6.61998e-25)
(1.39314 -0.000646692 0)
(2.17003 -0.000587988 -3.6232e-24)
(2.1846 -0.00380711 -9.82684e-25)
(2.16875 -0.00426649 3.40619e-24)
(1.38663 -0.00209894 -2.46302e-25)
(2.17343 0.00545056 -1.29141e-25)
(2.1876 -0.00121171 4.011e-24)
(2.16983 -0.00462317 0)
(1.37629 -0.00344513 -5.57382e-25)
(2.183 0.0119064 -7.87714e-25)
(2.196 0.000447735 -2.1879e-26)
(2.17579 -0.00616547 -5.87918e-24)
(1.36153 -0.00504796 -5.81917e-27)
(1.39928 0.00138745 0)
(1.39565 0.000188046 6.82877e-26)
(1.39043 -0.00135268 -2.21514e-25)
(1.38218 -0.00264301 2.7305e-25)
(1.36974 -0.00417378 5.74384e-25)
(1.35229 -0.00544552 2.54295e-25)
(2.04035 -0.00668423 0)
(2.03467 -0.0049758 3.0936e-25)
(2.18059 -0.00946006 -1.61176e-24)
(2.03054 -0.00231556 3.60065e-25)
(2.02724 -0.0019075 -2.53594e-25)
(2.17163 -0.00563922 -3.92426e-25)
(2.02517 -0.0033143 -3.78101e-25)
(2.02414 -0.00304279 1.38614e-24)
(2.16895 -0.00420338 -8.06296e-25)
(2.02288 -0.0041177 1.1469e-24)
(2.02221 -0.0060617 -1.89888e-24)
(2.16888 -0.00433236 0)
(2.02217 -0.0071491 9.31299e-25)
(2.02227 -0.00825011 0)
(2.1724 -0.00458396 0)
(2.02261 -0.0107416 -9.74874e-25)
(2.02309 -0.0132057 9.9163e-25)
(2.18022 -0.0064254 5.81794e-24)
(2.24808 -0.0211422 -4.86474e-25)
(2.25684 -0.0211568 1.44138e-24)
(2.25404 -0.0151633 5.23036e-25)
(1.57185 -0.00773653 8.56778e-26)
(2.24713 -0.0237842 4.09726e-25)
(2.25543 -0.0227992 -1.3658e-24)
(2.2501 -0.0157506 -2.06053e-24)
(1.54482 -0.00692092 -6.61308e-26)
(2.2437 -0.0290087 -3.35898e-25)
(2.25254 -0.024035 -1.02963e-24)
(2.24472 -0.0173095 0)
(1.51707 -0.00607268 -4.40096e-25)
(2.23682 -0.0328991 -2.69177e-25)
(2.24577 -0.0265659 3.6281e-25)
(2.23864 -0.0177895 -5.97481e-24)
(1.48995 -0.00470216 0)
(2.23015 -0.031432 -2.05935e-25)
(2.23852 -0.02657 1.11459e-24)
(2.23032 -0.0172013 -3.52128e-24)
(1.46472 -0.00313966 0)
(2.22361 -0.0309359 0)
(2.23219 -0.0248325 -4.14027e-25)
(2.22069 -0.0159434 -6.93199e-25)
(1.44296 -0.00207729 -2.68587e-26)
(2.21281 -0.035685 0)
(2.22289 -0.0254065 3.23399e-25)
(2.21047 -0.0143698 1.39784e-24)
(1.42535 -0.000890675 3.54455e-26)
(2.19627 -0.0381739 5.31819e-25)
(2.20801 -0.0258002 3.35199e-25)
(2.19925 -0.0112403 0)
(1.41162 0.000607743 -7.3556e-27)
(1.55845 -0.00745481 1.38527e-25)
(1.53108 -0.00666437 -4.34071e-25)
(1.50354 -0.00551024 -6.19193e-27)
(1.47728 -0.00394768 0)
(1.4536 -0.00264638 2.68586e-26)
(1.43389 -0.001519 -3.54454e-26)
(1.41811 -0.000196446 0)
(1.4064 0.00125718 -6.67288e-28)
(2.14859 -0.0167637 5.76466e-25)
(2.14208 -0.0173107 2.42449e-25)
(2.25158 -0.0245022 -5.23018e-25)
(2.13706 -0.0179421 1.59983e-24)
(2.1302 -0.0180642 -1.30769e-24)
(2.24678 -0.0252692 1.89609e-24)
(2.12434 -0.0184542 4.32412e-25)
(2.11688 -0.0183646 0)
(2.24132 -0.0248051 5.48761e-24)
(2.11029 -0.0185519 1.23826e-24)
(2.10257 -0.0181683 0)
(2.23427 -0.0238935 4.35668e-24)
(2.09542 -0.0176962 -1.15532e-25)
(2.0878 -0.0163409 1.04375e-24)
(2.22524 -0.0219152 -9.38202e-25)
(2.08079 -0.0149628 5.94145e-25)
(2.07335 -0.0134569 0)
(2.21541 -0.0197123 0)
(2.06611 -0.0125615 0)
(2.05884 -0.0114566 2.2496e-25)
(2.20496 -0.0162923 -1.32041e-24)
(2.05229 -0.010358 8.27952e-26)
(2.0459 -0.00903968 -1.58884e-26)
(2.19284 -0.012366 0)
(0.46646 0.000539386 0)
(0.145426 6.91005e-05 0)
(0.470394 0.000756631 0)
(0.148764 5.9476e-05 0)
(0.473837 0.000704658 0)
(0.15242 -5.71411e-05 0)
(0.475602 0.000811795 0)
(0.155312 -0.000165875 0)
(0.475386 0.000725732 0)
(0.157316 -0.000332004 0)
(0.472593 0.000382195 0)
(0.158215 -0.000341371 0)
(0.468336 0.000604302 0)
(0.146979 6.72524e-05 0)
(0.472376 0.000821897 0)
(0.150715 3.78212e-05 0)
(0.47499 0.000792861 0)
(0.153931 -0.000108768 0)
(0.475788 0.0007178 0)
(0.156492 -0.000249965 0)
(0.474392 0.000667243 0)
(0.157985 -0.000328292 0)
(0.470194 0.000137413 0)
(0.157865 -0.000304873 0)
(0.475341 0.00044523 0)
(0.138257 -0.00056798 0)
(0.469224 0.000666402 0)
(0.137484 -0.000654924 0)
(0.464879 0.000808566 0)
(0.137541 -0.00065972 0)
(0.462152 0.000765065 0)
(0.138085 -0.000538546 0)
(0.460661 0.000641068 0)
(0.138816 -0.000383233 0)
(0.460325 0.000563511 0)
(0.139744 -0.000232654 0)
(0.461251 0.000481222 0)
(0.141153 -7.19595e-05 0)
(0.46333 0.000443923 0)
(0.142987 3.24866e-05 0)
(0.471975 0.000565992 0)
(0.137745 -0.000620307 0)
(0.466801 0.000754038 0)
(0.137425 -0.000670488 0)
(0.463354 0.000813739 0)
(0.137786 -0.000615387 0)
(0.461275 0.000702821 0)
(0.13844 -0.000465984 0)
(0.460375 0.000586091 0)
(0.139259 -0.000323287 0)
(0.460693 0.00053313 0)
(0.140431 -0.00015118 0)
(0.46223 0.000438942 0)
(0.142032 -6.16924e-06 0)
(0.464786 0.000430237 0)
(0.144112 5.04033e-05 0)
)
;

boundaryField
{
    inlet
    {
        type            fixedValue;
        value           nonuniform List<vector> 0();
    }
    outlet
    {
        type            zeroGradient;
    }
    wall
    {
        type            noSlip;
    }
    empty_zmin
    {
        type            empty;
    }
    empty_zmax
    {
        type            empty;
    }
    procBoundary1to0
    {
        type            processor;
        value           nonuniform List<vector> 
39
(
(2.34952 0.241892 -1.24765e-21)
(2.30184 0.199798 1.10174e-21)
(2.28302 0.154887 -9.94259e-22)
(2.27438 0.121387 0)
(2.26224 0.0929313 -5.2001e-24)
(2.25509 0.0561706 -9.65169e-23)
(2.25543 0.0396019 -4.01698e-23)
(2.26209 0.0243419 -7.15019e-24)
(2.27098 0.0214901 3.22362e-23)
(1.84024 0.000497981 -1.09666e-24)
(2.22753 0.0058586 -2.13132e-23)
(0.828085 -0.00113149 0)
(0.321466 -2.94848e-05 0)
(2.30971 -0.0813537 1.37681e-22)
(2.32605 -0.120195 8.29047e-22)
(2.36282 -0.152402 0)
(2.4203 -0.187202 -4.0807e-21)
(2.49207 -0.248844 -1.34985e-20)
(2.40037 0.245437 -3.37925e-21)
(2.29288 -0.013833 -6.43312e-23)
(2.33784 -0.0353898 -7.53458e-23)
(2.33617 -0.0438916 0)
(2.54837 -0.239176 2.56311e-20)
(1.86915 -0.24599 -6.94212e-20)
(-0.199195 -0.252456 -1.33863e-18)
(-0.172594 0.277847 0)
(1.8366 0.349893 3.2656e-20)
(2.47742 0.311075 -2.65523e-22)
(2.48954 0.289038 0)
(-0.0154924 0.13707 -8.46218e-20)
(0.161317 -0.182131 0)
(1.95898 -0.00210913 2.21263e-24)
(-0.0897384 0.26111 -1.00676e-20)
(2.46363 -0.123812 0)
(2.44906 0.262378 -4.06639e-20)
(2.33563 -0.0249612 4.7627e-23)
(2.33617 -0.0438916 0)
(1.02085 0.00235798 0)
(0.423053 9.19723e-05 0)
)
;
    }
}


// ************************************************************************* //
