/*--------------------------------*- C++ -*----------------------------------*\
| =========                 |                                                 |
| \\      /  F ield         | OpenFOAM: The Open Source CFD Toolbox           |
|  \\    /   O peration     | Version:  2406                                  |
|   \\  /    A nd           | Website:  www.openfoam.com                      |
|    \\/     M anipulation  |                                                 |
\*---------------------------------------------------------------------------*/
FoamFile
{
    version     2.0;
    format      ascii;
    arch        "LSB;label=32;scalar=64";
    class       surfaceScalarField;
    location    "0.47";
    object      phi;
}
// * * * * * * * * * * * * * * * * * * * * * * * * * * * * * * * * * * * * * //

dimensions      [0 3 -1 0 0 0 0];

oriented        oriented;

internalField   nonuniform List<scalar> 
4640
(
3.17937e-05
-3.97756e-05
9.7383e-05
-8.94011e-05
2.70725e-05
0.000100952
-9.62312e-05
2.35157e-05
0.000107288
-0.000103732
1.69369e-05
0.00010831
-0.000101731
1.09551e-05
0.000108659
-0.000102677
1.81125e-06
5.03247e-06
0.00010892
-0.000104808
7.00326e-07
5.44299e-05
-5.3319e-05
4.76505e-05
-8.51252e-07
4.23129e-07
-4.72224e-05
-1.95366e-06
6.17005e-07
4.89872e-05
5.39992e-05
-5.41501e-05
-3.95952e-06
5.60051e-05
5.55029e-05
1.81962e-07
8.29838e-06
-8.05721e-06
4.23617e-06
-4.0542e-06
2.43017e-07
8.67237e-06
4.47918e-06
6.57875e-06
5.56424e-06
1.96831e-05
1.87715e-05
-5.05977e-05
1.88947e-05
1.79875e-05
2.11245e-05
-5.1428e-05
2.76409e-05
2.25708e-05
2.49176e-05
-5.62346e-05
3.26779e-05
2.98966e-05
3.01037e-05
-6.50374e-05
4.11814e-05
3.75945e-05
-7.44616e-05
2.83636e-05
-3.12213e-05
2.56816e-05
8.74381e-05
-8.18985e-05
-3.36234e-05
7.71526e-05
-7.47504e-05
-2.74896e-05
3.15833e-05
2.945e-05
-6.71672e-05
-1.82582e-05
2.59917e-05
2.20338e-05
-5.7257e-05
2.19531e-05
1.93285e-05
-5.39754e-05
8.96858e-07
-1.30602e-06
5.04364e-05
-5.00272e-05
1.46231e-06
-1.66409e-06
4.99896e-05
-4.97878e-05
9.8434e-05
3.84932e-06
6.80078e-06
-9.44855e-05
-1.45986e-05
1.28712e-06
-5.19674e-05
-1.32569e-06
5.2006e-05
-5.1224e-05
1.27836e-06
-1.77051e-06
5.17162e-05
-1.44073e-05
9.99504e-05
3.50983e-06
9.38107e-06
-2.2926e-05
0.000103588
-9.50695e-05
9.38204e-05
-9.10648e-05
2.01202e-06
-5.42728e-05
-3.21019e-06
5.54709e-05
-5.37011e-05
3.9161e-06
-4.67829e-06
5.44633e-05
-2.72794e-05
0.000107725
7.76011e-06
1.17449e-05
-2.9938e-05
0.000106247
-3.56193e-05
9.95016e-05
-3.63473e-05
8.81662e-05
-1.7707e-05
3.745e-05
-2.25741e-05
4.36363e-05
-1.83218e-05
3.21982e-05
1.72106e-05
-1.51871e-05
2.39682e-05
1.20321e-05
-8.08275e-06
1.80037e-05
3.46689e-06
1.01216e-06
1.52041e-05
-4.84271e-06
9.6867e-06
1.31435e-05
-1.32959e-05
1.69313e-05
1.89354e-05
-1.94452e-05
2.04256e-05
2.89163e-05
-1.95332e-05
2.26623e-05
3.80523e-05
8.69672e-05
-2.35463e-05
-1.9945e-05
-8.32515e-05
2.1585e-06
-5.75547e-05
-3.17866e-06
5.85749e-05
-5.73878e-05
3.73729e-06
-4.16863e-06
5.78191e-05
-2.5662e-05
0.000116309
6.19612e-06
1.08813e-05
-3.64903e-05
0.000117075
-4.18396e-05
0.000104851
-2.71637e-05
4.72931e-05
-2.52761e-05
5.14734e-05
-2.91777e-05
3.94639e-05
-2.68953e-05
3.12995e-05
-3.2935e-05
2.85308e-05
2.45997e-05
-3.22906e-05
3.01607e-05
-2.24698e-05
2.09291e-05
-1.13983e-05
-1.28281e-05
3.29737e-06
6.02666e-06
4.70624e-07
-1.00225e-05
3.52519e-06
-6.98746e-06
1.2186e-05
-7.19632e-06
1.99775e-06
-2.19238e-05
3.36581e-05
-1.45946e-05
2.86024e-06
-2.4937e-05
2.76411e-05
2.50876e-05
-2.77917e-05
-2.91237e-05
-3.9141e-05
2.84933e-05
3.97714e-05
4.40247e-05
5.00275e-05
-2.68256e-05
-2.65774e-05
4.63179e-05
3.93403e-05
0.000102067
3.02349e-05
0.000110058
2.36821e-05
0.000113841
1.72365e-05
0.000114756
1.34253e-05
0.00011247
2.58383e-06
0.000114243
5.51798e-06
1.56316e-06
5.65236e-05
5.00037e-05
-1.53546e-06
5.18981e-07
2.43915e-06
-6.08744e-05
-4.00839e-06
6.24436e-05
-6.0581e-05
5.45163e-06
-6.64686e-06
6.17763e-05
-3.30804e-05
0.000126313
1.06403e-05
1.2436e-05
-3.8324e-05
0.000122319
-2.81306e-05
6.28166e-05
-2.82062e-05
6.00473e-05
-3.26136e-05
5.1776e-05
-3.55069e-05
4.44007e-05
-4.13955e-05
3.25017e-05
-5.2574e-05
5.00228e-05
2.55125e-06
-4.8285e-05
3.37169e-05
5.52224e-05
-4.06543e-05
-3.1651e-05
3.23366e-05
4.93419e-05
4.17756e-05
5.66687e-05
-2.92088e-05
-2.74722e-05
6.03042e-05
3.39433e-05
0.00011789
2.78905e-05
0.000119894
1.97001e-05
0.000122946
1.28138e-05
0.000119356
2.83742e-06
0.000119148
5.07176e-06
-5.78903e-05
1.7865e-06
5.89412e-05
-5.15308e-05
5.24913e-05
-1.37375e-06
4.1326e-07
2.32242e-06
-6.47378e-05
-3.78669e-06
6.6202e-05
-6.47408e-05
5.50555e-06
-7.25565e-06
6.64909e-05
-2.49295e-05
0.000131403
1.00393e-05
9.80108e-06
-2.28179e-05
7.27714e-05
-2.63457e-05
7.37816e-05
-2.70592e-05
6.70579e-05
-4.19342e-05
6.35598e-05
-5.57858e-05
3.41601e-05
-6.14286e-05
6.01893e-05
1.23937e-06
-5.83122e-05
4.1044e-05
6.97801e-05
-5.2512e-05
-3.44021e-05
2.68739e-05
6.41968e-05
3.27475e-05
6.7566e-05
-2.34818e-05
-2.68179e-05
6.78762e-05
2.45996e-05
0.000128042
1.9318e-05
0.000128228
1.28536e-05
0.000125821
3.35652e-06
0.000124239
4.40554e-06
-6.01753e-05
1.99516e-06
6.15367e-05
-5.38828e-05
5.47727e-05
-1.26469e-06
3.74761e-07
2.30478e-06
-6.84003e-05
-4.00305e-06
7.00986e-05
-6.85986e-05
5.92964e-06
-8.2024e-06
7.08714e-05
-1.59985e-05
0.000140408
1.23074e-05
9.08126e-06
-1.43959e-05
-1.89015e-05
7.56744e-05
-7.11036e-05
2.08322e-05
-2.66141e-05
7.68854e-05
-9.82131e-05
6.54557e-05
3.22473e-05
5.10188e-07
-3.2154e-05
-6.75779e-05
2.80137e-05
7.17181e-05
-2.15845e-05
1.92697e-05
6.98808e-05
2.46301e-05
0.000136675
-1.77532e-05
-1.55105e-05
1.74733e-05
0.000135384
1.22178e-05
0.000131076
3.17325e-06
0.000129563
3.72113e-06
-6.27978e-05
1.90102e-06
6.407e-05
-5.58899e-05
5.68111e-05
-1.14371e-06
2.22582e-07
1.61204e-06
-7.20331e-05
-2.94163e-06
7.33627e-05
-7.25254e-05
4.74992e-06
-7.26193e-06
7.50374e-05
-9.40683e-06
0.000144486
1.00068e-05
3.85158e-06
-8.52944e-06
-7.67831e-05
-1.34849e-05
8.08611e-05
-1.87452e-05
8.59746e-05
-8.42941e-05
1.70647e-05
2.00467e-05
8.44715e-05
-0.000104602
8.41927e-08
-1.65741e-05
-7.51219e-05
1.49325e-05
7.67635e-05
1.76985e-05
0.000141584
-1.22399e-05
-1.03667e-05
1.52005e-05
0.000137882
1.03795e-05
0.000135897
3.04265e-06
0.000133952
2.94813e-06
-6.52143e-05
1.99626e-06
6.62607e-05
-5.78608e-05
5.89016e-05
-1.13665e-06
9.58096e-08
8.79046e-07
-7.48977e-05
-1.82905e-06
7.58477e-05
-7.5472e-05
3.12261e-06
-5.54495e-06
7.78943e-05
-4.59028e-06
0.000146425
9.1861e-06
1.63618e-06
-8.17118e-06
-8.1834e-05
-5.71763e-06
8.29613e-05
-8.7083e-05
-4.05273e-06
8.47672e-05
6.36852e-06
-7.6271e-05
6.33634e-06
7.1286e-05
-1.35127e-06
-8.21355e-06
-7.79396e-05
8.73909e-06
7.7414e-05
1.47335e-05
0.000143612
-7.72485e-06
-9.03662e-06
1.05777e-05
0.000142038
7.62844e-06
0.000138846
2.69178e-06
0.000136978
1.9101e-06
-6.71682e-05
1.78146e-06
6.80785e-05
-5.99043e-05
6.07662e-05
-8.46494e-07
-1.53914e-08
-2.00826e-08
-7.69492e-05
-4.10748e-07
7.738e-05
-7.78121e-05
1.33403e-06
-3.15652e-06
7.96346e-05
-1.91569e-06
0.000149581
5.64486e-06
-2.25115e-06
-4.63373e-06
-8.08106e-05
-4.34881e-06
8.32437e-05
-8.38655e-05
-5.06551e-06
8.39423e-05
4.98868e-06
-7.02838e-05
9.00035e-06
6.83131e-05
-7.02964e-06
-8.75326e-06
-7.59665e-05
7.98698e-06
7.67328e-05
1.14303e-05
0.000145545
-6.20994e-06
-7.15409e-06
9.54327e-06
0.000143925
6.5735e-06
0.000141816
2.18252e-06
0.000140206
1.16361e-06
-6.87259e-05
1.26758e-06
6.96409e-05
-6.14519e-05
6.20039e-05
-3.1125e-07
-2.40809e-07
-1.31638e-06
-7.79806e-05
1.12574e-06
7.81712e-05
-7.88547e-05
-7.28866e-07
-4.07416e-07
7.9991e-05
-1.27009e-06
0.000155511
2.41522e-06
-4.35538e-06
-2.71978e-06
-8.3484e-05
-3.35509e-06
8.5569e-05
-8.62131e-05
-7.97525e-06
8.87249e-05
5.46339e-06
-6.55183e-05
1.10538e-05
6.57346e-05
-1.12701e-05
-9.41824e-06
-7.82815e-05
7.1607e-06
8.0539e-05
8.19201e-06
0.000148668
-5.52539e-06
-5.78955e-06
3.84662e-06
0.000148271
2.44354e-06
0.000143219
1.12514e-06
0.000141329
1.94622e-07
-7.02553e-05
5.7657e-07
7.08039e-05
-6.24214e-05
6.27593e-05
1.07241e-07
-4.45145e-07
-2.27286e-06
-7.79936e-05
2.39627e-06
7.78702e-05
-7.91895e-05
-2.43045e-06
1.61991e-06
8.00001e-05
2.24833e-06
0.000156719
-6.12754e-07
-6.41464e-06
3.57129e-06
-8.55433e-05
1.694e-06
8.60976e-05
-9.09392e-05
-1.57574e-06
9.19545e-07
9.15954e-05
-6.28218e-05
7.62944e-07
6.47869e-05
-2.72804e-06
-8.28149e-05
-2.35437e-06
2.60009e-06
8.25692e-05
3.40536e-06
0.000148564
-2.98816e-06
-3.12566e-07
1.35491e-06
0.000150321
5.88055e-07
0.000143986
1.94073e-07
0.000142176
-4.52447e-07
-7.11243e-05
-1.27361e-07
7.14457e-05
-6.29625e-05
6.30692e-05
5.22682e-07
-6.29396e-07
-3.19818e-06
-7.74183e-05
3.83051e-06
7.6786e-05
-7.86165e-05
-4.56069e-06
4.26536e-06
7.89118e-05
1.15e-05
0.000158244
-4.2651e-06
-8.75966e-06
1.01703e-05
0.000162055
-8.88743e-05
-8.43545e-05
1.25031e-05
-8.82622e-05
1.43711e-05
8.40614e-05
-3.05151e-05
4.40144e-05
-1.4632e-05
1.13268e-06
1.00816e-05
-4.7359e-05
-7.9904e-06
4.52678e-05
-8.0113e-05
4.40052e-06
-1.81494e-06
7.75274e-05
-4.37009e-07
0.000145794
9.16481e-07
2.29049e-06
-7.84958e-07
0.000150669
-9.04844e-07
0.000144106
-4.80785e-07
0.000142645
-8.93747e-07
-7.15768e-05
-6.59274e-07
7.17553e-05
-6.30385e-05
6.29275e-05
8.42627e-07
-7.31605e-07
-4.05178e-06
-7.59074e-05
5.09771e-06
7.48614e-05
-7.71634e-05
-6.04386e-06
6.14471e-06
7.70626e-05
2.1838e-05
0.000153434
-6.58494e-06
-1.04435e-05
1.36897e-05
0.000155595
1.46084e-05
-8.20023e-05
1.56764e-05
8.00156e-05
-3.59928e-05
-1.56e-05
9.05589e-06
4.25369e-05
6.98104e-06
-1.12585e-05
4.27748e-06
-1.21669e-05
1.18751e-05
-7.69317e-06
7.98492e-06
-4.54447e-05
5.46034e-06
-4.49403e-06
4.44784e-05
-9.05814e-07
0.000143763
-7.61481e-05
-7.60836e-05
4.0216e-06
5.3526e-06
-3.1341e-06
0.000148022
-9.79387e-07
0.000148514
-6.33654e-07
0.00014376
-8.15673e-07
0.000143619
-7.91882e-07
-7.17706e-05
-9.40952e-07
7.18959e-05
-6.2656e-05
6.23575e-05
1.0461e-06
-7.47622e-07
-4.85763e-06
-7.36884e-05
6.00996e-06
7.25361e-05
-7.52546e-05
-7.00304e-06
7.34438e-06
7.49133e-05
2.48134e-05
0.000146008
-7.92152e-06
-9.46579e-06
2.46941e-05
0.000155715
1.49852e-05
0.000146811
-7.46113e-05
-7.85574e-05
1.60662e-05
-4.98989e-05
9.01828e-06
5.58659e-05
-7.16546e-06
-4.03651e-06
1.67531e-06
9.52665e-06
-1.57409e-06
2.11706e-06
-7.52681e-07
2.09715e-07
-7.01757e-06
5.22234e-06
1.79523e-06
-8.23619e-06
1.07806e-05
-6.48186e-06
3.93746e-06
-5.91263e-06
4.39396e-06
-2.93035e-06
4.44902e-06
-4.90926e-06
0.00011683
-6.97608e-05
-4.76429e-05
3.45807e-06
2.02453e-06
-5.04414e-06
0.000143898
-5.06601e-06
0.000148044
-1.54632e-06
0.000144995
-1.78045e-06
0.000143994
-1.03799e-06
0.000143994
-1.11683e-06
-7.21376e-05
-1.08148e-06
7.21811e-05
-6.20134e-05
6.1661e-05
1.16818e-06
-8.15761e-07
-4.92625e-06
-7.14708e-05
6.02536e-06
7.03717e-05
-7.36872e-05
-6.95166e-06
7.87176e-06
7.27671e-05
2.44622e-05
0.000141809
-9.008e-06
-1.12552e-05
2.79878e-05
0.000152189
2.90307e-05
0.000145768
5.84254e-06
0.000110637
-3.33109e-05
-6.09054e-05
6.76758e-06
-1.2343e-05
6.448e-07
1.75407e-05
-4.50391e-06
2.68814e-06
-7.56406e-06
9.37982e-06
-2.0024e-06
1.09195e-05
-1.29297e-05
4.01254e-06
8.37652e-06
1.38945e-05
-1.91614e-05
-3.10958e-06
1.57434e-05
-1.1742e-05
-4.60293e-06
6.01583e-07
1.16663e-05
-9.67066e-06
-2.31748e-06
3.21841e-07
-8.26636e-07
4.66609e-06
-3.05987e-06
-7.79586e-07
-2.34952e-06
2.41496e-06
-4.64641e-07
3.99208e-07
-3.08783e-06
2.95406e-07
-3.60241e-07
3.15267e-06
-2.07943e-06
1.90713e-05
-1.19579e-05
-3.98726e-06
1.99132e-07
-1.24593e-06
-1.51067e-06
0.000116262
-1.85416e-06
0.000144242
-2.5873e-06
0.000148777
-2.05898e-06
0.000144466
-2.28081e-06
0.000144216
-1.1447e-06
0.000144318
-1.46068e-06
-7.23043e-05
-1.31414e-06
7.24738e-05
-6.12032e-05
6.07335e-05
1.31395e-06
-8.44226e-07
-4.70216e-06
-6.85796e-05
6.38937e-06
6.68924e-05
-7.10245e-05
-7.52083e-06
8.09308e-06
7.04522e-05
2.57579e-05
-8.86938e-06
-1.13854e-05
0.000136306
3.04626e-05
0.000147484
3.01702e-05
0.000146061
1.68082e-05
0.000123999
-7.90188e-06
6.38685e-05
-1.48995e-05
-2.42588e-05
-1.04986e-05
3.29253e-05
-9.47294e-06
-1.25798e-05
-8.27579e-06
-5.13825e-06
-1.09426e-05
5.58217e-06
2.73202e-06
1.17728e-05
-1.07947e-05
-3.71012e-06
-7.05972e-06
-1.56717e-05
1.87785e-06
6.20356e-06
1.08866e-05
8.90323e-06
-5.13982e-06
5.72465e-06
-5.10251e-06
-7.68185e-06
2.99371e-06
3.65168e-06
-1.1724e-06
-5.47299e-06
5.83423e-06
-2.54612e-06
-1.86297e-06
7.69812e-07
-5.20541e-07
-1.67441e-06
2.80302e-06
9.83961e-06
-3.94011e-06
-2.86829e-06
-2.61578e-06
2.44901e-05
-7.51999e-07
0.000114398
-2.64995e-06
0.00014614
-2.11679e-06
0.000148244
-2.17615e-06
0.000144526
-2.68803e-06
0.000144728
-1.53456e-06
0.000144853
-1.68854e-06
-7.24377e-05
-1.61938e-06
7.25225e-05
-6.0234e-05
5.95723e-05
1.59796e-06
-9.36281e-07
2.92916e-05
0.00012916
-3.44527e-05
6.44897e-06
8.6711e-05
-6.5211e-06
4.58953e-05
-7.85261e-06
1.08366e-05
-4.01921e-06
-5.48594e-06
-5.86863e-06
-9.00871e-06
2.69631e-06
4.32842e-06
-1.25208e-06
-2.02882e-05
4.79089e-06
-2.14607e-05
6.42489e-06
8.99288e-06
1.0132e-05
-1.7676e-05
4.64845e-06
7.68641e-06
1.12479e-05
-3.66203e-06
7.49527e-06
1.35923e-05
5.40246e-07
3.14452e-05
2.28086e-06
0.000112657
2.90025e-06
0.00014552
3.66969e-06
0.000147474
2.90382e-07
0.000147905
-1.7037e-06
0.000146722
-1.53137e-06
0.000146113
-1.432e-06
-7.26001e-05
-1.71578e-06
7.27845e-05
-5.87745e-05
5.79441e-05
1.74662e-06
-9.16256e-07
4.62745e-05
-4.19418e-05
0.000124827
3.1021e-05
0.000101965
1.53781e-05
6.15382e-05
1.14734e-05
1.47414e-05
1.34784e-05
-1.10137e-05
1.64803e-05
-2.32902e-05
2.03761e-05
-2.53566e-05
2.28706e-05
-2.01705e-05
1.96432e-05
-4.34693e-07
1.29617e-05
2.02738e-05
4.54543e-06
3.98614e-05
7.06553e-06
0.000110137
6.51906e-06
0.000146067
4.54743e-06
0.000149446
1.64118e-06
0.000150811
-9.53734e-07
0.000149317
-1.35093e-06
-1.37874e-06
0.000147889
-7.30434e-05
-1.70859e-06
7.34011e-05
-5.70964e-05
5.61722e-05
1.8598e-06
-9.35607e-07
4.35035e-05
3.95021e-07
-4.30017e-05
4.48438e-05
-2.10536e-06
7.65039e-07
4.54572e-05
6.73732e-07
4.744e-05
-2.94113e-06
9.58284e-07
4.88471e-05
6.04989e-07
5.06161e-05
-2.67557e-06
9.06522e-07
5.1953e-05
8.21628e-07
5.39395e-05
-2.80532e-06
8.18761e-07
2.51364e-05
-2.7432e-05
4.8422e-05
-2.68564e-05
3.57081e-06
2.71475e-05
-1.4109e-05
2.74748e-06
3.3043e-06
-7.59468e-06
2.22302e-06
-1.01765e-05
3.65962e-06
-1.29693e-05
3.23154e-06
2.9536e-05
-2.08149e-05
2.70605e-05
2.47545e-06
2.95856e-05
-3.10682e-05
-4.87387e-05
5.08552e-05
2.74691e-05
3.40939e-06
-1.92965e-06
4.0254e-07
5.55344e-05
8.44248e-07
5.75039e-05
-2.75854e-06
7.89043e-07
5.74451e-05
-4.29292e-05
5.20624e-05
5.38268e-06
3.50344e-05
2.57018e-06
4.29985e-05
-4.09325e-05
-5.07977e-05
5.96784e-05
3.41178e-05
4.42468e-06
-1.79016e-06
3.98635e-07
5.90388e-05
7.87584e-07
6.10349e-05
-2.66364e-06
6.67521e-07
7.2435e-05
-5.41799e-05
6.87506e-05
3.68447e-06
3.40973e-05
1.36627e-06
5.95632e-05
-5.29212e-05
-6.72457e-05
9.38982e-05
3.29108e-05
2.53437e-06
-1.52932e-06
4.12101e-07
6.27404e-05
5.99302e-07
6.44342e-05
-2.11868e-06
4.2488e-07
6.35398e-05
1.91584e-06
6.13181e-05
4.26071e-07
5.98415e-05
1.47662e-06
-1.25723e-06
2.07515e-07
6.57787e-05
2.67454e-07
6.6952e-05
-1.27664e-06
1.03405e-07
9.27147e-05
-0.000112371
9.10776e-07
1.09771e-05
8.20242e-05
-2.86623e-07
9.86876e-06
8.07115e-05
-7.72389e-05
-1.10343e-05
7.91271e-05
1.26187e-05
-2.8339e-06
-1.01674e-06
1.40797e-08
6.7886e-05
-5.5009e-08
6.85383e-05
-3.44215e-07
-3.08063e-07
8.05807e-05
-2.60926e-06
2.84304e-06
7.84693e-05
-7.31568e-07
3.74478e-06
7.72499e-05
-4.91042e-06
7.62411e-05
5.91925e-06
-3.90829e-06
-5.53714e-07
-1.31999e-07
6.90088e-05
-4.90582e-07
6.92559e-05
5.76327e-07
-8.23421e-07
7.77254e-05
-4.32165e-06
9.33155e-06
7.60872e-05
-7.69338e-06
7.06077e-06
7.64882e-05
-1.13322e-05
7.83873e-05
9.43306e-06
-8.53736e-06
-9.65382e-08
-3.20889e-07
6.91666e-05
-1.22703e-06
6.87931e-05
1.85438e-06
-1.48094e-06
7.69096e-05
-8.79762e-06
7.13424e-06
8.17949e-05
-1.20195e-05
4.91997e-06
8.00229e-05
-1.07342e-05
8.64399e-06
8.21131e-05
-7.82143e-06
2.95834e-07
-4.99097e-07
6.81385e-05
-1.61827e-06
6.71955e-05
2.68201e-06
-1.73898e-06
-2.50359e-05
-5.4792e-06
2.12781e-05
-2.49306e-05
3.65253e-06
7.52167e-07
-7.21411e-07
6.58681e-05
-1.87077e-06
6.43046e-05
3.57902e-06
-2.01552e-06
-2.37077e-05
1.72532e-05
6.45451e-06
-1.56861e-05
2.66747e-05
4.685e-06
1.78926e-05
-5.61771e-06
1.43998e-05
5.72573e-06
1.00625e-06
-7.34767e-07
6.24113e-05
-2.15853e-06
6.01912e-05
4.47954e-06
-2.25943e-06
-3.82226e-06
2.53532e-06
1.28694e-06
-4.00668e-06
9.65415e-06
2.221e-06
9.18938e-06
-5.32389e-06
5.78866e-06
9.53184e-07
1.16355e-06
-8.19437e-07
5.76016e-05
-2.26802e-06
5.47851e-05
4.99287e-06
-2.17634e-06
-8.59688e-07
-7.14406e-07
5.34127e-06
-9.60111e-06
3.40015e-06
2.95443e-06
1.06497e-05
-9.45065e-06
-1.09289e-07
-1.08978e-06
-9.538e-07
-1.07413e-06
-4.70463e-06
4.76423e-06
-5.96004e-08
6.02527e-06
-7.75676e-06
9.98218e-07
7.3327e-07
4.94007e-07
3.23135e-06
5.31663e-07
4.88394e-06
-4.36536e-06
2.71277e-06
1.28859e-06
-8.30874e-07
5.17254e-05
-1.86662e-06
4.84644e-05
4.87132e-06
-1.61029e-06
1.42882e-06
-9.29266e-07
4.51829e-05
-1.42066e-06
4.48514e-06
-1.11815e-06
4.18159e-05
1.74533e-06
-9.47495e-07
1.80376e-06
-9.5607e-07
1.94672e-06
-9.13124e-07
5.51386e-05
5.02693e-05
-5.0113e-05
3.63639e-06
-5.18693e-06
5.18199e-05
5.01913e-05
-4.8006e-05
6.42133e-06
5.05707e-05
5.17725e-05
5.20789e-06
-7.74892e-06
5.43136e-05
5.231e-05
9.73386e-06
5.19573e-05
5.50195e-05
4.75934e-06
-7.38232e-06
5.76425e-05
5.50391e-05
1.03068e-05
5.64772e-05
2.83388e-05
2.33108e-05
-2.2404e-05
1.88789e-05
2.09057e-05
-1.61358e-05
1.47126e-05
1.09602e-05
-3.84231e-06
1.4941e-05
-1.33932e-06
6.10385e-06
1.75153e-05
-1.20511e-05
1.65971e-05
2.24036e-05
-2.0938e-05
2.25267e-05
3.0996e-05
-2.36513e-05
2.35792e-05
3.67105e-05
-2.24904e-05
3.9256e-05
5.82011e-05
5.10482e-06
-7.68177e-06
6.0778e-05
5.85047e-05
1.04437e-05
5.89423e-05
4.29895e-05
2.72077e-05
4.09237e-05
-2.65862e-05
5.60328e-05
-4.15126e-06
5.82544e-05
6.22213e-05
5.05267e-06
-7.56192e-06
6.47305e-05
6.29357e-05
1.05265e-05
6.48452e-05
5.13615e-05
3.2216e-05
4.94457e-05
-3.09477e-05
5.86671e-05
-3.83765e-06
6.07146e-05
6.64494e-05
4.86192e-06
-6.97995e-06
6.85674e-05
6.76289e-05
9.08762e-06
6.83423e-05
6.71482e-05
3.03914e-05
7.0854e-05
6.36963e-05
-2.95298e-05
6.64082e-05
6.14451e-05
-3.14441e-06
6.30602e-05
7.0494e-05
4.05321e-06
-5.74059e-06
7.21814e-05
7.24474e-05
7.39459e-06
7.4134e-05
7.57123e-05
1.55045e-05
-2.02477e-05
8.04554e-05
7.64872e-05
2.76563e-05
7.28374e-05
-2.69573e-05
2.25558e-05
6.93927e-05
-1.73147e-05
7.11969e-05
6.38175e-05
-2.57686e-06
6.51371e-05
7.39897e-05
2.81166e-06
-4.02605e-06
7.5204e-05
7.68789e-05
4.46065e-06
7.62698e-05
8.40353e-05
9.50232e-06
8.44017e-05
7.38895e-05
-1.14426e-05
7.49653e-05
6.59967e-05
-2.04063e-06
6.70206e-05
7.64976e-05
1.44565e-06
-2.1412e-06
7.71932e-05
7.9911e-05
2.05902e-06
7.94881e-05
8.50526e-05
6.02043e-06
8.2777e-05
7.59796e-05
-7.36673e-06
7.43097e-05
6.79556e-05
-1.26268e-06
6.86646e-05
7.81164e-05
2.42691e-08
-4.21266e-07
7.85134e-05
8.19765e-05
-3.58697e-07
8.0084e-05
8.34168e-05
4.87399e-06
8.56036e-05
7.60867e-05
-7.88438e-06
7.6817e-05
6.96209e-05
-5.49175e-07
7.00735e-05
7.89103e-05
-2.03206e-06
2.27531e-06
7.86671e-05
8.20918e-05
-3.07675e-06
8.08132e-05
8.77119e-05
2.69414e-06
8.99377e-05
7.84523e-05
-6.36808e-06
7.90309e-05
7.07573e-05
1.25784e-07
7.09274e-05
7.86329e-05
-3.13384e-06
3.42898e-06
7.83377e-05
8.18204e-05
-4.81252e-06
8.02182e-05
9.0056e-05
-5.31444e-06
6.49618e-06
9.1103e-05
-8.38858e-06
-9.82933e-06
7.58964e-05
8.05217e-05
7.50275e-06
-2.84187e-06
7.58608e-05
7.86428e-05
3.85602e-07
7.79446e-05
7.13227e-05
5.83532e-07
7.14913e-05
7.76076e-05
-4.45765e-06
5.17147e-06
7.68937e-05
8.02185e-05
-6.91988e-06
7.83787e-05
7.56356e-05
-1.45622e-05
7.45117e-05
7.22709e-05
5.79454e-06
-4.63227e-06
7.11087e-05
7.70462e-05
3.18853e-06
7.16747e-05
9.09036e-07
7.17719e-05
7.59476e-05
-5.65258e-06
6.67572e-06
7.49244e-05
7.79385e-05
-8.4837e-06
7.59787e-05
7.45881e-05
-1.60666e-05
1.60434e-05
1.50506e-05
-8.68133e-06
1.97252e-05
1.21669e-05
3.2516e-06
-3.06355e-06
1.19789e-05
7.06362e-05
6.22806e-06
7.18771e-05
1.03358e-06
7.2007e-05
7.39314e-05
-6.05815e-06
6.78264e-06
7.32069e-05
7.54016e-05
-8.00868e-06
7.39445e-05
2.4707e-05
-1.10267e-05
2.4229e-06
3.45795e-06
3.93418e-07
6.01896e-06
3.70077e-06
3.51573e-06
-3.03502e-06
3.22006e-06
1.25066e-05
2.57326e-06
7.20937e-05
1.24013e-06
7.21422e-05
7.22806e-05
-6.66339e-06
7.89211e-06
7.10519e-05
7.28082e-05
-9.63477e-06
7.11878e-05
9.3519e-06
-4.94427e-08
-5.49813e-06
6.75562e-06
8.69808e-06
-1.14154e-05
8.55517e-07
1.25411e-05
-1.36818e-05
1.99623e-06
-3.01048e-06
-4.07544e-07
1.40594e-05
-1.41325e-05
-2.93742e-06
2.73063e-07
-3.48789e-07
1.25318e-05
-1.03809e-05
-2.4034e-07
6.97374e-06
-3.80492e-06
-3.40916e-06
3.53304e-07
1.5908e-06
-6.86747e-09
-1.23063e-06
2.54353e-06
-1.16215e-06
1.84271e-06
3.05895e-06
-2.12709e-06
7.2142e-05
1.42457e-06
7.21463e-05
6.99204e-05
-6.47848e-06
7.85079e-06
6.85481e-05
6.48991e-05
7.04115e-05
-9.71602e-06
6.8742e-05
6.8587e-05
2.82645e-06
8.17955e-06
-9.37231e-06
-2.84552e-06
8.75401e-06
-4.85999e-06
3.82879e-06
-2.26389e-06
-2.92357e-06
5.04682e-08
7.21249e-05
1.76613e-06
7.21041e-05
7.21349e-05
1.69092e-06
7.22477e-05
7.23989e-05
1.73054e-06
7.26151e-05
7.37529e-05
4.36026e-08
-1.75571e-05
1.80237e-05
-1.37897e-05
1.38333e-05
3.07341e-07
7.35944e-06
-6.5341e-06
8.28432e-06
-7.97698e-06
6.50614e-07
1.50981e-05
-1.45093e-05
1.25643e-05
-1.19137e-05
2.56848e-06
-1.38794e-06
3.09694e-06
-2.39115e-06
4.95963e-06
1.36491e-06
1.12492e-05
-1.00628e-05
9.79115e-06
-8.42624e-06
2.5884e-07
1.1888e-06
-1.23793e-06
1.30335e-06
-1.04451e-06
1.53363e-06
4.68604e-06
-2.9223e-06
4.18044e-06
-2.64681e-06
1.63714e-06
1.79309e-06
9.49547e-08
1.55299e-06
8.41515e-08
2.21809e-07
3.49126e-06
-3.11149e-06
3.03084e-06
-2.80903e-06
9.73775e-07
-2.06545e-06
3.08942e-06
-1.77328e-06
2.74705e-06
1.86025e-07
3.29411e-06
-3.1583e-06
2.9752e-06
-2.78917e-06
1.29058e-06
-4.80496e-06
6.37461e-06
-4.26306e-06
5.55364e-06
9.7061e-07
2.47677e-06
-1.65215e-06
2.30302e-06
-1.33241e-06
-3.42331e-07
-1.74739e-05
1.79005e-05
-1.31373e-05
1.2795e-05
-9.60852e-07
1.65603e-05
-1.69508e-05
9.94996e-06
-1.09108e-05
-4.02865e-06
-1.52181e-05
1.22171e-05
-7.38393e-06
3.35528e-06
-2.36841e-06
-6.13411e-06
-2.76758e-06
-9.00907e-07
-1.4675e-06
-2.61548e-06
6.57371e-06
-6.68627e-06
5.4828e-06
-8.09828e-06
2.13471e-07
8.97788e-06
4.69265e-06
1.34673e-07
-9.2267e-06
9.50529e-06
-4.84637e-06
4.98104e-06
1.40212e-07
-9.745e-06
9.97955e-06
-5.13996e-06
5.28017e-06
5.66146e-08
-1.02488e-05
1.04147e-05
-5.42307e-06
5.47968e-06
-1.35295e-08
-1.06013e-05
1.07106e-05
-5.50063e-06
5.4871e-06
-5.89501e-08
-1.07703e-05
1.08138e-05
-5.44152e-06
5.38257e-06
-1.82328e-07
-1.07988e-05
1.07403e-05
-5.26561e-06
5.08328e-06
-2.71953e-07
-1.06475e-05
1.04743e-05
-4.85525e-06
4.58329e-06
-3.26425e-07
-1.02597e-05
9.9567e-06
-4.29881e-06
3.97238e-06
-3.30811e-07
-9.57933e-06
9.17853e-06
-3.62835e-06
3.29754e-06
-2.84619e-07
-8.74815e-06
8.28514e-06
-2.99315e-06
2.70854e-06
-2.7816e-07
-7.76404e-06
7.22644e-06
-2.4102e-06
2.13204e-06
-2.29404e-07
-6.65679e-06
6.04197e-06
-1.87081e-06
1.64141e-06
-2.42542e-07
-5.34618e-06
4.65244e-06
-1.40794e-06
1.1654e-06
-2.32528e-07
-3.95e-06
3.26627e-06
-9.20335e-07
6.87808e-07
-2.59489e-07
-2.55664e-06
1.88053e-06
-4.41367e-07
1.81878e-07
-4.88116e-07
-1.97124e-05
1.99139e-05
-1.49712e-05
1.44831e-05
-5.80295e-07
-1.9129e-05
1.89777e-05
-1.26588e-05
1.20785e-05
-4.64054e-06
-1.7584e-05
1.45312e-05
-9.15055e-06
4.51001e-06
-1.76119e-06
-8.79142e-06
-1.4669e-06
-1.45212e-06
-3.09071e-07
1.22543e-06
2.12252e-06
1.0878e-06
1.46653e-06
-7.95855e-06
-6.9597e-06
1.47699e-06
-6.13124e-06
-5.48272e-06
1.30228e-06
1.09382e-06
-6.28344e-07
2.93102e-06
-3.37681e-06
2.10941e-06
-2.73775e-06
1.68912e-06
1.51601e-06
1.05335e-06
7.79671e-06
6.60699e-06
-2.56603e-06
-2.45437e-06
1.53713e-07
1.5892e-07
1.42895e-07
2.09475e-08
-4.55799e-08
-1.16956e-07
-2.28037e-07
-2.84485e-07
-3.44038e-07
-3.04381e-07
-2.98338e-07
-2.61223e-07
-2.33472e-07
-2.4506e-07
-2.46441e-07
-2.74612e-07
1.24201e-06
-9.27344e-08
1.63559e-07
7.36384e-06
-7.13238e-06
3.79794e-06
-3.63438e-06
3.05218e-07
-7.80042e-06
8.16894e-06
-4.1264e-06
4.43162e-06
2.53184e-07
-8.70076e-06
9.05256e-06
-4.85808e-06
5.11127e-06
3.69109e-07
-9.57175e-06
1.00243e-05
-5.49859e-06
5.8677e-06
3.58283e-07
-1.04797e-05
1.09657e-05
-6.23099e-06
6.58927e-06
3.22219e-07
-1.14296e-05
1.18949e-05
-6.91446e-06
7.23668e-06
2.05088e-07
-1.23213e-05
1.27155e-05
-7.47784e-06
7.68292e-06
1.26302e-08
-1.30281e-05
1.32829e-05
-7.79521e-06
7.80784e-06
-1.29577e-07
-1.34235e-05
1.34981e-05
-7.77065e-06
7.64107e-06
-3.81874e-07
-1.34554e-05
1.33467e-05
-7.37571e-06
6.99384e-06
-7.60097e-07
-1.30923e-05
1.26253e-05
-6.42483e-06
5.66473e-06
-8.13513e-07
-1.19901e-05
1.11854e-05
-4.81899e-06
4.00548e-06
-7.5151e-07
-1.02278e-05
9.10859e-06
-3.22405e-06
2.47254e-06
-6.62437e-07
-7.81472e-06
6.31863e-06
-1.75088e-06
1.08845e-06
-6.98284e-07
-4.68257e-06
3.11284e-06
-4.65069e-07
-2.33215e-07
-5.37504e-07
-1.68241e-06
3.533e-07
9.79129e-07
-1.51663e-06
-3.66291e-07
9.04942e-07
-1.95931e-06
1.86868e-06
-2.23497e-06
3.76101e-07
-1.91778e-05
-1.45951e-05
7.61773e-07
-1.82429e-06
-2.92793e-06
-3.05789e-06
-4.9668e-06
6.84704e-06
3.31752e-06
-3.00845e-06
-3.95965e-07
1.79424e-06
-2.35208e-06
1.2026e-06
-1.59856e-06
1.24987e-07
3.27617e-06
-2.90715e-06
2.7309e-06
-2.60591e-06
1.42259e-06
9.7835e-06
8.02958e-06
1.353e-06
1.10007e-05
9.38259e-06
1.66038e-06
1.3765e-05
1.1043e-05
5.48335e-07
1.45829e-05
1.15913e-05
1.34105e-06
1.12101e-06
-2.41065e-07
3.78704e-07
9.62351e-07
7.69268e-07
1.6348e-05
1.23606e-05
-1.57509e-08
1.67898e-05
1.23448e-05
2.23231e-06
-2.38469e-06
4.83738e-06
-4.06233e-06
6.29464e-06
3.28455e-07
4.26465e-07
3.87329e-07
3.63286e-07
3.25189e-07
2.41155e-07
1.12283e-07
-3.71882e-08
-2.65358e-07
-5.69012e-07
-8.45737e-07
-7.81433e-07
-7.21654e-07
-6.23377e-07
-7.45914e-07
-3.52044e-07
-3.19331e-07
-2.75813e-06
-2.5543e-06
3.01735e-06
-1.5809e-07
-5.10841e-07
-2.93092e-07
-1.66165e-07
5.8274e-08
3.02891e-07
3.26162e-07
-1.44665e-06
-1.00625e-06
6.27542e-07
3.09998e-06
7.92529e-07
-1.8842e-06
-4.0153e-06
1.80364e-06
-4.00513e-06
6.0229e-06
6.28813e-05
-7.44876e-06
8.10567e-06
6.79301e-05
2.12707e-05
0.000134066
-8.89611e-06
-1.01348e-05
2.97525e-05
0.000139003
0.000141361
-3.21728e-06
-6.07343e-05
5.33378e-06
5.86178e-05
-6.61851e-05
-6.89608e-06
7.45687e-06
6.56243e-05
2.4332e-05
-8.2204e-06
-1.03275e-05
0.000128282
3.22778e-05
0.000131057
0.000131696
3.86442e-05
-8.33449e-07
3.5615e-05
3.52984e-06
-5.00603e-07
3.26292e-05
-2.31474e-07
2.88661e-06
-5.69746e-08
2.97996e-05
6.71222e-05
-5.67686e-06
7.03715e-06
6.57619e-05
6.79516e-05
-8.7821e-06
6.65989e-05
6.41997e-05
-5.07304e-06
6.54161e-06
6.27311e-05
5.64313e-05
6.58354e-05
-8.54789e-06
6.40557e-05
6.3618e-05
-2.5118e-07
-3.3404e-06
-2.80548e-06
-1.24231e-07
3.65526e-06
-3.76251e-06
2.99122e-06
-3.11545e-06
-1.8574e-07
-4.73963e-08
-3.77209e-06
-3.16285e-06
-1.65956e-06
9.01852e-06
6.04462e-05
-6.78052e-05
4.16846e-06
6.00179e-05
-6.58459e-05
1.00509e-05
6.0851e-05
-6.67334e-05
1.60176e-05
6.28163e-05
-6.8783e-05
1.83039e-05
6.92803e-05
-7.15665e-05
7.66355e-05
-7.58192e-05
1.74875e-05
5.32806e-06
4.09215e-06
1.4751e-05
2.13327e-05
2.55756e-05
2.77495e-05
-1.31846e-05
1.32856e-05
8.5945e-05
-8.60461e-05
-1.59682e-05
8.26804e-05
-7.98968e-05
-1.54998e-05
7.60592e-05
-7.65276e-05
-1.25015e-05
6.93735e-05
-7.23717e-05
6.519e-05
-6.8673e-05
-2.2011e-05
2.27929e-05
-2.07022e-05
-1.84959e-05
-1.05629e-05
4.98738e-07
-2.55444e-07
4.60602e-05
-4.63035e-05
4.9263e-07
-2.18275e-07
4.56251e-05
-4.58994e-05
9.07815e-05
1.92916e-07
5.48145e-06
-8.91191e-05
-7.33679e-06
5.66736e-07
-4.73648e-05
-5.7293e-07
4.7371e-05
-4.71194e-05
6.71138e-07
-5.17319e-07
4.69656e-05
9.29078e-05
1.97822e-06
4.82018e-06
-8.92467e-06
8.2468e-07
-4.83232e-05
-7.91535e-07
4.829e-05
-4.79136e-05
1.01878e-06
-1.10049e-06
4.79953e-05
-1.05062e-05
1.86336e-06
7.06512e-06
9.1995e-05
-8.92156e-05
-1.76731e-05
3.88796e-05
3.3564e-07
-3.87165e-05
3.98718e-05
-1.53533e-06
5.43153e-07
4.01127e-05
3.25815e-07
4.10654e-05
-1.53148e-06
5.78783e-07
4.14116e-05
4.78413e-07
-2.40473e-06
8.14722e-07
4.62366e-05
-4.59994e-05
2.83998e-06
-3.90278e-06
4.72994e-05
4.56669e-05
-4.56923e-05
5.39713e-06
4.57512e-05
4.73976e-05
2.48365e-06
-3.29295e-06
4.82069e-05
4.72121e-05
4.2409e-06
4.77914e-05
4.84342e-05
4.14193e-06
-5.82081e-06
4.85543e-05
7.61339e-06
1.34435e-07
5.51744e-06
-5.31624e-06
2.50844e-06
-2.374e-06
1.223e-07
-5.83441e-06
6.03792e-06
-2.73462e-06
2.85692e-06
1.93488e-07
-6.38504e-06
6.66996e-06
-3.08859e-06
3.28208e-06
2.26189e-07
2.31667e-07
3.52305e-07
-4.12062e-05
1.96452e-06
-1.24623e-06
4.04879e-05
-4.1515e-05
5.81869e-07
-2.37476e-07
4.11706e-05
-4.13316e-05
1.01838e-07
-7.26985e-08
4.13024e-05
-4.13075e-05
4.83546e-08
-3.40631e-08
4.12932e-05
-4.13025e-05
2.4768e-08
-1.82138e-08
4.12959e-05
-4.13019e-05
1.80863e-08
-1.7471e-08
4.13013e-05
-4.13021e-05
1.35542e-08
-1.05796e-08
4.12992e-05
-4.13008e-05
1.15662e-08
-1.18233e-08
4.1301e-05
-4.13017e-05
1.06496e-08
-8.3219e-09
4.12994e-05
-4.13013e-05
6.65359e-09
-4.942e-09
4.12996e-05
-4.13008e-05
2.90966e-09
-1.48549e-09
4.12994e-05
-4.13009e-05
6.96976e-10
6.4236e-11
4.13001e-05
-4.13011e-05
-1.58791e-09
3.08891e-09
4.12996e-05
-4.13007e-05
-5.00112e-09
5.16334e-09
4.13006e-05
-4.13031e-05
-9.00194e-09
1.39036e-08
4.12982e-05
-4.13009e-05
-1.85182e-08
1.93894e-08
4.13001e-05
-4.13027e-05
-1.93776e-08
2.21156e-08
4.13e-05
-4.12938e-05
-8.81295e-09
-3.56464e-09
4.13062e-05
-4.13102e-05
-1.17721e-08
2.86488e-08
4.12933e-05
-4.13177e-05
-8.89628e-08
1.26222e-07
4.12804e-05
-4.13113e-05
-1.19438e-07
1.18217e-07
4.13126e-05
-4.14138e-05
-1.54297e-07
2.51277e-07
4.13168e-05
-4.15313e-05
-4.0625e-07
1.02833e-06
4.09093e-05
-3.35793e-05
3.66337e-05
-1.94463e-06
-1.10971e-06
-6.44295e-07
-4.10295e-05
1.56561e-07
4.15173e-05
-4.10238e-05
1.80921e-07
-1.98209e-07
4.1041e-05
-4.1157e-05
1.52299e-07
-1.09343e-07
4.11141e-05
-4.12595e-05
8.40133e-08
-4.56189e-08
4.12211e-05
-4.12857e-05
4.61466e-08
-2.70668e-08
4.12666e-05
-4.1293e-05
3.5839e-08
-2.89672e-08
4.12861e-05
-4.12986e-05
3.44644e-08
-2.62284e-08
4.12904e-05
-4.1297e-05
3.36367e-08
-3.30429e-08
4.12964e-05
-4.13007e-05
2.97095e-08
-2.15711e-08
4.12926e-05
-4.12985e-05
1.93002e-08
-1.55495e-08
4.12947e-05
-4.12999e-05
1.35142e-08
-7.85766e-09
4.12943e-05
-4.12952e-05
5.71991e-09
-5.79368e-09
4.12952e-05
-4.12959e-05
2.00262e-09
-8.02619e-10
4.12947e-05
-4.12981e-05
-3.44083e-09
4.30111e-09
4.12973e-05
-4.12994e-05
-1.55414e-08
1.84732e-08
4.12965e-05
-4.13043e-05
-2.71709e-08
3.44703e-08
4.1297e-05
-4.1298e-05
-4.48153e-08
3.82476e-08
4.13046e-05
-4.12961e-05
-2.70744e-08
1.29248e-08
4.13103e-05
-4.13131e-05
-4.08901e-08
4.86034e-08
4.13054e-05
-4.13162e-05
-1.15032e-07
1.60135e-07
4.12711e-05
-4.12643e-05
-1.50316e-07
1.48388e-07
4.12662e-05
-4.11637e-05
-2.35017e-07
2.97825e-07
4.11009e-05
-4.08192e-05
1.83781e-08
-3.85135e-07
4.11859e-05
-3.7801e-05
3.83173e-05
6.26458e-07
-1.14276e-06
-9.35126e-07
-4.19213e-05
6.07558e-07
4.22489e-05
-4.13297e-05
-3.51063e-07
1.57808e-07
4.15229e-05
-2.77704e-07
8.24915e-05
-4.13034e-05
-4.09155e-05
1.25022e-07
-1.19888e-07
-2.81935e-07
8.2493e-05
-4.13593e-05
-4.11294e-05
-2.63679e-07
8.25461e-05
-4.13602e-05
-4.12041e-05
-2.37939e-07
8.25616e-05
-4.13481e-05
-4.12392e-05
-2.21583e-07
8.25719e-05
-4.13319e-05
-4.12564e-05
-1.7743e-07
8.25476e-05
-4.13231e-05
-4.12687e-05
-1.20432e-07
8.25336e-05
-4.13124e-05
-4.12782e-05
-7.09387e-08
8.25334e-05
-4.13017e-05
-4.12812e-05
-3.58289e-08
8.25417e-05
-4.12914e-05
-4.12855e-05
-4.88372e-09
8.25453e-05
-4.12873e-05
-4.12889e-05
2.72925e-08
8.2541e-05
-4.12825e-05
-4.12907e-05
8.56838e-08
8.25265e-05
-4.12819e-05
-4.1303e-05
1.79176e-07
8.24998e-05
-4.1279e-05
-4.13144e-05
2.45919e-07
8.25255e-05
-4.12691e-05
-4.13232e-05
2.89695e-07
8.25375e-05
-4.12541e-05
-4.13271e-05
3.14566e-07
8.25662e-05
-4.1248e-05
-4.1343e-05
6.88926e-07
8.22965e-05
-4.12775e-05
-4.13934e-05
8.33165e-07
8.23976e-05
-4.11458e-05
-4.13961e-05
4.93117e-07
8.26618e-05
-4.09983e-05
-4.13235e-05
-4.22623e-07
8.31714e-05
-4.09381e-05
-4.11925e-05
-1.25035e-07
-4.14213e-05
-8.14865e-07
4.18135e-05
-3.86159e-05
3.87332e-05
9.46317e-07
-1.06363e-06
-8.01028e-07
-4.24735e-05
6.60135e-07
4.26144e-05
-4.17473e-05
-4.82929e-07
3.55294e-07
4.1875e-05
3.62045e-09
8.29558e-05
-1.70166e-07
-2.97765e-07
-1.95861e-07
8.26925e-05
-2.38023e-07
8.25882e-05
-2.49193e-07
8.25728e-05
-2.16576e-07
8.25393e-05
-1.97259e-07
8.25283e-05
-1.76916e-07
8.25132e-05
-1.34557e-07
8.2491e-05
-7.58331e-08
8.2483e-05
-8.8139e-09
8.24783e-05
4.38659e-08
8.24883e-05
8.13101e-08
8.24891e-05
5.04859e-08
8.25307e-05
7.97009e-09
8.2568e-05
-4.84634e-08
8.25939e-05
5.05492e-08
8.24672e-05
-4.02948e-07
8.275e-05
-7.86398e-07
8.2781e-05
-1.02066e-06
8.28961e-05
-7.84996e-07
8.34291e-05
-4.93408e-07
-4.21154e-05
-8.77945e-07
4.22084e-05
-3.87537e-05
3.86793e-05
8.14642e-07
-7.40238e-07
-6.42689e-07
-4.2713e-05
5.73741e-07
4.27819e-05
-4.20274e-05
-4.75715e-07
3.93048e-07
4.21101e-05
1.59972e-07
8.33267e-05
-2.44048e-07
-2.86883e-07
-1.01353e-07
8.29538e-05
-2.34543e-07
8.27214e-05
-2.55521e-07
8.25937e-05
-2.53126e-07
8.25369e-05
-2.32263e-07
8.25075e-05
-1.93183e-07
8.24741e-05
-1.46489e-07
8.24444e-05
-8.31702e-08
8.24197e-05
-1.99111e-08
8.2415e-05
4.77003e-08
8.24207e-05
1.26408e-07
8.24104e-05
2.06721e-07
8.24504e-05
3.16766e-07
8.2458e-05
4.48267e-07
8.24624e-05
2.88071e-07
8.26273e-05
4.69921e-07
8.25682e-05
4.24012e-07
8.28269e-05
6.27269e-08
8.32574e-05
-4.67759e-07
8.41572e-05
-1.97596e-07
-4.22015e-05
-6.82426e-07
4.24161e-05
-3.85431e-05
3.84062e-05
6.29063e-07
-4.92182e-07
-5.58264e-07
-4.28526e-05
5.11168e-07
4.28997e-05
-4.22191e-05
-4.34436e-07
3.79998e-07
4.22736e-05
1.90097e-07
8.36345e-05
-2.62128e-07
-2.35688e-07
-7.63698e-08
8.32203e-05
-2.42794e-07
8.28878e-05
-3.03406e-07
8.26543e-05
-3.04632e-07
8.25382e-05
-2.78587e-07
8.24814e-05
-2.22884e-07
8.24184e-05
-1.27961e-07
8.23494e-05
-3.96907e-08
8.23314e-05
6.77238e-08
8.23076e-05
1.51354e-07
8.23371e-05
1.53949e-07
8.24078e-05
1.99515e-07
8.24048e-05
1.93418e-07
8.24641e-05
1.13318e-07
8.25425e-05
1.62647e-07
8.2578e-05
-2.11179e-07
8.2942e-05
-6.71454e-07
8.32872e-05
-1.1707e-06
8.37566e-05
-6.89799e-07
8.40333e-05
-3.5697e-07
-4.26111e-05
-6.32346e-07
4.25536e-05
-3.82615e-05
3.8117e-05
5.2852e-07
-3.83998e-07
-5.01709e-07
-4.29726e-05
4.74916e-07
4.29993e-05
-4.23686e-05
-4.06615e-07
3.5166e-07
4.24236e-05
1.55255e-07
8.3888e-05
-2.45837e-07
-1.62967e-07
-4.00919e-08
8.34156e-05
-2.03039e-07
8.30508e-05
-3.09255e-07
8.27606e-05
-3.53409e-07
8.25823e-05
-2.90988e-07
8.2419e-05
-1.50689e-07
8.22781e-05
-1.04409e-07
8.23032e-05
-6.84092e-08
8.22954e-05
-4.48201e-08
8.2284e-05
7.51047e-08
8.22172e-05
2.61502e-07
8.22214e-05
3.01802e-07
8.23645e-05
3.66625e-07
8.23992e-05
4.35811e-07
8.24733e-05
2.71732e-07
8.27421e-05
4.38713e-07
8.2775e-05
5.05761e-07
8.32202e-05
4.00868e-07
8.38615e-05
-2.9695e-07
8.47525e-05
-2.13457e-08
-4.24717e-05
-5.48565e-07
4.27233e-05
-3.79976e-05
3.78384e-05
4.7321e-07
-3.14017e-07
-4.44172e-07
-4.30814e-05
4.51895e-07
4.30737e-05
-4.25045e-05
-4.01192e-07
3.35368e-07
4.25703e-05
7.07908e-08
8.41286e-05
-2.44091e-07
-6.7336e-08
-1.39148e-07
8.36256e-05
-2.53768e-07
8.31654e-05
-3.76071e-07
8.28829e-05
-3.53266e-07
8.25595e-05
-3.2555e-07
8.23913e-05
-4.30718e-07
8.23833e-05
-2.27622e-07
8.21001e-05
1.0187e-07
8.19659e-05
3.13275e-07
8.20726e-05
3.69641e-07
8.21608e-05
3.88098e-07
8.22029e-05
5.18855e-07
8.22337e-05
5.28628e-07
8.23895e-05
3.95914e-07
8.2606e-05
3.01885e-07
8.28361e-05
-3.4015e-07
8.34171e-05
-8.30557e-07
8.37106e-05
-1.08334e-06
8.41143e-05
-4.90337e-07
8.45757e-05
-4.16268e-07
-4.29429e-05
-3.88192e-07
4.28407e-05
-3.77058e-05
3.76023e-05
3.3222e-07
-2.2865e-07
-3.90377e-07
-4.31976e-05
4.37054e-07
4.31509e-05
-4.26343e-05
-3.82178e-07
3.13385e-07
4.27031e-05
-9.58302e-08
8.43684e-05
-2.00501e-07
5.65352e-08
-2.38758e-07
8.37685e-05
-3.71731e-07
8.32984e-05
-3.70883e-07
8.2882e-05
-4.78768e-07
8.26674e-05
-3.49773e-07
8.22623e-05
1.11003e-07
8.19225e-05
8.18647e-08
8.21292e-05
-1.31009e-07
8.21788e-05
-4.43838e-08
8.1986e-05
2.47039e-07
8.18694e-05
4.85168e-07
8.19648e-05
5.88379e-07
8.21305e-05
6.82911e-07
8.22949e-05
7.25981e-07
8.2563e-05
6.59295e-07
8.29028e-05
1.09528e-06
8.29811e-05
1.36957e-06
8.34363e-05
1.01405e-06
8.44698e-05
6.02098e-08
8.54654e-05
6.42054e-08
-4.27022e-05
-2.1235e-07
4.29747e-05
-3.74507e-05
3.73666e-05
2.50052e-07
-1.65972e-07
-3.38555e-07
-4.33232e-05
4.40234e-07
4.32216e-05
-4.27527e-05
-3.60728e-07
2.38119e-07
4.28753e-05
-7.85763e-08
8.45517e-05
-1.53674e-07
4.89816e-08
-3.03625e-07
8.39935e-05
-4.41118e-07
8.34359e-05
-5.61723e-07
8.30026e-05
-3.5179e-07
8.24575e-05
-4.20294e-07
8.23308e-05
-7.19733e-07
8.2222e-05
-2.00554e-07
8.161e-05
5.32761e-07
8.14455e-05
8.04415e-07
8.17143e-05
7.91755e-07
8.1882e-05
8.0321e-07
8.19533e-05
9.13666e-07
8.20201e-05
9.62196e-07
8.22464e-05
9.33136e-07
8.2592e-05
8.68549e-07
8.29674e-05
1.98382e-07
8.36512e-05
-5.69294e-07
8.4204e-05
-7.22429e-07
8.4623e-05
-2.00725e-07
8.50668e-05
-1.23163e-07
-4.32037e-05
-1.30773e-07
4.31338e-05
-3.72603e-05
3.72041e-05
1.65556e-07
-1.09275e-07
-2.65745e-07
-4.34788e-05
4.44068e-07
4.33004e-05
-4.28156e-05
-3.49765e-07
1.07999e-07
4.30574e-05
-6.97652e-07
8.48835e-05
7.99827e-08
2.8592e-07
-7.00303e-07
8.39962e-05
-7.7989e-07
8.35154e-05
-7.54038e-07
8.29768e-05
-8.96559e-07
8.26e-05
-5.30259e-07
8.19645e-05
1.9307e-07
8.14986e-05
7.24092e-08
8.17307e-05
-9.20076e-08
8.16099e-05
1.74884e-07
8.14474e-05
7.98792e-07
8.12581e-05
1.22753e-06
8.15246e-05
1.31198e-06
8.19356e-05
1.27257e-06
8.22858e-05
1.30269e-06
8.25619e-05
1.28678e-06
8.29833e-05
1.33242e-06
8.36056e-05
1.55611e-06
8.39803e-05
1.38679e-06
8.47923e-05
1.10154e-07
8.60585e-05
2.84916e-07
-4.30154e-05
-1.38018e-07
4.32636e-05
-3.71749e-05
3.70933e-05
1.49597e-07
-6.79425e-08
-1.50528e-07
-4.36341e-05
3.64495e-07
4.34201e-05
-4.29361e-05
-2.67738e-07
2.46391e-08
4.31792e-05
-4.39059e-07
8.49514e-05
-3.80559e-09
3.74884e-07
-8.30998e-07
8.43881e-05
-8.53936e-07
8.35384e-05
-7.19731e-07
8.28426e-05
-1.43474e-07
8.20237e-05
-8.18933e-08
8.19029e-05
-3.23311e-07
8.174e-05
3.01478e-07
8.11059e-05
1.06169e-06
8.08497e-05
1.15885e-06
8.13503e-05
9.9764e-07
8.14193e-05
1.1245e-06
8.13977e-05
1.50671e-06
8.15534e-05
1.64372e-06
8.21488e-05
1.42099e-06
8.27846e-05
1.13874e-06
8.32656e-05
1.005e-06
8.37394e-05
-1.0239e-08
8.49955e-05
-6.5744e-07
8.54395e-05
-1.10547e-08
8.53729e-05
3.92819e-08
-4.34434e-05
9.04929e-08
4.33419e-05
-3.70789e-05
3.70932e-05
-6.65249e-08
5.21673e-08
-7.35146e-10
-4.37862e-05
2.39193e-07
4.35477e-05
-4.31093e-05
-2.3139e-07
9.44859e-08
4.32462e-05
-1.39018e-06
8.52564e-05
1.40126e-07
9.45062e-07
-1.22568e-06
8.42236e-05
-1.24726e-06
8.356e-05
-1.19567e-06
8.2791e-05
-1.60313e-06
8.24312e-05
-1.2755e-06
8.15753e-05
-2.973e-07
8.07618e-05
7.72129e-08
8.07314e-05
1.91084e-07
8.07358e-05
3.90255e-07
8.11511e-05
1.51499e-06
8.02946e-05
1.9209e-06
8.09918e-05
1.88939e-06
8.15849e-05
2.2238e-06
8.18144e-05
2.67839e-06
8.233e-05
2.79496e-06
8.3149e-05
2.52697e-06
8.40073e-05
3.28979e-06
8.42327e-05
3.47506e-06
8.52542e-05
6.51325e-07
8.74075e-05
7.89083e-07
-4.31913e-05
2.59547e-07
4.35831e-05
-3.71118e-05
3.71157e-05
-1.4362e-07
1.39793e-07
5.33664e-08
-4.39079e-05
1.64015e-07
4.36905e-05
-4.33897e-05
-1.00712e-07
1.6472e-07
4.33257e-05
-1.44566e-06
8.55299e-05
-1.89661e-07
1.36188e-06
-2.00163e-06
8.47796e-05
-1.98826e-06
8.35466e-05
-1.91767e-06
8.27204e-05
-1.11996e-06
8.16335e-05
-6.93054e-07
8.11484e-05
-4.96998e-07
8.05658e-05
2.17922e-07
8.00165e-05
1.13771e-06
7.9816e-05
1.94499e-06
8.03438e-05
1.69471e-06
8.05449e-05
2.42683e-06
8.02597e-05
3.00968e-06
8.10021e-05
3.02992e-06
8.17942e-05
2.62222e-06
8.27377e-05
2.32189e-06
8.34493e-05
1.8682e-06
8.4461e-05
6.26227e-07
8.54747e-05
-1.42622e-07
8.60231e-05
1.80467e-07
8.65083e-05
5.76099e-07
-4.39688e-05
2.25506e-07
4.39238e-05
-3.72089e-05
3.72132e-05
-1.54201e-07
1.4995e-07
9.47776e-08
-4.41368e-05
2.46483e-07
4.37955e-05
-4.36788e-05
-1.35059e-07
8.62272e-08
4.37276e-05
-2.2223e-06
8.61276e-05
2.59743e-07
1.36483e-06
-2.00958e-06
8.45669e-05
-2.31701e-06
8.3854e-05
-2.00143e-06
8.24048e-05
-1.93993e-06
8.1572e-05
-1.31564e-06
8.05241e-05
-3.18471e-07
7.95686e-05
4.48421e-07
7.92496e-05
7.65847e-07
7.94986e-05
1.83097e-06
7.92787e-05
3.25981e-06
7.9116e-05
3.47119e-06
8.00483e-05
3.72951e-06
8.07438e-05
4.01091e-06
8.15128e-05
4.28771e-06
8.24609e-05
4.26945e-06
8.34676e-05
4.74147e-06
8.3989e-05
4.8101e-06
8.5406e-05
3.49514e-06
8.7338e-05
1.14847e-07
8.83137e-05
1.5749e-06
-4.38055e-05
-2.19446e-07
4.41398e-05
-3.74e-05
3.73073e-05
-5.21585e-08
1.449e-07
1.44282e-07
-4.43632e-05
2.79309e-07
4.39396e-05
-4.37716e-05
-1.09546e-07
-1.17066e-07
4.39982e-05
-2.49198e-06
8.68403e-05
4.54326e-08
1.73382e-06
-3.82002e-06
8.58949e-05
-3.40197e-06
8.3436e-05
-3.31833e-06
8.23212e-05
-2.65341e-06
8.09071e-05
-1.74842e-06
7.96191e-05
-6.61622e-07
7.84818e-05
2.40836e-07
7.83471e-05
1.56689e-06
7.81725e-05
2.26273e-06
7.85829e-05
2.42492e-06
7.89538e-05
3.81871e-06
7.86545e-05
5.01388e-06
7.95486e-05
5.20654e-06
8.13201e-05
4.73223e-06
8.29352e-05
4.10483e-06
8.4095e-05
2.29506e-06
8.57988e-05
6.574e-07
8.70437e-05
4.31272e-07
8.75641e-05
-6.29828e-07
8.77406e-05
1.63421e-06
-4.4362e-05
-5.94261e-07
4.43265e-05
-3.76875e-05
3.74802e-05
1.05753e-07
1.01499e-07
1.34928e-07
-4.47629e-05
3.04881e-07
4.43231e-05
-4.41525e-05
-1.75613e-07
2.03921e-07
4.41242e-05
-3.18868e-06
8.729e-05
1.8322e-07
2.55583e-06
-3.08445e-06
8.57907e-05
-4.41288e-06
8.47644e-05
-4.35566e-06
8.22639e-05
-3.61768e-06
8.01691e-05
-2.04172e-06
7.80431e-05
-7.78905e-07
7.7219e-05
6.18488e-07
7.69497e-05
1.38695e-06
7.74041e-05
2.33831e-06
7.76315e-05
3.83457e-06
7.74576e-05
4.01442e-06
7.84747e-05
4.5349e-06
7.90281e-05
5.9324e-06
7.99226e-05
6.50748e-06
8.23602e-05
6.08743e-06
8.4515e-05
5.88168e-06
8.60045e-05
5.79241e-06
8.7133e-05
4.93792e-06
8.84186e-05
-6.01244e-09
8.98712e-05
2.81337e-06
-4.41116e-05
-7.22479e-07
4.48281e-05
-3.81088e-05
3.79076e-05
6.76037e-08
1.3357e-07
2.33978e-07
-4.50235e-05
1.24012e-07
4.46655e-05
-4.45113e-05
1.14366e-07
-2.61005e-07
4.4658e-05
-4.34295e-06
8.77959e-05
2.97108e-07
3.53989e-06
-4.97731e-06
8.6425e-05
-4.17746e-06
8.39646e-05
-4.27379e-06
8.23603e-05
-2.96593e-06
7.88612e-05
-1.81001e-06
7.68872e-05
-6.69221e-07
7.60782e-05
4.651e-07
7.58154e-05
1.92835e-06
7.59408e-05
3.12584e-06
7.6434e-05
3.72367e-06
7.68598e-05
5.18066e-06
7.70177e-05
6.42011e-06
7.77887e-05
6.42443e-06
7.99183e-05
5.65304e-06
8.31315e-05
4.97593e-06
8.51921e-05
3.65863e-06
8.73218e-05
1.98532e-06
8.88063e-05
1.47265e-06
8.89313e-05
-3.89736e-07
8.92171e-05
2.51645e-06
-4.53978e-05
-4.49826e-07
4.54579e-05
-3.86386e-05
3.85432e-05
-1.62274e-08
1.116e-07
2.51057e-07
-4.58379e-05
5.98273e-09
4.55809e-05
-4.55541e-05
2.07385e-07
-3.49276e-08
4.53816e-05
-5.15778e-06
7.38893e-07
3.09571e-06
-5.57734e-06
8.68446e-05
-6.92277e-06
8.531e-05
-5.23199e-06
8.06695e-05
-4.45262e-06
7.80818e-05
-3.52262e-06
7.59572e-05
-1.53118e-06
7.40868e-05
1.57303e-07
7.41269e-05
2.35843e-06
7.37397e-05
4.51651e-06
7.4276e-05
6.63828e-06
7.4738e-05
7.63707e-06
7.60189e-05
8.45236e-06
7.69734e-05
8.81838e-06
7.95523e-05
9.44074e-06
8.25092e-05
9.41047e-06
8.52224e-05
9.13961e-06
8.75927e-05
8.38091e-06
8.9565e-05
6.02636e-06
9.12859e-05
-9.88153e-08
9.30835e-05
2.25882e-06
-4.55585e-05
-5.26663e-07
4.59863e-05
-3.92706e-05
3.92043e-05
-1.50644e-07
2.16948e-07
-3.37696e-06
7.28705e-05
4.59327e-06
-1.01765e-07
7.08517e-05
2.71658e-06
7.09213e-05
5.93729e-06
7.10553e-05
8.05217e-06
7.26231e-05
9.22239e-06
7.48487e-05
8.81988e-06
7.73759e-05
8.2704e-06
8.01017e-05
8.86079e-06
8.19188e-05
8.52653e-06
8.55567e-05
6.38026e-06
8.9739e-05
4.44366e-06
9.15016e-05
3.82545e-06
9.19041e-05
1.26803e-08
9.29636e-05
3.93262e-06
-4.64336e-05
-2.64705e-07
4.67109e-05
-3.98234e-05
3.98605e-05
-2.95547e-07
2.5846e-07
-4.66539e-06
8.86288e-06
-1.61888e-06
3.45655e-06
7.77842e-06
1.16185e-05
1.49007e-05
1.64573e-05
1.62409e-05
8.03182e-05
1.30055e-05
8.51541e-05
1.07495e-05
8.78127e-05
1.088e-05
8.96085e-05
9.45749e-06
9.29241e-05
6.33047e-06
9.50311e-05
3.21231e-07
9.50535e-05
3.91936e-06
-4.71586e-05
-2.75384e-07
4.77552e-05
-4.10637e-05
4.10112e-05
-9.6431e-08
1.48894e-07
1.67977e-05
8.1008e-05
1.79098e-05
8.40421e-05
1.66288e-05
8.90937e-05
1.2064e-05
9.41733e-05
9.51808e-06
9.54701e-05
8.35817e-06
9.6191e-05
3.93117e-07
9.84659e-05
4.55258e-06
-4.80598e-05
-5.90217e-07
4.90432e-05
-4.23213e-05
4.21726e-05
-7.5227e-08
2.23951e-07
2.71593e-05
8.15982e-05
2.2613e-05
8.85884e-05
1.82747e-05
9.3432e-05
1.42323e-05
9.82157e-05
1.14109e-05
9.82914e-05
7.52368e-06
0.000100078
6.37292e-07
0.000100093
5.25901e-06
-4.99451e-05
9.18118e-08
5.04906e-05
-4.34917e-05
4.3712e-05
-5.64907e-07
3.44654e-07
2.67103e-05
2.58975e-05
2.30984e-05
1.75825e-05
1.41429e-05
1.15442e-05
1.9516e-06
4.87747e-06
-5.10371e-05
7.00032e-07
5.22886e-05
-4.54809e-05
4.59382e-05
-7.29541e-07
2.72197e-07
2.46097e-06
3.35707e-05
-6.62158e-07
1.28526e-07
-1.67547e-07
4.15476e-05
5.94316e-08
-2.51524e-08
4.14054e-05
3.50313e-09
-5.32534e-09
4.13209e-05
4.89949e-09
-4.10594e-09
4.13037e-05
3.46411e-09
-1.99076e-09
4.13008e-05
2.09317e-09
-3.75173e-09
4.13032e-05
4.47889e-09
-3.76513e-09
4.13007e-05
3.14712e-09
-3.20018e-09
4.13014e-05
3.53757e-09
-3.36991e-09
4.13012e-05
3.29683e-09
-3.26224e-09
4.13014e-05
2.71327e-09
-2.08255e-09
4.13007e-05
1.51041e-09
-9.97285e-10
4.13009e-05
7.24554e-10
-8.20083e-10
4.13015e-05
1.5223e-10
-1.19888e-09
4.13024e-05
2.87343e-09
-4.20872e-09
4.13027e-05
3.74869e-09
-3.14569e-09
4.13008e-05
4.47648e-09
-2.22607e-09
4.12992e-05
-5.51694e-09
2.85817e-09
4.13045e-05
4.98674e-09
-2.56368e-08
4.13238e-05
3.8808e-08
-3.18451e-08
4.1301e-05
2.40814e-08
-1.17034e-08
4.13409e-05
-1.42106e-08
2.09401e-07
4.14279e-05
-1.86653e-07
-2.44979e-06
4.12532e-05
-6.59595e-07
3.66458e-05
-1.11059e-06
3.78108e-05
-3.051e-08
-1.13445e-06
-3.32295e-08
-1.13405e-06
3.83119e-05
-1.14535e-06
3.85898e-05
8.76057e-07
-1.15399e-06
8.56447e-07
-1.15509e-06
3.87162e-05
-1.06149e-06
3.87253e-05
8.91161e-07
-9.00322e-07
8.67014e-07
-8.87542e-07
3.86575e-05
-7.33162e-07
3.85286e-05
7.27541e-07
-5.98644e-07
7.34765e-07
-5.98552e-07
3.83934e-05
-5.07556e-07
3.82402e-05
6.04751e-07
-4.51539e-07
5.86676e-07
-4.41947e-07
3.8093e-05
-4.11097e-07
3.79403e-05
5.26024e-07
-3.73252e-07
4.51702e-07
-3.32267e-07
3.77804e-05
-3.41792e-07
3.76286e-05
4.51974e-07
-3.00188e-07
4.13554e-07
-2.81022e-07
3.74638e-05
-2.79429e-07
3.73295e-05
3.70931e-07
-2.36572e-07
3.69565e-07
-2.17993e-07
3.71647e-05
-2.25615e-07
3.70617e-05
2.73949e-07
-1.70971e-07
2.58854e-07
-1.52576e-07
3.68948e-05
-1.71675e-07
3.68471e-05
1.53135e-07
-1.05398e-07
1.11584e-07
-8.24436e-08
3.66904e-05
-1.09056e-07
3.6692e-05
4.21757e-08
-4.37998e-08
9.30156e-09
5.06899e-09
3.65606e-05
-1.90476e-08
3.65936e-05
-6.05289e-08
2.74785e-08
-1.15715e-07
9.71334e-08
3.65103e-05
8.25673e-08
3.65537e-05
-1.8635e-07
1.42985e-07
-2.82871e-07
1.89576e-07
3.6462e-05
1.45061e-07
3.65795e-05
-3.60252e-07
2.42691e-07
-4.36295e-07
2.49503e-07
3.64952e-05
1.79097e-07
3.67034e-05
-4.69946e-07
2.61738e-07
-6.53633e-07
2.73423e-07
3.66497e-05
1.98013e-07
3.69701e-05
-6.07156e-07
2.86726e-07
-9.40108e-07
3.11494e-07
3.69211e-05
1.83936e-07
3.73825e-05
-7.79158e-07
3.17795e-07
-9.99874e-07
2.68946e-07
3.74211e-05
1.95365e-07
3.8067e-05
-1.0082e-06
3.62296e-07
-1.09288e-06
3.65505e-07
3.80848e-05
2.33254e-07
-1.07651e-06
4.44826e-07
-1.02097e-06
4.01855e-07
-1.71756e-06
5.14355e-07
-1.81032e-06
5.00202e-07
-1.9487e-06
6.2958e-07
-2.37688e-06
6.07993e-07
-1.81027e-06
5.26075e-07
-8.72622e-06
8.8234e-05
-7.06527e-06
8.36491e-05
-7.64366e-06
8.12479e-05
-6.6906e-06
7.71288e-05
7.38599e-05
-9.90624e-06
-1.23033e-05
-1.09522e-05
-1.0351e-05
4.08833e-05
5.72118e-07
-5.51635e-07
4.08628e-05
4.12698e-05
4.04838e-07
-2.74898e-07
4.11398e-05
4.12966e-05
1.29497e-07
-8.44523e-08
4.12515e-05
4.12944e-05
5.07159e-08
-4.32704e-08
4.1287e-05
4.13007e-05
3.30519e-08
-2.82073e-08
4.12959e-05
4.12993e-05
1.98842e-08
-2.19874e-08
4.13014e-05
4.13017e-05
2.14121e-08
-1.85041e-08
4.12987e-05
4.13003e-05
1.45182e-08
-1.68425e-08
4.13026e-05
4.12996e-05
1.81814e-08
-1.90316e-08
4.13004e-05
4.12993e-05
1.79185e-08
-1.74057e-08
4.12988e-05
4.12999e-05
1.79393e-08
-1.41758e-08
4.12962e-05
4.12994e-05
9.24369e-09
-6.24711e-09
4.12964e-05
4.12996e-05
2.54803e-09
-3.94282e-10
4.12974e-05
4.12986e-05
-2.02407e-09
1.18074e-10
4.13005e-05
4.12981e-05
1.16004e-09
-4.29471e-09
4.13012e-05
4.13008e-05
8.57848e-09
-8.95702e-09
4.13012e-05
4.13125e-05
6.97147e-09
1.7382e-08
4.12881e-05
4.12891e-05
-2.74194e-08
7.91774e-09
4.13086e-05
4.12635e-05
1.19125e-08
-7.14068e-08
4.1323e-05
4.13078e-05
1.07212e-07
-5.11788e-08
4.12517e-05
4.13048e-05
2.9213e-09
8.89391e-08
4.12129e-05
4.12729e-05
-2.41982e-07
7.1941e-07
4.07955e-05
4.03369e-05
-8.09519e-07
4.11132e-05
4.12003e-05
-4.72051e-07
1.4782e-07
4.15245e-05
4.10939e-05
1.40806e-07
-2.07566e-07
4.11607e-05
4.12262e-05
8.93406e-09
-8.61646e-08
4.12875e-05
-5.4865e-09
-6.63297e-08
4.13046e-05
3.8243e-09
-5.93589e-08
4.13069e-05
1.25043e-08
-5.37325e-08
4.13062e-05
1.98149e-08
-4.55332e-08
4.12993e-05
1.78206e-08
-4.1633e-08
4.12981e-05
2.72234e-08
-4.14623e-08
4.12968e-05
2.78755e-08
-3.28536e-08
4.1294e-05
2.40392e-08
-2.1359e-08
4.12926e-05
1.50607e-08
-9.80868e-09
4.12932e-05
5.79165e-09
4.88183e-09
4.12893e-05
7.99377e-10
6.51859e-09
4.12925e-05
1.13334e-08
2.22816e-09
4.12908e-05
2.38881e-08
-2.14954e-09
4.12993e-05
2.47212e-08
2.04479e-08
4.12807e-05
1.22894e-08
2.0332e-08
4.12565e-05
6.7641e-08
-8.8627e-08
4.12615e-05
2.13554e-07
-9.77699e-08
4.11263e-05
1.55008e-07
-2.70237e-08
4.11117e-05
1.1861e-07
5.49628e-08
4.13545e-05
1.80429e-07
4.20305e-05
4.1781e-05
-6.66523e-07
4.48432e-07
4.19991e-05
4.14435e-05
-2.24018e-07
4.15476e-05
4.2162e-05
4.2691e-07
4.26021e-05
4.21763e-05
-6.28947e-07
5.0227e-07
4.2303e-05
4.17327e-05
-3.49861e-07
4.17848e-05
4.25388e-05
4.86521e-07
4.2787e-05
4.2401e-05
-5.34058e-07
4.3592e-07
4.24991e-05
4.19338e-05
-3.2686e-07
4.19738e-05
4.27337e-05
3.92527e-07
4.29278e-05
4.25758e-05
-4.53188e-07
3.61522e-07
4.26675e-05
4.20917e-05
-2.6646e-07
4.21225e-05
4.2824e-05
2.75024e-07
4.30007e-05
4.27358e-05
-3.69944e-07
2.80131e-07
4.28256e-05
4.22283e-05
-1.99226e-07
4.22645e-05
4.29253e-05
2.40934e-07
4.30979e-05
4.28763e-05
-2.47011e-07
1.55873e-07
4.29675e-05
4.23558e-05
-9.18659e-08
4.23804e-05
4.3042e-05
2.77711e-07
4.31338e-05
4.30223e-05
-1.01613e-07
3.38827e-08
4.30901e-05
4.24932e-05
1.5748e-08
4.2534e-05
4.31715e-05
1.64761e-07
4.32656e-05
4.31696e-05
1.04067e-07
-1.45434e-07
4.32109e-05
4.26185e-05
8.57037e-08
4.25817e-05
4.33004e-05
4.81974e-09
4.34071e-05
4.33053e-05
2.91482e-07
-3.44686e-07
4.33585e-05
4.27697e-05
2.23407e-07
4.28322e-05
4.34187e-05
-1.05054e-07
4.35331e-05
4.34552e-05
4.26576e-07
-5.16318e-07
4.3545e-05
4.28531e-05
4.46376e-07
4.27816e-05
4.35571e-05
-1.89858e-07
4.36312e-05
4.35528e-05
5.46507e-07
-7.04022e-07
4.37103e-05
4.30162e-05
8.47527e-07
4.31137e-05
4.37471e-05
-4.03362e-07
4.38676e-05
4.37736e-05
8.06525e-07
-9.47364e-07
4.39144e-05
4.30888e-05
1.3005e-06
4.31502e-05
4.39389e-05
-6.94393e-07
4.4197e-05
4.40258e-05
1.03767e-06
-1.1004e-06
4.40886e-05
4.34961e-05
1.14439e-06
4.37166e-05
4.39254e-05
-1.35266e-06
4.46244e-05
4.42583e-05
1.43041e-06
-1.58868e-06
4.44166e-05
4.36449e-05
1.74296e-06
4.36358e-05
4.41359e-05
-1.84902e-06
4.50448e-05
4.45459e-05
1.47961e-06
-1.76526e-06
4.48315e-05
4.4023e-05
2.15238e-06
4.44264e-05
4.439e-05
-2.24365e-06
4.56337e-05
4.50699e-05
2.18058e-06
-2.59753e-06
4.54868e-05
4.44625e-05
3.49363e-06
4.45088e-05
4.51677e-05
-2.41587e-06
4.64907e-05
4.57002e-05
1.79909e-06
-2.09831e-06
4.52127e-05
2.61615e-06
4.58134e-05
-1.81161e-06
4.6604e-05
4.60438e-05
-3.48501e-06
4.78112e-05
4.74394e-05
-3.61469e-06
4.92438e-05
4.85783e-05
-3.65065e-06
5.02803e-05
4.98072e-05
-4.71255e-06
5.21428e-05
5.21133e-05
-3.84708e-06
-9.99089e-07
-8.39188e-06
8.28125e-06
-7.5821e-06
6.58301e-06
-8.84033e-07
-8.10171e-06
7.84299e-06
-5.6285e-06
4.74447e-06
-6.85138e-07
-7.50621e-06
7.12772e-06
-3.92616e-06
3.24102e-06
-3.34756e-07
-6.72821e-06
6.32273e-06
-2.75299e-06
2.41823e-06
-1.62916e-07
-5.959e-06
5.62974e-06
-2.1834e-06
2.02049e-06
-1.04991e-07
-5.31809e-06
5.03909e-06
-1.89018e-06
1.78519e-06
-7.86354e-08
-4.78794e-06
4.55256e-06
-1.70407e-06
1.62543e-06
-5.23779e-08
-4.34431e-06
4.16804e-06
-1.55266e-06
1.50029e-06
-4.06433e-08
-4.00694e-06
3.88161e-06
-1.44339e-06
1.40275e-06
-2.70659e-08
-3.76685e-06
3.68464e-06
-1.36493e-06
1.33787e-06
-1.9459e-08
-3.61777e-06
3.56929e-06
-1.32229e-06
1.30283e-06
1.0543e-08
-3.57211e-06
3.61374e-06
-1.30507e-06
1.31562e-06
3.61493e-08
-3.68752e-06
3.79117e-06
-1.33897e-06
1.37512e-06
3.79956e-08
-3.92262e-06
4.03458e-06
-1.43324e-06
1.47123e-06
5.4464e-08
-4.19814e-06
4.28858e-06
-1.55717e-06
1.61163e-06
2.96231e-08
-4.44714e-06
4.51901e-06
-1.7265e-06
1.75612e-06
5.53085e-08
-4.70447e-06
4.78273e-06
-1.88216e-06
1.93747e-06
2.25082e-08
-4.93884e-06
5.02793e-06
-2.05031e-06
2.07281e-06
7.70974e-08
-5.26141e-06
5.40126e-06
-2.20484e-06
2.28193e-06
9.68058e-08
-5.6403e-06
5.80195e-06
-2.44475e-06
2.54156e-06
4.48943e-08
-6.09934e-06
6.20334e-06
-2.75852e-06
2.80342e-06
7.5899e-08
-6.50527e-06
6.65332e-06
-3.0017e-06
3.07759e-06
1.40478e-07
-7.02131e-06
7.22548e-06
-3.33919e-06
3.47967e-06
1.04297e-07
-7.57918e-06
7.74708e-06
-3.73396e-06
3.83826e-06
-7.34685e-07
-9.5451e-07
-8.18311e-07
-4.88031e-07
-2.3483e-07
-1.30306e-07
-8.11238e-08
-7.27692e-08
-5.68965e-08
-3.78136e-08
-1.55731e-08
2.24131e-09
2.33483e-08
5.8121e-08
8.59376e-08
1.14865e-07
1.2604e-07
1.12836e-07
1.32023e-07
1.62817e-07
2.16966e-07
1.98277e-07
2.61595e-07
2.54291e-07
2.15948e-07
-9.99534e-07
-8.39049e-06
8.27943e-06
-7.58092e-06
6.58139e-06
-8.84585e-07
-8.10006e-06
7.83929e-06
-5.6263e-06
4.74172e-06
-6.84087e-07
-7.50339e-06
7.12599e-06
-3.92363e-06
3.23954e-06
-3.32341e-07
-6.71956e-06
6.31874e-06
-2.74565e-06
2.4133e-06
-1.70988e-07
-5.95263e-06
5.61606e-06
-2.18076e-06
2.00978e-06
-1.13267e-07
-5.29882e-06
5.00099e-06
-1.87548e-06
1.76221e-06
-8.72732e-08
-4.72467e-06
4.47016e-06
-1.66528e-06
1.578e-06
-7.05453e-08
-4.24306e-06
4.03418e-06
-1.50491e-06
1.43436e-06
-5.91094e-08
-3.85519e-06
3.68869e-06
-1.37678e-06
1.31767e-06
-4.68146e-08
-3.55842e-06
3.43356e-06
-1.27697e-06
1.23015e-06
-2.87784e-08
-3.35203e-06
3.27175e-06
-1.20628e-06
1.1775e-06
-1.12666e-09
-3.23689e-06
3.21897e-06
-1.16856e-06
1.16744e-06
1.48638e-08
-3.24118e-06
3.30889e-06
-1.1727e-06
1.18757e-06
3.38277e-08
-3.41163e-06
3.52286e-06
-1.22782e-06
1.26164e-06
6.17093e-08
-3.68406e-06
3.80144e-06
-1.34314e-06
1.40485e-06
7.44862e-08
-3.96437e-06
4.08789e-06
-1.50366e-06
1.57815e-06
7.20648e-08
-4.25822e-06
4.37009e-06
-1.69454e-06
1.76661e-06
7.41134e-08
-4.55599e-06
4.67724e-06
-1.89851e-06
1.97262e-06
8.15453e-08
-4.89708e-06
5.04879e-06
-2.11508e-06
2.19662e-06
-7.35865e-07
-9.55083e-07
-8.18094e-07
-4.93893e-07
-2.32539e-07
-1.34296e-07
-9.69359e-08
-7.30945e-08
-5.75859e-08
-4.0703e-08
-2.38713e-08
-8.93783e-09
5.26683e-09
4.02466e-08
8.14955e-08
9.88124e-08
1.16398e-07
1.31897e-07
1.42459e-07
1.77377e-07
5.74839e-05
-4.7993e-05
0.000115336
5.86052e-05
0.000100843
4.56235e-05
7.45199e-05
3.83411e-05
2.20238e-05
3.88658e-05
-1.15384e-05
3.90725e-05
-2.34968e-05
3.9577e-05
-2.5861e-05
3.96478e-05
-2.02413e-05
3.02388e-05
8.97429e-06
2.00463e-05
3.04663e-05
9.71987e-06
5.01879e-05
1.06702e-05
0.000109187
7.48409e-06
0.000149253
3.76622e-06
0.000153164
1.4582e-06
0.000153119
-4.6125e-07
0.000151237
-1.25866e-06
0.000149992
-1.30618e-06
-1.7029e-06
7.41971e-05
5.40589e-05
1.8884e-06
-8.08636e-07
7.223e-05
9.08603e-05
-6.2247e-05
7.24981e-05
7.42518e-05
6.66901e-05
2.78318e-05
6.23299e-05
-7.17823e-06
6.07394e-05
-2.19064e-05
5.82817e-05
-2.34033e-05
5.35309e-05
-1.54905e-05
3.89582e-05
2.35469e-05
2.73859e-05
4.20386e-05
1.43421e-05
6.32317e-05
1.13911e-05
0.000112138
6.35108e-06
0.000154293
3.25307e-06
0.000156262
1.53234e-06
0.00015484
-4.1818e-07
0.000153187
-1.14154e-06
0.000151953
-1.23761e-06
-7.46082e-05
-1.70044e-06
7.51671e-05
-5.29496e-05
5.17289e-05
1.78247e-06
-5.61843e-07
6.97802e-06
-1.19737e-05
3.20327e-06
1.95219e-07
-2.60669e-06
-1.71435e-06
-7.55513e-05
-1.84474e-06
-5.06059e-05
1.60389e-06
-2.41865e-07
1.8293e-06
-7.20004e-07
1.54529e-06
-4.22278e-07
7.28006e-05
1.71728e-06
7.29126e-05
7.29947e-05
1.62177e-06
7.29182e-05
7.21596e-05
-6.10217e-05
8.09097e-05
8.3045e-05
7.92094e-05
7.58701e-05
7.19232e-05
5.86918e-05
4.58567e-05
3.36523e-05
1.94993e-05
-2.57957e-07
6.91336e-07
-3.50692e-07
-2.28448e-07
-2.25537e-07
-1.07858e-07
6.04898e-07
-8.33345e-07
-1.21798e-07
3.43275e-07
1.02021e-06
-2.54206e-07
-1.8686e-07
-1.39373e-06
3.58351e-06
-4.71541e-05
-5.64686e-06
7.22254e-06
-5.67797e-05
2.70752e-05
-9.00592e-06
-0.000111823
3.61305e-05
-0.000110602
4.83991e-05
-0.00010985
-0.000102552
-2.04923e-05
3.05681e-07
-5.52501e-05
-5.73156e-05
-2.58935e-06
4.82288e-06
5.41978e-05
-6.56148e-06
7.47687e-06
6.27026e-05
2.69632e-05
0.000120476
-8.67345e-06
-1.04836e-05
3.7594e-05
0.000120426
0.000121297
-1.97184e-06
-5.18392e-05
4.30841e-06
4.95026e-05
-6.05115e-05
-6.31382e-06
7.57893e-06
5.92464e-05
2.81906e-05
-8.9658e-06
-1.05724e-05
3.80144e-05
4.94622e-05
2.71135e-05
9.66936e-08
2.4661e-05
2.19737e-06
2.55176e-07
2.24033e-05
2.85791e-07
1.60004e-06
3.11017e-07
6.09925e-05
-4.55598e-06
6.3002e-06
5.92483e-05
6.28592e-05
-8.49133e-06
6.08669e-05
5.72429e-05
-3.9486e-06
5.94133e-06
5.948e-05
-8.40802e-06
1.15445e-07
3.15079e-06
-2.72002e-06
2.83546e-06
2.68628e-09
-3.67808e-06
-3.16016e-06
1.19753e-07
3.49509e-06
-3.32906e-06
3.08797e-06
-2.96822e-06
7.21923e-08
1.32752e-07
)
;

boundaryField
{
    inlet
    {
        type            calculated;
        value           nonuniform List<scalar> 
52
(
-3.53695e-05
-4.15086e-05
-3.86167e-05
-4.14397e-05
-4.16231e-05
-4.13191e-05
-4.13532e-05
-4.13045e-05
-4.13079e-05
-4.13023e-05
-4.13031e-05
-4.13015e-05
-4.13018e-05
-4.13014e-05
-4.13014e-05
-4.13014e-05
-4.13014e-05
-4.13014e-05
-4.13014e-05
-4.13014e-05
-4.13014e-05
-4.13014e-05
-4.13014e-05
-4.13014e-05
-4.13014e-05
-4.13014e-05
-4.13014e-05
-4.13014e-05
-4.13014e-05
-4.13014e-05
-4.13014e-05
-4.13014e-05
-4.13014e-05
-4.13014e-05
-4.13014e-05
-4.13018e-05
-4.13015e-05
-4.13031e-05
-4.13023e-05
-4.13079e-05
-4.13045e-05
-4.13532e-05
-4.13191e-05
-4.16231e-05
-4.14397e-05
-3.86167e-05
-4.15086e-05
-3.53695e-05
-8.31679e-06
-8.31679e-06
-8.31679e-06
-8.31679e-06
)
;
    }
    outlet
    {
        type            calculated;
        value           nonuniform List<scalar> 0();
    }
    wall
    {
        type            calculated;
        value           uniform 0;
    }
    empty_zmin
    {
        type            empty;
    }
    empty_zmax
    {
        type            empty;
    }
    procBoundary0to1
    {
        type            processor;
        value           nonuniform List<scalar> 
35
(
0.000159289
0.000160037
0.000157848
0.000155989
-1.96566e-06
0.000153027
7.56817e-05
4.92439e-05
7.26773e-05
7.97224e-05
6.55016e-05
2.56965e-05
-3.3427e-06
-1.8567e-05
-1.94564e-05
-2.2591e-06
3.6382e-05
5.42431e-05
7.73847e-05
0.000119663
-4.63343e-07
-1.142e-06
4.49643e-05
5.5204e-05
0.000104027
-1.02726e-05
0.000101547
9.75811e-05
8.9929e-05
1.87929e-05
5.31868e-05
5.55323e-05
-2.96056e-06
-2.59247e-06
-1.2755e-07
)
;
    }
}


// ************************************************************************* //
