/*--------------------------------*- C++ -*----------------------------------*\
| =========                 |                                                 |
| \\      /  F ield         | OpenFOAM: The Open Source CFD Toolbox           |
|  \\    /   O peration     | Version:  2406                                  |
|   \\  /    A nd           | Website:  www.openfoam.com                      |
|    \\/     M anipulation  |                                                 |
\*---------------------------------------------------------------------------*/
FoamFile
{
    version     2.0;
    format      ascii;
    arch        "LSB;label=32;scalar=64";
    class       surfaceScalarField;
    location    "0.81";
    object      phi;
}
// * * * * * * * * * * * * * * * * * * * * * * * * * * * * * * * * * * * * * //

dimensions      [0 3 -1 0 0 0 0];

oriented        oriented;

internalField   nonuniform List<scalar> 
4489
(
7.97692e-06
9.77906e-05
-9.18296e-06
9.5771e-05
6.80039e-06
6.75631e-06
-8.6043e-06
9.96386e-05
5.0547e-06
9.74726e-05
9.45174e-05
-9.50475e-05
-1.34874e-06
1.87882e-06
-1.75952e-06
2.38496e-06
9.3892e-05
4.73758e-06
9.56154e-05
3.55161e-06
9.45339e-05
3.01568e-06
9.2593e-05
2.15825e-06
9.27021e-05
1.33308e-06
9.27116e-05
3.02411e-07
3.03717e-07
9.28748e-05
1.36869e-07
4.64085e-05
3.42294e-05
-3.71437e-08
-3.07845e-08
-1.66146e-08
3.42805e-05
-3.44817e-08
4.54838e-05
-1.68373e-07
4.56355e-05
4.65439e-05
3.16647e-06
9.75036e-05
3.02249e-06
9.46779e-05
2.02991e-06
9.35856e-05
1.32849e-06
9.34035e-05
8.04869e-07
9.32352e-05
1.77791e-07
9.3302e-05
1.99891e-07
5.33059e-08
4.66684e-05
3.42991e-05
2.91917e-08
-4.7771e-08
1.68904e-06
9.4218e-05
-2.32149e-06
1.16479e-06
9.39277e-05
6.54139e-07
9.37458e-05
1.35982e-07
9.37848e-05
3.53149e-08
-4.678e-05
-3.2046e-09
4.69192e-05
-3.43146e-05
3.43131e-05
8.1868e-08
-8.02905e-08
7.20086e-08
9.4376e-05
-2.29981e-07
9.70482e-08
9.39027e-05
6.6111e-08
9.37768e-05
-6.76967e-08
9.40154e-05
-9.67295e-08
-4.70083e-05
-1.15174e-07
4.70557e-05
-3.42776e-05
3.42299e-05
1.41803e-07
-9.41056e-08
-8.91627e-08
9.48517e-05
-3.86566e-07
-3.68609e-07
9.41821e-05
-5.4208e-07
9.39502e-05
-2.49958e-07
9.40754e-05
-3.52174e-07
-4.71554e-05
-2.71615e-07
4.71771e-05
-3.41197e-05
3.39823e-05
2.59384e-07
-1.21972e-07
-1.346e-07
9.5232e-05
-2.45627e-07
-3.97379e-07
9.44449e-05
-5.54081e-07
9.41069e-05
-2.14331e-07
9.41562e-05
-4.20577e-07
-4.71664e-05
-2.53209e-07
4.72053e-05
-3.3818e-05
3.36539e-05
2.81353e-07
-1.1732e-07
-6.04658e-07
7.89098e-07
-6.14184e-07
9.44544e-05
-6.55493e-07
9.41483e-05
-2.51561e-07
9.42372e-05
-4.84855e-07
-4.71725e-05
-2.88736e-07
4.72097e-05
-3.3479e-05
3.32876e-05
3.07761e-07
-1.16303e-07
-1.01595e-06
9.41217e-05
-8.60608e-07
9.39929e-05
-2.61832e-07
9.41726e-05
-5.34265e-07
-4.71725e-05
-2.88003e-07
4.71987e-05
-3.3087e-05
3.28828e-05
3.11907e-07
-1.07655e-07
-1.32451e-06
9.36867e-05
-1.04974e-06
9.37181e-05
-3.09191e-07
9.40163e-05
-5.84221e-07
-4.71427e-05
-3.11885e-07
4.71454e-05
-3.26747e-05
3.2461e-05
3.09664e-07
-9.60541e-08
-3.34715e-07
9.3783e-05
-6.02476e-07
1.17053e-06
-4.7062e-05
-3.25823e-07
4.70531e-05
-3.22299e-05
3.19979e-05
3.14686e-07
-8.27506e-08
-3.40532e-07
9.34752e-05
-5.7818e-07
1.22645e-06
-4.69464e-05
-3.19381e-07
4.69252e-05
-3.17701e-05
3.15471e-05
2.90139e-07
-6.71266e-08
-3.2318e-07
-5.2539e-07
1.0952e-06
9.32286e-05
-4.68125e-05
-3.02371e-07
4.67917e-05
-3.13249e-05
3.11114e-05
2.64738e-07
-5.12083e-08
5.11188e-08
-6.66929e-08
1.23251e-07
-8.7838e-08
2.23492e-07
-1.1329e-07
2.9292e-07
-1.28563e-07
2.89093e-07
-1.14165e-07
3.15824e-07
-1.15284e-07
3.13963e-07
-1.05857e-07
3.21711e-07
-9.05414e-08
3.02399e-07
-7.45278e-08
2.83237e-07
-6.10938e-08
2.51986e-07
-4.28669e-08
3.09023e-05
4.5718e-05
-8.82746e-08
4.58574e-05
4.59361e-05
5.38004e-08
4.60055e-05
4.60322e-05
1.96403e-07
4.60593e-05
4.6047e-05
3.41524e-07
4.59984e-05
4.60266e-05
3.87761e-07
4.59279e-05
4.59469e-05
4.47719e-07
4.5815e-05
4.58389e-05
4.78267e-07
4.56746e-05
4.56724e-05
5.00807e-07
4.54933e-05
4.54822e-05
4.9577e-07
4.52888e-05
4.52596e-05
4.65452e-07
4.50773e-05
4.50397e-05
4.21819e-07
4.48699e-05
4.66881e-05
-1.43778e-08
3.42456e-06
1.31892e-06
-1.51053e-08
3.40519e-06
1.30382e-06
-2.02428e-08
3.37766e-06
1.28358e-06
-3.18415e-08
-3.33707e-06
3.28863e-06
-1.25747e-06
1.22563e-06
-3.44264e-08
-3.23544e-06
3.17576e-06
-1.19098e-06
1.15655e-06
-4.53263e-08
-3.10358e-06
3.02694e-06
-1.11543e-06
1.07011e-06
-4.2711e-08
-2.94625e-06
2.87164e-06
-1.02223e-06
9.79521e-07
-4.02953e-08
-2.79707e-06
2.72106e-06
-9.39931e-07
8.99635e-07
-3.63183e-08
-2.64538e-06
2.57404e-06
-8.60031e-07
8.23713e-07
-3.17859e-08
-2.50426e-06
2.43999e-06
-7.87646e-07
7.5586e-07
-2.66388e-08
-2.37871e-06
2.3226e-06
-7.26596e-07
6.99957e-07
-2.08783e-08
-2.27153e-06
2.22528e-06
-6.76502e-07
6.55623e-07
-1.50665e-08
-2.18304e-06
2.1469e-06
-6.36762e-07
6.21695e-07
-2.61092e-08
-3.46487e-08
-4.1117e-08
-4.78758e-08
-3.95902e-08
-3.96042e-08
-3.60673e-08
-2.92641e-08
-2.34552e-08
-1.88613e-08
-1.14925e-08
2.11553e-06
6.10203e-07
3.63901e-06
9.48811e-05
-9.60194e-05
-2.50071e-06
4.60272e-06
9.59925e-05
-9.69562e-05
2.42384e-06
9.2367e-05
-9.01881e-05
-3.21896e-06
8.61752e-05
-8.05324e-05
7.78911e-05
-7.34705e-05
-7.63957e-06
3.51056e-06
9.29542e-05
-9.40184e-05
-2.44643e-06
5.0684e-06
9.33232e-05
7.07418e-06
9.39867e-05
7.56024e-06
9.18809e-05
5.67667e-06
8.80587e-05
1.06908e-06
8.24987e-05
-9.45114e-07
7.57352e-05
-7.3721e-05
4.5179e-07
6.96736e-05
-7.10705e-05
1.69506e-06
6.68515e-05
-6.80948e-05
3.06564e-06
6.71353e-05
-6.85058e-05
4.35558e-06
7.13489e-05
-7.26389e-05
4.2684e-06
7.95398e-05
-7.94526e-05
3.55102e-06
8.35119e-05
-8.27945e-05
2.83365e-06
8.59213e-05
-8.52039e-05
2.00516e-06
8.74886e-05
-8.66601e-05
1.27533e-06
8.85444e-05
-8.78146e-05
8.93517e-05
6.85238e-07
-8.87616e-05
4.67064e-06
-3.1595e-06
9.14431e-05
6.72439e-06
9.12695e-05
9.00877e-06
9.17023e-05
1.04845e-05
9.04052e-05
1.10402e-05
8.7503e-05
9.44052e-06
8.40984e-05
6.60275e-06
7.8573e-05
6.143e-06
7.01333e-05
7.0312e-06
6.59633e-05
7.65566e-06
6.65108e-05
8.27904e-06
7.07255e-05
8.05822e-06
7.97606e-05
6.53652e-06
8.50336e-05
4.64981e-06
8.7808e-05
3.07126e-06
8.90671e-05
1.86631e-06
8.97494e-05
1.00206e-06
9.0216e-05
-1.00139e-08
-1.15887e-07
4.17356e-05
-4.16097e-05
2.68739e-07
-4.24759e-07
4.44476e-05
-4.42916e-05
8.84742e-05
6.38034e-07
7.43039e-07
-8.7417e-05
-2.43835e-06
-1.88542e-07
-4.18784e-05
3.21996e-08
4.20347e-05
-4.4685e-05
2.41582e-07
-5.64867e-07
4.50083e-05
9.05643e-05
9.97911e-07
1.00409e-06
-4.09205e-06
-4.03569e-07
-4.21818e-05
2.81488e-07
4.23038e-05
-4.53767e-05
9.5395e-08
-5.00258e-07
4.57816e-05
-4.12601e-06
9.27959e-05
9.84225e-07
9.10126e-07
-7.1075e-06
9.24936e-05
-8.95122e-05
-1.11154e-05
9.11566e-05
-8.71487e-05
-1.4066e-05
8.46064e-05
-8.16558e-05
7.17938e-05
-7.15455e-05
-1.43144e-05
-4.99748e-07
-4.23834e-05
4.67888e-07
4.24152e-05
-4.61992e-05
-1.54779e-07
-2.52022e-07
4.6606e-05
-1.96381e-06
9.38372e-05
5.76082e-07
3.46475e-07
-3.9019e-06
9.44317e-05
-7.59984e-06
9.48545e-05
-1.33153e-05
9.03219e-05
-1.7796e-05
7.62746e-05
6.95927e-05
-6.63701e-05
-2.10186e-05
-4.49053e-07
-4.23975e-05
5.28381e-07
4.23182e-05
-4.69427e-05
-4.54557e-07
2.58962e-07
4.71383e-05
4.61826e-07
9.3983e-05
-1.54083e-07
-4.5351e-07
-2.41564e-08
9.49177e-05
-1.65127e-06
9.64817e-05
-6.81593e-06
9.54865e-05
-1.44595e-05
8.39181e-05
7.42767e-05
-1.91435e-05
-2.69066e-07
-4.21535e-05
5.06215e-07
4.19163e-05
-4.71807e-05
-5.40126e-07
5.49422e-07
4.71714e-05
1.34669e-06
9.38486e-05
-5.4613e-07
-6.6617e-07
1.64868e-06
9.46157e-05
2.11099e-06
6.41333e-07
-5.6286e-06
-1.18843e-05
-5.24415e-08
-4.1639e-05
3.26636e-07
4.13648e-05
-4.70966e-05
-5.03417e-07
6.03164e-07
4.69968e-05
1.90334e-06
-6.9726e-07
-8.27236e-07
9.34697e-05
2.68183e-05
3.10176e-08
-2.68593e-05
2.67076e-05
8.7092e-08
2.35416e-08
2.65096e-05
9.50415e-09
2.62172e-05
3.00884e-07
-8.51859e-09
2.58408e-05
-2.71512e-08
2.54092e-05
4.75343e-07
-4.37356e-08
2.49642e-05
-5.47793e-08
2.45344e-05
4.89889e-07
-6.00101e-08
2.41458e-05
-6.04661e-08
2.38248e-05
3.74077e-07
-5.3059e-08
2.35932e-05
-3.74895e-08
2.3454e-05
1.57421e-07
-1.81919e-08
2.34e-05
1.48798e-09
-2.33353e-08
1.38338e-08
2.34095e-05
4.42369e-05
-4.40841e-05
5.56682e-08
-2.71717e-07
4.4453e-05
4.42599e-05
-4.40466e-05
5.09146e-07
4.44938e-05
4.47268e-05
-1.53824e-07
-1.79607e-07
4.50602e-05
4.49268e-05
5.4803e-07
4.53829e-05
4.54371e-05
-3.95829e-07
1.48112e-08
4.58181e-05
4.58669e-05
4.02799e-07
4.63742e-05
4.61312e-05
-5.07576e-07
3.15842e-07
4.63229e-05
4.66983e-05
2.09121e-08
4.70238e-05
4.63968e-05
-5.38801e-07
5.35375e-07
4.64002e-05
4.71287e-05
-4.93033e-07
4.71682e-05
4.63663e-05
-4.34716e-07
5.37349e-07
4.62637e-05
4.71715e-05
-6.1216e-07
4.71175e-05
4.60869e-05
-2.40001e-07
4.73996e-07
4.58529e-05
4.11015e-05
4.70234e-05
-6.60979e-07
4.68572e-05
4.68098e-05
1.77728e-08
1.99257e-06
-1.97933e-06
6.60843e-07
-6.4307e-07
1.07568e-08
-2.00009e-06
1.99884e-06
-6.76864e-07
6.8762e-07
-3.91317e-09
-1.98645e-06
1.96321e-06
-6.91492e-07
6.87579e-07
-1.83562e-08
-1.93162e-06
1.8952e-06
-6.75431e-07
6.57074e-07
-2.47895e-08
-1.85762e-06
1.82194e-06
-6.34647e-07
6.09858e-07
-1.86677e-08
-1.79263e-06
1.77381e-06
-5.86106e-07
5.67439e-07
-2.9033e-09
-1.76675e-06
1.77114e-06
-5.56307e-07
5.53403e-07
1.60206e-08
3.87139e-09
-1.21479e-08
-2.24275e-08
-2.37512e-08
-1.11322e-08
2.37824e-09
1.7826e-06
5.55782e-07
8.6765e-08
1.79528e-07
4.08352e-05
-4.43018e-07
6.40769e-07
4.66121e-05
9.27769e-05
-8.34851e-07
-9.18693e-07
2.34978e-07
9.00062e-05
-8.9556e-05
-6.56235e-08
9.05745e-05
-9.81804e-08
-9.01757e-05
-1.46864e-07
4.4818e-05
-4.47367e-05
2.53225e-05
1.5806e-07
-7.70296e-09
-2.54729e-05
1.63962e-07
-4.05504e-05
1.23114e-07
4.02633e-05
-4.63524e-05
-4.21726e-07
7.20527e-07
4.60536e-05
9.16199e-05
-9.62405e-07
-1.04013e-06
3.36673e-07
9.06716e-05
-8.66197e-08
9.11168e-05
-1.1906e-07
-4.48972e-05
-2.00679e-07
4.50113e-05
-2.51452e-05
2.4954e-05
2.09624e-07
-1.84104e-08
1.51675e-07
-3.99865e-05
9.96086e-08
3.97352e-05
-4.57163e-05
-4.12665e-07
7.52401e-07
4.53766e-05
3.9446e-06
8.98334e-05
-1.0514e-06
-1.10667e-06
5.80795e-06
8.95797e-05
8.04928e-06
8.90281e-05
1.05636e-05
8.9188e-05
1.26351e-05
8.83337e-05
1.37481e-05
8.639e-05
1.41569e-05
8.36896e-05
1.29215e-05
7.98084e-05
1.10977e-05
7.19571e-05
1.05395e-05
6.65215e-05
1.06731e-05
6.63772e-05
1.10332e-05
7.03655e-05
1.00224e-05
8.07714e-05
7.18486e-06
8.78711e-05
4.59015e-06
9.04027e-05
2.78484e-06
9.08724e-05
1.54549e-06
9.09887e-05
7.62142e-07
9.09993e-05
1.71284e-07
9.12625e-05
-1.20948e-07
9.15621e-05
-1.5305e-07
-4.51073e-05
-2.19165e-07
4.52056e-05
-2.47606e-05
2.45722e-05
2.09056e-07
-2.06447e-08
8.36496e-08
-3.95138e-05
9.84212e-08
3.93318e-05
-4.50515e-05
-4.12955e-07
7.12011e-07
4.47525e-05
4.21647e-06
8.78349e-05
-1.0684e-06
-1.14963e-06
6.27157e-06
8.75246e-05
8.54065e-06
8.6759e-05
1.13258e-05
8.64028e-05
1.36012e-05
8.60584e-05
1.51403e-05
8.48508e-05
1.63272e-05
8.25027e-05
1.71873e-05
7.89482e-05
1.65433e-05
7.26012e-05
1.519e-05
6.78748e-05
1.37266e-05
6.78406e-05
1.18579e-05
7.22342e-05
8.22647e-06
8.44028e-05
4.65671e-06
9.14409e-05
2.50235e-06
9.2557e-05
1.26912e-06
9.21057e-05
5.33649e-07
9.17242e-05
1.31124e-07
9.14018e-05
-1.57553e-07
9.15511e-05
-1.62396e-07
9.17637e-05
-1.96736e-07
-4.52788e-05
-2.20461e-07
4.53369e-05
-2.43946e-05
2.42337e-05
1.80152e-07
-1.91883e-08
1.63478e-08
-3.91916e-05
8.11379e-08
3.90941e-05
-4.44526e-05
-3.80802e-07
6.88011e-07
4.41454e-05
3.41323e-06
8.64504e-05
-9.97411e-07
-1.03133e-06
5.24048e-06
8.56974e-05
7.52765e-06
8.44719e-05
1.0576e-05
8.33544e-05
1.33258e-05
8.33086e-05
1.56392e-05
8.25374e-05
1.77408e-05
8.04011e-05
1.89071e-05
7.7782e-05
1.87084e-05
7.27999e-05
1.73899e-05
6.91932e-05
1.44532e-05
7.07774e-05
8.93302e-06
7.77544e-05
3.59481e-06
8.9741e-05
1.10891e-06
9.39268e-05
1.63032e-07
9.35029e-05
-1.85951e-07
9.24546e-05
-3.14304e-07
9.18525e-05
-3.64491e-07
9.1452e-05
-4.01217e-07
9.15879e-05
-1.90453e-07
9.17799e-05
-2.26972e-07
-4.53582e-05
-2.06893e-07
4.53747e-05
-2.40938e-05
2.39746e-05
1.33202e-07
-1.39386e-08
-2.52852e-08
-3.90277e-05
5.6223e-08
3.89967e-05
-4.38213e-05
-2.23304e-07
5.02056e-07
4.35425e-05
1.88633e-06
8.58259e-05
-6.946e-07
-5.67167e-07
3.03463e-06
8.45491e-05
4.99088e-06
8.25156e-05
8.03096e-06
8.03144e-05
1.15521e-05
7.97874e-05
1.48878e-05
7.92018e-05
1.72419e-05
7.80469e-05
1.78449e-05
7.71791e-05
1.71714e-05
7.34733e-05
1.46807e-05
7.1684e-05
9.46933e-06
7.59887e-05
2.66853e-06
8.45552e-05
-6.26149e-07
9.30357e-05
-1.0582e-06
9.43589e-05
-8.78866e-07
9.33236e-05
-6.69353e-07
9.22451e-05
-5.40042e-07
9.17232e-05
-4.87868e-07
9.13999e-05
-4.59061e-07
9.15591e-05
-1.92269e-07
9.17437e-05
-2.30609e-07
-4.53547e-05
-1.77485e-07
4.53399e-05
-2.38772e-05
2.38007e-05
8.3428e-08
-6.97129e-09
-1.16881e-07
-3.90018e-05
5.6223e-08
3.90624e-05
-4.33531e-05
-6.17236e-08
1.23173e-07
4.32917e-05
4.81205e-07
8.55934e-05
-1.65526e-07
-8.31948e-08
9.61447e-07
8.40688e-05
2.06653e-06
8.14105e-05
4.34202e-06
7.80389e-05
7.51527e-06
7.66142e-05
1.07941e-05
7.5923e-05
1.27436e-05
7.60973e-05
1.28582e-05
7.70645e-05
1.20073e-05
7.43242e-05
8.0584e-06
7.56329e-05
2.21765e-06
8.18295e-05
-2.12505e-06
8.88979e-05
-2.66395e-06
9.35746e-05
-1.85422e-06
9.35491e-05
-1.31409e-06
9.27835e-05
-9.28823e-07
9.18599e-05
-7.06319e-07
9.15007e-05
-6.07574e-07
9.13011e-05
-5.11804e-07
9.14633e-05
-1.87768e-07
9.16441e-05
-2.24461e-07
-4.52782e-05
-1.30565e-07
4.5221e-05
-2.37438e-05
2.37041e-05
3.93386e-08
3.92428e-10
-2.70663e-07
-3.9188e-05
1.03378e-07
3.93553e-05
-4.33032e-05
-6.64092e-09
-1.8227e-08
4.33281e-05
-4.4556e-07
8.57934e-05
8.20527e-08
1.63542e-07
-4.29549e-07
8.40528e-05
-2.52868e-07
8.12339e-05
6.44627e-07
7.71414e-05
2.40245e-06
7.48563e-05
4.15592e-06
7.41695e-05
5.32504e-06
7.49282e-05
6.1315e-06
7.6258e-05
4.64518e-06
7.58105e-05
-1.05418e-07
8.03835e-05
-3.89278e-06
8.56168e-05
-5.0327e-06
9.00378e-05
-4.11967e-06
9.26616e-05
-3.0159e-06
9.24454e-05
-2.0911e-06
9.18587e-05
-1.53719e-06
9.13059e-05
-1.13978e-06
9.11033e-05
-9.05847e-07
9.10672e-05
-6.66242e-07
9.12237e-05
-2.0493e-07
9.14413e-05
-2.58494e-07
-4.51313e-05
-1.24396e-07
4.50508e-05
-2.36755e-05
2.36531e-05
1.86686e-08
3.78009e-09
-2.47431e-07
-3.95445e-05
3.65464e-08
3.97553e-05
-4.34324e-05
2.00735e-07
-3.34733e-07
4.35664e-05
-1.60554e-06
8.62466e-05
4.80247e-07
6.72086e-07
-1.59692e-06
8.40442e-05
-1.72964e-06
8.13666e-05
-1.95404e-06
7.73658e-05
-1.69944e-06
7.46017e-05
-1.38235e-06
7.38524e-05
-9.99449e-07
7.45453e-05
-7.01067e-07
7.59596e-05
-3.1868e-06
7.82963e-05
-6.5931e-06
8.37898e-05
-7.79009e-06
8.68138e-05
-7.32952e-06
8.95772e-05
-5.81941e-06
9.11515e-05
-4.4508e-06
9.10767e-05
-3.27099e-06
9.06789e-05
-2.50814e-06
9.05431e-05
-1.83755e-06
9.04327e-05
-1.34446e-06
9.05741e-05
-9.12075e-07
9.07913e-05
-2.35622e-07
9.10347e-05
-2.69892e-07
-4.49429e-05
-1.47759e-07
4.4855e-05
-2.36293e-05
2.36025e-05
2.34261e-08
3.39857e-09
-1.04043e-07
-4.00018e-05
-1.75045e-07
4.02809e-05
-4.37893e-05
4.79143e-07
-7.73372e-07
4.40836e-05
-3.73631e-06
8.76004e-05
1.12971e-06
1.25276e-06
-4.4494e-06
8.47573e-05
-4.51197e-06
8.14292e-05
-4.1411e-06
7.69949e-05
-3.98867e-06
7.44493e-05
-4.17212e-06
7.40359e-05
-4.64619e-06
7.50194e-05
-6.47542e-06
7.77889e-05
-9.32057e-06
8.11414e-05
-1.035e-05
8.48192e-05
-1.01732e-05
8.6637e-05
-9.10887e-06
8.85129e-05
-7.31975e-06
8.93623e-05
-5.69792e-06
8.94549e-05
-4.45385e-06
8.94348e-05
-3.39004e-06
8.94793e-05
-2.49556e-06
8.95383e-05
-1.74132e-06
8.98199e-05
-1.1343e-06
9.01843e-05
-2.37097e-07
9.04137e-05
-2.76153e-07
-4.47417e-05
-1.37288e-07
4.46419e-05
-2.35709e-05
2.3537e-05
3.04277e-08
3.53399e-09
1.40427e-08
-4.05596e-05
-2.95128e-07
4.08406e-05
-4.44083e-05
6.4329e-07
-1.04974e-06
4.48147e-05
-5.60681e-06
8.99742e-05
1.60566e-06
1.62731e-06
-7.31058e-06
8.64611e-05
-7.48444e-06
8.1603e-05
-7.2648e-06
7.67753e-05
-7.70744e-06
7.4892e-05
-8.91969e-06
7.52481e-05
-1.06458e-05
7.67455e-05
-1.22627e-05
7.94058e-05
-1.28616e-05
8.17404e-05
-1.21946e-05
8.41522e-05
-1.13734e-05
8.58158e-05
-9.96643e-06
8.7106e-05
-8.0559e-06
8.74518e-05
-6.2648e-06
8.76638e-05
-4.85352e-06
8.80235e-05
-3.57199e-06
8.81977e-05
-2.55252e-06
8.85188e-05
-1.72488e-06
8.89922e-05
-1.10024e-06
8.95597e-05
-2.4648e-07
8.98694e-05
-3.09468e-07
-4.45034e-05
-1.38674e-07
4.43956e-05
-2.34977e-05
2.34492e-05
4.57389e-08
2.81421e-09
2.47855e-08
-4.10977e-05
-2.28678e-07
4.13016e-05
-4.52286e-05
6.5463e-07
-1.09839e-06
4.56724e-05
-5.56025e-06
9.23405e-05
1.63164e-06
1.56234e-06
-8.30709e-06
8.92079e-05
-9.6252e-06
8.29211e-05
-1.04438e-05
7.75938e-05
-1.21634e-05
7.66116e-05
-1.42142e-05
7.72989e-05
-1.56892e-05
7.82205e-05
-1.57184e-05
7.9435e-05
-1.4834e-05
8.08559e-05
-1.30594e-05
8.23776e-05
-1.09576e-05
8.3714e-05
-9.07643e-06
8.52247e-05
-7.26902e-06
8.56444e-05
-5.49993e-06
8.58947e-05
-4.02932e-06
8.65529e-05
-2.86414e-06
8.70326e-05
-1.92379e-06
8.75784e-05
-1.25258e-06
8.8321e-05
-7.69935e-07
8.9077e-05
-2.29366e-07
8.95764e-05
-2.47547e-07
-4.42421e-05
-1.56391e-07
4.41691e-05
-2.33848e-05
2.33057e-05
8.24083e-08
-3.34147e-09
-2.50516e-08
-4.14425e-05
-2.6277e-08
4.14938e-05
-4.61284e-05
3.70274e-07
-8.10918e-07
4.6569e-05
-3.42147e-06
9.37378e-05
1.17798e-06
8.46155e-07
-6.5475e-06
9.23339e-05
-1.02357e-05
8.66093e-05
-1.27225e-05
8.00806e-05
-1.43661e-05
7.82552e-05
-1.55772e-05
7.85101e-05
-1.65448e-05
7.91881e-05
-1.69268e-05
7.98169e-05
-1.58093e-05
7.97385e-05
-1.31611e-05
7.97294e-05
-1.0129e-05
8.06819e-05
-7.3414e-06
8.24372e-05
-5.60852e-06
8.39115e-05
-3.99839e-06
8.42846e-05
-2.54857e-06
8.51031e-05
-1.65026e-06
8.61343e-05
-9.71332e-07
8.68995e-05
-6.00473e-07
8.79501e-05
-3.58833e-07
8.88354e-05
-1.15709e-07
8.94713e-05
-1.38071e-07
-4.40705e-05
-1.1562e-07
4.40704e-05
-2.3215e-05
2.31214e-05
1.00222e-07
-6.62029e-09
-6.84934e-08
-4.14427e-05
2.38686e-07
4.12725e-05
-4.69439e-05
-1.84094e-07
-2.78378e-08
4.71559e-05
-3.06014e-07
9.41003e-05
1.8468e-07
-2.41159e-07
-2.09667e-06
9.41246e-05
-6.07305e-06
9.05857e-05
-1.02467e-05
8.42542e-05
-1.23872e-05
8.03957e-05
-1.34123e-05
7.95352e-05
-1.46297e-05
8.04055e-05
-1.55841e-05
8.07714e-05
-1.42318e-05
7.83861e-05
-1.17001e-05
7.71978e-05
-8.95839e-06
7.79401e-05
-5.68458e-06
7.91633e-05
-3.45577e-06
8.16827e-05
-1.90574e-06
8.27346e-05
-8.55136e-07
8.40525e-05
-4.26171e-07
8.57053e-05
-2.66313e-07
8.67396e-05
-2.1139e-07
8.78952e-05
-1.6714e-07
8.87911e-05
-6.56388e-08
8.94501e-05
-8.02755e-08
-4.4033e-05
-9.59624e-08
4.40633e-05
-2.30293e-05
2.29376e-05
9.94417e-08
-7.73454e-09
-5.9801e-08
-4.10254e-05
3.47184e-07
4.0738e-05
-4.71997e-05
-4.41519e-07
4.67311e-07
4.7174e-05
1.36937e-06
9.39049e-05
-4.64607e-07
-7.09328e-07
1.05488e-06
9.44391e-05
-1.22732e-06
9.28679e-05
-5.21225e-06
8.82392e-05
-8.21417e-06
8.33976e-05
-9.23926e-06
8.05602e-05
-9.64528e-06
8.08115e-05
-1.04958e-05
8.16219e-05
-1.02645e-05
7.81548e-05
-9.04034e-06
7.59737e-05
-6.93305e-06
7.58328e-05
-4.00358e-06
7.62339e-05
-1.27714e-06
7.89563e-05
8.88746e-08
8.13685e-05
2.53948e-07
8.38874e-05
8.27079e-08
8.58765e-05
-4.98192e-08
8.68722e-05
-3.86625e-08
8.78841e-05
-4.52688e-08
8.87977e-05
-1.43545e-09
8.94099e-05
-3.59324e-09
-4.40464e-05
-6.12824e-08
4.41063e-05
-2.28515e-05
2.27729e-05
8.56053e-08
-7.00663e-09
-8.81082e-08
-4.0398e-05
4.88964e-07
3.99971e-05
-4.71361e-05
-7.43593e-07
8.11027e-07
4.70687e-05
2.39278e-06
9.35148e-05
-8.38197e-07
-1.1645e-06
2.96225e-06
9.38696e-05
2.54008e-06
9.32901e-05
1.4405e-07
9.06352e-05
-3.2892e-06
8.68309e-05
-5.39071e-06
8.26618e-05
-6.04875e-06
8.14696e-05
-5.66473e-06
8.12378e-05
-5.11929e-06
7.76093e-05
-4.80329e-06
7.56577e-05
-2.98846e-06
7.4018e-05
-7.79463e-07
7.40249e-05
1.59141e-06
7.65854e-05
1.78014e-06
8.11798e-05
1.2228e-06
8.44448e-05
9.89177e-07
8.61102e-05
6.59309e-07
8.7202e-05
3.97841e-07
8.81455e-05
2.51728e-07
8.89438e-05
1.10649e-07
8.95106e-05
4.0326e-08
-4.41053e-05
3.27599e-09
4.42127e-05
-2.27137e-05
2.26691e-05
4.42366e-08
3.72184e-10
-1.39108e-07
-3.9563e-05
6.0965e-07
3.90924e-05
-4.69097e-05
-9.59186e-07
1.16354e-06
4.67054e-05
3.58502e-06
9.27941e-05
-1.23018e-06
-1.63407e-06
4.44591e-06
9.30087e-05
5.07487e-06
9.26611e-05
4.65137e-06
9.10587e-05
2.88891e-06
8.85933e-05
5.56762e-08
8.5495e-05
-9.64785e-07
8.249e-05
3.67953e-07
7.99051e-05
4.53431e-07
7.75239e-05
7.21425e-07
7.53897e-05
1.90245e-06
7.2837e-05
2.92988e-06
7.29974e-05
3.93336e-06
7.55819e-05
3.9348e-06
8.11784e-05
3.38738e-06
8.49922e-05
2.6225e-06
8.6875e-05
1.59135e-06
8.82332e-05
7.925e-07
8.89444e-05
3.70307e-07
8.9366e-05
1.31828e-07
8.97547e-05
-5.59164e-09
-4.42157e-05
1.1951e-08
4.43356e-05
-2.26406e-05
2.26159e-05
1.81264e-08
6.54486e-09
-2.16213e-07
-3.86577e-05
6.62772e-07
3.82111e-05
-4.63771e-05
-1.06945e-06
1.37154e-06
4.6075e-05
4.18415e-06
9.2098e-05
-1.50465e-06
-1.98344e-06
5.02819e-06
9.21647e-05
6.01153e-06
9.16778e-05
6.65175e-06
9.04185e-05
7.04999e-06
8.81951e-05
6.30095e-06
8.6244e-05
5.22272e-06
8.35683e-05
5.08077e-06
8.0047e-05
5.06543e-06
7.75392e-05
5.56679e-06
7.48883e-05
5.84412e-06
7.25597e-05
6.09659e-06
7.2745e-05
6.6286e-06
7.50499e-05
6.64126e-06
8.11657e-05
5.41984e-06
8.62136e-05
3.68271e-06
8.86122e-05
2.16274e-06
8.97532e-05
9.0268e-07
9.02044e-05
6.55682e-08
9.02031e-05
4.78062e-08
9.00372e-05
-2.64774e-07
-4.4325e-05
-6.76092e-08
4.44404e-05
-2.25868e-05
2.25413e-05
3.84536e-08
7.02968e-09
-1.88908e-07
-3.78074e-05
6.72737e-07
3.73236e-05
-4.56159e-05
-1.20253e-06
1.60417e-06
4.52143e-05
5.18869e-06
4.52008e-05
-1.82194e-06
-2.12809e-06
4.56585e-05
6.32155e-06
4.54536e-05
4.55782e-05
7.8215e-06
4.50977e-05
4.50801e-05
8.99815e-06
4.48081e-05
4.44337e-05
9.58897e-06
4.40041e-05
4.36002e-05
1.00643e-05
4.29794e-05
4.27893e-05
9.91282e-06
4.18762e-05
4.18435e-05
9.08943e-06
4.05243e-05
4.03462e-05
8.38243e-06
3.91605e-05
3.90857e-05
8.42596e-06
3.757e-05
3.72748e-05
8.6034e-06
3.62664e-05
3.61158e-05
8.65228e-06
3.61987e-05
3.64974e-05
8.39257e-06
3.73546e-05
3.7955e-05
7.16038e-06
4.08294e-05
4.15685e-05
5.27672e-06
4.38728e-05
4.42244e-05
3.36093e-06
4.52344e-05
4.52935e-05
1.87893e-06
4.56919e-05
4.55432e-05
5.95544e-07
4.57727e-05
4.57151e-05
-6.63115e-07
4.59108e-05
4.5551e-05
-3.43896e-07
4.57774e-05
-1.09457e-06
4.50351e-05
-4.43493e-05
-3.63324e-07
4.43687e-05
-2.24609e-05
2.23173e-05
1.24975e-07
1.86272e-08
-7.00595e-07
-3.678e-05
1.3289e-06
3.61517e-05
-4.48442e-05
-1.49753e-06
1.44285e-06
4.48989e-05
-1.46734e-06
1.44142e-06
4.52268e-05
-1.87569e-06
2.18864e-06
4.51407e-05
-2.68196e-06
3.07545e-06
4.47043e-05
-3.56446e-06
4.0255e-06
4.43471e-05
-4.44381e-06
4.6938e-06
4.37541e-05
-4.98335e-06
5.1008e-06
4.2862e-05
-5.45115e-06
5.47797e-06
4.18494e-05
-5.76447e-06
5.71479e-06
4.0574e-05
-5.74304e-06
5.40136e-06
3.95022e-05
-5.25569e-06
4.88858e-06
3.79371e-05
-4.73065e-06
4.55561e-06
3.64414e-05
-4.56149e-06
4.51102e-06
3.62492e-05
-4.40448e-06
4.31333e-06
3.74458e-05
-3.96922e-06
3.69973e-06
4.10989e-05
-3.1788e-06
2.72938e-06
4.43222e-05
-2.11651e-06
1.71634e-06
4.56346e-05
-1.29711e-06
1.03376e-06
4.59553e-05
-6.59691e-07
4.99469e-07
4.5933e-05
-2.61789e-07
1.32915e-07
4.60397e-05
2.81948e-07
-5.14942e-07
4.60104e-05
-4.4035e-05
1.20105e-06
-1.44385e-06
4.42778e-05
-2.19667e-05
2.10789e-05
8.41396e-07
4.63754e-08
1.67554e-06
1.5469e-07
-3.65411e-05
-3.26267e-07
4.71937e-07
-4.49926e-05
-7.59384e-07
1.03162e-06
-4.49679e-05
-1.37418e-06
1.73293e-06
-4.46965e-05
-2.09788e-06
2.39113e-06
-4.43429e-05
-2.74803e-06
3.24293e-06
-4.37942e-05
-3.74449e-06
4.25223e-06
-4.32688e-05
-4.69688e-06
5.17482e-06
-4.25037e-05
-5.59576e-06
5.90147e-06
-4.1635e-05
-6.17554e-06
6.37183e-06
-4.04276e-05
-6.49668e-06
6.53638e-06
-3.95622e-05
-6.52723e-06
6.42584e-06
-3.82327e-05
-6.23093e-06
5.84274e-06
-3.67278e-05
-5.47178e-06
5.0404e-06
-3.65133e-05
-4.55367e-06
4.02143e-06
-3.78084e-05
-3.38149e-06
2.79009e-06
-4.15609e-05
-2.07467e-06
1.4962e-06
-4.48972e-05
-1.04628e-06
7.68174e-07
-4.60721e-05
-5.55942e-07
4.14408e-07
-4.62162e-05
-2.88838e-07
1.82832e-07
-4.61062e-05
-1.04269e-07
3.52187e-08
-4.62054e-05
5.74532e-08
-1.70089e-07
-4.63084e-05
3.72659e-07
-4.39048e-07
-4.51235e-05
-1.89902e-05
-1.57351e-06
-4.788e-08
2.34733e-05
2.30281e-08
2.35835e-05
-1.39787e-07
2.95149e-08
1.90813e-07
-1.35071e-08
2.37135e-05
3.40416e-08
2.38416e-05
-1.62879e-07
3.47316e-08
2.13393e-07
-1.99785e-08
2.39608e-05
3.24348e-08
2.40569e-05
-1.23956e-07
2.79063e-08
1.97788e-07
-2.02083e-08
2.41197e-05
2.08553e-08
2.41464e-05
-4.12662e-08
1.45828e-08
1.5642e-07
-1.66033e-08
2.41515e-05
1.11783e-08
2.41422e-05
-2.39627e-09
1.17396e-08
1.07988e-07
-1.06115e-08
2.41053e-05
1.15622e-08
2.40307e-05
6.53664e-08
9.28626e-09
5.99378e-08
-3.0438e-09
2.39146e-05
-7.77562e-10
2.3735e-05
1.95438e-07
-1.58115e-08
2.58103e-08
2.76199e-09
2.34959e-05
-3.16036e-08
2.3247e-05
2.85962e-07
-3.71e-08
1.95818e-08
4.19969e-09
2.30324e-05
-3.27911e-08
2.2875e-05
1.79897e-07
-2.25133e-08
2.78634e-08
3.70343e-09
2.27833e-05
-1.23096e-08
2.27565e-05
2.42068e-08
2.60858e-09
3.52012e-08
4.04656e-09
2.27616e-05
8.93288e-09
2.27776e-05
-2.50858e-08
9.09348e-09
6.41113e-08
2.90752e-10
2.27943e-05
8.01711e-09
2.27915e-05
-2.86519e-10
3.15353e-09
9.56797e-08
-4.95593e-09
2.27698e-05
-3.36922e-09
2.27264e-05
5.3023e-08
-9.63823e-09
9.80143e-08
-5.92348e-09
2.26674e-05
-9.46605e-09
2.26061e-05
6.63307e-08
-5.0649e-09
9.2838e-08
-6.74422e-09
2.2548e-05
-1.73395e-09
2.24807e-05
7.08124e-08
-3.44092e-09
6.21524e-08
-2.96143e-09
2.23994e-05
-6.85174e-09
2.23028e-05
1.05343e-07
-8.73864e-09
2.46932e-08
3.76145e-09
2.21787e-05
-1.50142e-08
2.20213e-05
1.82219e-07
-2.47668e-08
2.35384e-08
5.61619e-09
2.18356e-05
-3.05688e-08
2.16633e-05
1.93631e-07
-2.13439e-08
7.42898e-08
6.1111e-09
2.14804e-05
-5.95892e-09
2.12285e-05
2.19297e-07
3.25832e-08
3.20097e-07
3.05397e-08
2.04576e-05
7.02652e-08
1.86139e-05
1.92861e-06
-8.48156e-08
2.22598e-06
-1.3724e-07
1.33157e-08
-4.28317e-05
-4.53536e-05
-4.4881e-05
-4.45974e-05
-4.42188e-05
-4.35638e-05
-4.29623e-05
-4.20719e-05
-4.13107e-05
-4.01748e-05
-3.91999e-05
-3.77074e-05
-3.63909e-05
-3.69031e-05
-3.87373e-05
-4.26518e-05
-4.54735e-05
-4.61462e-05
-4.61979e-05
-4.61277e-05
-4.62236e-05
-4.62975e-05
-3.90961e-05
4.55894e-05
-1.45057e-07
4.32007e-07
4.53024e-05
4.66631e-05
-6.91701e-07
4.64361e-05
4.15658e-05
-4.15546e-05
1.7744e-07
4.15792e-05
4.50038e-05
-1.1388e-07
4.2261e-07
4.46951e-05
4.61942e-05
-7.59914e-07
4.5914e-05
4.15882e-05
2.15092e-07
4.15865e-05
4.4382e-05
-9.74535e-08
4.15121e-07
4.40644e-05
4.5615e-05
-7.40149e-07
4.52485e-05
4.15763e-05
2.26304e-07
4.15478e-05
4.37498e-05
-9.89369e-08
4.16827e-07
4.34319e-05
4.48921e-05
-7.16679e-07
4.44591e-05
4.15075e-05
2.18111e-07
4.14458e-05
4.31323e-05
-6.40008e-08
3.20281e-07
4.2876e-05
4.41497e-05
-6.44424e-07
4.37628e-05
4.13721e-05
2.06983e-07
4.12731e-05
4.27089e-05
-6.03194e-08
1.3668e-07
4.26326e-05
4.35703e-05
-3.26055e-07
4.33292e-05
4.11791e-05
1.68881e-07
4.10701e-05
4.26271e-05
-6.99145e-08
3.30803e-08
4.26639e-05
4.32868e-05
-2.15649e-08
4.32252e-05
4.09789e-05
1.34788e-07
4.08699e-05
4.27606e-05
-9.67542e-08
-6.8375e-08
4.29258e-05
4.3289e-05
1.7267e-07
4.32799e-05
4.07642e-05
1.50587e-07
4.06332e-05
4.3163e-05
6.65983e-08
-3.57437e-07
4.34539e-05
4.34254e-05
5.804e-07
4.35171e-05
4.05089e-05
1.56564e-07
4.03802e-05
4.3758e-05
2.54418e-07
-5.81041e-07
4.40846e-05
4.38734e-05
9.05735e-07
4.42204e-05
4.02733e-05
1.3772e-07
4.01708e-05
4.44328e-05
2.82133e-07
-6.76989e-07
4.48276e-05
4.47764e-05
1.09089e-06
4.53128e-05
4.00779e-05
1.55906e-07
3.99861e-05
4.52536e-05
1.4116e-07
-5.77671e-07
4.56901e-05
4.5846e-05
1.03372e-06
4.63746e-05
3.99121e-05
1.48952e-07
3.98588e-05
4.60341e-05
-1.04065e-07
-9.23303e-08
4.62305e-05
4.67417e-05
4.67203e-07
4.71207e-05
3.98434e-05
1.00655e-07
3.98408e-05
4.62851e-05
-3.13452e-07
3.52846e-07
4.62457e-05
4.72775e-05
-3.08954e-07
4.73453e-05
3.98443e-05
6.33945e-08
3.98737e-05
4.61513e-05
-4.1088e-07
5.81371e-07
4.59808e-05
4.7348e-05
-6.19181e-07
4.72579e-05
3.9898e-05
2.62316e-09
3.99575e-05
4.57262e-05
-5.39488e-07
8.35446e-07
4.54303e-05
4.72307e-05
-9.9441e-07
4.70606e-05
4.00051e-05
-3.72795e-08
4.0067e-05
4.50807e-05
-6.16995e-07
9.87964e-07
4.47098e-05
4.6994e-05
-1.31629e-06
4.66762e-05
4.00971e-05
-5.04471e-09
4.01257e-05
4.43031e-05
-5.97331e-07
1.09016e-06
4.38102e-05
4.65431e-05
-1.54925e-06
4.61089e-05
4.00965e-05
1.73659e-07
3.99972e-05
4.32804e-05
-7.62831e-07
1.38781e-06
4.26555e-05
4.58911e-05
-1.75787e-06
4.55209e-05
3.97588e-05
7.60871e-07
3.9318e-05
4.24868e-05
-1.53921e-06
1.19434e-06
4.54964e-05
-1.1006e-06
1.24335e-06
4.52242e-05
-1.50224e-06
1.84546e-06
4.50849e-05
-2.28969e-06
2.77717e-06
4.45911e-05
-3.13852e-06
3.51083e-06
4.40154e-05
-4.06368e-06
4.51524e-06
4.33106e-05
-5.00053e-06
5.34887e-06
4.24389e-05
-5.70711e-06
6.07411e-06
4.15571e-05
-6.28843e-06
6.53481e-06
4.03179e-05
-6.68111e-06
6.82419e-06
3.92314e-05
-6.76412e-06
6.79565e-06
3.74327e-05
-6.50013e-06
6.22549e-06
3.61099e-05
-5.93909e-06
5.65811e-06
3.66039e-05
-5.39399e-06
5.09479e-06
3.82991e-05
-4.73214e-06
4.29393e-06
4.20894e-05
-3.83192e-06
3.26953e-06
4.48373e-05
-2.69457e-06
2.05841e-06
4.57128e-05
-1.62084e-06
1.18744e-06
4.59173e-05
-9.26559e-07
6.45946e-07
4.59528e-05
-4.72693e-07
2.97769e-07
4.59659e-05
-1.32084e-07
-1.25651e-07
4.57212e-05
4.23611e-07
-9.99849e-07
3.87156e-05
1.84551e-06
4.40633e-10
1.95552e-06
-1.96367e-06
6.58415e-07
-6.57975e-07
-4.71278e-09
-1.94436e-06
1.93066e-06
-6.56069e-07
6.51356e-07
-6.44725e-09
-1.91647e-06
1.90227e-06
-6.45571e-07
6.39124e-07
-6.79275e-09
-1.88885e-06
1.87646e-06
-6.32334e-07
6.25541e-07
-5.42304e-09
-1.86604e-06
1.85753e-06
-6.19355e-07
6.13932e-07
-2.98276e-09
-1.8513e-06
1.84731e-06
-6.09547e-07
6.06564e-07
1.22416e-10
-1.8457e-06
1.84597e-06
-6.05135e-07
6.05257e-07
1.79383e-09
-1.84749e-06
1.84948e-06
-6.06494e-07
6.08288e-07
1.88502e-09
-1.85159e-06
1.85311e-06
-6.10372e-07
6.12257e-07
2.49599e-09
-1.85458e-06
1.85562e-06
-6.14484e-07
6.1698e-07
2.81564e-09
-1.85659e-06
1.85659e-06
-6.20058e-07
6.22874e-07
5.8309e-10
-1.85493e-06
1.85101e-06
-6.24821e-07
6.25404e-07
-9.41648e-10
-1.8462e-06
1.84052e-06
-6.25259e-07
6.24317e-07
-1.85626e-09
-1.83545e-06
1.82957e-06
-6.23464e-07
6.21607e-07
-2.28657e-09
-1.82478e-06
1.82006e-06
-6.19654e-07
6.17368e-07
6.08486e-10
-1.81801e-06
1.81777e-06
-6.1646e-07
6.17069e-07
3.47926e-09
-1.8194e-06
1.82247e-06
-6.19198e-07
6.22677e-07
3.6569e-09
-1.825e-06
1.82838e-06
-6.25757e-07
6.29414e-07
8.43475e-09
-1.83114e-06
1.84133e-06
-6.32764e-07
6.41199e-07
2.20886e-08
-1.85857e-06
1.88286e-06
-6.54497e-07
6.76586e-07
-2.25379e-08
-1.80603e-06
-6.16174e-07
-2.34625e-09
-5.78521e-09
-6.78937e-09
-6.18666e-09
-4.38507e-09
-1.42905e-09
1.23708e-09
2.08374e-09
2.22723e-09
3.07808e-09
1.94656e-09
-1.44811e-10
-8.53721e-10
-1.95315e-09
-9.07307e-10
2.12894e-09
3.08025e-09
3.34968e-09
1.32987e-08
-6.04123e-08
6.19327e-09
1.79943e-06
5.61975e-07
1.19196e-08
-1.81962e-06
1.84174e-06
-5.713e-07
5.8322e-07
1.27446e-08
-1.86358e-06
1.88327e-06
-5.96118e-07
6.08863e-07
9.27847e-09
-1.89952e-06
1.9111e-06
-6.20512e-07
6.29791e-07
6.20734e-09
-1.91864e-06
1.92361e-06
-6.36833e-07
6.4304e-07
8.59074e-09
-1.92799e-06
1.93096e-06
-6.50407e-07
6.58998e-07
5.42186e-09
-1.9315e-06
1.9253e-06
-6.67745e-07
6.73167e-07
-8.92549e-09
-1.9101e-06
1.88743e-06
-6.72549e-07
6.63623e-07
-1.26982e-08
-1.86349e-06
1.84339e-06
-6.50463e-07
6.37765e-07
-5.51113e-09
-1.83021e-06
1.82342e-06
-6.28431e-07
6.2292e-07
4.09148e-09
-1.825e-06
1.82984e-06
-6.23948e-07
6.28039e-07
3.95771e-09
-1.8348e-06
1.83886e-06
-6.32166e-07
6.36123e-07
-9.74109e-10
-1.84019e-06
1.8378e-06
-6.3795e-07
6.36975e-07
-3.70301e-09
-1.83185e-06
1.82609e-06
-6.33281e-07
6.29578e-07
6.3932e-10
-1.82255e-06
1.82018e-06
-6.2805e-07
6.28689e-07
-6.82808e-10
-1.81636e-06
1.81019e-06
-6.29065e-07
6.28382e-07
-3.84725e-09
-1.80243e-06
1.79126e-06
-6.27406e-07
6.23559e-07
-1.37712e-08
-1.77568e-06
1.75888e-06
-6.14381e-07
6.0061e-07
-6.35155e-09
-1.749e-06
1.74939e-06
-5.89143e-07
5.82792e-07
2.80003e-08
-1.77321e-06
1.81548e-06
-5.91556e-07
6.19556e-07
-3.62783e-10
-1.77556e-06
-5.74663e-07
9.32547e-09
1.28982e-08
1.16496e-08
7.042e-09
7.36694e-09
8.74675e-09
-6.17951e-10
-1.31597e-08
-9.33456e-09
1.02819e-09
4.12647e-09
1.82609e-09
-3.69467e-09
-1.52785e-09
3.75334e-10
-9.7553e-10
-9.17825e-09
-1.14663e-08
8.76432e-09
-4.48933e-08
-3.41971e-06
6.77682e-07
9.30861e-05
-5.12755e-06
9.42873e-05
-7.93797e-06
9.83345e-05
-9.37269e-06
9.72902e-05
-5.9467e-06
-6.92812e-06
0.00010165
-7.41192e-06
5.28459e-05
8.46546e-06
-3.49258e-06
3.14272e-05
-7.97599e-07
-6.31077e-06
4.05197e-06
-3.68491e-06
3.90675e-06
-1.50447e-06
-3.62153e-06
8.37898e-06
3.30908e-05
1.17862e-05
-7.82803e-06
-6.78531e-06
0.000105771
0.000101315
-6.9051e-08
3.61001e-05
-6.70971e-08
-6.72101e-06
2.21385e-06
2.47899e-06
-1.14138e-05
5.48511e-06
-9.58202e-06
2.7371e-07
-4.66262e-07
4.71291e-05
4.6341e-05
6.16724e-07
4.69777e-05
4.70893e-05
5.08772e-05
6.73036e-06
-6.17357e-06
5.03204e-05
5.26482e-05
-2.2906e-07
2.72461e-06
2.53144e-06
2.79783e-05
1.70028e-06
-3.66179e-06
2.37784e-06
2.98422e-06
-2.68728e-06
5.15215e-05
-4.45854e-06
4.91947e-05
3.10101e-05
-1.4083e-06
8.7638e-05
-8.82554e-05
2.02566e-06
8.85329e-05
-8.8972e-05
-9.69229e-07
-7.84405e-06
7.61964e-05
-8.04925e-05
1.21401e-05
-4.84592e-06
7.80387e-05
-8.10368e-05
-3.0696e-06
8.14873e-05
-8.32636e-05
-1.67883e-06
8.28975e-05
-8.42883e-05
-9.58983e-07
8.49178e-05
-8.56377e-05
-5.41809e-07
8.62996e-05
-8.67167e-05
-3.64092e-07
8.74603e-05
8.84567e-05
-2.87879e-07
-1.45172e-05
-7.08375e-05
-1.483e-05
7.30548e-05
-7.2742e-05
-1.32274e-05
7.22475e-05
-7.38501e-05
-9.20816e-06
7.06597e-05
-7.46789e-05
-4.7587e-06
7.1747e-05
-1.87128e-06
7.51512e-05
-3.68572e-07
7.99846e-05
1.97493e-07
8.23314e-05
2.03485e-07
8.49118e-05
9.85395e-08
8.64045e-05
-4.85707e-09
8.75637e-05
8.85262e-05
-7.43302e-08
-8.30574e-06
-7.12873e-06
-4.56383e-06
-1.32269e-06
1.18969e-06
1.72163e-06
1.25854e-06
9.66445e-07
7.10882e-07
4.59968e-07
2.24539e-07
-3.17955e-08
-1.0387e-07
4.64767e-05
2.9842e-07
-5.6913e-07
4.736e-05
-1.63924e-06
9.35229e-05
9.65439e-07
2.36977e-07
-1.83763e-06
9.44857e-05
-3.35836e-06
9.98552e-05
-5.96443e-06
9.98963e-05
-7.80799e-06
0.000103493
-3.58311e-06
0.000101266
-2.52227e-06
-3.07656e-06
2.74717e-05
3.33324e-06
-2.13389e-06
-1.07814e-05
1.96496e-06
-3.84628e-07
-4.26761e-06
7.802e-06
7.47779e-05
-2.05911e-06
-3.16019e-07
9.76492e-06
0.000103808
0.000102476
-2.36324e-07
-4.66159e-05
1.57604e-07
4.66946e-05
-4.74327e-05
-3.55003e-08
-9.74231e-08
4.75657e-05
-2.35447e-07
9.37455e-05
2.76483e-07
-2.63658e-07
-4.99823e-07
9.47501e-05
-5.53004e-07
9.99084e-05
-2.12664e-06
0.00010147
-8.21026e-07
0.000102187
2.59199e-06
9.7853e-05
-7.2098e-07
3.79249e-05
-6.49839e-06
-2.81135e-05
-3.32527e-06
-2.2615e-05
1.27124e-05
1.25069e-05
-2.76565e-07
-1.11111e-05
2.28061e-06
5.78179e-06
5.791e-06
6.87104e-05
6.50944e-06
0.00010309
6.01427e-06
0.000102971
4.88566e-06
0.000100767
3.87095e-06
9.84873e-05
2.77049e-06
9.86041e-05
9.51269e-05
-3.52394e-07
-4.67343e-05
3.17883e-07
4.67688e-05
-4.76031e-05
-2.69992e-07
2.11308e-07
4.76618e-05
-8.10711e-07
9.48087e-05
-4.20256e-08
-2.10453e-07
-2.71716e-06
9.66565e-05
-8.44249e-07
9.80355e-05
1.34526e-06
9.92804e-05
4.05717e-06
9.94755e-05
6.68628e-06
9.52239e-05
1.00465e-05
3.45647e-05
7.11732e-06
-1.96858e-05
5.70932e-07
-4.56472e-06
2.63e-06
6.66513e-05
2.9277e-06
0.000102792
2.8398e-06
0.000103059
2.47468e-06
0.000101132
1.21682e-06
9.97452e-05
4.77702e-07
9.93432e-05
9.53746e-05
-4.23275e-07
-4.67891e-05
3.87819e-07
4.68246e-05
-4.77134e-05
-2.81517e-07
4.92733e-08
4.79457e-05
-5.19308e-07
9.55758e-05
1.71425e-07
-4.19152e-07
-5.84138e-07
9.67213e-05
7.03637e-07
9.67477e-05
3.05158e-06
9.69325e-05
6.13194e-06
9.63952e-05
9.67225e-06
9.16836e-05
1.49372e-05
2.92997e-05
1.27232e-05
-1.74717e-05
3.8133e-06
4.34513e-06
1.52774e-06
6.89368e-05
1.35645e-06
0.000102963
5.68736e-07
0.000103847
3.71445e-07
0.00010133
4.08996e-07
9.97076e-05
1.43026e-06
9.83219e-05
9.64183e-05
-4.56929e-07
-4.68379e-05
4.44927e-07
4.68499e-05
-4.78991e-05
-3.62565e-07
1.49769e-07
4.81119e-05
4.41099e-07
9.57337e-05
3.37369e-08
-6.32738e-07
8.34126e-07
9.63283e-05
1.77867e-06
9.58032e-05
3.75919e-06
9.49519e-05
6.79407e-06
9.33603e-05
1.11139e-05
8.73637e-05
1.74282e-05
2.29855e-05
1.37798e-05
-1.38233e-05
3.78834e-06
1.43365e-05
-1.98482e-06
7.471e-05
-2.92539e-06
0.000103904
-2.84286e-06
0.000103764
-1.61245e-06
0.000100099
-5.05079e-07
9.86002e-05
3.47969e-07
9.74689e-05
9.65207e-05
-4.91245e-07
-4.68325e-05
5.14848e-07
4.68089e-05
-4.80308e-05
-4.72039e-07
3.07132e-07
4.81957e-05
9.97985e-07
9.5719e-05
-1.85704e-07
-7.9759e-07
1.54382e-06
9.57825e-05
2.1822e-06
9.51648e-05
3.79567e-06
9.33385e-05
5.58423e-06
9.15717e-05
9.94013e-06
8.30078e-05
1.6677e-05
1.62486e-05
1.01047e-05
-7.251e-06
-1.59873e-06
2.604e-05
-9.61471e-06
8.2726e-05
-7.85958e-06
0.000102149
-5.40924e-06
0.000101314
-3.37536e-06
9.80654e-05
-2.08159e-06
9.73065e-05
-1.32437e-06
9.67117e-05
9.59854e-05
-4.89403e-07
-4.67669e-05
5.32096e-07
4.67242e-05
-4.80576e-05
-4.9188e-07
3.15518e-07
4.8234e-05
9.95457e-07
9.57035e-05
-1.96358e-07
-7.83656e-07
1.16204e-06
9.56159e-05
1.09142e-06
9.52354e-05
1.26537e-06
9.31645e-05
1.41016e-06
9.14269e-05
6.08054e-06
7.83374e-05
8.54962e-06
1.37795e-05
-3.34978e-07
1.63359e-06
-1.25781e-05
3.82831e-05
-1.54935e-05
8.56414e-05
-1.11496e-05
9.7805e-05
-7.70255e-06
9.78667e-05
-5.41881e-06
9.57816e-05
-3.87889e-06
9.57665e-05
-2.79096e-06
9.56237e-05
9.50733e-05
-4.96009e-07
-4.66594e-05
5.78638e-07
4.65768e-05
-4.81071e-05
-5.79982e-07
4.3305e-07
4.8254e-05
1.05988e-06
9.57986e-05
-3.23949e-07
-8.31053e-07
9.58788e-07
9.5717e-05
6.36829e-07
9.55574e-05
-2.8678e-07
9.40881e-05
-6.60858e-07
9.1801e-05
2.03014e-06
7.56464e-05
-1.45393e-06
1.72636e-05
-1.01982e-05
1.03778e-05
-1.87823e-05
4.68672e-05
-1.77729e-05
8.4632e-05
-1.32438e-05
9.32759e-05
-9.44723e-06
9.40701e-05
-6.57426e-06
9.29086e-05
-4.56127e-06
9.37535e-05
-3.26141e-06
9.43239e-05
9.41968e-05
-5.00283e-07
-4.64748e-05
6.10554e-07
4.63645e-05
-4.81127e-05
-6.10344e-07
4.86369e-07
4.82367e-05
1.08831e-06
9.59514e-05
-3.93955e-07
-8.47056e-07
7.22983e-07
9.60823e-05
1.2768e-07
9.61527e-05
-7.05288e-07
9.49211e-05
-2.36001e-06
9.34558e-05
-2.53258e-06
7.5819e-05
-1.01936e-05
2.49246e-05
-1.83263e-05
1.85105e-05
-2.20833e-05
5.06242e-05
-1.90437e-05
8.15924e-05
-1.46241e-05
8.88563e-05
-1.12713e-05
9.07173e-05
-8.4919e-06
9.01293e-05
-6.4593e-06
9.17209e-05
-3.94921e-06
9.18138e-05
-2.74713e-06
9.29948e-05
9.31045e-05
-1.95962e-06
-5.08914e-07
-4.62364e-05
6.49345e-07
4.6096e-05
-4.8133e-05
-6.78291e-07
5.75699e-07
4.82356e-05
1.38397e-06
9.5969e-05
-5.00734e-07
-9.00896e-07
1.37634e-06
9.60899e-05
1.01242e-06
9.65166e-05
-1.31122e-06
9.72447e-05
-4.00111e-06
9.61456e-05
-7.11889e-06
7.89368e-05
-1.7143e-05
3.49487e-05
-2.32061e-05
2.45736e-05
-2.27319e-05
5.015e-05
-2.04805e-05
7.93411e-05
-1.61162e-05
8.4492e-05
-1.22817e-05
8.68828e-05
-9.44364e-06
8.72912e-05
-7.10372e-06
8.9381e-05
-5.27444e-06
8.99845e-05
-3.42638e-06
9.11467e-05
9.18661e-05
-2.188e-06
-5.25259e-07
-4.59331e-05
7.10137e-07
4.57482e-05
-4.81262e-05
-7.76058e-07
7.28065e-07
4.81742e-05
2.19467e-06
9.55598e-05
-7.09928e-07
-1.07548e-06
2.70288e-06
9.55817e-05
2.92681e-06
9.62926e-05
2.21933e-06
9.79522e-05
-6.08337e-07
9.89733e-05
-7.30887e-06
8.56373e-05
-1.89169e-05
4.65568e-05
-2.42986e-05
2.99553e-05
-2.00933e-05
4.59447e-05
-1.81159e-05
7.73637e-05
-1.42077e-05
8.05838e-05
-8.96437e-06
8.16395e-05
-7.29126e-06
8.56181e-05
-4.9963e-06
8.70861e-05
-4.02413e-06
8.90123e-05
-3.15263e-06
9.02752e-05
9.10126e-05
-2.29913e-06
-5.25365e-07
-4.55348e-05
7.706e-07
4.52896e-05
-4.80262e-05
-8.8204e-07
9.17878e-07
4.79903e-05
3.18987e-06
9.48565e-05
-1.03481e-06
-1.4518e-06
3.63971e-06
9.51319e-05
4.36202e-06
9.55703e-05
5.27331e-06
9.70409e-05
5.67869e-06
9.85679e-05
5.93226e-08
9.12567e-05
-1.4118e-05
6.07341e-05
-2.09343e-05
3.67716e-05
-1.63823e-05
4.13927e-05
-1.07262e-05
7.17076e-05
-7.27921e-06
7.71368e-05
-3.47315e-06
7.78334e-05
-2.91323e-06
8.50582e-05
-2.14894e-06
8.63218e-05
-2.0688e-06
8.89322e-05
-1.73307e-06
8.99395e-05
9.08424e-05
-1.56287e-06
-4.84675e-07
-4.50201e-05
7.79867e-07
4.47249e-05
-4.77291e-05
-1.01843e-06
1.17515e-06
4.75723e-05
3.85859e-06
9.39251e-05
-1.33762e-06
-1.58954e-06
4.97218e-06
9.40183e-05
6.12811e-06
9.44144e-05
7.67081e-06
9.54982e-05
9.73903e-06
9.64997e-05
8.89424e-06
9.21015e-05
-3.91406e-06
7.35424e-05
-1.26073e-05
4.54649e-05
-1.14735e-05
4.02589e-05
-3.21527e-06
6.34493e-05
1.37926e-08
7.39078e-05
-5.36633e-07
7.83838e-05
-7.45691e-07
8.52672e-05
-1.06807e-06
8.66441e-05
-1.13921e-06
8.90033e-05
-1.02543e-06
8.98257e-05
9.08804e-05
-1.06343e-06
-4.24534e-07
-4.43584e-05
7.69811e-07
4.40131e-05
-4.73141e-05
-1.01554e-06
1.20412e-06
4.71255e-05
3.86809e-06
9.30353e-05
-1.40645e-06
-1.57182e-06
5.30352e-06
9.25829e-05
6.76125e-06
9.29567e-05
9.5458e-06
9.27137e-05
1.24987e-05
9.35468e-05
1.37671e-05
9.08331e-05
7.46807e-06
7.98414e-05
-1.60007e-06
5.45331e-05
-4.01153e-06
4.26703e-05
3.57032e-06
5.58675e-05
4.08089e-06
7.33972e-05
1.79879e-06
8.06659e-05
1.10591e-06
8.59601e-05
3.30288e-07
8.74198e-05
-6.9129e-08
8.94028e-05
-4.57399e-07
9.02139e-05
9.11109e-05
-6.87897e-07
-3.41935e-07
-4.3671e-05
6.76314e-07
4.33366e-05
-4.68532e-05
-9.62795e-07
1.1802e-06
4.66358e-05
3.90453e-06
9.19989e-05
-1.38121e-06
-1.48695e-06
5.25353e-06
9.12338e-05
7.1965e-06
9.10137e-05
9.76975e-06
9.01404e-05
1.32434e-05
9.00731e-05
1.64844e-05
8.75921e-05
1.52137e-05
8.11121e-05
9.56407e-06
6.01827e-05
6.36832e-06
4.58661e-05
9.72668e-06
5.25091e-05
1.04214e-05
7.27025e-05
6.92705e-06
8.41603e-05
4.59694e-06
8.82902e-05
2.43366e-06
8.95831e-05
1.07694e-06
9.07595e-05
2.14923e-07
9.1076e-05
-3.11355e-07
9.16372e-05
9.18836e-05
-9.16075e-05
-5.87465e-07
-2.21865e-07
-4.30082e-05
5.43458e-07
4.26866e-05
-4.63254e-05
-8.15591e-07
1.11185e-06
4.60291e-05
4.48553e-06
9.03439e-05
-1.37614e-06
-1.45437e-06
6.13714e-06
8.95822e-05
8.57642e-06
8.85744e-05
1.0416e-05
8.83009e-05
1.38638e-05
8.66253e-05
1.75411e-05
8.39148e-05
1.83821e-05
8.0271e-05
1.79373e-05
6.06275e-05
1.50894e-05
4.8714e-05
1.42678e-05
5.33307e-05
1.41877e-05
7.27826e-05
9.97412e-06
8.83738e-05
5.96135e-06
9.2303e-05
2.92422e-06
9.26202e-05
1.14698e-06
9.25367e-05
6.57096e-08
9.21572e-05
-4.58479e-07
9.21614e-05
9.21041e-05
-6.78966e-07
-1.0611e-07
-4.23728e-05
3.7988e-07
4.20991e-05
-4.5695e-05
-6.91633e-07
9.85481e-07
4.54012e-05
4.48507e-06
8.84849e-05
-1.29292e-06
-1.33315e-06
6.43994e-06
8.76274e-05
8.83669e-06
8.61777e-05
1.11413e-05
8.59962e-05
1.38079e-05
8.39587e-05
1.59147e-05
8.1808e-05
1.89608e-05
7.7225e-05
2.20282e-05
5.75601e-05
2.07455e-05
4.99967e-05
1.72553e-05
5.68209e-05
1.21669e-05
7.7871e-05
6.10879e-06
9.44319e-05
2.50821e-06
9.59036e-05
5.2115e-07
9.46072e-05
-4.46249e-07
9.35041e-05
-8.38318e-07
9.25493e-05
-9.03294e-07
9.22263e-05
9.20913e-05
-8.90552e-07
3.81518e-08
-4.18666e-05
1.62544e-07
4.16659e-05
-4.50908e-05
-4.28313e-07
6.87843e-07
4.48312e-05
3.04921e-06
8.73496e-05
-9.60173e-07
-9.53777e-07
4.65815e-06
8.60184e-05
6.50294e-06
8.43329e-05
9.67357e-06
8.28256e-05
1.1574e-05
8.20583e-05
1.29768e-05
8.04052e-05
1.93804e-05
7.08213e-05
2.24896e-05
5.44509e-05
1.97774e-05
5.27089e-05
1.21784e-05
6.44199e-05
3.74059e-06
8.63089e-05
-5.4472e-07
9.87172e-05
-1.5323e-06
9.68911e-05
-1.68402e-06
9.4759e-05
-1.51514e-06
9.33352e-05
-1.34685e-06
9.2381e-05
-1.18201e-06
9.20615e-05
9.19788e-05
-1.06949e-06
1.22444e-07
-4.14983e-05
-1.4494e-08
4.13903e-05
-4.45606e-05
-1.82766e-07
3.92261e-07
4.43511e-05
1.00114e-06
8.71217e-05
-4.63856e-07
-3.09338e-07
1.76859e-06
8.5251e-05
2.92387e-06
8.31776e-05
5.72221e-06
8.00273e-05
7.87732e-06
7.99032e-05
1.11903e-05
7.70923e-05
1.79341e-05
6.40775e-05
1.80401e-05
5.43449e-05
1.24656e-05
5.82834e-05
1.99926e-06
7.48863e-05
-4.06975e-06
9.23779e-05
-4.1085e-06
9.8756e-05
-3.12236e-06
9.5905e-05
-2.59547e-06
9.42321e-05
-2.11221e-06
9.2852e-05
-1.83016e-06
9.2099e-05
-1.5977e-06
9.1829e-05
9.17444e-05
-1.36328e-06
1.33789e-07
-4.13517e-05
-1.4553e-07
4.13634e-05
-4.41873e-05
1.19437e-07
-6.4551e-08
4.41324e-05
-1.69886e-07
8.71138e-05
4.93199e-08
1.2845e-07
-2.12261e-07
8.52934e-05
-6.69093e-08
8.30322e-05
1.18215e-06
7.87782e-05
4.19292e-06
7.68924e-05
9.68225e-06
7.16029e-05
1.38794e-05
5.98804e-05
1.12867e-05
5.69376e-05
2.19967e-06
6.73704e-05
-6.29307e-06
8.3379e-05
-7.60739e-06
9.36922e-05
-5.73374e-06
9.68823e-05
-4.23271e-06
9.4404e-05
-3.22303e-06
9.32224e-05
-2.44437e-06
9.20733e-05
-2.0045e-06
9.16591e-05
-1.66341e-06
9.1488e-05
9.14815e-05
-1.40047e-06
6.18305e-08
-4.14094e-05
-1.51348e-07
4.14989e-05
-4.41458e-05
1.91892e-07
-2.38899e-07
4.41928e-05
-9.52813e-07
3.10692e-07
3.38931e-07
-1.2475e-06
8.55881e-05
-1.70221e-06
8.34869e-05
-1.94809e-06
7.90241e-05
4.6743e-07
7.44769e-05
5.11315e-06
6.69572e-05
6.05278e-06
5.89407e-05
2.33952e-07
6.27564e-05
-8.5089e-06
7.61133e-05
-1.13553e-05
8.62254e-05
-1.03183e-05
9.26552e-05
-7.56751e-06
9.41315e-05
-5.33357e-06
9.217e-05
-3.85791e-06
9.17467e-05
-2.86702e-06
9.10824e-05
-2.2634e-06
9.10555e-05
-1.73038e-06
9.09549e-05
9.11277e-05
-1.37661e-06
-3.71286e-06
8.68626e-05
-4.63494e-06
8.4409e-05
-5.61747e-06
8.00066e-05
-4.31575e-06
7.31752e-05
-1.5846e-06
6.42261e-05
-3.38955e-06
6.07457e-05
-1.09186e-05
7.02855e-05
-1.50042e-05
8.01988e-05
-1.48028e-05
8.60241e-05
-1.22249e-05
9.00773e-05
-9.00726e-06
9.09139e-05
-6.81518e-06
8.9978e-05
-5.17387e-06
9.01054e-05
-3.95923e-06
8.98678e-05
-3.04903e-06
9.01453e-05
-2.25381e-06
9.01597e-05
9.05293e-05
-1.65546e-06
-6.74164e-06
-9.48135e-06
-1.11305e-05
-9.50084e-06
-9.33929e-06
6.40645e-05
-1.29273e-05
6.43338e-05
-1.73806e-05
7.47387e-05
-1.83865e-05
8.12047e-05
-1.71106e-05
8.47482e-05
-1.38613e-05
8.68279e-05
-1.06847e-05
8.77372e-05
-8.41169e-06
8.7705e-05
-6.42195e-06
8.81157e-05
-4.94137e-06
8.83872e-05
-3.73665e-06
8.89406e-05
-2.76244e-06
8.91855e-05
8.97265e-05
-1.95965e-06
-1.662e-05
-1.96106e-05
6.73244e-05
-1.99731e-05
7.51013e-05
-1.9083e-05
8.03146e-05
-1.71383e-05
8.28035e-05
-1.3992e-05
8.36817e-05
-1.05889e-05
8.43341e-05
-8.26109e-06
8.53772e-05
-6.20465e-06
8.60592e-05
-4.683e-06
8.68656e-05
-3.42142e-06
8.7679e-05
-2.49128e-06
-1.73674e-06
-2.25422e-05
6.8848e-05
-2.11352e-05
7.36943e-05
-1.80634e-05
7.72428e-05
-1.45869e-05
7.93269e-05
-1.13977e-05
-8.10035e-06
-5.98677e-06
-4.21579e-06
-2.98789e-06
-2.1133e-05
-2.01808e-05
-1.67881e-05
3.61734e-05
-1.05161e-07
3.61928e-05
1.41534e-07
-1.60891e-07
3.61554e-05
-1.98919e-07
3.60818e-05
2.72413e-07
-1.98815e-07
3.59505e-05
-2.21061e-07
3.57826e-05
4.14162e-07
-2.46297e-07
3.56075e-05
-2.48216e-07
3.54199e-05
4.33741e-07
-2.46091e-07
3.52095e-05
-2.46567e-07
3.4973e-05
4.7591e-07
-2.39433e-07
3.47129e-05
-2.31099e-07
3.44453e-05
4.90904e-07
-2.23339e-07
3.41655e-05
-2.09589e-07
3.38614e-05
4.96235e-07
-1.92082e-07
3.35378e-05
-1.72452e-07
3.31976e-05
4.91416e-07
-1.5119e-07
3.28327e-05
-1.35412e-07
3.24487e-05
5.04175e-07
-1.20205e-07
3.20442e-05
-1.04362e-07
3.16174e-05
5.18164e-07
-9.13614e-08
3.11688e-05
-7.66839e-08
3.07035e-05
5.24679e-07
-5.93228e-08
3.02224e-05
-4.43422e-08
2.9737e-05
5.17512e-07
-3.21102e-08
2.92679e-05
-1.55476e-08
2.88166e-05
4.49364e-07
1.93983e-09
2.83762e-05
1.58604e-08
2.79665e-05
3.85991e-07
2.37238e-08
2.75964e-05
2.81225e-08
2.72768e-05
2.85017e-07
3.45927e-08
2.7016e-05
3.89272e-08
2.6809e-05
1.64765e-07
4.22273e-08
2.66597e-05
4.32478e-08
2.65791e-05
3.43917e-08
4.61492e-08
2.65628e-05
5.45123e-08
2.65845e-05
-8.57699e-08
6.40772e-08
2.66423e-05
6.46555e-08
2.67212e-05
-1.40446e-07
6.15277e-08
2.67962e-05
5.88118e-08
2.68475e-05
-1.03958e-07
5.26553e-08
2.68667e-05
4.25397e-08
-2.85525e-08
3.59834e-08
4.73236e-05
-2.30455e-09
-9.93523e-08
4.74253e-05
4.7374e-05
1.72068e-07
4.74389e-05
2.78812e-06
3.16409e-06
-6.87436e-06
-1.15828e-05
5.14884e-06
-4.01926e-06
5.40489e-07
2.50508e-06
4.75474e-05
-2.32761e-07
1.68618e-07
4.76115e-05
4.76179e-05
-1.31157e-07
4.74854e-05
4.76594e-05
-3.93844e-07
3.07364e-07
4.77459e-05
4.76547e-05
-2.55767e-07
4.77e-05
4.78522e-05
-4.20425e-07
3.54802e-07
4.79178e-05
4.79207e-05
-4.01331e-07
4.79029e-05
4.80002e-05
-4.93329e-07
4.7168e-07
4.80218e-05
4.80864e-05
-5.52822e-07
4.80065e-05
4.80647e-05
-5.3288e-07
5.3331e-07
4.80642e-05
4.81279e-05
-6.71399e-07
4.80017e-05
4.81044e-05
-5.61029e-07
5.6621e-07
4.80993e-05
4.81209e-05
-6.93101e-07
4.80304e-05
4.80979e-05
-5.93386e-07
6.10139e-07
4.80812e-05
4.81395e-05
-7.51457e-07
4.80599e-05
4.80814e-05
-6.32271e-07
6.60415e-07
4.80532e-05
4.81523e-05
-7.64114e-07
4.80693e-05
4.80243e-05
-6.811e-07
7.34519e-07
4.79709e-05
4.81443e-05
-8.43894e-07
4.80873e-05
4.79049e-05
-7.38028e-07
8.42774e-07
4.78002e-05
4.81054e-05
-9.9076e-07
4.80207e-05
4.76887e-05
-7.87007e-07
9.27885e-07
4.75479e-05
4.79038e-05
-1.18918e-06
4.76411e-05
4.73093e-05
-8.15914e-07
1.05303e-06
4.70722e-05
4.74787e-05
-1.31132e-06
4.72005e-05
4.68265e-05
-7.28116e-07
1.00768e-06
4.65469e-05
4.69981e-05
-1.27991e-06
4.67062e-05
4.62604e-05
-6.13426e-07
8.95844e-07
4.5978e-05
4.65052e-05
-1.2063e-06
4.62246e-05
4.57059e-05
-4.78506e-07
7.8184e-07
4.54025e-05
4.59603e-05
-1.11594e-06
4.56218e-05
4.50908e-05
-2.66858e-07
5.6763e-07
4.479e-05
4.53144e-05
-8.78045e-07
4.48593e-05
4.45242e-05
-8.18381e-08
3.30222e-07
4.42758e-05
4.4587e-05
-6.00909e-07
4.42341e-05
4.40786e-05
1.01768e-07
1.14698e-08
4.39654e-05
4.41625e-05
-1.75206e-07
4.40284e-05
4.39393e-05
1.49915e-07
-1.64396e-07
4.39537e-05
4.40131e-05
1.7779e-07
4.39638e-05
4.39943e-05
1.39361e-07
-2.29169e-07
4.40356e-05
3.27889e-07
-3.59635e-08
4.18544e-06
1.69796e-06
-5.0709e-08
4.13099e-06
1.64725e-06
-8.32085e-08
-4.03811e-06
3.9224e-06
-1.57923e-06
1.49602e-06
-8.29085e-08
-3.8041e-06
3.66595e-06
-1.41551e-06
1.3326e-06
-8.90954e-08
-3.51036e-06
3.35124e-06
-1.24189e-06
1.1528e-06
-8.43788e-08
-3.1902e-06
3.02801e-06
-1.06775e-06
9.83367e-07
-7.62303e-08
-2.86907e-06
2.7142e-06
-9.02874e-07
8.26644e-07
-6.86533e-08
-2.56442e-06
2.42349e-06
-7.5308e-07
6.84426e-07
-5.42693e-08
-2.29356e-06
2.17538e-06
-6.22273e-07
5.68003e-07
-3.99299e-08
-2.06985e-06
1.97437e-06
-5.22342e-07
4.82413e-07
-2.91612e-08
-1.88887e-06
1.81367e-06
-4.47704e-07
4.18543e-07
-2.06828e-08
-1.74761e-06
1.69161e-06
-3.93236e-07
3.72554e-07
-9.72228e-09
-1.64704e-06
1.61242e-06
-3.57806e-07
3.48084e-07
-8.77963e-10
-1.5863e-06
1.57163e-06
-3.42093e-07
3.41215e-07
9.97034e-09
-1.56873e-06
1.57462e-06
-3.46048e-07
3.56018e-07
1.21272e-08
-1.58667e-06
1.60267e-06
-3.67692e-07
3.79819e-07
1.57303e-08
-1.62289e-06
1.64609e-06
-3.94189e-07
4.09919e-07
1.63289e-08
-1.67185e-06
1.69877e-06
-4.2639e-07
4.42718e-07
2.02612e-08
-1.72822e-06
1.76247e-06
-4.59417e-07
4.79678e-07
2.60639e-08
-1.8014e-06
1.83999e-06
-5.04828e-07
5.30892e-07
2.50902e-08
-1.87624e-06
1.90996e-06
-5.56164e-07
5.81254e-07
2.00242e-08
-1.93914e-06
1.96166e-06
-6.04729e-07
6.24753e-07
-6.80195e-08
-8.05139e-08
-9.07048e-08
-8.5051e-08
-8.04928e-08
-7.35643e-08
-6.21536e-08
-4.56611e-08
-3.4708e-08
-2.53069e-08
-1.47477e-08
-5.99072e-09
4.83306e-09
1.16737e-08
1.43698e-08
1.64702e-08
1.66985e-08
2.51498e-08
2.52722e-08
2.34745e-08
1.83175e-08
-1.4939e-06
9.32209e-05
9.33948e-05
-1.60089e-06
9.26338e-05
9.30203e-05
-1.4632e-06
9.17979e-05
9.26523e-05
-1.40412e-06
9.16392e-05
-9.93191e-07
9.22414e-05
-2.90225e-07
9.29893e-05
-4.63672e-07
-2.76595e-07
4.66745e-05
3.07003e-05
2.37992e-07
-3.59809e-08
-9.54771e-07
9.15305e-05
-9.15248e-07
9.22019e-05
-2.89546e-07
9.28433e-05
-4.7967e-07
-4.65865e-05
-2.50445e-07
4.65474e-05
-3.05053e-05
3.03145e-05
2.15644e-07
-2.48984e-08
-7.64876e-07
-7.82224e-07
9.22192e-05
-2.94593e-07
-4.20621e-07
9.27763e-05
-4.64495e-05
-2.84355e-07
4.64392e-05
-3.01205e-05
2.9912e-05
2.28383e-07
-1.99055e-08
2.26572e-07
-3.15939e-08
2.1605e-07
-2.20361e-08
2.28017e-07
-1.80655e-08
2.97021e-05
4.48313e-05
3.75635e-07
4.46822e-05
4.46474e-05
3.81793e-07
4.44817e-05
4.44257e-05
3.6009e-07
4.42936e-05
4.63787e-05
-9.01205e-09
2.08856e-06
6.01191e-07
-4.64217e-09
-2.06442e-06
2.04416e-06
-5.93737e-07
5.89095e-07
-3.05377e-09
-2.02561e-06
2.00876e-06
-5.85609e-07
5.82556e-07
-7.45351e-09
-3.48596e-09
-2.62957e-09
1.99332e-06
5.79926e-07
-1.29496e-06
9.02958e-05
-9.09605e-05
-3.28971e-07
9.08181e-05
-3.50214e-07
-9.14339e-05
-2.20707e-07
4.53121e-05
-4.54203e-05
2.62028e-05
9.58076e-08
-2.6306e-05
7.36157e-09
-1.12476e-06
8.96838e-05
-2.69728e-07
9.02534e-05
-2.90302e-07
-4.51683e-05
-1.66379e-07
4.50649e-05
-2.61197e-05
2.60543e-05
5.45706e-08
1.09041e-08
-6.43055e-07
8.93577e-05
-1.79659e-07
8.99788e-05
-1.88823e-07
-4.49143e-05
-9.5251e-08
4.48299e-05
-2.60124e-05
2.59852e-05
1.10613e-08
1.61473e-08
-2.40208e-07
8.931e-05
-9.05621e-08
8.99371e-05
-1.07904e-07
-4.47255e-05
-6.47071e-08
4.46997e-05
-2.59548e-05
2.59159e-05
2.67617e-08
1.20963e-08
-1.25852e-07
8.93615e-05
-7.48715e-08
8.9991e-05
-1.04893e-07
-4.46606e-05
-7.99261e-08
4.46656e-05
-2.58671e-05
2.57994e-05
6.04266e-08
7.24191e-09
3.00771e-08
-6.63606e-08
-8.82536e-08
-4.46602e-05
-1.09788e-07
4.47037e-05
-2.57078e-05
2.5598e-05
1.09829e-07
-3.34646e-11
7.2833e-08
1.02627e-08
2.82669e-08
1.35836e-08
1.57261e-08
1.46862e-08
3.81222e-08
1.07416e-08
8.77824e-08
3.85799e-09
1.27193e-07
-2.12574e-09
4.21583e-05
-4.22832e-05
2.06429e-07
4.20247e-05
4.19129e-05
1.39662e-07
4.18015e-05
4.17173e-05
8.4458e-08
4.16486e-05
4.16107e-05
6.88187e-08
4.158e-05
4.15605e-05
9.95095e-08
4.15487e-05
4.15488e-05
1.21332e-07
-6.8727e-07
9.2319e-05
-2.81626e-07
9.27765e-05
-4.05896e-07
-2.82281e-07
4.63794e-05
2.94893e-05
2.27234e-07
-1.44657e-08
-7.44225e-07
9.23843e-05
-3.16919e-07
9.2773e-05
-4.23802e-07
-4.63351e-05
-3.11021e-07
4.63292e-05
-2.92694e-05
2.90399e-05
2.38967e-07
-9.54946e-09
-8.42659e-07
9.23364e-05
-3.43458e-07
9.27293e-05
-4.55474e-07
-4.62858e-05
-3.26392e-07
4.62688e-05
-2.88032e-05
2.8559e-05
2.50075e-07
-5.81581e-09
-9.58288e-07
9.22252e-05
-3.7575e-07
9.26208e-05
-4.74076e-07
-4.62138e-05
-3.46282e-07
4.61844e-05
-2.83107e-05
2.80619e-05
2.53069e-07
-4.32044e-09
-1.1253e-06
9.19872e-05
-4.03915e-07
9.23869e-05
-4.87499e-07
-4.61235e-05
-3.5554e-07
4.60751e-05
-2.78152e-05
2.75741e-05
2.44348e-07
-3.2199e-09
-1.14771e-06
9.17345e-05
-4.09613e-07
9.21223e-05
-4.73451e-07
-4.59927e-05
-3.42536e-07
4.59257e-05
-2.73413e-05
2.71218e-05
2.21378e-07
-1.87525e-09
-1.08497e-06
9.14428e-05
-3.82658e-07
9.18525e-05
-4.32476e-07
-4.58227e-05
-3.02691e-07
4.57427e-05
-2.69183e-05
2.67376e-05
1.79073e-07
1.63269e-09
-1.17315e-06
-3.61432e-07
-3.9315e-07
-4.56327e-05
-2.68058e-07
4.55393e-05
-2.65737e-05
2.64322e-05
1.36412e-07
5.0768e-09
2.3211e-07
-1.21521e-08
2.44335e-07
-7.60553e-09
2.53406e-07
-5.13983e-09
2.50998e-07
-4.24278e-09
2.35637e-07
-2.85197e-09
2.04587e-07
-1.13877e-09
1.61041e-07
2.86953e-09
1.19745e-07
6.46516e-09
4.42386e-05
3.61668e-07
4.4109e-05
4.4037e-05
3.80399e-07
4.39009e-05
4.38246e-05
4.0054e-07
4.36774e-05
4.35842e-05
4.13205e-07
4.3422e-05
4.33108e-05
4.05108e-07
4.31414e-05
4.30202e-05
3.70478e-07
4.28543e-05
4.27307e-05
3.22424e-07
4.25693e-05
4.24377e-05
2.74183e-07
3.19815e-09
1.92438e-06
-1.92021e-06
5.99902e-07
-5.96704e-07
4.69959e-09
-1.93016e-06
1.93636e-06
-6.04386e-07
6.09085e-07
7.70477e-09
-1.9439e-06
1.95235e-06
-6.15126e-07
6.22831e-07
6.56166e-09
-1.95972e-06
1.96526e-06
-6.30141e-07
6.36703e-07
5.33269e-09
-1.96958e-06
1.97149e-06
-6.43121e-07
6.48454e-07
2.90846e-09
-1.97126e-06
1.96832e-06
-6.52539e-07
6.55447e-07
4.48363e-09
6.04057e-09
7.31027e-09
6.4184e-09
4.08527e-09
2.52719e-09
-1.43951e-09
1.9803e-06
5.78487e-07
1.38953e-10
-1.9688e-06
1.95912e-06
-5.77829e-07
5.77968e-07
1.27735e-09
-1.95066e-06
1.94356e-06
-5.78823e-07
5.801e-07
1.27424e-09
-1.93711e-06
1.93151e-06
-5.81413e-07
5.82687e-07
1.04127e-09
-1.92629e-06
1.92203e-06
-5.83671e-07
5.84713e-07
8.6165e-10
-1.91834e-06
1.9156e-06
-5.85551e-07
5.86412e-07
1.76162e-09
-1.91364e-06
1.91351e-06
-5.87235e-07
5.88996e-07
2.66334e-09
-1.91437e-06
1.91679e-06
-5.91002e-07
5.93665e-07
-6.57847e-10
8.55542e-10
1.31259e-09
9.84152e-10
8.37949e-10
8.22647e-10
2.0053e-09
3.0388e-09
)
;

boundaryField
{
    inlet
    {
        type            calculated;
        value           nonuniform List<scalar> 0();
    }
    outlet
    {
        type            calculated;
        value           nonuniform List<scalar> 
52
(
3.47109e-05
4.4847e-05
4.46956e-05
4.43377e-05
4.40496e-05
4.32993e-05
4.27611e-05
4.20258e-05
4.13293e-05
4.02314e-05
3.95225e-05
3.83341e-05
3.7116e-05
3.69447e-05
3.83406e-05
4.21523e-05
4.54757e-05
4.63503e-05
4.63577e-05
4.62122e-05
4.62744e-05
4.6421e-05
4.51899e-05
2.06116e-05
2.02761e-05
4.26601e-05
4.50662e-05
4.45385e-05
4.42324e-05
4.38619e-05
4.30623e-05
4.25176e-05
4.1651e-05
4.10366e-05
4.005e-05
3.9209e-05
3.79023e-05
3.67619e-05
3.73898e-05
3.93773e-05
4.33672e-05
4.59234e-05
4.63584e-05
4.63235e-05
4.62063e-05
4.63163e-05
4.65e-05
3.70835e-05
1.78069e-06
5.93636e-07
1.78923e-06
5.743e-07
)
;
    }
    wall
    {
        type            calculated;
        value           uniform 0;
    }
    empty_zmin
    {
        type            empty;
    }
    empty_zmax
    {
        type            empty;
    }
    procBoundary1to0
    {
        type            processor;
        value           nonuniform List<scalar> 
39
(
-9.65846e-05
-9.45944e-05
-9.35526e-05
-9.3348e-05
-9.20571e-05
-9.18446e-05
-9.18864e-05
-9.21478e-05
-4.6243e-05
-3.41615e-05
-4.5384e-05
-3.44097e-06
-1.3333e-06
-9.16593e-05
-9.25795e-05
-9.5524e-05
-9.58555e-05
-9.81474e-05
-9.8712e-05
-4.61363e-05
-4.69389e-05
1.31527e-06
-5.13807e-05
-3.64001e-05
3.0564e-06
1.28263e-06
-3.78483e-05
-5.03236e-05
-5.26205e-05
7.88449e-07
-1.41506e-06
-3.59639e-05
2.2385e-06
-4.98237e-05
-5.09705e-05
-4.69365e-05
-4.69167e-05
-4.21657e-06
-1.73392e-06
)
;
    }
}


// ************************************************************************* //
