/*--------------------------------*- C++ -*----------------------------------*\
| =========                 |                                                 |
| \\      /  F ield         | OpenFOAM: The Open Source CFD Toolbox           |
|  \\    /   O peration     | Version:  2406                                  |
|   \\  /    A nd           | Website:  www.openfoam.com                      |
|    \\/     M anipulation  |                                                 |
\*---------------------------------------------------------------------------*/
FoamFile
{
    version     2.0;
    format      ascii;
    arch        "LSB;label=32;scalar=64";
    class       volScalarField;
    location    "4.74";
    object      Co;
}
// * * * * * * * * * * * * * * * * * * * * * * * * * * * * * * * * * * * * * //

dimensions      [0 0 0 0 0 0 0];

internalField   nonuniform List<scalar> 
2284
(
0.0524876
0.0537545
0.0545052
0.106291
0.109147
0.0556884
0.056299
0.0556317
0.0578659
0.0603839
0.061169
0.0592277
0.0887294
0.0897215
0.109039
0.109695
0.107032
0.109337
0.111263
0.110389
0.0464557
0.0193224
0.047325
0.0197962
0.0486993
0.0486851
0.0486813
0.0486901
0.048713
0.0487425
0.0487789
0.0488278
0.0488941
0.0490078
0.0491594
0.0493984
0.0497736
0.100379
0.0858077
0.0487188
0.0487248
0.0487376
0.0487522
0.0487759
0.0488128
0.0488642
0.0489244
0.0490465
0.0492337
0.0494802
0.049838
0.100484
0.085344
0.0487491
0.048748
0.0487637
0.0487936
0.0488352
0.0488827
0.0489482
0.0490277
0.0491383
0.0492609
0.049477
0.0498575
0.100483
0.0848699
0.0855321
0.0850462
0.0846073
0.0995907
0.0994335
0.100214
0.0995629
0.0993517
0.100203
0.0995031
0.099359
0.100313
0.0491529
0.0490047
0.0488986
0.0488212
0.0487643
0.0487243
0.0991293
0.0996496
0.0493729
0.0491586
0.0490089
0.0489074
0.048835
0.048783
0.0487509
0.04873
0.0990179
0.0996465
0.049378
0.0491694
0.0490187
0.0489183
0.0488454
0.0487958
0.0487601
0.0487494
0.0989094
0.0996695
0.0493673
0.0491585
0.049015
0.0489179
0.0488489
0.048806
0.0487869
0.0487772
0.0487808
0.0487984
0.0488157
0.0488409
0.0488771
0.0489188
0.0489602
0.0490022
0.0491057
0.0492775
0.049503
0.0498703
0.100491
0.0844176
0.0988152
0.0997318
0.0493769
0.0491623
0.0490161
0.0489243
0.0488641
0.0488408
0.0488059
0.0487852
0.048784
0.0487989
0.0488345
0.0488698
0.0489107
0.0489656
0.0490451
0.0491577
0.0492687
0.0493643
0.0495433
0.0499438
0.10077
0.0840413
0.0987201
0.099759
0.049361
0.0491495
0.0489987
0.0488992
0.0488053
0.0487439
0.0487624
0.048808
0.0488483
0.0488947
0.0489096
0.048943
0.0489937
0.0490545
0.0491095
0.0491549
0.04924
0.0494079
0.0496309
0.0500125
0.100694
0.0835916
0.0986209
0.0998007
0.0493682
0.0491439
0.048989
0.0488915
0.0488594
0.0488494
0.0487886
0.0487715
0.0487747
0.0488079
0.0489119
0.0490006
0.0490545
0.049105
0.0491843
0.0492871
0.0493728
0.0494477
0.0496259
0.0500923
0.100995
0.0832527
0.0985245
0.099813
0.0493719
0.0491338
0.0489768
0.0488876
0.0488021
0.048777
0.0488501
0.0489204
0.0490001
0.0490233
0.0490031
0.0490362
0.0491122
0.0491923
0.0492684
0.0493516
0.0494944
0.0496976
0.0498922
0.0502535
0.101035
0.082915
0.0984922
0.0998353
0.049357
0.0490943
0.0489351
0.048835
0.0487998
0.0487963
0.0487656
0.0488472
0.0489472
0.0489736
0.0490796
0.0491724
0.049219
0.0493075
0.0493957
0.0494795
0.0495116
0.0495528
0.0497485
0.0502542
0.101308
0.0826417
0.0985083
0.100087
0.0494085
0.0491083
0.0489271
0.0488004
0.0487147
0.0487873
0.0489959
0.049157
0.0492189
0.0492448
0.0492701
0.0493658
0.0494054
0.0494463
0.0495168
0.0496373
0.0498134
0.049985
0.050071
0.0504157
0.101656
0.0824296
0.0984201
0.100069
0.0494765
0.0491793
0.0489895
0.0488298
0.0488072
0.0488793
0.0489332
0.0490689
0.0490997
0.0492289
0.0494599
0.0495887
0.0496671
0.0496788
0.0496857
0.0497412
0.0497532
0.0497551
0.0499454
0.0505031
0.101645
0.0821963
0.0983943
0.100098
0.0495045
0.0491781
0.0490384
0.0490132
0.0491093
0.0491127
0.049195
0.0493751
0.0496277
0.050044
0.0500539
0.0500146
0.0500908
0.0501101
0.050104
0.050009
0.0499028
0.0499465
0.0500825
0.0505971
0.102061
0.0821306
0.0984596
0.100379
0.0495939
0.0491529
0.0489746
0.0490973
0.0491742
0.0492522
0.049479
0.049519
0.0493163
0.0493059
0.0497754
0.0502638
0.0504498
0.0503798
0.0499997
0.0497378
0.0498488
0.0500808
0.0503884
0.0508657
0.102191
0.0820653
0.0985364
0.100509
0.0497589
0.0493342
0.0491468
0.0492052
0.0492762
0.0494249
0.0497389
0.0497489
0.0497316
0.0496727
0.0495754
0.0498926
0.0500543
0.0499989
0.0500555
0.0500895
0.0501296
0.0502016
0.050404
0.0509537
0.102436
0.0821418
0.0987828
0.10089
0.0500452
0.0496319
0.0493293
0.0491311
0.0492279
0.0492412
0.0491686
0.0492099
0.049097
0.0491874
0.0492694
0.0491473
0.0492865
0.0496412
0.0498948
0.0500878
0.0503276
0.050593
0.0508597
0.0512744
0.102745
0.082318
0.0992333
0.101027
0.0501678
0.0495794
0.0493539
0.0491595
0.0488836
0.0486323
0.0486711
0.0488523
0.0490348
0.049229
0.0491972
0.0492946
0.0496444
0.050096
0.050462
0.0506089
0.0506977
0.0508686
0.0510935
0.0515132
0.103052
0.0826185
0.0998986
0.10177
0.0502806
0.0498282
0.0493808
0.0487759
0.048359
0.0479082
0.0474767
0.0477367
0.0478475
0.0481271
0.0489166
0.0495635
0.0498056
0.0498635
0.0500983
0.0506464
0.0510967
0.0513875
0.0515784
0.0518399
0.103296
0.0830581
0.100796
0.102277
0.0512028
0.050506
0.0497742
0.0492261
0.0488751
0.0481147
0.0469492
0.0470703
0.0483924
0.0495852
0.0499807
0.0504302
0.0510395
0.0510447
0.0505827
0.0509665
0.0517453
0.0520132
0.0521433
0.0522833
0.103805
0.0835791
0.10217
0.103924
0.051734
0.0502532
0.0493294
0.0495591
0.0490979
0.0477326
0.0465787
0.0459544
0.0466619
0.0482757
0.0503934
0.0513909
0.0521026
0.0534348
0.0538662
0.0534741
0.0533151
0.0529758
0.0527542
0.0527583
0.104686
0.0842942
0.103525
0.105712
0.0533558
0.0534227
0.0539016
0.0530586
0.0508873
0.0488024
0.0459094
0.0444114
0.0471747
0.0498279
0.0519898
0.0525759
0.052928
0.0531217
0.0531318
0.0532224
0.0531973
0.053213
0.053165
0.0531679
0.105433
0.0849471
0.104772
0.10719
0.0544102
0.0545164
0.0540504
0.0539928
0.0531227
0.0549533
0.0549976
0.0549947
0.0544964
0.0539818
0.0536238
0.0535245
0.106254
0.0857027
0.0551564
0.0549587
0.0548562
0.0543984
0.0542656
0.0541314
0.0539982
0.106965
0.0864542
0.0567306
0.0563084
0.0560953
0.0552589
0.054663
0.0543779
0.0543129
0.107854
0.0871406
0.0586494
0.0574512
0.0565019
0.055703
0.0554131
0.0551176
0.054868
0.108761
0.0878658
0.0579592
0.0567315
0.0557505
0.0553819
0.055129
0.0550398
0.109479
0.0884187
0.0847121
0.084411
0.0841514
0.0838674
0.0835971
0.0833211
0.0841684
0.0830585
0.0827837
0.0837459
0.0825375
0.0822683
0.0833688
0.0820278
0.0817756
0.082999
0.0815424
0.0813132
0.0827204
0.0811339
0.0809153
0.0824811
0.0807326
0.0805288
0.0822475
0.0803878
0.080232
0.0821395
0.0801225
0.0800205
0.0820926
0.0799716
0.0799237
0.0821387
0.0799999
0.0800667
0.0823067
0.080193
0.0803937
0.0825664
0.0805829
0.0809555
0.082927
0.0812394
0.0817408
0.0833912
0.0822507
0.0828647
0.0839693
0.0836459
0.084245
0.0846636
0.0852264
0.0859273
0.0853327
0.086855
0.0878561
0.086112
0.0868417
0.0875126
0.0881688
0.0886332
0.100101
0.100043
0.0990326
0.0991473
0.0991981
0.0996269
0.100082
0.100071
0.0989541
0.099152
0.0992177
0.0996538
0.100081
0.100056
0.0988475
0.099178
0.0991701
0.099637
0.0994516
0.0992922
0.100365
0.100102
0.100034
0.0987329
0.0992632
0.0991166
0.0996091
0.0995458
0.0992478
0.100398
0.100106
0.100031
0.0986376
0.0993002
0.0990549
0.09959
0.0994501
0.0993015
0.100642
0.100107
0.100041
0.0985466
0.099391
0.0990132
0.0995717
0.0995318
0.0993629
0.100854
0.100106
0.0999969
0.0984222
0.0993813
0.0991083
0.0995914
0.0995341
0.0994964
0.101219
0.100143
0.100053
0.0984153
0.0993364
0.0992347
0.0996971
0.0996524
0.099586
0.101284
0.100362
0.100127
0.0983291
0.0995369
0.0991972
0.09975
0.0998553
0.0996745
0.101522
0.100328
0.100195
0.0983218
0.0995812
0.0994213
0.0998939
0.099773
0.0998913
0.101872
0.100376
0.100228
0.0982935
0.0996148
0.0995597
0.100031
0.100084
0.100162
0.102176
0.100527
0.100438
0.0984079
0.099942
0.100047
0.100337
0.100196
0.100418
0.102589
0.100584
0.100818
0.098707
0.100266
0.100423
0.100836
0.100428
0.100815
0.10298
0.100856
0.101329
0.0991339
0.100444
0.101006
0.101261
0.100743
0.101238
0.103544
0.101292
0.102142
0.0998542
0.100632
0.102128
0.102298
0.101091
0.101787
0.104151
0.101895
0.102675
0.100433
0.10106
0.102089
0.102716
0.101533
0.102305
0.104701
0.102988
0.104022
0.101464
0.101262
0.104547
0.104424
0.101963
0.102926
0.105478
0.104505
0.10525
0.102621
0.102934
0.105988
0.105809
0.102741
0.103595
0.106148
0.106044
0.106662
0.103961
0.105274
0.107634
0.107309
0.103396
0.104241
0.106888
0.10734
0.108235
0.10553
0.106791
0.109297
0.108834
0.104166
0.104902
0.107428
0.104861
0.105622
0.108293
0.105621
0.106284
0.108861
0.106436
0.106959
0.109588
0.107089
0.107486
0.110015
0.0310022
0.0104949
0.0309837
0.0105129
0.0309293
0.0105226
0.0309684
0.0105129
0.0309753
0.0105226
0.0309321
0.0105518
0.0309131
0.0105518
0.03098
0.0106085
0.0309511
0.0106452
0.0310572
0.0107171
0.0311569
0.0108212
0.0313701
0.0109399
0.0315634
0.0110804
0.0322096
0.0113858
0.0324009
0.011555
0.0330656
0.0118641
0.0336896
0.012231
0.0342644
0.0125877
0.035027
0.0129601
0.0358932
0.0134756
0.0365173
0.0138429
0.0375697
0.0142912
0.0382112
0.0147755
0.0388523
0.0150213
0.0396377
0.0154305
0.0397845
0.0156176
0.039971
0.0155937
0.0400202
0.0156013
0.0310056
0.0106085
0.0310341
0.0106407
0.0310896
0.0107171
0.0312621
0.010809
0.0313362
0.0108957
0.0316459
0.0110778
0.0319252
0.0111999
0.0323317
0.0115111
0.0328057
0.011711
0.0334454
0.0120634
0.0340896
0.0124511
0.034714
0.0127902
0.035598
0.0132407
0.0362373
0.0136851
0.0369956
0.0140198
0.0380035
0.0145889
0.0384747
0.0149022
0.0393458
0.0152323
0.0398051
0.0155833
0.0398705
0.0156176
0.0399957
0.0156013
0.0400699
0.0155692
0.0302253
0.0101154
0.0300638
0.0100742
0.0299028
0.0100319
0.029766
0.0100027
0.0296436
0.00998437
0.0295335
0.00997758
0.0294925
0.0100049
0.0295914
0.0100738
0.0298495
0.0102147
0.0302363
0.0104327
0.0307586
0.0107084
0.0313797
0.0110689
0.0322658
0.0115434
0.0333491
0.0121197
0.0346386
0.0128394
0.0361741
0.0136984
0.0379992
0.0146812
0.0401514
0.0158449
0.0422619
0.0169915
0.0442975
0.0181131
0.0301157
0.0100861
0.0299775
0.010052
0.029826
0.0100161
0.0296811
0.00998655
0.0295662
0.0099773
0.0295041
0.00999561
0.0295987
0.0100579
0.0297948
0.0101588
0.0301033
0.010334
0.0304994
0.0105636
0.0311055
0.0108958
0.0317938
0.011283
0.032751
0.0118004
0.033998
0.0124803
0.0354469
0.0132813
0.0370435
0.0141666
0.0389442
0.0151942
0.0409782
0.0163524
0.0432324
0.0175812
0.0456081
0.0188065
0.0486184
0.0486283
0.0486505
0.0486856
0.0487467
0.0488325
0.0489716
0.049124
0.0493637
0.0497348
0.100314
0.0868254
0.0486523
0.0486666
0.0486948
0.0487336
0.0487859
0.0488629
0.0490136
0.0492055
0.0494712
0.0498055
0.100384
0.0863011
0.0865179
0.0860185
0.0996898
0.0995444
0.100164
0.09964
0.099485
0.100175
0.0992179
0.0996273
0.0493623
0.0852734
0.0849737
0.100084
0.100047
0.0991405
0.0991262
0.0991888
0.0996103
0.0311502
0.010485
0.0310574
0.0104811
0.0310649
0.0104811
0.031014
0.0104949
0.0303757
0.0101542
0.0302712
0.0101271
0.0934577
0.0945924
0.0950023
0.0954512
0.095692
0.0958441
0.0959417
0.0959985
0.0960323
0.0960518
0.096059
0.0960646
0.0960647
0.0960585
0.0960443
0.0960189
0.0959773
0.0959087
0.0957953
0.0956377
0.0953305
0.0948822
0.0943854
0.0955374
0.0937422
0.0929221
0.0939871
0.0948226
0.0952686
0.0955446
0.095708
0.0958073
0.0958687
0.0959039
0.0959206
0.0959313
0.0959283
0.0959218
0.0958991
0.0958615
0.0957928
0.0956832
0.0955043
0.0951591
0.0946512
0.0937417
0.092948
0.0953756
0.0985681
0.0952555
0.0469833
0.0470286
0.0472526
0.04742
0.0475384
0.0476198
0.0476746
0.0477102
0.0477281
0.0477358
0.0477349
0.0477164
0.0476812
0.0476266
0.0475463
0.0474305
0.0472689
0.0470579
0.046918
0.0474896
0.0960367
0.100078
0.100495
0.0975394
0.0479255
0.0474508
0.0473913
0.047478
0.0475569
0.0476197
0.0476655
0.0476944
0.0477135
0.0477219
0.047721
0.0477102
0.0476856
0.0476458
0.0475884
0.0475146
0.0474168
0.0474496
0.0478474
0.0486985
0.0986162
0.100663
0.100866
0.0986424
0.0485127
0.0479515
0.047646
0.047566
0.047582
0.0476127
0.0476447
0.047668
0.0476865
0.0476976
0.0476967
0.0476833
0.0476572
0.0476222
0.047592
0.0475783
0.0476557
0.0479566
0.0484845
0.0492129
0.0996104
0.099693
0.10094
0.0991295
0.0488281
0.0483385
0.0479727
0.047752
0.0476767
0.0476683
0.0476742
0.0476852
0.0476948
0.0476974
0.0476953
0.0476928
0.0476846
0.047675
0.0476628
0.0477197
0.0479365
0.0482794
0.0487239
0.0493791
0.0999555
0.0986168
0.100985
0.0993934
0.049009
0.0485789
0.048246
0.0479829
0.0478166
0.0477515
0.0477336
0.0477253
0.0477243
0.0477262
0.0477227
0.0477196
0.0477307
0.0477592
0.0478321
0.0480038
0.0482618
0.0485954
0.0490173
0.049577
0.100222
0.0975285
0.100981
0.0995795
0.049128
0.048732
0.0484373
0.0481921
0.0479945
0.047864
0.0478085
0.0477896
0.0477799
0.0477749
0.0477755
0.0477828
0.0477964
0.0478326
0.047938
0.0481274
0.0483777
0.0486733
0.0490531
0.0496179
0.100371
0.0964262
0.100906
0.0997084
0.0492202
0.0488381
0.0485643
0.0483428
0.0481574
0.0480086
0.0479097
0.0478664
0.0478514
0.0478474
0.0478471
0.0478521
0.0478939
0.0480065
0.0481725
0.0483722
0.0485952
0.04887
0.0492398
0.0497283
0.10049
0.0953159
0.10077
0.099765
0.0492843
0.0489208
0.0486623
0.0484599
0.0482885
0.048146
0.0480307
0.0479552
0.0479247
0.0479163
0.0479173
0.0479393
0.0480051
0.04811
0.04824
0.0483966
0.048601
0.0488773
0.0492451
0.0497326
0.1005
0.0942063
0.100652
0.0997603
0.0493236
0.0489811
0.0487328
0.0485418
0.0483874
0.0482584
0.0481541
0.0480717
0.048022
0.048012
0.0480247
0.0480506
0.048111
0.0482203
0.0483656
0.0485432
0.0487393
0.0489811
0.0493182
0.0497515
0.100443
0.0931467
0.100471
0.099721
0.0493376
0.0490294
0.0487971
0.048614
0.0484694
0.0483515
0.048255
0.0481814
0.0481292
0.0481067
0.0481099
0.0481465
0.0482254
0.0483269
0.0484434
0.0485798
0.0487674
0.0490263
0.0493615
0.0497605
0.100412
0.0921438
0.100286
0.0996788
0.0493355
0.0490531
0.0488374
0.0486674
0.0485331
0.0484259
0.0483393
0.0482712
0.0482248
0.0482038
0.0482059
0.0482286
0.0482843
0.0483689
0.0484826
0.0486367
0.0488108
0.0490153
0.0493235
0.049717
0.100328
0.0912511
0.100132
0.0996502
0.0493335
0.0490773
0.0488772
0.0487158
0.0485889
0.0484893
0.0484124
0.0483544
0.0483146
0.048292
0.0482885
0.0483046
0.0483589
0.0484545
0.0485695
0.0487005
0.0488881
0.0491204
0.0494028
0.0497412
0.100298
0.0904548
0.0999814
0.0996287
0.0493285
0.0490847
0.048902
0.0487546
0.0486362
0.0485438
0.0484729
0.0484198
0.048383
0.0483645
0.0483599
0.0483703
0.0484165
0.0484903
0.0485875
0.0487197
0.0488696
0.0490375
0.0493231
0.0497064
0.100254
0.0897495
0.0998524
0.0996143
0.0493305
0.049096
0.0489224
0.0487846
0.0486745
0.048588
0.0485212
0.048473
0.0484412
0.0484212
0.0484191
0.0484326
0.0484653
0.0485319
0.0486403
0.0487616
0.0489397
0.0491436
0.0493905
0.049724
0.100219
0.0890855
0.099727
0.0996015
0.0493346
0.0491058
0.0489389
0.0488121
0.0487107
0.0486305
0.0485718
0.0485278
0.0484984
0.0484858
0.0484837
0.0484898
0.0485147
0.0485749
0.0486741
0.0487869
0.0489339
0.0490952
0.049367
0.0497338
0.10022
0.0884679
0.0996123
0.0995988
0.0493381
0.0491154
0.0489542
0.0488329
0.0487388
0.0486646
0.0486074
0.0485692
0.0485452
0.04853
0.0485272
0.0485358
0.0485591
0.0486067
0.0486955
0.0488023
0.0489538
0.0491209
0.0493575
0.0497132
0.1002
0.0878908
0.0995026
0.0995866
0.0493539
0.0491317
0.0489692
0.0488538
0.0487641
0.0486953
0.0486439
0.0486049
0.04858
0.0485716
0.0485764
0.0485885
0.0486164
0.0486487
0.0487227
0.0488233
0.048973
0.0491557
0.0494219
0.0497682
0.100274
0.0873485
0.0486746
0.0486441
0.0486252
0.0486147
0.048702
0.0486712
0.0486518
0.0486468
0.109256
0.105693
0.111257
0.105024
0.105139
0.105165
0.10506
0.105314
0.105241
0.105406
0.105366
0.105455
0.105434
0.105479
0.105469
0.105492
0.105486
0.105498
0.105496
0.105502
0.1055
0.105509
0.105505
0.105499
0.105504
0.105501
0.105501
0.105499
0.1055
0.105497
0.105499
0.10549
0.105494
0.105476
0.105484
0.105443
0.105464
0.105386
0.105417
0.10528
0.105345
0.10509
0.105195
0.105098
0.105003
0.11131
0.105743
0.109254
0.0955393
0.0920637
0.0920811
0.0953639
0.0983363
0.0983323
0.100073
0.100715
0.100732
0.10062
0.100178
0.100215
0.0996314
0.0991066
0.0991584
0.0985604
0.0980377
0.0980886
0.0974815
0.0969406
0.0969867
0.0963646
0.0958119
0.095877
0.0952301
0.094685
0.0947603
0.094121
0.0935884
0.0936737
0.09306
0.092532
0.0926216
0.0920477
0.0915751
0.0916721
0.0911373
0.090714
0.0908294
0.0903223
0.0899372
0.0900788
0.0895829
0.0892207
0.0893993
0.0888804
0.0885445
0.0887545
0.0882264
0.0879082
0.088164
0.0876064
0.0872957
0.0875888
0.087006
0.0867018
0.0870465
0.0944833
0.0925569
0.0912261
0.0947254
0.0941705
0.0934981
0.0952835
0.0948535
0.0945197
0.0955946
0.0952924
0.0950737
0.0957774
0.0955663
0.0954301
0.0959035
0.095758
0.0956628
0.0959763
0.0958645
0.0958082
0.0960193
0.0959274
0.0958925
0.096045
0.0959653
0.0959429
0.0960583
0.095989
0.0959741
0.0960601
0.0959984
0.0959933
0.0960687
0.0959937
0.0959944
0.0960597
0.0959852
0.0959922
0.0960512
0.0959685
0.0959812
0.0960309
0.0959423
0.0959632
0.0959987
0.0958976
0.0959301
0.0959436
0.095825
0.0958757
0.0958573
0.0956944
0.0957836
0.0957177
0.0954623
0.0956043
0.095505
0.0951021
0.0953156
0.0951138
0.0945634
0.0948851
0.0946242
0.0935375
0.0941567
0.0933809
0.0913386
0.0927738
0.0928524
0.0949037
0.0965707
0.0934343
0.0936245
0.0938412
0.0945644
0.0946234
0.0940892
0.0950972
0.0951639
0.0948681
0.0954561
0.0954454
0.0952444
0.0956634
0.0956269
0.0954775
0.0957842
0.0957389
0.095637
0.0958577
0.0958086
0.0957381
0.0959013
0.0958514
0.0958024
0.0959235
0.0958778
0.0958435
0.095932
0.0958898
0.0958707
0.0959325
0.0958738
0.0958781
0.0959189
0.0958613
0.0958708
0.0959034
0.0958359
0.095866
0.0958681
0.0957979
0.0958451
0.095812
0.0957336
0.0958058
0.0957193
0.0956453
0.0957416
0.095574
0.0955039
0.0956436
0.0953224
0.095287
0.0954837
0.0949088
0.0949641
0.0952501
0.0942231
0.0943857
0.0947923
0.09298
0.0941031
0.0941884
0.0938345
0.0964545
0.0947387
0.0966752
0.0980445
0.0998753
0.093839
0.0958221
0.096631
0.0985112
0.0998618
0.0983206
0.0988772
0.0994737
0.100804
0.0961952
0.0976505
0.0982933
0.100518
0.100842
0.0997883
0.0997266
0.0999735
0.10095
0.0975213
0.0984721
0.0990168
0.100925
0.101001
0.100233
0.100049
0.10021
0.101004
0.0981902
0.0988539
0.0993445
0.101001
0.101063
0.10041
0.100255
0.100384
0.101031
0.0985754
0.0990787
0.0995571
0.101042
0.10108
0.100533
0.1004
0.1005
0.100997
0.0988234
0.0992289
0.0997123
0.101041
0.101037
0.100621
0.100484
0.100553
0.100884
0.0990089
0.0993228
0.099794
0.100972
0.100938
0.100661
0.100503
0.100498
0.100718
0.0991167
0.0993617
0.0998078
0.100842
0.100792
0.100604
0.100451
0.100448
0.100566
0.0991609
0.0993517
0.0997811
0.100714
0.100628
0.100543
0.100391
0.100392
0.100388
0.0991547
0.0993131
0.0997363
0.100536
0.100453
0.100473
0.10033
0.100309
0.10021
0.0991436
0.0992748
0.0996888
0.100363
0.100283
0.100407
0.100271
0.100247
0.100046
0.0991276
0.0992433
0.0996601
0.1002
0.100138
0.100357
0.100215
0.100195
0.0999141
0.0991196
0.099221
0.0996385
0.100074
0.100014
0.100298
0.100168
0.100153
0.0997875
0.0991163
0.0992041
0.0996213
0.0999649
0.0999097
0.100262
0.10013
0.100126
0.0996677
0.0991193
0.0991824
0.0996077
0.0998709
0.0998244
0.100263
0.100107
0.100107
0.0995537
0.0991137
0.0991856
0.0996068
0.0997852
0.0997252
0.100225
0.10008
0.100092
0.0994544
0.0991118
0.0992023
0.0996161
0.0997347
0.0996375
0.100202
0.099407
0.0995875
0.0493471
0.0491307
0.0489798
0.0488691
0.048787
0.048722
0.0993085
0.0996068
0.0493698
0.0491523
0.048995
0.0488853
0.0488059
0.048746
0.0864195
0.0861184
0.0858405
0.0855443
0.100072
0.100078
0.0993535
0.0990951
0.0991836
0.0996131
0.100069
0.100068
0.0992519
0.0991283
0.0991894
0.0996159
0.105516
0.0851982
0.0983587
0.0615754
0.0934137
0.0447048
0.0813515
0.0315789
0.0706237
0.0250318
0.0622453
0.0214168
0.0551681
0.0188919
0.049224
0.0168915
0.0443408
0.0152175
0.0403991
0.0138065
0.0373898
0.0126739
0.0352599
0.0118381
0.0337914
0.0112639
0.0328036
0.0109003
0.0321796
0.0106922
0.0317716
0.0105714
0.0315189
0.0105175
0.0313556
0.0104925
0.0312369
0.0104847
0.106996
0.0982877
0.0989115
0.0704846
0.0972329
0.0532158
0.0876139
0.0371701
0.0755244
0.0277173
0.0662245
0.0230149
0.0585624
0.0200718
0.0520344
0.0178371
0.0466411
0.0160153
0.0422299
0.014472
0.0387747
0.0132066
0.0362009
0.012213
0.034428
0.0115143
0.0332203
0.0110528
0.032423
0.0107735
0.0319231
0.0106149
0.0315983
0.01053
0.0314095
0.0104992
0.0312536
0.0104847
0.0311467
0.010485
0.105505
0.0851893
0.0983562
0.0615591
0.0933717
0.0446642
0.0812672
0.0315339
0.0705784
0.0250164
0.0622102
0.0213993
0.0551188
0.0188583
0.0491231
0.0168272
0.0441899
0.0151412
0.0402611
0.0137433
0.0372587
0.0126134
0.0351344
0.0117738
0.033645
0.0111847
0.0326307
0.0108017
0.0319617
0.0105689
0.0315169
0.0104284
0.0312137
0.0103455
0.0309964
0.0102946
0.0308244
0.0102583
0.107005
0.0982877
0.0989154
0.0704786
0.0972288
0.0531939
0.0875856
0.037133
0.0754849
0.0276969
0.0662037
0.0230048
0.0585191
0.0200443
0.0519836
0.0177928
0.0465238
0.0159458
0.0420997
0.0144064
0.0386429
0.0131437
0.0360883
0.0121546
0.0343138
0.0114491
0.0330751
0.0109681
0.0322482
0.0106671
0.031709
0.0104882
0.031341
0.0103791
0.0310851
0.010314
0.0308913
0.0102717
0.0307292
0.0102374
0.0306718
0.0102256
0.0305214
0.0101903
0.0305797
0.0102039
0.0304295
0.0101681
0.0507626
0.0461724
0.0418048
0.0446957
0.0482117
0.0560739
0.0556528
0.0554991
0.107782
0.0945908
0.074065
0.0871927
0.105617
0.0551032
0.0558538
0.107703
0.11086
0.0560707
0.0567975
0.0569974
0.0576149
0.0594502
0.116591
0.116827
0.058975
0.0736018
0.119404
0.118471
0.0594786
0.109231
0.112508
0.0569684
0.0584069
0.0602129
0.0612235
0.0635367
0.126804
0.120012
0.136677
0.133109
0.0626615
0.110233
0.113752
0.0583579
0.0592585
0.0609802
0.0628796
0.0653595
0.132702
0.113295
0.12038
0.133901
0.0634297
0.111102
0.114626
0.0905305
0.0913438
0.0913005
0.126959
0.0506789
0.110254
0.120488
0.0922585
0.0929566
0.129514
0.138816
0.137635
0.138906
0.0935684
0.0942059
0.00579788
0.0788424
0.00594482
0.0946405
0.107108
0.108937
0.109295
0.0881875
0.0891585
0.100327
0.0717559
0.0645395
0.0687269
0.0971009
0.0938679
0.0811958
0.10553
0.107953
0.103354
0.110458
0.111104
0.108382
0.11122
0.112325
0.111852
0.117892
0.127919
0.1234
0.117307
0.130274
0.136543
0.117771
0.122214
0.125987
0.111978
0.112386
0.109716
0.112959
0.113131
0.112986
0.127369
0.131359
0.131783
0.126953
0.131211
0.134884
0.11295
0.113419
0.110747
0.114788
0.114741
0.114176
0.134458
0.131004
0.137054
0.135128
0.129179
0.0830087
0.129718
0.130793
0.133471
0.113764
0.115738
0.130145
0.101147
0.111477
0.0460157
0.108696
0.067439
0.0378874
0.0211601
0.119266
0.0881314
0.0306108
0.0231526
0.170227
0.125994
0.120845
0.0478062
0.122727
0.119149
0.152011
0.118164
0.180016
0.0741764
0.111153
0.0609921
0.0479175
0.020164
0.0491381
0.0206301
0.0492682
0.020809
0.0494755
0.0204572
0.0484463
0.0203605
0.0493804
0.020809
0.0495385
0.0207423
0.0265185
0.0287135
0.0248275
0.0124213
0.0949935
0.0747146
0.193604
0.0786859
0.0194479
0.0271972
)
;

boundaryField
{
    inlet
    {
        type            zeroGradient;
    }
    outlet
    {
        type            zeroGradient;
    }
    wall
    {
        type            zeroGradient;
    }
    empty_zmin
    {
        type            empty;
    }
    empty_zmax
    {
        type            empty;
    }
    procBoundary0to1
    {
        type            processor;
        value           nonuniform List<scalar> 
39
(
0.0610705
0.0598661
0.0588961
0.0577713
0.0568374
0.0561772
0.0556546
0.0553461
0.110021
0.0888138
0.107632
0.0400104
0.0154581
0.0589011
0.0602112
0.0624092
0.0649529
0.0678666
0.0627822
0.111461
0.114714
0.0589011
0.138068
0.0845731
0.0119634
0.00910977
0.0897777
0.0647201
0.0647201
0.00657994
0.00746329
0.0949729
0.0130998
0.131174
0.12896
0.11408
0.114983
0.0492801
0.0200455
)
;
    }
}


// ************************************************************************* //
